1, 1, 52
1, 10, 16
1, 10, 25
1, 12, 27
1, 16, 11
1, 16, 55
1, 27, 48
1, 38, 3
1, 42, 6
1, 46, 18
1, 50, 3
1, 62, 31
1, 62, 37
1, 68, 50
1, 69, 11
1, 71, 32
1, 73, 39
1, 82, 58
1, 88, 44
1, 89, 43
1, 96, 5
1, 101, 58
1, 102, 8
1, 103, 5
1, 107, 9
1, 113, 22
1, 114, 46
1, 115, 51
1, 116, 48
1, 128, 35
1, 130, 29
1, 132, 32
1, 134, 48
1, 139, 9
1, 140, 21
1, 145, 24
1, 149, 53
1, 152, 35
1, 171, 49
1, 177, 4
1, 186, 8
1, 190, 6
1, 202, 19
1, 206, 8
1, 209, 52
1, 212, 31
1, 213, 56
1, 218, 47
1, 230, 14
1, 234, 31
1, 236, 44
1, 238, 38
1, 245, 25
1, 245, 44
1, 249, 49
1, 253, 11
1, 257, 18
1, 259, 23
1, 259, 37
1, 264, 56
1, 265, 50
1, 268, 9
1, 270, 25
1, 270, 27
1, 282, 33
1, 286, 41
1, 297, 22
1, 299, 3
1, 300, 55
1, 303, 32
1, 312, 27
1, 330, 46
1, 333, 29
1, 334, 21
1, 341, 48
1, 353, 19
1, 363, 47
1, 366, 18
1, 376, 43
1, 378, 58
1, 389, 39
1, 392, 51
1, 402, 60
1, 403, 57
1, 411, 35
1, 419, 24
1, 457, 38
1, 463, 32
1, 470, 46
1, 480, 27
1, 481, 33
1, 509, 31
1, 514, 48
1, 520, 49
1, 523, 55
1, 523, 58
1, 525, 16
1, 526, 55
1, 530, 15
1, 532, 47
1, 538, 16
1, 540, 14
1, 541, 5
1, 541, 56
1, 543, 44
1, 555, 33
1, 557, 11
1, 561, 8
1, 562, 50
1, 572, 9
1, 573, 53
1, 578, 57
1, 582, 41
1, 583, 11
1, 585, 57
1, 593, 29
1, 599, 25
1, 611, 37
1, 612, 6
1, 625, 4
1, 626, 23
1, 628, 44
1, 629, 8
1, 629, 27
1, 631, 19
1, 639, 16
1, 640, 37
1, 642, 58
1, 646, 46
1, 653, 48
1, 658, 11
1, 660, 52
1, 666, 38
1, 668, 43
1, 669, 22
1, 676, 3
1, 681, 18
1, 682, 3
1, 690, 21
1, 698, 5
1, 704, 35
1, 708, 47
1, 712, 11
1, 714, 55
1, 722, 37
1, 726, 9
1, 731, 57
1, 737, 56
1, 740, 14
1, 742, 19
1, 743, 4
1, 751, 32
1, 767, 15
1, 774, 16
1, 778, 46
1, 789, 31
1, 790, 43
1, 794, 23
1, 794, 41
2, 5, 5
2, 5, 28
2, 5, 40
2, 8, 7
2, 14, 57
2, 18, 13
2, 19, 45
2, 25, 8
2, 30, 6
2, 38, 50
2, 40, 31
2, 51, 54
2, 52, 50
2, 54, 43
2, 62, 56
2, 67, 21
2, 79, 29
2, 82, 25
2, 88, 9
2, 90, 35
2, 90, 51
2, 92, 24
2, 94, 18
2, 94, 52
2, 104, 55
2, 106, 5
2, 109, 55
2, 112, 6
2, 115, 12
2, 117, 7
2, 120, 1
2, 122, 11
2, 122, 45
2, 128, 13
2, 132, 46
2, 133, 33
2, 136, 20
2, 136, 47
2, 137, 30
2, 151, 2
2, 151, 28
2, 152, 9
2, 155, 56
2, 159, 44
2, 166, 34
2, 167, 6
2, 173, 31
2, 180, 37
2, 185, 26
2, 200, 25
2, 200, 50
2, 201, 42
2, 204, 16
2, 207, 8
2, 209, 20
2, 214, 9
2, 216, 14
2, 219, 21
2, 224, 20
2, 224, 57
2, 230, 14
2, 243, 50
2, 250, 36
2, 252, 3
2, 252, 40
2, 258, 26
2, 262, 28
2, 262, 45
2, 265, 33
2, 267, 12
2, 272, 49
2, 274, 38
2, 276, 5
2, 278, 50
2, 279, 11
2, 279, 22
2, 281, 13
2, 293, 38
2, 300, 18
2, 301, 51
2, 304, 34
2, 310, 29
2, 311, 39
2, 312, 43
2, 317, 31
2, 324, 33
2, 334, 58
2, 341, 47
2, 357, 56
2, 358, 52
2, 363, 49
2, 366, 30
2, 370, 28
2, 372, 54
2, 373, 21
2, 378, 46
2, 388, 58
2, 390, 50
2, 396, 55
2, 398, 35
2, 403, 28
2, 406, 37
2, 408, 46
2, 409, 40
2, 432, 44
2, 440, 42
2, 443, 39
2, 449, 57
2, 464, 49
2, 466, 24
2, 476, 51
2, 484, 47
2, 490, 36
2, 499, 38
2, 503, 56
2, 506, 25
2, 512, 18
2, 514, 21
2, 517, 8
2, 517, 58
2, 518, 32
2, 519, 43
2, 531, 12
2, 532, 33
2, 534, 45
2, 542, 1
2, 542, 7
2, 542, 34
2, 550, 2
2, 552, 26
2, 554, 9
2, 554, 38
2, 555, 13
2, 561, 20
2, 566, 46
2, 573, 22
2, 574, 16
2, 579, 31
2, 579, 44
2, 584, 3
2, 593, 11
2, 595, 20
2, 598, 39
2, 599, 5
2, 600, 58
2, 605, 51
2, 606, 12
2, 607, 14
2, 610, 35
2, 617, 12
2, 617, 25
2, 619, 47
2, 624, 56
2, 631, 6
2, 638, 26
2, 654, 9
2, 659, 16
2, 665, 42
2, 666, 57
2, 668, 38
2, 675, 12
2, 679, 52
2, 688, 18
2, 697, 34
2, 697, 54
2, 701, 50
2, 702, 43
2, 705, 13
2, 710, 45
2, 714, 5
2, 720, 29
2, 725, 25
2, 729, 38
2, 731, 8
2, 743, 32
2, 745, 35
2, 750, 20
2, 750, 44
2, 751, 31
2, 754, 21
2, 757, 2
2, 758, 47
2, 759, 26
2, 761, 5
2, 762, 49
2, 763, 38
2, 763, 45
2, 768, 57
2, 772, 28
2, 773, 26
2, 773, 33
2, 776, 3
2, 779, 9
2, 788, 16
2, 788, 42
3, 1, 52
3, 3, 29
3, 9, 22
3, 11, 43
3, 12, 37
3, 20, 46
3, 21, 18
3, 26, 52
3, 29, 32
3, 41, 3
3, 44, 5
3, 45, 38
3, 46, 47
3, 50, 11
3, 57, 21
3, 62, 16
3, 65, 25
3, 67, 2
3, 69, 2
3, 73, 53
3, 74, 28
3, 74, 35
3, 75, 15
3, 85, 15
3, 90, 29
3, 93, 20
3, 93, 42
3, 99, 36
3, 100, 47
3, 102, 26
3, 105, 49
3, 106, 14
3, 113, 27
3, 114, 5
3, 116, 33
3, 117, 22
3, 124, 31
3, 128, 2
3, 139, 27
3, 141, 51
3, 142, 37
3, 145, 43
3, 150, 12
3, 159, 8
3, 166, 56
3, 169, 30
3, 174, 23
3, 175, 41
3, 179, 6
3, 182, 1
3, 182, 32
3, 184, 18
3, 184, 46
3, 187, 30
3, 190, 55
3, 200, 20
3, 205, 36
3, 206, 47
3, 211, 10
3, 220, 1
3, 221, 28
3, 229, 52
3, 230, 46
3, 234, 15
3, 235, 4
3, 238, 22
3, 239, 43
3, 243, 15
3, 246, 21
3, 246, 49
3, 253, 33
3, 255, 19
3, 255, 38
3, 267, 11
3, 267, 42
3, 268, 8
3, 268, 29
3, 275, 46
3, 275, 56
3, 276, 49
3, 284, 3
3, 285, 31
3, 293, 40
3, 296, 23
3, 300, 30
3, 305, 38
3, 320, 53
3, 335, 32
3, 337, 25
3, 348, 41
3, 348, 51
3, 349, 39
3, 353, 35
3, 361, 20
3, 375, 31
3, 381, 14
3, 386, 36
3, 405, 49
3, 409, 37
3, 415, 26
3, 419, 33
3, 421, 44
3, 424, 37
3, 429, 36
3, 436, 30
3, 439, 56
3, 442, 50
3, 452, 22
3, 461, 26
3, 466, 29
3, 471, 16
3, 476, 43
3, 477, 21
3, 478, 47
3, 482, 55
3, 485, 51
3, 488, 40
3, 489, 42
3, 490, 39
3, 491, 53
3, 492, 37
3, 496, 52
3, 502, 19
3, 502, 46
3, 506, 41
3, 515, 38
3, 516, 2
3, 516, 12
3, 516, 23
3, 516, 49
3, 517, 18
3, 530, 16
3, 532, 45
3, 533, 27
3, 534, 36
3, 537, 5
3, 537, 35
3, 539, 32
3, 543, 56
3, 552, 10
3, 552, 33
3, 553, 53
3, 554, 28
3, 556, 39
3, 559, 44
3, 564, 31
3, 564, 51
3, 570, 15
3, 571, 6
3, 573, 25
3, 576, 25
3, 595, 18
3, 595, 46
3, 598, 12
3, 599, 45
3, 603, 4
3, 603, 39
3, 607, 50
3, 608, 14
3, 608, 21
3, 618, 28
3, 629, 3
3, 633, 47
3, 644, 11
3, 647, 11
3, 648, 20
3, 650, 22
3, 653, 41
3, 672, 44
3, 681, 8
3, 682, 33
3, 686, 43
3, 691, 36
3, 699, 36
3, 700, 5
3, 704, 19
3, 706, 44
3, 709, 1
3, 712, 21
3, 713, 42
3, 715, 35
3, 720, 32
3, 722, 75
3, 724, 16
3, 728, 37
3, 731, 2
3, 735, 47
3, 737, 31
3, 741, 12
3, 744, 37
3, 754, 26
3, 756, 46
3, 757, 51
3, 761, 55
3, 762, 38
3, 767, 56
3, 773, 22
3, 775, 18
3, 782, 21
3, 784, 11
3, 784, 14
3, 789, 25
3, 792, 5
3, 796, 19
3, 797, 35
4, 1, 4
4, 1, 21
4, 8, 15
4, 18, 48
4, 22, 3
4, 23, 50
4, 26, 42
4, 29, 59
4, 41, 52
4, 47, 34
4, 47, 36
4, 51, 16
4, 59, 5
4, 63, 9
4, 78, 28
4, 79, 8
4, 80, 43
4, 99, 50
4, 104, 7
4, 105, 23
4, 107, 4
4, 108, 19
4, 110, 26
4, 118, 42
4, 118, 53
4, 129, 24
4, 130, 39
4, 131, 2
4, 133, 60
4, 135, 19
4, 137, 15
4, 143, 18
4, 144, 22
4, 168, 1
4, 170, 34
4, 171, 14
4, 177, 59
4, 179, 44
4, 181, 40
4, 183, 24
4, 192, 10
4, 192, 48
4, 199, 2
4, 199, 54
4, 202, 35
4, 204, 32
4, 206, 6
4, 209, 41
4, 210, 25
4, 210, 47
4, 211, 33
4, 218, 61
4, 220, 39
4, 225, 46
4, 226, 20
4, 227, 7
4, 229, 16
4, 232, 3
4, 232, 43
4, 235, 12
4, 237, 10
4, 241, 45
4, 242, 56
4, 245, 3
4, 248, 55
4, 254, 17
4, 255, 25
4, 255, 51
4, 258, 5
4, 267, 1
4, 270, 8
4, 271, 37
4, 273, 34
4, 275, 23
4, 275, 60
4, 278, 36
4, 281, 28
4, 284, 56
4, 289, 42
4, 299, 29
4, 308, 29
4, 313, 32
4, 322, 21
4, 328, 32
4, 331, 35
4, 361, 49
4, 373, 52
4, 376, 27
4, 378, 40
4, 386, 26
4, 386, 28
4, 386, 41
4, 389, 59
4, 395, 19
4, 397, 31
4, 399, 44
4, 406, 54
4, 409, 34
4, 412, 23
4, 413, 39
4, 415, 49
4, 416, 22
4, 427, 14
4, 432, 48
4, 435, 18
4, 439, 20
4, 442, 40
4, 454, 15
4, 454, 60
4, 463, 45
4, 464, 30
4, 465, 46
4, 474, 29
4, 474, 50
4, 476, 53
4, 477, 44
4, 478, 43
4, 498, 24
4, 510, 12
4, 514, 6
4, 519, 41
4, 521, 16
4, 535, 28
4, 535, 47
4, 538, 21
4, 540, 51
4, 544, 42
4, 545, 29
4, 549, 39
4, 553, 25
4, 557, 45
4, 559, 32
4, 565, 5
4, 566, 55
4, 567, 37
4, 569, 4
4, 570, 30
4, 571, 4
4, 571, 23
4, 587, 27
4, 591, 34
4, 597, 9
4, 597, 52
4, 606, 9
4, 613, 12
4, 615, 60
4, 616, 54
4, 618, 18
4, 622, 17
4, 633, 22
4, 634, 44
4, 636, 14
4, 636, 29
4, 636, 46
4, 639, 19
4, 641, 2
4, 642, 26
4, 644, 27
4, 645, 25
4, 645, 54
4, 655, 30
4, 657, 31
4, 660, 36
4, 664, 43
4, 665, 21
4, 665, 53
4, 669, 49
4, 680, 22
4, 680, 43
4, 680, 52
4, 685, 12
4, 688, 4
4, 688, 6
4, 691, 24
4, 692, 56
4, 693, 1
4, 699, 3
4, 699, 10
4, 703, 40
4, 704, 47
4, 715, 52
4, 725, 24
4, 732, 51
4, 738, 28
4, 747, 32
4, 747, 61
4, 750, 11
4, 754, 26
4, 764, 47
4, 770, 39
4, 773, 20
4, 781, 2
4, 782, 15
4, 783, 5
4, 792, 19
4, 795, 37
4, 797, 30
4, 798, 35
5, 3, 28
5, 10, 26
5, 12, 4
5, 14, 5
5, 21, 44
5, 26, 3
5, 27, 49
5, 32, 31
5, 32, 56
5, 34, 6
5, 40, 18
5, 40, 31
5, 41, 18
5, 41, 24
5, 46, 19
5, 46, 33
5, 48, 1
5, 53, 21
5, 55, 54
5, 59, 28
5, 62, 22
5, 67, 2
5, 68, 17
5, 72, 44
5, 77, 8
5, 78, 13
5, 90, 36
5, 90, 46
5, 93, 27
5, 95, 40
5, 101, 26
5, 101, 43
5, 103, 16
5, 103, 38
5, 103, 42
5, 108, 7
5, 118, 29
5, 120, 3
5, 122, 41
5, 124, 50
5, 125, 23
5, 131, 4
5, 143, 11
5, 145, 34
5, 145, 49
5, 152, 7
5, 156, 30
5, 166, 10
5, 169, 56
5, 172, 32
5, 173, 37
5, 175, 21
5, 180, 28
5, 199, 28
5, 200, 7
5, 208, 19
5, 211, 3
5, 212, 6
5, 212, 17
5, 219, 31
5, 219, 38
5, 220, 51
5, 223, 1
5, 224, 40
5, 225, 15
5, 227, 18
5, 233, 54
5, 234, 12
5, 237, 11
5, 237, 29
5, 245, 36
5, 246, 46
5, 253, 14
5, 255, 21
5, 255, 26
5, 256, 24
5, 259, 42
5, 260, 47
5, 263, 27
5, 266, 24
5, 267, 10
5, 270, 20
5, 271, 5
5, 282, 1
5, 284, 47
5, 285, 51
5, 289, 32
5, 290, 47
5, 291, 45
5, 293, 22
5, 294, 33
5, 298, 30
5, 299, 7
5, 299, 41
5, 303, 31
5, 312, 19
5, 313, 16
5, 313, 32
5, 315, 49
5, 316, 44
5, 317, 51
5, 326, 39
5, 329, 24
5, 345, 42
5, 346, 36
5, 374, 33
5, 379, 40
5, 382, 37
5, 383, 28
5, 395, 43
5, 396, 30
5, 397, 21
5, 398, 20
5, 401, 50
5, 402, 28
5, 404, 34
5, 411, 29
5, 412, 15
5, 445, 44
5, 449, 16
5, 451, 36
5, 456, 31
5, 457, 58
5, 459, 56
5, 466, 38
5, 481, 23
5, 487, 32
5, 487, 38
5, 495, 35
5, 499, 14
5, 500, 4
5, 503, 40
5, 505, 14
5, 507, 49
5, 509, 16
5, 513, 19
5, 517, 8
5, 520, 17
5, 528, 7
5, 528, 17
5, 528, 56
5, 533, 6
5, 535, 19
5, 535, 39
5, 540, 27
5, 543, 11
5, 544, 5
5, 545, 37
5, 549, 4
5, 550, 33
5, 551, 30
5, 552, 12
5, 553, 26
5, 555, 18
5, 555, 46
5, 556, 15
5, 561, 41
5, 572, 45
5, 572, 50
5, 573, 1
5, 579, 12
5, 579, 22
5, 582, 13
5, 585, 23
5, 585, 54
5, 586, 14
5, 587, 47
5, 589, 2
5, 589, 20
5, 593, 18
5, 595, 3
5, 597, 10
5, 603, 24
5, 609, 44
5, 609, 58
5, 612, 20
5, 617, 37
5, 618, 7
5, 620, 50
5, 626, 58
5, 629, 47
5, 630, 19
5, 633, 16
5, 643, 42
5, 645, 42
5, 648, 31
5, 652, 17
5, 652, 51
5, 654, 40
5, 655, 11
5, 658, 31
5, 664, 6
5, 667, 26
5, 669, 36
5, 671, 4
5, 674, 32
5, 676, 38
5, 683, 27
5, 684, 28
5, 686, 23
5, 692, 6
5, 692, 34
5, 695, 7
5, 698, 32
5, 701, 36
5, 702, 16
5, 704, 18
5, 704, 30
5, 714, 43
5, 716, 27
5, 720, 50
5, 726, 33
5, 739, 47
5, 742, 3
5, 750, 35
5, 751, 32
5, 754, 14
5, 765, 49
5, 767, 40
5, 768, 8
5, 770, 10
5, 770, 13
5, 779, 45
5, 780, 31
5, 784, 39
5, 789, 54
5, 789, 58
5, 795, 26
5, 795, 56
6, 4, 33
6, 4, 43
6, 7, 47
6, 21, 54
6, 26, 35
6, 29, 27
6, 34, 40
6, 44, 47
6, 49, 19
6, 49, 51
6, 53, 19
6, 61, 2
6, 62, 34
6, 68, 15
6, 68, 22
6, 77, 3
6, 84, 4
6, 86, 33
6, 89, 12
6, 123, 20
6, 125, 35
6, 128, 42
6, 132, 31
6, 146, 25
6, 149, 13
6, 149, 30
6, 153, 1
6, 155, 47
6, 157, 37
6, 157, 57
6, 160, 21
6, 160, 24
6, 163, 6
6, 163, 54
6, 165, 59
6, 166, 52
6, 172, 55
6, 174, 19
6, 175, 9
6, 175, 46
6, 176, 17
6, 181, 4
6, 188, 41
6, 194, 2
6, 194, 27
6, 195, 8
6, 211, 10
6, 211, 46
6, 213, 22
6, 213, 37
6, 216, 47
6, 218, 53
6, 219, 16
6, 225, 58
6, 226, 53
6, 238, 34
6, 240, 38
6, 256, 51
6, 268, 52
6, 275, 55
6, 278, 50
6, 282, 49
6, 283, 14
6, 284, 6
6, 291, 12
6, 294, 3
6, 305, 15
6, 305, 55
6, 309, 30
6, 327, 53
6, 331, 24
6, 335, 33
6, 335, 45
6, 339, 35
6, 340, 57
6, 341, 49
6, 355, 35
6, 357, 59
6, 363, 36
6, 365, 42
6, 370, 48
6, 378, 58
6, 382, 41
6, 391, 31
6, 393, 52
6, 401, 41
6, 402, 25
6, 416, 50
6, 427, 37
6, 429, 21
6, 431, 38
6, 444, 58
6, 450, 40
6, 456, 45
6, 461, 24
6, 463, 54
6, 467, 27
6, 467, 47
6, 479, 38
6, 480, 31
6, 485, 34
6, 490, 46
6, 493, 51
6, 495, 19
6, 497, 4
6, 497, 42
6, 505, 17
6, 509, 59
6, 514, 53
6, 516, 9
6, 522, 37
6, 522, 55
6, 523, 16
6, 529, 1
6, 529, 38
6, 530, 22
6, 531, 43
6, 537, 20
6, 548, 41
6, 553, 43
6, 554, 52
6, 557, 19
6, 567, 30
6, 568, 35
6, 571, 57
6, 573, 16
6, 581, 40
6, 583, 59
6, 585, 13
6, 590, 47
6, 591, 50
6, 595, 55
6, 607, 25
6, 612, 2
6, 614, 35
6, 615, 21
6, 617, 51
6, 619, 1
6, 620, 48
6, 622, 33
6, 626, 6
6, 629, 17
6, 639, 16
6, 645, 30
6, 646, 10
6, 656, 4
6, 658, 9
6, 658, 36
6, 660, 42
6, 661, 14
6, 668, 37
6, 676, 27
6, 688, 34
6, 688, 45
6, 689, 17
6, 690, 40
6, 694, 54
6, 698, 48
6, 700, 3
6, 716, 8
6, 721, 12
6, 722, 33
6, 725, 41
6, 730, 30
6, 731, 46
6, 732, 9
6, 734, 20
6, 740, 55
6, 741, 31
6, 746, 6
6, 746, 43
6, 749, 50
6, 753, 16
6, 774, 17
6, 774, 51
6, 776, 51
6, 779, 55
6, 785, 37
6, 785, 49
6, 785, 59
6, 786, 16
6, 790, 35
6, 790, 58
6, 791, 2
6, 792, 10
7, 4, 42
7, 9, 8
7, 15, 40
7, 20, 57
7, 27, 35
7, 29, 19
7, 31, 36
7, 32, 26
7, 34, 2
7, 40, 41
7, 48, 4
7, 50, 14
7, 53, 31
7, 54, 56
7, 58, 26
7, 62, 22
7, 65, 3
7, 68, 24
7, 68, 55
7, 78, 18
7, 78, 39
7, 79, 16
7, 82, 54
7, 83, 7
7, 87, 12
7, 92, 58
7, 94, 49
7, 97, 22
7, 98, 19
7, 105, 50
7, 112, 46
7, 113, 12
7, 116, 8
7, 116, 23
7, 119, 9
7, 120, 35
7, 122, 36
7, 123, 27
7, 123, 37
7, 125, 34
7, 134, 17
7, 135, 24
7, 135, 48
7, 138, 25
7, 141, 54
7, 144, 55
7, 148, 9
7, 151, 21
7, 163, 40
7, 164, 32
7, 167, 6
7, 172, 13
7, 179, 44
7, 186, 47
7, 190, 40
7, 191, 39
7, 204, 49
7, 209, 18
7, 216, 22
7, 223, 4
7, 228, 6
7, 229, 19
7, 233, 35
7, 240, 30
7, 249, 43
7, 264, 2
7, 264, 11
7, 265, 4
7, 273, 25
7, 288, 57
7, 289, 24
7, 289, 48
7, 292, 27
7, 296, 47
7, 298, 8
7, 299, 53
7, 307, 16
7, 307, 27
7, 308, 42
7, 311, 50
7, 325, 23
7, 326, 34
7, 328, 32
7, 339, 54
7, 343, 49
7, 344, 36
7, 356, 26
7, 366, 31
7, 371, 31
7, 376, 37
7, 379, 21
7, 383, 55
7, 388, 41
7, 394, 24
7, 406, 50
7, 424, 42
7, 433, 37
7, 434, 40
7, 449, 44
7, 458, 17
7, 470, 49
7, 484, 48
7, 488, 58
7, 492, 58
7, 494, 53
7, 496, 35
7, 498, 46
7, 499, 22
7, 503, 34
7, 505, 3
7, 511, 9
7, 512, 7
7, 514, 32
7, 515, 54
7, 519, 39
7, 520, 39
7, 531, 25
7, 532, 31
7, 533, 6
7, 537, 17
7, 538, 9
7, 539, 35
7, 540, 21
7, 542, 51
7, 544, 23
7, 547, 55
7, 549, 22
7, 557, 43
7, 559, 14
7, 568, 47
7, 570, 19
7, 583, 2
7, 583, 4
7, 587, 26
7, 589, 51
7, 592, 36
7, 596, 18
7, 601, 40
7, 607, 24
7, 609, 32
7, 612, 41
7, 615, 7
7, 619, 55
7, 621, 21
7, 625, 27
7, 638, 58
7, 644, 22
7, 645, 8
7, 650, 6
7, 652, 32
7, 654, 37
7, 655, 44
7, 665, 14
7, 669, 53
7, 673, 3
7, 680, 34
7, 680, 39
7, 682, 19
7, 686, 7
7, 686, 9
7, 689, 11
7, 699, 48
7, 705, 50
7, 709, 49
7, 710, 17
7, 717, 2
7, 722, 42
7, 729, 46
7, 730, 16
7, 732, 35
7, 743, 25
7, 744, 27
7, 744, 54
7, 745, 53
7, 756, 51
7, 758, 40
7, 769, 8
7, 777, 44
7, 778, 55
7, 781, 13
7, 796, 26
7, 799, 22
8, 2, 14
8, 2, 25
8, 2, 55
8, 8, 52
8, 9, 13
8, 14, 36
8, 16, 20
8, 19, 27
8, 20, 2
8, 22, 8
8, 22, 21
8, 23, 40
8, 24, 11
8, 25, 1
8, 25, 45
8, 30, 48
8, 39, 24
8, 40, 41
8, 47, 26
8, 59, 19
8, 61, 14
8, 64, 42
8, 75, 7
8, 79, 60
8, 81, 44
8, 90, 14
8, 93, 9
8, 94, 11
8, 96, 43
8, 98, 56
8, 100, 35
8, 102, 39
8, 106, 32
8, 110, 48
8, 116, 5
8, 122, 59
8, 124, 16
8, 128, 42
8, 136, 37
8, 138, 24
8, 140, 25
8, 144, 29
8, 149, 53
8, 152, 3
8, 159, 55
8, 164, 7
8, 168, 27
8, 170, 23
8, 174, 50
8, 175, 46
8, 181, 54
8, 186, 2
8, 189, 33
8, 193, 18
8, 199, 12
8, 201, 60
8, 204, 37
8, 205, 45
8, 206, 48
8, 208, 23
8, 209, 2
8, 210, 5
8, 213, 28
8, 215, 37
8, 218, 2
8, 227, 22
8, 241, 13
8, 251, 41
8, 253, 49
8, 255, 1
8, 259, 13
8, 259, 36
8, 259, 43
8, 263, 15
8, 265, 35
8, 266, 42
8, 268, 56
8, 284, 12
8, 288, 45
8, 290, 26
8, 291, 8
8, 299, 44
8, 316, 52
8, 318, 48
8, 324, 47
8, 335, 54
8, 337, 45
8, 339, 59
8, 345, 40
8, 347, 15
8, 353, 39
8, 361, 27
8, 367, 55
8, 370, 57
8, 371, 39
8, 384, 29
8, 393, 39
8, 396, 55
8, 400, 25
8, 404, 16
8, 406, 37
8, 407, 43
8, 409, 53
8, 410, 50
8, 416, 22
8, 417, 18
8, 417, 43
8, 425, 54
8, 430, 56
8, 431, 33
8, 436, 43
8, 437, 28
8, 439, 24
8, 452, 32
8, 454, 46
8, 463, 23
8, 472, 18
8, 478, 64
8, 482, 5
8, 487, 45
8, 488, 22
8, 497, 32
8, 497, 52
8, 499, 26
8, 503, 41
8, 506, 28
8, 508, 11
8, 508, 56
8, 508, 59
8, 509, 29
8, 519, 9
8, 524, 49
8, 526, 42
8, 528, 7
8, 532, 11
8, 533, 48
8, 541, 33
8, 546, 22
8, 548, 59
8, 555, 25
8, 557, 35
8, 562, 54
8, 566, 40
8, 566, 57
8, 575, 3
8, 595, 2
8, 602, 8
8, 603, 29
8, 607, 14
8, 607, 19
8, 607, 22
8, 611, 27
8, 611, 32
8, 611, 47
8, 612, 24
8, 614, 50
8, 620, 11
8, 620, 53
8, 625, 43
8, 625, 55
8, 626, 52
8, 631, 36
8, 632, 15
8, 636, 49
8, 650, 46
8, 662, 43
8, 665, 13
8, 666, 54
8, 680, 3
8, 685, 1
8, 685, 16
8, 688, 35
8, 689, 23
8, 690, 5
8, 702, 26
8, 716, 5
8, 717, 35
8, 720, 45
8, 721, 25
8, 728, 57
8, 731, 44
8, 733, 50
8, 734, 11
8, 735, 7
8, 736, 41
8, 737, 46
8, 739, 8
8, 742, 23
8, 747, 28
8, 747, 32
8, 747, 37
8, 749, 56
8, 750, 22
8, 756, 55
8, 757, 45
8, 760, 2
8, 764, 39
8, 768, 41
8, 772, 12
8, 772, 24
8, 776, 42
8, 778, 29
8, 781, 48
8, 797, 5
9, 4, 55
9, 8, 39
9, 9, 36
9, 12, 40
9, 28, 17
9, 34, 11
9, 35, 44
9, 44, 46
9, 45, 21
9, 49, 13
9, 50, 55
9, 51, 57
9, 56, 23
9, 61, 33
9, 65, 54
9, 66, 43
9, 69, 17
9, 69, 44
9, 76, 30
9, 77, 12
9, 78, 20
9, 87, 29
9, 91, 42
9, 93, 58
9, 99, 3
9, 101, 7
9, 104, 50
9, 127, 25
9, 127, 27
9, 130, 54
9, 134, 9
9, 138, 18
9, 141, 37
9, 144, 48
9, 146, 36
9, 151, 41
9, 154, 59
9, 155, 6
9, 156, 10
9, 160, 34
9, 161, 38
9, 174, 35
9, 176, 10
9, 183, 28
9, 185, 57
9, 189, 39
9, 193, 40
9, 196, 54
9, 207, 12
9, 209, 30
9, 215, 9
9, 217, 50
9, 221, 5
9, 231, 17
9, 235, 31
9, 244, 58
9, 245, 1
9, 246, 21
9, 247, 46
9, 250, 3
9, 254, 23
9, 256, 26
9, 259, 23
9, 259, 29
9, 261, 16
9, 270, 37
9, 277, 9
9, 278, 19
9, 283, 46
9, 286, 11
9, 289, 31
9, 293, 18
9, 294, 7
9, 297, 48
9, 313, 56
9, 315, 49
9, 321, 43
9, 349, 25
9, 360, 27
9, 362, 33
9, 363, 41
9, 364, 30
9, 372, 57
9, 380, 54
9, 381, 26
9, 386, 34
9, 391, 38
9, 394, 45
9, 398, 29
9, 404, 42
9, 411, 28
9, 413, 50
9, 426, 30
9, 428, 35
9, 433, 59
9, 434, 59
9, 435, 36
9, 435, 40
9, 440, 48
9, 443, 34
9, 445, 58
9, 459, 36
9, 461, 55
9, 476, 31
9, 480, 33
9, 480, 34
9, 482, 57
9, 500, 37
9, 528, 16
9, 530, 10
9, 531, 54
9, 534, 9
9, 537, 43
9, 543, 61
9, 544, 34
9, 547, 35
9, 549, 49
9, 554, 44
9, 560, 39
9, 561, 6
9, 569, 20
9, 571, 23
9, 583, 38
9, 583, 46
9, 583, 49
9, 584, 19
9, 587, 10
9, 589, 3
9, 593, 13
9, 597, 25
9, 597, 33
9, 599, 44
9, 600, 34
9, 604, 41
9, 611, 30
9, 619, 17
9, 620, 29
9, 627, 21
9, 629, 40
9, 630, 5
9, 632, 2
9, 634, 6
9, 635, 20
9, 635, 50
9, 639, 5
9, 639, 57
9, 641, 58
9, 646, 59
9, 649, 27
9, 655, 9
9, 655, 44
9, 658, 17
9, 665, 36
9, 666, 7
9, 668, 31
9, 675, 7
9, 679, 56
9, 682, 12
9, 685, 48
9, 686, 9
9, 688, 2
9, 688, 18
9, 688, 26
9, 702, 28
9, 707, 23
9, 711, 35
9, 712, 37
9, 714, 54
9, 716, 6
9, 722, 41
9, 732, 42
9, 732, 46
9, 737, 27
9, 740, 45
9, 746, 7
9, 747, 1
9, 761, 27
9, 767, 44
9, 767, 49
9, 778, 54
9, 779, 17
9, 785, 50
9, 792, 40
10, 4, 47
10, 8, 29
10, 11, 6
10, 11, 55
10, 12, 7
10, 14, 48
10, 15, 25
10, 19, 13
10, 19, 42
10, 20, 58
10, 28, 37
10, 30, 5
10, 34, 28
10, 34, 53
10, 36, 19
10, 37, 4
10, 39, 2
10, 46, 46
10, 59, 34
10, 60, 5
10, 64, 38
10, 65, 51
10, 73, 40
10, 88, 9
10, 98, 56
10, 111, 34
10, 116, 10
10, 117, 16
10, 119, 2
10, 124, 6
10, 126, 47
10, 127, 38
10, 133, 8
10, 136, 58
10, 141, 23
10, 147, 6
10, 147, 12
10, 149, 35
10, 149, 54
10, 151, 19
10, 155, 42
10, 160, 29
10, 161, 48
10, 161, 51
10, 163, 36
10, 166, 52
10, 167, 24
10, 170, 30
10, 170, 57
10, 172, 5
10, 172, 39
10, 173, 20
10, 177, 2
10, 180, 26
10, 181, 45
10, 184, 21
10, 187, 49
10, 188, 51
10, 192, 11
10, 198, 44
10, 199, 17
10, 209, 55
10, 216, 54
10, 217, 5
10, 219, 28
10, 220, 62
10, 226, 13
10, 249, 31
10, 250, 7
10, 252, 40
10, 253, 25
10, 253, 46
10, 260, 6
10, 260, 47
10, 264, 52
10, 276, 15
10, 276, 53
10, 279, 12
10, 283, 48
10, 287, 36
10, 288, 4
10, 289, 29
10, 293, 5
10, 293, 38
10, 293, 58
10, 299, 23
10, 301, 35
10, 306, 63
10, 315, 26
10, 316, 36
10, 318, 16
10, 323, 34
10, 327, 21
10, 337, 24
10, 340, 30
10, 340, 39
10, 341, 20
10, 349, 37
10, 353, 56
10, 359, 45
10, 371, 57
10, 381, 42
10, 381, 51
10, 385, 19
10, 387, 58
10, 393, 53
10, 397, 57
10, 411, 39
10, 411, 57
10, 421, 45
10, 423, 46
10, 425, 40
10, 427, 26
10, 427, 49
10, 429, 54
10, 434, 48
10, 434, 55
10, 439, 39
10, 443, 44
10, 450, 53
10, 453, 31
10, 457, 62
10, 464, 38
10, 465, 47
10, 469, 21
10, 469, 52
10, 473, 28
10, 479, 17
10, 479, 42
10, 490, 51
10, 491, 54
10, 493, 16
10, 497, 48
10, 499, 57
10, 509, 17
10, 512, 5
10, 515, 40
10, 519, 15
10, 519, 52
10, 524, 37
10, 529, 13
10, 531, 29
10, 535, 10
10, 549, 45
10, 552, 12
10, 553, 32
10, 554, 2
10, 557, 36
10, 562, 7
10, 564, 44
10, 565, 8
10, 568, 15
10, 571, 6
10, 572, 24
10, 574, 36
10, 576, 20
10, 584, 28
10, 586, 38
10, 590, 39
10, 593, 4
10, 595, 26
10, 598, 54
10, 601, 34
10, 616, 55
10, 618, 31
10, 627, 23
10, 627, 53
10, 627, 55
10, 629, 35
10, 631, 48
10, 634, 5
10, 643, 56
10, 648, 40
10, 649, 46
10, 650, 21
10, 652, 5
10, 652, 19
10, 653, 11
10, 657, 24
10, 658, 16
10, 659, 52
10, 665, 37
10, 669, 25
10, 674, 30
10, 674, 45
10, 678, 4
10, 693, 49
10, 694, 11
10, 696, 15
10, 701, 40
10, 709, 10
10, 717, 8
10, 719, 13
10, 719, 53
10, 728, 5
10, 732, 44
10, 737, 7
10, 742, 54
10, 746, 10
10, 749, 47
10, 752, 17
10, 757, 28
10, 759, 23
10, 765, 30
10, 768, 31
10, 771, 2
10, 778, 32
10, 778, 36
10, 789, 55
10, 793, 57
10, 796, 38
10, 799, 4
11, 5, 31
11, 8, 17
11, 14, 14
11, 16, 61
11, 17, 50
11, 26, 34
11, 33, 35
11, 34, 56
11, 42, 24
11, 44, 43
11, 46, 22
11, 46, 55
11, 52, 44
11, 57, 9
11, 66, 18
11, 66, 30
11, 68, 2
11, 78, 48
11, 78, 58
11, 87, 10
11, 92, 28
11, 97, 61
11, 98, 57
11, 107, 24
11, 108, 7
11, 113, 9
11, 115, 46
11, 117, 52
11, 118, 6
11, 122, 21
11, 126, 32
11, 133, 12
11, 134, 14
11, 135, 22
11, 137, 32
11, 137, 54
11, 140, 21
11, 140, 29
11, 141, 42
11, 159, 54
11, 166, 41
11, 168, 6
11, 174, 27
11, 174, 45
11, 175, 35
11, 178, 10
11, 178, 53
11, 180, 17
11, 185, 34
11, 192, 24
11, 198, 31
11, 202, 3
11, 203, 14
11, 204, 22
11, 206, 28
11, 219, 12
11, 219, 51
11, 225, 38
11, 229, 10
11, 230, 37
11, 231, 2
11, 232, 5
11, 235, 31
11, 235, 43
11, 237, 48
11, 244, 55
11, 247, 55
11, 253, 19
11, 254, 32
11, 257, 7
11, 259, 20
11, 266, 21
11, 269, 29
11, 269, 56
11, 270, 15
11, 270, 50
11, 271, 17
11, 272, 44
11, 274, 58
11, 276, 33
11, 288, 46
11, 289, 11
11, 293, 37
11, 303, 54
11, 305, 9
11, 316, 61
11, 319, 42
11, 322, 45
11, 335, 30
11, 343, 48
11, 346, 57
11, 350, 52
11, 356, 30
11, 357, 31
11, 363, 51
11, 365, 32
11, 369, 35
11, 369, 58
11, 381, 43
11, 400, 38
11, 401, 53
11, 407, 31
11, 409, 20
11, 413, 28
11, 434, 34
11, 443, 24
11, 446, 31
11, 447, 41
11, 447, 54
11, 448, 57
11, 454, 33
11, 469, 55
11, 471, 23
11, 473, 23
11, 473, 29
11, 474, 46
11, 480, 44
11, 486, 27
11, 492, 50
11, 492, 54
11, 507, 6
11, 508, 45
11, 510, 61
11, 515, 48
11, 519, 2
11, 520, 14
11, 522, 19
11, 522, 34
11, 522, 51
11, 531, 22
11, 535, 18
11, 538, 20
11, 541, 46
11, 547, 10
11, 547, 17
11, 562, 56
11, 571, 5
11, 571, 21
11, 573, 9
11, 574, 45
11, 575, 31
11, 578, 52
11, 581, 1
11, 581, 32
11, 582, 33
11, 592, 58
11, 593, 12
11, 593, 24
11, 600, 43
11, 605, 42
11, 607, 41
11, 618, 53
11, 621, 41
11, 622, 10
11, 625, 57
11, 633, 28
11, 635, 11
11, 644, 38
11, 645, 50
11, 649, 28
11, 650, 6
11, 650, 55
11, 656, 30
11, 662, 44
11, 664, 27
11, 678, 61
11, 680, 54
11, 688, 29
11, 697, 48
11, 700, 18
11, 702, 17
11, 703, 14
11, 705, 57
11, 708, 41
11, 711, 31
11, 714, 5
11, 714, 32
11, 718, 51
11, 723, 23
11, 737, 9
11, 745, 31
11, 753, 33
11, 754, 45
11, 757, 2
11, 765, 56
11, 767, 7
11, 768, 53
11, 773, 18
11, 778, 22
11, 780, 51
11, 781, 22
11, 782, 3
11, 782, 22
11, 787, 55
11, 789, 24
11, 793, 4
11, 798, 6
12, 2, 3
12, 2, 17
12, 11, 12
12, 21, 5
12, 22, 33
12, 22, 60
12, 27, 14
12, 32, 8
12, 34, 51
12, 35, 18
12, 38, 21
12, 42, 61
12, 44, 19
12, 51, 52
12, 54, 35
12, 54, 41
12, 58, 45
12, 60, 53
12, 61, 7
12, 67, 45
12, 70, 39
12, 70, 59
12, 72, 33
12, 73, 13
12, 82, 9
12, 88, 1
12, 88, 49
12, 90, 48
12, 98, 36
12, 102, 38
12, 116, 3
12, 116, 13
12, 117, 44
12, 118, 51
12, 120, 18
12, 122, 56
12, 123, 8
12, 128, 1
12, 133, 47
12, 135, 29
12, 136, 8
12, 138, 16
12, 138, 23
12, 139, 30
12, 150, 23
12, 152, 16
12, 155, 34
12, 156, 10
12, 156, 19
12, 159, 27
12, 166, 60
12, 168, 49
12, 172, 43
12, 182, 39
12, 185, 38
12, 185, 42
12, 189, 14
12, 189, 36
12, 189, 52
12, 190, 53
12, 193, 9
12, 198, 25
12, 203, 20
12, 206, 2
12, 208, 8
12, 209, 51
12, 211, 14
12, 213, 56
12, 221, 5
12, 227, 10
12, 247, 3
12, 251, 59
12, 252, 61
12, 254, 28
12, 258, 28
12, 260, 37
12, 262, 15
12, 264, 7
12, 265, 40
12, 267, 21
12, 268, 4
12, 268, 45
12, 273, 26
12, 277, 1
12, 279, 35
12, 289, 19
12, 293, 41
12, 296, 29
12, 297, 18
12, 300, 37
12, 308, 60
12, 309, 51
12, 312, 37
12, 316, 35
12, 321, 41
12, 324, 60
12, 328, 53
12, 337, 45
12, 340, 22
12, 346, 27
12, 356, 22
12, 356, 36
12, 365, 25
12, 366, 48
12, 379, 33
12, 381, 52
12, 391, 43
12, 394, 33
12, 395, 50
12, 395, 54
12, 402, 49
12, 405, 38
12, 406, 33
12, 411, 44
12, 414, 56
12, 420, 34
12, 422, 30
12, 424, 48
12, 432, 31
12, 437, 42
12, 438, 26
12, 441, 39
12, 444, 56
12, 450, 29
12, 455, 43
12, 458, 23
12, 461, 33
12, 463, 27
12, 470, 42
12, 482, 35
12, 482, 60
12, 486, 59
12, 495, 39
12, 505, 16
12, 505, 37
12, 509, 51
12, 514, 28
12, 517, 14
12, 517, 19
12, 520, 21
12, 523, 40
12, 526, 47
12, 527, 18
12, 546, 36
12, 547, 19
12, 551, 47
12, 551, 54
12, 560, 45
12, 562, 9
12, 565, 10
12, 568, 34
12, 571, 25
12, 571, 41
12, 572, 49
12, 578, 18
12, 579, 5
12, 579, 52
12, 581, 48
12, 582, 44
12, 582, 61
12, 596, 4
12, 598, 20
12, 604, 2
12, 604, 38
12, 607, 8
12, 613, 16
12, 617, 3
12, 622, 29
12, 627, 10
12, 631, 52
12, 634, 27
12, 636, 36
12, 637, 56
12, 638, 5
12, 645, 35
12, 646, 1
12, 646, 50
12, 654, 15
12, 655, 28
12, 666, 22
12, 675, 25
12, 677, 36
12, 680, 16
12, 700, 9
12, 703, 7
12, 703, 21
12, 706, 60
12, 711, 10
12, 713, 14
12, 716, 26
12, 717, 18
12, 721, 14
12, 724, 27
12, 727, 21
12, 731, 39
12, 742, 12
12, 743, 7
12, 745, 9
12, 745, 13
12, 749, 19
12, 752, 43
12, 753, 42
12, 756, 40
12, 760, 5
12, 764, 33
12, 766, 18
12, 772, 25
12, 772, 47
12, 782, 15
12, 783, 12
12, 784, 33
13, 6, 44
13, 8, 31
13, 10, 43
13, 19, 24
13, 22, 49
13, 34, 12
13, 51, 22
13, 52, 2
13, 54, 40
13, 54, 46
13, 55, 24
13, 63, 13
13, 65, 15
13, 65, 48
13, 69, 15
13, 76, 59
13, 79, 12
13, 80, 25
13, 107, 10
13, 114, 38
13, 117, 30
13, 128, 32
13, 128, 58
13, 136, 7
13, 137, 18
13, 144, 42
13, 145, 6
13, 152, 15
13, 152, 51
13, 155, 47
13, 164, 51
13, 171, 16
13, 193, 3
13, 197, 39
13, 198, 15
13, 203, 25
13, 208, 27
13, 217, 53
13, 219, 46
13, 226, 20
13, 241, 60
13, 244, 44
13, 246, 25
13, 247, 56
13, 248, 24
13, 256, 49
13, 263, 2
13, 263, 7
13, 266, 31
13, 267, 18
13, 268, 9
13, 270, 44
13, 273, 38
13, 280, 40
13, 282, 37
13, 283, 15
13, 284, 10
13, 285, 22
13, 290, 19
13, 292, 22
13, 295, 21
13, 317, 48
13, 326, 51
13, 329, 27
13, 335, 43
13, 344, 25
13, 344, 58
13, 345, 42
13, 348, 31
13, 356, 53
13, 369, 28
13, 372, 37
13, 375, 30
13, 376, 23
13, 393, 59
13, 399, 38
13, 423, 32
13, 426, 47
13, 430, 40
13, 440, 47
13, 453, 20
13, 457, 46
13, 470, 58
13, 485, 12
13, 489, 49
13, 491, 24
13, 504, 51
13, 506, 47
13, 512, 38
13, 520, 23
13, 521, 13
13, 522, 16
13, 528, 13
13, 531, 18
13, 534, 15
13, 536, 6
13, 540, 44
13, 541, 25
13, 542, 39
13, 543, 17
13, 545, 9
13, 547, 56
13, 549, 30
13, 550, 39
13, 563, 27
13, 565, 31
13, 566, 60
13, 567, 14
13, 568, 53
13, 573, 10
13, 574, 42
13, 585, 6
13, 588, 32
13, 590, 17
13, 591, 22
13, 593, 3
13, 593, 48
13, 599, 20
13, 609, 43
13, 613, 40
13, 615, 7
13, 621, 28
13, 623, 7
13, 625, 36
13, 631, 15
13, 632, 18
13, 635, 30
13, 639, 20
13, 643, 25
13, 651, 21
13, 654, 53
13, 661, 15
13, 665, 59
13, 670, 46
13, 682, 12
13, 689, 59
13, 699, 19
13, 700, 36
13, 701, 14
13, 702, 2
13, 705, 46
13, 709, 38
13, 713, 16
13, 713, 32
13, 714, 24
13, 723, 13
13, 724, 7
13, 730, 31
13, 739, 23
13, 741, 6
13, 741, 44
13, 743, 47
13, 746, 21
13, 760, 36
13, 764, 27
13, 771, 48
13, 774, 39
13, 776, 48
13, 781, 3
13, 783, 9
13, 785, 7
13, 786, 42
13, 786, 43
13, 787, 20
13, 787, 37
13, 791, 15
13, 791, 56
14, 1, 3
14, 15, 51
14, 20, 16
14, 28, 35
14, 34, 50
14, 38, 48
14, 48, 4
14, 54, 26
14, 55, 35
14, 57, 21
14, 60, 12
14, 62, 44
14, 63, 34
14, 63, 47
14, 67, 23
14, 68, 38
14, 74, 14
14, 75, 31
14, 78, 58
14, 80, 60
14, 82, 41
14, 85, 25
14, 97, 5
14, 97, 27
14, 98, 21
14, 99, 15
14, 102, 18
14, 115, 12
14, 116, 10
14, 116, 45
14, 117, 3
14, 119, 57
14, 126, 55
14, 130, 41
14, 137, 48
14, 139, 6
14, 143, 49
14, 151, 54
14, 154, 47
14, 159, 15
14, 161, 30
14, 165, 34
14, 167, 26
14, 168, 10
14, 171, 45
14, 178, 5
14, 178, 13
14, 180, 21
14, 183, 7
14, 184, 51
14, 187, 17
14, 194, 35
14, 194, 46
14, 203, 19
14, 207, 4
14, 211, 22
14, 214, 9
14, 214, 62
14, 221, 20
14, 232, 42
14, 235, 27
14, 239, 27
14, 240, 32
14, 241, 6
14, 241, 24
14, 242, 11
14, 245, 9
14, 245, 59
14, 248, 1
14, 250, 18
14, 255, 8
14, 270, 12
14, 270, 42
14, 281, 33
14, 284, 10
14, 286, 34
14, 287, 3
14, 296, 23
14, 299, 45
14, 304, 16
14, 308, 29
14, 309, 14
14, 324, 44
14, 332, 45
14, 339, 38
14, 343, 25
14, 345, 50
14, 346, 37
14, 370, 57
14, 371, 47
14, 374, 44
14, 375, 31
14, 381, 41
14, 382, 30
14, 385, 46
14, 386, 55
14, 411, 23
14, 413, 21
14, 418, 49
14, 423, 48
14, 435, 35
14, 442, 58
14, 444, 19
14, 445, 46
14, 449, 42
14, 456, 26
14, 456, 32
14, 457, 51
14, 475, 38
14, 479, 47
14, 481, 30
14, 484, 33
14, 486, 23
14, 493, 60
14, 494, 54
14, 500, 29
14, 505, 43
14, 506, 8
14, 514, 48
14, 519, 33
14, 519, 59
14, 527, 45
14, 533, 41
14, 536, 22
14, 538, 20
14, 546, 24
14, 547, 11
14, 547, 51
14, 551, 37
14, 554, 29
14, 560, 10
14, 566, 18
14, 569, 34
14, 573, 27
14, 579, 5
14, 579, 46
14, 583, 1
14, 589, 10
14, 595, 7
14, 597, 50
14, 597, 57
14, 598, 44
14, 604, 15
14, 607, 17
14, 609, 18
14, 610, 6
14, 616, 59
14, 632, 4
14, 632, 38
14, 638, 47
14, 639, 25
14, 641, 7
14, 647, 31
14, 649, 42
14, 649, 58
14, 656, 1
14, 656, 50
14, 657, 3
14, 660, 13
14, 660, 33
14, 666, 14
14, 669, 21
14, 670, 41
14, 671, 36
14, 675, 19
14, 679, 9
14, 680, 14
14, 680, 55
14, 688, 32
14, 698, 49
14, 700, 26
14, 700, 45
14, 702, 1
14, 706, 37
14, 715, 23
14, 717, 6
14, 721, 17
14, 722, 1
14, 727, 20
14, 728, 43
14, 733, 54
14, 734, 46
14, 744, 20
14, 745, 8
14, 750, 41
14, 754, 13
14, 756, 18
14, 757, 11
14, 758, 60
14, 759, 1
14, 760, 12
14, 763, 23
14, 769, 44
14, 770, 57
14, 772, 3
14, 776, 51
14, 777, 33
14, 780, 22
14, 780, 25
14, 782, 37
14, 790, 16
14, 799, 2
14, 799, 30
14, 799, 45
15, 3, 5
15, 3, 24
15, 3, 38
15, 4, 14
15, 11, 52
15, 16, 4
15, 21, 25
15, 24, 43
15, 29, 18
15, 35, 4
15, 43, 48
15, 46, 40
15, 53, 23
15, 63, 7
15, 68, 3
15, 75, 18
15, 79, 42
15, 94, 18
15, 96, 55
15, 101, 2
15, 106, 32
15, 107, 54
15, 109, 59
15, 119, 36
15, 125, 4
15, 125, 9
15, 125, 35
15, 129, 38
15, 131, 39
15, 138, 29
15, 144, 27
15, 147, 13
15, 151, 26
15, 164, 42
15, 165, 8
15, 165, 17
15, 171, 3
15, 171, 23
15, 171, 51
15, 180, 38
15, 190, 7
15, 191, 5
15, 192, 22
15, 193, 57
15, 198, 32
15, 205, 47
15, 208, 33
15, 211, 16
15, 212, 28
15, 214, 1
15, 214, 14
15, 215, 22
15, 217, 56
15, 225, 31
15, 231, 29
15, 234, 15
15, 236, 9
15, 238, 25
15, 238, 52
15, 241, 18
15, 242, 52
15, 250, 59
15, 251, 51
15, 265, 23
15, 277, 43
15, 278, 35
15, 279, 11
15, 282, 54
15, 284, 58
15, 288, 48
15, 290, 24
15, 291, 45
15, 293, 37
15, 297, 6
15, 302, 51
15, 308, 54
15, 312, 42
15, 315, 17
15, 322, 35
15, 329, 43
15, 346, 40
15, 358, 21
15, 362, 28
15, 372, 59
15, 377, 27
15, 378, 39
15, 384, 29
15, 386, 17
15, 393, 58
15, 397, 36
15, 397, 39
15, 417, 37
15, 419, 22
15, 421, 42
15, 425, 47
15, 430, 32
15, 434, 20
15, 438, 57
15, 448, 33
15, 452, 26
15, 458, 46
15, 465, 18
15, 465, 55
15, 477, 44
15, 479, 31
15, 485, 25
15, 492, 42
15, 496, 23
15, 497, 7
15, 497, 43
15, 499, 38
15, 500, 24
15, 504, 28
15, 504, 52
15, 506, 4
15, 509, 52
15, 510, 8
15, 512, 3
15, 512, 48
15, 520, 45
15, 522, 24
15, 525, 9
15, 529, 47
15, 530, 5
15, 531, 2
15, 531, 55
15, 533, 16
15, 537, 1
15, 539, 15
15, 555, 27
15, 565, 13
15, 572, 56
15, 576, 25
15, 587, 14
15, 591, 37
15, 603, 11
15, 609, 21
15, 610, 54
15, 617, 42
15, 619, 31
15, 622, 39
15, 628, 13
15, 628, 33
15, 629, 28
15, 632, 40
15, 634, 32
15, 639, 57
15, 642, 22
15, 642, 52
15, 643, 51
15, 644, 22
15, 648, 15
15, 649, 35
15, 652, 36
15, 652, 48
15, 657, 47
15, 658, 38
15, 659, 20
15, 663, 7
15, 663, 29
15, 666, 14
15, 673, 21
15, 675, 17
15, 676, 44
15, 681, 2
15, 696, 58
15, 697, 52
15, 698, 18
15, 698, 40
15, 699, 28
15, 699, 57
15, 702, 7
15, 703, 6
15, 703, 38
15, 714, 45
15, 715, 18
15, 721, 24
15, 725, 48
15, 732, 8
15, 740, 32
15, 743, 5
15, 759, 6
15, 765, 4
15, 765, 25
15, 772, 11
15, 773, 26
15, 776, 27
15, 785, 2
15, 787, 16
15, 791, 8
15, 791, 27
15, 795, 13
16, 5, 5
16, 8, 2
16, 21, 39
16, 24, 27
16, 26, 1
16, 32, 39
16, 34, 32
16, 44, 52
16, 49, 31
16, 54, 3
16, 60, 33
16, 63, 16
16, 70, 8
16, 72, 17
16, 73, 4
16, 77, 19
16, 84, 55
16, 88, 1
16, 89, 59
16, 91, 42
16, 92, 53
16, 95, 23
16, 112, 27
16, 114, 25
16, 117, 45
16, 119, 15
16, 119, 30
16, 122, 20
16, 128, 5
16, 132, 42
16, 133, 33
16, 136, 35
16, 137, 3
16, 160, 52
16, 165, 14
16, 167, 12
16, 167, 13
16, 168, 4
16, 171, 32
16, 172, 41
16, 175, 34
16, 178, 24
16, 179, 2
16, 185, 27
16, 185, 44
16, 192, 52
16, 196, 29
16, 196, 39
16, 198, 4
16, 201, 49
16, 203, 2
16, 212, 31
16, 213, 48
16, 216, 51
16, 219, 35
16, 223, 49
16, 229, 42
16, 235, 56
16, 238, 41
16, 239, 6
16, 240, 36
16, 243, 1
16, 247, 17
16, 249, 33
16, 251, 30
16, 251, 53
16, 253, 7
16, 253, 39
16, 261, 46
16, 262, 15
16, 266, 47
16, 270, 5
16, 276, 55
16, 289, 24
16, 299, 25
16, 300, 12
16, 306, 23
16, 311, 25
16, 314, 38
16, 317, 29
16, 319, 20
16, 320, 58
16, 322, 50
16, 324, 36
16, 325, 31
16, 333, 34
16, 338, 53
16, 341, 16
16, 349, 27
16, 354, 32
16, 363, 45
16, 364, 14
16, 371, 25
16, 372, 40
16, 388, 59
16, 390, 33
16, 396, 51
16, 398, 52
16, 414, 49
16, 424, 30
16, 425, 48
16, 428, 56
16, 438, 44
16, 448, 47
16, 454, 58
16, 464, 51
16, 466, 40
16, 475, 27
16, 482, 55
16, 483, 33
16, 487, 34
16, 490, 46
16, 491, 42
16, 493, 29
16, 497, 31
16, 498, 35
16, 499, 13
16, 505, 32
16, 505, 41
16, 514, 24
16, 519, 31
16, 520, 8
16, 524, 52
16, 533, 2
16, 534, 36
16, 543, 50
16, 548, 46
16, 550, 4
16, 550, 25
16, 550, 38
16, 553, 15
16, 555, 30
16, 561, 19
16, 565, 38
16, 565, 49
16, 573, 1
16, 576, 50
16, 577, 19
16, 583, 42
16, 584, 55
16, 587, 7
16, 588, 48
16, 588, 53
16, 590, 25
16, 590, 30
16, 593, 51
16, 597, 37
16, 606, 23
16, 607, 17
16, 609, 12
16, 609, 33
16, 609, 45
16, 610, 19
16, 614, 5
16, 619, 16
16, 637, 6
16, 638, 33
16, 650, 12
16, 655, 14
16, 655, 56
16, 667, 42
16, 668, 2
16, 671, 58
16, 686, 39
16, 690, 5
16, 691, 52
16, 692, 48
16, 692, 55
16, 698, 35
16, 699, 17
16, 703, 34
16, 707, 8
16, 707, 19
16, 709, 47
16, 711, 36
16, 717, 59
16, 720, 46
16, 725, 32
16, 728, 42
16, 731, 53
16, 737, 12
16, 741, 12
16, 741, 40
16, 745, 24
16, 748, 17
16, 748, 45
16, 754, 27
16, 761, 31
16, 761, 52
16, 764, 4
16, 770, 4
16, 774, 37
16, 777, 15
16, 784, 42
16, 788, 14
16, 791, 5
16, 796, 24
16, 796, 30
16, 797, 48
16, 798, 32
17, 9, 16
17, 12, 30
17, 15, 15
17, 19, 29
17, 27, 53
17, 33, 13
17, 34, 60
17, 42, 38
17, 43, 41
17, 44, 4
17, 48, 6
17, 51, 24
17, 52, 36
17, 56, 9
17, 57, 21
17, 60, 39
17, 63, 57
17, 67, 59
17, 69, 44
17, 73, 26
17, 77, 52
17, 82, 25
17, 83, 22
17, 83, 26
17, 85, 28
17, 86, 17
17, 96, 34
17, 100, 55
17, 104, 27
17, 105, 47
17, 119, 53
17, 120, 25
17, 124, 11
17, 127, 5
17, 131, 43
17, 145, 18
17, 154, 38
17, 156, 16
17, 163, 33
17, 173, 11
17, 178, 32
17, 180, 20
17, 184, 7
17, 185, 8
17, 189, 7
17, 193, 46
17, 195, 60
17, 199, 15
17, 206, 13
17, 209, 29
17, 219, 10
17, 221, 6
17, 230, 24
17, 232, 14
17, 239, 57
17, 239, 59
17, 241, 51
17, 243, 56
17, 244, 26
17, 251, 40
17, 254, 18
17, 258, 10
17, 261, 29
17, 263, 46
17, 264, 53
17, 272, 9
17, 274, 14
17, 281, 41
17, 283, 4
17, 284, 34
17, 289, 12
17, 293, 17
17, 295, 28
17, 299, 36
17, 299, 55
17, 301, 44
17, 306, 25
17, 307, 35
17, 308, 44
17, 313, 39
17, 319, 47
17, 331, 27
17, 332, 33
17, 336, 59
17, 337, 52
17, 346, 43
17, 348, 21
17, 358, 39
17, 370, 57
17, 377, 36
17, 383, 34
17, 385, 22
17, 398, 35
17, 404, 27
17, 405, 22
17, 405, 32
17, 406, 38
17, 411, 30
17, 414, 31
17, 423, 32
17, 430, 60
17, 449, 24
17, 451, 33
17, 460, 40
17, 464, 40
17, 466, 29
17, 467, 44
17, 471, 16
17, 476, 16
17, 477, 26
17, 480, 29
17, 480, 41
17, 480, 56
17, 482, 38
17, 489, 56
17, 494, 15
17, 494, 20
17, 494, 29
17, 505, 13
17, 507, 16
17, 507, 53
17, 509, 6
17, 509, 11
17, 515, 28
17, 517, 51
17, 525, 39
17, 532, 7
17, 532, 55
17, 540, 4
17, 540, 7
17, 540, 47
17, 541, 46
17, 547, 22
17, 548, 9
17, 549, 57
17, 551, 14
17, 551, 39
17, 554, 27
17, 555, 51
17, 557, 31
17, 558, 20
17, 559, 43
17, 562, 40
17, 563, 41
17, 565, 10
17, 574, 25
17, 577, 36
17, 580, 5
17, 583, 8
17, 583, 18
17, 592, 30
17, 593, 33
17, 599, 12
17, 606, 39
17, 619, 12
17, 621, 13
17, 631, 60
17, 634, 22
17, 636, 6
17, 638, 32
17, 639, 27
17, 643, 17
17, 646, 38
17, 648, 24
17, 653, 34
17, 659, 11
17, 661, 57
17, 661, 59
17, 664, 53
17, 668, 33
17, 669, 28
17, 675, 44
17, 677, 47
17, 691, 12
17, 691, 20
17, 693, 56
17, 712, 11
17, 716, 41
17, 726, 29
17, 728, 35
17, 731, 10
17, 732, 14
17, 735, 51
17, 736, 21
17, 736, 32
17, 742, 46
17, 745, 26
17, 748, 8
17, 757, 55
17, 758, 22
17, 763, 46
17, 765, 6
17, 769, 9
17, 774, 33
17, 776, 44
17, 778, 47
17, 784, 7
17, 793, 16
17, 793, 25
17, 798, 60
18, 2, 47
18, 2, 54
18, 5, 46
18, 8, 24
18, 11, 15
18, 12, 18
18, 16, 3
18, 16, 27
18, 20, 33
18, 21, 20
18, 22, 36
18, 23, 13
18, 24, 39
18, 38, 11
18, 39, 16
18, 41, 19
18, 46, 22
18, 48, 29
18, 72, 45
18, 72, 49
18, 75, 53
18, 83, 42
18, 91, 8
18, 93, 34
18, 95, 51
18, 97, 24
18, 100, 41
18, 111, 55
18, 117, 18
18, 126, 15
18, 127, 12
18, 127, 34
18, 127, 44
18, 130, 17
18, 139, 31
18, 142, 2
18, 144, 61
18, 149, 30
18, 155, 15
18, 165, 19
18, 167, 26
18, 168, 11
18, 169, 18
18, 174, 40
18, 174, 58
18, 180, 40
18, 187, 31
18, 188, 25
18, 190, 56
18, 192, 18
18, 199, 48
18, 201, 26
18, 204, 25
18, 207, 28
18, 208, 7
18, 211, 5
18, 214, 54
18, 218, 20
18, 222, 47
18, 224, 12
18, 225, 3
18, 226, 27
18, 227, 43
18, 228, 36
18, 230, 37
18, 231, 3
18, 231, 42
18, 238, 29
18, 244, 13
18, 265, 22
18, 269, 50
18, 270, 39
18, 272, 16
18, 275, 8
18, 276, 19
18, 277, 20
18, 279, 53
18, 285, 35
18, 291, 11
18, 295, 33
18, 299, 14
18, 304, 16
18, 318, 17
18, 326, 56
18, 336, 55
18, 342, 51
18, 353, 58
18, 355, 40
18, 358, 49
18, 360, 51
18, 366, 61
18, 367, 26
18, 369, 53
18, 379, 48
18, 395, 49
18, 397, 15
18, 397, 17
18, 401, 56
18, 403, 46
18, 410, 46
18, 414, 34
18, 417, 34
18, 417, 43
18, 423, 26
18, 428, 30
18, 430, 36
18, 431, 42
18, 433, 28
18, 440, 24
18, 442, 31
18, 452, 45
18, 456, 44
18, 457, 50
18, 465, 37
18, 476, 36
18, 488, 24
18, 490, 30
18, 491, 18
18, 494, 27
18, 495, 27
18, 495, 39
18, 498, 42
18, 507, 47
18, 509, 54
18, 516, 2
18, 517, 61
18, 521, 41
18, 522, 12
18, 522, 37
18, 530, 53
18, 534, 19
18, 536, 7
18, 546, 55
18, 549, 48
18, 550, 22
18, 552, 20
18, 555, 3
18, 560, 37
18, 569, 35
18, 571, 49
18, 572, 13
18, 572, 31
18, 573, 3
18, 574, 24
18, 580, 17
18, 587, 11
18, 591, 11
18, 591, 58
18, 605, 33
18, 606, 43
18, 612, 38
18, 617, 37
18, 621, 60
18, 622, 6
18, 622, 13
18, 624, 51
18, 625, 25
18, 628, 44
18, 631, 7
18, 635, 14
18, 644, 27
18, 645, 4
18, 645, 30
18, 651, 2
18, 651, 36
18, 651, 47
18, 652, 3
18, 669, 5
18, 669, 19
18, 672, 15
18, 672, 22
18, 678, 16
18, 685, 49
18, 687, 39
18, 690, 24
18, 694, 44
18, 695, 34
18, 696, 25
18, 705, 55
18, 707, 31
18, 708, 46
18, 714, 56
18, 724, 17
18, 732, 58
18, 733, 35
18, 739, 54
18, 747, 8
18, 751, 30
18, 754, 46
18, 754, 61
18, 757, 14
18, 757, 50
18, 770, 30
18, 773, 20
18, 778, 56
18, 782, 7
18, 782, 49
18, 786, 42
18, 796, 38
18, 797, 8
18, 798, 60
19, 2, 38
19, 4, 39
19, 9, 50
19, 10, 55
19, 11, 8
19, 12, 33
19, 15, 41
19, 16, 46
19, 17, 11
19, 18, 37
19, 19, 54
19, 24, 32
19, 27, 31
19, 33, 41
19, 38, 53
19, 41, 5
19, 44, 12
19, 48, 35
19, 50, 54
19, 60, 29
19, 61, 10
19, 80, 33
19, 81, 35
19, 81, 42
19, 85, 11
19, 86, 7
19, 92, 3
19, 92, 42
19, 94, 34
19, 95, 46
19, 111, 7
19, 113, 40
19, 119, 15
19, 125, 12
19, 126, 38
19, 133, 35
19, 135, 1
19, 139, 49
19, 157, 54
19, 159, 27
19, 162, 36
19, 168, 5
19, 170, 32
19, 173, 59
19, 184, 42
19, 190, 8
19, 195, 39
19, 197, 15
19, 200, 9
19, 208, 31
19, 209, 51
19, 210, 22
19, 212, 25
19, 219, 43
19, 225, 17
19, 228, 53
19, 236, 20
19, 243, 11
19, 246, 27
19, 248, 11
19, 250, 42
19, 250, 49
19, 255, 37
19, 258, 46
19, 260, 43
19, 261, 56
19, 262, 37
19, 265, 6
19, 266, 36
19, 268, 10
19, 271, 40
19, 273, 7
19, 276, 29
19, 284, 50
19, 285, 54
19, 293, 5
19, 307, 40
19, 309, 33
19, 319, 29
19, 320, 29
19, 330, 34
19, 331, 32
19, 334, 39
19, 338, 25
19, 338, 38
19, 344, 55
19, 344, 63
19, 346, 35
19, 358, 59
19, 369, 31
19, 369, 41
19, 386, 40
19, 386, 50
19, 396, 20
19, 404, 42
19, 414, 48
19, 436, 37
19, 442, 56
19, 457, 30
19, 483, 43
19, 493, 22
19, 512, 32
19, 512, 35
19, 516, 53
19, 519, 27
19, 523, 9
19, 523, 27
19, 523, 37
19, 530, 38
19, 533, 8
19, 534, 6
19, 545, 3
19, 546, 51
19, 547, 59
19, 552, 15
19, 553, 25
19, 557, 22
19, 560, 29
19, 560, 54
19, 562, 33
19, 573, 10
19, 575, 20
19, 576, 5
19, 577, 36
19, 578, 7
19, 580, 12
19, 583, 11
19, 585, 42
19, 589, 17
19, 598, 17
19, 604, 49
19, 605, 48
19, 613, 50
19, 625, 17
19, 626, 34
19, 627, 29
19, 629, 56
19, 642, 46
19, 646, 17
19, 646, 22
19, 646, 35
19, 650, 37
19, 662, 39
19, 662, 55
19, 666, 51
19, 674, 8
19, 681, 32
19, 682, 15
19, 683, 43
19, 686, 31
19, 689, 40
19, 692, 22
19, 693, 3
19, 693, 31
19, 720, 6
19, 724, 53
19, 725, 20
19, 729, 17
19, 732, 59
19, 735, 51
19, 736, 38
19, 745, 11
19, 745, 33
19, 750, 56
19, 754, 15
19, 767, 63
19, 768, 36
19, 775, 27
19, 782, 20
19, 786, 8
19, 786, 35
19, 786, 50
19, 788, 29
19, 791, 37
19, 795, 30
