1, 1, 19
1, 2, 31
1, 2, 54
1, 5, 20
1, 5, 32
1, 7, 22
1, 8, 47
1, 9, 40
1, 10, 36
1, 11, 38
1, 16, 18
1, 17, 21
1, 22, 2
1, 24, 37
1, 25, 16
1, 25, 19
1, 32, 1
1, 33, 23
1, 39, 34
1, 40, 15
1, 44, 4
1, 45, 47
1, 46, 30
1, 48, 20
1, 52, 12
1, 58, 12
1, 58, 41
1, 59, 7
1, 59, 11
1, 59, 50
1, 63, 29
1, 67, 6
1, 67, 39
1, 72, 25
1, 72, 28
1, 74, 41
1, 75, 50
1, 76, 27
1, 84, 44
1, 92, 9
1, 94, 1
1, 95, 53
1, 96, 18
1, 98, 28
1, 98, 49
1, 101, 14
1, 102, 44
1, 104, 5
1, 105, 56
1, 108, 34
1, 111, 24
1, 111, 33
1, 117, 6
1, 117, 17
1, 117, 45
1, 118, 20
1, 118, 31
1, 124, 4
1, 125, 50
1, 129, 49
1, 131, 31
1, 135, 39
1, 136, 26
1, 137, 2
1, 138, 50
1, 139, 36
1, 140, 11
1, 141, 38
1, 143, 2
1, 147, 18
1, 148, 40
1, 149, 35
1, 150, 36
1, 158, 13
1, 160, 37
1, 164, 21
1, 164, 30
1, 167, 23
1, 174, 19
1, 174, 54
1, 175, 3
1, 177, 47
1, 178, 11
1, 182, 20
1, 182, 54
1, 183, 40
1, 184, 12
1, 184, 41
1, 187, 52
1, 190, 55
1, 191, 25
1, 191, 46
1, 192, 42
1, 194, 7
1, 195, 1
1, 199, 22
1, 200, 57
1, 201, 27
1, 201, 33
1, 203, 17
1, 203, 20
1, 203, 47
1, 204, 4
1, 205, 28
1, 210, 16
1, 215, 34
1, 220, 31
1, 221, 45
1, 222, 56
1, 225, 6
1, 225, 41
1, 227, 32
1, 229, 39
1, 229, 46
1, 231, 12
1, 231, 15
1, 231, 29
1, 236, 30
1, 237, 33
1, 238, 45
1, 239, 24
1, 239, 31
1, 241, 44
1, 243, 7
1, 244, 5
1, 248, 39
1, 250, 28
1, 252, 2
1, 252, 5
1, 254, 40
1, 254, 46
1, 256, 27
1, 256, 40
1, 258, 44
1, 263, 19
1, 268, 18
1, 268, 53
1, 270, 25
1, 270, 34
1, 271, 8
1, 271, 27
1, 272, 49
1, 273, 38
1, 273, 57
1, 283, 38
1, 285, 51
1, 287, 25
1, 288, 30
1, 295, 19
1, 296, 3
1, 296, 41
1, 299, 55
1, 300, 14
1, 301, 21
1, 304, 36
1, 308, 42
1, 308, 47
1, 309, 1
1, 310, 13
1, 313, 11
1, 313, 37
1, 315, 11
1, 315, 48
1, 317, 46
1, 323, 9
1, 323, 35
1, 325, 32
1, 329, 13
1, 329, 28
1, 329, 30
1, 330, 33
1, 339, 17
1, 339, 24
1, 341, 45
1, 342, 20
1, 343, 18
1, 343, 50
1, 347, 6
1, 347, 56
1, 349, 4
1, 353, 26
1, 353, 37
1, 354, 22
1, 356, 43
1, 357, 23
1, 358, 52
1, 362, 47
1, 363, 11
1, 364, 5
1, 365, 51
1, 366, 29
1, 368, 1
1, 371, 7
1, 373, 21
1, 374, 18
1, 376, 7
1, 376, 47
1, 379, 40
1, 381, 43
1, 382, 16
1, 384, 26
1, 387, 23
1, 390, 8
1, 390, 10
1, 390, 44
1, 391, 8
1, 391, 34
1, 395, 12
1, 400, 4
1, 400, 11
1, 402, 39
1, 403, 52
1, 406, 54
1, 410, 10
1, 410, 17
1, 413, 5
1, 414, 35
1, 417, 35
1, 419, 38
1, 420, 42
1, 423, 41
1, 424, 33
1, 435, 31
1, 437, 45
1, 437, 51
1, 438, 15
1, 445, 53
1, 446, 3
1, 446, 19
1, 448, 21
1, 449, 47
1, 450, 49
1, 451, 14
1, 452, 30
1, 453, 25
1, 453, 28
1, 455, 43
1, 456, 29
1, 457, 5
1, 457, 15
1, 460, 27
1, 461, 11
1, 461, 20
1, 463, 2
1, 463, 30
1, 464, 36
1, 466, 46
1, 469, 50
1, 471, 14
1, 472, 3
1, 472, 57
1, 473, 34
1, 473, 39
1, 481, 17
1, 482, 2
1, 483, 24
1, 489, 22
1, 490, 24
1, 492, 1
1, 492, 32
1, 503, 12
1, 503, 22
1, 504, 18
1, 505, 9
1, 507, 4
1, 507, 9
1, 507, 16
1, 507, 37
1, 508, 24
1, 509, 7
1, 509, 38
1, 510, 28
1, 513, 47
1, 514, 23
1, 515, 32
1, 516, 10
1, 517, 6
1, 520, 17
1, 520, 38
1, 520, 40
1, 521, 33
1, 522, 17
1, 525, 11
1, 526, 46
1, 528, 46
1, 530, 13
1, 533, 56
1, 534, 31
1, 535, 38
1, 536, 19
1, 537, 30
1, 537, 43
1, 537, 57
1, 538, 52
1, 539, 28
1, 539, 41
1, 539, 54
1, 546, 16
1, 547, 11
1, 552, 44
1, 553, 1
1, 555, 26
1, 557, 8
1, 559, 37
1, 560, 42
1, 567, 50
1, 573, 35
1, 574, 57
1, 581, 15
1, 588, 12
1, 588, 20
1, 588, 22
1, 589, 27
1, 591, 25
1, 596, 17
1, 596, 52
1, 597, 2
1, 600, 36
1, 601, 26
1, 603, 7
1, 604, 51
1, 606, 53
1, 607, 38
1, 608, 10
1, 608, 34
1, 610, 12
1, 611, 5
1, 613, 29
1, 614, 33
1, 616, 18
1, 617, 8
1, 619, 2
1, 619, 15
1, 621, 45
1, 625, 44
1, 631, 3
1, 632, 48
1, 634, 24
1, 637, 9
1, 637, 26
1, 637, 32
1, 640, 6
1, 640, 33
1, 646, 16
1, 646, 31
1, 648, 6
1, 651, 4
1, 657, 7
1, 659, 45
1, 663, 19
1, 663, 42
1, 666, 37
1, 666, 44
1, 668, 14
1, 669, 2
1, 670, 8
1, 670, 30
1, 671, 35
1, 671, 36
1, 672, 24
1, 674, 33
1, 679, 13
1, 679, 23
1, 681, 49
1, 684, 23
1, 685, 11
1, 686, 5
1, 686, 32
1, 688, 28
1, 688, 40
1, 690, 6
1, 691, 32
1, 692, 19
1, 699, 39
1, 700, 22
1, 701, 1
1, 701, 44
1, 704, 5
1, 704, 17
1, 704, 56
1, 705, 54
1, 708, 38
1, 710, 41
1, 711, 25
1, 722, 29
1, 724, 24
1, 724, 42
1, 725, 8
1, 725, 50
1, 727, 57
1, 731, 47
1, 735, 12
1, 735, 39
1, 735, 51
1, 739, 16
1, 742, 23
1, 745, 15
1, 746, 16
1, 750, 2
1, 750, 20
1, 753, 46
1, 757, 26
1, 758, 10
1, 759, 18
1, 760, 21
1, 761, 8
1, 761, 31
1, 761, 37
1, 762, 34
1, 763, 41
1, 764, 25
1, 765, 7
1, 767, 9
1, 767, 48
1, 769, 33
1, 779, 17
1, 785, 39
1, 787, 40
1, 788, 30
1, 792, 13
1, 792, 36
1, 794, 32
1, 796, 5
1, 798, 40
1, 799, 23
1, 799, 45
2, 3, 46
2, 3, 51
2, 5, 44
2, 6, 3
2, 8, 32
2, 10, 36
2, 12, 25
2, 17, 19
2, 18, 5
2, 20, 35
2, 21, 26
2, 23, 54
2, 26, 34
2, 26, 52
2, 28, 56
2, 31, 11
2, 31, 12
2, 36, 31
2, 43, 58
2, 44, 20
2, 45, 53
2, 47, 44
2, 48, 27
2, 50, 8
2, 50, 43
2, 51, 37
2, 53, 43
2, 54, 36
2, 68, 10
2, 68, 45
2, 69, 24
2, 70, 41
2, 71, 17
2, 71, 21
2, 71, 47
2, 73, 20
2, 73, 21
2, 74, 1
2, 77, 15
2, 78, 39
2, 86, 2
2, 87, 13
2, 89, 6
2, 89, 18
2, 90, 42
2, 90, 46
2, 93, 40
2, 95, 25
2, 101, 1
2, 101, 38
2, 102, 50
2, 105, 47
2, 107, 9
2, 107, 37
2, 108, 33
2, 109, 28
2, 109, 50
2, 113, 12
2, 118, 23
2, 118, 44
2, 120, 7
2, 120, 20
2, 125, 25
2, 132, 22
2, 133, 48
2, 135, 4
2, 137, 5
2, 138, 31
2, 147, 58
2, 152, 21
2, 153, 16
2, 153, 42
2, 153, 52
2, 155, 32
2, 159, 10
2, 159, 43
2, 159, 45
2, 163, 36
2, 166, 3
2, 166, 30
2, 168, 13
2, 168, 26
2, 170, 2
2, 173, 10
2, 174, 17
2, 177, 15
2, 180, 41
2, 184, 31
2, 184, 51
2, 187, 13
2, 189, 35
2, 194, 11
2, 194, 30
2, 194, 33
2, 198, 40
2, 199, 18
2, 201, 55
2, 205, 9
2, 206, 29
2, 207, 8
2, 208, 34
2, 209, 50
2, 211, 49
2, 211, 53
2, 213, 33
2, 215, 27
2, 216, 1
2, 217, 10
2, 224, 39
2, 227, 21
2, 231, 7
2, 234, 28
2, 234, 42
2, 234, 53
2, 235, 35
2, 237, 8
2, 239, 1
2, 239, 10
2, 240, 50
2, 243, 23
2, 246, 42
2, 247, 6
2, 249, 19
2, 250, 46
2, 252, 31
2, 254, 21
2, 255, 12
2, 257, 38
2, 259, 56
2, 262, 24
2, 262, 51
2, 263, 44
2, 264, 56
2, 267, 4
2, 270, 36
2, 271, 16
2, 273, 32
2, 279, 7
2, 281, 30
2, 283, 19
2, 283, 25
2, 284, 17
2, 285, 47
2, 288, 3
2, 289, 43
2, 289, 48
2, 292, 14
2, 295, 22
2, 298, 2
2, 298, 45
2, 299, 16
2, 300, 9
2, 303, 34
2, 308, 11
2, 311, 53
2, 318, 13
2, 320, 15
2, 323, 33
2, 324, 5
2, 325, 41
2, 331, 20
2, 333, 18
2, 333, 26
2, 335, 4
2, 338, 52
2, 339, 33
2, 339, 38
2, 341, 24
2, 343, 52
2, 345, 10
2, 349, 11
2, 352, 17
2, 357, 6
2, 360, 40
2, 361, 21
2, 361, 28
2, 364, 1
2, 364, 23
2, 366, 55
2, 369, 49
2, 371, 17
2, 375, 27
2, 376, 3
2, 377, 8
2, 378, 35
2, 384, 51
2, 386, 39
2, 389, 42
2, 391, 29
2, 392, 15
2, 392, 32
2, 392, 36
2, 393, 37
2, 396, 34
2, 398, 15
2, 398, 44
2, 401, 31
2, 405, 46
2, 406, 23
2, 408, 2
2, 408, 8
2, 411, 54
2, 413, 23
2, 414, 16
2, 418, 47
2, 419, 26
2, 420, 4
2, 420, 23
2, 420, 53
2, 424, 45
2, 424, 55
2, 425, 21
2, 429, 50
2, 430, 44
2, 432, 25
2, 434, 26
2, 434, 49
2, 437, 12
2, 439, 22
2, 442, 19
2, 442, 41
2, 442, 48
2, 444, 30
2, 444, 43
2, 447, 1
2, 450, 13
2, 452, 35
2, 453, 36
2, 456, 27
2, 459, 9
2, 462, 54
2, 465, 24
2, 466, 14
2, 472, 4
2, 472, 38
2, 473, 17
2, 475, 20
2, 476, 7
2, 476, 11
2, 479, 52
2, 480, 33
2, 483, 5
2, 483, 48
2, 484, 33
2, 489, 18
2, 495, 31
2, 496, 3
2, 498, 2
2, 498, 42
2, 500, 36
2, 504, 6
2, 505, 28
2, 506, 10
2, 508, 1
2, 511, 20
2, 512, 46
2, 515, 39
2, 518, 49
2, 518, 56
2, 519, 19
2, 525, 29
2, 527, 25
2, 528, 32
2, 531, 12
2, 536, 45
2, 537, 18
2, 538, 37
2, 539, 16
2, 539, 51
2, 542, 6
2, 543, 15
2, 544, 47
2, 547, 39
2, 563, 7
2, 563, 26
2, 565, 21
2, 565, 30
2, 568, 11
2, 568, 21
2, 568, 32
2, 578, 24
2, 579, 1
2, 580, 33
2, 582, 46
2, 584, 3
2, 585, 5
2, 586, 43
2, 589, 38
2, 591, 23
2, 593, 11
2, 594, 34
2, 594, 40
2, 599, 28
2, 599, 44
2, 601, 35
2, 604, 29
2, 605, 22
2, 606, 26
2, 607, 9
2, 607, 14
2, 613, 22
2, 616, 8
2, 618, 19
2, 619, 3
2, 619, 41
2, 621, 55
2, 624, 51
2, 626, 36
2, 631, 19
2, 632, 18
2, 633, 14
2, 637, 13
2, 638, 33
2, 639, 48
2, 639, 53
2, 640, 6
2, 640, 7
2, 644, 45
2, 650, 20
2, 657, 42
2, 658, 17
2, 665, 1
2, 667, 37
2, 668, 25
2, 669, 39
2, 670, 47
2, 671, 43
2, 673, 49
2, 674, 10
2, 674, 16
2, 675, 5
2, 675, 45
2, 677, 26
2, 678, 54
2, 679, 25
2, 680, 21
2, 683, 15
2, 694, 34
2, 696, 32
2, 697, 11
2, 697, 52
2, 706, 27
2, 707, 12
2, 708, 15
2, 710, 24
2, 713, 28
2, 717, 18
2, 720, 14
2, 721, 8
2, 727, 51
2, 728, 17
2, 728, 44
2, 732, 29
2, 734, 30
2, 735, 21
2, 735, 38
2, 736, 23
2, 737, 22
2, 741, 19
2, 745, 24
2, 747, 31
2, 754, 25
2, 759, 21
2, 760, 40
2, 764, 15
2, 768, 8
2, 769, 20
2, 770, 41
2, 771, 39
2, 775, 12
2, 776, 3
2, 776, 48
2, 777, 33
2, 781, 35
2, 783, 7
2, 783, 11
2, 783, 42
2, 784, 56
2, 785, 42
2, 786, 10
2, 788, 28
2, 792, 9
2, 792, 37
2, 793, 19
2, 794, 58
2, 797, 47
2, 798, 34
2, 798, 36
3, 3, 18
3, 7, 7
3, 9, 57
3, 10, 2
3, 12, 6
3, 12, 11
3, 13, 43
3, 15, 49
3, 20, 30
3, 21, 21
3, 21, 39
3, 22, 10
3, 23, 23
3, 24, 17
3, 28, 31
3, 32, 7
3, 34, 10
3, 34, 20
3, 35, 12
3, 35, 24
3, 39, 16
3, 41, 40
3, 43, 3
3, 48, 41
3, 51, 6
3, 51, 34
3, 53, 19
3, 54, 26
3, 55, 22
3, 55, 27
3, 57, 21
3, 57, 33
3, 58, 3
3, 58, 13
3, 61, 29
3, 65, 27
3, 66, 45
3, 72, 2
3, 72, 37
3, 73, 14
3, 74, 50
3, 77, 11
3, 77, 25
3, 77, 48
3, 79, 17
3, 80, 13
3, 80, 35
3, 81, 28
3, 81, 33
3, 82, 43
3, 83, 11
3, 83, 39
3, 84, 19
3, 84, 49
3, 86, 8
3, 88, 55
3, 90, 20
3, 95, 5
3, 95, 38
3, 95, 44
3, 97, 22
3, 99, 15
3, 99, 28
3, 99, 52
3, 101, 35
3, 102, 5
3, 104, 17
3, 104, 31
3, 105, 1
3, 105, 22
3, 105, 38
3, 107, 7
3, 110, 18
3, 111, 23
3, 123, 4
3, 124, 6
3, 125, 36
3, 127, 10
3, 130, 9
3, 130, 42
3, 132, 18
3, 132, 56
3, 136, 31
3, 136, 39
3, 137, 21
3, 140, 9
3, 142, 14
3, 144, 47
3, 144, 51
3, 145, 4
3, 146, 44
3, 148, 57
3, 149, 7
3, 149, 45
3, 150, 12
3, 150, 40
3, 152, 18
3, 153, 29
3, 155, 24
3, 155, 37
3, 159, 9
3, 162, 19
3, 164, 46
3, 170, 16
3, 173, 1
3, 173, 23
3, 174, 7
3, 174, 26
3, 174, 30
3, 175, 49
3, 182, 30
3, 182, 47
3, 184, 16
3, 189, 54
3, 190, 13
3, 195, 3
3, 198, 32
3, 201, 31
3, 202, 39
3, 203, 38
3, 203, 43
3, 203, 47
3, 204, 2
3, 205, 36
3, 205, 42
3, 206, 41
3, 207, 21
3, 209, 20
3, 211, 48
3, 213, 34
3, 214, 17
3, 215, 28
3, 216, 10
3, 217, 17
3, 218, 22
3, 218, 33
3, 222, 11
3, 225, 13
3, 226, 1
3, 227, 50
3, 229, 1
3, 233, 9
3, 235, 2
3, 235, 57
3, 237, 15
3, 242, 5
3, 242, 29
3, 243, 35
3, 249, 27
3, 251, 24
3, 251, 30
3, 252, 50
3, 254, 36
3, 257, 8
3, 257, 25
3, 257, 50
3, 261, 31
3, 265, 6
3, 266, 46
3, 267, 27
3, 272, 10
3, 272, 45
3, 273, 7
3, 273, 10
3, 273, 11
3, 274, 1
3, 274, 27
3, 276, 51
3, 277, 39
3, 279, 18
3, 281, 12
3, 282, 19
3, 282, 35
3, 284, 14
3, 284, 55
3, 285, 43
3, 288, 6
3, 292, 26
3, 293, 8
3, 294, 40
3, 299, 42
3, 301, 16
3, 301, 37
3, 301, 52
3, 304, 39
3, 304, 42
3, 305, 29
3, 305, 33
3, 307, 33
3, 307, 47
3, 308, 10
3, 309, 23
3, 309, 38
3, 312, 19
3, 312, 43
3, 312, 56
3, 316, 49
3, 317, 19
3, 317, 21
3, 318, 14
3, 318, 34
3, 320, 32
3, 323, 44
3, 327, 4
3, 327, 32
3, 329, 37
3, 329, 56
3, 330, 30
3, 332, 44
3, 333, 1
3, 333, 54
3, 334, 9
3, 335, 10
3, 339, 23
3, 340, 28
3, 343, 24
3, 346, 5
3, 346, 17
3, 348, 48
3, 349, 15
3, 349, 30
3, 360, 2
3, 360, 36
3, 361, 15
3, 362, 17
3, 363, 22
3, 366, 47
3, 368, 16
3, 369, 28
3, 371, 3
3, 374, 51
3, 377, 2
3, 377, 20
3, 378, 27
3, 382, 53
3, 383, 11
3, 383, 31
3, 383, 52
3, 384, 4
3, 385, 11
3, 390, 1
3, 391, 8
3, 391, 50
3, 393, 48
3, 394, 9
3, 397, 25
3, 399, 20
3, 399, 26
3, 399, 46
3, 404, 38
3, 406, 7
3, 406, 21
3, 407, 41
3, 408, 9
3, 408, 40
3, 414, 2
3, 415, 39
3, 417, 7
3, 418, 13
3, 422, 27
3, 423, 54
3, 424, 14
3, 424, 35
3, 425, 29
3, 426, 49
3, 430, 3
3, 431, 6
3, 432, 19
3, 432, 22
3, 435, 12
3, 436, 41
3, 440, 48
3, 442, 43
3, 444, 42
3, 445, 18
3, 448, 37
3, 450, 4
3, 450, 17
3, 451, 5
3, 452, 27
3, 452, 55
3, 453, 33
3, 454, 5
3, 455, 45
3, 456, 36
3, 463, 32
3, 464, 47
3, 465, 34
3, 470, 1
3, 471, 15
3, 471, 18
3, 473, 25
3, 473, 43
3, 474, 43
3, 474, 57
3, 482, 34
3, 483, 23
3, 485, 16
3, 485, 31
3, 487, 50
3, 488, 24
3, 489, 10
3, 489, 32
3, 490, 4
3, 495, 40
3, 496, 11
3, 496, 16
3, 496, 19
3, 498, 49
3, 500, 2
3, 500, 52
3, 501, 9
3, 503, 51
3, 505, 24
3, 510, 14
3, 510, 30
3, 511, 39
3, 513, 13
3, 514, 7
3, 515, 34
3, 515, 44
3, 519, 28
3, 522, 26
3, 526, 38
3, 526, 42
3, 531, 3
3, 534, 19
3, 535, 14
3, 536, 44
3, 538, 27
3, 541, 6
3, 541, 29
3, 543, 21
3, 543, 56
3, 547, 6
3, 547, 8
3, 550, 15
3, 556, 53
3, 559, 30
3, 560, 17
3, 560, 48
3, 562, 5
3, 562, 20
3, 562, 38
3, 563, 18
3, 563, 49
3, 564, 42
3, 564, 52
3, 565, 30
3, 565, 33
3, 565, 38
3, 569, 9
3, 569, 14
3, 569, 48
3, 570, 22
3, 570, 26
3, 570, 43
3, 571, 32
3, 571, 33
3, 571, 54
3, 573, 2
3, 577, 16
3, 578, 12
3, 578, 20
3, 582, 11
3, 582, 37
3, 583, 35
3, 587, 22
3, 591, 6
3, 594, 1
3, 594, 8
3, 596, 53
3, 597, 47
3, 598, 45
3, 602, 10
3, 602, 17
3, 604, 36
3, 606, 4
3, 611, 26
3, 611, 49
3, 611, 57
3, 612, 21
3, 612, 33
3, 613, 43
3, 613, 51
3, 615, 18
3, 623, 14
3, 627, 8
3, 628, 2
3, 629, 6
3, 630, 13
3, 630, 32
3, 633, 7
3, 638, 41
3, 638, 55
3, 646, 40
3, 646, 44
3, 650, 28
3, 650, 50
3, 651, 41
3, 652, 33
3, 654, 23
3, 654, 25
3, 654, 28
3, 654, 40
3, 655, 23
3, 656, 3
3, 658, 4
3, 661, 24
3, 662, 34
3, 663, 12
3, 666, 3
3, 667, 7
3, 667, 14
3, 668, 20
3, 673, 31
3, 679, 39
3, 680, 1
3, 680, 54
3, 682, 27
3, 682, 36
3, 684, 9
3, 685, 15
3, 686, 25
3, 688, 15
3, 688, 39
3, 688, 45
3, 690, 19
3, 692, 22
3, 693, 12
3, 697, 15
3, 700, 16
3, 700, 33
3, 701, 24
3, 707, 3
3, 710, 10
3, 711, 22
3, 712, 2
3, 712, 34
3, 717, 38
3, 720, 17
3, 723, 34
3, 727, 6
3, 727, 18
3, 727, 56
3, 728, 53
3, 729, 28
3, 729, 30
3, 731, 7
3, 731, 47
3, 732, 49
3, 733, 37
3, 734, 1
3, 735, 1
3, 736, 23
3, 737, 54
3, 740, 35
3, 742, 11
3, 743, 42
3, 747, 55
3, 748, 30
3, 749, 14
3, 749, 48
3, 751, 16
3, 751, 33
3, 753, 31
3, 757, 26
3, 763, 49
3, 764, 17
3, 764, 53
3, 765, 54
3, 766, 12
3, 766, 31
3, 767, 21
3, 769, 32
3, 770, 43
3, 772, 26
3, 773, 31
3, 774, 11
3, 775, 5
3, 777, 52
3, 778, 10
3, 781, 27
3, 782, 21
3, 782, 25
3, 784, 24
3, 787, 45
3, 788, 13
3, 789, 22
3, 792, 2
3, 793, 20
3, 798, 53
4, 2, 31
4, 2, 38
4, 4, 2
4, 4, 5
4, 11, 51
4, 12, 28
4, 16, 57
4, 19, 14
4, 26, 25
4, 28, 38
4, 32, 9
4, 32, 45
4, 37, 41
4, 38, 35
4, 40, 39
4, 44, 3
4, 44, 9
4, 45, 55
4, 47, 10
4, 47, 32
4, 49, 29
4, 50, 28
4, 51, 22
4, 52, 31
4, 53, 37
4, 54, 26
4, 57, 48
4, 58, 23
4, 59, 36
4, 59, 46
4, 61, 12
4, 63, 6
4, 63, 36
4, 63, 44
4, 66, 31
4, 67, 8
4, 67, 43
4, 69, 24
4, 69, 52
4, 71, 40
4, 73, 1
4, 73, 24
4, 73, 53
4, 74, 14
4, 74, 35
4, 77, 33
4, 88, 10
4, 90, 9
4, 91, 42
4, 93, 38
4, 97, 50
4, 98, 38
4, 99, 49
4, 100, 7
4, 101, 6
4, 105, 15
4, 107, 5
4, 109, 11
4, 111, 19
4, 112, 47
4, 114, 4
4, 115, 57
4, 116, 26
4, 117, 16
4, 118, 8
4, 118, 9
4, 118, 48
4, 123, 47
4, 124, 8
4, 128, 1
4, 128, 39
4, 130, 30
4, 133, 6
4, 135, 22
4, 136, 37
4, 141, 40
4, 145, 44
4, 150, 29
4, 153, 45
4, 157, 52
4, 164, 14
4, 165, 22
4, 165, 47
4, 166, 21
4, 167, 5
4, 168, 17
4, 168, 38
4, 172, 28
4, 173, 23
4, 173, 55
4, 174, 34
4, 175, 31
4, 181, 20
4, 181, 54
4, 184, 8
4, 184, 12
4, 184, 36
4, 186, 6
4, 186, 7
4, 186, 15
4, 189, 46
4, 194, 19
4, 194, 25
4, 194, 31
4, 194, 42
4, 201, 3
4, 201, 30
4, 204, 33
4, 207, 51
4, 210, 26
4, 212, 48
4, 215, 10
4, 217, 41
4, 222, 18
4, 222, 54
4, 223, 2
4, 224, 49
4, 227, 56
4, 228, 43
4, 232, 21
4, 234, 25
4, 237, 16
4, 241, 24
4, 242, 19
4, 242, 29
4, 244, 32
4, 246, 32
4, 246, 48
4, 247, 1
4, 249, 27
4, 254, 11
4, 255, 24
4, 256, 53
4, 260, 15
4, 260, 39
4, 267, 32
4, 268, 12
4, 273, 2
4, 277, 8
4, 278, 49
4, 279, 5
4, 280, 38
4, 282, 4
4, 283, 52
4, 285, 13
4, 291, 39
4, 291, 42
4, 294, 9
4, 295, 8
4, 296, 50
4, 300, 14
4, 301, 44
4, 304, 11
4, 304, 37
4, 305, 22
4, 307, 25
4, 310, 37
4, 311, 50
4, 317, 6
4, 319, 44
4, 319, 50
4, 323, 6
4, 331, 35
4, 331, 46
4, 332, 42
4, 333, 19
4, 334, 5
4, 335, 40
4, 340, 27
4, 341, 17
4, 342, 12
4, 342, 26
4, 343, 18
4, 343, 20
4, 344, 48
4, 345, 31
4, 347, 34
4, 349, 23
4, 351, 38
4, 354, 55
4, 359, 45
4, 362, 37
4, 364, 33
4, 365, 7
4, 366, 30
4, 368, 4
4, 372, 18
4, 374, 28
4, 377, 41
4, 379, 51
4, 381, 56
4, 383, 15
4, 386, 24
4, 386, 26
4, 390, 14
4, 390, 38
4, 397, 1
4, 399, 10
4, 400, 41
4, 400, 44
4, 409, 29
4, 409, 34
4, 409, 47
4, 412, 45
4, 413, 43
4, 413, 53
4, 417, 36
4, 418, 21
4, 422, 9
4, 424, 16
4, 426, 42
4, 427, 22
4, 428, 3
4, 431, 19
4, 431, 33
4, 431, 35
4, 432, 16
4, 432, 53
4, 435, 11
4, 441, 13
4, 443, 32
4, 444, 10
4, 444, 23
4, 449, 27
4, 451, 8
4, 451, 38
4, 451, 40
4, 451, 50
4, 455, 14
4, 456, 5
4, 456, 52
4, 458, 30
4, 461, 31
4, 463, 27
4, 470, 9
4, 474, 28
4, 476, 6
4, 476, 13
4, 476, 14
4, 477, 2
4, 477, 18
4, 478, 48
4, 478, 57
4, 481, 39
4, 482, 17
4, 482, 54
4, 484, 36
4, 485, 9
4, 489, 48
4, 494, 49
4, 497, 20
4, 497, 44
4, 500, 37
4, 503, 33
4, 507, 7
4, 510, 24
4, 513, 19
4, 513, 25
4, 517, 3
4, 518, 22
4, 518, 49
4, 519, 17
4, 520, 11
4, 520, 12
4, 523, 2
4, 526, 2
4, 527, 41
4, 528, 24
4, 528, 39
4, 529, 42
4, 531, 4
4, 531, 15
4, 533, 35
4, 534, 5
4, 535, 7
4, 542, 10
4, 544, 30
4, 546, 26
4, 547, 28
4, 548, 54
4, 549, 4
4, 549, 6
4, 550, 23
4, 550, 27
4, 553, 36
4, 555, 8
4, 556, 16
4, 557, 45
4, 559, 41
4, 559, 43
4, 568, 9
4, 570, 31
4, 571, 42
4, 572, 47
4, 573, 22
4, 574, 51
4, 576, 12
4, 576, 34
4, 578, 33
4, 581, 13
4, 582, 6
4, 582, 50
4, 583, 21
4, 585, 55
4, 587, 29
4, 588, 13
4, 588, 35
4, 592, 3
4, 595, 26
4, 596, 40
4, 596, 44
4, 597, 25
4, 597, 49
4, 598, 2
4, 601, 53
4, 602, 24
4, 605, 10
4, 607, 46
4, 615, 1
4, 615, 24
4, 617, 28
4, 625, 8
4, 627, 34
4, 627, 42
4, 628, 20
4, 629, 11
4, 629, 26
4, 631, 12
4, 633, 28
4, 634, 38
4, 634, 56
4, 638, 27
4, 639, 42
4, 640, 37
4, 646, 23
4, 646, 30
4, 647, 39
4, 648, 5
4, 648, 20
4, 651, 4
4, 651, 9
4, 660, 50
4, 661, 17
4, 661, 25
4, 661, 30
4, 663, 21
4, 663, 45
4, 668, 29
4, 670, 44
4, 672, 1
4, 673, 9
4, 676, 13
4, 677, 16
4, 679, 19
4, 680, 40
4, 681, 32
4, 682, 44
4, 683, 18
4, 686, 49
4, 690, 8
4, 703, 10
4, 703, 22
4, 703, 27
4, 705, 48
4, 706, 36
4, 709, 7
4, 709, 66
4, 710, 11
4, 714, 6
4, 714, 35
4, 716, 3
4, 719, 5
4, 719, 33
4, 724, 36
4, 728, 33
4, 731, 8
4, 732, 17
4, 734, 23
4, 735, 4
4, 736, 1
4, 737, 36
4, 739, 41
4, 741, 47
4, 744, 16
4, 744, 47
4, 745, 7
4, 748, 34
4, 749, 13
4, 749, 17
4, 750, 51
4, 750, 52
4, 753, 49
4, 756, 12
4, 756, 31
4, 756, 43
4, 758, 3
4, 758, 42
4, 759, 21
4, 761, 7
4, 765, 24
4, 773, 37
4, 777, 25
4, 777, 40
4, 780, 44
4, 780, 54
4, 787, 18
4, 787, 32
4, 790, 48
4, 791, 57
4, 792, 26
4, 795, 14
4, 795, 27
4, 798, 55
4, 799, 10
5, 3, 52
5, 5, 6
5, 6, 55
5, 9, 7
5, 9, 23
5, 9, 58
5, 10, 16
5, 10, 40
5, 16, 23
5, 18, 51
5, 19, 41
5, 21, 30
5, 22, 25
5, 25, 49
5, 26, 5
5, 27, 39
5, 31, 6
5, 34, 37
5, 39, 25
5, 39, 26
5, 45, 27
5, 48, 53
5, 49, 46
5, 56, 37
5, 57, 10
5, 66, 34
5, 69, 50
5, 72, 8
5, 74, 54
5, 75, 13
5, 75, 24
5, 80, 16
5, 84, 35
5, 85, 57
5, 87, 7
5, 90, 23
5, 92, 19
5, 95, 42
5, 100, 5
5, 103, 21
5, 103, 27
5, 105, 28
5, 105, 31
5, 107, 29
5, 109, 11
5, 109, 38
5, 110, 46
5, 111, 16
5, 113, 12
5, 116, 37
5, 117, 4
5, 123, 15
5, 125, 48
5, 126, 47
5, 127, 37
5, 128, 6
5, 128, 17
5, 131, 28
5, 131, 49
5, 139, 51
5, 148, 20
5, 148, 57
5, 151, 24
5, 151, 46
5, 152, 26
5, 153, 3
5, 154, 52
5, 155, 20
5, 155, 45
5, 157, 1
5, 158, 11
5, 160, 53
5, 162, 56
5, 164, 35
5, 172, 41
5, 173, 8
5, 175, 9
5, 176, 17
5, 176, 43
5, 178, 2
5, 178, 40
5, 179, 13
5, 182, 58
5, 187, 25
5, 193, 7
5, 194, 35
5, 199, 16
5, 199, 24
5, 203, 5
5, 204, 42
5, 208, 30
5, 209, 50
5, 211, 31
5, 213, 40
5, 214, 49
5, 216, 39
5, 218, 55
5, 220, 22
5, 220, 52
5, 222, 7
5, 223, 10
5, 224, 25
5, 225, 44
5, 227, 23
5, 231, 53
5, 233, 14
5, 234, 8
5, 234, 21
5, 235, 6
5, 235, 12
5, 240, 16
5, 241, 25
5, 243, 15
5, 243, 34
5, 246, 15
5, 247, 34
5, 249, 27
5, 253, 34
5, 254, 4
5, 255, 1
5, 255, 37
5, 255, 51
5, 257, 9
5, 258, 19
5, 260, 38
5, 264, 46
5, 264, 57
5, 267, 29
5, 271, 37
5, 275, 33
5, 276, 45
5, 279, 28
5, 282, 38
5, 283, 17
5, 283, 18
5, 284, 26
5, 286, 41
5, 287, 24
5, 287, 47
5, 288, 36
5, 288, 58
5, 289, 7
5, 293, 11
5, 293, 44
5, 293, 48
5, 299, 27
5, 301, 5
5, 301, 9
5, 301, 13
5, 301, 54
5, 306, 10
5, 306, 15
5, 307, 45
5, 310, 32
5, 312, 11
5, 314, 31
5, 315, 3
5, 320, 6
5, 322, 21
5, 324, 15
5, 329, 25
5, 330, 20
5, 334, 52
5, 336, 22
5, 339, 43
5, 340, 48
5, 342, 40
5, 343, 26
5, 345, 50
5, 346, 35
5, 346, 57
5, 347, 42
5, 348, 10
5, 348, 53
5, 349, 23
5, 350, 4
5, 353, 16
5, 356, 37
5, 358, 8
5, 358, 40
5, 360, 5
5, 364, 3
5, 367, 47
5, 368, 56
5, 369, 34
5, 371, 23
5, 374, 12
5, 374, 49
5, 375, 36
5, 376, 20
5, 376, 30
5, 383, 21
5, 383, 32
5, 389, 41
5, 391, 31
5, 392, 27
5, 393, 1
5, 394, 18
5, 394, 56
5, 395, 2
5, 395, 33
5, 396, 7
5, 396, 54
5, 401, 51
5, 402, 29
5, 406, 24
5, 406, 38
5, 407, 22
5, 412, 28
5, 413, 41
5, 415, 18
5, 415, 47
5, 415, 55
5, 417, 34
5, 421, 13
5, 424, 25
5, 428, 26
5, 429, 17
5, 430, 6
5, 435, 1
5, 435, 3
5, 435, 58
5, 438, 27
5, 440, 9
5, 444, 35
5, 448, 38
5, 451, 39
5, 455, 46
5, 459, 13
5, 461, 7
5, 461, 36
5, 461, 45
5, 464, 14
5, 466, 30
5, 467, 19
5, 470, 11
5, 470, 31
5, 472, 16
5, 473, 37
5, 476, 46
5, 477, 31
5, 482, 33
5, 482, 46
5, 483, 15
5, 483, 23
5, 483, 39
5, 485, 8
5, 486, 10
5, 487, 4
5, 492, 43
5, 496, 12
5, 496, 29
5, 497, 33
5, 498, 26
5, 503, 42
5, 504, 53
5, 508, 6
5, 509, 26
5, 511, 32
5, 511, 50
5, 515, 48
5, 516, 58
5, 517, 27
5, 518, 2
5, 518, 33
5, 519, 3
5, 522, 21
5, 523, 17
5, 528, 5
5, 530, 32
5, 530, 52
5, 531, 21
5, 533, 17
5, 538, 24
5, 541, 20
5, 542, 11
5, 542, 45
5, 543, 28
5, 543, 43
5, 547, 12
5, 550, 9
5, 550, 26
5, 551, 19
5, 551, 22
5, 552, 3
5, 552, 25
5, 554, 31
5, 555, 1
5, 555, 41
5, 556, 38
5, 556, 56
5, 559, 24
5, 561, 10
5, 565, 49
5, 569, 22
5, 570, 47
5, 572, 23
5, 574, 12
5, 579, 40
5, 582, 51
5, 586, 39
5, 588, 4
5, 588, 7
5, 588, 49
5, 589, 30
5, 591, 34
5, 593, 29
5, 595, 57
5, 597, 10
5, 598, 15
5, 600, 37
5, 600, 54
5, 604, 18
5, 608, 8
5, 608, 16
5, 608, 57
5, 609, 33
5, 611, 3
5, 613, 46
5, 613, 47
5, 616, 13
5, 617, 7
5, 617, 19
5, 618, 26
5, 619, 23
5, 621, 17
5, 621, 23
5, 621, 42
5, 622, 20
5, 626, 19
5, 630, 50
5, 635, 15
5, 636, 5
5, 639, 47
5, 641, 35
5, 641, 36
5, 645, 22
5, 647, 24
5, 651, 6
5, 652, 33
5, 653, 49
5, 654, 4
5, 655, 11
5, 655, 24
5, 655, 50
5, 659, 22
5, 663, 18
5, 663, 54
5, 668, 10
5, 671, 6
5, 672, 21
5, 675, 43
5, 676, 31
5, 678, 6
5, 678, 32
5, 680, 27
5, 688, 7
5, 692, 38
5, 693, 12
5, 696, 45
5, 697, 2
5, 698, 40
5, 699, 20
5, 701, 57
5, 704, 1
5, 705, 29
5, 708, 34
5, 710, 18
5, 711, 41
5, 715, 19
5, 717, 39
5, 721, 5
5, 722, 33
5, 723, 16
5, 724, 3
5, 724, 23
5, 726, 17
5, 726, 31
5, 732, 11
5, 737, 26
5, 737, 40
5, 737, 48
5, 738, 9
5, 738, 46
5, 741, 12
5, 741, 18
5, 745, 7
5, 745, 48
5, 747, 22
5, 747, 53
5, 749, 54
5, 750, 10
5, 753, 52
5, 754, 35
5, 757, 22
5, 757, 50
5, 758, 29
5, 758, 37
5, 772, 6
5, 773, 49
5, 779, 4
5, 782, 21
5, 784, 24
5, 787, 28
5, 795, 48
5, 798, 15
6, 1, 11
6, 2, 29
6, 2, 34
6, 2, 44
6, 6, 14
6, 7, 9
6, 9, 35
6, 11, 7
6, 13, 20
6, 14, 28
6, 16, 27
6, 18, 14
6, 22, 31
6, 22, 39
6, 23, 32
6, 24, 37
6, 25, 44
6, 28, 24
6, 31, 52
6, 33, 23
6, 36, 10
6, 37, 29
6, 37, 53
6, 39, 7
6, 40, 48
6, 41, 47
6, 44, 22
6, 45, 5
6, 45, 29
6, 46, 8
6, 46, 12
6, 46, 43
6, 48, 18
6, 48, 25
6, 55, 13
6, 56, 10
6, 56, 39
6, 58, 10
6, 58, 48
6, 59, 9
6, 60, 31
6, 65, 20
6, 65, 34
6, 68, 40
6, 72, 4
6, 73, 12
6, 74, 50
6, 77, 12
6, 78, 24
6, 79, 56
6, 80, 1
6, 80, 55
6, 81, 2
6, 82, 10
6, 82, 17
6, 83, 6
6, 86, 43
6, 87, 41
6, 88, 8
6, 89, 46
6, 92, 15
6, 92, 28
6, 93, 45
6, 96, 23
6, 97, 34
6, 97, 51
6, 105, 32
6, 108, 16
6, 108, 44
6, 109, 24
6, 110, 49
6, 120, 36
6, 120, 42
6, 121, 24
6, 123, 32
6, 125, 35
6, 130, 19
6, 132, 26
6, 134, 48
6, 136, 51
6, 140, 32
6, 141, 20
6, 145, 8
6, 145, 11
6, 147, 7
6, 147, 40
6, 149, 44
6, 152, 12
6, 153, 24
6, 154, 10
6, 154, 45
6, 157, 38
6, 159, 14
6, 160, 55
6, 161, 33
6, 163, 43
6, 164, 3
6, 165, 30
6, 166, 4
6, 166, 24
6, 166, 54
6, 167, 34
6, 168, 47
6, 169, 31
6, 172, 22
6, 174, 6
6, 175, 3
6, 175, 46
6, 179, 21
6, 183, 18
6, 186, 1
6, 190, 15
6, 192, 36
6, 193, 5
6, 193, 9
6, 195, 13
6, 195, 14
6, 197, 37
6, 198, 13
6, 199, 23
6, 200, 7
6, 201, 25
6, 204, 17
6, 210, 15
6, 211, 2
6, 217, 35
6, 218, 10
6, 218, 52
6, 218, 57
6, 220, 23
6, 222, 27
6, 222, 48
6, 223, 41
6, 226, 19
6, 231, 3
6, 231, 29
6, 233, 48
6, 234, 9
6, 234, 11
6, 234, 28
6, 234, 36
6, 242, 40
6, 243, 47
6, 245, 29
6, 248, 27
6, 250, 42
6, 251, 12
6, 254, 32
6, 255, 45
6, 256, 43
6, 257, 18
6, 259, 17
6, 261, 8
6, 262, 24
6, 265, 7
6, 267, 6
6, 267, 16
6, 267, 35
6, 270, 20
6, 275, 44
6, 277, 39
6, 279, 5
6, 280, 44
6, 280, 51
6, 282, 4
6, 283, 28
6, 284, 49
6, 286, 31
6, 290, 3
6, 291, 13
6, 292, 52
6, 296, 45
6, 296, 56
6, 297, 12
6, 297, 21
6, 297, 51
6, 299, 38
6, 300, 14
6, 301, 1
6, 301, 29
6, 303, 44
6, 305, 15
6, 305, 56
6, 308, 12
6, 308, 32
6, 309, 19
6, 310, 34
6, 313, 30
6, 313, 33
6, 314, 7
6, 315, 22
6, 315, 33
6, 316, 53
6, 318, 53
6, 321, 26
6, 322, 15
6, 323, 37
6, 323, 53
6, 325, 40
6, 326, 6
6, 326, 20
6, 326, 44
6, 328, 19
6, 328, 46
6, 329, 43
6, 335, 41
6, 338, 27
6, 343, 31
6, 344, 34
6, 347, 6
6, 349, 16
6, 351, 30
6, 352, 23
6, 355, 50
6, 355, 55
6, 356, 1
6, 356, 2
6, 358, 18
6, 360, 13
6, 364, 36
6, 365, 25
6, 366, 13
6, 368, 10
6, 368, 51
6, 369, 56
6, 370, 11
6, 371, 50
6, 374, 4
6, 375, 37
6, 377, 15
6, 382, 21
6, 382, 48
6, 386, 13
6, 387, 47
6, 389, 18
6, 389, 42
6, 390, 26
6, 391, 16
6, 392, 24
6, 395, 28
6, 399, 52
6, 400, 17
6, 401, 22
6, 403, 8
6, 404, 11
6, 405, 32
6, 406, 6
6, 408, 15
6, 411, 5
6, 411, 10
6, 412, 14
6, 415, 12
6, 416, 7
6, 416, 44
6, 418, 45
6, 421, 37
6, 423, 9
6, 424, 3
6, 424, 44
6, 425, 20
6, 425, 36
6, 426, 7
6, 435, 2
6, 437, 12
6, 437, 54
6, 438, 39
6, 439, 6
6, 444, 33
6, 447, 26
6, 447, 46
6, 447, 57
6, 450, 23
6, 451, 27
6, 452, 30
6, 452, 56
6, 454, 31
6, 454, 35
6, 455, 43
6, 457, 44
6, 458, 31
6, 459, 22
6, 461, 33
6, 462, 7
6, 462, 21
6, 464, 49
6, 465, 24
6, 470, 4
6, 471, 19
6, 472, 41
6, 480, 35
6, 480, 42
6, 482, 24
6, 485, 29
6, 486, 56
6, 487, 25
6, 487, 40
6, 490, 3
6, 491, 10
6, 494, 34
6, 496, 38
6, 497, 3
6, 500, 48
6, 501, 33
6, 505, 18
6, 506, 40
6, 508, 15
6, 513, 13
6, 516, 48
6, 518, 13
6, 520, 11
6, 520, 41
6, 523, 16
6, 523, 32
6, 523, 53
6, 527, 18
6, 528, 36
6, 528, 51
6, 530, 39
6, 533, 26
6, 534, 53
6, 535, 14
6, 535, 17
6, 536, 20
6, 538, 15
6, 543, 8
6, 547, 34
6, 549, 45
6, 549, 53
6, 550, 18
6, 550, 30
6, 552, 4
6, 553, 34
6, 554, 22
6, 554, 43
6, 558, 20
6, 561, 28
6, 562, 55
6, 563, 9
6, 565, 25
6, 567, 7
6, 568, 1
6, 568, 14
6, 568, 40
6, 570, 15
6, 570, 46
6, 573, 37
6, 574, 10
6, 575, 25
6, 575, 31
6, 579, 8
6, 581, 47
6, 586, 38
6, 587, 46
6, 591, 7
6, 591, 27
6, 594, 23
6, 595, 5
6, 596, 21
6, 596, 24
6, 598, 26
6, 598, 49
6, 599, 32
6, 602, 52
6, 603, 13
6, 603, 19
6, 603, 44
6, 605, 38
6, 611, 6
6, 612, 1
6, 614, 56
6, 618, 39
6, 622, 15
6, 622, 28
6, 623, 8
6, 625, 42
6, 627, 10
6, 630, 29
6, 630, 33
6, 632, 48
6, 639, 11
6, 646, 3
6, 647, 18
6, 648, 22
6, 648, 32
6, 649, 17
6, 650, 35
6, 652, 18
6, 652, 22
6, 652, 41
6, 654, 43
6, 655, 40
6, 656, 36
6, 657, 13
6, 657, 30
6, 658, 37
6, 665, 28
6, 668, 35
6, 670, 19
6, 673, 26
6, 676, 17
6, 687, 24
6, 688, 9
6, 690, 20
6, 691, 4
6, 691, 20
6, 694, 42
6, 696, 57
6, 697, 5
6, 697, 27
6, 700, 14
6, 704, 53
6, 706, 27
6, 709, 56
6, 710, 44
6, 710, 47
6, 711, 34
6, 713, 11
6, 713, 41
6, 713, 51
6, 717, 25
6, 719, 10
6, 720, 17
6, 720, 31
6, 726, 46
6, 731, 9
6, 732, 26
6, 733, 10
6, 738, 24
6, 739, 32
6, 741, 15
6, 741, 30
6, 742, 40
6, 744, 44
6, 745, 51
6, 746, 1
6, 746, 39
6, 749, 11
6, 749, 42
6, 749, 49
6, 755, 17
6, 755, 38
6, 757, 2
6, 759, 30
6, 766, 11
6, 769, 13
6, 770, 18
6, 771, 22
6, 772, 48
6, 774, 24
6, 776, 14
6, 777, 37
6, 783, 3
6, 783, 42
6, 786, 32
6, 789, 33
6, 790, 21
6, 795, 12
6, 795, 34
6, 796, 8
7, 4, 6
7, 6, 33
7, 6, 38
7, 11, 6
7, 14, 3
7, 23, 27
7, 25, 8
7, 25, 55
7, 26, 42
7, 27, 52
7, 28, 29
7, 35, 37
7, 36, 53
7, 37, 24
7, 37, 47
7, 39, 53
7, 41, 32
7, 44, 9
7, 45, 3
7, 46, 18
7, 46, 48
7, 47, 32
7, 47, 40
7, 49, 49
7, 50, 41
7, 51, 33
7, 52, 12
7, 52, 39
7, 54, 54
7, 55, 34
7, 56, 17
7, 58, 1
7, 58, 18
7, 61, 6
7, 61, 24
7, 64, 17
7, 67, 29
7, 72, 39
7, 75, 45
7, 77, 27
7, 77, 35
7, 78, 4
7, 80, 15
7, 87, 30
7, 87, 50
7, 89, 7
7, 89, 33
7, 90, 40
7, 91, 1
7, 94, 27
7, 96, 7
7, 96, 19
7, 96, 33
7, 98, 58
7, 99, 9
7, 100, 49
7, 109, 14
7, 109, 44
7, 110, 11
7, 110, 37
7, 112, 37
7, 113, 46
7, 116, 18
7, 118, 26
7, 119, 2
7, 122, 13
7, 122, 14
7, 126, 52
7, 129, 29
7, 132, 34
7, 133, 54
7, 135, 48
7, 136, 11
7, 136, 23
7, 136, 28
7, 139, 25
7, 139, 29
7, 140, 8
7, 142, 41
7, 143, 21
7, 145, 49
7, 149, 29
7, 149, 51
7, 151, 30
7, 153, 31
7, 156, 30
7, 159, 17
7, 159, 22
7, 163, 22
7, 165, 20
7, 166, 9
7, 166, 15
7, 166, 28
7, 170, 6
7, 170, 21
7, 171, 25
7, 174, 1
7, 174, 3
7, 176, 21
7, 176, 31
7, 177, 38
7, 178, 12
7, 178, 50
7, 180, 5
7, 186, 35
7, 187, 21
7, 187, 33
7, 188, 42
7, 189, 14
7, 192, 31
7, 193, 3
7, 197, 45
7, 199, 8
7, 203, 18
7, 204, 3
7, 204, 9
7, 204, 41
7, 205, 16
7, 205, 32
7, 206, 19
7, 208, 27
7, 209, 57
7, 213, 33
7, 213, 52
7, 215, 27
7, 219, 39
7, 220, 4
7, 222, 15
7, 223, 24
7, 225, 33
7, 228, 10
7, 229, 27
7, 229, 54
7, 230, 13
7, 233, 56
7, 238, 44
7, 240, 26
7, 243, 19
7, 243, 46
7, 244, 44
7, 244, 46
7, 245, 19
7, 247, 7
7, 249, 47
7, 250, 40
7, 252, 3
7, 252, 30
7, 255, 7
7, 256, 2
7, 258, 37
7, 259, 26
7, 261, 30
7, 265, 17
7, 265, 40
7, 267, 4
7, 267, 11
7, 269, 5
7, 274, 23
7, 274, 36
7, 275, 23
7, 276, 42
7, 281, 12
7, 285, 8
7, 288, 14
7, 288, 34
7, 289, 3
7, 290, 22
7, 292, 40
7, 294, 19
7, 295, 38
7, 297, 51
7, 298, 40
7, 300, 25
7, 300, 31
7, 302, 53
7, 303, 45
7, 304, 24
7, 306, 29
7, 307, 6
7, 307, 49
7, 309, 34
7, 311, 39
7, 312, 17
7, 312, 53
7, 314, 48
7, 314, 52
7, 315, 33
7, 318, 9
7, 321, 11
7, 323, 28
7, 323, 49
7, 324, 35
7, 326, 16
7, 326, 20
7, 328, 32
7, 329, 1
7, 330, 43
7, 332, 18
7, 334, 8
7, 336, 14
7, 339, 11
7, 345, 6
7, 345, 11
7, 346, 16
7, 346, 35
7, 347, 39
7, 348, 8
7, 351, 34
7, 356, 8
7, 357, 46
7, 358, 37
7, 359, 26
7, 361, 12
7, 364, 35
7, 365, 13
7, 365, 24
7, 367, 30
7, 367, 41
7, 368, 55
7, 372, 19
7, 374, 21
7, 375, 27
7, 375, 42
7, 376, 41
7, 377, 3
7, 377, 5
7, 377, 47
7, 378, 25
7, 378, 29
7, 379, 23
7, 380, 7
7, 381, 27
7, 384, 50
7, 386, 4
7, 386, 39
7, 391, 46
7, 394, 54
7, 397, 10
7, 401, 28
7, 402, 15
7, 402, 27
7, 402, 36
7, 406, 57
7, 408, 31
7, 409, 2
7, 411, 44
7, 412, 3
7, 413, 2
7, 415, 32
7, 415, 34
7, 417, 21
7, 419, 48
7, 429, 38
7, 430, 36
7, 432, 17
7, 441, 31
7, 445, 20
7, 446, 53
7, 451, 22
7, 453, 45
7, 457, 56
7, 459, 17
7, 459, 24
7, 460, 20
7, 462, 5
7, 462, 37
7, 464, 8
7, 468, 1
7, 470, 28
7, 470, 30
7, 470, 40
7, 470, 54
7, 471, 13
7, 471, 16
7, 471, 20
7, 473, 9
7, 476, 13
7, 477, 8
7, 481, 52
7, 481, 56
7, 484, 7
7, 486, 39
7, 488, 35
7, 494, 14
7, 495, 20
7, 496, 52
7, 497, 49
7, 498, 6
7, 498, 11
7, 499, 12
7, 501, 9
7, 503, 29
7, 505, 12
7, 505, 35
7, 505, 47
7, 506, 26
7, 509, 18
7, 512, 19
7, 514, 36
7, 517, 3
7, 518, 41
7, 519, 4
7, 519, 27
7, 520, 6
7, 521, 43
7, 522, 23
7, 522, 55
7, 523, 36
7, 525, 15
7, 527, 42
7, 527, 45
7, 530, 38
7, 530, 57
7, 538, 12
7, 538, 25
7, 539, 41
7, 542, 28
7, 548, 50
7, 549, 10
7, 551, 46
7, 552, 34
7, 554, 8
7, 554, 17
7, 557, 51
7, 559, 28
7, 560, 10
7, 561, 11
7, 561, 33
7, 561, 58
7, 563, 7
7, 563, 44
7, 566, 2
7, 566, 5
7, 567, 32
7, 567, 49
7, 569, 31
7, 571, 39
7, 573, 2
7, 574, 16
7, 579, 28
7, 582, 1
7, 584, 22
7, 586, 53
7, 588, 18
7, 589, 39
7, 598, 4
7, 601, 27
7, 605, 30
7, 606, 25
7, 607, 10
7, 607, 13
7, 608, 40
7, 609, 41
7, 609, 48
7, 610, 1
7, 610, 12
7, 613, 9
7, 613, 17
7, 618, 45
7, 618, 52
7, 620, 54
7, 621, 7
7, 622, 16
7, 624, 2
7, 624, 27
7, 625, 45
7, 626, 1
7, 629, 18
7, 634, 35
7, 638, 5
7, 639, 11
7, 639, 37
7, 640, 19
7, 640, 24
7, 641, 28
7, 641, 37
7, 643, 21
7, 643, 43
7, 649, 20
7, 649, 30
7, 652, 15
7, 653, 26
7, 653, 54
7, 654, 17
7, 655, 21
7, 658, 6
7, 659, 42
7, 661, 31
7, 663, 2
7, 663, 6
7, 666, 34
7, 666, 56
7, 667, 39
7, 667, 49
7, 668, 15
7, 670, 40
7, 671, 9
7, 671, 38
7, 672, 19
7, 676, 12
7, 678, 47
7, 679, 20
7, 683, 43
7, 687, 36
7, 690, 5
7, 691, 16
7, 692, 21
7, 694, 51
7, 697, 47
7, 699, 18
7, 702, 30
7, 703, 37
7, 705, 13
7, 705, 32
7, 706, 29
7, 706, 42
7, 707, 8
7, 707, 46
7, 711, 22
7, 715, 39
7, 725, 4
7, 728, 13
7, 733, 8
7, 735, 32
7, 736, 57
7, 739, 33
7, 741, 20
7, 744, 11
7, 745, 21
7, 750, 1
7, 751, 9
7, 753, 7
7, 756, 19
7, 758, 56
7, 759, 11
7, 760, 27
7, 761, 7
7, 762, 10
7, 762, 38
7, 763, 41
7, 763, 49
7, 767, 22
7, 767, 24
7, 767, 52
7, 770, 50
7, 771, 19
7, 771, 35
7, 772, 16
7, 774, 32
7, 775, 25
7, 776, 6
7, 780, 13
7, 783, 17
7, 785, 12
7, 789, 37
7, 794, 44
7, 797, 45
7, 799, 51
8, 3, 22
8, 5, 21
8, 5, 24
8, 5, 36
8, 7, 7
8, 9, 5
8, 13, 29
8, 14, 8
8, 14, 42
8, 17, 7
8, 19, 46
8, 19, 56
8, 20, 17
8, 20, 27
8, 23, 20
8, 24, 11
8, 24, 40
8, 27, 35
8, 28, 48
8, 34, 10
8, 35, 11
8, 35, 12
8, 36, 32
8, 39, 43
8, 48, 30
8, 48, 55
8, 58, 37
8, 59, 6
8, 63, 29
8, 63, 49
8, 68, 44
8, 70, 19
8, 71, 34
8, 71, 35
8, 72, 16
8, 74, 52
8, 76, 15
8, 77, 28
8, 87, 13
8, 92, 43
8, 93, 23
8, 93, 38
8, 103, 36
8, 104, 24
8, 105, 41
8, 105, 48
8, 107, 39
8, 109, 32
8, 110, 2
8, 110, 13
8, 112, 44
8, 113, 28
8, 115, 9
8, 117, 45
8, 119, 18
8, 120, 56
8, 124, 46
8, 125, 27
8, 132, 16
8, 135, 13
8, 137, 1
8, 139, 5
8, 140, 12
8, 140, 21
8, 141, 50
8, 142, 20
8, 143, 52
8, 145, 31
8, 145, 44
8, 146, 22
8, 147, 14
8, 147, 38
8, 148, 39
8, 149, 24
8, 150, 9
8, 154, 35
8, 155, 8
8, 158, 25
8, 166, 23
8, 170, 46
8, 171, 26
8, 172, 30
8, 173, 11
8, 177, 40
8, 177, 41
8, 177, 55
8, 182, 19
8, 182, 43
8, 183, 23
8, 183, 42
8, 184, 3
8, 188, 49
8, 194, 5
8, 195, 37
8, 197, 28
8, 198, 51
8, 199, 37
8, 200, 40
8, 201, 10
8, 205, 17
8, 206, 53
8, 207, 33
8, 210, 6
8, 212, 40
8, 215, 21
8, 216, 34
8, 222, 46
8, 225, 2
8, 225, 56
8, 227, 47
8, 228, 29
8, 232, 39
8, 236, 18
8, 240, 20
8, 240, 35
8, 241, 6
8, 241, 48
8, 244, 15
8, 245, 14
8, 246, 1
8, 251, 51
8, 252, 24
8, 253, 27
8, 253, 42
8, 259, 36
8, 261, 54
8, 262, 11
8, 264, 3
8, 264, 13
8, 265, 16
8, 269, 8
8, 269, 45
8, 270, 37
8, 273, 29
8, 275, 32
8, 275, 52
8, 276, 19
8, 277, 12
8, 279, 16
8, 280, 32
8, 280, 44
8, 281, 49
8, 286, 5
8, 287, 22
8, 289, 35
8, 290, 6
8, 291, 17
8, 296, 33
8, 297, 31
8, 303, 10
8, 303, 16
8, 307, 52
8, 308, 14
8, 309, 2
8, 311, 13
8, 311, 25
8, 313, 9
8, 314, 41
8, 314, 46
8, 316, 6
8, 319, 27
8, 320, 34
8, 321, 30
8, 323, 38
8, 324, 47
8, 330, 28
8, 337, 7
8, 337, 15
8, 337, 19
8, 341, 8
8, 341, 56
8, 342, 23
8, 344, 9
8, 346, 43
8, 346, 50
8, 349, 7
8, 351, 32
8, 357, 53
8, 360, 3
8, 360, 34
8, 363, 5
8, 363, 17
8, 365, 18
8, 366, 4
8, 371, 1
8, 371, 38
8, 373, 11
8, 373, 40
8, 375, 12
8, 375, 48
8, 378, 36
8, 378, 39
8, 384, 26
8, 387, 41
8, 388, 44
8, 391, 17
8, 391, 55
8, 396, 24
8, 397, 2
8, 397, 13
8, 397, 51
8, 405, 29
8, 407, 16
8, 407, 36
8, 409, 37
8, 411, 32
8, 411, 35
8, 411, 50
8, 415, 22
8, 417, 26
8, 418, 49
8, 420, 30
8, 421, 42
8, 424, 15
8, 426, 25
8, 426, 33
8, 433, 5
8, 433, 54
8, 437, 6
8, 437, 21
8, 438, 20
8, 438, 25
8, 438, 40
8, 438, 54
8, 439, 47
8, 442, 47
8, 444, 28
8, 445, 24
8, 445, 52
8, 447, 24
8, 450, 9
8, 451, 35
8, 452, 11
8, 457, 27
8, 463, 33
8, 464, 12
8, 464, 42
8, 465, 35
8, 466, 1
8, 467, 31
8, 468, 8
8, 469, 7
8, 470, 15
8, 471, 56
8, 474, 20
8, 478, 4
8, 478, 48
8, 480, 47
8, 483, 30
8, 483, 45
8, 484, 15
8, 488, 10
8, 497, 46
8, 506, 12
8, 506, 18
8, 506, 28
8, 507, 42
8, 507, 53
8, 512, 3
8, 513, 2
8, 513, 36
8, 513, 52
8, 517, 41
8, 518, 39
8, 519, 17
8, 522, 10
8, 523, 28
8, 524, 26
8, 525, 6
8, 527, 22
8, 527, 27
8, 527, 44
8, 530, 11
8, 532, 29
8, 533, 2
8, 533, 21
8, 539, 23
8, 540, 4
8, 540, 33
8, 540, 45
8, 541, 4
8, 542, 38
8, 544, 11
8, 545, 4
8, 545, 50
8, 551, 13
8, 551, 32
8, 553, 37
8, 553, 43
8, 555, 47
8, 556, 55
8, 562, 56
8, 571, 34
8, 574, 35
8, 577, 28
8, 577, 34
8, 577, 52
8, 578, 17
8, 580, 8
8, 580, 16
8, 581, 19
8, 582, 25
8, 584, 6
8, 586, 31
8, 591, 38
8, 591, 40
8, 592, 38
8, 604, 27
8, 610, 30
8, 613, 14
8, 614, 32
8, 616, 31
8, 619, 36
8, 621, 53
8, 625, 9
8, 626, 5
8, 626, 16
8, 627, 35
8, 629, 7
8, 629, 23
8, 632, 4
8, 633, 42
8, 634, 49
8, 635, 48
8, 636, 20
8, 637, 46
8, 645, 28
8, 646, 10
8, 647, 54
8, 653, 39
8, 655, 37
8, 656, 33
8, 656, 45
8, 656, 52
8, 664, 6
8, 665, 13
8, 668, 2
8, 668, 22
8, 668, 27
8, 668, 43
8, 669, 33
8, 669, 44
8, 678, 11
8, 680, 15
8, 680, 55
8, 682, 18
8, 682, 40
8, 683, 14
8, 686, 12
8, 689, 32
8, 690, 14
8, 690, 29
8, 692, 51
8, 698, 41
8, 700, 8
8, 700, 34
8, 703, 26
8, 704, 4
8, 704, 52
8, 705, 56
8, 706, 5
8, 706, 49
8, 707, 19
8, 708, 22
8, 708, 32
8, 709, 55
8, 710, 31
8, 711, 25
8, 712, 47
8, 715, 17
8, 717, 24
8, 717, 28
8, 719, 36
8, 722, 39
8, 725, 9
8, 725, 36
8, 727, 13
8, 728, 38
8, 736, 19
8, 738, 21
8, 740, 13
8, 741, 13
8, 741, 45
8, 744, 28
8, 744, 53
8, 746, 16
8, 749, 43
8, 751, 9
8, 757, 53
8, 764, 29
8, 765, 21
8, 767, 40
8, 771, 42
8, 774, 32
8, 776, 22
8, 776, 33
8, 781, 4
8, 781, 31
8, 781, 49
8, 782, 10
8, 782, 12
8, 783, 14
8, 783, 56
8, 784, 46
8, 786, 50
8, 788, 21
8, 791, 6
8, 792, 17
8, 794, 11
8, 795, 18
8, 796, 7
8, 797, 42
9, 2, 9
9, 2, 21
9, 2, 40
9, 2, 44
9, 4, 49
9, 5, 27
9, 9, 41
9, 9, 52
9, 10, 34
9, 13, 45
9, 16, 2
9, 16, 32
9, 18, 26
9, 22, 49
9, 23, 17
9, 24, 8
9, 24, 9
9, 24, 19
9, 24, 24
9, 28, 18
9, 28, 21
9, 28, 23
9, 28, 48
9, 30, 55
9, 39, 25
9, 40, 18
9, 40, 30
9, 41, 35
9, 42, 8
9, 42, 31
9, 43, 57
9, 48, 17
9, 49, 1
9, 60, 32
9, 60, 46
9, 61, 14
9, 64, 38
9, 67, 50
9, 68, 58
9, 69, 6
9, 69, 10
9, 70, 7
9, 72, 11
9, 73, 37
9, 75, 27
9, 75, 42
9, 77, 6
9, 78, 48
9, 82, 6
9, 86, 16
9, 86, 26
9, 88, 28
9, 91, 43
9, 97, 9
9, 98, 27
9, 102, 23
9, 104, 34
9, 107, 11
9, 108, 4
9, 108, 5
9, 111, 19
9, 111, 30
9, 113, 9
9, 115, 13
9, 115, 29
9, 120, 33
9, 120, 36
9, 122, 41
9, 130, 42
9, 131, 51
9, 138, 17
9, 139, 20
9, 141, 26
9, 143, 2
9, 144, 40
9, 146, 38
9, 148, 46
9, 150, 31
9, 151, 46
9, 155, 45
9, 155, 55
9, 156, 32
9, 157, 8
9, 160, 3
9, 163, 41
9, 163, 58
9, 169, 31
9, 171, 36
9, 176, 9
9, 176, 42
9, 176, 44
9, 177, 37
9, 179, 10
9, 180, 18
9, 181, 43
9, 182, 23
9, 188, 5
9, 188, 53
9, 190, 57
9, 192, 44
9, 193, 32
9, 197, 19
9, 197, 35
9, 200, 49
9, 201, 1
9, 201, 25
9, 204, 16
9, 204, 28
9, 207, 47
9, 208, 52
9, 211, 48
9, 213, 5
9, 213, 38
9, 214, 58
9, 215, 16
9, 218, 39
9, 219, 6
9, 219, 11
9, 222, 17
9, 223, 12
9, 224, 7
9, 227, 35
9, 229, 22
9, 231, 26
9, 234, 19
9, 235, 21
9, 235, 40
9, 238, 2
9, 238, 53
9, 240, 45
9, 242, 2
9, 245, 34
9, 245, 51
9, 246, 7
9, 247, 27
9, 250, 14
9, 251, 9
9, 252, 11
9, 255, 4
9, 256, 30
9, 258, 55
9, 259, 9
9, 262, 21
9, 263, 17
9, 264, 14
9, 264, 24
9, 266, 8
9, 267, 13
9, 268, 55
9, 275, 12
9, 277, 22
9, 278, 3
9, 282, 13
9, 283, 53
9, 284, 50
9, 285, 49
9, 288, 43
9, 291, 12
9, 291, 14
9, 291, 27
9, 294, 18
9, 302, 6
9, 302, 50
9, 303, 46
9, 304, 36
9, 304, 41
9, 307, 31
9, 310, 23
9, 311, 29
9, 318, 5
9, 320, 42
9, 321, 46
9, 332, 1
9, 332, 22
9, 336, 32
9, 336, 44
9, 338, 10
9, 339, 49
9, 341, 28
9, 342, 20
9, 342, 33
9, 343, 47
9, 344, 21
9, 344, 37
9, 346, 44
9, 349, 19
9, 350, 9
9, 350, 38
9, 351, 40
9, 352, 35
9, 352, 48
9, 355, 4
9, 355, 16
9, 358, 8
9, 361, 26
9, 365, 39
9, 367, 21
9, 368, 2
9, 377, 54
9, 383, 45
9, 384, 24
9, 385, 57
9, 387, 43
9, 391, 12
9, 392, 4
9, 392, 36
9, 393, 17
9, 394, 13
9, 394, 35
9, 397, 3
9, 397, 25
9, 398, 58
9, 401, 52
9, 402, 15
9, 407, 46
9, 409, 16
9, 411, 41
9, 415, 53
9, 417, 5
9, 420, 5
9, 422, 42
9, 423, 7
9, 423, 27
9, 424, 20
9, 426, 23
9, 428, 6
9, 428, 34
9, 429, 32
9, 429, 33
9, 431, 29
9, 433, 22
9, 434, 43
9, 435, 29
9, 435, 51
9, 439, 9
9, 439, 14
9, 441, 39
9, 442, 56
9, 443, 12
9, 445, 30
9, 448, 31
9, 449, 11
9, 452, 32
9, 453, 58
9, 454, 3
9, 455, 44
9, 457, 3
9, 457, 46
9, 458, 26
9, 461, 37
9, 466, 1
9, 471, 6
9, 471, 32
9, 474, 28
9, 475, 54
9, 476, 53
9, 479, 24
9, 484, 21
9, 486, 2
9, 491, 46
9, 493, 50
9, 494, 38
9, 498, 4
9, 498, 47
9, 499, 8
9, 500, 18
9, 502, 55
9, 503, 10
9, 503, 45
9, 503, 56
9, 506, 20
9, 506, 40
9, 506, 48
9, 507, 8
9, 508, 41
9, 515, 27
9, 517, 40
9, 527, 10
9, 527, 22
9, 532, 17
9, 534, 33
9, 535, 24
9, 536, 28
9, 536, 52
9, 538, 45
9, 540, 17
9, 540, 19
9, 543, 24
9, 544, 13
9, 544, 17
9, 544, 57
9, 545, 47
9, 546, 35
9, 546, 42
9, 547, 5
9, 553, 51
9, 554, 43
9, 556, 30
9, 563, 1
9, 563, 7
9, 563, 34
9, 565, 1
9, 567, 16
9, 568, 9
9, 568, 16
9, 568, 28
9, 570, 25
9, 572, 8
9, 573, 3
9, 574, 2
9, 575, 57
9, 577, 39
9, 578, 44
9, 582, 4
9, 582, 35
9, 591, 6
9, 591, 21
9, 592, 4
9, 593, 37
9, 594, 33
9, 596, 43
9, 597, 49
9, 599, 32
9, 600, 29
9, 601, 12
9, 603, 6
9, 604, 34
9, 606, 18
9, 606, 40
9, 607, 9
9, 612, 12
9, 613, 36
9, 618, 44
9, 619, 53
9, 622, 38
9, 624, 26
9, 625, 14
9, 626, 43
9, 631, 20
9, 631, 58
9, 632, 28
9, 632, 31
9, 635, 11
9, 638, 3
9, 641, 41
9, 646, 10
9, 648, 21
9, 655, 7
9, 656, 25
9, 656, 46
9, 659, 8
9, 659, 56
9, 662, 48
9, 665, 20
9, 667, 15
9, 668, 8
9, 668, 19
9, 669, 45
9, 673, 18
9, 675, 5
9, 675, 24
9, 676, 5
9, 677, 50
9, 678, 36
9, 679, 37
9, 680, 55
9, 681, 6
9, 682, 30
9, 684, 17
9, 686, 2
9, 686, 35
9, 687, 48
9, 688, 9
9, 691, 13
9, 695, 25
9, 698, 31
9, 700, 45
9, 702, 23
9, 703, 17
9, 704, 13
9, 705, 29
9, 707, 5
9, 707, 40
9, 708, 14
9, 710, 42
9, 710, 46
9, 711, 1
9, 713, 30
9, 714, 33
9, 715, 44
9, 721, 24
9, 724, 44
9, 727, 51
9, 730, 20
9, 731, 24
9, 731, 31
9, 734, 26
9, 735, 40
9, 739, 47
9, 745, 34
9, 745, 37
9, 752, 54
9, 753, 28
9, 757, 3
9, 764, 35
9, 764, 55
9, 765, 43
9, 766, 52
9, 768, 20
9, 769, 15
9, 770, 1
9, 772, 41
9, 773, 19
9, 783, 57
9, 784, 16
9, 786, 2
9, 786, 11
9, 786, 36
9, 786, 50
9, 789, 21
9, 791, 10
9, 791, 35
9, 792, 26
9, 794, 4
9, 795, 25
10, 2, 31
10, 3, 25
10, 5, 35
10, 5, 49
10, 6, 40
10, 8, 29
10, 10, 9
10, 10, 26
10, 13, 19
10, 14, 24
10, 14, 32
10, 14, 50
10, 23, 43
10, 26, 24
10, 26, 53
10, 28, 15
10, 29, 4
10, 30, 51
10, 32, 11
10, 34, 35
10, 36, 33
10, 38, 5
10, 41, 27
10, 41, 39
10, 43, 1
10, 43, 54
10, 46, 59
10, 47, 42
10, 49, 18
10, 52, 6
10, 53, 24
10, 54, 12
10, 55, 49
10, 56, 23
10, 56, 42
10, 58, 10
10, 58, 48
10, 60, 47
10, 61, 10
10, 67, 8
10, 68, 46
10, 75, 45
10, 76, 43
10, 79, 18
10, 80, 48
10, 81, 31
10, 81, 44
10, 82, 2
10, 84, 28
10, 84, 40
10, 84, 53
10, 85, 9
10, 91, 21
10, 92, 41
10, 93, 25
10, 93, 30
10, 97, 39
10, 99, 1
10, 104, 16
10, 105, 16
10, 105, 20
10, 107, 40
10, 109, 32
10, 109, 41
10, 110, 9
10, 111, 26
10, 111, 47
10, 111, 52
10, 113, 55
10, 115, 23
10, 116, 10
10, 118, 13
10, 118, 17
10, 122, 58
10, 123, 1
10, 124, 1
10, 124, 35
10, 125, 38
10, 126, 7
10, 129, 7
10, 129, 10
10, 129, 14
10, 129, 46
10, 131, 6
10, 132, 20
10, 133, 3
10, 135, 15
10, 138, 11
10, 139, 56
10, 142, 6
10, 147, 5
10, 151, 43
10, 151, 50
10, 155, 25
10, 156, 5
10, 156, 20
10, 158, 16
10, 159, 4
10, 159, 12
10, 164, 27
10, 168, 11
10, 168, 34
10, 174, 59
10, 175, 51
10, 178, 39
10, 178, 54
10, 179, 2
10, 185, 32
10, 186, 21
10, 188, 9
10, 188, 13
10, 189, 40
10, 194, 44
10, 195, 49
10, 196, 15
10, 197, 30
10, 197, 41
10, 199, 55
10, 201, 37
10, 203, 42
10, 209, 17
10, 209, 45
10, 210, 26
10, 212, 43
10, 214, 19
10, 216, 7
10, 218, 19
10, 218, 38
10, 222, 18
10, 223, 14
10, 225, 53
10, 227, 22
10, 230, 29
10, 232, 25
10, 235, 38
10, 238, 8
10, 239, 6
10, 240, 32
10, 241, 54
10, 244, 1
10, 244, 28
10, 245, 44
10, 249, 10
10, 251, 46
10, 253, 32
10, 253, 53
10, 257, 48
10, 258, 33
10, 259, 23
10, 260, 48
10, 261, 5
10, 262, 24
10, 265, 16
10, 265, 36
10, 265, 54
10, 267, 31
10, 267, 34
10, 269, 25
10, 270, 13
10, 273, 39
10, 274, 3
10, 274, 27
10, 275, 5
10, 277, 4
10, 277, 38
10, 278, 20
10, 281, 29
10, 281, 49
10, 282, 52
10, 283, 33
10, 284, 47
10, 285, 31
10, 286, 48
10, 288, 9
10, 289, 23
10, 291, 21
10, 291, 30
10, 293, 2
10, 294, 25
10, 295, 4
10, 295, 42
10, 299, 2
10, 301, 27
10, 302, 26
10, 305, 40
10, 308, 12
10, 309, 11
10, 310, 28
10, 310, 58
10, 311, 50
10, 313, 5
10, 314, 24
10, 315, 10
10, 315, 35
10, 317, 44
10, 319, 6
10, 319, 11
10, 319, 22
10, 320, 28
10, 320, 34
10, 320, 42
10, 323, 39
10, 330, 37
10, 331, 59
10, 332, 29
10, 333, 3
10, 333, 14
10, 335, 18
10, 335, 32
10, 338, 7
10, 341, 48
10, 342, 30
10, 346, 22
10, 347, 4
10, 350, 21
10, 353, 14
10, 353, 51
10, 354, 42
10, 356, 43
10, 358, 53
10, 359, 8
10, 360, 13
10, 362, 7
10, 362, 23
10, 362, 41
10, 364, 1
10, 364, 8
10, 367, 10
10, 369, 46
10, 370, 15
10, 371, 19
10, 371, 33
10, 372, 13
10, 373, 37
10, 373, 41
10, 373, 55
10, 374, 5
10, 374, 6
10, 374, 19
10, 375, 17
10, 375, 45
10, 376, 46
10, 380, 27
10, 382, 20
10, 385, 9
10, 388, 47
10, 393, 44
10, 394, 23
10, 394, 38
10, 400, 38
10, 403, 47
10, 405, 4
10, 407, 6
10, 413, 29
10, 417, 45
10, 417, 49
10, 422, 40
10, 423, 46
10, 423, 52
10, 424, 12
10, 427, 20
10, 428, 16
10, 429, 36
10, 431, 46
10, 432, 41
10, 433, 28
10, 435, 18
10, 436, 46
10, 437, 29
10, 437, 49
10, 439, 25
10, 439, 31
10, 440, 3
10, 442, 26
10, 443, 26
10, 443, 50
10, 445, 2
10, 445, 4
10, 447, 34
10, 447, 40
10, 448, 10
10, 449, 24
10, 453, 2
10, 454, 49
10, 454, 56
10, 455, 22
10, 458, 31
10, 459, 17
10, 459, 26
10, 459, 32
10, 463, 4
10, 465, 33
10, 466, 12
10, 468, 14
10, 472, 10
10, 472, 32
10, 474, 48
10, 476, 7
10, 476, 36
10, 477, 18
10, 478, 14
10, 479, 1
10, 481, 45
10, 488, 34
10, 489, 21
10, 492, 50
10, 494, 5
10, 496, 27
10, 496, 30
10, 497, 38
10, 498, 33
10, 498, 43
10, 507, 28
10, 509, 1
10, 510, 13
10, 513, 30
10, 513, 39
10, 513, 54
10, 516, 39
10, 517, 15
10, 518, 46
10, 521, 8
10, 525, 3
10, 525, 25
10, 526, 9
10, 526, 44
10, 527, 52
10, 529, 27
10, 530, 6
10, 530, 21
10, 530, 22
10, 533, 35
10, 534, 33
10, 536, 41
10, 536, 43
10, 538, 40
10, 538, 47
10, 540, 56
10, 541, 7
10, 549, 51
10, 554, 37
10, 555, 2
10, 555, 24
10, 555, 58
10, 557, 16
10, 557, 19
10, 557, 23
10, 559, 3
10, 559, 59
10, 560, 22
10, 562, 31
10, 562, 37
10, 563, 4
10, 563, 17
10, 564, 38
10, 570, 20
10, 571, 46
10, 573, 17
10, 578, 29
10, 579, 32
10, 580, 5
10, 581, 44
10, 582, 6
10, 583, 14
10, 583, 42
10, 585, 10
10, 591, 58
10, 594, 13
10, 594, 46
10, 595, 16
10, 598, 26
10, 599, 40
10, 600, 10
10, 604, 35
10, 607, 28
10, 609, 39
10, 610, 11
10, 611, 53
10, 612, 1
10, 612, 34
10, 613, 3
10, 617, 8
10, 618, 42
10, 621, 45
10, 622, 15
10, 623, 25
10, 623, 30
10, 624, 36
10, 624, 43
10, 625, 7
10, 626, 18
10, 627, 8
10, 629, 6
10, 630, 36
10, 631, 50
10, 634, 20
10, 636, 8
10, 638, 24
10, 641, 21
10, 642, 12
10, 643, 37
10, 646, 13
10, 647, 22
10, 647, 55
10, 648, 34
10, 657, 2
10, 657, 23
10, 660, 33
10, 660, 41
10, 661, 3
10, 664, 11
10, 664, 43
10, 665, 5
10, 665, 32
10, 665, 33
10, 666, 44
10, 667, 25
10, 667, 58
10, 669, 48
10, 670, 52
10, 671, 17
10, 672, 40
10, 673, 21
10, 676, 20
10, 677, 9
10, 678, 49
10, 679, 56
10, 683, 36
10, 683, 40
10, 686, 38
10, 689, 7
10, 690, 10
10, 693, 30
10, 694, 28
10, 695, 27
10, 695, 49
10, 698, 15
10, 698, 24
10, 699, 51
10, 700, 38
10, 700, 39
10, 700, 48
10, 701, 16
10, 704, 22
10, 707, 1
10, 708, 56
10, 710, 4
10, 714, 19
10, 722, 34
10, 723, 47
10, 725, 40
10, 727, 17
10, 727, 37
10, 728, 6
10, 728, 21
10, 731, 12
10, 731, 14
10, 735, 2
10, 736, 1
10, 736, 36
10, 736, 58
10, 738, 20
10, 739, 23
10, 741, 46
10, 744, 9
10, 744, 11
10, 745, 35
10, 751, 22
10, 751, 42
10, 753, 41
10, 755, 1
10, 758, 8
10, 759, 21
10, 759, 46
10, 763, 26
10, 765, 37
10, 766, 24
10, 766, 54
10, 767, 39
10, 771, 16
10, 772, 5
10, 773, 19
10, 775, 31
10, 775, 43
10, 777, 44
10, 778, 42
10, 781, 45
10, 782, 24
10, 784, 11
10, 784, 53
10, 786, 41
10, 787, 36
10, 787, 48
10, 790, 40
10, 791, 5
10, 791, 7
10, 793, 34
10, 797, 6
10, 798, 17
10, 798, 30
11, 2, 28
11, 5, 1
11, 6, 27
11, 11, 56
11, 13, 19
11, 14, 23
11, 18, 13
11, 18, 42
11, 19, 6
11, 22, 3
11, 33, 20
11, 36, 55
11, 37, 46
11, 38, 15
11, 40, 35
11, 43, 32
11, 44, 35
11, 44, 36
11, 45, 25
11, 46, 24
11, 50, 12
11, 53, 2
11, 53, 3
11, 54, 29
11, 57, 51
11, 59, 59
11, 60, 29
11, 61, 2
11, 61, 42
11, 62, 2
11, 62, 35
11, 63, 43
11, 67, 30
11, 67, 57
11, 68, 17
11, 68, 50
11, 69, 11
11, 69, 24
11, 71, 19
11, 71, 33
11, 75, 4
11, 75, 6
11, 75, 54
11, 77, 27
11, 78, 45
11, 80, 5
11, 82, 21
11, 83, 40
11, 84, 18
11, 93, 13
11, 97, 31
11, 97, 39
11, 99, 58
11, 101, 7
11, 103, 24
11, 104, 42
11, 112, 47
11, 114, 37
11, 118, 35
11, 118, 50
11, 122, 6
11, 123, 12
11, 123, 38
11, 123, 45
11, 124, 23
11, 125, 28
11, 126, 13
11, 127, 48
11, 128, 3
11, 130, 28
11, 132, 55
11, 135, 34
11, 136, 48
11, 137, 54
11, 141, 58
11, 143, 13
11, 147, 14
11, 149, 9
11, 149, 52
11, 150, 6
11, 150, 49
11, 153, 10
11, 156, 27
11, 163, 1
11, 163, 36
11, 164, 24
11, 164, 36
11, 167, 21
11, 169, 41
11, 170, 12
11, 170, 33
11, 172, 9
11, 172, 20
11, 173, 4
11, 173, 25
11, 173, 40
11, 177, 40
11, 178, 46
11, 182, 53
11, 183, 15
11, 185, 17
11, 185, 39
11, 185, 47
11, 186, 26
11, 190, 16
11, 192, 23
11, 195, 27
11, 198, 5
11, 198, 16
11, 198, 30
11, 200, 9
11, 200, 24
11, 202, 10
11, 203, 14
11, 206, 33
11, 207, 2
11, 207, 43
11, 207, 50
11, 208, 41
11, 210, 5
11, 211, 13
11, 211, 20
11, 218, 26
11, 219, 8
11, 219, 18
11, 221, 38
11, 225, 51
11, 227, 32
11, 227, 38
11, 229, 15
11, 233, 22
11, 234, 17
11, 234, 59
11, 240, 28
11, 241, 37
11, 241, 46
11, 247, 23
11, 247, 35
11, 247, 55
11, 252, 34
11, 258, 45
11, 261, 39
11, 262, 30
11, 275, 3
11, 275, 14
11, 278, 11
11, 286, 24
11, 288, 4
11, 289, 16
11, 290, 26
11, 299, 6
11, 300, 19
11, 301, 44
11, 303, 40
11, 304, 36
11, 305, 25
11, 306, 14
11, 308, 49
11, 310, 3
11, 314, 31
11, 315, 21
11, 321, 55
11, 324, 52
11, 325, 1
11, 325, 4
11, 326, 7
11, 326, 22
11, 327, 20
11, 327, 36
11, 327, 53
11, 328, 47
11, 330, 13
11, 330, 33
11, 332, 9
11, 334, 7
11, 334, 27
11, 334, 48
11, 339, 38
11, 341, 45
11, 343, 5
11, 344, 33
11, 346, 15
11, 349, 10
11, 349, 27
11, 354, 2
11, 357, 29
11, 359, 1
11, 359, 30
11, 359, 44
11, 360, 42
11, 361, 29
11, 362, 12
11, 362, 18
11, 362, 47
11, 365, 33
11, 367, 31
11, 368, 54
11, 371, 10
11, 372, 58
11, 373, 14
11, 373, 43
11, 375, 35
11, 376, 17
11, 377, 24
11, 378, 28
11, 379, 34
11, 381, 26
11, 381, 51
11, 389, 13
11, 389, 46
11, 390, 56
11, 397, 8
11, 401, 25
11, 401, 30
11, 402, 55
11, 404, 12
11, 404, 50
11, 407, 13
11, 408, 41
11, 412, 49
11, 413, 20
11, 417, 37
11, 417, 59
11, 419, 36
11, 425, 32
11, 426, 44
11, 430, 6
11, 431, 22
11, 432, 19
11, 432, 50
11, 434, 21
11, 436, 40
11, 440, 14
11, 440, 51
11, 446, 5
11, 446, 29
11, 447, 11
11, 450, 4
11, 450, 39
11, 455, 11
11, 459, 38
11, 459, 45
11, 461, 3
11, 464, 9
11, 464, 22
11, 465, 33
11, 466, 4
11, 467, 19
11, 467, 31
11, 467, 42
11, 468, 10
11, 470, 14
11, 470, 24
11, 470, 37
11, 474, 39
11, 474, 56
11, 475, 9
11, 475, 53
11, 476, 25
11, 476, 46
11, 478, 48
11, 480, 5
11, 483, 27
11, 483, 43
11, 485, 52
11, 490, 15
11, 491, 23
11, 491, 33
11, 499, 58
11, 501, 7
11, 501, 12
11, 503, 22
11, 503, 26
11, 503, 34
11, 503, 41
11, 506, 6
11, 510, 1
11, 510, 21
11, 512, 28
11, 514, 18
11, 514, 47
11, 516, 30
11, 518, 11
11, 519, 2
11, 520, 17
11, 521, 16
11, 525, 8
11, 528, 23
11, 532, 26
11, 540, 35
11, 540, 42
11, 543, 25
11, 543, 28
11, 545, 32
11, 545, 54
11, 546, 40
11, 550, 13
11, 550, 20
11, 551, 1
11, 551, 23
11, 552, 59
11, 554, 24
11, 559, 14
11, 560, 41
11, 561, 26
11, 563, 3
11, 563, 24
11, 566, 33
11, 570, 7
11, 573, 32
11, 576, 15
11, 576, 22
11, 577, 39
11, 577, 42
11, 584, 4
11, 584, 46
11, 585, 45
11, 586, 39
11, 587, 4
11, 588, 44
11, 597, 49
11, 598, 2
11, 598, 27
11, 598, 43
11, 599, 9
11, 601, 30
11, 603, 10
11, 603, 31
11, 604, 18
11, 605, 50
11, 607, 22
11, 614, 19
11, 619, 51
11, 626, 6
11, 627, 5
11, 627, 48
11, 632, 44
11, 633, 48
11, 634, 16
11, 635, 29
11, 636, 37
11, 637, 8
11, 637, 36
11, 641, 25
11, 641, 52
11, 645, 22
11, 649, 43
11, 649, 45
11, 653, 20
11, 653, 38
11, 654, 39
11, 656, 11
11, 657, 24
11, 658, 12
11, 659, 35
11, 659, 56
11, 660, 29
11, 663, 1
11, 664, 47
11, 665, 33
11, 666, 24
11, 668, 16
11, 669, 40
11, 670, 3
11, 670, 14
11, 673, 48
11, 673, 53
11, 674, 53
11, 675, 8
11, 675, 34
11, 678, 21
11, 684, 41
11, 685, 28
11, 688, 55
11, 691, 59
11, 692, 22
11, 693, 13
11, 694, 1
11, 694, 51
11, 695, 34
11, 698, 15
11, 698, 19
11, 700, 7
11, 701, 10
11, 701, 18
11, 703, 25
11, 705, 46
11, 706, 45
11, 707, 11
11, 709, 9
11, 714, 32
11, 717, 46
11, 717, 54
11, 719, 41
11, 720, 21
11, 726, 26
11, 730, 8
11, 734, 50
11, 740, 6
11, 740, 8
11, 742, 58
11, 744, 2
11, 744, 36
11, 749, 4
11, 752, 3
11, 752, 23
11, 754, 5
11, 754, 33
11, 757, 42
11, 758, 10
11, 758, 39
11, 767, 42
11, 769, 22
11, 771, 7
11, 774, 1
11, 781, 31
11, 783, 28
11, 785, 8
11, 788, 9
11, 790, 31
11, 791, 2
11, 792, 43
11, 795, 35
11, 796, 11
12, 2, 20
12, 4, 6
12, 6, 55
12, 7, 13
12, 9, 3
12, 9, 9
12, 9, 36
12, 10, 27
12, 12, 24
12, 13, 17
12, 17, 29
12, 21, 45
12, 22, 34
12, 23, 27
12, 24, 8
12, 26, 49
12, 31, 15
12, 34, 5
12, 34, 51
12, 34, 55
12, 35, 40
12, 36, 33
12, 38, 31
12, 40, 20
12, 41, 19
12, 42, 28
12, 42, 36
12, 43, 44
12, 46, 5
12, 46, 53
12, 47, 46
12, 48, 6
12, 51, 35
12, 52, 52
12, 54, 5
12, 56, 20
12, 57, 43
12, 58, 2
12, 62, 18
12, 64, 26
12, 64, 50
12, 65, 40
12, 66, 16
12, 69, 17
12, 70, 22
12, 74, 12
12, 75, 51
12, 80, 54
12, 81, 27
12, 82, 21
12, 82, 50
12, 83, 48
12, 84, 47
12, 86, 1
12, 87, 38
12, 89, 30
12, 94, 45
12, 97, 33
12, 100, 7
12, 100, 9
12, 100, 37
12, 109, 15
12, 115, 26
12, 116, 16
12, 116, 19
12, 116, 24
12, 117, 13
12, 121, 18
12, 121, 36
12, 122, 31
12, 122, 45
12, 122, 58
12, 127, 14
12, 127, 34
12, 128, 17
12, 129, 4
12, 131, 25
12, 133, 20
12, 135, 45
12, 137, 26
12, 138, 57
12, 140, 11
12, 141, 3
12, 141, 20
12, 141, 41
12, 143, 6
12, 144, 27
12, 147, 1
12, 147, 35
12, 148, 48
12, 150, 28
12, 151, 43
12, 152, 38
12, 153, 29
12, 154, 2
12, 154, 53
12, 156, 7
12, 156, 14
12, 164, 56
12, 166, 37
12, 167, 5
12, 170, 23
12, 170, 53
12, 171, 23
12, 174, 34
12, 174, 44
12, 175, 28
12, 175, 30
12, 179, 18
12, 180, 46
12, 184, 45
12, 184, 52
12, 187, 1
12, 187, 9
12, 187, 12
12, 188, 24
12, 189, 50
12, 191, 41
12, 192, 16
12, 194, 39
12, 202, 8
12, 206, 14
12, 209, 51
12, 214, 27
12, 215, 55
12, 216, 36
12, 217, 15
12, 218, 40
12, 219, 47
12, 220, 17
12, 221, 46
12, 223, 35
12, 229, 42
12, 230, 10
12, 232, 51
12, 233, 19
12, 233, 34
12, 234, 7
12, 235, 54
12, 238, 21
12, 238, 48
12, 245, 29
12, 248, 56
12, 252, 22
12, 252, 25
12, 252, 29
12, 252, 53
12, 253, 19
12, 255, 4
12, 255, 48
12, 256, 41
12, 258, 10
12, 260, 50
12, 260, 54
12, 261, 34
12, 261, 37
12, 262, 13
12, 262, 43
12, 263, 31
12, 264, 6
12, 264, 13
12, 264, 38
12, 268, 21
12, 268, 37
12, 269, 20
12, 269, 36
12, 269, 38
12, 273, 44
12, 274, 2
12, 277, 33
12, 278, 31
12, 283, 26
12, 285, 18
12, 287, 55
12, 290, 49
12, 292, 39
12, 293, 18
12, 298, 11
12, 299, 3
12, 301, 20
12, 301, 46
12, 302, 9
12, 302, 10
12, 303, 53
12, 304, 47
12, 307, 35
12, 309, 22
12, 312, 28
12, 312, 30
12, 314, 22
12, 314, 32
12, 315, 26
12, 321, 5
12, 323, 14
12, 326, 24
12, 326, 45
12, 326, 58
12, 331, 1
12, 331, 12
12, 331, 27
12, 331, 40
12, 333, 15
12, 344, 21
12, 345, 44
12, 347, 34
12, 348, 51
12, 349, 2
12, 350, 23
12, 351, 8
12, 355, 28
12, 357, 52
12, 358, 39
12, 359, 19
12, 362, 2
12, 364, 37
12, 365, 16
12, 366, 50
12, 369, 17
12, 370, 18
12, 370, 52
12, 371, 30
12, 372, 34
12, 384, 10
12, 384, 23
12, 385, 5
12, 387, 7
12, 388, 17
12, 390, 27
12, 390, 44
12, 394, 23
12, 395, 41
12, 399, 13
12, 399, 47
12, 400, 43
12, 401, 57
12, 404, 15
12, 405, 35
12, 408, 3
12, 408, 46
12, 409, 20
12, 410, 48
12, 412, 13
12, 413, 2
12, 413, 9
12, 414, 31
12, 415, 30
12, 415, 51
12, 417, 3
12, 421, 25
12, 423, 11
12, 423, 21
12, 423, 33
12, 424, 54
12, 425, 1
12, 425, 42
12, 429, 6
12, 430, 38
12, 431, 28
12, 433, 9
12, 433, 37
12, 434, 16
12, 438, 57
12, 440, 9
12, 440, 36
12, 442, 8
12, 442, 40
12, 450, 32
12, 451, 45
12, 452, 26
12, 453, 22
12, 455, 38
12, 458, 43
12, 459, 31
12, 459, 49
12, 460, 14
12, 464, 14
12, 464, 24
12, 467, 47
12, 470, 41
12, 471, 4
12, 472, 51
12, 480, 37
12, 482, 53
12, 484, 32
12, 485, 10
12, 486, 18
12, 487, 12
12, 487, 48
12, 488, 55
12, 489, 15
12, 489, 19
12, 491, 19
12, 494, 44
12, 494, 50
12, 496, 25
12, 500, 34
12, 502, 17
12, 503, 24
12, 504, 2
12, 506, 56
12, 508, 40
12, 512, 54
12, 514, 7
12, 514, 47
12, 518, 5
12, 518, 23
12, 519, 3
12, 523, 30
12, 525, 35
12, 526, 9
12, 526, 43
12, 527, 49
12, 527, 55
12, 528, 9
12, 531, 53
12, 533, 15
12, 535, 52
12, 538, 1
12, 539, 4
12, 544, 25
12, 546, 18
12, 546, 37
12, 547, 29
12, 550, 11
12, 552, 21
12, 556, 8
12, 556, 16
12, 557, 9
12, 561, 39
12, 562, 8
12, 562, 33
12, 564, 58
12, 565, 13
12, 567, 46
12, 569, 17
12, 572, 15
12, 574, 20
12, 576, 53
12, 579, 34
12, 579, 50
12, 580, 38
12, 584, 27
12, 585, 26
12, 585, 33
12, 585, 41
12, 586, 20
12, 589, 34
12, 591, 48
12, 592, 12
12, 592, 32
12, 593, 19
12, 593, 27
12, 593, 31
12, 597, 45
12, 599, 15
12, 600, 27
12, 602, 42
12, 603, 11
12, 604, 42
12, 605, 7
12, 607, 45
12, 608, 32
12, 608, 51
12, 610, 20
12, 610, 26
12, 615, 8
12, 621, 3
12, 622, 32
12, 626, 55
12, 627, 24
12, 629, 47
12, 630, 57
12, 633, 51
12, 637, 40
12, 638, 48
12, 639, 13
12, 639, 52
12, 641, 35
12, 645, 2
12, 648, 1
12, 648, 4
12, 648, 18
12, 649, 37
12, 650, 28
12, 652, 14
12, 652, 22
12, 653, 3
12, 655, 36
12, 658, 25
12, 660, 9
12, 661, 23
12, 662, 9
12, 662, 15
12, 663, 8
12, 664, 41
12, 666, 29
12, 670, 10
12, 671, 57
12, 673, 11
12, 675, 16
12, 676, 56
12, 678, 21
12, 680, 9
12, 680, 29
12, 680, 38
12, 680, 42
12, 682, 17
12, 692, 21
12, 694, 4
12, 695, 3
12, 695, 40
12, 698, 24
12, 698, 30
12, 699, 5
12, 700, 5
12, 703, 33
12, 705, 20
12, 709, 23
12, 709, 38
12, 710, 24
12, 711, 45
12, 715, 41
12, 717, 26
12, 722, 21
12, 723, 11
12, 724, 6
12, 725, 50
12, 729, 49
12, 731, 16
12, 732, 53
12, 733, 32
12, 737, 9
12, 737, 41
12, 737, 48
12, 740, 14
12, 740, 27
12, 744, 38
12, 746, 16
12, 747, 51
12, 748, 37
12, 749, 19
12, 751, 36
12, 752, 34
12, 753, 33
12, 755, 20
12, 756, 54
12, 760, 15
12, 761, 36
12, 765, 2
12, 766, 37
12, 767, 25
12, 768, 3
12, 770, 8
12, 771, 7
12, 772, 16
12, 776, 40
12, 779, 58
12, 780, 55
12, 781, 20
12, 783, 9
12, 786, 18
12, 789, 4
12, 789, 8
12, 790, 1
12, 790, 11
12, 790, 24
12, 794, 17
12, 797, 10
13, 9, 26
13, 9, 29
13, 11, 4
13, 11, 45
13, 16, 38
13, 16, 40
13, 18, 8
13, 19, 31
13, 21, 14
13, 21, 49
13, 22, 18
13, 23, 48
13, 25, 2
13, 25, 21
13, 27, 6
13, 27, 58
13, 29, 19
13, 30, 32
13, 31, 37
13, 35, 16
13, 37, 52
13, 38, 41
13, 39, 22
13, 40, 21
13, 42, 53
13, 47, 19
13, 53, 10
13, 57, 28
13, 58, 24
13, 59, 11
13, 64, 5
13, 66, 47
13, 69, 15
13, 71, 4
13, 72, 7
13, 81, 42
13, 83, 27
13, 83, 45
13, 85, 12
13, 87, 25
13, 88, 18
13, 89, 38
13, 91, 48
13, 92, 16
13, 95, 3
13, 98, 8
13, 98, 39
13, 100, 39
13, 101, 42
13, 101, 54
13, 104, 23
13, 104, 55
13, 105, 56
13, 106, 52
13, 110, 1
13, 111, 20
13, 111, 50
13, 112, 5
13, 113, 12
13, 114, 59
13, 115, 31
13, 116, 22
13, 119, 22
13, 119, 32
13, 119, 34
13, 120, 28
13, 120, 33
13, 122, 22
13, 124, 12
13, 126, 41
13, 127, 45
13, 132, 6
13, 133, 28
13, 133, 40
13, 136, 19
13, 136, 27
13, 137, 4
13, 137, 49
13, 138, 54
13, 139, 21
13, 140, 13
13, 142, 16
13, 142, 37
13, 144, 19
13, 147, 14
13, 147, 15
13, 147, 47
13, 150, 42
13, 151, 17
13, 151, 30
13, 153, 23
13, 154, 43
13, 158, 8
13, 160, 16
13, 161, 24
13, 161, 40
13, 165, 7
13, 166, 5
13, 166, 53
13, 167, 22
13, 168, 11
13, 172, 10
13, 178, 31
13, 179, 51
13, 187, 18
13, 188, 44
13, 191, 9
13, 191, 49
13, 192, 29
13, 193, 15
13, 193, 48
13, 196, 24
13, 196, 37
13, 197, 50
13, 198, 45
13, 199, 28
13, 201, 20
13, 202, 29
13, 204, 4
13, 204, 6
13, 204, 47
13, 208, 31
13, 210, 3
13, 212, 52
13, 215, 48
13, 216, 11
13, 216, 47
13, 217, 58
13, 218, 36
13, 223, 2
13, 224, 33
13, 225, 38
13, 230, 28
13, 234, 34
13, 237, 16
13, 238, 12
13, 239, 40
13, 241, 3
13, 242, 45
13, 243, 4
13, 243, 13
13, 243, 27
13, 243, 52
13, 244, 38
13, 250, 25
13, 254, 14
13, 254, 32
13, 255, 46
13, 256, 13
13, 256, 21
13, 257, 5
13, 263, 41
13, 264, 4
13, 264, 22
13, 264, 51
13, 268, 5
13, 268, 41
13, 268, 59
13, 269, 54
13, 270, 26
13, 275, 15
13, 277, 30
13, 277, 49
13, 278, 21
13, 279, 39
13, 280, 35
13, 281, 11
13, 281, 17
13, 284, 56
13, 285, 33
13, 289, 42
13, 292, 22
13, 295, 36
13, 295, 40
13, 296, 24
13, 297, 8
13, 297, 37
13, 298, 18
13, 300, 19
13, 303, 10
13, 304, 7
13, 304, 47
13, 306, 6
13, 306, 39
13, 309, 8
13, 312, 23
13, 312, 45
13, 315, 2
13, 315, 43
13, 316, 26
13, 316, 50
13, 317, 5
13, 320, 25
13, 323, 18
13, 325, 44
13, 326, 20
13, 328, 37
13, 329, 50
13, 331, 40
13, 332, 35
13, 332, 38
13, 335, 23
13, 336, 43
13, 337, 38
13, 341, 53
13, 342, 47
13, 342, 48
13, 345, 14
13, 345, 55
13, 346, 29
13, 346, 52
13, 349, 31
13, 351, 7
13, 352, 37
13, 352, 53
13, 353, 19
13, 354, 9
13, 359, 13
13, 364, 50
13, 365, 27
13, 365, 58
13, 366, 15
13, 367, 20
13, 368, 1
13, 369, 54
13, 372, 16
13, 372, 18
13, 372, 23
13, 374, 3
13, 378, 37
13, 380, 14
13, 380, 51
13, 381, 33
13, 382, 19
13, 382, 30
13, 384, 21
13, 387, 2
13, 392, 29
13, 396, 4
13, 399, 24
13, 399, 33
13, 400, 43
13, 406, 32
13, 406, 39
13, 410, 16
13, 410, 56
13, 411, 29
13, 417, 25
13, 417, 45
13, 418, 16
13, 418, 37
13, 419, 46
13, 420, 32
13, 420, 59
13, 421, 15
13, 421, 22
13, 422, 12
13, 424, 34
13, 426, 24
13, 429, 29
13, 429, 36
13, 430, 52
13, 431, 11
13, 431, 26
13, 431, 42
13, 437, 11
13, 440, 49
13, 443, 38
13, 443, 47
13, 444, 5
13, 445, 41
13, 445, 44
13, 447, 8
13, 447, 17
13, 447, 48
13, 452, 36
13, 453, 10
13, 453, 35
13, 454, 1
13, 456, 41
13, 457, 48
13, 460, 59
13, 462, 53
13, 465, 39
13, 467, 11
13, 467, 18
13, 469, 23
13, 474, 28
13, 475, 13
13, 475, 31
13, 481, 40
13, 483, 9
13, 486, 30
13, 487, 43
13, 489, 7
13, 490, 9
13, 493, 28
13, 494, 29
13, 495, 18
13, 495, 20
13, 496, 14
13, 497, 47
13, 500, 6
13, 500, 34
13, 501, 26
13, 502, 21
13, 502, 32
13, 506, 39
13, 506, 49
13, 510, 50
13, 511, 35
13, 512, 37
13, 513, 51
13, 516, 28
13, 517, 21
13, 518, 2
13, 518, 41
13, 520, 8
13, 520, 28
13, 521, 52
13, 527, 42
13, 528, 4
13, 528, 20
13, 528, 33
13, 530, 40
13, 532, 1
13, 533, 27
13, 533, 52
13, 534, 45
13, 535, 36
13, 541, 23
13, 542, 56
13, 543, 24
13, 545, 19
13, 548, 14
13, 550, 38
13, 550, 43
13, 553, 12
13, 554, 55
13, 559, 3
13, 560, 46
13, 562, 21
13, 565, 10
13, 567, 15
13, 567, 39
13, 570, 18
13, 572, 10
13, 573, 11
13, 574, 7
13, 576, 2
13, 577, 24
13, 583, 4
13, 583, 41
13, 594, 5
13, 594, 32
13, 596, 25
13, 598, 16
13, 605, 16
13, 606, 49
13, 608, 19
13, 608, 38
13, 609, 22
13, 610, 1
13, 610, 48
13, 612, 30
13, 612, 40
13, 614, 10
13, 615, 9
13, 618, 55
13, 619, 29
13, 621, 54
13, 622, 51
13, 623, 32
13, 625, 42
13, 631, 45
13, 632, 36
13, 633, 23
13, 636, 26
13, 638, 15
13, 638, 31
13, 639, 1
13, 639, 45
13, 644, 34
13, 646, 8
13, 649, 24
13, 650, 40
13, 652, 6
13, 662, 5
13, 663, 17
13, 663, 26
13, 664, 7
13, 665, 4
13, 668, 7
13, 668, 50
13, 669, 47
13, 670, 27
13, 671, 2
13, 671, 53
13, 673, 28
13, 676, 45
13, 680, 13
13, 682, 48
13, 683, 21
13, 683, 24
13, 685, 19
13, 687, 35
13, 689, 3
13, 690, 49
13, 690, 52
13, 692, 39
13, 695, 14
13, 697, 43
13, 698, 59
13, 700, 4
13, 700, 20
13, 701, 16
13, 701, 33
13, 703, 56
13, 714, 2
13, 714, 34
13, 717, 18
13, 722, 50
13, 726, 9
13, 726, 32
13, 729, 14
13, 731, 10
13, 732, 28
13, 734, 35
13, 738, 36
13, 739, 2
13, 741, 5
13, 745, 41
13, 745, 44
13, 748, 11
13, 749, 42
13, 751, 46
13, 754, 25
13, 754, 26
13, 754, 29
13, 754, 38
13, 757, 5
13, 759, 22
13, 763, 30
13, 765, 2
13, 765, 21
13, 766, 40
13, 768, 46
13, 769, 28
13, 770, 26
13, 772, 6
13, 780, 33
13, 781, 23
13, 781, 39
13, 783, 48
13, 784, 46
13, 785, 17
13, 785, 19
13, 785, 29
13, 786, 27
13, 789, 35
13, 795, 51
13, 795, 54
14, 4, 40
14, 4, 42
14, 7, 11
14, 7, 21
14, 7, 54
14, 8, 33
14, 11, 11
14, 12, 39
14, 17, 16
14, 18, 39
14, 22, 1
14, 25, 37
14, 26, 20
14, 27, 12
14, 35, 6
14, 38, 55
14, 46, 19
14, 48, 28
14, 50, 5
14, 50, 50
14, 51, 43
14, 56, 4
14, 58, 32
14, 61, 29
14, 64, 10
14, 69, 19
14, 70, 18
14, 72, 21
14, 72, 30
14, 73, 31
14, 74, 42
14, 76, 16
14, 78, 45
14, 80, 26
14, 83, 7
14, 85, 57
14, 86, 2
14, 86, 21
14, 87, 6
14, 91, 42
14, 93, 29
14, 93, 41
14, 93, 48
14, 95, 2
14, 96, 53
14, 97, 29
14, 97, 44
14, 99, 9
14, 102, 29
14, 103, 44
14, 106, 40
14, 107, 14
14, 107, 51
14, 110, 31
14, 113, 33
14, 116, 17
14, 117, 5
14, 117, 6
14, 117, 46
14, 119, 11
14, 119, 39
14, 123, 28
14, 123, 52
14, 123, 58
14, 125, 1
14, 125, 38
14, 125, 46
14, 127, 11
14, 127, 33
14, 128, 4
14, 128, 5
14, 128, 43
14, 129, 30
14, 130, 8
14, 134, 16
14, 136, 45
14, 139, 22
14, 149, 36
14, 152, 4
14, 155, 35
14, 156, 27
14, 159, 7
14, 163, 42
14, 166, 50
14, 168, 3
14, 168, 20
14, 171, 42
14, 175, 28
14, 176, 50
14, 178, 46
14, 182, 26
14, 182, 34
14, 185, 44
14, 193, 40
14, 195, 2
14, 195, 33
14, 200, 23
14, 200, 44
14, 200, 53
14, 201, 27
14, 202, 12
14, 202, 32
14, 207, 11
14, 208, 6
14, 208, 21
14, 209, 15
14, 213, 47
14, 221, 48
14, 222, 8
14, 222, 25
14, 225, 14
14, 227, 21
14, 228, 22
14, 232, 31
14, 232, 39
14, 236, 56
14, 237, 46
14, 238, 19
14, 240, 6
14, 240, 51
14, 252, 57
14, 256, 51
14, 257, 29
14, 259, 50
14, 264, 1
14, 264, 16
14, 265, 17
14, 265, 55
14, 267, 35
14, 270, 4
14, 270, 21
14, 271, 24
14, 271, 52
14, 273, 13
14, 275, 34
14, 278, 20
14, 283, 27
14, 284, 7
14, 286, 30
14, 292, 34
14, 298, 54
14, 299, 10
14, 299, 58
14, 301, 46
14, 302, 5
14, 307, 16
14, 308, 43
14, 310, 27
14, 311, 23
14, 312, 44
14, 313, 43
14, 315, 26
14, 318, 19
14, 320, 49
14, 321, 28
14, 323, 14
14, 324, 13
14, 326, 42
14, 327, 48
14, 336, 3
14, 336, 41
14, 338, 33
14, 341, 12
14, 341, 40
14, 345, 9
14, 345, 36
14, 346, 22
14, 346, 26
14, 348, 53
14, 349, 18
14, 350, 25
14, 352, 30
14, 353, 41
14, 353, 54
14, 355, 21
14, 358, 18
14, 361, 21
14, 362, 33
14, 363, 11
14, 368, 11
14, 369, 7
14, 370, 45
14, 371, 24
14, 372, 15
14, 375, 4
14, 376, 38
14, 379, 47
14, 381, 55
14, 382, 6
14, 382, 22
14, 382, 31
14, 383, 28
14, 384, 2
14, 384, 45
14, 387, 36
14, 387, 57
14, 389, 3
14, 390, 39
14, 391, 32
14, 395, 8
14, 399, 52
14, 400, 46
14, 402, 11
14, 402, 25
14, 402, 30
14, 406, 23
14, 407, 40
14, 408, 34
14, 410, 50
14, 411, 37
14, 412, 23
14, 413, 5
14, 413, 35
14, 418, 27
14, 421, 13
14, 421, 17
14, 423, 37
14, 423, 44
14, 424, 53
14, 431, 21
14, 432, 20
14, 434, 51
14, 435, 1
14, 435, 42
14, 437, 54
14, 439, 14
14, 439, 49
14, 440, 48
14, 442, 2
14, 449, 32
14, 451, 12
14, 455, 33
14, 457, 1
14, 458, 43
14, 459, 28
14, 462, 18
14, 464, 14
14, 466, 29
14, 471, 33
14, 474, 4
14, 476, 7
14, 477, 16
14, 479, 51
14, 485, 14
14, 487, 24
14, 488, 21
14, 489, 4
14, 489, 36
14, 495, 34
14, 495, 41
14, 499, 56
14, 500, 5
14, 500, 40
14, 501, 4
14, 501, 39
14, 503, 46
14, 504, 10
14, 506, 2
14, 506, 56
14, 508, 55
14, 509, 22
14, 510, 6
14, 511, 22
14, 514, 11
14, 520, 31
14, 520, 52
14, 521, 3
14, 522, 37
14, 524, 6
14, 526, 43
14, 527, 30
14, 538, 23
14, 539, 3
14, 540, 7
14, 544, 49
14, 547, 29
14, 548, 51
14, 550, 8
14, 550, 19
14, 551, 24
14, 553, 47
14, 553, 58
14, 554, 35
14, 554, 45
14, 556, 30
14, 556, 50
14, 557, 15
14, 561, 17
14, 562, 2
14, 565, 20
14, 566, 35
14, 572, 12
14, 572, 16
14, 575, 28
14, 579, 21
14, 579, 28
14, 584, 33
14, 584, 38
14, 586, 26
14, 588, 40
14, 594, 27
14, 595, 14
14, 597, 42
14, 598, 7
14, 598, 39
14, 599, 53
14, 601, 1
14, 603, 32
14, 609, 16
14, 615, 3
14, 615, 33
14, 615, 56
14, 616, 11
14, 617, 12
14, 620, 25
14, 624, 21
14, 625, 50
14, 627, 33
14, 631, 36
14, 633, 18
14, 633, 54
14, 634, 22
14, 635, 5
14, 636, 16
14, 640, 30
14, 641, 41
14, 641, 49
14, 642, 26
14, 645, 36
14, 648, 47
14, 648, 48
14, 649, 5
14, 652, 51
14, 653, 10
14, 656, 44
14, 660, 19
14, 664, 1
14, 664, 34
14, 664, 41
14, 665, 14
14, 667, 46
14, 668, 20
14, 669, 30
14, 670, 15
14, 671, 32
14, 672, 56
14, 676, 37
14, 676, 46
14, 684, 6
14, 686, 32
14, 690, 4
14, 690, 28
14, 691, 40
14, 694, 17
14, 697, 42
14, 697, 57
14, 710, 52
14, 711, 53
14, 712, 33
14, 712, 43
14, 713, 2
14, 718, 18
14, 719, 7
14, 720, 24
14, 721, 45
14, 723, 14
14, 725, 38
14, 730, 7
14, 730, 40
14, 733, 58
14, 735, 23
14, 735, 31
14, 736, 17
14, 754, 44
14, 759, 5
14, 760, 20
14, 760, 46
14, 761, 2
14, 768, 15
14, 768, 50
14, 775, 37
14, 776, 51
14, 779, 7
14, 779, 27
14, 779, 35
14, 783, 57
14, 787, 3
14, 787, 49
14, 790, 30
14, 794, 21
14, 796, 22
14, 796, 56
14, 799, 33
15, 1, 19
15, 3, 3
15, 3, 9
15, 4, 31
15, 5, 11
15, 7, 41
15, 7, 52
15, 8, 38
15, 9, 6
15, 10, 21
15, 12, 5
15, 13, 13
15, 14, 42
15, 15, 18
15, 15, 30
15, 16, 1
15, 16, 55
15, 17, 23
15, 17, 25
15, 18, 20
15, 26, 17
15, 26, 28
15, 29, 46
15, 30, 27
15, 31, 42
15, 34, 1
15, 34, 8
15, 36, 43
15, 38, 50
15, 41, 30
15, 43, 29
15, 43, 36
15, 43, 56
15, 46, 7
15, 46, 12
15, 47, 9
15, 47, 33
15, 55, 36
15, 56, 31
15, 56, 44
15, 56, 48
15, 58, 10
15, 59, 24
15, 60, 40
15, 61, 53
15, 62, 44
15, 65, 12
15, 65, 36
15, 67, 32
15, 67, 58
15, 68, 26
15, 68, 29
15, 69, 47
15, 72, 6
15, 72, 28
15, 73, 47
15, 75, 21
15, 76, 35
15, 77, 14
15, 78, 20
15, 82, 43
15, 83, 39
15, 85, 42
15, 87, 10
15, 90, 25
15, 91, 17
15, 91, 34
15, 92, 55
15, 94, 16
15, 94, 37
15, 94, 54
15, 98, 14
15, 101, 22
15, 103, 39
15, 105, 7
15, 108, 7
15, 111, 6
15, 111, 51
15, 112, 26
15, 115, 37
15, 119, 16
15, 119, 19
15, 120, 12
15, 124, 3
15, 124, 38
15, 125, 31
15, 128, 45
15, 134, 5
15, 136, 21
15, 137, 26
15, 138, 25
15, 139, 2
15, 139, 11
15, 139, 17
15, 140, 7
15, 140, 51
15, 141, 57
15, 144, 43
15, 145, 17
15, 145, 35
15, 154, 1
15, 156, 30
15, 156, 40
15, 157, 8
15, 158, 1
15, 158, 9
15, 159, 46
15, 159, 47
15, 159, 52
15, 162, 37
15, 163, 13
15, 163, 15
15, 164, 27
15, 169, 29
15, 170, 20
15, 171, 48
15, 172, 53
15, 173, 33
15, 174, 14
15, 176, 13
15, 182, 50
15, 183, 4
15, 183, 33
15, 184, 37
15, 187, 41
15, 189, 18
15, 190, 28
15, 193, 14
15, 193, 32
15, 195, 18
15, 195, 24
15, 195, 33
15, 198, 58
15, 199, 3
15, 201, 49
15, 202, 22
15, 205, 44
15, 207, 42
15, 211, 41
15, 214, 24
15, 215, 26
15, 219, 47
15, 221, 56
15, 222, 23
15, 223, 46
15, 224, 47
15, 227, 6
15, 228, 38
15, 230, 7
15, 232, 9
15, 232, 52
15, 233, 21
15, 234, 25
15, 236, 13
15, 241, 1
15, 241, 26
15, 243, 5
15, 245, 39
15, 247, 19
15, 247, 30
15, 248, 36
15, 251, 16
15, 253, 45
15, 255, 11
15, 255, 15
15, 258, 29
15, 260, 24
15, 263, 11
15, 263, 27
15, 264, 10
15, 264, 29
15, 265, 54
15, 271, 40
15, 272, 2
15, 275, 29
15, 276, 27
15, 277, 35
15, 278, 8
15, 279, 16
15, 279, 31
15, 280, 7
15, 280, 28
15, 281, 50
15, 283, 31
15, 283, 43
15, 283, 51
15, 284, 16
15, 284, 34
15, 285, 5
15, 286, 18
15, 286, 55
15, 289, 25
15, 289, 36
15, 290, 17
15, 291, 14
15, 295, 20
15, 295, 35
15, 297, 2
15, 298, 46
15, 301, 35
15, 302, 37
15, 302, 48
15, 303, 38
15, 309, 2
15, 309, 34
15, 310, 57
15, 313, 16
15, 314, 7
15, 316, 37
15, 319, 23
15, 320, 42
15, 322, 12
15, 323, 1
15, 323, 8
15, 325, 13
15, 325, 26
15, 326, 3
15, 326, 32
15, 327, 40
15, 329, 14
15, 329, 17
15, 329, 39
15, 329, 48
15, 331, 2
15, 335, 24
15, 337, 4
15, 337, 36
15, 341, 42
15, 342, 11
15, 343, 18
15, 345, 38
15, 346, 10
15, 346, 45
15, 349, 33
15, 358, 41
15, 359, 44
15, 361, 27
15, 362, 31
15, 362, 54
15, 364, 44
15, 366, 13
15, 366, 26
15, 369, 22
15, 370, 6
15, 375, 33
15, 375, 37
15, 383, 23
15, 383, 53
15, 386, 49
15, 387, 3
15, 387, 30
15, 387, 43
15, 389, 5
15, 390, 17
15, 390, 19
15, 390, 56
15, 391, 47
15, 393, 34
15, 394, 29
15, 394, 50
15, 397, 8
15, 397, 15
15, 397, 36
15, 397, 55
15, 398, 3
15, 398, 21
15, 400, 9
15, 401, 1
15, 401, 25
15, 401, 31
15, 402, 20
15, 402, 46
15, 404, 1
15, 408, 52
15, 410, 40
15, 411, 19
15, 413, 9
15, 415, 11
15, 418, 6
15, 426, 35
15, 427, 50
15, 427, 56
15, 429, 24
15, 434, 19
15, 435, 28
15, 439, 7
15, 441, 31
15, 441, 32
15, 441, 51
15, 443, 49
15, 444, 17
15, 445, 5
15, 446, 45
15, 448, 4
15, 448, 22
15, 448, 53
15, 449, 22
15, 450, 10
15, 450, 16
15, 450, 26
15, 454, 33
15, 455, 48
15, 456, 18
15, 456, 35
15, 461, 7
15, 463, 45
15, 465, 9
15, 465, 27
15, 466, 14
15, 467, 9
15, 470, 20
15, 470, 46
15, 471, 12
15, 472, 51
15, 474, 21
15, 477, 15
15, 478, 5
15, 479, 45
15, 480, 21
15, 482, 34
15, 484, 51
15, 485, 18
15, 485, 66
15, 486, 4
15, 487, 1
15, 489, 30
15, 491, 21
15, 494, 5
15, 495, 23
15, 496, 16
15, 496, 42
15, 498, 7
15, 498, 26
15, 499, 2
15, 499, 12
15, 499, 23
15, 502, 13
15, 503, 27
15, 511, 29
15, 512, 8
15, 512, 19
15, 513, 32
15, 516, 11
15, 516, 24
15, 517, 31
15, 517, 47
15, 520, 16
15, 520, 28
15, 527, 2
15, 527, 42
15, 530, 44
15, 531, 4
15, 531, 30
15, 534, 40
15, 535, 10
15, 536, 2
15, 536, 38
15, 536, 39
15, 536, 44
15, 536, 46
15, 539, 37
15, 541, 58
15, 542, 39
15, 543, 41
15, 543, 57
15, 545, 9
15, 547, 17
15, 548, 47
15, 550, 33
15, 552, 38
15, 553, 26
15, 556, 3
15, 556, 43
15, 559, 1
15, 560, 34
15, 561, 38
15, 562, 6
15, 562, 49
15, 564, 3
15, 566, 48
15, 566, 54
15, 569, 31
15, 574, 15
15, 574, 18
15, 574, 25
15, 575, 5
15, 576, 11
15, 576, 53
15, 577, 8
15, 580, 52
15, 581, 24
15, 583, 1
15, 584, 50
15, 586, 20
15, 588, 11
15, 588, 14
15, 590, 7
15, 592, 7
15, 593, 19
15, 594, 36
15, 596, 12
15, 596, 30
15, 597, 50
15, 598, 28
15, 599, 3
15, 599, 13
15, 599, 56
15, 602, 4
15, 602, 40
15, 604, 30
15, 609, 29
15, 610, 43
15, 612, 14
15, 612, 22
15, 613, 35
15, 613, 45
15, 613, 49
15, 613, 58
15, 614, 39
15, 616, 1
15, 616, 22
15, 618, 35
15, 619, 23
15, 620, 20
15, 626, 16
15, 626, 55
15, 629, 35
15, 632, 33
15, 635, 32
15, 636, 38
15, 640, 16
15, 644, 6
15, 644, 29
15, 644, 53
15, 645, 37
15, 647, 51
15, 649, 1
15, 652, 8
15, 654, 10
15, 654, 12
15, 654, 28
15, 656, 47
15, 656, 51
15, 659, 5
15, 660, 46
15, 661, 15
15, 665, 10
15, 670, 34
15, 671, 46
15, 672, 11
15, 672, 28
15, 672, 40
15, 672, 42
15, 675, 19
15, 675, 41
15, 678, 25
15, 682, 15
15, 682, 30
15, 683, 27
15, 685, 21
15, 686, 2
15, 687, 40
15, 692, 45
15, 693, 9
15, 693, 18
15, 693, 44
15, 697, 27
15, 698, 24
15, 699, 2
15, 699, 34
15, 703, 12
15, 704, 15
15, 705, 5
15, 705, 26
15, 706, 7
15, 708, 48
15, 709, 11
15, 709, 39
15, 712, 43
15, 713, 13
15, 713, 54
15, 714, 8
15, 715, 4
15, 716, 35
15, 717, 37
15, 718, 3
15, 718, 13
15, 720, 41
15, 723, 49
15, 724, 20
15, 727, 39
15, 728, 10
15, 730, 30
15, 735, 22
15, 737, 17
15, 739, 40
15, 741, 13
15, 741, 21
15, 741, 43
15, 743, 3
15, 743, 50
15, 747, 39
15, 747, 50
15, 748, 1
15, 753, 1
15, 753, 6
15, 754, 17
15, 757, 5
15, 762, 19
15, 763, 6
15, 763, 27
15, 765, 9
15, 766, 26
15, 766, 34
15, 771, 14
15, 775, 5
15, 775, 31
15, 776, 26
15, 778, 42
15, 780, 27
15, 781, 7
15, 781, 16
15, 782, 11
15, 782, 57
15, 785, 40
15, 787, 12
15, 789, 38
15, 791, 13
15, 791, 30
15, 791, 35
15, 795, 27
15, 796, 2
15, 798, 11
15, 799, 22
15, 799, 36
16, 5, 12
16, 5, 21
16, 5, 33
16, 8, 43
16, 10, 39
16, 11, 35
16, 18, 32
16, 19, 20
16, 19, 52
16, 26, 8
16, 28, 57
16, 34, 5
16, 34, 47
16, 35, 45
16, 36, 26
16, 42, 14
16, 42, 20
16, 43, 9
16, 43, 24
16, 46, 34
16, 46, 51
16, 49, 16
16, 50, 25
16, 56, 28
16, 64, 15
16, 65, 21
16, 66, 28
16, 66, 36
16, 72, 8
16, 72, 18
16, 80, 29
16, 85, 35
16, 87, 26
16, 90, 21
16, 90, 23
16, 90, 48
16, 93, 8
16, 97, 22
16, 99, 43
16, 100, 4
16, 100, 35
16, 101, 35
16, 104, 11
16, 104, 28
16, 105, 1
16, 108, 41
16, 109, 46
16, 110, 40
16, 111, 23
16, 115, 5
16, 115, 22
16, 115, 55
16, 116, 14
16, 116, 32
16, 117, 27
16, 123, 33
16, 124, 7
16, 124, 33
16, 126, 50
16, 130, 15
16, 132, 44
16, 135, 2
16, 137, 24
16, 143, 10
16, 145, 22
16, 147, 57
16, 148, 37
16, 150, 12
16, 153, 52
16, 156, 4
16, 159, 34
16, 171, 13
16, 171, 23
16, 172, 8
16, 176, 3
16, 178, 14
16, 182, 46
16, 182, 56
16, 184, 6
16, 185, 55
16, 188, 51
16, 190, 15
16, 194, 7
16, 194, 16
16, 198, 21
16, 198, 27
16, 202, 9
16, 203, 29
16, 204, 30
16, 205, 20
16, 205, 53
16, 207, 31
16, 207, 51
16, 212, 36
16, 217, 32
16, 221, 19
16, 221, 26
16, 221, 28
16, 221, 32
16, 223, 19
16, 224, 1
16, 226, 39
16, 227, 5
16, 227, 34
16, 228, 25
16, 231, 17
16, 236, 18
16, 240, 8
16, 240, 22
16, 241, 47
16, 242, 11
16, 244, 43
16, 247, 12
16, 248, 3
16, 250, 45
16, 251, 35
16, 252, 41
16, 253, 39
16, 253, 48
16, 255, 24
16, 256, 23
16, 258, 39
16, 261, 33
16, 266, 29
16, 271, 38
16, 274, 19
16, 276, 20
16, 276, 49
16, 283, 8
16, 283, 41
16, 284, 4
16, 285, 37
16, 288, 28
16, 289, 45
16, 292, 52
16, 293, 29
16, 293, 50
16, 298, 15
16, 299, 2
16, 299, 9
16, 306, 31
16, 308, 40
16, 309, 13
16, 310, 56
16, 311, 42
16, 312, 27
16, 319, 7
16, 324, 5
16, 327, 54
16, 328, 30
16, 329, 33
16, 331, 35
16, 333, 14
16, 338, 38
16, 339, 21
16, 340, 24
16, 342, 26
16, 342, 34
16, 343, 25
16, 349, 8
16, 353, 15
16, 354, 44
16, 354, 55
16, 359, 6
16, 359, 16
16, 359, 23
16, 360, 46
16, 361, 3
16, 362, 34
16, 362, 46
16, 364, 51
16, 370, 14
16, 370, 31
16, 371, 57
16, 372, 28
16, 375, 18
16, 377, 10
16, 379, 16
16, 379, 47
16, 380, 12
16, 383, 36
16, 383, 40
16, 385, 17
16, 389, 32
16, 389, 53
16, 394, 18
16, 394, 41
16, 397, 22
16, 400, 10
16, 402, 20
16, 412, 35
16, 412, 48
16, 419, 4
16, 420, 7
16, 420, 29
16, 424, 33
16, 427, 4
16, 427, 13
16, 428, 11
16, 431, 24
16, 431, 37
16, 432, 13
16, 434, 27
16, 435, 19
16, 440, 1
16, 444, 11
16, 445, 48
16, 449, 39
16, 451, 57
16, 452, 2
16, 458, 28
16, 462, 42
16, 462, 43
16, 462, 45
16, 462, 52
16, 465, 45
16, 466, 7
16, 470, 35
16, 471, 15
16, 473, 31
16, 473, 47
16, 474, 6
16, 474, 40
16, 478, 30
16, 479, 26
16, 480, 14
16, 482, 12
16, 482, 44
16, 486, 8
16, 487, 20
16, 489, 8
16, 495, 41
16, 496, 17
16, 496, 36
16, 496, 50
16, 498, 46
16, 499, 38
16, 502, 32
16, 506, 24
16, 511, 13
16, 514, 5
16, 514, 37
16, 517, 54
16, 520, 36
16, 520, 49
16, 528, 37
16, 530, 23
16, 532, 3
16, 533, 13
16, 534, 2
16, 534, 33
16, 537, 13
16, 537, 25
16, 538, 12
16, 538, 34
16, 540, 47
16, 542, 11
16, 544, 49
16, 545, 4
16, 545, 6
16, 546, 16
16, 547, 56
16, 548, 14
16, 550, 9
16, 552, 24
16, 553, 18
16, 557, 4
16, 559, 7
16, 564, 11
16, 565, 30
16, 566, 53
16, 567, 15
16, 568, 27
16, 572, 43
16, 573, 29
16, 573, 51
16, 575, 10
16, 578, 13
16, 578, 19
16, 581, 1
16, 581, 51
16, 588, 48
16, 597, 17
16, 600, 17
16, 600, 20
16, 602, 26
16, 605, 28
16, 605, 40
16, 607, 41
16, 609, 25
16, 610, 44
16, 615, 42
16, 616, 39
16, 620, 1
16, 624, 35
16, 625, 1
16, 626, 5
16, 626, 31
16, 629, 9
16, 629, 22
16, 629, 40
16, 629, 44
16, 632, 45
16, 633, 23
16, 636, 19
16, 636, 34
16, 639, 5
16, 640, 29
16, 644, 11
16, 651, 54
16, 654, 15
16, 656, 33
16, 656, 39
16, 660, 8
16, 662, 6
16, 663, 52
16, 665, 21
16, 668, 12
16, 671, 36
16, 674, 17
16, 676, 6
16, 678, 55
16, 682, 22
16, 683, 37
16, 685, 38
16, 686, 32
16, 690, 31
16, 692, 41
16, 693, 3
16, 696, 49
16, 697, 4
16, 697, 23
16, 698, 28
16, 701, 10
16, 702, 50
16, 703, 1
16, 703, 8
16, 707, 43
16, 714, 29
16, 718, 20
16, 720, 43
16, 721, 12
16, 721, 14
16, 722, 19
16, 722, 48
16, 723, 41
16, 726, 21
16, 726, 37
16, 729, 26
16, 732, 9
16, 735, 10
16, 735, 51
16, 736, 11
16, 738, 16
16, 742, 5
16, 745, 8
16, 745, 45
16, 746, 56
16, 747, 4
16, 748, 13
16, 748, 24
16, 758, 11
16, 758, 27
16, 761, 32
16, 767, 36
16, 767, 40
16, 769, 13
16, 769, 38
16, 771, 37
16, 774, 28
16, 777, 33
16, 780, 15
16, 785, 39
16, 788, 57
16, 789, 20
16, 791, 6
16, 791, 10
16, 793, 3
16, 794, 52
16, 795, 54
16, 799, 7
16, 799, 42
17, 2, 28
17, 6, 25
17, 9, 33
17, 10, 6
17, 10, 13
17, 12, 17
17, 16, 41
17, 17, 24
17, 17, 51
17, 21, 11
17, 24, 4
17, 24, 10
17, 27, 15
17, 27, 29
17, 28, 50
17, 29, 19
17, 33, 17
17, 33, 32
17, 34, 2
17, 34, 39
17, 34, 53
17, 37, 40
17, 41, 44
17, 42, 7
17, 44, 26
17, 46, 4
17, 48, 1
17, 48, 18
17, 48, 31
17, 48, 49
17, 50, 51
17, 51, 18
17, 52, 6
17, 56, 9
17, 56, 14
17, 56, 42
17, 57, 2
17, 61, 54
17, 61, 55
17, 67, 3
17, 70, 57
17, 71, 20
17, 77, 58
17, 78, 28
17, 79, 41
17, 80, 50
17, 82, 3
17, 82, 52
17, 84, 23
17, 85, 18
17, 88, 17
17, 94, 29
17, 95, 25
17, 95, 43
17, 97, 47
17, 98, 48
17, 100, 12
17, 104, 18
17, 106, 24
17, 107, 13
17, 107, 54
17, 115, 5
17, 116, 21
17, 117, 50
17, 120, 31
17, 124, 27
17, 125, 23
17, 127, 38
17, 127, 60
17, 128, 6
17, 128, 28
17, 134, 33
17, 137, 44
17, 137, 45
17, 138, 16
17, 139, 51
17, 142, 5
17, 143, 26
17, 143, 35
17, 144, 19
17, 144, 22
17, 145, 29
17, 145, 46
17, 149, 22
17, 149, 46
17, 154, 38
17, 155, 31
17, 156, 38
17, 158, 53
17, 159, 11
17, 160, 2
17, 164, 52
17, 168, 44
17, 171, 39
17, 173, 14
17, 173, 48
17, 174, 10
17, 174, 32
17, 175, 56
17, 175, 57
17, 182, 34
17, 182, 55
17, 185, 29
17, 186, 42
17, 192, 5
17, 192, 49
17, 195, 57
17, 197, 12
17, 197, 26
17, 198, 17
17, 204, 6
17, 206, 33
17, 207, 37
17, 208, 12
17, 210, 40
17, 214, 42
17, 217, 34
17, 217, 50
17, 220, 17
17, 221, 33
17, 223, 56
17, 224, 12
17, 224, 26
17, 225, 18
17, 225, 30
17, 226, 12
17, 227, 15
17, 228, 47
17, 229, 36
17, 232, 9
17, 232, 15
17, 233, 7
17, 233, 14
17, 235, 34
17, 237, 1
17, 240, 43
17, 241, 58
17, 244, 23
17, 244, 54
17, 246, 25
17, 247, 9
17, 247, 41
17, 249, 28
17, 251, 4
17, 251, 21
17, 253, 2
17, 253, 56
17, 254, 40
17, 256, 7
17, 257, 16
17, 261, 43
17, 263, 47
17, 264, 3
17, 264, 19
17, 264, 51
17, 266, 1
17, 266, 48
17, 267, 53
17, 268, 20
17, 268, 40
17, 269, 41
17, 274, 16
17, 274, 32
17, 274, 35
17, 275, 44
17, 277, 49
17, 280, 23
17, 283, 22
17, 286, 29
17, 286, 45
17, 291, 7
17, 291, 13
17, 292, 50
17, 293, 9
17, 293, 16
17, 297, 42
17, 300, 11
17, 305, 24
17, 305, 27
17, 306, 6
17, 308, 24
17, 308, 31
17, 309, 11
17, 309, 18
17, 311, 2
17, 311, 30
17, 312, 51
17, 313, 30
17, 314, 37
17, 316, 10
17, 316, 20
17, 318, 36
17, 325, 4
17, 325, 34
17, 325, 39
17, 326, 46
17, 327, 31
17, 330, 57
17, 331, 17
17, 333, 38
17, 336, 12
17, 336, 37
17, 338, 34
17, 339, 9
17, 339, 14
17, 342, 41
17, 343, 15
17, 343, 35
17, 345, 49
17, 353, 23
17, 353, 52
17, 355, 9
17, 358, 33
17, 361, 54
17, 363, 45
17, 368, 26
17, 369, 5
17, 369, 51
17, 371, 44
17, 374, 21
17, 378, 4
17, 380, 1
17, 380, 18
17, 381, 21
17, 383, 32
17, 385, 28
17, 386, 36
17, 386, 42
17, 386, 45
17, 387, 25
17, 391, 52
17, 395, 4
17, 396, 50
17, 399, 19
17, 399, 39
17, 400, 23
17, 400, 26
17, 406, 9
17, 408, 23
17, 411, 6
17, 411, 42
17, 420, 14
17, 421, 32
17, 422, 22
17, 423, 47
17, 425, 42
17, 428, 7
17, 428, 29
17, 428, 44
17, 430, 41
17, 435, 15
17, 436, 16
17, 438, 13
17, 440, 20
17, 440, 30
17, 441, 56
17, 443, 2
17, 444, 40
17, 444, 43
17, 445, 17
17, 445, 56
17, 446, 37
17, 450, 11
17, 450, 21
17, 452, 34
17, 454, 41
17, 455, 17
17, 460, 38
17, 463, 48
17, 466, 29
17, 467, 1
17, 472, 49
17, 474, 27
17, 475, 33
17, 477, 34
17, 479, 10
17, 479, 22
17, 482, 3
17, 484, 31
17, 487, 58
17, 488, 3
17, 489, 24
17, 490, 47
17, 491, 29
17, 493, 25
17, 495, 28
17, 497, 51
17, 500, 27
17, 501, 12
17, 502, 17
17, 507, 36
17, 512, 7
17, 514, 4
17, 516, 17
17, 517, 4
17, 518, 15
17, 520, 6
17, 524, 54
17, 525, 11
17, 525, 18
17, 526, 12
17, 527, 5
17, 528, 57
17, 529, 42
17, 531, 24
17, 533, 52
17, 534, 20
17, 534, 28
17, 535, 48
17, 536, 26
17, 537, 21
17, 537, 46
17, 539, 28
17, 542, 19
17, 544, 10
17, 544, 33
17, 549, 46
17, 551, 12
17, 551, 39
17, 554, 35
17, 560, 15
17, 563, 30
17, 563, 45
17, 564, 19
17, 564, 38
17, 567, 35
17, 568, 13
17, 569, 39
17, 570, 1
17, 572, 11
17, 572, 18
17, 573, 39
17, 573, 52
17, 574, 22
17, 574, 32
17, 575, 50
17, 579, 6
17, 579, 34
17, 581, 43
17, 582, 55
17, 586, 13
17, 588, 1
17, 590, 3
17, 591, 53
17, 597, 14
17, 597, 41
17, 599, 31
17, 600, 2
17, 600, 51
17, 601, 58
17, 604, 9
17, 605, 49
17, 611, 16
17, 612, 24
17, 615, 4
17, 615, 7
17, 615, 10
17, 615, 27
17, 615, 44
17, 616, 12
17, 616, 36
17, 617, 16
17, 617, 26
17, 618, 2
17, 618, 7
17, 621, 26
17, 623, 23
17, 624, 40
17, 625, 26
17, 625, 34
17, 628, 15
17, 633, 20
17, 634, 1
17, 635, 11
17, 637, 10
17, 638, 13
17, 638, 55
17, 642, 58
17, 643, 3
17, 644, 13
17, 644, 27
17, 644, 47
17, 645, 56
17, 650, 35
17, 652, 35
17, 653, 25
17, 653, 51
17, 655, 48
17, 656, 33
17, 658, 32
17, 663, 60
17, 666, 38
17, 667, 29
17, 668, 24
17, 668, 26
17, 670, 9
17, 670, 28
17, 676, 31
17, 680, 20
17, 680, 21
17, 680, 53
17, 681, 35
17, 681, 42
17, 685, 51
17, 686, 42
17, 691, 23
17, 695, 57
17, 697, 9
17, 702, 35
17, 705, 5
17, 705, 28
17, 706, 18
17, 706, 41
17, 707, 1
17, 709, 22
17, 711, 41
17, 714, 21
17, 714, 52
17, 715, 1
17, 716, 2
17, 716, 15
17, 716, 43
17, 717, 46
17, 718, 23
17, 721, 49
17, 723, 16
17, 724, 27
17, 727, 17
17, 731, 10
17, 731, 50
17, 733, 19
17, 734, 14
17, 735, 35
17, 738, 3
17, 739, 13
17, 741, 46
17, 742, 36
17, 746, 10
17, 746, 41
17, 747, 12
17, 748, 19
17, 750, 7
17, 751, 13
17, 752, 26
17, 754, 26
17, 758, 45
17, 764, 29
17, 768, 17
17, 768, 47
17, 770, 53
17, 771, 51
17, 772, 20
17, 773, 48
17, 775, 10
17, 776, 16
17, 776, 40
17, 781, 34
17, 781, 51
17, 785, 39
17, 786, 25
17, 787, 26
17, 789, 21
17, 789, 40
17, 790, 34
17, 791, 11
17, 791, 23
17, 793, 38
17, 793, 40
17, 799, 45
18, 1, 58
18, 2, 21
18, 4, 11
18, 6, 11
18, 7, 8
18, 12, 4
18, 12, 28
18, 15, 24
18, 18, 17
18, 22, 31
18, 25, 24
18, 26, 38
18, 32, 50
18, 35, 26
18, 41, 8
18, 41, 37
18, 41, 52
18, 44, 5
18, 45, 55
18, 46, 40
18, 49, 13
18, 51, 25
18, 53, 41
18, 57, 17
18, 59, 41
18, 61, 6
18, 61, 28
18, 62, 42
18, 66, 46
18, 69, 10
18, 70, 23
18, 71, 11
18, 72, 33
18, 72, 54
18, 75, 2
18, 75, 10
18, 76, 47
18, 77, 39
18, 80, 4
18, 80, 9
18, 82, 44
18, 82, 50
18, 93, 40
18, 100, 18
18, 103, 36
18, 105, 37
18, 106, 55
18, 109, 7
18, 111, 51
18, 112, 22
18, 123, 45
18, 125, 52
18, 126, 17
18, 128, 19
18, 128, 48
18, 130, 47
18, 132, 17
18, 132, 39
18, 134, 35
18, 140, 32
18, 141, 42
18, 142, 32
18, 142, 42
18, 144, 41
18, 145, 31
18, 146, 23
18, 150, 21
18, 153, 5
18, 153, 6
18, 153, 18
18, 156, 3
18, 156, 12
18, 157, 43
18, 160, 8
18, 160, 53
18, 162, 16
18, 168, 28
18, 169, 41
18, 170, 44
18, 171, 24
18, 172, 36
18, 173, 30
18, 173, 34
18, 176, 1
18, 179, 15
18, 179, 25
18, 181, 13
18, 186, 6
18, 188, 50
18, 189, 27
18, 190, 22
18, 191, 9
18, 191, 29
18, 193, 3
18, 194, 54
18, 196, 7
18, 196, 36
18, 199, 7
18, 201, 38
18, 203, 13
18, 204, 20
18, 205, 52
18, 206, 2
18, 207, 37
18, 210, 51
18, 211, 30
18, 212, 10
18, 213, 5
18, 222, 23
18, 224, 26
18, 226, 14
18, 226, 29
18, 229, 32
18, 229, 47
18, 232, 48
18, 234, 32
18, 236, 4
18, 240, 41
18, 243, 21
18, 245, 37
18, 246, 47
18, 247, 1
18, 248, 39
18, 249, 17
18, 250, 46
18, 250, 49
18, 252, 15
18, 253, 53
18, 255, 32
18, 257, 35
18, 258, 23
18, 259, 47
18, 260, 39
18, 262, 11
18, 264, 38
18, 270, 9
18, 272, 33
18, 284, 8
18, 288, 6
18, 288, 26
18, 288, 42
18, 289, 21
18, 291, 42
18, 293, 48
18, 293, 58
18, 295, 7
18, 295, 40
18, 297, 54
18, 303, 19
18, 303, 28
18, 304, 9
18, 307, 12
18, 307, 27
18, 308, 6
18, 309, 25
18, 310, 12
18, 312, 29
18, 315, 30
18, 316, 6
18, 317, 22
18, 318, 3
18, 320, 49
18, 328, 2
18, 328, 17
18, 332, 5
18, 332, 51
18, 333, 34
18, 336, 39
18, 338, 16
18, 338, 55
18, 340, 16
18, 340, 52
18, 341, 11
18, 342, 24
18, 342, 56
18, 343, 40
18, 343, 45
18, 344, 18
18, 345, 7
18, 345, 10
18, 346, 13
18, 346, 50
18, 351, 36
18, 353, 13
18, 355, 25
18, 355, 30
18, 355, 41
18, 356, 31
18, 360, 7
18, 360, 54
18, 361, 21
18, 361, 49
18, 374, 57
18, 376, 49
18, 379, 1
18, 379, 52
18, 381, 45
18, 383, 15
18, 384, 43
18, 385, 2
18, 386, 38
18, 390, 3
18, 392, 9
18, 394, 37
18, 397, 33
18, 398, 42
18, 404, 23
18, 408, 35
18, 409, 1
18, 410, 27
18, 412, 14
18, 412, 55
18, 413, 37
18, 415, 46
18, 417, 3
18, 418, 32
18, 420, 26
18, 422, 20
18, 423, 16
18, 425, 48
18, 426, 46
18, 427, 12
18, 427, 22
18, 428, 30
18, 429, 53
18, 431, 36
18, 433, 8
18, 437, 34
18, 439, 4
18, 441, 50
18, 442, 8
18, 446, 24
18, 448, 19
18, 452, 2
18, 452, 44
18, 454, 28
18, 460, 24
18, 460, 28
18, 461, 6
18, 463, 18
18, 463, 51
18, 464, 13
18, 466, 38
18, 467, 42
18, 471, 13
18, 476, 21
18, 476, 58
18, 477, 20
18, 478, 40
18, 480, 10
18, 481, 31
18, 482, 37
18, 483, 35
18, 484, 49
18, 492, 14
18, 494, 7
18, 499, 5
18, 499, 33
18, 499, 42
18, 500, 54
18, 501, 11
18, 502, 16
18, 504, 56
18, 508, 2
18, 509, 37
18, 511, 23
18, 511, 34
18, 517, 42
18, 517, 43
18, 517, 52
18, 518, 39
18, 520, 31
18, 527, 11
18, 527, 50
18, 527, 51
18, 528, 32
18, 531, 15
18, 532, 13
18, 533, 17
18, 534, 9
18, 534, 18
18, 538, 28
18, 541, 47
18, 544, 8
18, 544, 15
18, 544, 42
18, 546, 22
18, 546, 29
18, 547, 27
18, 549, 1
18, 550, 25
18, 552, 48
18, 556, 6
18, 556, 30
18, 559, 18
18, 559, 22
18, 560, 32
18, 560, 36
18, 563, 32
18, 566, 35
18, 568, 37
18, 569, 10
18, 576, 19
18, 577, 24
18, 577, 26
18, 581, 36
18, 582, 12
18, 584, 32
18, 585, 38
18, 586, 41
18, 587, 14
18, 587, 45
18, 588, 3
18, 597, 19
18, 600, 17
18, 601, 11
18, 603, 9
18, 603, 18
18, 613, 55
18, 618, 46
18, 619, 57
18, 621, 21
18, 625, 16
18, 627, 31
18, 631, 27
18, 631, 45
18, 634, 30
18, 634, 40
18, 635, 34
18, 635, 49
18, 636, 53
18, 641, 3
18, 641, 11
18, 642, 20
18, 643, 29
18, 644, 8
18, 645, 23
18, 648, 19
18, 648, 33
18, 656, 7
18, 659, 39
18, 659, 56
18, 660, 15
18, 660, 19
18, 663, 54
18, 665, 5
18, 665, 30
18, 668, 48
18, 670, 22
18, 671, 12
18, 672, 27
18, 673, 43
18, 677, 23
18, 678, 13
18, 680, 35
18, 681, 26
18, 683, 25
18, 683, 37
18, 685, 50
18, 686, 9
18, 689, 28
18, 692, 51
18, 693, 52
18, 694, 24
18, 697, 6
18, 701, 44
18, 701, 47
18, 702, 2
18, 702, 20
18, 702, 32
18, 705, 40
18, 709, 18
18, 713, 38
18, 714, 3
18, 714, 36
18, 716, 40
18, 717, 16
18, 719, 24
18, 720, 17
18, 721, 39
18, 723, 32
18, 728, 5
18, 728, 17
18, 729, 11
18, 730, 5
18, 731, 47
18, 734, 30
18, 735, 32
18, 736, 9
18, 743, 22
18, 743, 29
18, 744, 8
18, 748, 36
18, 751, 28
18, 753, 6
18, 753, 26
18, 761, 19
18, 761, 23
18, 763, 45
18, 768, 12
18, 772, 3
18, 772, 36
18, 772, 43
18, 782, 46
18, 785, 14
18, 786, 36
18, 788, 31
18, 790, 44
18, 790, 47
18, 793, 5
18, 795, 17
18, 796, 2
18, 796, 15
18, 797, 27
19, 2, 7
19, 3, 42
19, 6, 52
19, 8, 5
19, 8, 44
19, 10, 50
19, 15, 35
19, 16, 14
19, 18, 7
19, 19, 17
19, 20, 48
19, 21, 20
19, 24, 48
19, 31, 21
19, 33, 3
19, 34, 40
19, 40, 16
19, 40, 44
19, 41, 26
19, 44, 11
19, 45, 36
19, 46, 2
19, 46, 38
19, 47, 25
19, 48, 9
19, 48, 42
19, 51, 45
19, 52, 44
19, 54, 23
19, 56, 53
19, 58, 6
19, 58, 53
19, 59, 28
19, 61, 43
19, 62, 58
19, 64, 13
19, 69, 19
19, 71, 46
19, 79, 11
19, 79, 36
19, 80, 16
19, 80, 34
19, 83, 13
19, 84, 24
19, 85, 8
19, 90, 27
19, 92, 48
19, 93, 7
19, 93, 30
19, 98, 42
19, 101, 10
19, 101, 44
19, 102, 5
19, 102, 48
19, 103, 2
19, 106, 19
19, 106, 30
19, 113, 12
19, 114, 15
19, 115, 12
19, 117, 5
19, 117, 57
19, 118, 26
19, 120, 48
19, 126, 50
19, 131, 52
19, 132, 24
19, 134, 50
19, 136, 2
19, 137, 23
19, 140, 16
19, 145, 35
19, 146, 9
19, 147, 57
19, 148, 1
19, 148, 43
19, 156, 25
19, 156, 42
19, 159, 20
19, 161, 23
19, 161, 41
19, 163, 5
19, 164, 14
19, 164, 49
19, 165, 16
19, 166, 31
19, 171, 39
19, 173, 18
19, 173, 41
19, 176, 37
19, 178, 7
19, 181, 33
19, 182, 18
19, 183, 3
19, 186, 49
19, 187, 11
19, 188, 21
19, 188, 22
19, 192, 56
19, 194, 40
19, 199, 45
19, 201, 17
19, 202, 9
19, 203, 36
19, 205, 30
19, 207, 1
19, 207, 35
19, 208, 26
19, 212, 4
19, 216, 7
19, 217, 42
19, 219, 6
19, 219, 13
19, 220, 2
19, 221, 52
19, 222, 26
19, 223, 54
19, 228, 21
19, 229, 28
19, 231, 43
19, 231, 52
19, 232, 38
19, 234, 53
19, 235, 22
19, 237, 31
19, 238, 12
19, 238, 53
19, 240, 46
19, 243, 18
19, 248, 15
19, 257, 19
19, 258, 24
19, 259, 10
19, 260, 7
19, 260, 30
19, 262, 4
19, 262, 20
19, 262, 27
19, 264, 33
19, 265, 13
19, 271, 12
19, 271, 32
19, 273, 35
19, 275, 50
19, 276, 2
19, 279, 5
19, 281, 37
19, 281, 40
19, 288, 19
19, 291, 14
19, 292, 23
19, 295, 34
19, 298, 7
19, 298, 36
19, 299, 44
19, 301, 6
19, 302, 11
19, 303, 51
19, 304, 21
19, 304, 25
19, 305, 5
19, 307, 53
19, 309, 48
19, 318, 16
19, 319, 39
19, 322, 31
19, 325, 12
19, 325, 48
19, 326, 41
19, 331, 30
19, 336, 44
19, 337, 22
19, 337, 44
19, 338, 28
19, 342, 2
19, 342, 47
19, 343, 29
19, 344, 1
19, 345, 26
19, 345, 32
19, 351, 35
19, 356, 54
19, 359, 43
19, 361, 58
19, 366, 3
19, 368, 53
19, 369, 10
19, 373, 8
19, 374, 20
19, 374, 42
19, 376, 47
19, 377, 6
19, 377, 33
19, 378, 18
19, 378, 26
19, 378, 28
19, 383, 3
19, 385, 9
19, 389, 38
19, 390, 18
19, 391, 24
19, 393, 12
19, 394, 20
19, 396, 14
19, 399, 27
19, 399, 34
19, 399, 46
19, 410, 4
19, 412, 21
19, 413, 39
19, 414, 22
19, 414, 43
19, 419, 11
19, 419, 17
19, 425, 49
19, 427, 52
19, 431, 23
19, 432, 7
19, 432, 40
19, 432, 51
19, 434, 37
19, 435, 11
19, 435, 31
19, 435, 58
19, 439, 49
19, 440, 40
19, 441, 5
19, 442, 28
19, 442, 48
19, 445, 25
19, 448, 57
19, 450, 13
19, 450, 30
19, 453, 53
19, 454, 15
19, 456, 50
19, 458, 7
19, 458, 37
19, 459, 4
19, 459, 21
19, 459, 41
19, 465, 6
19, 466, 53
19, 467, 12
19, 469, 27
19, 469, 33
19, 476, 16
19, 476, 51
19, 478, 29
19, 478, 36
19, 478, 41
19, 479, 45
19, 480, 2
19, 482, 38
19, 489, 32
19, 490, 48
19, 493, 19
19, 493, 23
19, 494, 12
19, 496, 8
19, 498, 30
19, 498, 43
19, 502, 41
19, 503, 24
19, 510, 50
19, 511, 26
19, 512, 18
19, 514, 14
19, 514, 46
19, 515, 43
19, 522, 9
19, 523, 22
19, 524, 1
19, 527, 6
19, 527, 37
19, 527, 38
19, 530, 28
19, 533, 35
19, 538, 20
19, 539, 18
19, 539, 23
19, 541, 2
19, 544, 17
19, 546, 20
19, 548, 40
19, 550, 11
19, 551, 7
19, 553, 10
19, 553, 42
19, 554, 31
19, 554, 46
19, 558, 25
19, 559, 25
19, 561, 36
19, 564, 43
19, 566, 26
19, 566, 47
19, 567, 19
19, 567, 21
19, 572, 12
19, 574, 18
19, 574, 44
19, 575, 31
19, 578, 34
19, 583, 46
19, 584, 19
19, 586, 5
19, 586, 8
19, 588, 29
19, 589, 10
19, 589, 26
19, 591, 6
19, 591, 51
19, 592, 22
19, 594, 34
19, 597, 52
19, 604, 15
19, 605, 33
19, 607, 24
19, 608, 2
19, 610, 30
19, 610, 37
19, 611, 3
19, 611, 49
19, 612, 9
19, 613, 7
19, 613, 40
19, 614, 26
19, 618, 32
19, 619, 48
19, 622, 18
19, 623, 36
19, 626, 16
19, 627, 11
19, 629, 20
19, 629, 35
19, 630, 4
19, 630, 38
19, 630, 54
19, 636, 6
19, 637, 28
19, 640, 37
19, 641, 1
19, 641, 23
19, 648, 14
19, 650, 8
19, 650, 45
19, 657, 25
19, 662, 58
19, 664, 27
19, 667, 3
19, 667, 32
19, 668, 48
19, 678, 2
19, 682, 15
19, 684, 34
19, 686, 17
19, 690, 12
19, 690, 20
19, 690, 46
19, 691, 16
19, 692, 47
19, 695, 26
19, 695, 56
19, 697, 15
19, 697, 22
19, 697, 24
19, 709, 3
19, 709, 49
19, 712, 9
19, 713, 30
19, 713, 57
19, 714, 11
19, 719, 41
19, 723, 12
19, 723, 23
19, 726, 26
19, 727, 5
19, 727, 32
19, 728, 18
19, 729, 45
19, 730, 19
19, 734, 38
19, 735, 36
19, 735, 45
19, 736, 29
19, 736, 43
19, 737, 42
19, 739, 36
19, 745, 44
19, 746, 8
19, 746, 24
19, 746, 31
19, 746, 53
19, 747, 19
19, 749, 40
19, 751, 48
19, 753, 16
19, 754, 53
19, 756, 49
19, 756, 57
19, 758, 15
19, 760, 3
19, 761, 1
19, 761, 47
19, 764, 2
19, 766, 32
19, 771, 23
19, 772, 4
19, 772, 10
19, 775, 1
19, 776, 18
19, 777, 12
19, 778, 34
19, 782, 30
19, 784, 51
19, 785, 30
19, 786, 42
19, 787, 17
19, 787, 54
19, 791, 9
19, 792, 52
19, 797, 6
19, 798, 30
19, 798, 37
