1, 7, 40
1, 9, 18
1, 16, 8
1, 22, 32
1, 22, 36
1, 43, 45
1, 46, 2
1, 52, 19
1, 56, 39
1, 59, 57
1, 60, 41
1, 61, 18
1, 61, 29
1, 71, 30
1, 80, 23
1, 85, 33
1, 91, 24
1, 93, 58
1, 99, 47
1, 101, 35
1, 105, 7
1, 113, 52
1, 118, 54
1, 124, 43
1, 127, 51
1, 127, 60
1, 138, 5
1, 139, 28
1, 141, 9
1, 143, 21
1, 147, 11
1, 148, 36
1, 163, 2
1, 163, 32
1, 175, 29
1, 178, 1
1, 182, 18
1, 192, 45
1, 202, 14
1, 207, 43
1, 210, 3
1, 210, 8
1, 216, 22
1, 222, 58
1, 227, 51
1, 240, 17
1, 251, 8
1, 265, 11
1, 267, 57
1, 273, 31
1, 273, 57
1, 274, 47
1, 276, 36
1, 277, 47
1, 285, 5
1, 288, 21
1, 297, 3
1, 297, 40
1, 301, 54
1, 314, 30
1, 322, 23
1, 328, 33
1, 329, 35
1, 333, 28
1, 340, 37
1, 365, 30
1, 372, 29
1, 373, 14
1, 373, 23
1, 386, 60
1, 407, 32
1, 408, 21
1, 419, 35
1, 423, 39
1, 438, 44
1, 439, 51
1, 452, 47
1, 458, 33
1, 472, 47
1, 479, 45
1, 485, 37
1, 495, 43
1, 502, 22
1, 503, 31
1, 511, 19
1, 512, 58
1, 513, 29
1, 518, 57
1, 520, 54
1, 522, 9
1, 524, 41
1, 525, 18
1, 527, 54
1, 528, 7
1, 539, 7
1, 543, 36
1, 549, 43
1, 552, 33
1, 554, 17
1, 557, 44
1, 558, 28
1, 573, 8
1, 575, 21
1, 578, 24
1, 584, 40
1, 593, 1
1, 594, 23
1, 594, 51
1, 604, 58
1, 607, 17
1, 612, 2
1, 612, 35
1, 625, 9
1, 639, 54
1, 643, 8
1, 644, 31
1, 648, 39
1, 654, 7
1, 654, 47
1, 661, 5
1, 662, 19
1, 666, 22
1, 675, 11
1, 693, 17
1, 694, 3
1, 703, 18
1, 710, 47
1, 718, 45
1, 724, 41
1, 725, 37
1, 731, 30
1, 732, 43
1, 740, 2
1, 740, 29
1, 745, 54
1, 748, 21
1, 759, 40
1, 764, 52
1, 767, 43
1, 791, 11
1, 793, 33
1, 795, 41
1, 797, 32
1, 797, 60
2, 2, 4
2, 3, 50
2, 8, 31
2, 12, 55
2, 13, 5
2, 13, 58
2, 14, 25
2, 16, 28
2, 19, 40
2, 24, 54
2, 37, 53
2, 38, 35
2, 39, 3
2, 44, 8
2, 47, 39
2, 58, 4
2, 66, 1
2, 71, 51
2, 77, 20
2, 82, 32
2, 85, 17
2, 85, 49
2, 86, 56
2, 98, 13
2, 98, 58
2, 107, 3
2, 111, 22
2, 111, 48
2, 112, 17
2, 114, 57
2, 131, 46
2, 134, 11
2, 137, 2
2, 141, 28
2, 143, 31
2, 145, 9
2, 145, 37
2, 148, 42
2, 149, 27
2, 165, 43
2, 169, 40
2, 170, 35
2, 171, 55
2, 177, 19
2, 177, 33
2, 178, 3
2, 179, 40
2, 180, 24
2, 182, 38
2, 197, 51
2, 203, 6
2, 213, 10
2, 213, 51
2, 216, 52
2, 218, 5
2, 220, 39
2, 227, 1
2, 227, 13
2, 227, 45
2, 228, 51
2, 230, 42
2, 234, 9
2, 238, 4
2, 240, 22
2, 246, 44
2, 248, 49
2, 249, 18
2, 251, 3
2, 263, 12
2, 265, 25
2, 267, 8
2, 272, 24
2, 286, 20
2, 295, 11
2, 301, 32
2, 301, 56
2, 308, 37
2, 314, 39
2, 322, 22
2, 347, 35
2, 355, 53
2, 355, 57
2, 357, 17
2, 359, 31
2, 361, 36
2, 367, 54
2, 370, 46
2, 371, 19
2, 382, 27
2, 393, 33
2, 393, 43
2, 403, 42
2, 415, 46
2, 433, 32
2, 438, 43
2, 439, 25
2, 448, 32
2, 453, 40
2, 458, 54
2, 460, 51
2, 465, 37
2, 467, 25
2, 471, 48
2, 477, 27
2, 478, 20
2, 484, 50
2, 492, 38
2, 500, 28
2, 501, 45
2, 501, 58
2, 504, 49
2, 505, 18
2, 515, 2
2, 527, 54
2, 534, 12
2, 540, 36
2, 547, 55
2, 555, 44
2, 557, 10
2, 558, 39
2, 567, 17
2, 572, 57
2, 573, 56
2, 574, 20
2, 574, 27
2, 583, 9
2, 585, 6
2, 590, 36
2, 592, 33
2, 594, 46
2, 613, 52
2, 614, 48
2, 618, 48
2, 619, 8
2, 621, 1
2, 623, 18
2, 626, 8
2, 632, 22
2, 635, 56
2, 636, 19
2, 644, 3
2, 649, 9
2, 655, 40
2, 661, 13
2, 661, 42
2, 665, 57
2, 666, 28
2, 671, 45
2, 679, 48
2, 683, 2
2, 689, 1
2, 694, 38
2, 703, 12
2, 703, 43
2, 704, 38
2, 705, 3
2, 706, 50
2, 709, 14
2, 712, 56
2, 714, 2
2, 719, 78
2, 721, 51
2, 725, 37
2, 740, 31
2, 747, 4
2, 749, 11
2, 775, 20
2, 779, 44
2, 784, 32
2, 786, 18
2, 787, 24
2, 794, 19
3, 13, 50
3, 17, 34
3, 18, 13
3, 20, 8
3, 21, 52
3, 28, 58
3, 35, 22
3, 39, 3
3, 42, 18
3, 42, 32
3, 49, 2
3, 54, 49
3, 62, 21
3, 65, 48
3, 69, 57
3, 70, 27
3, 75, 29
3, 77, 54
3, 82, 31
3, 83, 10
3, 93, 34
3, 100, 14
3, 105, 5
3, 105, 43
3, 109, 11
3, 119, 9
3, 119, 33
3, 122, 27
3, 123, 47
3, 124, 6
3, 125, 35
3, 129, 28
3, 130, 26
3, 136, 25
3, 139, 16
3, 147, 52
3, 150, 3
3, 164, 32
3, 165, 2
3, 166, 38
3, 171, 22
3, 177, 23
3, 177, 36
3, 182, 56
3, 185, 8
3, 190, 40
3, 204, 4
3, 204, 45
3, 208, 34
3, 210, 10
3, 214, 18
3, 225, 3
3, 226, 18
3, 226, 52
3, 239, 53
3, 243, 15
3, 253, 21
3, 259, 48
3, 265, 31
3, 266, 1
3, 272, 10
3, 277, 46
3, 278, 33
3, 280, 57
3, 284, 45
3, 285, 9
3, 290, 42
3, 291, 35
3, 293, 37
3, 300, 22
3, 313, 28
3, 314, 32
3, 318, 49
3, 322, 50
3, 324, 32
3, 333, 58
3, 361, 29
3, 361, 39
3, 364, 47
3, 369, 54
3, 373, 27
3, 376, 57
3, 389, 59
3, 390, 25
3, 393, 36
3, 394, 56
3, 396, 43
3, 413, 37
3, 430, 42
3, 432, 26
3, 444, 53
3, 448, 38
3, 454, 14
3, 468, 23
3, 469, 50
3, 471, 52
3, 473, 21
3, 474, 34
3, 480, 38
3, 490, 50
3, 500, 32
3, 506, 40
3, 507, 6
3, 516, 45
3, 522, 13
3, 525, 18
3, 525, 46
3, 527, 35
3, 533, 4
3, 538, 25
3, 538, 33
3, 540, 8
3, 545, 5
3, 553, 1
3, 553, 10
3, 558, 34
3, 559, 28
3, 559, 49
3, 560, 27
3, 563, 48
3, 573, 47
3, 576, 3
3, 577, 42
3, 583, 56
3, 584, 17
3, 588, 16
3, 593, 36
3, 601, 4
3, 601, 59
3, 603, 50
3, 608, 14
3, 610, 58
3, 611, 8
3, 618, 6
3, 625, 15
3, 627, 22
3, 632, 43
3, 635, 54
3, 641, 18
3, 646, 29
3, 652, 9
3, 655, 16
3, 661, 16
3, 665, 46
3, 667, 39
3, 668, 40
3, 669, 21
3, 670, 58
3, 671, 37
3, 675, 12
3, 675, 42
3, 686, 6
3, 689, 21
3, 692, 26
3, 693, 23
3, 696, 15
3, 698, 32
3, 698, 52
3, 700, 5
3, 705, 50
3, 715, 27
3, 717, 27
3, 724, 18
3, 725, 28
3, 725, 34
3, 733, 16
3, 750, 14
3, 751, 43
3, 754, 25
3, 754, 42
3, 758, 47
3, 765, 40
3, 766, 2
3, 767, 53
3, 768, 27
3, 770, 36
3, 773, 28
3, 778, 3
3, 792, 16
3, 793, 38
4, 7, 24
4, 8, 46
4, 11, 1
4, 13, 14
4, 18, 19
4, 22, 47
4, 23, 5
4, 27, 40
4, 29, 2
4, 30, 9
4, 31, 35
4, 40, 47
4, 47, 58
4, 48, 39
4, 52, 17
4, 62, 21
4, 62, 54
4, 63, 26
4, 77, 18
4, 78, 27
4, 80, 4
4, 94, 14
4, 97, 39
4, 102, 24
4, 103, 23
4, 117, 12
4, 118, 24
4, 118, 38
4, 120, 8
4, 122, 30
4, 126, 44
4, 136, 19
4, 142, 8
4, 143, 19
4, 155, 7
4, 156, 16
4, 158, 55
4, 171, 40
4, 173, 44
4, 180, 6
4, 184, 53
4, 187, 8
4, 187, 31
4, 188, 41
4, 188, 49
4, 195, 14
4, 198, 11
4, 199, 1
4, 205, 37
4, 206, 20
4, 211, 26
4, 213, 32
4, 213, 48
4, 215, 39
4, 219, 60
4, 228, 46
4, 234, 46
4, 237, 17
4, 238, 22
4, 238, 36
4, 240, 27
4, 246, 54
4, 257, 16
4, 258, 49
4, 259, 36
4, 263, 3
4, 264, 9
4, 269, 28
4, 272, 9
4, 275, 12
4, 276, 35
4, 277, 49
4, 279, 7
4, 282, 38
4, 288, 47
4, 290, 4
4, 291, 30
4, 297, 3
4, 315, 21
4, 331, 24
4, 337, 38
4, 343, 42
4, 349, 51
4, 354, 21
4, 375, 23
4, 377, 27
4, 382, 40
4, 386, 27
4, 388, 53
4, 389, 37
4, 399, 32
4, 400, 19
4, 402, 54
4, 403, 58
4, 408, 55
4, 411, 18
4, 414, 41
4, 415, 31
4, 418, 25
4, 435, 53
4, 436, 20
4, 444, 22
4, 445, 39
4, 459, 25
4, 459, 36
4, 459, 60
4, 465, 48
4, 476, 47
4, 481, 56
4, 489, 36
4, 499, 21
4, 507, 53
4, 518, 8
4, 519, 38
4, 525, 7
4, 529, 30
4, 532, 5
4, 534, 17
4, 539, 31
4, 539, 35
4, 543, 48
4, 545, 32
4, 551, 5
4, 552, 28
4, 554, 46
4, 558, 48
4, 559, 23
4, 566, 9
4, 566, 24
4, 568, 9
4, 569, 2
4, 573, 3
4, 574, 1
4, 574, 14
4, 576, 1
4, 588, 26
4, 591, 42
4, 599, 16
4, 601, 28
4, 607, 23
4, 622, 27
4, 625, 25
4, 630, 55
4, 640, 4
4, 640, 40
4, 649, 44
4, 650, 48
4, 652, 12
4, 654, 19
4, 656, 18
4, 663, 37
4, 663, 54
4, 676, 55
4, 678, 11
4, 679, 1
4, 683, 6
4, 693, 46
4, 695, 56
4, 701, 56
4, 704, 3
4, 716, 21
4, 717, 28
4, 719, 4
4, 728, 7
4, 733, 42
4, 735, 8
4, 740, 47
4, 741, 17
4, 748, 5
4, 754, 31
4, 760, 56
4, 761, 46
4, 763, 26
4, 774, 60
4, 775, 22
4, 778, 9
4, 779, 32
4, 786, 49
4, 788, 44
5, 7, 5
5, 18, 41
5, 22, 52
5, 27, 15
5, 32, 11
5, 33, 49
5, 38, 32
5, 49, 45
5, 51, 56
5, 52, 54
5, 56, 5
5, 64, 34
5, 66, 36
5, 71, 22
5, 73, 54
5, 80, 41
5, 81, 39
5, 86, 37
5, 94, 18
5, 100, 17
5, 106, 40
5, 111, 6
5, 116, 23
5, 116, 55
5, 139, 14
5, 139, 27
5, 157, 51
5, 158, 21
5, 173, 58
5, 177, 13
5, 180, 43
5, 187, 3
5, 196, 30
5, 202, 2
5, 202, 43
5, 203, 20
5, 204, 33
5, 206, 49
5, 208, 15
5, 211, 3
5, 221, 39
5, 225, 21
5, 233, 19
5, 233, 32
5, 235, 11
5, 235, 15
5, 241, 52
5, 243, 49
5, 247, 16
5, 249, 22
5, 251, 35
5, 259, 27
5, 259, 37
5, 263, 18
5, 264, 39
5, 276, 30
5, 281, 41
5, 285, 33
5, 286, 54
5, 290, 37
5, 295, 27
5, 297, 45
5, 297, 54
5, 302, 36
5, 316, 17
5, 322, 42
5, 330, 22
5, 333, 21
5, 343, 55
5, 363, 49
5, 371, 48
5, 372, 36
5, 375, 43
5, 376, 54
5, 378, 34
5, 388, 54
5, 389, 42
5, 391, 58
5, 392, 23
5, 399, 52
5, 403, 27
5, 405, 32
5, 406, 32
5, 410, 14
5, 416, 47
5, 426, 51
5, 437, 59
5, 438, 40
5, 440, 41
5, 450, 58
5, 479, 30
5, 479, 37
5, 479, 46
5, 483, 58
5, 488, 33
5, 499, 5
5, 515, 48
5, 527, 4
5, 528, 56
5, 530, 27
5, 534, 6
5, 541, 20
5, 543, 56
5, 548, 41
5, 548, 56
5, 549, 35
5, 554, 39
5, 554, 42
5, 558, 19
5, 563, 15
5, 564, 33
5, 571, 23
5, 573, 22
5, 578, 59
5, 588, 14
5, 588, 21
5, 593, 11
5, 594, 45
5, 596, 16
5, 609, 40
5, 609, 47
5, 611, 18
5, 614, 35
5, 616, 48
5, 624, 13
5, 624, 17
5, 638, 43
5, 643, 16
5, 651, 46
5, 659, 30
5, 663, 36
5, 674, 20
5, 676, 31
5, 678, 6
5, 679, 32
5, 680, 34
5, 683, 16
5, 684, 23
5, 684, 27
5, 688, 39
5, 709, 5
5, 712, 52
5, 719, 41
5, 727, 36
5, 732, 21
5, 740, 4
5, 741, 3
5, 746, 59
5, 747, 54
5, 754, 32
5, 755, 45
5, 758, 2
5, 758, 56
5, 769, 11
5, 769, 20
5, 771, 17
5, 772, 2
5, 772, 45
5, 775, 40
5, 788, 23
5, 788, 49
5, 789, 40
5, 792, 35
5, 796, 14
6, 6, 34
6, 6, 44
6, 10, 19
6, 10, 29
6, 21, 4
6, 21, 51
6, 34, 13
6, 47, 9
6, 52, 2
6, 56, 23
6, 56, 57
6, 71, 8
6, 77, 16
6, 87, 17
6, 89, 3
6, 90, 44
6, 93, 53
6, 103, 46
6, 121, 10
6, 124, 45
6, 124, 59
6, 132, 24
6, 135, 55
6, 136, 8
6, 139, 13
6, 143, 28
6, 149, 26
6, 156, 34
6, 159, 40
6, 163, 34
6, 166, 9
6, 177, 6
6, 181, 43
6, 196, 25
6, 198, 53
6, 200, 29
6, 204, 12
6, 207, 22
6, 213, 26
6, 215, 19
6, 218, 33
6, 222, 51
6, 223, 59
6, 228, 17
6, 229, 8
6, 235, 42
6, 241, 31
6, 261, 44
6, 261, 55
6, 267, 45
6, 276, 4
6, 276, 39
6, 286, 16
6, 296, 47
6, 301, 29
6, 303, 40
6, 307, 33
6, 309, 29
6, 312, 31
6, 342, 53
6, 343, 46
6, 370, 44
6, 370, 57
6, 371, 54
6, 411, 43
6, 411, 55
6, 424, 29
6, 428, 39
6, 457, 24
6, 460, 48
6, 468, 28
6, 471, 25
6, 474, 19
6, 485, 47
6, 486, 51
6, 497, 40
6, 502, 12
6, 507, 59
6, 508, 13
6, 509, 22
6, 519, 17
6, 521, 45
6, 532, 12
6, 533, 43
6, 538, 3
6, 539, 10
6, 541, 44
6, 542, 45
6, 551, 42
6, 553, 53
6, 559, 13
6, 560, 33
6, 566, 34
6, 566, 51
6, 572, 43
6, 573, 42
6, 574, 6
6, 574, 34
6, 577, 46
6, 599, 31
6, 601, 1
6, 602, 55
6, 606, 3
6, 610, 24
6, 612, 26
6, 613, 57
6, 614, 31
6, 615, 3
6, 619, 23
6, 621, 30
6, 623, 54
6, 632, 39
6, 636, 6
6, 636, 16
6, 637, 13
6, 645, 9
6, 662, 3
6, 663, 8
6, 669, 2
6, 678, 17
6, 678, 53
6, 684, 10
6, 684, 47
6, 693, 29
6, 712, 12
6, 712, 42
6, 741, 55
6, 749, 24
6, 760, 39
6, 761, 47
6, 769, 45
6, 770, 19
6, 782, 13
6, 782, 43
6, 782, 59
6, 788, 24
6, 794, 25
6, 797, 57
7, 1, 42
7, 2, 20
7, 2, 30
7, 6, 19
7, 8, 16
7, 8, 45
7, 15, 3
7, 15, 49
7, 19, 15
7, 22, 48
7, 24, 1
7, 27, 21
7, 30, 48
7, 31, 8
7, 36, 34
7, 42, 45
7, 51, 35
7, 54, 50
7, 57, 56
7, 67, 19
7, 67, 43
7, 68, 12
7, 68, 28
7, 70, 2
7, 78, 10
7, 78, 55
7, 84, 8
7, 94, 46
7, 100, 53
7, 101, 20
7, 111, 49
7, 113, 32
7, 116, 9
7, 117, 22
7, 118, 37
7, 122, 44
7, 131, 56
7, 137, 17
7, 138, 21
7, 139, 55
7, 146, 1
7, 159, 59
7, 167, 26
7, 171, 16
7, 174, 3
7, 184, 27
7, 190, 35
7, 191, 18
7, 198, 28
7, 207, 40
7, 208, 10
7, 211, 41
7, 212, 14
7, 217, 55
7, 221, 58
7, 223, 2
7, 231, 12
7, 231, 19
7, 234, 50
7, 239, 34
7, 241, 52
7, 247, 47
7, 255, 47
7, 256, 17
7, 257, 33
7, 269, 7
7, 289, 37
7, 290, 12
7, 295, 15
7, 295, 21
7, 297, 24
7, 303, 53
7, 305, 30
7, 311, 42
7, 318, 48
7, 324, 44
7, 324, 46
7, 325, 50
7, 328, 32
7, 329, 59
7, 332, 45
7, 335, 20
7, 338, 48
7, 348, 56
7, 351, 56
7, 352, 37
7, 358, 35
7, 359, 40
7, 371, 26
7, 375, 30
7, 396, 55
7, 398, 24
7, 406, 18
7, 411, 49
7, 414, 22
7, 426, 36
7, 429, 27
7, 429, 59
7, 442, 58
7, 447, 50
7, 448, 16
7, 455, 42
7, 463, 28
7, 463, 47
7, 465, 43
7, 468, 17
7, 478, 58
7, 486, 27
7, 487, 42
7, 487, 52
7, 488, 53
7, 491, 55
7, 495, 33
7, 501, 1
7, 508, 31
7, 511, 14
7, 512, 12
7, 514, 9
7, 521, 35
7, 525, 12
7, 531, 45
7, 532, 25
7, 535, 36
7, 535, 49
7, 536, 48
7, 545, 55
7, 549, 15
7, 556, 46
7, 557, 56
7, 559, 8
7, 567, 35
7, 573, 12
7, 589, 21
7, 589, 41
7, 597, 2
7, 602, 19
7, 608, 19
7, 608, 37
7, 612, 44
7, 614, 16
7, 616, 10
7, 619, 20
7, 624, 15
7, 625, 56
7, 628, 21
7, 641, 22
7, 644, 32
7, 651, 9
7, 666, 30
7, 676, 17
7, 678, 12
7, 682, 7
7, 682, 40
7, 685, 49
7, 688, 18
7, 691, 18
7, 691, 26
7, 696, 15
7, 702, 32
7, 708, 28
7, 723, 36
7, 733, 47
7, 735, 41
7, 736, 10
7, 737, 42
7, 754, 59
7, 756, 25
7, 778, 3
7, 786, 17
7, 788, 58
7, 789, 1
7, 791, 35
7, 798, 25
8, 3, 56
8, 7, 17
8, 15, 6
8, 15, 57
8, 20, 50
8, 28, 43
8, 29, 24
8, 32, 40
8, 43, 19
8, 44, 30
8, 53, 27
8, 55, 10
8, 55, 20
8, 66, 13
8, 68, 20
8, 81, 6
8, 83, 15
8, 83, 45
8, 91, 2
8, 93, 56
8, 93, 59
8, 96, 35
8, 99, 39
8, 108, 35
8, 112, 4
8, 112, 25
8, 119, 3
8, 122, 6
8, 125, 50
8, 127, 27
8, 133, 21
8, 133, 48
8, 139, 42
8, 140, 16
8, 144, 34
8, 146, 8
8, 148, 27
8, 149, 33
8, 149, 35
8, 150, 40
8, 153, 51
8, 162, 24
8, 164, 5
8, 164, 23
8, 165, 50
8, 166, 31
8, 169, 24
8, 172, 59
8, 176, 41
8, 180, 37
8, 192, 10
8, 201, 61
8, 203, 19
8, 217, 28
8, 231, 3
8, 231, 17
8, 233, 39
8, 234, 36
8, 235, 2
8, 243, 36
8, 247, 56
8, 252, 57
8, 253, 21
8, 253, 40
8, 259, 20
8, 266, 6
8, 266, 55
8, 267, 43
8, 276, 20
8, 277, 46
8, 279, 41
8, 287, 29
8, 295, 19
8, 297, 32
8, 324, 15
8, 335, 56
8, 345, 33
8, 348, 34
8, 348, 57
8, 352, 13
8, 354, 46
8, 355, 39
8, 359, 57
8, 360, 30
8, 375, 53
8, 384, 47
8, 393, 39
8, 400, 25
8, 406, 24
8, 406, 50
8, 413, 40
8, 419, 23
8, 419, 48
8, 423, 42
8, 424, 37
8, 433, 35
8, 439, 27
8, 445, 28
8, 449, 55
8, 472, 48
8, 474, 29
8, 475, 45
8, 477, 3
8, 478, 45
8, 495, 22
8, 499, 40
8, 504, 21
8, 506, 43
8, 507, 34
8, 508, 25
8, 520, 55
8, 529, 24
8, 530, 16
8, 533, 5
8, 533, 32
8, 533, 51
8, 542, 56
8, 545, 31
8, 546, 2
8, 546, 41
8, 549, 36
8, 551, 22
8, 554, 53
8, 557, 48
8, 559, 20
8, 572, 57
8, 577, 19
8, 577, 38
8, 579, 10
8, 580, 59
8, 589, 17
8, 590, 28
8, 593, 2
8, 594, 6
8, 596, 8
8, 599, 45
8, 600, 46
8, 610, 50
8, 617, 4
8, 621, 21
8, 627, 33
8, 638, 57
8, 639, 23
8, 639, 32
8, 641, 6
8, 645, 35
8, 647, 8
8, 647, 29
8, 648, 61
8, 662, 41
8, 668, 33
8, 676, 27
8, 683, 37
8, 686, 30
8, 689, 5
8, 695, 31
8, 695, 34
8, 706, 21
8, 715, 55
8, 716, 10
8, 717, 47
8, 718, 56
8, 723, 50
8, 727, 47
8, 728, 48
8, 734, 43
8, 736, 37
8, 738, 33
8, 742, 16
8, 748, 24
8, 749, 28
8, 762, 22
8, 769, 40
8, 770, 21
8, 774, 29
8, 781, 55
8, 782, 22
8, 797, 2
9, 2, 12
9, 2, 53
9, 9, 34
9, 14, 39
9, 17, 37
9, 21, 9
9, 21, 49
9, 37, 19
9, 52, 19
9, 55, 14
9, 55, 16
9, 57, 12
9, 65, 60
9, 77, 44
9, 84, 10
9, 86, 42
9, 100, 6
9, 100, 37
9, 106, 30
9, 116, 7
9, 116, 15
9, 117, 9
9, 126, 19
9, 127, 31
9, 128, 9
9, 131, 26
9, 133, 2
9, 137, 32
9, 140, 42
9, 142, 54
9, 143, 24
9, 143, 38
9, 149, 25
9, 149, 49
9, 152, 43
9, 155, 16
9, 165, 34
9, 166, 53
9, 167, 50
9, 169, 33
9, 170, 8
9, 176, 5
9, 179, 53
9, 185, 21
9, 205, 55
9, 207, 31
9, 216, 34
9, 243, 42
9, 247, 43
9, 248, 37
9, 250, 58
9, 257, 47
9, 259, 12
9, 262, 14
9, 268, 35
9, 274, 18
9, 281, 10
9, 281, 24
9, 282, 50
9, 283, 12
9, 295, 34
9, 301, 24
9, 302, 44
9, 304, 17
9, 306, 63
9, 313, 6
9, 316, 39
9, 325, 38
9, 334, 27
9, 337, 47
9, 341, 60
9, 374, 58
9, 381, 32
9, 386, 37
9, 395, 21
9, 396, 53
9, 397, 31
9, 407, 33
9, 413, 54
9, 419, 49
9, 424, 42
9, 426, 19
9, 434, 26
9, 440, 37
9, 442, 60
9, 458, 35
9, 472, 25
9, 472, 50
9, 472, 63
9, 477, 31
9, 477, 55
9, 478, 30
9, 478, 47
9, 479, 15
9, 504, 50
9, 506, 7
9, 513, 43
9, 517, 30
9, 517, 43
9, 527, 53
9, 534, 19
9, 538, 14
9, 538, 38
9, 546, 38
9, 556, 34
9, 564, 16
9, 569, 9
9, 572, 27
9, 575, 18
9, 576, 2
9, 579, 32
9, 582, 39
9, 588, 17
9, 591, 55
9, 596, 47
9, 597, 14
9, 597, 26
9, 602, 21
9, 603, 42
9, 615, 37
9, 631, 55
9, 632, 5
9, 632, 15
9, 632, 47
9, 637, 31
9, 641, 60
9, 642, 49
9, 645, 54
9, 650, 24
9, 656, 33
9, 665, 35
9, 671, 42
9, 679, 12
9, 681, 21
9, 684, 4
9, 684, 44
9, 690, 53
9, 694, 53
9, 699, 10
9, 706, 34
9, 706, 50
9, 714, 8
9, 714, 34
9, 716, 27
9, 721, 3
9, 727, 32
9, 733, 7
9, 733, 38
9, 734, 37
9, 738, 35
9, 740, 43
9, 741, 6
9, 749, 26
9, 750, 25
9, 751, 26
9, 752, 6
9, 755, 58
9, 760, 30
9, 765, 26
9, 772, 9
9, 773, 24
9, 778, 15
9, 781, 3
9, 785, 5
9, 794, 7
9, 799, 53
10, 10, 25
10, 17, 8
10, 17, 28
10, 18, 62
10, 20, 57
10, 25, 3
10, 26, 42
10, 30, 37
10, 37, 38
10, 43, 26
10, 50, 7
10, 55, 46
10, 57, 24
10, 57, 34
10, 63, 1
10, 65, 5
10, 66, 27
10, 67, 43
10, 68, 30
10, 69, 21
10, 69, 35
10, 72, 19
10, 82, 3
10, 86, 48
10, 88, 16
10, 92, 25
10, 92, 50
10, 95, 61
10, 97, 26
10, 99, 11
10, 111, 7
10, 116, 52
10, 121, 8
10, 121, 36
10, 129, 1
10, 140, 10
10, 147, 41
10, 152, 58
10, 155, 53
10, 156, 20
10, 164, 13
10, 177, 56
10, 178, 18
10, 183, 12
10, 191, 33
10, 196, 53
10, 202, 3
10, 206, 44
10, 216, 54
10, 222, 31
10, 224, 13
10, 224, 52
10, 226, 5
10, 226, 62
10, 227, 7
10, 245, 20
10, 247, 23
10, 252, 1
10, 253, 17
10, 256, 45
10, 259, 20
10, 259, 28
10, 265, 8
10, 265, 24
10, 268, 3
10, 271, 36
10, 277, 57
10, 283, 43
10, 285, 11
10, 288, 21
10, 293, 42
10, 296, 30
10, 299, 50
10, 301, 44
10, 315, 51
10, 321, 48
10, 321, 61
10, 326, 27
10, 333, 39
10, 350, 26
10, 363, 25
10, 366, 41
10, 370, 19
10, 381, 18
10, 386, 35
10, 390, 48
10, 399, 28
10, 400, 53
10, 407, 41
10, 413, 26
10, 427, 56
10, 428, 46
10, 431, 51
10, 439, 33
10, 439, 45
10, 441, 57
10, 442, 42
10, 451, 46
10, 452, 44
10, 464, 58
10, 468, 31
10, 473, 37
10, 479, 43
10, 499, 15
10, 501, 52
10, 502, 23
10, 513, 48
10, 520, 50
10, 522, 52
10, 525, 38
10, 526, 19
10, 531, 21
10, 538, 16
10, 538, 20
10, 542, 37
10, 544, 24
10, 547, 12
10, 550, 27
10, 559, 45
10, 563, 10
10, 573, 43
10, 575, 15
10, 578, 48
10, 579, 17
10, 581, 62
10, 587, 10
10, 590, 34
10, 592, 56
10, 596, 23
10, 596, 28
10, 597, 26
10, 608, 13
10, 609, 1
10, 610, 27
10, 610, 30
10, 615, 25
10, 616, 12
10, 616, 41
10, 618, 56
10, 621, 51
10, 622, 7
10, 623, 46
10, 627, 45
10, 631, 46
10, 636, 3
10, 637, 7
10, 646, 38
10, 648, 61
10, 653, 3
10, 653, 51
10, 655, 45
10, 663, 35
10, 666, 62
10, 668, 33
10, 671, 53
10, 679, 1
10, 682, 36
10, 686, 11
10, 686, 56
10, 688, 44
10, 694, 8
10, 701, 42
10, 702, 24
10, 702, 61
10, 704, 15
10, 705, 28
10, 706, 47
10, 712, 43
10, 714, 18
10, 718, 50
10, 722, 16
10, 723, 5
10, 723, 41
10, 733, 34
10, 738, 21
10, 740, 7
10, 750, 35
10, 754, 39
10, 759, 26
10, 770, 37
10, 776, 37
10, 777, 45
10, 778, 25
10, 780, 54
10, 783, 13
10, 784, 46
10, 790, 58
10, 795, 5
10, 797, 28
11, 5, 12
11, 11, 15
11, 14, 37
11, 15, 50
11, 30, 38
11, 34, 16
11, 34, 53
11, 41, 25
11, 50, 3
11, 53, 46
11, 54, 39
11, 54, 52
11, 58, 21
11, 62, 49
11, 66, 24
11, 67, 37
11, 68, 20
11, 71, 44
11, 74, 17
11, 84, 42
11, 87, 2
11, 93, 7
11, 100, 14
11, 111, 61
11, 116, 40
11, 133, 48
11, 135, 41
11, 141, 33
11, 145, 52
11, 156, 54
11, 157, 35
11, 159, 54
11, 161, 5
11, 162, 51
11, 164, 29
11, 165, 15
11, 169, 14
11, 172, 40
11, 175, 31
11, 178, 59
11, 181, 14
11, 187, 53
11, 188, 55
11, 191, 40
11, 194, 32
11, 194, 49
11, 204, 25
11, 216, 7
11, 218, 47
11, 220, 3
11, 228, 38
11, 234, 13
11, 236, 4
11, 236, 11
11, 236, 17
11, 250, 23
11, 259, 6
11, 262, 53
11, 264, 21
11, 264, 44
11, 274, 56
11, 277, 29
11, 278, 50
11, 280, 10
11, 287, 39
11, 288, 37
11, 292, 1
11, 293, 25
11, 298, 24
11, 322, 44
11, 328, 34
11, 340, 17
11, 349, 33
11, 360, 16
11, 375, 42
11, 382, 40
11, 386, 48
11, 399, 50
11, 407, 46
11, 407, 51
11, 414, 29
11, 414, 49
11, 419, 41
11, 424, 31
11, 426, 49
11, 434, 45
11, 439, 55
11, 446, 35
11, 453, 61
11, 463, 41
11, 467, 56
11, 476, 32
11, 480, 25
11, 486, 59
11, 490, 52
11, 490, 56
11, 491, 38
11, 492, 47
11, 499, 54
11, 504, 37
11, 512, 15
11, 512, 21
11, 518, 14
11, 521, 4
11, 522, 48
11, 524, 26
11, 525, 25
11, 527, 11
11, 527, 17
11, 528, 5
11, 531, 12
11, 531, 34
11, 535, 44
11, 544, 51
11, 550, 26
11, 550, 39
11, 551, 24
11, 556, 49
11, 569, 23
11, 570, 6
11, 570, 52
11, 581, 42
11, 581, 50
11, 582, 33
11, 583, 44
11, 599, 44
11, 609, 42
11, 614, 53
11, 621, 40
11, 622, 55
11, 624, 61
11, 633, 29
11, 639, 15
11, 639, 23
11, 643, 2
11, 659, 16
11, 659, 31
11, 660, 4
11, 665, 25
11, 670, 6
11, 672, 10
11, 673, 21
11, 687, 47
11, 690, 48
11, 698, 17
11, 698, 41
11, 698, 52
11, 704, 55
11, 714, 37
11, 714, 44
11, 731, 15
11, 737, 1
11, 740, 24
11, 741, 23
11, 741, 51
11, 745, 32
11, 750, 40
11, 753, 33
11, 753, 50
11, 758, 1
11, 758, 59
11, 765, 16
11, 766, 34
11, 766, 50
11, 768, 5
11, 768, 26
11, 769, 13
11, 772, 25
11, 774, 52
11, 775, 42
11, 778, 12
11, 783, 39
11, 787, 23
11, 793, 29
11, 793, 38
11, 797, 4
12, 4, 29
12, 9, 9
12, 13, 20
12, 17, 40
12, 19, 6
12, 19, 27
12, 21, 56
12, 27, 20
12, 31, 3
12, 32, 52
12, 33, 24
12, 33, 27
12, 33, 30
12, 39, 15
12, 39, 47
12, 44, 22
12, 47, 59
12, 50, 1
12, 56, 10
12, 61, 28
12, 63, 1
12, 67, 5
12, 81, 42
12, 84, 41
12, 92, 61
12, 97, 18
12, 97, 55
12, 106, 11
12, 110, 44
12, 118, 9
12, 121, 56
12, 131, 12
12, 134, 8
12, 138, 16
12, 141, 11
12, 147, 49
12, 150, 46
12, 156, 54
12, 159, 23
12, 161, 6
12, 166, 4
12, 169, 52
12, 182, 26
12, 188, 48
12, 201, 14
12, 201, 35
12, 204, 12
12, 205, 11
12, 214, 58
12, 216, 2
12, 222, 6
12, 226, 4
12, 238, 28
12, 238, 31
12, 238, 36
12, 244, 52
12, 245, 62
12, 249, 6
12, 251, 61
12, 262, 31
12, 266, 30
12, 267, 5
12, 272, 18
12, 272, 27
12, 281, 16
12, 281, 38
12, 283, 10
12, 285, 52
12, 293, 39
12, 294, 28
12, 294, 55
12, 297, 9
12, 304, 42
12, 305, 3
12, 307, 40
12, 309, 33
12, 315, 53
12, 320, 22
12, 336, 41
12, 336, 47
12, 341, 59
12, 345, 35
12, 353, 24
12, 358, 23
12, 358, 50
12, 359, 35
12, 362, 22
12, 363, 33
12, 365, 30
12, 365, 56
12, 373, 26
12, 375, 54
12, 380, 53
12, 381, 39
12, 384, 58
12, 387, 30
12, 392, 58
12, 396, 40
12, 409, 49
12, 410, 38
12, 435, 39
12, 451, 29
12, 453, 55
12, 457, 27
12, 458, 44
12, 470, 29
12, 473, 52
12, 474, 18
12, 490, 20
12, 494, 44
12, 496, 36
12, 497, 51
12, 502, 23
12, 505, 28
12, 511, 22
12, 512, 62
12, 516, 16
12, 519, 41
12, 519, 47
12, 522, 11
12, 525, 52
12, 533, 12
12, 537, 18
12, 538, 22
12, 548, 61
12, 557, 6
12, 557, 50
12, 565, 31
12, 574, 8
12, 583, 22
12, 584, 1
12, 584, 47
12, 588, 48
12, 595, 46
12, 599, 4
12, 603, 10
12, 603, 59
12, 609, 15
12, 615, 30
12, 616, 49
12, 630, 16
12, 630, 49
12, 633, 35
12, 639, 35
12, 639, 61
12, 641, 36
12, 645, 54
12, 646, 50
12, 647, 39
12, 651, 10
12, 654, 56
12, 657, 26
12, 662, 2
12, 684, 28
12, 687, 9
12, 688, 5
12, 695, 29
12, 698, 14
12, 702, 53
12, 711, 35
12, 715, 52
12, 717, 6
12, 718, 10
12, 719, 26
12, 720, 31
12, 721, 12
12, 725, 6
12, 725, 58
12, 727, 3
12, 730, 52
12, 732, 8
12, 740, 9
12, 745, 41
12, 749, 42
12, 763, 44
12, 768, 56
12, 775, 48
12, 779, 52
12, 788, 40
12, 788, 47
12, 795, 16
12, 795, 36
12, 796, 3
13, 2, 7
13, 3, 52
13, 17, 6
13, 17, 32
13, 19, 50
13, 22, 54
13, 38, 61
13, 49, 31
13, 53, 38
13, 63, 2
13, 69, 9
13, 72, 15
13, 73, 61
13, 75, 14
13, 79, 16
13, 82, 56
13, 86, 57
13, 91, 52
13, 93, 49
13, 99, 15
13, 116, 48
13, 118, 3
13, 124, 7
13, 125, 45
13, 134, 28
13, 135, 27
13, 139, 42
13, 142, 56
13, 157, 16
13, 159, 11
13, 169, 32
13, 177, 17
13, 180, 3
13, 184, 22
13, 189, 43
13, 189, 58
13, 190, 21
13, 199, 25
13, 207, 39
13, 208, 29
13, 209, 10
13, 210, 3
13, 210, 54
13, 214, 50
13, 217, 62
13, 221, 20
13, 238, 7
13, 240, 54
13, 243, 12
13, 246, 1
13, 250, 6
13, 266, 38
13, 269, 59
13, 272, 13
13, 274, 31
13, 281, 49
13, 293, 15
13, 295, 52
13, 301, 11
13, 304, 19
13, 305, 62
13, 311, 34
13, 320, 39
13, 320, 54
13, 330, 32
13, 332, 62
13, 336, 49
13, 344, 38
13, 359, 36
13, 365, 50
13, 384, 28
13, 385, 45
13, 397, 61
13, 417, 21
13, 421, 35
13, 424, 27
13, 445, 29
13, 445, 48
13, 458, 52
13, 476, 16
13, 485, 29
13, 500, 10
13, 502, 9
13, 502, 42
13, 504, 19
13, 504, 45
13, 508, 10
13, 508, 42
13, 510, 48
13, 512, 50
13, 519, 2
13, 520, 22
13, 533, 12
13, 535, 35
13, 542, 7
13, 545, 21
13, 545, 32
13, 552, 13
13, 558, 37
13, 567, 62
13, 570, 38
13, 571, 57
13, 589, 17
13, 590, 3
13, 595, 57
13, 599, 36
13, 605, 11
13, 623, 1
13, 623, 25
13, 623, 34
13, 630, 9
13, 636, 28
13, 639, 50
13, 647, 19
13, 648, 12
13, 651, 43
13, 652, 14
13, 656, 54
13, 660, 37
13, 661, 16
13, 667, 42
13, 675, 59
13, 676, 11
13, 682, 1
13, 683, 27
13, 685, 16
13, 688, 39
13, 689, 6
13, 692, 5
13, 693, 32
13, 697, 45
13, 702, 9
13, 709, 49
13, 715, 42
13, 722, 31
13, 728, 52
13, 740, 12
13, 746, 12
13, 747, 10
13, 749, 29
13, 764, 56
13, 770, 35
13, 771, 48
13, 773, 13
13, 773, 19
13, 774, 12
13, 785, 17
13, 792, 57
13, 794, 14
13, 794, 32
13, 797, 48
14, 1, 16
14, 10, 30
14, 13, 14
14, 14, 36
14, 22, 32
14, 22, 33
14, 25, 29
14, 28, 18
14, 30, 7
14, 40, 44
14, 42, 2
14, 62, 27
14, 65, 5
14, 69, 48
14, 73, 22
14, 75, 26
14, 85, 24
14, 91, 54
14, 101, 36
14, 103, 58
14, 109, 41
14, 110, 9
14, 110, 14
14, 113, 11
14, 114, 31
14, 115, 48
14, 117, 17
14, 122, 3
14, 122, 54
14, 134, 56
14, 137, 32
14, 139, 31
14, 141, 19
14, 142, 47
14, 147, 49
14, 148, 3
14, 152, 59
14, 159, 10
14, 159, 15
14, 163, 32
14, 165, 50
14, 171, 33
14, 172, 51
14, 174, 42
14, 178, 30
14, 187, 38
14, 198, 44
14, 200, 4
14, 202, 28
14, 204, 44
14, 207, 22
14, 209, 1
14, 210, 16
14, 213, 32
14, 214, 7
14, 215, 24
14, 223, 9
14, 224, 36
14, 232, 37
14, 239, 29
14, 241, 19
14, 241, 22
14, 243, 30
14, 248, 14
14, 252, 36
14, 253, 10
14, 257, 50
14, 263, 5
14, 263, 20
14, 264, 46
14, 269, 4
14, 273, 11
14, 277, 36
14, 299, 18
14, 300, 58
14, 313, 27
14, 320, 48
14, 365, 31
14, 371, 56
14, 378, 17
14, 384, 57
14, 384, 59
14, 390, 46
14, 402, 26
14, 405, 30
14, 405, 32
14, 410, 19
14, 410, 33
14, 423, 47
14, 424, 41
14, 428, 56
14, 433, 19
14, 434, 45
14, 434, 54
14, 437, 39
14, 441, 37
14, 445, 15
14, 452, 28
14, 456, 22
14, 458, 51
14, 464, 58
14, 465, 44
14, 475, 42
14, 476, 29
14, 477, 28
14, 481, 14
14, 487, 46
14, 490, 58
14, 493, 9
14, 494, 24
14, 498, 22
14, 508, 22
14, 511, 1
14, 514, 29
14, 516, 39
14, 517, 49
14, 522, 56
14, 524, 37
14, 526, 36
14, 531, 3
14, 536, 18
14, 537, 16
14, 549, 27
14, 552, 47
14, 555, 38
14, 559, 55
14, 561, 26
14, 561, 45
14, 570, 38
14, 580, 30
14, 585, 16
14, 586, 4
14, 587, 31
14, 589, 59
14, 591, 50
14, 594, 20
14, 599, 5
14, 599, 45
14, 603, 20
14, 604, 37
14, 615, 32
14, 625, 48
14, 627, 14
14, 635, 50
14, 637, 48
14, 642, 28
14, 651, 17
14, 658, 30
14, 660, 10
14, 664, 41
14, 665, 19
14, 670, 24
14, 672, 54
14, 692, 28
14, 697, 55
14, 716, 30
14, 726, 47
14, 730, 37
14, 733, 16
14, 734, 19
14, 742, 20
14, 745, 29
14, 747, 39
14, 748, 1
14, 749, 22
14, 759, 31
14, 769, 3
14, 771, 57
14, 772, 5
14, 775, 26
14, 777, 2
14, 777, 7
14, 779, 48
14, 786, 44
14, 799, 46
15, 2, 30
15, 2, 46
15, 6, 39
15, 19, 26
15, 21, 11
15, 29, 36
15, 43, 16
15, 45, 37
15, 57, 56
15, 59, 50
15, 63, 47
15, 64, 25
15, 64, 45
15, 74, 58
15, 75, 41
15, 84, 45
15, 85, 26
15, 87, 21
15, 88, 18
15, 92, 20
15, 92, 27
15, 99, 25
15, 117, 29
15, 117, 49
15, 121, 40
15, 143, 18
15, 144, 7
15, 152, 14
15, 157, 53
15, 167, 34
15, 168, 36
15, 173, 27
15, 176, 3
15, 185, 38
15, 189, 12
15, 195, 25
15, 196, 26
15, 196, 50
15, 203, 50
15, 209, 24
15, 209, 52
15, 210, 13
15, 211, 30
15, 220, 22
15, 221, 43
15, 232, 28
15, 235, 11
15, 247, 59
15, 249, 5
15, 251, 23
15, 254, 37
15, 256, 22
15, 258, 17
15, 258, 46
15, 260, 14
15, 261, 27
15, 276, 56
15, 278, 3
15, 278, 32
15, 279, 58
15, 286, 16
15, 286, 41
15, 287, 25
15, 297, 25
15, 299, 39
15, 301, 18
15, 307, 53
15, 309, 45
15, 322, 45
15, 328, 44
15, 331, 47
15, 335, 24
15, 343, 43
15, 354, 40
15, 355, 29
15, 395, 38
15, 399, 49
15, 403, 36
15, 406, 36
15, 407, 20
15, 408, 37
15, 413, 46
15, 414, 34
15, 421, 21
15, 426, 30
15, 428, 52
15, 429, 41
15, 431, 31
15, 444, 23
15, 444, 59
15, 488, 34
15, 497, 29
15, 505, 27
15, 506, 47
15, 506, 50
15, 507, 22
15, 523, 17
15, 524, 28
15, 524, 41
15, 529, 16
15, 539, 49
15, 542, 43
15, 549, 59
15, 550, 56
15, 553, 18
15, 557, 3
15, 557, 45
15, 560, 40
15, 561, 25
15, 561, 32
15, 566, 26
15, 568, 29
15, 570, 24
15, 571, 12
15, 577, 23
15, 577, 50
15, 582, 7
15, 590, 21
15, 592, 44
15, 593, 14
15, 620, 28
15, 621, 30
15, 624, 12
15, 626, 43
15, 631, 36
15, 635, 46
15, 640, 39
15, 641, 16
15, 641, 23
15, 646, 37
15, 660, 25
15, 665, 32
15, 666, 20
15, 669, 31
15, 675, 15
15, 689, 40
15, 692, 13
15, 697, 7
15, 702, 39
15, 705, 26
15, 714, 36
15, 717, 17
15, 725, 18
15, 726, 56
15, 737, 21
15, 743, 3
15, 744, 49
15, 747, 45
15, 749, 11
15, 751, 20
15, 752, 14
15, 753, 50
15, 760, 5
15, 761, 38
15, 766, 31
15, 768, 25
15, 769, 12
15, 772, 16
15, 781, 27
15, 784, 22
15, 785, 53
15, 789, 7
16, 2, 43
16, 4, 1
16, 5, 54
16, 5, 57
16, 13, 37
16, 14, 54
16, 19, 35
16, 27, 43
16, 31, 20
16, 39, 3
16, 40, 17
16, 42, 8
16, 52, 14
16, 52, 23
16, 67, 32
16, 78, 29
16, 88, 32
16, 91, 13
16, 100, 26
16, 103, 6
16, 105, 48
16, 113, 25
16, 116, 11
16, 117, 28
16, 120, 5
16, 120, 7
16, 121, 39
16, 124, 55
16, 124, 57
16, 134, 4
16, 136, 53
16, 141, 31
16, 167, 10
16, 169, 45
16, 175, 8
16, 175, 35
16, 177, 49
16, 185, 33
16, 186, 54
16, 192, 1
16, 199, 16
16, 203, 47
16, 208, 30
16, 210, 37
16, 213, 12
16, 224, 29
16, 225, 48
16, 226, 41
16, 230, 17
16, 234, 14
16, 241, 3
16, 241, 21
16, 241, 60
16, 246, 40
16, 248, 3
16, 257, 7
16, 258, 6
16, 263, 42
16, 265, 43
16, 267, 35
16, 271, 15
16, 279, 44
16, 300, 53
16, 304, 4
16, 306, 10
16, 312, 31
16, 314, 14
16, 323, 20
16, 326, 48
16, 337, 37
16, 352, 58
16, 357, 55
16, 361, 49
16, 366, 26
16, 372, 32
16, 374, 47
16, 379, 31
16, 379, 32
16, 384, 33
16, 386, 39
16, 397, 58
16, 399, 23
16, 410, 48
16, 412, 49
16, 415, 25
16, 415, 31
16, 419, 42
16, 426, 29
16, 449, 20
16, 449, 54
16, 450, 40
16, 454, 45
16, 462, 54
16, 463, 37
16, 471, 43
16, 474, 35
16, 480, 25
16, 480, 28
16, 480, 30
16, 489, 57
16, 498, 13
16, 508, 3
16, 517, 41
16, 525, 40
16, 529, 55
16, 533, 10
16, 543, 3
16, 543, 8
16, 545, 14
16, 548, 43
16, 550, 11
16, 552, 29
16, 554, 58
16, 557, 55
16, 558, 17
16, 563, 53
16, 567, 5
16, 567, 37
16, 567, 44
16, 570, 4
16, 573, 19
16, 575, 31
16, 579, 12
16, 579, 21
16, 579, 33
16, 580, 1
16, 584, 29
16, 586, 5
16, 586, 8
16, 597, 30
16, 607, 15
16, 609, 7
16, 610, 47
16, 611, 6
16, 621, 16
16, 629, 32
16, 641, 26
16, 642, 20
16, 644, 37
16, 646, 57
16, 650, 14
16, 650, 23
16, 655, 49
16, 660, 43
16, 664, 1
16, 670, 17
16, 678, 42
16, 697, 11
16, 698, 33
16, 701, 4
16, 702, 1
16, 706, 10
16, 712, 51
16, 726, 19
16, 727, 53
16, 731, 43
16, 736, 55
16, 737, 58
16, 741, 5
16, 746, 7
16, 754, 21
16, 757, 4
16, 758, 48
16, 759, 25
16, 764, 15
16, 768, 29
16, 780, 37
16, 784, 31
16, 786, 14
16, 790, 32
17, 11, 20
17, 25, 10
17, 26, 24
17, 29, 59
17, 32, 12
17, 45, 6
17, 68, 17
17, 71, 15
17, 81, 38
17, 81, 39
17, 88, 14
17, 88, 56
17, 94, 36
17, 105, 60
17, 114, 50
17, 127, 47
17, 129, 8
17, 130, 16
17, 130, 45
17, 146, 17
17, 147, 32
17, 154, 59
17, 156, 29
17, 159, 12
17, 160, 45
17, 161, 47
17, 162, 34
17, 163, 30
17, 166, 42
17, 167, 17
17, 174, 45
17, 174, 54
17, 181, 59
17, 182, 44
17, 183, 22
17, 192, 24
17, 193, 10
17, 193, 35
17, 196, 40
17, 206, 2
17, 207, 28
17, 214, 3
17, 219, 8
17, 221, 52
17, 227, 18
17, 236, 57
17, 240, 12
17, 246, 47
17, 247, 12
17, 267, 49
17, 270, 6
17, 288, 44
17, 290, 13
17, 290, 32
17, 293, 2
17, 297, 52
17, 298, 16
17, 303, 24
17, 307, 39
17, 314, 34
17, 315, 55
17, 319, 41
17, 322, 36
17, 328, 29
17, 332, 26
17, 334, 38
17, 335, 54
17, 342, 22
17, 347, 52
17, 357, 14
17, 362, 24
17, 365, 45
17, 372, 42
17, 373, 30
17, 381, 56
17, 386, 35
17, 388, 18
17, 394, 54
17, 399, 17
17, 419, 38
17, 434, 47
17, 442, 41
17, 445, 32
17, 445, 59
17, 447, 20
17, 450, 44
17, 453, 22
17, 462, 48
17, 472, 36
17, 473, 22
17, 498, 40
17, 501, 12
17, 505, 29
17, 511, 14
17, 513, 50
17, 515, 34
17, 518, 10
17, 519, 33
17, 527, 8
17, 527, 42
17, 527, 55
17, 531, 3
17, 545, 50
17, 552, 39
17, 556, 45
17, 558, 9
17, 559, 40
17, 561, 32
17, 562, 57
17, 563, 30
17, 574, 52
17, 579, 15
17, 580, 38
17, 584, 38
17, 592, 35
17, 595, 34
17, 597, 16
17, 602, 57
17, 619, 15
17, 624, 6
17, 624, 55
17, 628, 10
17, 635, 57
17, 644, 54
17, 646, 26
17, 657, 2
17, 659, 36
17, 661, 41
17, 662, 47
17, 666, 49
17, 667, 50
17, 668, 9
17, 669, 59
17, 672, 6
17, 672, 41
17, 673, 40
17, 685, 17
17, 685, 54
17, 692, 3
17, 699, 36
17, 700, 18
17, 706, 38
17, 709, 16
17, 710, 20
17, 719, 22
17, 721, 29
17, 724, 13
17, 731, 18
17, 741, 33
17, 743, 18
17, 755, 42
17, 756, 56
17, 758, 36
17, 762, 55
17, 772, 48
17, 780, 57
17, 789, 8
17, 789, 35
17, 791, 10
17, 792, 29
17, 793, 6
17, 799, 59
18, 4, 6
18, 5, 3
18, 11, 56
18, 13, 42
18, 14, 16
18, 14, 45
18, 19, 25
18, 22, 39
18, 34, 38
18, 44, 32
18, 48, 8
18, 48, 57
18, 49, 21
18, 50, 34
18, 52, 10
18, 55, 14
18, 56, 19
18, 60, 28
18, 62, 15
18, 67, 13
18, 75, 51
18, 84, 44
18, 94, 9
18, 98, 5
18, 109, 43
18, 116, 26
18, 116, 53
18, 118, 24
18, 121, 28
18, 123, 23
18, 127, 35
18, 129, 36
18, 130, 47
18, 131, 16
18, 144, 30
18, 146, 50
18, 152, 56
18, 155, 25
18, 160, 35
18, 170, 8
18, 170, 14
18, 185, 20
18, 186, 53
18, 198, 14
18, 203, 22
18, 205, 12
18, 206, 7
18, 206, 56
18, 220, 29
18, 225, 24
18, 229, 3
18, 234, 53
18, 236, 28
18, 238, 47
18, 243, 54
18, 246, 39
18, 248, 32
18, 251, 57
18, 253, 13
18, 258, 27
18, 258, 41
18, 260, 55
18, 261, 38
18, 264, 19
18, 271, 44
18, 278, 15
18, 286, 16
18, 294, 53
18, 295, 46
18, 304, 30
18, 306, 26
18, 310, 14
18, 310, 21
18, 322, 16
18, 322, 34
18, 326, 45
18, 333, 32
18, 333, 42
18, 334, 25
18, 337, 53
18, 339, 16
18, 341, 35
18, 341, 47
18, 355, 61
18, 359, 32
18, 366, 56
18, 370, 50
18, 372, 53
18, 374, 48
18, 375, 44
18, 379, 24
18, 380, 42
18, 385, 51
18, 392, 12
18, 403, 41
18, 410, 29
18, 415, 35
18, 430, 39
18, 441, 36
18, 446, 23
18, 447, 28
18, 447, 50
18, 453, 59
18, 458, 34
18, 465, 43
18, 474, 30
18, 485, 57
18, 488, 25
18, 495, 28
18, 495, 30
18, 498, 45
18, 509, 29
18, 510, 55
18, 512, 10
18, 524, 32
18, 526, 3
18, 529, 35
18, 533, 38
18, 534, 9
18, 540, 5
18, 542, 22
18, 550, 47
18, 553, 20
18, 567, 19
18, 570, 13
18, 578, 15
18, 584, 12
18, 585, 28
18, 588, 14
18, 595, 5
18, 595, 16
18, 603, 36
18, 604, 7
18, 606, 51
18, 609, 41
18, 617, 34
18, 619, 44
18, 625, 50
18, 626, 61
18, 627, 14
18, 627, 32
18, 629, 29
18, 637, 12
18, 640, 9
18, 644, 46
18, 646, 3
18, 651, 32
18, 652, 24
18, 657, 12
18, 659, 45
18, 662, 59
18, 673, 23
18, 678, 57
18, 679, 43
18, 683, 26
18, 689, 53
18, 690, 21
18, 693, 30
18, 695, 26
18, 698, 61
18, 700, 23
18, 702, 6
18, 716, 7
18, 718, 35
18, 722, 5
18, 722, 55
18, 730, 42
18, 739, 13
18, 739, 50
18, 743, 8
18, 746, 48
18, 750, 61
18, 753, 28
18, 755, 48
18, 756, 14
18, 756, 39
18, 764, 3
18, 764, 16
18, 766, 19
18, 785, 22
18, 786, 47
18, 788, 25
18, 789, 41
18, 792, 44
18, 794, 48
18, 799, 12
19, 10, 4
19, 13, 38
19, 17, 28
19, 18, 35
19, 22, 5
19, 28, 6
19, 29, 55
19, 32, 39
19, 37, 13
19, 39, 48
19, 47, 24
19, 50, 45
19, 54, 39
19, 55, 17
19, 60, 24
19, 66, 49
19, 68, 50
19, 70, 59
19, 77, 4
19, 78, 34
19, 89, 30
19, 91, 8
19, 94, 4
19, 98, 41
19, 101, 56
19, 102, 51
19, 111, 38
19, 113, 7
19, 118, 17
19, 119, 28
19, 124, 5
19, 128, 12
19, 132, 10
19, 133, 37
19, 161, 33
19, 165, 20
19, 168, 17
19, 173, 32
19, 175, 13
19, 175, 24
19, 179, 37
19, 186, 48
19, 188, 6
19, 192, 59
19, 193, 13
19, 195, 10
19, 201, 47
19, 206, 26
19, 210, 30
19, 218, 21
19, 219, 46
19, 226, 39
19, 228, 4
19, 228, 41
19, 234, 7
19, 234, 25
19, 234, 58
19, 236, 23
19, 237, 24
19, 239, 49
19, 253, 50
19, 255, 27
19, 255, 51
19, 258, 38
19, 262, 6
19, 263, 41
19, 271, 43
19, 271, 45
19, 272, 19
19, 274, 17
19, 275, 12
19, 276, 37
19, 277, 4
19, 278, 8
19, 285, 49
19, 286, 7
19, 289, 35
19, 291, 56
19, 305, 34
19, 311, 39
19, 320, 41
19, 334, 50
19, 335, 37
19, 338, 28
19, 341, 56
19, 347, 42
19, 355, 59
19, 356, 63
19, 366, 30
19, 367, 37
19, 394, 50
19, 397, 20
19, 397, 51
19, 437, 26
19, 453, 32
19, 456, 46
19, 460, 44
19, 462, 56
19, 477, 34
19, 485, 43
19, 489, 23
19, 490, 21
19, 490, 38
19, 496, 37
19, 499, 35
19, 503, 13
19, 511, 59
19, 522, 10
19, 538, 19
19, 543, 45
19, 545, 10
19, 545, 58
19, 549, 24
19, 554, 51
19, 557, 33
19, 560, 13
19, 561, 37
19, 563, 50
19, 567, 21
19, 568, 30
19, 576, 28
19, 582, 50
19, 582, 58
19, 585, 48
19, 589, 5
19, 589, 49
19, 593, 8
19, 593, 14
19, 596, 17
19, 603, 42
19, 622, 32
19, 626, 7
19, 633, 41
19, 639, 25
19, 640, 10
19, 641, 34
19, 643, 12
19, 647, 44
19, 661, 44
19, 662, 56
19, 663, 13
19, 666, 20
19, 669, 21
19, 673, 4
19, 673, 26
19, 684, 46
19, 689, 51
19, 690, 34
19, 696, 46
19, 697, 23
19, 708, 28
19, 715, 25
19, 717, 43
19, 721, 14
19, 727, 30
19, 735, 59
19, 756, 12
19, 764, 50
19, 768, 63
19, 770, 32
19, 775, 43
19, 780, 30
19, 783, 6
19, 784, 37
19, 787, 51
19, 791, 4
19, 793, 58
19, 796, 21
