1, 1, 36
1, 14, 9
1, 18, 19
1, 24, 50
1, 25, 16
1, 26, 58
1, 30, 41
1, 33, 26
1, 40, 8
1, 40, 56
1, 41, 47
1, 45, 20
1, 51, 32
1, 51, 48
1, 58, 8
1, 61, 40
1, 71, 24
1, 74, 34
1, 81, 41
1, 81, 55
1, 87, 15
1, 91, 12
1, 96, 30
1, 96, 45
1, 99, 56
1, 105, 27
1, 106, 3
1, 106, 35
1, 108, 43
1, 110, 46
1, 112, 30
1, 113, 49
1, 114, 7
1, 114, 29
1, 115, 53
1, 119, 4
1, 128, 42
1, 134, 31
1, 137, 21
1, 137, 36
1, 138, 11
1, 139, 13
1, 144, 16
1, 154, 48
1, 154, 57
1, 158, 38
1, 159, 32
1, 159, 54
1, 160, 55
1, 174, 19
1, 176, 10
1, 182, 12
1, 194, 32
1, 195, 29
1, 196, 26
1, 196, 39
1, 199, 28
1, 200, 55
1, 201, 12
1, 207, 41
1, 211, 15
1, 213, 29
1, 214, 54
1, 215, 56
1, 216, 23
1, 216, 27
1, 222, 18
1, 223, 48
1, 226, 6
1, 226, 34
1, 229, 1
1, 235, 12
1, 237, 3
1, 237, 25
1, 242, 15
1, 243, 49
1, 245, 7
1, 245, 38
1, 251, 39
1, 255, 21
1, 257, 2
1, 265, 45
1, 268, 8
1, 268, 47
1, 271, 14
1, 275, 55
1, 280, 31
1, 290, 30
1, 291, 5
1, 291, 53
1, 304, 58
1, 312, 37
1, 316, 50
1, 317, 43
1, 321, 29
1, 329, 36
1, 331, 28
1, 335, 26
1, 339, 40
1, 346, 52
1, 349, 34
1, 354, 42
1, 356, 42
1, 360, 55
1, 362, 21
1, 362, 38
1, 363, 48
1, 369, 24
1, 379, 35
1, 384, 32
1, 386, 41
1, 388, 19
1, 392, 21
1, 396, 34
1, 396, 46
1, 398, 45
1, 407, 57
1, 414, 41
1, 424, 23
1, 431, 27
1, 442, 51
1, 448, 47
1, 452, 46
1, 461, 52
1, 462, 18
1, 464, 48
1, 473, 56
1, 475, 51
1, 476, 31
1, 480, 49
1, 495, 34
1, 501, 54
1, 507, 43
1, 511, 16
1, 514, 57
1, 516, 40
1, 519, 29
1, 523, 14
1, 523, 15
1, 524, 4
1, 524, 11
1, 524, 26
1, 525, 36
1, 527, 13
1, 528, 37
1, 528, 53
1, 537, 15
1, 542, 39
1, 543, 51
1, 548, 30
1, 551, 40
1, 553, 37
1, 553, 49
1, 556, 1
1, 557, 25
1, 558, 35
1, 558, 45
1, 562, 9
1, 566, 32
1, 570, 34
1, 571, 46
1, 572, 19
1, 583, 10
1, 583, 24
1, 583, 55
1, 587, 10
1, 593, 50
1, 597, 25
1, 602, 35
1, 605, 7
1, 607, 45
1, 608, 26
1, 608, 32
1, 614, 18
1, 614, 53
1, 615, 12
1, 615, 52
1, 619, 21
1, 623, 6
1, 624, 14
1, 626, 47
1, 626, 52
1, 627, 21
1, 635, 28
1, 638, 43
1, 645, 8
1, 646, 42
1, 664, 31
1, 664, 36
1, 668, 54
1, 669, 29
1, 671, 8
1, 672, 15
1, 674, 25
1, 681, 1
1, 684, 15
1, 685, 21
1, 686, 13
1, 693, 49
1, 694, 3
1, 695, 43
1, 708, 2
1, 712, 11
1, 722, 21
1, 730, 34
1, 732, 35
1, 736, 53
1, 737, 41
1, 738, 47
1, 744, 3
1, 748, 38
1, 753, 32
1, 756, 2
1, 758, 40
1, 759, 35
1, 759, 52
1, 762, 7
1, 763, 50
1, 765, 51
1, 768, 1
1, 770, 48
1, 772, 8
1, 772, 52
1, 779, 5
1, 784, 3
1, 784, 39
1, 788, 26
1, 789, 32
1, 792, 12
1, 799, 21
2, 2, 1
2, 4, 6
2, 7, 58
2, 12, 10
2, 12, 25
2, 15, 49
2, 20, 16
2, 20, 24
2, 24, 17
2, 25, 34
2, 26, 5
2, 30, 47
2, 35, 51
2, 39, 30
2, 41, 49
2, 45, 13
2, 47, 18
2, 47, 52
2, 49, 39
2, 51, 3
2, 53, 15
2, 55, 53
2, 66, 22
2, 66, 44
2, 69, 20
2, 71, 8
2, 71, 16
2, 71, 40
2, 75, 9
2, 75, 35
2, 75, 55
2, 81, 14
2, 81, 19
2, 83, 9
2, 83, 33
2, 87, 36
2, 88, 20
2, 92, 11
2, 97, 23
2, 101, 25
2, 104, 1
2, 104, 6
2, 106, 7
2, 109, 8
2, 116, 6
2, 116, 57
2, 119, 17
2, 122, 34
2, 123, 38
2, 125, 10
2, 126, 41
2, 133, 27
2, 137, 26
2, 139, 31
2, 140, 19
2, 145, 47
2, 146, 22
2, 152, 30
2, 153, 37
2, 160, 12
2, 162, 5
2, 164, 43
2, 165, 2
2, 165, 28
2, 166, 55
2, 170, 32
2, 172, 24
2, 176, 7
2, 178, 37
2, 180, 26
2, 180, 44
2, 180, 54
2, 186, 59
2, 188, 51
2, 192, 4
2, 192, 16
2, 192, 52
2, 194, 42
2, 197, 7
2, 197, 45
2, 197, 53
2, 199, 9
2, 200, 48
2, 206, 39
2, 214, 11
2, 219, 18
2, 230, 41
2, 234, 51
2, 235, 3
2, 235, 27
2, 238, 5
2, 239, 39
2, 240, 58
2, 243, 13
2, 244, 43
2, 246, 1
2, 252, 29
2, 253, 50
2, 255, 9
2, 256, 33
2, 261, 10
2, 262, 20
2, 265, 24
2, 272, 52
2, 276, 14
2, 279, 15
2, 287, 40
2, 290, 8
2, 290, 47
2, 292, 10
2, 299, 47
2, 305, 35
2, 306, 53
2, 307, 19
2, 307, 49
2, 307, 52
2, 309, 31
2, 310, 55
2, 312, 51
2, 313, 54
2, 321, 34
2, 325, 38
2, 329, 23
2, 332, 30
2, 341, 25
2, 343, 57
2, 351, 45
2, 359, 42
2, 364, 59
2, 369, 36
2, 375, 33
2, 380, 52
2, 381, 26
2, 382, 22
2, 387, 37
2, 398, 44
2, 401, 53
2, 404, 27
2, 413, 36
2, 414, 32
2, 417, 28
2, 419, 25
2, 419, 31
2, 436, 48
2, 437, 31
2, 454, 39
2, 457, 24
2, 461, 34
2, 462, 28
2, 465, 29
2, 469, 43
2, 472, 51
2, 474, 47
2, 481, 41
2, 484, 50
2, 485, 44
2, 493, 39
2, 498, 46
2, 505, 5
2, 509, 16
2, 510, 6
2, 510, 9
2, 511, 12
2, 511, 22
2, 513, 28
2, 513, 32
2, 514, 54
2, 520, 20
2, 520, 42
2, 524, 2
2, 527, 49
2, 531, 45
2, 532, 17
2, 537, 52
2, 538, 25
2, 539, 10
2, 540, 55
2, 542, 19
2, 545, 30
2, 550, 3
2, 559, 54
2, 561, 8
2, 561, 18
2, 562, 40
2, 565, 4
2, 565, 33
2, 568, 48
2, 569, 16
2, 571, 26
2, 572, 45
2, 576, 23
2, 582, 19
2, 583, 1
2, 583, 14
2, 595, 13
2, 597, 35
2, 600, 55
2, 601, 40
2, 602, 7
2, 606, 10
2, 606, 11
2, 606, 41
2, 611, 48
2, 612, 42
2, 619, 26
2, 620, 46
2, 621, 3
2, 621, 38
2, 624, 25
2, 625, 57
2, 627, 6
2, 627, 16
2, 628, 10
2, 628, 53
2, 633, 4
2, 636, 58
2, 637, 29
2, 644, 2
2, 654, 22
2, 654, 46
2, 667, 39
2, 671, 55
2, 674, 20
2, 674, 32
2, 676, 2
2, 676, 52
2, 677, 31
2, 680, 51
2, 682, 39
2, 683, 17
2, 684, 36
2, 685, 31
2, 691, 32
2, 691, 44
2, 694, 9
2, 694, 45
2, 695, 56
2, 697, 28
2, 697, 59
2, 700, 19
2, 702, 12
2, 703, 38
2, 713, 47
2, 715, 39
2, 718, 54
2, 719, 34
2, 725, 7
2, 725, 37
2, 732, 48
2, 749, 14
2, 755, 8
2, 756, 1
2, 756, 58
2, 758, 53
2, 763, 23
2, 772, 4
2, 772, 19
2, 773, 16
2, 773, 31
2, 788, 33
2, 795, 42
2, 796, 4
2, 799, 46
3, 2, 12
3, 2, 51
3, 7, 36
3, 9, 12
3, 9, 21
3, 12, 36
3, 12, 54
3, 17, 33
3, 24, 52
3, 27, 18
3, 27, 47
3, 32, 10
3, 33, 11
3, 36, 7
3, 36, 16
3, 36, 28
3, 44, 14
3, 45, 42
3, 45, 53
3, 46, 24
3, 48, 3
3, 48, 5
3, 49, 15
3, 49, 55
3, 53, 20
3, 58, 23
3, 59, 32
3, 59, 34
3, 60, 19
3, 66, 6
3, 68, 3
3, 68, 38
3, 71, 12
3, 71, 37
3, 78, 8
3, 82, 51
3, 83, 30
3, 84, 17
3, 90, 56
3, 91, 48
3, 92, 43
3, 93, 18
3, 106, 33
3, 106, 49
3, 107, 22
3, 114, 47
3, 120, 4
3, 122, 14
3, 125, 26
3, 129, 46
3, 130, 7
3, 134, 16
3, 135, 29
3, 136, 47
3, 139, 9
3, 139, 47
3, 139, 50
3, 140, 44
3, 147, 13
3, 148, 11
3, 149, 2
3, 150, 15
3, 151, 28
3, 161, 45
3, 162, 6
3, 166, 19
3, 168, 24
3, 170, 18
3, 173, 36
3, 177, 4
3, 177, 12
3, 184, 49
3, 184, 57
3, 187, 43
3, 192, 34
3, 193, 27
3, 200, 35
3, 201, 41
3, 204, 3
3, 206, 8
3, 209, 25
3, 210, 18
3, 210, 24
3, 211, 14
3, 212, 21
3, 212, 33
3, 212, 52
3, 217, 6
3, 218, 17
3, 224, 20
3, 227, 12
3, 228, 10
3, 228, 14
3, 229, 21
3, 233, 54
3, 234, 38
3, 234, 47
3, 235, 37
3, 237, 3
3, 238, 23
3, 242, 51
3, 243, 38
3, 247, 26
3, 249, 16
3, 249, 43
3, 252, 5
3, 255, 7
3, 257, 29
3, 257, 53
3, 258, 21
3, 258, 38
3, 266, 9
3, 267, 30
3, 270, 4
3, 275, 23
3, 278, 32
3, 281, 56
3, 283, 48
3, 289, 44
3, 293, 29
3, 296, 9
3, 304, 55
3, 306, 25
3, 312, 28
3, 312, 46
3, 317, 39
3, 319, 35
3, 319, 50
3, 320, 45
3, 327, 36
3, 328, 48
3, 336, 36
3, 349, 37
3, 349, 47
3, 355, 49
3, 356, 40
3, 358, 24
3, 360, 42
3, 365, 20
3, 374, 28
3, 374, 52
3, 376, 34
3, 407, 43
3, 407, 54
3, 411, 30
3, 413, 49
3, 414, 44
3, 415, 29
3, 419, 52
3, 420, 51
3, 422, 35
3, 434, 50
3, 440, 41
3, 440, 48
3, 440, 57
3, 443, 53
3, 446, 35
3, 447, 40
3, 449, 55
3, 451, 24
3, 453, 46
3, 454, 35
3, 459, 26
3, 460, 44
3, 470, 48
3, 471, 37
3, 476, 22
3, 476, 27
3, 478, 32
3, 482, 23
3, 483, 57
3, 487, 46
3, 488, 25
3, 495, 34
3, 500, 25
3, 501, 45
3, 502, 21
3, 505, 15
3, 508, 13
3, 508, 47
3, 510, 19
3, 511, 23
3, 515, 42
3, 515, 43
3, 516, 8
3, 516, 33
3, 517, 37
3, 517, 52
3, 521, 16
3, 523, 36
3, 526, 13
3, 527, 56
3, 528, 28
3, 529, 21
3, 531, 26
3, 534, 11
3, 534, 18
3, 536, 23
3, 539, 27
3, 547, 11
3, 547, 38
3, 547, 48
3, 549, 23
3, 552, 11
3, 554, 32
3, 560, 7
3, 564, 14
3, 564, 29
3, 569, 20
3, 570, 2
3, 571, 22
3, 576, 55
3, 577, 39
3, 581, 16
3, 582, 42
3, 586, 36
3, 588, 54
3, 596, 9
3, 603, 17
3, 606, 15
3, 608, 23
3, 614, 17
3, 619, 21
3, 619, 30
3, 619, 44
3, 623, 53
3, 624, 22
3, 630, 42
3, 632, 41
3, 637, 52
3, 640, 46
3, 640, 58
3, 644, 26
3, 650, 5
3, 652, 34
3, 652, 40
3, 654, 13
3, 654, 37
3, 654, 46
3, 656, 50
3, 658, 35
3, 659, 10
3, 659, 23
3, 662, 53
3, 664, 4
3, 664, 47
3, 666, 8
3, 667, 3
3, 667, 19
3, 667, 37
3, 674, 14
3, 680, 32
3, 685, 14
3, 687, 22
3, 688, 41
3, 689, 9
3, 691, 15
3, 692, 38
3, 692, 53
3, 693, 29
3, 699, 33
3, 702, 20
3, 705, 18
3, 708, 13
3, 710, 7
3, 721, 6
3, 721, 12
3, 725, 17
3, 731, 33
3, 732, 36
3, 733, 12
3, 736, 8
3, 740, 57
3, 741, 41
3, 743, 27
3, 745, 47
3, 745, 49
3, 746, 29
3, 750, 30
3, 751, 4
3, 751, 34
3, 752, 25
3, 752, 51
3, 755, 8
3, 755, 45
3, 757, 19
3, 759, 5
3, 759, 38
3, 765, 11
3, 767, 44
3, 771, 2
3, 771, 55
3, 773, 3
3, 773, 42
3, 777, 32
3, 780, 10
3, 782, 52
3, 787, 46
3, 789, 37
3, 792, 43
3, 797, 47
3, 798, 30
3, 798, 53
3, 799, 23
4, 3, 11
4, 3, 52
4, 4, 13
4, 6, 21
4, 12, 25
4, 13, 33
4, 15, 52
4, 33, 44
4, 34, 14
4, 35, 19
4, 36, 8
4, 36, 27
4, 38, 6
4, 43, 38
4, 45, 17
4, 46, 41
4, 49, 47
4, 50, 13
4, 56, 15
4, 56, 26
4, 58, 3
4, 70, 25
4, 78, 6
4, 79, 5
4, 79, 28
4, 82, 21
4, 83, 14
4, 85, 52
4, 88, 37
4, 96, 2
4, 96, 16
4, 103, 49
4, 105, 33
4, 106, 58
4, 110, 9
4, 113, 12
4, 115, 38
4, 116, 5
4, 117, 20
4, 117, 34
4, 118, 28
4, 124, 37
4, 126, 33
4, 131, 19
4, 132, 22
4, 134, 8
4, 137, 48
4, 142, 25
4, 149, 31
4, 151, 18
4, 152, 38
4, 154, 56
4, 155, 29
4, 156, 57
4, 161, 45
4, 163, 47
4, 167, 26
4, 170, 15
4, 173, 10
4, 174, 17
4, 179, 30
4, 182, 24
4, 183, 3
4, 188, 11
4, 191, 30
4, 199, 32
4, 203, 27
4, 209, 47
4, 209, 53
4, 215, 49
4, 217, 7
4, 217, 34
4, 218, 6
4, 220, 21
4, 220, 50
4, 226, 21
4, 230, 57
4, 231, 12
4, 239, 38
4, 241, 13
4, 242, 1
4, 245, 17
4, 245, 25
4, 248, 41
4, 250, 32
4, 253, 28
4, 253, 38
4, 254, 18
4, 259, 16
4, 259, 45
4, 259, 48
4, 261, 15
4, 264, 26
4, 270, 8
4, 270, 9
4, 271, 19
4, 274, 48
4, 277, 44
4, 283, 46
4, 283, 50
4, 285, 34
4, 290, 1
4, 291, 43
4, 293, 3
4, 294, 2
4, 294, 41
4, 296, 36
4, 301, 18
4, 301, 53
4, 304, 37
4, 311, 31
4, 313, 29
4, 313, 33
4, 323, 29
4, 324, 34
4, 325, 43
4, 326, 56
4, 330, 26
4, 332, 33
4, 340, 22
4, 344, 35
4, 345, 27
4, 364, 39
4, 370, 24
4, 371, 52
4, 372, 45
4, 376, 40
4, 377, 28
4, 383, 46
4, 384, 43
4, 386, 40
4, 389, 24
4, 399, 44
4, 401, 32
4, 401, 58
4, 404, 45
4, 421, 43
4, 423, 30
4, 427, 20
4, 428, 39
4, 428, 41
4, 429, 32
4, 431, 25
4, 432, 38
4, 448, 28
4, 463, 25
4, 467, 31
4, 474, 26
4, 477, 34
4, 479, 37
4, 482, 46
4, 485, 31
4, 489, 51
4, 493, 52
4, 496, 50
4, 497, 7
4, 500, 47
4, 504, 44
4, 508, 36
4, 509, 10
4, 510, 33
4, 511, 57
4, 513, 29
4, 513, 56
4, 525, 15
4, 528, 21
4, 530, 8
4, 532, 18
4, 539, 46
4, 540, 53
4, 542, 56
4, 545, 5
4, 551, 9
4, 551, 28
4, 554, 17
4, 557, 41
4, 560, 14
4, 561, 40
4, 565, 44
4, 570, 46
4, 575, 6
4, 577, 16
4, 582, 38
4, 583, 11
4, 585, 30
4, 586, 39
4, 587, 16
4, 587, 26
4, 588, 1
4, 588, 24
4, 592, 5
4, 592, 20
4, 595, 17
4, 596, 45
4, 599, 37
4, 599, 48
4, 599, 57
4, 602, 7
4, 602, 43
4, 603, 33
4, 604, 11
4, 604, 22
4, 607, 40
4, 607, 42
4, 621, 32
4, 621, 44
4, 623, 3
4, 629, 27
4, 635, 47
4, 636, 19
4, 638, 31
4, 645, 13
4, 647, 34
4, 650, 25
4, 655, 9
4, 661, 12
4, 662, 3
4, 664, 49
4, 668, 52
4, 670, 37
4, 683, 27
4, 692, 29
4, 694, 8
4, 695, 7
4, 696, 11
4, 697, 24
4, 698, 29
4, 698, 40
4, 699, 38
4, 701, 18
4, 703, 50
4, 707, 1
4, 710, 16
4, 711, 19
4, 712, 30
4, 713, 14
4, 713, 51
4, 715, 73
4, 718, 26
4, 721, 49
4, 723, 47
4, 725, 20
4, 726, 2
4, 731, 28
4, 741, 56
4, 742, 37
4, 743, 31
4, 746, 44
4, 749, 29
4, 764, 22
4, 767, 48
4, 768, 15
4, 773, 46
4, 776, 27
4, 776, 39
4, 780, 26
4, 782, 40
4, 788, 20
4, 792, 24
4, 792, 29
4, 794, 32
5, 10, 28
5, 15, 19
5, 20, 49
5, 21, 41
5, 28, 55
5, 29, 39
5, 33, 15
5, 43, 2
5, 43, 50
5, 46, 5
5, 54, 13
5, 57, 30
5, 59, 23
5, 62, 6
5, 62, 45
5, 62, 53
5, 73, 46
5, 74, 55
5, 75, 34
5, 77, 10
5, 81, 27
5, 83, 17
5, 84, 52
5, 88, 44
5, 88, 48
5, 92, 3
5, 92, 14
5, 93, 39
5, 96, 8
5, 96, 31
5, 98, 1
5, 99, 37
5, 103, 25
5, 106, 20
5, 109, 24
5, 110, 19
5, 115, 35
5, 117, 16
5, 117, 28
5, 118, 22
5, 120, 12
5, 124, 57
5, 126, 42
5, 133, 4
5, 137, 40
5, 151, 43
5, 158, 15
5, 161, 33
5, 163, 29
5, 166, 36
5, 174, 29
5, 175, 21
5, 176, 9
5, 176, 39
5, 181, 38
5, 184, 19
5, 197, 58
5, 198, 23
5, 199, 22
5, 199, 47
5, 200, 37
5, 226, 46
5, 229, 3
5, 233, 48
5, 238, 14
5, 241, 20
5, 243, 47
5, 244, 26
5, 247, 33
5, 254, 33
5, 254, 50
5, 257, 44
5, 262, 10
5, 266, 35
5, 266, 55
5, 270, 36
5, 271, 45
5, 272, 41
5, 272, 55
5, 273, 24
5, 276, 6
5, 276, 28
5, 278, 8
5, 279, 12
5, 279, 19
5, 282, 40
5, 292, 31
5, 293, 29
5, 296, 3
5, 297, 23
5, 298, 15
5, 300, 28
5, 305, 29
5, 305, 39
5, 306, 46
5, 310, 43
5, 311, 50
5, 313, 19
5, 313, 53
5, 314, 34
5, 319, 30
5, 333, 25
5, 338, 32
5, 344, 53
5, 349, 40
5, 351, 52
5, 354, 43
5, 355, 30
5, 355, 37
5, 369, 42
5, 370, 56
5, 373, 28
5, 374, 38
5, 376, 23
5, 378, 27
5, 380, 58
5, 383, 25
5, 386, 57
5, 395, 49
5, 396, 58
5, 406, 26
5, 408, 30
5, 408, 48
5, 415, 33
5, 418, 48
5, 429, 41
5, 436, 38
5, 436, 45
5, 446, 52
5, 447, 34
5, 447, 44
5, 453, 16
5, 456, 43
5, 458, 33
5, 460, 35
5, 461, 29
5, 483, 45
5, 489, 27
5, 489, 47
5, 505, 42
5, 507, 34
5, 515, 46
5, 520, 17
5, 520, 55
5, 521, 28
5, 522, 18
5, 523, 9
5, 526, 1
5, 527, 42
5, 529, 53
5, 530, 32
5, 530, 36
5, 535, 22
5, 540, 31
5, 544, 40
5, 548, 14
5, 552, 21
5, 552, 39
5, 554, 24
5, 557, 25
5, 557, 57
5, 559, 52
5, 561, 40
5, 565, 7
5, 572, 6
5, 573, 30
5, 574, 2
5, 575, 38
5, 579, 8
5, 585, 26
5, 594, 37
5, 595, 4
5, 599, 50
5, 600, 10
5, 600, 20
5, 603, 22
5, 603, 23
5, 603, 41
5, 606, 27
5, 608, 3
5, 610, 58
5, 612, 49
5, 614, 26
5, 617, 1
5, 617, 29
5, 627, 35
5, 635, 28
5, 640, 43
5, 644, 12
5, 644, 33
5, 646, 25
5, 647, 31
5, 651, 48
5, 653, 40
5, 656, 45
5, 660, 15
5, 660, 19
5, 660, 32
5, 666, 22
5, 671, 17
5, 672, 42
5, 681, 52
5, 685, 25
5, 690, 38
5, 691, 53
5, 697, 9
5, 705, 30
5, 705, 35
5, 705, 47
5, 706, 32
5, 709, 31
5, 714, 56
5, 717, 24
5, 723, 29
5, 724, 50
5, 729, 5
5, 736, 56
5, 743, 12
5, 751, 46
5, 751, 57
5, 752, 48
5, 758, 36
5, 762, 4
5, 764, 2
5, 767, 34
5, 771, 10
5, 784, 40
5, 786, 8
5, 789, 25
5, 792, 1
5, 792, 37
5, 792, 49
5, 794, 57
6, 10, 20
6, 10, 31
6, 11, 38
6, 15, 27
6, 18, 22
6, 21, 38
6, 29, 46
6, 31, 33
6, 39, 5
6, 43, 58
6, 44, 9
6, 47, 54
6, 49, 18
6, 49, 29
6, 52, 41
6, 55, 32
6, 57, 4
6, 59, 27
6, 65, 16
6, 69, 13
6, 70, 17
6, 70, 20
6, 70, 39
6, 76, 41
6, 77, 8
6, 82, 21
6, 82, 44
6, 83, 54
6, 84, 51
6, 87, 9
6, 91, 24
6, 92, 24
6, 94, 44
6, 96, 5
6, 97, 8
6, 101, 25
6, 103, 47
6, 104, 40
6, 105, 10
6, 111, 31
6, 115, 3
6, 115, 14
6, 116, 6
6, 119, 19
6, 119, 42
6, 128, 35
6, 130, 2
6, 133, 33
6, 135, 15
6, 135, 39
6, 140, 31
6, 144, 7
6, 147, 8
6, 147, 55
6, 151, 46
6, 162, 25
6, 164, 20
6, 167, 22
6, 168, 29
6, 171, 18
6, 173, 37
6, 175, 54
6, 176, 8
6, 177, 29
6, 180, 36
6, 181, 12
6, 185, 51
6, 190, 13
6, 193, 17
6, 193, 28
6, 194, 14
6, 203, 58
6, 206, 58
6, 209, 7
6, 210, 38
6, 211, 32
6, 217, 36
6, 218, 2
6, 218, 13
6, 221, 45
6, 222, 56
6, 223, 19
6, 226, 23
6, 239, 16
6, 241, 46
6, 243, 24
6, 246, 18
6, 247, 32
6, 249, 39
6, 250, 31
6, 252, 23
6, 253, 27
6, 255, 1
6, 255, 54
6, 262, 24
6, 273, 11
6, 275, 5
6, 278, 22
6, 290, 15
6, 292, 9
6, 293, 41
6, 299, 42
6, 300, 4
6, 302, 14
6, 304, 33
6, 304, 47
6, 308, 35
6, 309, 46
6, 310, 49
6, 311, 37
6, 316, 28
6, 317, 27
6, 327, 20
6, 330, 43
6, 339, 25
6, 340, 30
6, 340, 45
6, 342, 57
6, 346, 41
6, 365, 49
6, 368, 26
6, 375, 32
6, 375, 48
6, 384, 29
6, 385, 25
6, 386, 44
6, 387, 51
6, 393, 35
6, 393, 40
6, 394, 42
6, 400, 32
6, 404, 40
6, 412, 28
6, 412, 45
6, 413, 21
6, 415, 39
6, 425, 36
6, 433, 37
6, 439, 46
6, 443, 28
6, 445, 42
6, 448, 39
6, 456, 24
6, 456, 46
6, 463, 38
6, 466, 48
6, 472, 24
6, 473, 47
6, 480, 55
6, 484, 49
6, 490, 33
6, 492, 58
6, 500, 17
6, 501, 56
6, 503, 3
6, 503, 30
6, 504, 51
6, 505, 21
6, 506, 56
6, 507, 39
6, 513, 10
6, 514, 6
6, 516, 27
6, 518, 49
6, 519, 8
6, 525, 35
6, 528, 4
6, 528, 16
6, 531, 21
6, 532, 27
6, 532, 43
6, 536, 42
6, 541, 54
6, 544, 19
6, 548, 13
6, 548, 19
6, 555, 5
6, 558, 45
6, 559, 26
6, 562, 20
6, 564, 41
6, 568, 44
6, 573, 40
6, 576, 29
6, 577, 15
6, 584, 14
6, 597, 2
6, 598, 18
6, 599, 8
6, 602, 32
6, 606, 36
6, 609, 12
6, 610, 9
6, 617, 20
6, 617, 21
6, 619, 10
6, 620, 48
6, 625, 16
6, 626, 28
6, 629, 57
6, 631, 5
6, 634, 7
6, 634, 57
6, 642, 6
6, 645, 11
6, 646, 25
6, 647, 24
6, 650, 19
6, 652, 38
6, 653, 33
6, 654, 47
6, 658, 12
6, 665, 16
6, 670, 37
6, 671, 35
6, 672, 20
6, 672, 51
6, 679, 6
6, 683, 33
6, 684, 3
6, 684, 10
6, 690, 16
6, 694, 1
6, 696, 49
6, 698, 36
6, 698, 48
6, 699, 29
6, 700, 22
6, 702, 46
6, 703, 2
6, 703, 4
6, 705, 25
6, 707, 2
6, 709, 37
6, 709, 39
6, 710, 51
6, 714, 43
6, 715, 42
6, 719, 21
6, 719, 44
6, 724, 29
6, 728, 5
6, 730, 22
6, 731, 8
6, 737, 19
6, 740, 26
6, 744, 24
6, 744, 40
6, 746, 28
6, 747, 16
6, 747, 56
6, 753, 27
6, 754, 26
6, 755, 9
6, 755, 15
6, 757, 18
6, 758, 1
6, 766, 13
6, 770, 55
6, 777, 31
6, 784, 2
6, 797, 7
6, 798, 12
6, 799, 41
7, 3, 36
7, 4, 26
7, 5, 50
7, 8, 29
7, 9, 43
7, 11, 32
7, 13, 3
7, 14, 5
7, 16, 33
7, 16, 44
7, 17, 22
7, 20, 26
7, 24, 1
7, 28, 24
7, 32, 21
7, 35, 34
7, 35, 37
7, 39, 39
7, 40, 24
7, 42, 47
7, 53, 5
7, 56, 40
7, 57, 10
7, 59, 8
7, 60, 3
7, 64, 54
7, 70, 23
7, 71, 6
7, 72, 9
7, 73, 55
7, 76, 41
7, 79, 2
7, 79, 44
7, 82, 19
7, 84, 30
7, 85, 60
7, 88, 15
7, 88, 52
7, 89, 26
7, 92, 7
7, 95, 37
7, 106, 3
7, 109, 15
7, 111, 12
7, 118, 33
7, 118, 50
7, 119, 32
7, 122, 57
7, 123, 52
7, 124, 32
7, 127, 22
7, 129, 5
7, 131, 39
7, 134, 8
7, 139, 10
7, 142, 27
7, 148, 49
7, 149, 4
7, 149, 33
7, 155, 43
7, 156, 18
7, 157, 31
7, 158, 18
7, 158, 40
7, 161, 43
7, 163, 60
7, 164, 50
7, 166, 2
7, 167, 38
7, 167, 49
7, 171, 53
7, 174, 19
7, 174, 36
7, 178, 6
7, 182, 56
7, 184, 50
7, 187, 24
7, 191, 34
7, 192, 44
7, 193, 16
7, 197, 9
7, 199, 18
7, 200, 2
7, 201, 9
7, 202, 39
7, 205, 4
7, 206, 31
7, 207, 3
7, 212, 54
7, 213, 47
7, 216, 30
7, 217, 10
7, 217, 25
7, 218, 11
7, 220, 8
7, 222, 20
7, 223, 58
7, 225, 29
7, 227, 32
7, 229, 53
7, 232, 26
7, 234, 1
7, 239, 8
7, 239, 59
7, 248, 5
7, 257, 20
7, 260, 30
7, 261, 37
7, 262, 15
7, 267, 9
7, 268, 57
7, 272, 7
7, 274, 39
7, 278, 19
7, 278, 40
7, 278, 47
7, 279, 41
7, 281, 11
7, 281, 34
7, 286, 53
7, 287, 31
7, 287, 49
7, 288, 40
7, 293, 13
7, 293, 20
7, 296, 26
7, 297, 26
7, 301, 55
7, 308, 31
7, 309, 33
7, 315, 38
7, 316, 43
7, 318, 60
7, 334, 41
7, 336, 35
7, 341, 36
7, 345, 39
7, 359, 23
7, 366, 28
7, 368, 23
7, 368, 37
7, 368, 53
7, 371, 44
7, 374, 36
7, 384, 27
7, 387, 45
7, 391, 24
7, 396, 58
7, 397, 50
7, 399, 56
7, 400, 43
7, 412, 47
7, 413, 22
7, 418, 49
7, 420, 38
7, 428, 42
7, 430, 33
7, 431, 29
7, 431, 35
7, 433, 54
7, 439, 30
7, 440, 59
7, 443, 18
7, 444, 32
7, 446, 31
7, 467, 38
7, 472, 40
7, 475, 34
7, 477, 44
7, 485, 37
7, 485, 52
7, 489, 40
7, 492, 39
7, 493, 32
7, 499, 31
7, 508, 4
7, 512, 2
7, 513, 49
7, 516, 53
7, 517, 12
7, 528, 45
7, 531, 21
7, 533, 3
7, 533, 16
7, 533, 52
7, 534, 54
7, 537, 28
7, 546, 25
7, 549, 49
7, 551, 42
7, 553, 57
7, 554, 23
7, 558, 22
7, 560, 19
7, 560, 55
7, 562, 34
7, 562, 56
7, 563, 59
7, 565, 8
7, 567, 28
7, 573, 19
7, 576, 41
7, 578, 38
7, 579, 49
7, 580, 11
7, 584, 50
7, 588, 41
7, 588, 60
7, 592, 6
7, 596, 40
7, 597, 27
7, 597, 52
7, 601, 20
7, 607, 20
7, 608, 12
7, 613, 24
7, 614, 4
7, 615, 29
7, 616, 5
7, 617, 9
7, 622, 18
7, 623, 44
7, 626, 13
7, 627, 1
7, 627, 7
7, 633, 53
7, 636, 11
7, 637, 26
7, 645, 42
7, 645, 56
7, 647, 30
7, 647, 32
7, 647, 36
7, 650, 23
7, 651, 21
7, 661, 15
7, 663, 10
7, 663, 31
7, 663, 35
7, 665, 27
7, 666, 33
7, 669, 39
7, 673, 2
7, 674, 37
7, 675, 16
7, 675, 50
7, 681, 22
7, 691, 25
7, 696, 15
7, 700, 60
7, 706, 8
7, 712, 18
7, 713, 28
7, 721, 42
7, 725, 54
7, 726, 7
7, 727, 12
7, 729, 48
7, 733, 4
7, 737, 19
7, 741, 13
7, 744, 2
7, 754, 35
7, 755, 34
7, 761, 16
7, 762, 25
7, 762, 42
7, 769, 25
7, 774, 29
7, 776, 55
7, 786, 53
7, 790, 44
7, 791, 29
8, 2, 24
8, 2, 29
8, 2, 51
8, 5, 55
8, 6, 3
8, 9, 57
8, 14, 37
8, 16, 20
8, 19, 42
8, 21, 44
8, 23, 1
8, 23, 33
8, 44, 25
8, 45, 46
8, 50, 53
8, 53, 5
8, 61, 32
8, 65, 30
8, 66, 15
8, 66, 39
8, 81, 46
8, 83, 19
8, 86, 31
8, 87, 22
8, 89, 56
8, 89, 57
8, 90, 41
8, 95, 49
8, 96, 2
8, 98, 45
8, 99, 56
8, 102, 51
8, 107, 43
8, 109, 23
8, 111, 4
8, 111, 28
8, 115, 9
8, 118, 17
8, 124, 7
8, 124, 54
8, 127, 54
8, 129, 35
8, 132, 51
8, 132, 58
8, 135, 48
8, 140, 10
8, 140, 52
8, 141, 15
8, 141, 20
8, 144, 18
8, 147, 26
8, 147, 44
8, 148, 6
8, 156, 55
8, 158, 42
8, 164, 14
8, 167, 1
8, 167, 35
8, 169, 23
8, 171, 2
8, 171, 60
8, 173, 47
8, 182, 36
8, 192, 28
8, 194, 29
8, 199, 6
8, 199, 44
8, 203, 30
8, 211, 37
8, 213, 33
8, 215, 8
8, 221, 38
8, 223, 16
8, 224, 40
8, 224, 43
8, 226, 18
8, 227, 49
8, 233, 21
8, 236, 13
8, 248, 9
8, 249, 5
8, 252, 41
8, 254, 24
8, 255, 29
8, 255, 44
8, 256, 14
8, 257, 53
8, 259, 43
8, 263, 38
8, 266, 10
8, 266, 19
8, 267, 39
8, 270, 31
8, 272, 11
8, 274, 40
8, 276, 33
8, 279, 17
8, 279, 19
8, 279, 51
8, 288, 3
8, 288, 7
8, 290, 13
8, 292, 35
8, 293, 32
8, 294, 36
8, 294, 39
8, 298, 41
8, 303, 42
8, 304, 25
8, 310, 56
8, 313, 45
8, 314, 49
8, 315, 37
8, 326, 22
8, 333, 22
8, 340, 52
8, 349, 28
8, 351, 58
8, 355, 55
8, 360, 30
8, 361, 35
8, 363, 34
8, 368, 46
8, 369, 26
8, 369, 38
8, 376, 32
8, 377, 44
8, 379, 53
8, 380, 58
8, 385, 40
8, 395, 48
8, 408, 27
8, 410, 54
8, 412, 20
8, 417, 23
8, 421, 36
8, 421, 43
8, 429, 55
8, 437, 47
8, 438, 21
8, 451, 57
8, 460, 60
8, 461, 37
8, 463, 39
8, 463, 49
8, 464, 31
8, 467, 33
8, 470, 28
8, 471, 25
8, 473, 27
8, 493, 29
8, 501, 15
8, 502, 41
8, 503, 51
8, 504, 2
8, 508, 53
8, 510, 35
8, 511, 14
8, 517, 52
8, 519, 42
8, 522, 8
8, 527, 42
8, 537, 3
8, 538, 34
8, 540, 6
8, 540, 44
8, 543, 29
8, 547, 56
8, 550, 49
8, 552, 30
8, 553, 4
8, 554, 40
8, 560, 2
8, 563, 38
8, 564, 1
8, 565, 32
8, 565, 39
8, 567, 10
8, 567, 45
8, 570, 36
8, 571, 16
8, 572, 9
8, 573, 24
8, 577, 45
8, 579, 54
8, 580, 28
8, 581, 48
8, 583, 46
8, 587, 20
8, 588, 3
8, 593, 52
8, 599, 5
8, 599, 36
8, 600, 5
8, 606, 18
8, 606, 26
8, 615, 14
8, 615, 27
8, 627, 19
8, 631, 22
8, 634, 2
8, 634, 43
8, 636, 44
8, 637, 55
8, 640, 17
8, 649, 11
8, 657, 25
8, 659, 47
8, 660, 15
8, 661, 21
8, 662, 33
8, 664, 54
8, 669, 35
8, 672, 33
8, 675, 6
8, 675, 23
8, 679, 5
8, 682, 49
8, 688, 38
8, 691, 15
8, 692, 48
8, 696, 7
8, 703, 24
8, 703, 47
8, 707, 40
8, 707, 58
8, 712, 13
8, 715, 48
8, 720, 49
8, 725, 20
8, 728, 23
8, 728, 34
8, 731, 26
8, 736, 10
8, 739, 41
8, 741, 46
8, 742, 1
8, 742, 25
8, 743, 5
8, 746, 45
8, 752, 29
8, 754, 52
8, 759, 52
8, 763, 57
8, 765, 42
8, 766, 39
8, 770, 17
8, 774, 21
8, 776, 33
8, 783, 22
8, 786, 3
8, 787, 8
8, 791, 53
8, 793, 36
8, 794, 13
8, 799, 4
9, 2, 1
9, 2, 9
9, 2, 13
9, 4, 40
9, 9, 50
9, 11, 59
9, 14, 47
9, 26, 8
9, 28, 13
9, 31, 34
9, 31, 56
9, 39, 41
9, 41, 55
9, 45, 37
9, 48, 19
9, 49, 46
9, 51, 30
9, 61, 14
9, 64, 51
9, 65, 12
9, 65, 49
9, 66, 26
9, 66, 36
9, 66, 52
9, 67, 22
9, 72, 48
9, 78, 54
9, 78, 57
9, 83, 11
9, 88, 21
9, 92, 17
9, 94, 35
9, 97, 3
9, 99, 31
9, 102, 44
9, 109, 35
9, 115, 9
9, 115, 23
9, 117, 7
9, 120, 24
9, 125, 2
9, 125, 27
9, 126, 16
9, 127, 13
9, 129, 1
9, 130, 52
9, 133, 1
9, 134, 16
9, 135, 19
9, 137, 4
9, 139, 39
9, 141, 51
9, 142, 20
9, 143, 14
9, 144, 33
9, 146, 3
9, 146, 61
9, 149, 5
9, 157, 53
9, 158, 25
9, 170, 29
9, 171, 15
9, 173, 28
9, 178, 44
9, 182, 45
9, 188, 41
9, 191, 40
9, 193, 50
9, 194, 45
9, 195, 30
9, 195, 41
9, 204, 13
9, 208, 18
9, 208, 34
9, 209, 36
9, 211, 23
9, 215, 36
9, 218, 16
9, 219, 44
9, 220, 37
9, 223, 12
9, 224, 59
9, 225, 26
9, 229, 7
9, 229, 40
9, 233, 31
9, 234, 56
9, 236, 4
9, 240, 28
9, 241, 20
9, 242, 17
9, 246, 47
9, 247, 42
9, 247, 47
9, 248, 11
9, 250, 52
9, 252, 16
9, 254, 21
9, 258, 13
9, 258, 35
9, 267, 46
9, 270, 31
9, 273, 42
9, 275, 9
9, 280, 52
9, 280, 57
9, 281, 17
9, 282, 2
9, 282, 8
9, 282, 26
9, 289, 5
9, 289, 21
9, 291, 55
9, 293, 10
9, 294, 30
9, 295, 45
9, 298, 48
9, 298, 61
9, 312, 51
9, 321, 29
9, 324, 54
9, 327, 41
9, 329, 55
9, 334, 24
9, 338, 40
9, 342, 43
9, 342, 50
9, 359, 53
9, 365, 57
9, 367, 33
9, 373, 56
9, 374, 61
9, 378, 47
9, 383, 38
9, 386, 20
9, 394, 35
9, 398, 43
9, 404, 18
9, 404, 34
9, 417, 28
9, 417, 36
9, 417, 37
9, 417, 39
9, 423, 44
9, 425, 25
9, 426, 31
9, 428, 22
9, 428, 42
9, 432, 26
9, 438, 27
9, 440, 45
9, 442, 30
9, 442, 37
9, 443, 23
9, 443, 41
9, 444, 59
9, 445, 53
9, 449, 26
9, 452, 42
9, 458, 52
9, 461, 46
9, 471, 35
9, 472, 39
9, 476, 57
9, 478, 25
9, 483, 38
9, 488, 27
9, 493, 33
9, 504, 21
9, 504, 33
9, 505, 1
9, 513, 26
9, 514, 10
9, 514, 48
9, 518, 54
9, 521, 40
9, 529, 23
9, 536, 49
9, 540, 31
9, 541, 15
9, 541, 51
9, 543, 33
9, 543, 36
9, 544, 19
9, 544, 36
9, 545, 57
9, 551, 12
9, 552, 44
9, 552, 52
9, 552, 59
9, 553, 14
9, 554, 24
9, 557, 3
9, 563, 47
9, 569, 43
9, 572, 13
9, 574, 9
9, 578, 7
9, 579, 41
9, 582, 19
9, 584, 30
9, 588, 17
9, 589, 29
9, 592, 5
9, 592, 11
9, 592, 28
9, 594, 14
9, 603, 35
9, 607, 30
9, 609, 50
9, 613, 25
9, 614, 23
9, 617, 22
9, 620, 55
9, 623, 40
9, 627, 38
9, 627, 44
9, 634, 50
9, 640, 16
9, 641, 37
9, 643, 14
9, 650, 17
9, 650, 48
9, 653, 44
9, 664, 28
9, 668, 4
9, 671, 8
9, 671, 22
9, 674, 53
9, 675, 42
9, 675, 59
9, 680, 31
9, 681, 5
9, 685, 10
9, 685, 27
9, 699, 13
9, 700, 39
9, 704, 1
9, 704, 11
9, 704, 44
9, 708, 18
9, 710, 43
9, 715, 26
9, 721, 56
9, 722, 46
9, 728, 33
9, 732, 20
9, 735, 30
9, 736, 10
9, 736, 14
9, 737, 56
9, 743, 24
9, 749, 23
9, 751, 36
9, 755, 37
9, 759, 25
9, 761, 4
9, 763, 16
9, 766, 21
9, 767, 29
9, 774, 28
9, 778, 51
9, 780, 19
9, 780, 35
9, 785, 12
9, 788, 54
9, 791, 12
9, 791, 61
9, 793, 29
9, 793, 48
10, 4, 10
10, 4, 35
10, 5, 41
10, 13, 22
10, 18, 1
10, 20, 51
10, 21, 46
10, 23, 7
10, 25, 19
10, 35, 32
10, 35, 45
10, 39, 6
10, 40, 11
10, 42, 13
10, 43, 38
10, 55, 21
10, 56, 12
10, 58, 59
10, 60, 44
10, 64, 9
10, 64, 26
10, 67, 17
10, 69, 47
10, 73, 3
10, 74, 52
10, 75, 31
10, 80, 36
10, 88, 51
10, 89, 56
10, 90, 2
10, 92, 30
10, 93, 33
10, 93, 39
10, 96, 36
10, 97, 29
10, 105, 24
10, 106, 55
10, 125, 35
10, 129, 6
10, 130, 45
10, 131, 52
10, 134, 16
10, 139, 25
10, 141, 38
10, 144, 6
10, 144, 13
10, 146, 23
10, 146, 28
10, 146, 53
10, 149, 37
10, 151, 49
10, 153, 54
10, 155, 41
10, 157, 4
10, 159, 5
10, 162, 2
10, 163, 8
10, 166, 1
10, 168, 23
10, 171, 10
10, 172, 18
10, 174, 11
10, 175, 32
10, 176, 35
10, 177, 40
10, 178, 12
10, 180, 31
10, 183, 13
10, 185, 29
10, 186, 42
10, 186, 51
10, 189, 7
10, 193, 22
10, 199, 14
10, 201, 17
10, 201, 59
10, 202, 26
10, 202, 30
10, 203, 16
10, 203, 50
10, 204, 45
10, 208, 24
10, 215, 3
10, 217, 43
10, 229, 57
10, 231, 33
10, 234, 19
10, 235, 28
10, 237, 4
10, 240, 52
10, 242, 7
10, 249, 26
10, 251, 48
10, 251, 56
10, 268, 39
10, 271, 53
10, 274, 55
10, 275, 23
10, 279, 15
10, 285, 22
10, 285, 28
10, 286, 6
10, 286, 9
10, 287, 16
10, 288, 10
10, 292, 20
10, 295, 13
10, 300, 19
10, 306, 29
10, 317, 37
10, 323, 49
10, 324, 38
10, 325, 25
10, 326, 42
10, 326, 46
10, 329, 34
10, 334, 32
10, 336, 44
10, 344, 42
10, 346, 54
10, 356, 36
10, 360, 23
10, 363, 57
10, 366, 35
10, 371, 27
10, 374, 31
10, 379, 23
10, 386, 44
10, 388, 45
10, 391, 59
10, 394, 40
10, 396, 33
10, 405, 59
10, 408, 51
10, 414, 33
10, 417, 31
10, 425, 53
10, 435, 48
10, 441, 55
10, 443, 39
10, 446, 30
10, 451, 29
10, 451, 54
10, 456, 26
10, 460, 28
10, 464, 43
10, 473, 50
10, 473, 52
10, 473, 56
10, 477, 37
10, 487, 36
10, 487, 54
10, 489, 18
10, 489, 24
10, 492, 59
10, 495, 38
10, 495, 57
10, 498, 32
10, 501, 30
10, 503, 50
10, 505, 5
10, 506, 38
10, 507, 7
10, 513, 40
10, 517, 12
10, 521, 25
10, 524, 22
10, 526, 29
10, 526, 34
10, 531, 1
10, 531, 14
10, 533, 17
10, 541, 41
10, 547, 41
10, 549, 10
10, 551, 31
10, 552, 39
10, 554, 15
10, 559, 31
10, 559, 35
10, 560, 3
10, 562, 19
10, 565, 11
10, 567, 34
10, 569, 51
10, 574, 20
10, 576, 20
10, 577, 47
10, 578, 27
10, 582, 23
10, 586, 46
10, 593, 21
10, 593, 45
10, 595, 6
10, 597, 8
10, 598, 23
10, 599, 44
10, 602, 43
10, 605, 24
10, 606, 35
10, 607, 13
10, 609, 13
10, 611, 16
10, 611, 55
10, 614, 42
10, 618, 33
10, 621, 48
10, 625, 38
10, 626, 29
10, 627, 36
10, 640, 7
10, 642, 4
10, 642, 28
10, 644, 27
10, 644, 32
10, 654, 7
10, 656, 18
10, 664, 14
10, 666, 16
10, 670, 17
10, 672, 26
10, 673, 26
10, 679, 19
10, 684, 9
10, 688, 5
10, 690, 37
10, 695, 51
10, 696, 55
10, 698, 22
10, 698, 40
10, 710, 27
10, 711, 12
10, 711, 33
10, 712, 1
10, 715, 18
10, 719, 54
10, 724, 15
10, 724, 57
10, 725, 41
10, 727, 15
10, 727, 19
10, 734, 46
10, 739, 41
10, 741, 32
10, 748, 16
10, 748, 35
10, 751, 9
10, 754, 23
10, 756, 4
10, 759, 21
10, 759, 26
10, 761, 11
10, 769, 29
10, 772, 18
10, 773, 39
10, 779, 39
10, 780, 27
10, 780, 55
10, 782, 49
10, 785, 20
10, 786, 5
10, 786, 36
10, 787, 11
10, 789, 6
10, 791, 10
10, 792, 28
10, 792, 38
10, 793, 7
10, 798, 13
11, 2, 41
11, 4, 15
11, 5, 32
11, 6, 30
11, 8, 48
11, 9, 7
11, 12, 51
11, 12, 57
11, 13, 2
11, 14, 8
11, 14, 50
11, 17, 56
11, 18, 25
11, 18, 37
11, 23, 16
11, 24, 60
11, 25, 30
11, 26, 39
11, 27, 11
11, 27, 54
11, 35, 34
11, 35, 41
11, 40, 12
11, 41, 18
11, 45, 27
11, 50, 36
11, 50, 47
11, 51, 29
11, 53, 28
11, 54, 28
11, 56, 38
11, 62, 17
11, 63, 2
11, 63, 42
11, 64, 40
11, 67, 27
11, 68, 27
11, 69, 13
11, 69, 24
11, 70, 59
11, 71, 49
11, 73, 57
11, 78, 48
11, 79, 4
11, 80, 20
11, 88, 33
11, 88, 51
11, 92, 21
11, 93, 2
11, 96, 17
11, 97, 10
11, 98, 46
11, 103, 48
11, 105, 19
11, 112, 8
11, 114, 12
11, 117, 33
11, 119, 36
11, 120, 47
11, 122, 5
11, 126, 35
11, 130, 2
11, 130, 31
11, 130, 58
11, 135, 1
11, 139, 7
11, 148, 5
11, 158, 3
11, 158, 54
11, 162, 37
11, 162, 38
11, 164, 14
11, 164, 45
11, 165, 60
11, 166, 25
11, 167, 18
11, 168, 20
11, 170, 35
11, 171, 32
11, 172, 38
11, 175, 21
11, 177, 26
11, 178, 6
11, 180, 4
11, 180, 39
11, 180, 48
11, 183, 56
11, 185, 15
11, 186, 47
11, 188, 47
11, 190, 29
11, 191, 3
11, 192, 13
11, 201, 41
11, 203, 44
11, 206, 48
11, 208, 16
11, 215, 52
11, 221, 9
11, 222, 53
11, 224, 13
11, 227, 28
11, 228, 50
11, 235, 19
11, 238, 34
11, 240, 4
11, 240, 23
11, 244, 35
11, 245, 45
11, 251, 23
11, 255, 59
11, 257, 27
11, 258, 32
11, 263, 46
11, 265, 58
11, 268, 17
11, 270, 1
11, 274, 50
11, 276, 2
11, 276, 5
11, 276, 41
11, 280, 40
11, 282, 30
11, 286, 14
11, 287, 57
11, 291, 49
11, 298, 41
11, 299, 28
11, 304, 51
11, 306, 30
11, 308, 37
11, 317, 25
11, 324, 45
11, 328, 21
11, 344, 31
11, 351, 18
11, 353, 42
11, 357, 44
11, 364, 29
11, 370, 40
11, 380, 32
11, 385, 34
11, 385, 36
11, 386, 56
11, 392, 26
11, 394, 54
11, 395, 51
11, 401, 24
11, 403, 36
11, 403, 38
11, 409, 41
11, 422, 20
11, 422, 33
11, 422, 47
11, 423, 39
11, 423, 48
11, 428, 25
11, 432, 35
11, 438, 59
11, 446, 24
11, 446, 53
11, 460, 52
11, 467, 27
11, 468, 41
11, 470, 25
11, 476, 44
11, 485, 30
11, 486, 58
11, 490, 49
11, 492, 45
11, 494, 57
11, 495, 47
11, 496, 16
11, 499, 46
11, 514, 6
11, 515, 52
11, 516, 17
11, 516, 40
11, 517, 28
11, 518, 47
11, 521, 13
11, 522, 8
11, 535, 4
11, 536, 34
11, 537, 7
11, 541, 19
11, 543, 31
11, 546, 40
11, 547, 42
11, 559, 37
11, 568, 32
11, 569, 18
11, 570, 1
11, 572, 21
11, 576, 2
11, 585, 29
11, 586, 3
11, 587, 57
11, 589, 38
11, 591, 38
11, 592, 32
11, 602, 44
11, 604, 35
11, 604, 36
11, 607, 20
11, 611, 51
11, 612, 21
11, 613, 37
11, 619, 33
11, 621, 26
11, 622, 9
11, 622, 12
11, 622, 45
11, 622, 48
11, 629, 1
11, 631, 30
11, 635, 27
11, 636, 20
11, 640, 53
11, 645, 34
11, 649, 4
11, 650, 24
11, 652, 9
11, 652, 29
11, 654, 13
11, 655, 52
11, 655, 54
11, 656, 49
11, 657, 53
11, 661, 27
11, 663, 47
11, 664, 23
11, 674, 26
11, 676, 16
11, 684, 5
11, 685, 25
11, 685, 46
11, 685, 58
11, 686, 8
11, 686, 41
11, 691, 56
11, 695, 44
11, 696, 50
11, 698, 8
11, 702, 5
11, 706, 10
11, 708, 52
11, 710, 31
11, 714, 33
11, 717, 34
11, 718, 24
11, 719, 6
11, 719, 42
11, 725, 4
11, 728, 38
11, 729, 14
11, 730, 48
11, 734, 28
11, 737, 12
11, 742, 9
11, 744, 59
11, 747, 59
11, 750, 49
11, 752, 45
11, 753, 18
11, 758, 2
11, 766, 20
11, 767, 53
11, 771, 5
11, 771, 47
11, 775, 23
11, 776, 7
11, 781, 32
11, 782, 13
11, 782, 29
11, 789, 48
11, 790, 24
12, 8, 38
12, 12, 22
12, 14, 23
12, 14, 49
12, 16, 4
12, 16, 7
12, 16, 47
12, 19, 46
12, 21, 53
12, 22, 20
12, 25, 36
12, 27, 39
12, 30, 4
12, 39, 5
12, 42, 16
12, 49, 31
12, 54, 9
12, 58, 29
12, 62, 40
12, 64, 14
12, 69, 50
12, 71, 41
12, 73, 11
12, 74, 35
12, 77, 14
12, 79, 8
12, 81, 57
12, 87, 27
12, 87, 28
12, 88, 52
12, 89, 6
12, 89, 37
12, 95, 45
12, 97, 13
12, 97, 56
12, 98, 50
12, 102, 12
12, 104, 32
12, 105, 51
12, 109, 1
12, 113, 44
12, 115, 59
12, 116, 44
12, 117, 10
12, 118, 28
12, 120, 30
12, 122, 4
12, 127, 55
12, 128, 26
12, 133, 42
12, 139, 21
12, 141, 8
12, 141, 33
12, 143, 22
12, 143, 49
12, 144, 54
12, 147, 7
12, 148, 50
12, 154, 2
12, 156, 25
12, 158, 19
12, 159, 34
12, 160, 11
12, 166, 5
12, 168, 3
12, 169, 41
12, 172, 16
12, 175, 5
12, 179, 47
12, 182, 15
12, 193, 29
12, 195, 58
12, 199, 52
12, 201, 39
12, 205, 38
12, 206, 17
12, 211, 38
12, 216, 57
12, 223, 39
12, 224, 43
12, 224, 49
12, 225, 36
12, 227, 6
12, 230, 13
12, 233, 56
12, 237, 47
12, 238, 36
12, 240, 2
12, 244, 32
12, 245, 46
12, 246, 45
12, 254, 14
12, 254, 51
12, 257, 44
12, 268, 16
12, 268, 21
12, 269, 25
12, 271, 20
12, 272, 37
12, 275, 17
12, 279, 9
12, 281, 40
12, 281, 53
12, 287, 12
12, 289, 4
12, 289, 32
12, 295, 28
12, 297, 35
12, 298, 35
12, 303, 23
12, 308, 54
12, 308, 58
12, 309, 41
12, 313, 30
12, 319, 27
12, 320, 18
12, 325, 42
12, 326, 55
12, 329, 48
12, 330, 59
12, 348, 37
12, 348, 54
12, 350, 26
12, 351, 22
12, 357, 57
12, 358, 52
12, 363, 48
12, 371, 33
12, 383, 31
12, 387, 34
12, 388, 19
12, 391, 30
12, 396, 29
12, 398, 36
12, 404, 49
12, 407, 47
12, 409, 49
12, 411, 29
12, 414, 53
12, 417, 50
12, 420, 43
12, 422, 36
12, 425, 39
12, 428, 56
12, 433, 30
12, 434, 28
12, 434, 47
12, 435, 42
12, 436, 23
12, 440, 36
12, 440, 45
12, 444, 38
12, 460, 26
12, 465, 53
12, 476, 33
12, 477, 31
12, 482, 40
12, 484, 25
12, 488, 45
12, 497, 58
12, 498, 32
12, 498, 43
12, 501, 21
12, 502, 36
12, 503, 39
12, 506, 41
12, 512, 35
12, 513, 15
12, 514, 27
12, 518, 42
12, 519, 51
12, 524, 40
12, 525, 28
12, 529, 13
12, 530, 22
12, 531, 11
12, 532, 38
12, 534, 10
12, 535, 51
12, 539, 20
12, 539, 47
12, 541, 8
12, 541, 40
12, 544, 5
12, 545, 44
12, 547, 30
12, 548, 18
12, 549, 24
12, 558, 17
12, 569, 14
12, 570, 8
12, 572, 2
12, 575, 28
12, 576, 55
12, 578, 46
12, 586, 1
12, 586, 48
12, 588, 1
12, 592, 6
12, 596, 29
12, 599, 9
12, 601, 38
12, 602, 26
12, 606, 31
12, 609, 12
12, 612, 3
12, 612, 54
12, 613, 12
12, 617, 44
12, 621, 34
12, 626, 59
12, 630, 26
12, 634, 17
12, 637, 27
12, 640, 45
12, 641, 23
12, 649, 33
12, 651, 47
12, 652, 10
12, 656, 53
12, 663, 1
12, 664, 56
12, 666, 32
12, 670, 8
12, 671, 19
12, 671, 21
12, 676, 7
12, 679, 37
12, 684, 55
12, 693, 38
12, 693, 58
12, 696, 16
12, 698, 4
12, 698, 49
12, 699, 34
12, 705, 1
12, 708, 5
12, 710, 48
12, 714, 22
12, 715, 15
12, 715, 17
12, 724, 39
12, 724, 47
12, 726, 35
12, 733, 35
12, 739, 8
12, 742, 14
12, 746, 10
12, 747, 40
12, 749, 7
12, 754, 17
12, 759, 43
12, 771, 6
12, 777, 13
12, 778, 42
12, 779, 46
12, 779, 51
12, 782, 46
12, 785, 36
12, 785, 41
12, 786, 56
12, 791, 20
12, 797, 28
12, 798, 30
13, 3, 12
13, 3, 23
13, 3, 41
13, 4, 2
13, 10, 58
13, 11, 58
13, 12, 26
13, 14, 44
13, 19, 20
13, 20, 10
13, 21, 7
13, 21, 35
13, 22, 28
13, 22, 43
13, 23, 22
13, 30, 9
13, 34, 13
13, 36, 53
13, 38, 59
13, 39, 56
13, 40, 5
13, 42, 9
13, 42, 26
13, 45, 18
13, 50, 24
13, 54, 42
13, 57, 6
13, 60, 37
13, 61, 1
13, 67, 27
13, 67, 55
13, 71, 52
13, 79, 15
13, 81, 32
13, 87, 29
13, 89, 30
13, 95, 41
13, 99, 23
13, 100, 18
13, 112, 16
13, 114, 38
13, 115, 36
13, 117, 51
13, 120, 51
13, 122, 14
13, 122, 15
13, 126, 34
13, 130, 15
13, 133, 49
13, 135, 43
13, 139, 13
13, 146, 50
13, 146, 52
13, 151, 17
13, 152, 54
13, 155, 46
13, 158, 30
13, 159, 21
13, 164, 2
13, 164, 3
13, 165, 12
13, 168, 53
13, 169, 56
13, 170, 11
13, 172, 61
13, 176, 49
13, 178, 16
13, 180, 3
13, 185, 6
13, 186, 34
13, 189, 40
13, 191, 31
13, 191, 58
13, 193, 33
13, 195, 38
13, 203, 11
13, 203, 25
13, 209, 16
13, 210, 6
13, 210, 28
13, 213, 45
13, 214, 18
13, 216, 5
13, 216, 10
13, 220, 41
13, 230, 23
13, 231, 22
13, 232, 7
13, 232, 37
13, 234, 51
13, 236, 29
13, 238, 58
13, 239, 20
13, 239, 59
13, 245, 9
13, 250, 12
13, 252, 27
13, 254, 52
13, 255, 44
13, 256, 42
13, 257, 30
13, 260, 23
13, 260, 33
13, 264, 19
13, 267, 43
13, 271, 35
13, 273, 38
13, 274, 1
13, 275, 59
13, 280, 18
13, 281, 5
13, 282, 24
13, 282, 32
13, 283, 14
13, 284, 20
13, 289, 29
13, 291, 46
13, 292, 17
13, 310, 38
13, 320, 48
13, 323, 29
13, 324, 34
13, 333, 55
13, 336, 36
13, 340, 40
13, 341, 54
13, 343, 51
13, 344, 21
13, 351, 28
13, 361, 53
13, 364, 50
13, 365, 47
13, 369, 26
13, 373, 25
13, 373, 52
13, 374, 45
13, 384, 47
13, 386, 28
13, 394, 57
13, 402, 22
13, 403, 31
13, 404, 26
13, 408, 37
13, 418, 32
13, 419, 33
13, 422, 22
13, 423, 58
13, 425, 42
13, 429, 41
13, 434, 38
13, 436, 51
13, 438, 27
13, 446, 49
13, 453, 35
13, 462, 33
13, 469, 42
13, 470, 38
13, 480, 33
13, 480, 48
13, 488, 30
13, 494, 23
13, 494, 61
13, 495, 13
13, 495, 48
13, 497, 15
13, 498, 44
13, 506, 34
13, 507, 12
13, 509, 3
13, 510, 19
13, 512, 20
13, 520, 54
13, 521, 6
13, 523, 7
13, 523, 56
13, 524, 2
13, 527, 16
13, 528, 14
13, 528, 23
13, 532, 40
13, 533, 20
13, 538, 24
13, 542, 59
13, 548, 10
13, 550, 12
13, 553, 46
13, 554, 43
13, 556, 32
13, 558, 49
13, 560, 2
13, 560, 29
13, 560, 32
13, 562, 18
13, 563, 26
13, 564, 53
13, 567, 7
13, 569, 36
13, 575, 31
13, 578, 26
13, 587, 5
13, 588, 41
13, 588, 50
13, 590, 1
13, 593, 43
13, 594, 24
13, 598, 28
13, 599, 14
13, 602, 21
13, 607, 6
13, 607, 51
13, 619, 58
13, 622, 3
13, 622, 37
13, 625, 51
13, 627, 33
13, 629, 45
13, 632, 17
13, 633, 47
13, 636, 2
13, 637, 30
13, 640, 35
13, 641, 36
13, 642, 23
13, 643, 27
13, 643, 56
13, 646, 11
13, 647, 29
13, 647, 52
13, 652, 5
13, 654, 25
13, 657, 23
13, 658, 22
13, 659, 45
13, 665, 9
13, 665, 42
13, 667, 57
13, 669, 59
13, 669, 61
13, 672, 17
13, 674, 30
13, 675, 15
13, 676, 44
13, 678, 24
13, 683, 44
13, 684, 16
13, 687, 2
13, 690, 40
13, 697, 25
13, 700, 3
13, 700, 18
13, 700, 48
13, 701, 54
13, 703, 6
13, 704, 47
13, 707, 49
13, 708, 28
13, 713, 10
13, 713, 20
13, 713, 36
13, 716, 18
13, 727, 31
13, 729, 21
13, 734, 41
13, 736, 13
13, 739, 54
13, 744, 35
13, 745, 14
13, 746, 7
13, 746, 17
13, 747, 23
13, 751, 51
13, 757, 5
13, 757, 16
13, 763, 43
13, 765, 41
13, 769, 45
13, 772, 33
13, 774, 26
13, 782, 27
13, 783, 15
13, 784, 17
13, 795, 22
13, 796, 6
14, 4, 32
14, 7, 32
14, 10, 20
14, 13, 12
14, 24, 40
14, 24, 47
14, 26, 46
14, 27, 23
14, 29, 56
14, 31, 21
14, 32, 46
14, 34, 3
14, 39, 1
14, 39, 39
14, 41, 5
14, 44, 1
14, 50, 58
14, 51, 31
14, 55, 27
14, 56, 45
14, 58, 47
14, 64, 22
14, 65, 29
14, 66, 2
14, 71, 43
14, 74, 57
14, 75, 4
14, 75, 26
14, 89, 9
14, 90, 42
14, 91, 23
14, 105, 56
14, 111, 40
14, 115, 53
14, 117, 24
14, 121, 17
14, 124, 49
14, 130, 7
14, 133, 21
14, 140, 44
14, 149, 27
14, 150, 34
14, 150, 48
14, 152, 13
14, 162, 50
14, 170, 47
14, 171, 51
14, 173, 7
14, 173, 39
14, 177, 48
14, 178, 32
14, 183, 38
14, 185, 42
14, 188, 16
14, 189, 8
14, 191, 5
14, 192, 13
14, 193, 47
14, 195, 10
14, 195, 42
14, 197, 30
14, 203, 45
14, 206, 22
14, 206, 52
14, 209, 28
14, 210, 56
14, 224, 20
14, 224, 53
14, 227, 31
14, 229, 43
14, 235, 12
14, 239, 24
14, 240, 2
14, 248, 54
14, 249, 29
14, 251, 3
14, 257, 3
14, 257, 4
14, 257, 25
14, 259, 17
14, 263, 58
14, 268, 8
14, 269, 32
14, 269, 47
14, 276, 31
14, 276, 51
14, 280, 41
14, 289, 34
14, 291, 22
14, 292, 9
14, 298, 33
14, 301, 25
14, 302, 49
14, 304, 12
14, 308, 19
14, 309, 48
14, 311, 26
14, 313, 21
14, 323, 34
14, 323, 42
14, 327, 41
14, 333, 30
14, 337, 40
14, 338, 37
14, 342, 27
14, 343, 25
14, 346, 57
14, 348, 34
14, 350, 32
14, 356, 27
14, 357, 59
14, 360, 40
14, 361, 23
14, 365, 43
14, 366, 44
14, 367, 38
14, 374, 50
14, 377, 45
14, 381, 40
14, 385, 46
14, 388, 39
14, 390, 35
14, 392, 20
14, 397, 28
14, 409, 52
14, 429, 24
14, 441, 57
14, 446, 54
14, 449, 33
14, 449, 53
14, 458, 49
14, 460, 26
14, 460, 31
14, 462, 42
14, 463, 52
14, 475, 47
14, 476, 51
14, 477, 58
14, 478, 29
14, 479, 50
14, 488, 29
14, 490, 27
14, 492, 48
14, 496, 31
14, 497, 37
14, 498, 44
14, 504, 41
14, 514, 35
14, 514, 39
14, 517, 1
14, 518, 7
14, 518, 34
14, 519, 28
14, 521, 30
14, 523, 5
14, 528, 17
14, 532, 49
14, 536, 13
14, 537, 25
14, 538, 48
14, 539, 47
14, 540, 1
14, 541, 9
14, 543, 40
14, 544, 22
14, 550, 21
14, 551, 29
14, 554, 3
14, 559, 16
14, 562, 24
14, 562, 43
14, 569, 28
14, 570, 15
14, 575, 46
14, 576, 36
14, 577, 12
14, 577, 58
14, 578, 23
14, 581, 3
14, 582, 16
14, 583, 8
14, 583, 42
14, 585, 26
14, 590, 23
14, 591, 32
14, 593, 5
14, 595, 56
14, 600, 24
14, 603, 5
14, 604, 19
14, 606, 50
14, 607, 10
14, 607, 32
14, 608, 45
14, 611, 3
14, 614, 57
14, 616, 32
14, 621, 7
14, 623, 20
14, 631, 40
14, 637, 37
14, 638, 54
14, 642, 23
14, 642, 41
14, 647, 20
14, 647, 42
14, 648, 8
14, 651, 15
14, 652, 49
14, 652, 52
14, 653, 47
14, 654, 3
14, 654, 31
14, 654, 43
14, 656, 2
14, 665, 48
14, 666, 35
14, 668, 34
14, 675, 47
14, 678, 38
14, 682, 27
14, 683, 17
14, 685, 32
14, 689, 28
14, 690, 54
14, 692, 33
14, 693, 39
14, 706, 1
14, 709, 29
14, 710, 31
14, 711, 37
14, 712, 9
14, 718, 48
14, 722, 41
14, 723, 16
14, 723, 51
14, 727, 50
14, 729, 10
14, 729, 46
14, 732, 52
14, 736, 15
14, 737, 24
14, 740, 12
14, 741, 12
14, 748, 58
14, 757, 36
14, 763, 40
14, 764, 53
14, 765, 27
14, 766, 26
14, 769, 25
14, 773, 10
14, 773, 17
14, 776, 43
14, 778, 7
14, 784, 31
14, 785, 23
14, 786, 21
14, 794, 42
14, 794, 54
14, 795, 2
14, 795, 19
14, 795, 25
14, 795, 32
15, 2, 4
15, 11, 22
15, 13, 1
15, 15, 31
15, 19, 18
15, 20, 11
15, 29, 24
15, 36, 38
15, 39, 25
15, 40, 37
15, 44, 27
15, 44, 52
15, 50, 42
15, 53, 4
15, 54, 54
15, 60, 27
15, 61, 49
15, 64, 20
15, 64, 33
15, 64, 44
15, 68, 35
15, 71, 32
15, 71, 41
15, 71, 55
15, 73, 38
15, 83, 7
15, 84, 47
15, 91, 12
15, 95, 36
15, 102, 14
15, 111, 17
15, 117, 6
15, 119, 39
15, 122, 54
15, 127, 11
15, 127, 30
15, 131, 34
15, 136, 49
15, 137, 11
15, 137, 59
15, 138, 51
15, 139, 31
15, 145, 39
15, 149, 40
15, 161, 21
15, 161, 45
15, 161, 59
15, 166, 11
15, 169, 41
15, 170, 29
15, 172, 12
15, 178, 1
15, 180, 18
15, 186, 14
15, 187, 26
15, 196, 19
15, 199, 30
15, 200, 52
15, 204, 10
15, 208, 11
15, 210, 14
15, 211, 26
15, 212, 37
15, 212, 57
15, 213, 25
15, 214, 47
15, 219, 6
15, 219, 13
15, 221, 49
15, 222, 14
15, 226, 46
15, 228, 44
15, 231, 1
15, 232, 45
15, 233, 7
15, 237, 20
15, 239, 32
15, 244, 40
15, 245, 44
15, 246, 3
15, 248, 28
15, 250, 6
15, 251, 16
15, 251, 54
15, 252, 57
15, 253, 16
15, 254, 36
15, 255, 38
15, 258, 42
15, 260, 37
15, 262, 38
15, 265, 31
15, 265, 33
15, 271, 46
15, 272, 43
15, 276, 22
15, 276, 33
15, 279, 23
15, 285, 17
15, 286, 4
15, 290, 24
15, 291, 12
15, 296, 27
15, 313, 42
15, 314, 34
15, 319, 18
15, 321, 46
15, 321, 55
15, 330, 50
15, 344, 51
15, 350, 39
15, 350, 41
15, 351, 35
15, 354, 21
15, 357, 52
15, 372, 20
15, 384, 22
15, 387, 40
15, 402, 32
15, 402, 53
15, 404, 30
15, 407, 51
15, 409, 49
15, 411, 29
15, 412, 44
15, 417, 47
15, 420, 26
15, 420, 47
15, 422, 59
15, 426, 34
15, 428, 44
15, 429, 38
15, 434, 31
15, 443, 49
15, 446, 42
15, 448, 59
15, 451, 54
15, 457, 49
15, 466, 36
15, 466, 45
15, 470, 41
15, 473, 33
15, 476, 19
15, 476, 30
15, 480, 50
15, 480, 54
15, 484, 39
15, 486, 43
15, 487, 27
15, 487, 46
15, 488, 25
15, 498, 40
15, 499, 32
15, 508, 13
15, 508, 28
15, 513, 37
15, 518, 28
15, 521, 11
15, 524, 35
15, 527, 39
15, 542, 52
15, 546, 2
15, 548, 1
15, 548, 47
15, 551, 15
15, 556, 41
15, 558, 34
15, 564, 6
15, 564, 36
15, 565, 55
15, 566, 20
15, 568, 57
15, 570, 59
15, 575, 23
15, 582, 3
15, 582, 34
15, 582, 51
15, 587, 14
15, 589, 42
15, 592, 10
15, 601, 44
15, 602, 18
15, 602, 29
15, 618, 22
15, 619, 25
15, 619, 26
15, 625, 40
15, 626, 16
15, 626, 53
15, 628, 10
15, 630, 12
15, 635, 31
15, 636, 46
15, 637, 4
15, 637, 49
15, 640, 21
15, 644, 21
15, 648, 33
15, 648, 54
15, 649, 43
15, 652, 40
15, 665, 7
15, 666, 39
15, 667, 23
15, 669, 19
15, 671, 3
15, 671, 39
15, 673, 27
15, 674, 7
15, 675, 28
15, 677, 23
15, 680, 16
15, 683, 13
15, 688, 44
15, 690, 55
15, 692, 14
15, 702, 36
15, 703, 50
15, 704, 29
15, 704, 45
15, 705, 33
15, 711, 22
15, 711, 52
15, 712, 24
15, 717, 59
15, 727, 34
15, 733, 2
15, 733, 51
15, 734, 17
15, 734, 38
15, 735, 35
15, 737, 46
15, 745, 4
15, 746, 7
15, 746, 23
15, 746, 29
15, 747, 10
15, 750, 32
15, 752, 14
15, 755, 6
15, 756, 20
15, 758, 12
15, 767, 54
15, 769, 27
15, 781, 40
15, 786, 26
15, 792, 13
15, 793, 11
15, 794, 57
15, 797, 39
16, 7, 19
16, 7, 26
16, 10, 9
16, 10, 40
16, 16, 22
16, 16, 51
16, 23, 17
16, 26, 14
16, 28, 31
16, 31, 35
16, 47, 37
16, 49, 25
16, 50, 7
16, 52, 43
16, 56, 15
16, 62, 40
16, 68, 55
16, 70, 6
16, 74, 27
16, 75, 42
16, 80, 5
16, 81, 45
16, 90, 28
16, 95, 8
16, 95, 19
16, 97, 46
16, 102, 21
16, 107, 34
16, 109, 10
16, 111, 3
16, 113, 41
16, 118, 32
16, 121, 7
16, 121, 15
16, 122, 1
16, 123, 12
16, 128, 13
16, 134, 22
16, 135, 2
16, 139, 38
16, 146, 22
16, 147, 33
16, 147, 36
16, 149, 30
16, 150, 6
16, 152, 48
16, 153, 27
16, 153, 35
16, 158, 14
16, 158, 56
16, 161, 18
16, 162, 31
16, 163, 16
16, 165, 57
16, 166, 5
16, 167, 50
16, 168, 29
16, 171, 54
16, 183, 47
16, 184, 51
16, 185, 17
16, 188, 45
16, 192, 11
16, 194, 34
16, 195, 4
16, 204, 2
16, 204, 21
16, 205, 9
16, 206, 23
16, 209, 3
16, 213, 55
16, 226, 38
16, 227, 20
16, 230, 24
16, 231, 9
16, 233, 37
16, 234, 49
16, 237, 44
16, 240, 55
16, 241, 41
16, 242, 28
16, 248, 26
16, 249, 7
16, 255, 42
16, 257, 22
16, 261, 1
16, 261, 18
16, 262, 50
16, 264, 8
16, 264, 15
16, 265, 6
16, 269, 12
16, 275, 35
16, 277, 25
16, 280, 41
16, 282, 38
16, 284, 17
16, 284, 32
16, 291, 13
16, 292, 51
16, 296, 28
16, 299, 25
16, 301, 21
16, 303, 46
16, 307, 29
16, 320, 40
16, 323, 30
16, 329, 37
16, 331, 39
16, 337, 43
16, 341, 36
16, 349, 34
16, 350, 54
16, 355, 56
16, 358, 33
16, 360, 19
16, 375, 48
16, 380, 34
16, 380, 35
16, 383, 40
16, 383, 41
16, 386, 59
16, 389, 31
16, 397, 47
16, 403, 45
16, 406, 23
16, 407, 36
16, 409, 39
16, 413, 42
16, 420, 27
16, 422, 44
16, 423, 32
16, 423, 50
16, 428, 57
16, 449, 18
16, 449, 45
16, 454, 29
16, 458, 28
16, 460, 58
16, 461, 23
16, 471, 40
16, 472, 26
16, 485, 25
16, 486, 55
16, 491, 24
16, 495, 19
16, 499, 26
16, 500, 22
16, 501, 2
16, 501, 26
16, 502, 3
16, 503, 51
16, 504, 54
16, 507, 31
16, 511, 10
16, 511, 17
16, 511, 51
16, 516, 56
16, 519, 5
16, 521, 47
16, 522, 46
16, 524, 10
16, 525, 1
16, 529, 14
16, 531, 32
16, 532, 48
16, 533, 34
16, 535, 13
16, 537, 49
16, 538, 37
16, 541, 16
16, 544, 30
16, 546, 39
16, 555, 20
16, 555, 38
16, 556, 43
16, 561, 33
16, 567, 8
16, 574, 29
16, 575, 21
16, 575, 32
16, 577, 50
16, 578, 29
16, 579, 4
16, 580, 11
16, 589, 55
16, 592, 13
16, 595, 15
16, 599, 28
16, 600, 41
16, 606, 6
16, 608, 14
16, 610, 40
16, 613, 34
16, 616, 7
16, 616, 48
16, 617, 12
16, 619, 42
16, 624, 57
16, 629, 36
16, 630, 3
16, 632, 9
16, 632, 59
16, 641, 45
16, 652, 5
16, 658, 15
16, 660, 10
16, 660, 26
16, 660, 56
16, 662, 23
16, 665, 19
16, 666, 43
16, 669, 49
16, 671, 36
16, 676, 18
16, 682, 5
16, 682, 18
16, 682, 25
16, 683, 54
16, 686, 31
16, 687, 22
16, 692, 51
16, 697, 29
16, 697, 47
16, 700, 11
16, 703, 56
16, 706, 6
16, 706, 12
16, 709, 9
16, 709, 55
16, 718, 20
16, 718, 48
16, 726, 38
16, 729, 24
16, 739, 42
16, 741, 14
16, 744, 46
16, 746, 27
16, 758, 25
16, 759, 28
16, 760, 50
16, 764, 39
16, 764, 46
16, 765, 36
16, 767, 7
16, 767, 15
16, 768, 10
16, 768, 55
16, 777, 45
16, 779, 12
16, 779, 21
16, 784, 6
16, 786, 34
16, 789, 38
16, 792, 49
16, 796, 4
17, 1, 30
17, 2, 6
17, 2, 34
17, 6, 31
17, 10, 20
17, 10, 34
17, 14, 40
17, 15, 2
17, 15, 28
17, 17, 59
17, 23, 12
17, 25, 11
17, 33, 54
17, 36, 15
17, 36, 46
17, 37, 9
17, 40, 26
17, 43, 43
17, 44, 20
17, 49, 48
17, 51, 18
17, 58, 17
17, 62, 12
17, 63, 7
17, 64, 6
17, 68, 40
17, 69, 31
17, 70, 60
17, 74, 52
17, 75, 3
17, 75, 18
17, 77, 2
17, 77, 16
17, 77, 28
17, 79, 14
17, 79, 55
17, 80, 52
17, 84, 29
17, 88, 53
17, 89, 40
17, 91, 45
17, 93, 6
17, 93, 11
17, 95, 27
17, 104, 5
17, 104, 42
17, 105, 3
17, 106, 50
17, 109, 33
17, 113, 12
17, 113, 17
17, 113, 21
17, 114, 1
17, 116, 1
17, 119, 39
17, 120, 47
17, 125, 15
17, 125, 18
17, 125, 36
17, 127, 37
17, 128, 49
17, 129, 24
17, 130, 4
17, 146, 58
17, 149, 9
17, 160, 12
17, 163, 3
17, 166, 7
17, 172, 11
17, 174, 14
17, 174, 41
17, 179, 38
17, 180, 22
17, 182, 43
17, 183, 24
17, 188, 51
17, 191, 40
17, 191, 53
17, 193, 17
17, 194, 52
17, 197, 43
17, 199, 34
17, 202, 28
17, 203, 5
17, 204, 46
17, 206, 25
17, 209, 26
17, 211, 46
17, 212, 16
17, 216, 16
17, 218, 7
17, 220, 36
17, 224, 6
17, 224, 23
17, 226, 20
17, 227, 4
17, 234, 15
17, 235, 3
17, 239, 48
17, 240, 23
17, 242, 19
17, 242, 54
17, 247, 18
17, 249, 47
17, 251, 52
17, 253, 11
17, 255, 32
17, 256, 10
17, 258, 44
17, 259, 50
17, 260, 2
17, 262, 13
17, 264, 60
17, 270, 24
17, 272, 39
17, 275, 27
17, 275, 42
17, 275, 49
17, 277, 29
17, 290, 29
17, 293, 31
17, 294, 14
17, 294, 50
17, 295, 37
17, 301, 55
17, 305, 20
17, 309, 59
17, 316, 21
17, 317, 33
17, 319, 53
17, 320, 36
17, 326, 57
17, 336, 42
17, 338, 25
17, 339, 28
17, 346, 29
17, 347, 46
17, 349, 25
17, 356, 40
17, 359, 58
17, 361, 33
17, 362, 29
17, 364, 39
17, 365, 49
17, 369, 38
17, 370, 46
17, 376, 43
17, 377, 31
17, 382, 52
17, 384, 48
17, 387, 35
17, 394, 43
17, 395, 59
17, 396, 54
17, 405, 34
17, 406, 50
17, 410, 27
17, 411, 32
17, 426, 47
17, 434, 26
17, 441, 48
17, 443, 41
17, 446, 49
17, 452, 36
17, 457, 44
17, 460, 23
17, 480, 51
17, 487, 17
17, 491, 63
17, 494, 57
17, 495, 31
17, 498, 22
17, 498, 29
17, 502, 11
17, 504, 42
17, 506, 25
17, 509, 9
17, 514, 30
17, 518, 1
17, 519, 19
17, 520, 24
17, 522, 12
17, 530, 3
17, 531, 37
17, 535, 47
17, 540, 20
17, 541, 5
17, 541, 52
17, 542, 4
17, 542, 46
17, 545, 27
17, 545, 60
17, 548, 40
17, 550, 6
17, 551, 15
17, 558, 7
17, 558, 59
17, 564, 28
17, 567, 45
17, 573, 13
17, 575, 16
17, 576, 6
17, 576, 26
17, 576, 39
17, 577, 55
17, 585, 31
17, 585, 50
17, 586, 33
17, 589, 10
17, 599, 14
17, 600, 18
17, 610, 2
17, 610, 41
17, 613, 38
17, 620, 36
17, 621, 4
17, 621, 14
17, 621, 35
17, 621, 43
17, 622, 46
17, 627, 52
17, 628, 15
17, 628, 30
17, 629, 23
17, 630, 53
17, 634, 29
17, 634, 40
17, 638, 44
17, 642, 39
17, 643, 6
17, 644, 36
17, 646, 17
17, 648, 22
17, 652, 11
17, 658, 25
17, 659, 49
17, 661, 55
17, 662, 12
17, 663, 42
17, 672, 1
17, 676, 42
17, 683, 26
17, 687, 27
17, 692, 47
17, 693, 19
17, 695, 3
17, 699, 20
17, 701, 59
17, 702, 44
17, 702, 50
17, 707, 34
17, 710, 51
17, 712, 15
17, 718, 16
17, 719, 2
17, 730, 34
17, 732, 33
17, 733, 13
17, 736, 7
17, 739, 60
17, 740, 9
17, 741, 37
17, 743, 14
17, 743, 24
17, 745, 12
17, 747, 57
17, 750, 55
17, 751, 55
17, 754, 6
17, 758, 4
17, 760, 31
17, 760, 35
17, 763, 30
17, 764, 1
17, 764, 10
17, 765, 49
17, 767, 42
17, 767, 48
17, 771, 15
17, 775, 45
17, 776, 29
17, 780, 44
17, 787, 11
17, 787, 14
17, 788, 47
17, 793, 25
17, 797, 28
17, 798, 58
18, 3, 50
18, 4, 25
18, 4, 54
18, 6, 47
18, 13, 26
18, 21, 1
18, 26, 14
18, 27, 51
18, 28, 32
18, 28, 36
18, 32, 40
18, 33, 22
18, 33, 41
18, 38, 57
18, 39, 33
18, 41, 6
18, 48, 34
18, 51, 4
18, 51, 52
18, 52, 49
18, 60, 26
18, 61, 19
18, 66, 17
18, 72, 27
18, 73, 23
18, 74, 7
18, 77, 20
18, 81, 8
18, 95, 21
18, 99, 13
18, 99, 30
18, 101, 9
18, 101, 16
18, 101, 45
18, 106, 48
18, 110, 14
18, 110, 29
18, 125, 10
18, 125, 52
18, 126, 19
18, 126, 32
18, 126, 59
18, 127, 28
18, 130, 25
18, 131, 4
18, 133, 31
18, 136, 51
18, 139, 41
18, 141, 38
18, 142, 19
18, 142, 25
18, 149, 15
18, 151, 30
18, 162, 5
18, 164, 42
18, 175, 59
18, 180, 8
18, 184, 4
18, 184, 33
18, 185, 6
18, 191, 40
18, 193, 4
18, 193, 49
18, 194, 22
18, 199, 2
18, 199, 20
18, 201, 26
18, 201, 35
18, 203, 2
18, 207, 22
18, 208, 27
18, 209, 5
18, 213, 47
18, 216, 29
18, 216, 44
18, 223, 43
18, 225, 4
18, 227, 46
18, 229, 56
18, 230, 10
18, 232, 31
18, 237, 24
18, 244, 7
18, 253, 18
18, 256, 26
18, 258, 1
18, 260, 34
18, 263, 44
18, 264, 48
18, 265, 21
18, 269, 14
18, 271, 42
18, 275, 16
18, 279, 3
18, 279, 23
18, 281, 35
18, 283, 54
18, 284, 57
18, 286, 16
18, 286, 32
18, 287, 6
18, 290, 41
18, 293, 51
18, 297, 13
18, 297, 24
18, 321, 27
18, 330, 57
18, 334, 28
18, 336, 39
18, 338, 19
18, 340, 30
18, 351, 46
18, 352, 31
18, 355, 59
18, 360, 58
18, 364, 45
18, 366, 25
18, 367, 21
18, 367, 50
18, 382, 36
18, 387, 38
18, 394, 29
18, 403, 52
18, 411, 43
18, 416, 56
18, 418, 40
18, 422, 50
18, 424, 54
18, 425, 35
18, 429, 32
18, 429, 41
18, 434, 22
18, 437, 37
18, 445, 31
18, 451, 47
18, 457, 29
18, 458, 42
18, 465, 20
18, 466, 40
18, 475, 34
18, 476, 26
18, 478, 34
18, 482, 28
18, 485, 48
18, 487, 26
18, 493, 28
18, 495, 23
18, 496, 42
18, 503, 17
18, 508, 5
18, 508, 59
18, 513, 4
18, 516, 55
18, 517, 33
18, 519, 9
18, 521, 55
18, 526, 15
18, 528, 34
18, 531, 31
18, 532, 24
18, 534, 39
18, 535, 8
18, 535, 21
18, 540, 44
18, 541, 24
18, 545, 39
18, 545, 47
18, 545, 51
18, 545, 57
18, 549, 7
18, 555, 24
18, 555, 28
18, 556, 45
18, 556, 47
18, 558, 36
18, 560, 22
18, 560, 52
18, 561, 19
18, 565, 49
18, 569, 32
18, 570, 18
18, 572, 32
18, 574, 14
18, 574, 43
18, 579, 54
18, 585, 3
18, 585, 41
18, 587, 43
18, 591, 46
18, 593, 10
18, 597, 58
18, 602, 16
18, 609, 49
18, 610, 40
18, 612, 13
18, 613, 13
18, 613, 29
18, 618, 29
18, 632, 37
18, 633, 20
18, 634, 1
18, 635, 8
18, 637, 13
18, 640, 56
18, 648, 42
18, 651, 17
18, 653, 14
18, 655, 6
18, 657, 43
18, 661, 35
18, 663, 59
18, 664, 15
18, 666, 57
18, 677, 41
18, 678, 27
18, 681, 36
18, 685, 31
18, 685, 37
18, 689, 50
18, 690, 2
18, 696, 51
18, 700, 25
18, 703, 14
18, 705, 7
18, 706, 28
18, 707, 21
18, 709, 12
18, 711, 39
18, 711, 40
18, 719, 27
18, 720, 16
18, 721, 5
18, 724, 24
18, 724, 59
18, 736, 9
18, 736, 29
18, 738, 34
18, 742, 47
18, 746, 58
18, 747, 49
18, 748, 30
18, 771, 4
18, 774, 43
18, 775, 25
18, 776, 16
18, 782, 32
18, 784, 19
18, 786, 10
18, 786, 40
18, 787, 1
18, 789, 42
18, 791, 59
18, 792, 13
18, 793, 31
18, 795, 6
18, 797, 34
19, 2, 33
19, 5, 9
19, 9, 46
19, 10, 19
19, 17, 18
19, 19, 15
19, 22, 22
19, 26, 20
19, 26, 32
19, 27, 27
19, 28, 38
19, 31, 17
19, 36, 35
19, 39, 48
19, 39, 52
19, 43, 11
19, 44, 25
19, 46, 47
19, 51, 31
19, 55, 4
19, 56, 10
19, 57, 28
19, 59, 6
19, 59, 30
19, 60, 21
19, 62, 14
19, 66, 12
19, 74, 41
19, 75, 54
19, 76, 15
19, 79, 13
19, 88, 57
19, 94, 39
19, 95, 55
19, 96, 44
19, 96, 57
19, 106, 45
19, 111, 56
19, 124, 50
19, 126, 12
19, 127, 42
19, 132, 1
19, 133, 12
19, 138, 20
19, 140, 34
19, 144, 5
19, 144, 41
19, 145, 10
19, 146, 53
19, 152, 23
19, 152, 29
19, 156, 27
19, 159, 26
19, 160, 39
19, 161, 48
19, 168, 14
19, 173, 58
19, 176, 32
19, 176, 33
19, 177, 9
19, 179, 17
19, 193, 16
19, 194, 30
19, 195, 55
19, 199, 54
19, 200, 22
19, 207, 35
19, 208, 41
19, 209, 10
19, 211, 46
19, 211, 51
19, 212, 7
19, 221, 28
19, 223, 44
19, 227, 18
19, 230, 12
19, 234, 47
19, 235, 28
19, 238, 13
19, 238, 37
19, 240, 15
19, 241, 57
19, 245, 10
19, 248, 40
19, 249, 12
19, 249, 60
19, 250, 25
19, 253, 33
19, 254, 31
19, 255, 5
19, 259, 19
19, 264, 6
19, 273, 42
19, 274, 28
19, 275, 36
19, 280, 9
19, 282, 48
19, 286, 45
19, 287, 50
19, 293, 34
19, 298, 38
19, 300, 28
19, 302, 21
19, 302, 34
19, 302, 38
19, 306, 47
19, 310, 52
19, 312, 39
19, 318, 50
19, 321, 46
19, 325, 52
19, 331, 41
19, 333, 28
19, 335, 47
19, 337, 27
19, 338, 32
19, 338, 35
19, 341, 37
19, 345, 49
19, 348, 22
19, 350, 52
19, 359, 51
19, 362, 55
19, 368, 33
19, 372, 29
19, 374, 55
19, 381, 30
19, 388, 51
19, 388, 56
19, 394, 40
19, 399, 20
19, 406, 23
19, 417, 31
19, 430, 26
19, 434, 55
19, 436, 28
19, 438, 51
19, 440, 45
19, 449, 25
19, 451, 29
19, 451, 38
19, 453, 47
19, 460, 48
19, 460, 50
19, 463, 57
19, 468, 42
19, 475, 36
19, 480, 37
19, 488, 34
19, 494, 40
19, 496, 54
19, 501, 46
19, 508, 4
19, 508, 48
19, 510, 16
19, 512, 56
19, 514, 32
19, 516, 17
19, 520, 37
19, 521, 27
19, 525, 11
19, 527, 7
19, 527, 53
19, 529, 44
19, 536, 45
19, 545, 29
19, 551, 14
19, 552, 18
19, 554, 9
19, 554, 11
19, 562, 46
19, 566, 33
19, 567, 35
19, 568, 26
19, 575, 19
19, 575, 21
19, 577, 23
19, 577, 38
19, 580, 20
19, 587, 30
19, 589, 6
19, 589, 41
19, 590, 13
19, 594, 28
19, 596, 22
19, 597, 49
19, 603, 5
19, 604, 10
19, 605, 22
19, 605, 60
19, 607, 5
19, 610, 15
19, 610, 58
19, 611, 48
19, 623, 15
19, 625, 1
19, 629, 52
19, 634, 12
19, 634, 52
19, 637, 9
19, 641, 9
19, 643, 56
19, 644, 5
19, 644, 26
19, 644, 35
19, 649, 40
19, 658, 27
19, 659, 35
19, 671, 12
19, 671, 23
19, 673, 51
19, 676, 16
19, 677, 17
19, 679, 11
19, 684, 7
19, 690, 40
19, 694, 41
19, 697, 14
19, 697, 41
19, 699, 18
19, 699, 27
19, 703, 27
19, 705, 32
19, 711, 19
19, 715, 16
19, 719, 22
19, 725, 32
19, 725, 42
19, 730, 48
19, 731, 9
19, 742, 37
19, 752, 53
19, 754, 25
19, 755, 5
19, 756, 49
19, 757, 55
19, 760, 41
19, 761, 12
19, 761, 60
19, 767, 13
19, 769, 15
19, 775, 23
19, 780, 46
19, 785, 54
19, 787, 14
19, 788, 28
