1, 2, 39
1, 6, 31
1, 11, 16
1, 15, 26
1, 15, 48
1, 16, 10
1, 19, 1
1, 23, 31
1, 42, 6
1, 43, 39
1, 45, 2
1, 49, 18
1, 50, 9
1, 59, 44
1, 60, 31
1, 70, 3
1, 70, 38
1, 70, 55
1, 72, 27
1, 87, 10
1, 87, 29
1, 89, 14
1, 91, 25
1, 94, 19
1, 98, 36
1, 103, 49
1, 109, 48
1, 111, 54
1, 112, 20
1, 115, 8
1, 118, 11
1, 118, 53
1, 122, 3
1, 130, 47
1, 143, 43
1, 146, 10
1, 149, 1
1, 152, 35
1, 156, 56
1, 167, 46
1, 179, 2
1, 183, 6
1, 201, 14
1, 205, 44
1, 214, 2
1, 245, 49
1, 249, 11
1, 249, 16
1, 249, 20
1, 251, 35
1, 252, 22
1, 254, 18
1, 259, 39
1, 269, 1
1, 270, 26
1, 279, 36
1, 279, 48
1, 283, 34
1, 299, 5
1, 301, 55
1, 303, 34
1, 308, 38
1, 312, 27
1, 319, 31
1, 329, 47
1, 354, 19
1, 367, 29
1, 368, 20
1, 368, 46
1, 376, 54
1, 376, 58
1, 380, 14
1, 387, 39
1, 391, 49
1, 401, 56
1, 405, 49
1, 406, 36
1, 423, 39
1, 436, 43
1, 455, 55
1, 459, 40
1, 481, 26
1, 503, 25
1, 510, 48
1, 512, 10
1, 519, 54
1, 532, 16
1, 535, 47
1, 537, 14
1, 538, 34
1, 539, 8
1, 544, 2
1, 546, 3
1, 546, 44
1, 549, 33
1, 555, 9
1, 555, 27
1, 562, 20
1, 571, 35
1, 575, 22
1, 576, 54
1, 582, 10
1, 590, 55
1, 591, 18
1, 592, 35
1, 599, 58
1, 609, 36
1, 612, 5
1, 615, 49
1, 629, 56
1, 641, 16
1, 641, 55
1, 649, 46
1, 650, 11
1, 650, 19
1, 656, 11
1, 663, 38
1, 666, 43
1, 668, 39
1, 680, 18
1, 683, 6
1, 690, 1
1, 702, 5
1, 703, 34
1, 704, 47
1, 713, 2
1, 738, 11
1, 743, 31
1, 744, 55
1, 745, 29
1, 747, 43
1, 756, 46
1, 761, 26
1, 762, 48
1, 766, 40
1, 771, 27
1, 771, 35
1, 773, 18
1, 779, 20
1, 798, 31
1, 799, 44
2, 1, 49
2, 10, 16
2, 12, 55
2, 14, 59
2, 23, 51
2, 28, 6
2, 28, 47
2, 41, 4
2, 41, 32
2, 50, 57
2, 54, 52
2, 55, 3
2, 60, 5
2, 60, 37
2, 64, 34
2, 70, 50
2, 72, 15
2, 75, 9
2, 75, 20
2, 81, 30
2, 83, 59
2, 84, 49
2, 90, 27
2, 91, 37
2, 95, 18
2, 97, 44
2, 99, 56
2, 115, 51
2, 116, 13
2, 116, 22
2, 122, 8
2, 124, 45
2, 128, 12
2, 132, 1
2, 132, 2
2, 136, 16
2, 137, 33
2, 138, 7
2, 140, 21
2, 144, 36
2, 146, 53
2, 160, 9
2, 171, 31
2, 174, 35
2, 178, 20
2, 179, 40
2, 181, 40
2, 187, 19
2, 188, 25
2, 203, 49
2, 210, 11
2, 211, 52
2, 213, 8
2, 217, 57
2, 220, 46
2, 223, 55
2, 224, 20
2, 225, 13
2, 229, 43
2, 230, 32
2, 233, 3
2, 234, 15
2, 242, 50
2, 253, 44
2, 257, 27
2, 259, 16
2, 259, 37
2, 260, 49
2, 262, 56
2, 269, 33
2, 278, 5
2, 278, 12
2, 278, 23
2, 285, 4
2, 290, 39
2, 293, 40
2, 295, 21
2, 298, 18
2, 299, 28
2, 299, 34
2, 315, 32
2, 320, 34
2, 320, 52
2, 330, 23
2, 332, 30
2, 336, 59
2, 337, 47
2, 342, 51
2, 346, 36
2, 349, 50
2, 356, 53
2, 357, 53
2, 371, 30
2, 372, 28
2, 375, 45
2, 376, 20
2, 384, 52
2, 390, 42
2, 392, 34
2, 396, 35
2, 407, 57
2, 412, 33
2, 416, 33
2, 420, 25
2, 432, 28
2, 443, 37
2, 448, 21
2, 464, 31
2, 464, 37
2, 468, 46
2, 476, 32
2, 476, 49
2, 477, 22
2, 492, 40
2, 506, 31
2, 515, 19
2, 516, 30
2, 519, 2
2, 519, 59
2, 522, 43
2, 527, 55
2, 529, 52
2, 530, 34
2, 531, 13
2, 532, 47
2, 536, 13
2, 539, 56
2, 550, 39
2, 555, 25
2, 555, 35
2, 558, 33
2, 559, 15
2, 561, 8
2, 561, 50
2, 562, 53
2, 565, 30
2, 571, 9
2, 574, 16
2, 575, 57
2, 578, 45
2, 581, 23
2, 582, 3
2, 587, 28
2, 596, 16
2, 597, 47
2, 598, 27
2, 599, 6
2, 603, 13
2, 603, 51
2, 614, 2
2, 619, 16
2, 629, 7
2, 629, 18
2, 630, 42
2, 632, 12
2, 653, 49
2, 663, 15
2, 664, 59
2, 667, 36
2, 673, 7
2, 674, 55
2, 683, 9
2, 683, 30
2, 691, 19
2, 691, 37
2, 698, 31
2, 702, 46
2, 702, 50
2, 706, 35
2, 707, 11
2, 714, 22
2, 714, 56
2, 716, 44
2, 717, 28
2, 717, 72
2, 718, 34
2, 723, 35
2, 726, 40
2, 734, 32
2, 735, 45
2, 738, 13
2, 747, 20
2, 754, 31
2, 755, 2
2, 763, 1
2, 765, 16
2, 767, 11
2, 773, 23
2, 781, 7
2, 786, 8
2, 789, 32
2, 798, 40
3, 3, 8
3, 12, 22
3, 23, 53
3, 40, 52
3, 48, 5
3, 59, 56
3, 66, 2
3, 67, 28
3, 71, 31
3, 77, 18
3, 79, 17
3, 103, 8
3, 103, 15
3, 103, 48
3, 103, 51
3, 106, 6
3, 108, 5
3, 111, 8
3, 111, 27
3, 123, 30
3, 126, 35
3, 130, 50
3, 133, 28
3, 134, 16
3, 135, 47
3, 138, 31
3, 141, 26
3, 143, 11
3, 147, 23
3, 151, 28
3, 166, 5
3, 170, 22
3, 172, 56
3, 178, 4
3, 184, 46
3, 186, 55
3, 191, 31
3, 195, 10
3, 201, 18
3, 202, 2
3, 204, 39
3, 206, 21
3, 206, 41
3, 212, 8
3, 216, 17
3, 229, 52
3, 237, 20
3, 239, 34
3, 243, 16
3, 245, 2
3, 245, 25
3, 254, 35
3, 267, 12
3, 268, 8
3, 270, 7
3, 270, 51
3, 271, 6
3, 271, 47
3, 272, 30
3, 278, 48
3, 281, 37
3, 282, 48
3, 284, 30
3, 289, 44
3, 298, 27
3, 302, 53
3, 311, 29
3, 311, 34
3, 325, 21
3, 327, 33
3, 347, 43
3, 352, 56
3, 356, 36
3, 361, 18
3, 363, 50
3, 373, 27
3, 385, 28
3, 387, 57
3, 396, 44
3, 397, 23
3, 403, 31
3, 408, 41
3, 410, 46
3, 432, 37
3, 438, 15
3, 439, 52
3, 450, 35
3, 454, 15
3, 464, 26
3, 470, 26
3, 471, 16
3, 481, 36
3, 483, 53
3, 485, 30
3, 487, 39
3, 501, 41
3, 504, 47
3, 510, 21
3, 513, 34
3, 514, 50
3, 516, 8
3, 520, 11
3, 525, 16
3, 531, 35
3, 540, 5
3, 540, 29
3, 541, 20
3, 543, 55
3, 544, 51
3, 546, 11
3, 546, 33
3, 548, 43
3, 552, 53
3, 553, 36
3, 556, 43
3, 557, 29
3, 567, 3
3, 567, 46
3, 573, 2
3, 579, 41
3, 593, 31
3, 597, 37
3, 604, 39
3, 606, 2
3, 607, 12
3, 609, 17
3, 610, 17
3, 611, 10
3, 611, 51
3, 615, 25
3, 617, 4
3, 623, 23
3, 627, 27
3, 632, 21
3, 641, 28
3, 648, 11
3, 651, 7
3, 656, 30
3, 659, 35
3, 660, 16
3, 662, 52
3, 664, 4
3, 665, 39
3, 668, 44
3, 669, 36
3, 671, 48
3, 680, 50
3, 682, 11
3, 695, 6
3, 697, 47
3, 701, 15
3, 705, 16
3, 705, 18
3, 716, 29
3, 719, 34
3, 721, 51
3, 727, 26
3, 729, 8
3, 736, 57
3, 738, 28
3, 744, 3
3, 747, 10
3, 749, 27
3, 756, 46
3, 761, 43
3, 768, 37
3, 769, 39
3, 770, 56
3, 772, 29
3, 780, 30
3, 785, 15
3, 786, 36
3, 789, 15
3, 789, 22
3, 790, 5
3, 791, 41
3, 792, 23
3, 797, 20
3, 797, 33
4, 6, 5
4, 8, 34
4, 14, 27
4, 17, 12
4, 17, 19
4, 21, 52
4, 24, 36
4, 24, 59
4, 27, 1
4, 31, 33
4, 36, 7
4, 37, 32
4, 40, 48
4, 44, 46
4, 49, 15
4, 62, 23
4, 62, 40
4, 65, 14
4, 69, 17
4, 72, 55
4, 75, 38
4, 77, 27
4, 86, 42
4, 86, 43
4, 90, 53
4, 103, 5
4, 107, 24
4, 115, 34
4, 132, 61
4, 133, 26
4, 139, 52
4, 141, 23
4, 146, 35
4, 147, 49
4, 149, 2
4, 154, 48
4, 159, 3
4, 165, 52
4, 169, 30
4, 169, 36
4, 170, 55
4, 172, 39
4, 173, 45
4, 175, 3
4, 176, 59
4, 177, 23
4, 177, 32
4, 181, 6
4, 186, 8
4, 202, 24
4, 202, 30
4, 208, 7
4, 210, 49
4, 212, 17
4, 212, 33
4, 213, 27
4, 215, 60
4, 216, 15
4, 216, 39
4, 217, 54
4, 218, 22
4, 219, 27
4, 220, 5
4, 222, 1
4, 222, 37
4, 230, 26
4, 230, 47
4, 231, 43
4, 234, 36
4, 237, 12
4, 239, 9
4, 239, 57
4, 254, 19
4, 263, 46
4, 264, 43
4, 269, 12
4, 274, 37
4, 274, 61
4, 276, 36
4, 285, 51
4, 293, 45
4, 294, 38
4, 295, 40
4, 296, 32
4, 298, 23
4, 302, 42
4, 329, 32
4, 333, 35
4, 336, 24
4, 337, 34
4, 369, 52
4, 386, 59
4, 393, 25
4, 401, 43
4, 411, 33
4, 412, 14
4, 415, 22
4, 416, 46
4, 419, 49
4, 428, 37
4, 435, 22
4, 442, 40
4, 442, 55
4, 455, 61
4, 460, 30
4, 461, 47
4, 463, 54
4, 465, 53
4, 467, 48
4, 470, 49
4, 471, 29
4, 477, 43
4, 477, 48
4, 482, 51
4, 490, 55
4, 491, 39
4, 491, 42
4, 501, 57
4, 504, 19
4, 505, 7
4, 509, 17
4, 519, 23
4, 524, 15
4, 524, 51
4, 526, 15
4, 527, 8
4, 532, 6
4, 532, 35
4, 532, 47
4, 536, 26
4, 536, 38
4, 544, 3
4, 558, 32
4, 558, 45
4, 564, 40
4, 570, 24
4, 573, 1
4, 576, 8
4, 581, 12
4, 589, 46
4, 591, 49
4, 596, 21
4, 596, 52
4, 597, 13
4, 597, 15
4, 607, 24
4, 614, 36
4, 618, 51
4, 618, 60
4, 626, 14
4, 631, 19
4, 638, 19
4, 642, 55
4, 646, 30
4, 648, 17
4, 654, 40
4, 664, 15
4, 664, 43
4, 666, 27
4, 669, 22
4, 674, 5
4, 685, 1
4, 687, 32
4, 691, 23
4, 691, 57
4, 696, 34
4, 705, 48
4, 710, 3
4, 711, 42
4, 723, 17
4, 724, 49
4, 728, 24
4, 729, 35
4, 733, 9
4, 748, 59
4, 755, 25
4, 759, 51
4, 763, 49
4, 765, 57
4, 769, 47
4, 770, 40
4, 777, 42
4, 780, 48
4, 782, 3
4, 787, 24
4, 796, 19
5, 3, 20
5, 6, 3
5, 7, 29
5, 9, 13
5, 10, 36
5, 17, 2
5, 17, 37
5, 18, 47
5, 18, 58
5, 24, 49
5, 25, 1
5, 29, 54
5, 34, 2
5, 34, 26
5, 39, 20
5, 41, 9
5, 43, 33
5, 45, 38
5, 46, 46
5, 47, 19
5, 52, 50
5, 56, 56
5, 57, 18
5, 63, 21
5, 65, 53
5, 73, 44
5, 74, 16
5, 79, 43
5, 83, 36
5, 85, 11
5, 89, 33
5, 99, 39
5, 100, 51
5, 110, 7
5, 117, 20
5, 118, 10
5, 119, 24
5, 121, 27
5, 121, 30
5, 122, 42
5, 122, 48
5, 131, 30
5, 134, 20
5, 140, 8
5, 144, 13
5, 156, 26
5, 156, 42
5, 163, 5
5, 165, 41
5, 166, 58
5, 167, 25
5, 168, 9
5, 186, 38
5, 195, 9
5, 200, 54
5, 202, 18
5, 202, 22
5, 203, 37
5, 204, 1
5, 207, 5
5, 207, 47
5, 215, 50
5, 217, 34
5, 218, 4
5, 220, 51
5, 229, 18
5, 230, 8
5, 230, 56
5, 235, 40
5, 238, 47
5, 242, 43
5, 242, 53
5, 254, 50
5, 257, 38
5, 260, 44
5, 261, 1
5, 262, 28
5, 262, 45
5, 274, 21
5, 276, 5
5, 277, 56
5, 285, 7
5, 285, 30
5, 287, 56
5, 295, 11
5, 297, 3
5, 303, 29
5, 304, 33
5, 309, 43
5, 310, 16
5, 314, 48
5, 314, 49
5, 322, 21
5, 323, 42
5, 329, 32
5, 329, 58
5, 334, 46
5, 337, 34
5, 345, 58
5, 352, 39
5, 384, 36
5, 389, 25
5, 396, 31
5, 397, 27
5, 400, 19
5, 408, 54
5, 410, 30
5, 413, 24
5, 415, 28
5, 423, 13
5, 434, 41
5, 441, 39
5, 442, 43
5, 450, 58
5, 468, 25
5, 469, 47
5, 479, 22
5, 479, 53
5, 480, 50
5, 484, 44
5, 492, 50
5, 495, 51
5, 497, 33
5, 499, 2
5, 499, 41
5, 506, 20
5, 513, 49
5, 515, 54
5, 532, 28
5, 536, 21
5, 540, 10
5, 542, 10
5, 545, 26
5, 550, 45
5, 552, 41
5, 554, 1
5, 555, 27
5, 556, 48
5, 557, 21
5, 568, 32
5, 570, 16
5, 572, 46
5, 573, 25
5, 573, 55
5, 574, 26
5, 583, 58
5, 586, 18
5, 586, 24
5, 588, 13
5, 591, 11
5, 595, 45
5, 599, 8
5, 601, 53
5, 608, 34
5, 615, 34
5, 616, 4
5, 617, 31
5, 618, 23
5, 619, 28
5, 625, 23
5, 629, 19
5, 633, 47
5, 637, 30
5, 638, 16
5, 641, 43
5, 643, 38
5, 644, 7
5, 644, 24
5, 644, 29
5, 647, 42
5, 651, 50
5, 653, 11
5, 655, 3
5, 666, 56
5, 678, 39
5, 686, 28
5, 687, 9
5, 696, 54
5, 700, 5
5, 700, 10
5, 711, 22
5, 715, 13
5, 725, 33
5, 725, 37
5, 730, 20
5, 730, 44
5, 735, 10
5, 744, 9
5, 745, 2
5, 745, 21
5, 747, 51
5, 750, 30
5, 750, 36
5, 753, 49
5, 754, 32
5, 757, 25
5, 766, 8
5, 771, 23
5, 777, 56
5, 783, 41
5, 792, 54
6, 11, 46
6, 16, 40
6, 19, 1
6, 22, 41
6, 33, 17
6, 36, 36
6, 47, 30
6, 54, 12
6, 55, 21
6, 61, 8
6, 63, 26
6, 63, 32
6, 65, 14
6, 81, 17
6, 85, 13
6, 96, 43
6, 104, 27
6, 106, 18
6, 107, 50
6, 122, 24
6, 122, 59
6, 123, 3
6, 135, 20
6, 140, 37
6, 146, 31
6, 147, 25
6, 149, 22
6, 150, 2
6, 153, 34
6, 155, 10
6, 156, 57
6, 168, 6
6, 169, 36
6, 174, 17
6, 179, 44
6, 181, 26
6, 186, 4
6, 191, 39
6, 198, 8
6, 201, 14
6, 207, 20
6, 208, 8
6, 210, 24
6, 210, 36
6, 211, 49
6, 214, 44
6, 228, 19
6, 228, 22
6, 228, 48
6, 229, 21
6, 230, 12
6, 234, 14
6, 235, 33
6, 236, 2
6, 243, 35
6, 244, 47
6, 251, 43
6, 261, 8
6, 263, 27
6, 266, 23
6, 267, 10
6, 268, 3
6, 273, 22
6, 285, 1
6, 285, 15
6, 287, 13
6, 299, 21
6, 300, 55
6, 306, 30
6, 308, 34
6, 312, 50
6, 327, 37
6, 327, 39
6, 350, 59
6, 356, 27
6, 364, 36
6, 366, 43
6, 371, 32
6, 374, 48
6, 376, 35
6, 378, 21
6, 379, 41
6, 382, 57
6, 396, 55
6, 402, 40
6, 403, 25
6, 404, 32
6, 405, 24
6, 413, 40
6, 417, 48
6, 430, 57
6, 432, 37
6, 440, 47
6, 446, 45
6, 451, 58
6, 453, 46
6, 455, 33
6, 456, 26
6, 466, 23
6, 466, 49
6, 473, 18
6, 476, 31
6, 477, 39
6, 485, 46
6, 491, 41
6, 499, 22
6, 500, 34
6, 502, 24
6, 507, 44
6, 508, 59
6, 511, 17
6, 512, 49
6, 515, 14
6, 523, 17
6, 523, 55
6, 525, 36
6, 529, 4
6, 529, 24
6, 533, 31
6, 534, 3
6, 534, 45
6, 538, 20
6, 549, 22
6, 557, 14
6, 567, 8
6, 568, 30
6, 570, 50
6, 572, 4
6, 575, 35
6, 576, 12
6, 586, 18
6, 587, 40
6, 588, 55
6, 590, 2
6, 591, 27
6, 606, 25
6, 607, 58
6, 608, 10
6, 611, 44
6, 614, 6
6, 621, 47
6, 629, 57
6, 630, 10
6, 630, 46
6, 632, 49
6, 637, 2
6, 641, 21
6, 643, 26
6, 645, 19
6, 650, 33
6, 658, 43
6, 665, 18
6, 673, 24
6, 676, 3
6, 677, 21
6, 679, 32
6, 684, 17
6, 684, 27
6, 689, 20
6, 693, 34
6, 701, 3
6, 704, 31
6, 716, 41
6, 720, 10
6, 725, 40
6, 733, 50
6, 735, 48
6, 736, 1
6, 736, 45
6, 741, 30
6, 744, 2
6, 747, 6
6, 749, 22
6, 755, 14
6, 772, 13
6, 780, 44
6, 789, 3
6, 789, 57
7, 2, 30
7, 10, 43
7, 15, 4
7, 23, 11
7, 25, 36
7, 32, 50
7, 35, 22
7, 56, 59
7, 59, 2
7, 61, 25
7, 66, 4
7, 76, 1
7, 79, 8
7, 81, 54
7, 89, 5
7, 89, 57
7, 90, 42
7, 91, 49
7, 95, 11
7, 95, 14
7, 97, 16
7, 101, 39
7, 114, 23
7, 118, 37
7, 119, 10
7, 119, 44
7, 127, 42
7, 132, 26
7, 133, 7
7, 140, 17
7, 142, 58
7, 145, 35
7, 149, 9
7, 154, 32
7, 159, 22
7, 163, 31
7, 167, 53
7, 172, 36
7, 173, 11
7, 173, 14
7, 174, 20
7, 175, 56
7, 176, 13
7, 180, 30
7, 190, 51
7, 192, 41
7, 193, 27
7, 207, 15
7, 210, 50
7, 226, 39
7, 227, 58
7, 233, 30
7, 245, 17
7, 245, 43
7, 248, 40
7, 260, 47
7, 267, 57
7, 275, 48
7, 279, 51
7, 290, 32
7, 293, 10
7, 302, 51
7, 306, 42
7, 307, 14
7, 329, 23
7, 343, 53
7, 345, 35
7, 346, 39
7, 351, 25
7, 369, 56
7, 371, 31
7, 377, 37
7, 377, 54
7, 386, 27
7, 400, 20
7, 426, 41
7, 426, 56
7, 428, 21
7, 431, 44
7, 434, 49
7, 438, 26
7, 440, 56
7, 443, 16
7, 447, 47
7, 464, 17
7, 474, 43
7, 485, 36
7, 486, 59
7, 496, 52
7, 501, 53
7, 502, 13
7, 504, 58
7, 507, 15
7, 507, 30
7, 508, 9
7, 518, 31
7, 519, 4
7, 522, 39
7, 528, 22
7, 528, 50
7, 529, 2
7, 529, 11
7, 535, 8
7, 542, 35
7, 542, 49
7, 545, 25
7, 547, 57
7, 550, 1
7, 551, 39
7, 552, 16
7, 557, 37
7, 562, 7
7, 563, 15
7, 564, 55
7, 567, 49
7, 571, 59
7, 573, 36
7, 578, 32
7, 588, 3
7, 588, 44
7, 597, 5
7, 602, 7
7, 602, 14
7, 607, 20
7, 610, 42
7, 614, 56
7, 615, 23
7, 616, 51
7, 625, 37
7, 626, 15
7, 629, 7
7, 630, 54
7, 638, 4
7, 644, 3
7, 657, 10
7, 667, 36
7, 669, 27
7, 672, 54
7, 673, 52
7, 675, 2
7, 676, 9
7, 679, 39
7, 686, 49
7, 687, 8
7, 687, 43
7, 688, 26
7, 690, 37
7, 691, 24
7, 693, 30
7, 696, 10
7, 699, 50
7, 700, 41
7, 718, 5
7, 719, 35
7, 728, 31
7, 730, 17
7, 732, 42
7, 733, 8
7, 736, 44
7, 738, 9
7, 749, 21
7, 758, 2
7, 778, 16
7, 781, 3
7, 781, 58
7, 782, 1
7, 782, 13
7, 784, 37
7, 786, 20
7, 789, 15
7, 790, 57
7, 791, 24
7, 794, 7
7, 796, 5
8, 1, 26
8, 2, 14
8, 7, 54
8, 8, 44
8, 13, 28
8, 13, 51
8, 15, 35
8, 20, 2
8, 22, 49
8, 26, 27
8, 28, 39
8, 29, 45
8, 31, 38
8, 31, 55
8, 35, 11
8, 37, 24
8, 39, 15
8, 42, 40
8, 44, 46
8, 48, 25
8, 49, 17
8, 49, 19
8, 53, 53
8, 53, 57
8, 54, 14
8, 55, 37
8, 58, 18
8, 60, 35
8, 63, 22
8, 66, 41
8, 73, 11
8, 85, 17
8, 86, 60
8, 87, 6
8, 89, 44
8, 99, 19
8, 100, 20
8, 103, 34
8, 103, 40
8, 105, 34
8, 112, 15
8, 112, 26
8, 116, 8
8, 117, 7
8, 120, 5
8, 120, 13
8, 125, 27
8, 132, 15
8, 133, 42
8, 133, 47
8, 139, 23
8, 153, 17
8, 153, 56
8, 159, 52
8, 166, 25
8, 178, 46
8, 182, 1
8, 186, 54
8, 189, 18
8, 198, 30
8, 199, 60
8, 207, 41
8, 211, 55
8, 214, 28
8, 215, 21
8, 218, 6
8, 224, 5
8, 229, 37
8, 233, 53
8, 236, 49
8, 249, 38
8, 256, 22
8, 260, 14
8, 261, 8
8, 262, 25
8, 262, 35
8, 271, 47
8, 272, 2
8, 275, 11
8, 280, 19
8, 281, 43
8, 284, 57
8, 285, 44
8, 286, 47
8, 288, 27
8, 294, 24
8, 296, 47
8, 298, 9
8, 299, 49
8, 300, 15
8, 305, 44
8, 309, 24
8, 310, 55
8, 313, 17
8, 321, 51
8, 324, 45
8, 327, 45
8, 331, 20
8, 339, 48
8, 341, 30
8, 350, 13
8, 350, 35
8, 352, 36
8, 371, 40
8, 372, 55
8, 381, 30
8, 387, 41
8, 389, 54
8, 402, 18
8, 402, 53
8, 409, 50
8, 412, 42
8, 413, 23
8, 413, 28
8, 415, 17
8, 425, 26
8, 425, 34
8, 434, 37
8, 435, 56
8, 437, 40
8, 440, 27
8, 482, 53
8, 484, 35
8, 490, 25
8, 491, 57
8, 495, 21
8, 498, 48
8, 503, 1
8, 506, 28
8, 506, 42
8, 510, 6
8, 512, 7
8, 512, 60
8, 519, 41
8, 519, 52
8, 526, 38
8, 529, 45
8, 531, 17
8, 534, 15
8, 536, 30
8, 538, 22
8, 538, 36
8, 538, 43
8, 544, 46
8, 548, 49
8, 551, 44
8, 554, 40
8, 555, 55
8, 558, 20
8, 575, 14
8, 578, 19
8, 579, 50
8, 583, 44
8, 584, 50
8, 590, 2
8, 591, 13
8, 591, 50
8, 593, 37
8, 594, 34
8, 597, 17
8, 597, 44
8, 601, 27
8, 602, 40
8, 609, 48
8, 611, 24
8, 611, 26
8, 612, 33
8, 613, 14
8, 618, 15
8, 620, 26
8, 621, 8
8, 621, 47
8, 624, 1
8, 624, 23
8, 627, 56
8, 628, 20
8, 638, 56
8, 647, 5
8, 647, 7
8, 647, 41
8, 650, 9
8, 654, 30
8, 659, 40
8, 680, 11
8, 683, 2
8, 683, 37
8, 685, 18
8, 685, 43
8, 690, 5
8, 690, 9
8, 698, 54
8, 700, 28
8, 703, 49
8, 708, 48
8, 711, 7
8, 713, 34
8, 726, 57
8, 728, 44
8, 728, 46
8, 738, 36
8, 740, 55
8, 742, 14
8, 742, 23
8, 743, 53
8, 746, 27
8, 748, 27
8, 748, 47
8, 752, 33
8, 756, 56
8, 760, 41
8, 767, 48
8, 773, 50
8, 775, 51
8, 791, 57
8, 794, 26
8, 794, 40
8, 799, 23
8, 799, 36
9, 3, 16
9, 3, 30
9, 4, 41
9, 4, 49
9, 5, 53
9, 7, 18
9, 7, 55
9, 7, 56
9, 9, 7
9, 10, 32
9, 16, 20
9, 16, 27
9, 20, 6
9, 21, 52
9, 31, 48
9, 35, 42
9, 46, 54
9, 54, 23
9, 57, 9
9, 61, 4
9, 65, 1
9, 66, 24
9, 69, 29
9, 71, 20
9, 79, 40
9, 81, 28
9, 86, 6
9, 86, 49
9, 87, 10
9, 94, 4
9, 98, 13
9, 98, 52
9, 109, 4
9, 111, 46
9, 112, 11
9, 120, 34
9, 131, 56
9, 134, 9
9, 139, 41
9, 143, 27
9, 143, 32
9, 143, 53
9, 149, 38
9, 149, 42
9, 152, 18
9, 155, 35
9, 168, 21
9, 171, 50
9, 179, 30
9, 189, 32
9, 192, 39
9, 197, 54
9, 206, 30
9, 207, 31
9, 207, 43
9, 208, 23
9, 220, 13
9, 220, 36
9, 222, 55
9, 224, 4
9, 235, 16
9, 247, 1
9, 247, 2
9, 247, 9
9, 249, 46
9, 250, 48
9, 250, 55
9, 255, 1
9, 259, 24
9, 260, 16
9, 262, 27
9, 263, 7
9, 263, 45
9, 264, 21
9, 264, 43
9, 266, 36
9, 266, 52
9, 267, 6
9, 277, 37
9, 278, 25
9, 279, 9
9, 284, 10
9, 292, 29
9, 294, 20
9, 304, 63
9, 317, 49
9, 322, 41
9, 333, 26
9, 335, 56
9, 341, 59
9, 342, 48
9, 354, 40
9, 362, 35
9, 367, 24
9, 376, 41
9, 383, 53
9, 390, 18
9, 393, 40
9, 393, 46
9, 393, 55
9, 395, 27
9, 397, 24
9, 406, 39
9, 408, 52
9, 414, 43
9, 421, 42
9, 431, 31
9, 433, 32
9, 435, 59
9, 438, 36
9, 443, 44
9, 449, 56
9, 450, 59
9, 456, 31
9, 461, 30
9, 465, 54
9, 472, 29
9, 473, 63
9, 477, 46
9, 479, 42
9, 481, 7
9, 497, 16
9, 499, 34
9, 503, 25
9, 515, 9
9, 520, 21
9, 521, 36
9, 525, 13
9, 525, 16
9, 530, 54
9, 536, 18
9, 541, 32
9, 543, 45
9, 545, 35
9, 545, 61
9, 551, 38
9, 557, 43
9, 566, 37
9, 569, 20
9, 573, 23
9, 581, 1
9, 586, 11
9, 594, 28
9, 600, 46
9, 601, 40
9, 613, 52
9, 616, 55
9, 622, 53
9, 623, 44
9, 627, 7
9, 632, 41
9, 634, 59
9, 644, 61
9, 646, 4
9, 651, 49
9, 653, 30
9, 655, 16
9, 656, 31
9, 665, 6
9, 666, 11
9, 666, 39
9, 668, 32
9, 676, 56
9, 680, 2
9, 683, 11
9, 683, 48
9, 686, 12
9, 688, 26
9, 699, 35
9, 714, 32
9, 715, 54
9, 719, 7
9, 719, 13
9, 724, 40
9, 734, 10
9, 739, 44
9, 741, 27
9, 750, 6
9, 750, 37
9, 753, 21
9, 755, 56
9, 759, 43
9, 765, 46
9, 767, 24
9, 767, 25
9, 768, 12
9, 771, 23
9, 772, 41
9, 773, 53
9, 774, 43
9, 779, 55
9, 780, 49
9, 793, 38
10, 6, 10
10, 10, 35
10, 13, 18
10, 16, 3
10, 19, 57
10, 20, 41
10, 28, 4
10, 35, 48
10, 47, 44
10, 48, 1
10, 49, 20
10, 59, 45
10, 63, 40
10, 63, 51
10, 71, 19
10, 71, 44
10, 75, 47
10, 76, 8
10, 77, 11
10, 94, 50
10, 97, 7
10, 97, 56
10, 107, 30
10, 112, 36
10, 115, 53
10, 116, 18
10, 117, 4
10, 129, 31
10, 129, 36
10, 130, 46
10, 132, 39
10, 138, 54
10, 143, 49
10, 146, 17
10, 153, 7
10, 153, 52
10, 153, 58
10, 154, 26
10, 156, 8
10, 161, 38
10, 161, 47
10, 164, 51
10, 165, 30
10, 166, 2
10, 166, 6
10, 169, 32
10, 171, 18
10, 172, 11
10, 175, 32
10, 176, 3
10, 176, 18
10, 178, 17
10, 182, 25
10, 182, 43
10, 184, 20
10, 185, 32
10, 192, 48
10, 213, 10
10, 219, 3
10, 221, 62
10, 246, 57
10, 250, 33
10, 256, 24
10, 257, 50
10, 278, 15
10, 279, 56
10, 280, 36
10, 281, 44
10, 288, 12
10, 289, 20
10, 289, 50
10, 293, 26
10, 294, 31
10, 294, 41
10, 300, 32
10, 318, 23
10, 323, 38
10, 335, 19
10, 340, 41
10, 340, 47
10, 352, 52
10, 355, 55
10, 357, 46
10, 361, 35
10, 363, 41
10, 365, 30
10, 370, 58
10, 375, 52
10, 377, 54
10, 381, 45
10, 395, 36
10, 396, 40
10, 399, 54
10, 405, 51
10, 407, 43
10, 408, 39
10, 412, 50
10, 413, 53
10, 422, 46
10, 428, 49
10, 431, 54
10, 441, 25
10, 442, 54
10, 444, 35
10, 456, 46
10, 458, 62
10, 460, 48
10, 471, 24
10, 473, 31
10, 475, 32
10, 481, 33
10, 484, 18
10, 499, 56
10, 518, 20
10, 522, 51
10, 525, 6
10, 534, 23
10, 535, 44
10, 543, 11
10, 544, 36
10, 549, 17
10, 556, 32
10, 559, 8
10, 562, 52
10, 569, 24
10, 572, 3
10, 573, 7
10, 573, 19
10, 573, 45
10, 575, 2
10, 578, 17
10, 584, 2
10, 584, 38
10, 587, 41
10, 590, 4
10, 590, 12
10, 594, 26
10, 595, 55
10, 608, 31
10, 610, 30
10, 616, 7
10, 618, 12
10, 621, 7
10, 631, 50
10, 633, 14
10, 638, 56
10, 643, 38
10, 647, 49
10, 653, 46
10, 655, 25
10, 658, 18
10, 660, 15
10, 666, 35
10, 676, 53
10, 677, 31
10, 681, 57
10, 686, 18
10, 689, 3
10, 698, 39
10, 712, 33
10, 716, 7
10, 718, 19
10, 719, 26
10, 719, 51
10, 722, 6
10, 728, 2
10, 729, 45
10, 736, 12
10, 736, 43
10, 743, 17
10, 745, 54
10, 746, 45
10, 748, 20
10, 757, 40
10, 762, 39
10, 767, 2
10, 767, 7
10, 767, 32
10, 767, 55
10, 771, 20
10, 777, 30
10, 779, 25
10, 785, 4
10, 787, 24
10, 791, 50
10, 791, 58
10, 794, 4
11, 12, 7
11, 16, 14
11, 17, 61
11, 26, 20
11, 27, 13
11, 33, 9
11, 34, 4
11, 34, 7
11, 35, 21
11, 41, 23
11, 48, 41
11, 52, 37
11, 52, 59
11, 67, 19
11, 68, 29
11, 69, 34
11, 90, 1
11, 99, 33
11, 100, 61
11, 101, 35
11, 108, 9
11, 114, 48
11, 115, 50
11, 120, 49
11, 127, 24
11, 133, 27
11, 136, 20
11, 139, 16
11, 141, 8
11, 148, 38
11, 150, 56
11, 159, 14
11, 162, 29
11, 164, 42
11, 169, 7
11, 170, 57
11, 174, 34
11, 177, 51
11, 182, 40
11, 193, 25
11, 195, 36
11, 198, 30
11, 200, 22
11, 205, 3
11, 206, 28
11, 206, 52
11, 210, 23
11, 221, 56
11, 223, 51
11, 229, 1
11, 229, 9
11, 235, 44
11, 244, 33
11, 247, 21
11, 251, 17
11, 253, 23
11, 255, 59
11, 259, 18
11, 261, 13
11, 262, 27
11, 267, 29
11, 269, 16
11, 270, 40
11, 271, 55
11, 272, 14
11, 284, 9
11, 287, 39
11, 296, 37
11, 297, 4
11, 297, 21
11, 302, 32
11, 305, 8
11, 310, 36
11, 315, 48
11, 318, 61
11, 325, 45
11, 353, 29
11, 357, 38
11, 357, 51
11, 359, 24
11, 366, 56
11, 390, 34
11, 400, 49
11, 409, 33
11, 412, 28
11, 416, 56
11, 431, 32
11, 434, 28
11, 438, 37
11, 442, 38
11, 444, 50
11, 459, 36
11, 462, 57
11, 468, 56
11, 471, 19
11, 471, 23
11, 479, 44
11, 486, 27
11, 495, 41
11, 495, 51
11, 502, 41
11, 502, 45
11, 504, 18
11, 508, 16
11, 508, 61
11, 512, 42
11, 512, 52
11, 514, 48
11, 519, 13
11, 523, 34
11, 525, 20
11, 525, 39
11, 537, 21
11, 546, 55
11, 551, 17
11, 551, 30
11, 555, 25
11, 555, 39
11, 560, 44
11, 566, 9
11, 573, 9
11, 581, 33
11, 581, 51
11, 582, 3
11, 599, 1
11, 600, 36
11, 601, 34
11, 603, 16
11, 610, 42
11, 619, 40
11, 627, 49
11, 629, 7
11, 630, 14
11, 632, 50
11, 633, 19
11, 634, 35
11, 635, 29
11, 635, 32
11, 635, 52
11, 637, 4
11, 642, 59
11, 643, 56
11, 647, 37
11, 670, 28
11, 674, 27
11, 676, 23
11, 677, 45
11, 678, 61
11, 679, 13
11, 686, 41
11, 689, 9
11, 692, 8
11, 697, 18
11, 703, 14
11, 703, 48
11, 703, 56
11, 704, 16
11, 705, 19
11, 706, 24
11, 712, 24
11, 714, 30
11, 715, 44
11, 721, 25
11, 733, 38
11, 743, 22
11, 744, 13
11, 750, 42
11, 765, 51
11, 771, 32
11, 775, 49
11, 777, 36
11, 780, 55
11, 781, 33
11, 795, 7
12, 6, 15
12, 7, 32
12, 13, 38
12, 15, 43
12, 20, 24
12, 20, 34
12, 26, 40
12, 34, 52
12, 36, 29
12, 43, 61
12, 51, 44
12, 56, 46
12, 61, 6
12, 64, 3
12, 70, 41
12, 75, 58
12, 79, 58
12, 89, 25
12, 91, 60
12, 97, 17
12, 114, 59
12, 118, 15
12, 121, 7
12, 133, 1
12, 135, 10
12, 138, 9
12, 139, 23
12, 140, 17
12, 141, 37
12, 145, 8
12, 145, 47
12, 152, 48
12, 160, 54
12, 161, 18
12, 170, 51
12, 171, 39
12, 177, 58
12, 184, 49
12, 186, 11
12, 186, 43
12, 191, 40
12, 194, 1
12, 198, 16
12, 205, 21
12, 209, 12
12, 210, 2
12, 213, 60
12, 219, 47
12, 225, 38
12, 226, 6
12, 230, 4
12, 234, 32
12, 240, 5
12, 245, 54
12, 246, 22
12, 249, 60
12, 252, 7
12, 263, 23
12, 265, 6
12, 265, 30
12, 269, 6
12, 272, 1
12, 272, 25
12, 272, 51
12, 273, 34
12, 280, 32
12, 283, 9
12, 283, 14
12, 286, 37
12, 288, 3
12, 290, 2
12, 290, 18
12, 295, 17
12, 297, 28
12, 299, 24
12, 299, 58
12, 304, 55
12, 308, 52
12, 308, 61
12, 325, 34
12, 328, 61
12, 338, 39
12, 340, 38
12, 340, 46
12, 342, 57
12, 356, 30
12, 367, 34
12, 368, 48
12, 369, 26
12, 385, 59
12, 394, 52
12, 399, 49
12, 401, 40
12, 409, 41
12, 410, 34
12, 414, 49
12, 420, 32
12, 422, 38
12, 426, 46
12, 447, 43
12, 456, 32
12, 459, 44
12, 465, 37
12, 471, 59
12, 486, 25
12, 486, 58
12, 487, 12
12, 487, 60
12, 489, 48
12, 495, 55
12, 497, 39
12, 506, 8
12, 506, 51
12, 514, 50
12, 517, 16
12, 520, 15
12, 520, 21
12, 526, 47
12, 536, 18
12, 547, 12
12, 551, 54
12, 552, 10
12, 564, 17
12, 570, 23
12, 572, 54
12, 575, 43
12, 578, 31
12, 579, 28
12, 581, 61
12, 582, 46
12, 584, 24
12, 588, 32
12, 592, 22
12, 593, 40
12, 594, 4
12, 596, 22
12, 605, 6
12, 607, 2
12, 613, 14
12, 618, 26
12, 621, 52
12, 623, 9
12, 625, 57
12, 638, 25
12, 644, 21
12, 645, 1
12, 645, 51
12, 646, 49
12, 647, 59
12, 649, 38
12, 651, 23
12, 655, 55
12, 658, 41
12, 659, 44
12, 666, 60
12, 669, 37
12, 677, 12
12, 678, 16
12, 679, 3
12, 701, 21
12, 702, 8
12, 707, 61
12, 708, 48
12, 713, 38
12, 716, 47
12, 719, 4
12, 719, 22
12, 732, 7
12, 732, 54
12, 734, 34
12, 740, 7
12, 745, 30
12, 752, 20
12, 752, 29
12, 760, 3
12, 762, 14
12, 762, 34
12, 771, 28
12, 777, 50
12, 782, 24
12, 786, 51
12, 787, 4
12, 787, 55
12, 798, 5
13, 3, 7
13, 11, 14
13, 19, 58
13, 20, 5
13, 21, 50
13, 24, 49
13, 27, 37
13, 33, 51
13, 34, 19
13, 41, 23
13, 53, 2
13, 56, 38
13, 57, 12
13, 57, 54
13, 63, 29
13, 64, 43
13, 65, 60
13, 66, 5
13, 69, 15
13, 71, 24
13, 76, 56
13, 77, 11
13, 83, 24
13, 96, 45
13, 101, 22
13, 102, 3
13, 107, 11
13, 115, 44
13, 115, 49
13, 119, 2
13, 119, 31
13, 120, 21
13, 126, 5
13, 127, 35
13, 132, 9
13, 134, 58
13, 137, 15
13, 137, 33
13, 139, 29
13, 142, 34
13, 143, 30
13, 148, 13
13, 158, 60
13, 160, 17
13, 162, 24
13, 167, 40
13, 171, 10
13, 173, 45
13, 184, 43
13, 185, 20
13, 186, 50
13, 189, 53
13, 196, 44
13, 198, 27
13, 198, 39
13, 201, 12
13, 206, 9
13, 210, 25
13, 210, 56
13, 216, 30
13, 220, 13
13, 224, 19
13, 230, 32
13, 242, 54
13, 243, 25
13, 243, 58
13, 245, 7
13, 246, 47
13, 249, 23
13, 256, 35
13, 265, 39
13, 267, 42
13, 268, 2
13, 271, 19
13, 273, 9
13, 283, 37
13, 300, 34
13, 303, 43
13, 308, 14
13, 319, 37
13, 327, 51
13, 334, 31
13, 349, 58
13, 357, 54
13, 360, 22
13, 375, 27
13, 375, 29
13, 377, 53
13, 378, 34
13, 389, 32
13, 396, 60
13, 398, 35
13, 399, 39
13, 404, 23
13, 409, 29
13, 413, 45
13, 417, 19
13, 422, 50
13, 427, 40
13, 434, 30
13, 434, 44
13, 441, 33
13, 449, 43
13, 451, 27
13, 454, 21
13, 454, 24
13, 465, 32
13, 468, 27
13, 472, 38
13, 482, 44
13, 485, 34
13, 489, 49
13, 492, 43
13, 494, 9
13, 495, 54
13, 497, 25
13, 501, 10
13, 508, 43
13, 515, 20
13, 520, 51
13, 522, 24
13, 522, 50
13, 525, 17
13, 528, 5
13, 538, 42
13, 540, 15
13, 561, 27
13, 561, 56
13, 566, 12
13, 569, 33
13, 570, 60
13, 571, 25
13, 573, 12
13, 586, 3
13, 589, 7
13, 589, 22
13, 591, 45
13, 594, 58
13, 599, 44
13, 609, 19
13, 609, 42
13, 614, 34
13, 615, 40
13, 620, 38
13, 621, 43
13, 621, 58
13, 638, 34
13, 641, 5
13, 642, 23
13, 644, 50
13, 648, 19
13, 649, 21
13, 652, 53
13, 654, 33
13, 659, 14
13, 661, 13
13, 664, 29
13, 664, 47
13, 691, 49
13, 701, 2
13, 703, 14
13, 707, 44
13, 710, 37
13, 713, 45
13, 721, 12
13, 721, 15
13, 722, 27
13, 728, 20
13, 736, 47
13, 742, 45
13, 750, 42
13, 752, 42
13, 760, 17
13, 762, 31
13, 763, 24
13, 773, 25
13, 774, 50
13, 776, 9
13, 781, 10
13, 782, 21
13, 784, 17
13, 784, 34
13, 788, 17
13, 788, 44
13, 792, 38
13, 797, 32
13, 798, 3
13, 799, 30
14, 3, 45
14, 5, 24
14, 6, 1
14, 10, 22
14, 18, 51
14, 19, 29
14, 21, 38
14, 26, 20
14, 26, 43
14, 44, 38
14, 54, 25
14, 61, 49
14, 67, 58
14, 70, 1
14, 73, 15
14, 82, 41
14, 84, 44
14, 85, 24
14, 85, 42
14, 88, 3
14, 96, 28
14, 96, 53
14, 97, 6
14, 107, 21
14, 109, 12
14, 114, 11
14, 119, 8
14, 121, 55
14, 122, 39
14, 135, 35
14, 135, 50
14, 137, 30
14, 155, 47
14, 158, 17
14, 160, 53
14, 166, 10
14, 166, 48
14, 169, 50
14, 175, 6
14, 176, 2
14, 185, 13
14, 186, 51
14, 194, 4
14, 194, 36
14, 199, 16
14, 200, 18
14, 206, 45
14, 211, 53
14, 215, 1
14, 217, 7
14, 232, 43
14, 240, 18
14, 241, 14
14, 242, 10
14, 247, 19
14, 248, 58
14, 249, 57
14, 256, 29
14, 256, 48
14, 260, 46
14, 262, 5
14, 263, 15
14, 264, 41
14, 265, 36
14, 272, 12
14, 272, 59
14, 273, 42
14, 284, 36
14, 285, 23
14, 288, 55
14, 294, 22
14, 300, 37
14, 315, 34
14, 318, 39
14, 327, 26
14, 330, 27
14, 330, 49
14, 342, 24
14, 344, 44
14, 347, 35
14, 352, 32
14, 376, 20
14, 376, 59
14, 378, 55
14, 379, 42
14, 380, 30
14, 388, 43
14, 395, 50
14, 418, 38
14, 426, 51
14, 432, 31
14, 442, 17
14, 450, 25
14, 450, 56
14, 453, 41
14, 463, 45
14, 467, 43
14, 477, 48
14, 494, 23
14, 494, 47
14, 500, 48
14, 504, 49
14, 506, 28
14, 508, 29
14, 510, 42
14, 513, 3
14, 518, 37
14, 519, 2
14, 520, 44
14, 522, 59
14, 532, 16
14, 532, 55
14, 533, 34
14, 537, 8
14, 537, 22
14, 538, 11
14, 539, 21
14, 543, 39
14, 547, 57
14, 551, 30
14, 561, 51
14, 564, 27
14, 567, 13
14, 568, 6
14, 570, 34
14, 570, 44
14, 582, 2
14, 587, 12
14, 596, 38
14, 596, 56
14, 597, 10
14, 601, 19
14, 601, 46
14, 601, 50
14, 602, 14
14, 603, 10
14, 607, 15
14, 619, 32
14, 619, 34
14, 628, 18
14, 633, 4
14, 639, 26
14, 640, 20
14, 642, 53
14, 649, 24
14, 653, 15
14, 654, 32
14, 655, 3
14, 655, 36
14, 660, 22
14, 660, 47
14, 663, 5
14, 669, 41
14, 674, 18
14, 687, 31
14, 687, 49
14, 691, 56
14, 693, 48
14, 694, 34
14, 697, 17
14, 698, 50
14, 703, 45
14, 705, 11
14, 718, 28
14, 724, 8
14, 726, 7
14, 726, 30
14, 745, 2
14, 746, 49
14, 751, 46
14, 754, 2
14, 759, 50
14, 760, 29
14, 765, 27
14, 767, 57
14, 772, 10
14, 778, 39
14, 779, 25
14, 780, 1
14, 780, 13
14, 782, 22
14, 789, 56
14, 791, 15
14, 796, 16
14, 798, 12
15, 2, 15
15, 6, 38
15, 13, 15
15, 28, 1
15, 30, 31
15, 34, 12
15, 38, 17
15, 41, 49
15, 42, 4
15, 48, 3
15, 48, 31
15, 52, 22
15, 54, 36
15, 60, 23
15, 61, 45
15, 70, 13
15, 70, 39
15, 88, 58
15, 91, 17
15, 93, 51
15, 110, 54
15, 112, 40
15, 117, 16
15, 123, 9
15, 125, 35
15, 126, 11
15, 127, 59
15, 129, 42
15, 134, 1
15, 140, 23
15, 144, 26
15, 149, 15
15, 149, 53
15, 157, 27
15, 162, 53
15, 166, 2
15, 170, 46
15, 172, 29
15, 176, 3
15, 176, 30
15, 177, 36
15, 181, 58
15, 183, 21
15, 193, 7
15, 194, 4
15, 195, 47
15, 207, 3
15, 211, 14
15, 211, 31
15, 213, 11
15, 217, 49
15, 219, 10
15, 219, 22
15, 224, 33
15, 225, 40
15, 226, 43
15, 229, 29
15, 234, 13
15, 236, 24
15, 239, 39
15, 240, 5
15, 241, 56
15, 243, 1
15, 243, 29
15, 248, 4
15, 248, 30
15, 257, 51
15, 263, 24
15, 272, 9
15, 278, 8
15, 285, 50
15, 291, 25
15, 299, 9
15, 299, 23
15, 308, 15
15, 310, 39
15, 316, 17
15, 324, 44
15, 324, 54
15, 326, 45
15, 330, 43
15, 336, 53
15, 341, 48
15, 342, 38
15, 353, 40
15, 353, 49
15, 357, 19
15, 362, 31
15, 364, 27
15, 365, 14
15, 369, 56
15, 383, 29
15, 385, 47
15, 386, 35
15, 394, 58
15, 406, 23
15, 420, 22
15, 421, 42
15, 422, 46
15, 425, 31
15, 429, 59
15, 431, 49
15, 435, 36
15, 436, 57
15, 451, 32
15, 455, 26
15, 458, 51
15, 474, 16
15, 475, 30
15, 481, 33
15, 489, 24
15, 492, 59
15, 499, 40
15, 502, 30
15, 504, 29
15, 507, 10
15, 516, 44
15, 517, 48
15, 523, 12
15, 523, 35
15, 532, 15
15, 533, 14
15, 538, 2
15, 540, 43
15, 541, 25
15, 544, 7
15, 544, 47
15, 548, 26
15, 551, 39
15, 556, 50
15, 563, 40
15, 563, 43
15, 564, 27
15, 568, 56
15, 572, 1
15, 575, 5
15, 575, 45
15, 577, 49
15, 586, 17
15, 587, 58
15, 589, 4
15, 589, 54
15, 590, 23
15, 592, 49
15, 593, 29
15, 607, 8
15, 616, 3
15, 619, 31
15, 626, 9
15, 635, 38
15, 637, 12
15, 650, 46
15, 652, 48
15, 653, 42
15, 659, 32
15, 663, 13
15, 664, 22
15, 674, 44
15, 678, 10
15, 680, 2
15, 689, 11
15, 690, 4
15, 695, 16
15, 696, 30
15, 702, 3
15, 712, 15
15, 712, 47
15, 718, 15
15, 719, 59
15, 725, 53
15, 726, 29
15, 726, 43
15, 733, 9
15, 742, 12
15, 743, 8
15, 744, 31
15, 744, 51
15, 747, 40
15, 750, 21
15, 763, 58
15, 764, 3
15, 769, 5
15, 770, 44
15, 771, 27
15, 780, 50
15, 793, 24
15, 796, 16
16, 1, 4
16, 1, 49
16, 2, 2
16, 10, 43
16, 20, 35
16, 22, 17
16, 24, 28
16, 26, 16
16, 30, 34
16, 30, 52
16, 31, 11
16, 36, 41
16, 48, 6
16, 56, 38
16, 58, 12
16, 67, 33
16, 68, 13
16, 69, 45
16, 70, 5
16, 75, 3
16, 78, 19
16, 84, 21
16, 85, 9
16, 91, 24
16, 93, 20
16, 94, 32
16, 110, 55
16, 117, 42
16, 118, 30
16, 125, 4
16, 133, 40
16, 135, 3
16, 135, 31
16, 138, 47
16, 142, 44
16, 147, 1
16, 149, 26
16, 160, 36
16, 163, 34
16, 166, 13
16, 166, 15
16, 166, 42
16, 177, 5
16, 188, 42
16, 191, 59
16, 204, 9
16, 207, 1
16, 207, 24
16, 208, 28
16, 209, 34
16, 220, 6
16, 220, 51
16, 224, 42
16, 230, 38
16, 233, 23
16, 239, 39
16, 239, 58
16, 240, 9
16, 240, 58
16, 241, 25
16, 247, 5
16, 248, 33
16, 251, 17
16, 255, 7
16, 257, 8
16, 262, 49
16, 265, 20
16, 268, 17
16, 271, 4
16, 275, 45
16, 278, 21
16, 282, 41
16, 283, 55
16, 285, 35
16, 292, 47
16, 298, 12
16, 302, 6
16, 305, 52
16, 309, 29
16, 312, 38
16, 319, 19
16, 319, 48
16, 320, 41
16, 324, 30
16, 327, 34
16, 327, 52
16, 332, 32
16, 339, 16
16, 341, 52
16, 346, 44
16, 366, 26
16, 370, 28
16, 371, 36
16, 373, 44
16, 374, 41
16, 375, 40
16, 381, 33
16, 413, 49
16, 442, 31
16, 444, 58
16, 455, 19
16, 456, 31
16, 456, 59
16, 461, 55
16, 472, 15
16, 474, 24
16, 479, 24
16, 481, 39
16, 483, 25
16, 484, 55
16, 492, 43
16, 496, 21
16, 500, 13
16, 501, 25
16, 507, 3
16, 511, 23
16, 512, 51
16, 519, 29
16, 522, 9
16, 525, 45
16, 529, 1
16, 529, 55
16, 546, 52
16, 548, 38
16, 549, 47
16, 551, 5
16, 551, 17
16, 561, 20
16, 563, 7
16, 564, 23
16, 574, 32
16, 577, 19
16, 580, 16
16, 580, 30
16, 584, 42
16, 586, 12
16, 602, 40
16, 605, 33
16, 605, 44
16, 607, 4
16, 607, 55
16, 621, 29
16, 623, 14
16, 629, 43
16, 630, 15
16, 631, 35
16, 634, 28
16, 637, 34
16, 638, 58
16, 644, 16
16, 646, 26
16, 647, 3
16, 648, 11
16, 658, 21
16, 667, 59
16, 668, 1
16, 676, 44
16, 689, 39
16, 689, 59
16, 690, 24
16, 692, 58
16, 693, 31
16, 697, 8
16, 697, 25
16, 700, 33
16, 701, 2
16, 701, 20
16, 703, 55
16, 706, 6
16, 718, 17
16, 721, 45
16, 727, 19
16, 727, 41
16, 732, 35
16, 732, 51
16, 742, 23
16, 743, 3
16, 749, 9
16, 755, 21
16, 758, 28
16, 759, 14
16, 764, 2
16, 769, 4
16, 774, 6
16, 775, 15
16, 777, 30
16, 780, 31
16, 782, 48
16, 783, 1
16, 798, 49
17, 4, 55
17, 10, 51
17, 15, 46
17, 26, 30
17, 27, 39
17, 40, 51
17, 42, 18
17, 51, 36
17, 55, 20
17, 64, 13
17, 67, 47
17, 68, 60
17, 72, 26
17, 76, 51
17, 79, 13
17, 92, 17
17, 98, 43
17, 99, 25
17, 99, 55
17, 107, 58
17, 111, 7
17, 112, 27
17, 121, 52
17, 123, 21
17, 124, 45
17, 126, 10
17, 128, 6
17, 128, 56
17, 138, 8
17, 160, 42
17, 162, 18
17, 171, 5
17, 171, 18
17, 173, 24
17, 173, 38
17, 183, 20
17, 187, 51
17, 191, 23
17, 195, 14
17, 196, 46
17, 197, 15
17, 201, 26
17, 205, 26
17, 210, 28
17, 215, 30
17, 226, 11
17, 226, 36
17, 229, 3
17, 234, 25
17, 239, 50
17, 243, 55
17, 254, 40
17, 255, 17
17, 261, 9
17, 264, 48
17, 275, 58
17, 279, 7
17, 283, 35
17, 283, 52
17, 299, 24
17, 299, 28
17, 300, 14
17, 302, 56
17, 306, 33
17, 311, 44
17, 317, 32
17, 321, 47
17, 322, 55
17, 333, 43
17, 333, 50
17, 335, 58
17, 353, 58
17, 364, 47
17, 365, 57
17, 370, 27
17, 373, 45
17, 375, 51
17, 383, 18
17, 384, 20
17, 384, 56
17, 395, 53
17, 399, 25
17, 400, 36
17, 408, 39
17, 413, 30
17, 413, 48
17, 415, 37
17, 432, 21
17, 437, 60
17, 439, 46
17, 446, 23
17, 447, 47
17, 462, 44
17, 466, 39
17, 467, 42
17, 480, 32
17, 481, 55
17, 484, 28
17, 492, 57
17, 497, 15
17, 501, 41
17, 514, 7
17, 521, 26
17, 522, 33
17, 524, 39
17, 534, 56
17, 539, 5
17, 547, 6
17, 547, 58
17, 549, 21
17, 551, 28
17, 552, 43
17, 556, 24
17, 556, 43
17, 557, 24
17, 569, 35
17, 570, 26
17, 575, 27
17, 578, 51
17, 581, 24
17, 582, 5
17, 587, 18
17, 589, 50
17, 590, 5
17, 590, 10
17, 593, 36
17, 605, 46
17, 607, 45
17, 611, 38
17, 620, 14
17, 621, 15
17, 625, 17
17, 628, 60
17, 631, 30
17, 631, 39
17, 635, 8
17, 637, 33
17, 644, 28
17, 646, 37
17, 647, 48
17, 652, 55
17, 660, 57
17, 671, 21
17, 673, 44
17, 690, 41
17, 691, 56
17, 692, 3
17, 692, 52
17, 699, 40
17, 700, 46
17, 718, 35
17, 727, 25
17, 734, 51
17, 738, 10
17, 738, 58
17, 739, 33
17, 745, 9
17, 747, 13
17, 749, 17
17, 754, 60
17, 755, 42
17, 755, 53
17, 756, 15
17, 765, 5
17, 768, 32
17, 775, 41
17, 777, 47
17, 777, 55
17, 787, 7
17, 789, 43
17, 791, 7
17, 791, 36
17, 795, 26
17, 795, 32
17, 797, 25
18, 6, 36
18, 10, 14
18, 12, 55
18, 19, 29
18, 20, 33
18, 24, 25
18, 30, 40
18, 34, 5
18, 42, 11
18, 47, 23
18, 48, 14
18, 53, 24
18, 58, 20
18, 59, 12
18, 62, 31
18, 79, 37
18, 80, 34
18, 80, 41
18, 84, 21
18, 85, 54
18, 88, 32
18, 91, 26
18, 91, 41
18, 95, 3
18, 99, 50
18, 103, 39
18, 104, 47
18, 111, 27
18, 122, 18
18, 123, 26
18, 126, 32
18, 130, 17
18, 132, 44
18, 140, 18
18, 141, 51
18, 146, 61
18, 152, 54
18, 159, 33
18, 160, 27
18, 161, 14
18, 167, 32
18, 169, 41
18, 172, 24
18, 172, 25
18, 173, 13
18, 173, 36
18, 177, 8
18, 184, 9
18, 186, 10
18, 192, 55
18, 194, 60
18, 197, 39
18, 197, 40
18, 203, 8
18, 211, 23
18, 213, 6
18, 214, 33
18, 223, 19
18, 228, 44
18, 229, 25
18, 229, 29
18, 245, 11
18, 248, 40
18, 251, 14
18, 251, 49
18, 257, 44
18, 260, 37
18, 260, 53
18, 261, 30
18, 265, 36
18, 267, 21
18, 270, 39
18, 271, 10
18, 276, 15
18, 288, 10
18, 288, 50
18, 299, 48
18, 300, 31
18, 301, 54
18, 309, 24
18, 316, 18
18, 331, 34
18, 337, 25
18, 338, 37
18, 342, 55
18, 348, 20
18, 351, 26
18, 356, 32
18, 361, 47
18, 364, 61
18, 384, 40
18, 396, 17
18, 401, 44
18, 402, 32
18, 402, 55
18, 403, 21
18, 415, 33
18, 415, 42
18, 417, 41
18, 422, 23
18, 447, 34
18, 450, 44
18, 454, 29
18, 457, 49
18, 458, 39
18, 462, 39
18, 464, 51
18, 476, 36
18, 482, 40
18, 489, 29
18, 492, 24
18, 497, 27
18, 499, 36
18, 505, 13
18, 505, 36
18, 510, 14
18, 511, 53
18, 516, 26
18, 520, 12
18, 520, 35
18, 528, 40
18, 534, 3
18, 535, 11
18, 536, 5
18, 536, 18
18, 539, 47
18, 547, 15
18, 549, 58
18, 551, 14
18, 554, 31
18, 554, 48
18, 558, 55
18, 560, 30
18, 561, 25
18, 562, 39
18, 566, 8
18, 566, 37
18, 570, 49
18, 574, 15
18, 577, 14
18, 581, 6
18, 581, 41
18, 588, 58
18, 607, 13
18, 619, 33
18, 621, 26
18, 623, 50
18, 624, 60
18, 625, 5
18, 626, 32
18, 627, 14
18, 633, 10
18, 639, 23
18, 645, 27
18, 647, 25
18, 647, 39
18, 649, 35
18, 650, 21
18, 651, 30
18, 652, 3
18, 657, 49
18, 659, 61
18, 661, 12
18, 663, 51
18, 665, 19
18, 665, 54
18, 667, 6
18, 667, 51
18, 668, 11
18, 668, 29
18, 670, 9
18, 672, 17
18, 676, 14
18, 684, 42
18, 691, 20
18, 693, 39
18, 697, 32
18, 698, 36
18, 700, 23
18, 708, 20
18, 709, 31
18, 714, 54
18, 716, 40
18, 726, 53
18, 732, 16
18, 733, 40
18, 737, 15
18, 742, 27
18, 746, 47
18, 755, 13
18, 756, 3
18, 758, 48
18, 762, 44
18, 766, 25
18, 771, 24
18, 776, 18
18, 783, 17
18, 786, 8
18, 787, 50
18, 790, 44
18, 799, 60
19, 12, 20
19, 13, 8
19, 13, 33
19, 14, 28
19, 15, 43
19, 16, 11
19, 17, 16
19, 17, 36
19, 18, 4
19, 19, 32
19, 20, 56
19, 21, 38
19, 31, 59
19, 39, 54
19, 41, 6
19, 42, 19
19, 49, 55
19, 50, 31
19, 52, 3
19, 52, 35
19, 57, 29
19, 61, 8
19, 69, 49
19, 75, 53
19, 82, 27
19, 87, 7
19, 87, 42
19, 92, 12
19, 95, 34
19, 113, 38
19, 121, 23
19, 123, 14
19, 124, 13
19, 126, 37
19, 134, 33
19, 149, 28
19, 158, 15
19, 166, 17
19, 173, 60
19, 181, 37
19, 183, 43
19, 188, 30
19, 190, 27
19, 191, 16
19, 192, 8
19, 201, 50
19, 206, 24
19, 206, 48
19, 207, 11
19, 210, 54
19, 211, 51
19, 223, 19
19, 228, 48
19, 228, 53
19, 229, 3
19, 230, 20
19, 236, 56
19, 238, 49
19, 242, 29
19, 243, 14
19, 255, 36
19, 257, 40
19, 259, 55
19, 264, 46
19, 267, 49
19, 268, 6
19, 270, 9
19, 270, 43
19, 275, 18
19, 283, 31
19, 287, 56
19, 292, 13
19, 292, 17
19, 304, 23
19, 306, 12
19, 306, 39
19, 309, 32
19, 320, 34
19, 324, 42
19, 342, 31
19, 348, 63
19, 355, 59
19, 357, 38
19, 368, 54
19, 371, 43
19, 390, 50
19, 397, 51
19, 399, 17
19, 400, 15
19, 405, 42
19, 424, 29
19, 428, 39
19, 432, 28
19, 432, 30
19, 434, 40
19, 437, 37
19, 438, 24
19, 449, 56
19, 456, 46
19, 467, 29
19, 480, 28
19, 484, 43
19, 489, 19
19, 494, 28
19, 494, 36
19, 496, 28
19, 499, 33
19, 499, 36
19, 501, 41
19, 506, 55
19, 511, 11
19, 512, 54
19, 513, 51
19, 515, 35
19, 516, 32
19, 517, 60
19, 518, 3
19, 526, 34
19, 531, 7
19, 532, 7
19, 532, 37
19, 543, 46
19, 547, 59
19, 548, 4
19, 548, 48
19, 550, 20
19, 552, 23
19, 562, 1
19, 562, 31
19, 569, 36
19, 574, 4
19, 574, 21
19, 576, 27
19, 578, 12
19, 582, 8
19, 585, 16
19, 587, 20
19, 587, 32
19, 588, 11
19, 598, 18
19, 605, 30
19, 605, 49
19, 613, 50
19, 615, 6
19, 627, 56
19, 629, 9
19, 629, 33
19, 647, 14
19, 649, 35
19, 651, 4
19, 652, 13
19, 655, 40
19, 660, 12
19, 664, 55
19, 665, 42
19, 671, 20
19, 677, 17
19, 679, 42
19, 679, 43
19, 680, 28
19, 683, 48
19, 685, 24
19, 688, 27
19, 709, 11
19, 712, 7
19, 713, 23
19, 713, 46
19, 724, 37
19, 729, 16
19, 730, 19
19, 732, 59
19, 733, 54
19, 734, 23
19, 749, 34
19, 754, 27
19, 756, 46
19, 756, 56
19, 766, 63
19, 767, 31
19, 780, 8
19, 788, 35
19, 792, 6
19, 792, 30
19, 795, 15
19, 796, 60
19, 798, 48
19, 799, 41
