1, 14, 17
1, 16, 7
1, 16, 41
1, 19, 5
1, 19, 47
1, 24, 19
1, 25, 34
1, 40, 44
1, 55, 52
1, 65, 2
1, 77, 19
1, 82, 7
1, 84, 23
1, 85, 34
1, 85, 46
1, 87, 33
1, 111, 1
1, 111, 22
1, 114, 55
1, 118, 24
1, 123, 59
1, 124, 34
1, 128, 9
1, 129, 28
1, 129, 43
1, 141, 18
1, 144, 10
1, 151, 52
1, 165, 32
1, 169, 36
1, 173, 30
1, 178, 37
1, 181, 29
1, 182, 39
1, 187, 6
1, 188, 29
1, 206, 43
1, 210, 30
1, 214, 41
1, 215, 60
1, 225, 23
1, 225, 42
1, 229, 53
1, 245, 17
1, 255, 10
1, 272, 10
1, 272, 32
1, 276, 37
1, 278, 47
1, 282, 5
1, 284, 41
1, 292, 44
1, 295, 7
1, 315, 22
1, 327, 24
1, 338, 28
1, 348, 46
1, 360, 53
1, 365, 55
1, 381, 29
1, 389, 59
1, 399, 33
1, 413, 19
1, 418, 42
1, 428, 37
1, 432, 32
1, 436, 23
1, 440, 24
1, 448, 43
1, 452, 30
1, 456, 42
1, 461, 30
1, 463, 39
1, 483, 43
1, 497, 18
1, 497, 22
1, 503, 32
1, 506, 60
1, 514, 2
1, 515, 55
1, 529, 41
1, 542, 52
1, 550, 32
1, 551, 33
1, 555, 44
1, 562, 28
1, 562, 44
1, 563, 17
1, 578, 6
1, 580, 23
1, 592, 9
1, 592, 24
1, 593, 29
1, 596, 33
1, 600, 47
1, 608, 36
1, 609, 1
1, 614, 6
1, 624, 5
1, 628, 22
1, 629, 43
1, 633, 53
1, 635, 7
1, 645, 6
1, 648, 10
1, 666, 37
1, 671, 42
1, 671, 53
1, 688, 7
1, 690, 2
1, 698, 18
1, 699, 2
1, 700, 30
1, 709, 46
1, 710, 3
1, 716, 78
1, 721, 39
1, 721, 44
1, 723, 32
1, 725, 10
1, 733, 34
1, 739, 51
1, 739, 55
1, 742, 31
1, 752, 23
1, 772, 10
1, 777, 6
1, 777, 28
1, 784, 33
1, 799, 42
1, 799, 59
2, 5, 7
2, 5, 51
2, 10, 13
2, 13, 36
2, 17, 58
2, 19, 31
2, 21, 11
2, 22, 51
2, 30, 54
2, 31, 24
2, 36, 38
2, 46, 2
2, 56, 18
2, 62, 35
2, 62, 53
2, 68, 30
2, 69, 48
2, 70, 27
2, 72, 18
2, 72, 55
2, 74, 52
2, 97, 34
2, 99, 59
2, 109, 10
2, 109, 39
2, 127, 9
2, 128, 49
2, 130, 29
2, 133, 58
2, 140, 4
2, 141, 54
2, 143, 12
2, 147, 6
2, 152, 43
2, 163, 54
2, 164, 31
2, 166, 38
2, 174, 17
2, 175, 24
2, 176, 3
2, 179, 1
2, 181, 8
2, 191, 41
2, 193, 55
2, 198, 51
2, 203, 16
2, 205, 18
2, 206, 10
2, 213, 7
2, 214, 11
2, 214, 27
2, 214, 51
2, 221, 35
2, 226, 13
2, 226, 44
2, 228, 44
2, 233, 31
2, 234, 54
2, 240, 36
2, 249, 6
2, 267, 25
2, 267, 36
2, 271, 10
2, 275, 34
2, 275, 59
2, 282, 4
2, 297, 38
2, 298, 33
2, 299, 19
2, 302, 2
2, 305, 29
2, 314, 29
2, 317, 38
2, 324, 24
2, 325, 30
2, 329, 48
2, 333, 21
2, 342, 35
2, 342, 36
2, 349, 58
2, 352, 39
2, 358, 30
2, 358, 49
2, 368, 12
2, 372, 33
2, 376, 27
2, 381, 57
2, 392, 59
2, 393, 25
2, 394, 43
2, 401, 55
2, 405, 58
2, 429, 38
2, 432, 53
2, 440, 44
2, 441, 52
2, 452, 16
2, 464, 49
2, 468, 27
2, 474, 51
2, 485, 57
2, 493, 21
2, 494, 39
2, 497, 41
2, 507, 31
2, 519, 9
2, 519, 29
2, 524, 17
2, 527, 8
2, 528, 3
2, 534, 54
2, 538, 7
2, 543, 6
2, 544, 48
2, 551, 10
2, 553, 11
2, 559, 23
2, 563, 30
2, 564, 24
2, 565, 33
2, 568, 13
2, 570, 18
2, 570, 29
2, 580, 43
2, 588, 35
2, 591, 44
2, 593, 1
2, 599, 36
2, 607, 17
2, 610, 58
2, 613, 49
2, 615, 27
2, 642, 4
2, 657, 10
2, 658, 8
2, 658, 12
2, 658, 38
2, 659, 21
2, 670, 25
2, 671, 31
2, 674, 13
2, 679, 48
2, 684, 2
2, 684, 30
2, 692, 38
2, 694, 23
2, 699, 11
2, 699, 57
2, 702, 17
2, 705, 52
2, 705, 58
2, 706, 8
2, 706, 44
2, 712, 19
2, 715, 27
2, 717, 51
2, 718, 16
2, 736, 7
2, 751, 41
2, 751, 54
2, 756, 29
2, 765, 3
2, 765, 39
2, 765, 55
2, 770, 27
2, 777, 43
2, 790, 9
2, 793, 38
2, 794, 23
2, 795, 33
2, 797, 17
3, 1, 28
3, 6, 55
3, 10, 7
3, 11, 19
3, 11, 27
3, 20, 33
3, 20, 34
3, 44, 40
3, 54, 5
3, 57, 22
3, 59, 44
3, 62, 54
3, 68, 49
3, 71, 7
3, 80, 3
3, 85, 53
3, 87, 17
3, 88, 58
3, 91, 40
3, 96, 16
3, 98, 12
3, 106, 2
3, 107, 20
3, 109, 53
3, 118, 51
3, 121, 22
3, 121, 27
3, 130, 26
3, 140, 24
3, 142, 9
3, 143, 34
3, 151, 29
3, 161, 52
3, 168, 41
3, 173, 55
3, 179, 23
3, 179, 43
3, 196, 17
3, 196, 28
3, 204, 26
3, 206, 47
3, 214, 47
3, 217, 1
3, 225, 3
3, 225, 17
3, 226, 51
3, 227, 49
3, 237, 16
3, 247, 46
3, 253, 36
3, 260, 12
3, 261, 2
3, 270, 9
3, 270, 26
3, 271, 25
3, 278, 39
3, 278, 59
3, 282, 23
3, 286, 44
3, 287, 7
3, 288, 54
3, 292, 22
3, 292, 33
3, 296, 45
3, 301, 27
3, 308, 36
3, 316, 19
3, 331, 58
3, 356, 20
3, 357, 38
3, 361, 33
3, 367, 21
3, 369, 26
3, 372, 24
3, 378, 24
3, 387, 29
3, 387, 40
3, 388, 55
3, 400, 29
3, 405, 34
3, 406, 53
3, 411, 14
3, 436, 43
3, 445, 52
3, 449, 23
3, 450, 58
3, 451, 34
3, 456, 47
3, 460, 49
3, 465, 49
3, 469, 46
3, 472, 22
3, 474, 33
3, 490, 40
3, 493, 51
3, 503, 44
3, 507, 39
3, 511, 63
3, 516, 12
3, 518, 16
3, 521, 5
3, 530, 36
3, 538, 5
3, 540, 3
3, 544, 25
3, 547, 28
3, 549, 44
3, 552, 19
3, 557, 17
3, 564, 29
3, 569, 7
3, 571, 45
3, 571, 54
3, 576, 6
3, 581, 38
3, 584, 27
3, 589, 52
3, 593, 9
3, 607, 38
3, 612, 21
3, 616, 53
3, 628, 55
3, 634, 20
3, 644, 34
3, 645, 29
3, 648, 47
3, 652, 14
3, 652, 16
3, 652, 40
3, 659, 19
3, 662, 26
3, 662, 29
3, 663, 58
3, 665, 24
3, 667, 59
3, 685, 23
3, 691, 25
3, 708, 22
3, 711, 27
3, 713, 2
3, 722, 46
3, 723, 28
3, 728, 36
3, 734, 44
3, 741, 6
3, 742, 1
3, 746, 54
3, 748, 26
3, 748, 28
3, 750, 12
3, 757, 38
3, 765, 45
3, 770, 45
3, 771, 21
3, 776, 47
3, 786, 34
3, 787, 19
3, 790, 20
4, 9, 2
4, 9, 29
4, 18, 47
4, 19, 17
4, 21, 21
4, 21, 53
4, 25, 9
4, 29, 59
4, 34, 16
4, 35, 7
4, 36, 32
4, 38, 5
4, 40, 2
4, 46, 1
4, 50, 38
4, 51, 3
4, 61, 40
4, 64, 28
4, 65, 15
4, 66, 37
4, 74, 56
4, 80, 44
4, 85, 41
4, 88, 14
4, 103, 5
4, 106, 18
4, 115, 8
4, 119, 10
4, 122, 54
4, 132, 25
4, 134, 18
4, 141, 30
4, 141, 36
4, 163, 2
4, 163, 17
4, 174, 53
4, 175, 38
4, 194, 24
4, 197, 5
4, 200, 7
4, 201, 2
4, 202, 20
4, 205, 39
4, 209, 3
4, 213, 53
4, 214, 1
4, 215, 32
4, 218, 59
4, 235, 56
4, 241, 47
4, 242, 14
4, 242, 16
4, 243, 24
4, 245, 10
4, 249, 20
4, 253, 27
4, 254, 46
4, 255, 20
4, 259, 40
4, 263, 9
4, 263, 17
4, 273, 8
4, 279, 3
4, 287, 37
4, 292, 54
4, 293, 56
4, 300, 48
4, 305, 21
4, 313, 35
4, 314, 30
4, 325, 50
4, 326, 28
4, 339, 44
4, 356, 57
4, 368, 29
4, 372, 59
4, 373, 36
4, 392, 38
4, 393, 41
4, 400, 28
4, 408, 32
4, 413, 39
4, 419, 25
4, 444, 41
4, 460, 53
4, 463, 21
4, 478, 19
4, 483, 57
4, 485, 50
4, 500, 47
4, 502, 5
4, 502, 27
4, 505, 15
4, 507, 54
4, 517, 48
4, 527, 18
4, 527, 44
4, 530, 28
4, 532, 16
4, 533, 10
4, 535, 24
4, 538, 7
4, 538, 35
4, 539, 31
4, 542, 59
4, 545, 50
4, 550, 41
4, 552, 2
4, 553, 37
4, 556, 40
4, 557, 9
4, 559, 46
4, 560, 29
4, 569, 44
4, 571, 20
4, 574, 28
4, 577, 19
4, 577, 21
4, 577, 30
4, 579, 46
4, 587, 17
4, 595, 44
4, 600, 3
4, 603, 19
4, 608, 17
4, 614, 10
4, 616, 1
4, 617, 32
4, 619, 16
4, 619, 24
4, 621, 50
4, 624, 32
4, 625, 5
4, 627, 9
4, 643, 38
4, 643, 39
4, 653, 8
4, 656, 15
4, 669, 3
4, 670, 36
4, 673, 32
4, 676, 41
4, 683, 35
4, 688, 14
4, 695, 57
4, 701, 40
4, 704, 53
4, 707, 25
4, 715, 41
4, 728, 2
4, 731, 35
4, 749, 3
4, 755, 48
4, 757, 47
4, 764, 4
4, 764, 16
4, 765, 29
4, 769, 21
4, 769, 31
4, 777, 59
4, 785, 24
4, 797, 56
5, 6, 20
5, 8, 18
5, 20, 13
5, 22, 14
5, 32, 6
5, 42, 30
5, 44, 58
5, 45, 18
5, 46, 15
5, 49, 46
5, 56, 25
5, 57, 15
5, 64, 49
5, 68, 12
5, 75, 16
5, 78, 52
5, 86, 21
5, 87, 40
5, 90, 38
5, 96, 9
5, 96, 53
5, 99, 44
5, 101, 35
5, 111, 34
5, 112, 2
5, 117, 35
5, 121, 43
5, 123, 6
5, 124, 35
5, 125, 48
5, 125, 54
5, 134, 13
5, 136, 13
5, 138, 19
5, 141, 33
5, 144, 3
5, 146, 31
5, 159, 30
5, 160, 36
5, 170, 47
5, 172, 58
5, 174, 6
5, 177, 11
5, 183, 51
5, 190, 17
5, 205, 45
5, 206, 14
5, 218, 43
5, 225, 4
5, 234, 15
5, 236, 3
5, 240, 39
5, 261, 17
5, 264, 49
5, 272, 53
5, 273, 48
5, 279, 34
5, 285, 12
5, 288, 31
5, 296, 2
5, 301, 32
5, 320, 22
5, 336, 35
5, 343, 40
5, 345, 38
5, 363, 49
5, 367, 56
5, 372, 46
5, 373, 44
5, 374, 47
5, 385, 33
5, 390, 43
5, 396, 54
5, 401, 16
5, 408, 55
5, 415, 36
5, 416, 21
5, 427, 52
5, 441, 20
5, 450, 58
5, 473, 49
5, 478, 51
5, 481, 39
5, 481, 45
5, 483, 39
5, 485, 30
5, 485, 45
5, 486, 43
5, 489, 44
5, 507, 11
5, 508, 11
5, 510, 13
5, 524, 9
5, 525, 18
5, 529, 6
5, 531, 36
5, 536, 34
5, 543, 19
5, 546, 56
5, 556, 14
5, 559, 35
5, 566, 3
5, 574, 44
5, 577, 55
5, 580, 4
5, 585, 19
5, 586, 18
5, 587, 15
5, 598, 53
5, 599, 19
5, 604, 32
5, 610, 40
5, 610, 58
5, 611, 4
5, 611, 17
5, 613, 6
5, 613, 46
5, 624, 22
5, 624, 25
5, 627, 18
5, 631, 38
5, 631, 52
5, 635, 13
5, 636, 3
5, 639, 19
5, 645, 45
5, 648, 10
5, 651, 33
5, 665, 47
5, 672, 44
5, 674, 6
5, 674, 49
5, 680, 54
5, 681, 2
5, 685, 4
5, 693, 16
5, 695, 3
5, 700, 12
5, 701, 22
5, 703, 3
5, 711, 14
5, 720, 35
5, 733, 21
5, 735, 12
5, 736, 34
5, 737, 32
5, 741, 31
5, 749, 58
5, 752, 47
5, 754, 55
5, 763, 39
5, 763, 53
5, 764, 11
5, 766, 19
5, 768, 19
5, 775, 49
5, 789, 13
6, 3, 19
6, 5, 28
6, 6, 31
6, 7, 48
6, 8, 2
6, 17, 40
6, 17, 48
6, 19, 48
6, 20, 51
6, 24, 1
6, 31, 34
6, 38, 17
6, 42, 47
6, 55, 56
6, 57, 54
6, 58, 18
6, 63, 17
6, 67, 47
6, 107, 34
6, 107, 44
6, 110, 23
6, 113, 9
6, 118, 54
6, 120, 46
6, 127, 12
6, 127, 43
6, 140, 17
6, 150, 50
6, 153, 34
6, 154, 6
6, 155, 19
6, 156, 28
6, 158, 11
6, 173, 2
6, 178, 35
6, 182, 49
6, 182, 51
6, 186, 39
6, 187, 18
6, 190, 17
6, 202, 27
6, 206, 2
6, 207, 14
6, 213, 9
6, 218, 59
6, 219, 17
6, 225, 1
6, 227, 6
6, 234, 19
6, 240, 25
6, 248, 51
6, 251, 39
6, 252, 15
6, 261, 38
6, 268, 56
6, 276, 11
6, 277, 39
6, 278, 48
6, 288, 34
6, 297, 40
6, 309, 25
6, 316, 50
6, 323, 41
6, 339, 54
6, 343, 47
6, 362, 18
6, 372, 44
6, 374, 25
6, 375, 43
6, 389, 23
6, 406, 51
6, 407, 17
6, 412, 49
6, 421, 48
6, 423, 35
6, 426, 28
6, 436, 44
6, 436, 59
6, 461, 46
6, 474, 28
6, 498, 43
6, 513, 34
6, 518, 54
6, 526, 35
6, 528, 2
6, 530, 54
6, 535, 39
6, 536, 18
6, 542, 56
6, 545, 41
6, 550, 1
6, 553, 48
6, 576, 50
6, 577, 46
6, 589, 34
6, 597, 9
6, 598, 48
6, 602, 1
6, 604, 19
6, 605, 11
6, 619, 27
6, 627, 14
6, 637, 18
6, 638, 59
6, 647, 6
6, 652, 39
6, 654, 51
6, 655, 14
6, 657, 38
6, 667, 49
6, 677, 2
6, 679, 15
6, 683, 31
6, 683, 47
6, 685, 28
6, 690, 25
6, 699, 50
6, 719, 59
6, 729, 17
6, 736, 44
6, 738, 41
6, 741, 43
6, 742, 23
6, 751, 35
6, 763, 48
6, 764, 2
6, 779, 11
6, 779, 60
6, 782, 54
6, 786, 18
6, 788, 34
6, 790, 1
6, 790, 39
6, 798, 23
7, 1, 16
7, 14, 43
7, 15, 34
7, 16, 2
7, 21, 59
7, 30, 45
7, 44, 29
7, 49, 4
7, 51, 5
7, 58, 31
7, 64, 40
7, 67, 21
7, 68, 23
7, 74, 26
7, 77, 12
7, 80, 44
7, 85, 55
7, 87, 15
7, 93, 38
7, 95, 56
7, 99, 36
7, 106, 20
7, 110, 46
7, 115, 37
7, 117, 32
7, 118, 53
7, 119, 6
7, 136, 25
7, 136, 32
7, 140, 41
7, 141, 7
7, 147, 40
7, 155, 43
7, 156, 53
7, 159, 22
7, 165, 6
7, 165, 58
7, 167, 48
7, 168, 31
7, 168, 35
7, 183, 39
7, 195, 42
7, 198, 9
7, 204, 22
7, 216, 26
7, 219, 24
7, 220, 34
7, 223, 59
7, 226, 52
7, 227, 49
7, 228, 18
7, 229, 2
7, 229, 42
7, 235, 16
7, 238, 36
7, 251, 17
7, 251, 23
7, 255, 19
7, 258, 51
7, 260, 45
7, 267, 10
7, 270, 21
7, 275, 55
7, 276, 45
7, 281, 44
7, 303, 24
7, 305, 43
7, 309, 32
7, 311, 41
7, 316, 31
7, 316, 40
7, 322, 15
7, 329, 45
7, 330, 28
7, 348, 57
7, 353, 12
7, 353, 52
7, 354, 46
7, 359, 38
7, 370, 53
7, 370, 56
7, 373, 56
7, 386, 32
7, 390, 58
7, 395, 37
7, 411, 51
7, 415, 38
7, 427, 35
7, 439, 16
7, 448, 29
7, 452, 37
7, 459, 31
7, 459, 39
7, 463, 48
7, 474, 48
7, 477, 4
7, 483, 58
7, 495, 26
7, 500, 2
7, 504, 23
7, 507, 59
7, 509, 7
7, 509, 49
7, 512, 9
7, 513, 22
7, 513, 29
7, 521, 18
7, 524, 28
7, 529, 42
7, 530, 20
7, 534, 15
7, 535, 49
7, 536, 41
7, 538, 5
7, 538, 40
7, 539, 34
7, 540, 36
7, 542, 43
7, 554, 24
7, 557, 52
7, 559, 46
7, 560, 53
7, 571, 57
7, 575, 6
7, 576, 42
7, 576, 59
7, 584, 17
7, 589, 19
7, 591, 16
7, 591, 41
7, 591, 55
7, 600, 25
7, 607, 29
7, 615, 32
7, 620, 51
7, 624, 10
7, 627, 21
7, 629, 23
7, 639, 18
7, 643, 2
7, 649, 35
7, 650, 12
7, 658, 31
7, 665, 9
7, 668, 20
7, 673, 56
7, 675, 24
7, 678, 7
7, 681, 44
7, 684, 51
7, 692, 48
7, 693, 32
7, 701, 18
7, 704, 4
7, 728, 59
7, 729, 34
7, 730, 52
7, 735, 38
7, 737, 37
7, 738, 45
7, 739, 15
7, 740, 42
7, 744, 2
7, 752, 22
7, 760, 5
7, 760, 21
7, 770, 29
7, 775, 15
7, 779, 46
7, 781, 26
7, 785, 45
7, 786, 20
7, 786, 55
7, 789, 23
7, 789, 49
7, 795, 53
8, 13, 9
8, 13, 31
8, 14, 61
8, 15, 39
8, 25, 23
8, 25, 38
8, 34, 44
8, 38, 32
8, 54, 19
8, 54, 49
8, 59, 56
8, 68, 35
8, 69, 17
8, 72, 13
8, 73, 25
8, 83, 6
8, 84, 52
8, 89, 3
8, 93, 34
8, 94, 2
8, 98, 8
8, 98, 49
8, 100, 17
8, 103, 45
8, 126, 59
8, 136, 55
8, 139, 46
8, 142, 53
8, 162, 5
8, 187, 41
8, 190, 31
8, 201, 19
8, 206, 61
8, 212, 15
8, 215, 25
8, 223, 6
8, 232, 5
8, 232, 32
8, 241, 38
8, 242, 52
8, 243, 13
8, 245, 47
8, 247, 18
8, 251, 56
8, 253, 57
8, 254, 9
8, 254, 35
8, 263, 28
8, 266, 53
8, 268, 40
8, 270, 39
8, 283, 17
8, 288, 2
8, 293, 16
8, 297, 32
8, 299, 53
8, 302, 44
8, 308, 30
8, 322, 45
8, 328, 38
8, 336, 31
8, 343, 32
8, 344, 46
8, 355, 34
8, 357, 33
8, 361, 31
8, 368, 25
8, 375, 44
8, 380, 39
8, 385, 38
8, 389, 50
8, 404, 49
8, 415, 23
8, 417, 41
8, 422, 23
8, 422, 59
8, 430, 41
8, 432, 19
8, 432, 25
8, 449, 50
8, 465, 21
8, 467, 52
8, 474, 47
8, 475, 53
8, 481, 30
8, 483, 55
8, 495, 18
8, 500, 56
8, 502, 40
8, 507, 35
8, 513, 42
8, 523, 38
8, 523, 53
8, 524, 8
8, 524, 23
8, 540, 17
8, 544, 39
8, 545, 40
8, 570, 9
8, 571, 45
8, 573, 16
8, 579, 2
8, 581, 31
8, 589, 15
8, 592, 34
8, 593, 28
8, 594, 25
8, 594, 30
8, 601, 5
8, 602, 17
8, 602, 46
8, 608, 56
8, 609, 32
8, 609, 47
8, 614, 49
8, 622, 33
8, 625, 57
8, 631, 52
8, 633, 8
8, 635, 6
8, 641, 30
8, 645, 8
8, 652, 59
8, 663, 41
8, 665, 3
8, 668, 45
8, 675, 18
8, 681, 39
8, 683, 21
8, 697, 19
8, 705, 17
8, 707, 42
8, 709, 50
8, 719, 9
8, 719, 44
8, 722, 55
8, 740, 34
8, 746, 34
8, 747, 30
8, 748, 23
8, 755, 59
8, 759, 2
8, 770, 38
8, 779, 21
8, 783, 40
8, 796, 8
8, 797, 33
9, 5, 10
9, 7, 25
9, 9, 56
9, 14, 48
9, 18, 16
9, 22, 53
9, 25, 21
9, 25, 49
9, 33, 47
9, 34, 31
9, 52, 10
9, 53, 12
9, 58, 15
9, 59, 52
9, 62, 40
9, 62, 61
9, 63, 6
9, 67, 28
9, 67, 46
9, 71, 7
9, 76, 15
9, 84, 60
9, 123, 17
9, 131, 4
9, 132, 6
9, 139, 11
9, 142, 18
9, 146, 25
9, 148, 35
9, 149, 2
9, 153, 29
9, 153, 56
9, 163, 22
9, 168, 16
9, 169, 58
9, 179, 16
9, 186, 9
9, 186, 27
9, 195, 39
9, 199, 33
9, 202, 45
9, 207, 51
9, 214, 58
9, 215, 49
9, 219, 43
9, 222, 4
9, 229, 61
9, 230, 18
9, 236, 31
9, 239, 52
9, 239, 61
9, 244, 31
9, 244, 53
9, 254, 60
9, 259, 21
9, 261, 39
9, 265, 7
9, 276, 7
9, 280, 17
9, 281, 12
9, 282, 10
9, 285, 43
9, 286, 38
9, 288, 42
9, 290, 19
9, 290, 35
9, 291, 19
9, 300, 22
9, 306, 63
9, 310, 60
9, 320, 49
9, 325, 48
9, 337, 47
9, 352, 40
9, 356, 25
9, 371, 25
9, 371, 29
9, 372, 59
9, 396, 29
9, 397, 18
9, 398, 58
9, 405, 27
9, 413, 40
9, 419, 43
9, 423, 38
9, 424, 39
9, 424, 45
9, 425, 56
9, 427, 52
9, 436, 31
9, 441, 57
9, 471, 33
9, 474, 15
9, 475, 42
9, 478, 43
9, 478, 63
9, 479, 16
9, 489, 53
9, 495, 33
9, 505, 37
9, 510, 9
9, 511, 21
9, 518, 2
9, 523, 22
9, 526, 46
9, 545, 27
9, 552, 60
9, 556, 11
9, 559, 18
9, 560, 29
9, 568, 35
9, 568, 49
9, 570, 25
9, 572, 11
9, 584, 59
9, 595, 45
9, 597, 4
9, 600, 19
9, 601, 51
9, 605, 4
9, 611, 6
9, 611, 12
9, 613, 37
9, 614, 25
9, 617, 56
9, 623, 52
9, 630, 16
9, 633, 42
9, 637, 4
9, 639, 48
9, 640, 52
9, 644, 42
9, 645, 49
9, 646, 35
9, 650, 61
9, 666, 22
9, 674, 58
9, 677, 31
9, 681, 2
9, 681, 11
9, 682, 57
9, 683, 40
9, 685, 21
9, 686, 7
9, 687, 52
9, 689, 9
9, 694, 56
9, 694, 63
9, 700, 17
9, 700, 52
9, 714, 42
9, 721, 38
9, 722, 39
9, 723, 4
9, 725, 15
9, 726, 37
9, 732, 33
9, 734, 10
9, 764, 25
9, 766, 42
9, 768, 18
9, 774, 27
9, 776, 19
9, 778, 47
9, 786, 17
9, 787, 7
10, 3, 42
10, 19, 5
10, 19, 33
10, 19, 36
10, 24, 14
10, 25, 11
10, 25, 44
10, 26, 6
10, 33, 28
10, 35, 29
10, 36, 60
10, 42, 37
10, 48, 48
10, 49, 57
10, 50, 51
10, 51, 27
10, 54, 23
10, 64, 18
10, 66, 24
10, 68, 30
10, 71, 28
10, 75, 16
10, 79, 15
10, 82, 6
10, 95, 58
10, 97, 61
10, 98, 19
10, 105, 13
10, 106, 25
10, 112, 61
10, 117, 3
10, 121, 7
10, 121, 8
10, 131, 2
10, 145, 23
10, 155, 42
10, 156, 35
10, 157, 16
10, 159, 27
10, 177, 47
10, 179, 5
10, 179, 41
10, 181, 26
10, 188, 1
10, 190, 51
10, 205, 2
10, 206, 56
10, 209, 60
10, 212, 3
10, 213, 36
10, 217, 54
10, 218, 30
10, 227, 51
10, 234, 51
10, 235, 18
10, 243, 6
10, 244, 29
10, 245, 8
10, 245, 37
10, 246, 44
10, 260, 14
10, 261, 43
10, 262, 51
10, 267, 33
10, 279, 50
10, 280, 31
10, 288, 19
10, 294, 27
10, 299, 24
10, 299, 28
10, 300, 11
10, 302, 35
10, 305, 48
10, 312, 5
10, 317, 28
10, 321, 46
10, 325, 34
10, 326, 49
10, 345, 60
10, 346, 58
10, 360, 15
10, 363, 38
10, 370, 16
10, 375, 18
10, 392, 51
10, 397, 50
10, 401, 25
10, 403, 33
10, 409, 31
10, 413, 42
10, 419, 30
10, 419, 48
10, 429, 24
10, 437, 35
10, 437, 46
10, 441, 57
10, 442, 54
10, 443, 36
10, 445, 27
10, 449, 41
10, 449, 47
10, 459, 61
10, 466, 47
10, 466, 56
10, 468, 28
10, 469, 23
10, 473, 44
10, 477, 30
10, 485, 27
10, 489, 38
10, 492, 29
10, 494, 43
10, 504, 50
10, 513, 37
10, 514, 26
10, 514, 61
10, 516, 13
10, 521, 51
10, 526, 34
10, 528, 41
10, 539, 25
10, 542, 1
10, 546, 13
10, 549, 51
10, 557, 33
10, 557, 46
10, 564, 19
10, 565, 6
10, 569, 60
10, 581, 47
10, 583, 3
10, 586, 16
10, 590, 49
10, 595, 2
10, 597, 23
10, 597, 25
10, 601, 58
10, 602, 16
10, 607, 3
10, 611, 11
10, 620, 1
10, 626, 28
10, 633, 15
10, 636, 16
10, 644, 60
10, 649, 14
10, 653, 5
10, 663, 24
10, 673, 14
10, 677, 57
10, 685, 42
10, 688, 35
10, 691, 30
10, 696, 37
10, 700, 54
10, 701, 18
10, 704, 25
10, 709, 42
10, 712, 26
10, 718, 7
10, 722, 48
10, 724, 1
10, 734, 8
10, 744, 24
10, 753, 38
10, 755, 31
10, 755, 61
10, 756, 34
10, 762, 43
10, 765, 47
10, 765, 49
10, 767, 26
10, 770, 25
10, 777, 41
10, 783, 44
10, 788, 13
10, 791, 6
10, 791, 49
10, 793, 61
10, 798, 27
10, 798, 31
11, 1, 51
11, 5, 14
11, 15, 29
11, 15, 41
11, 19, 59
11, 31, 41
11, 34, 36
11, 36, 55
11, 40, 39
11, 48, 2
11, 48, 24
11, 52, 28
11, 52, 37
11, 53, 2
11, 57, 40
11, 60, 8
11, 69, 21
11, 77, 40
11, 80, 10
11, 92, 26
11, 93, 23
11, 96, 18
11, 104, 11
11, 104, 54
11, 113, 32
11, 119, 44
11, 121, 34
11, 123, 2
11, 123, 46
11, 126, 8
11, 128, 14
11, 132, 29
11, 140, 51
11, 144, 1
11, 149, 55
11, 151, 48
11, 153, 20
11, 155, 7
11, 159, 9
11, 164, 33
11, 166, 51
11, 167, 17
11, 172, 27
11, 177, 50
11, 188, 19
11, 194, 20
11, 205, 8
11, 210, 24
11, 211, 18
11, 220, 10
11, 230, 37
11, 231, 51
11, 240, 34
11, 244, 36
11, 255, 21
11, 259, 2
11, 262, 43
11, 263, 31
11, 266, 27
11, 267, 7
11, 274, 59
11, 289, 55
11, 296, 37
11, 296, 51
11, 297, 29
11, 303, 1
11, 320, 44
11, 324, 61
11, 327, 25
11, 329, 54
11, 330, 32
11, 339, 41
11, 342, 14
11, 360, 34
11, 365, 55
11, 366, 23
11, 381, 40
11, 382, 28
11, 384, 26
11, 401, 36
11, 404, 46
11, 405, 27
11, 410, 49
11, 416, 20
11, 428, 50
11, 454, 43
11, 458, 28
11, 466, 25
11, 471, 37
11, 475, 24
11, 486, 17
11, 495, 51
11, 500, 8
11, 502, 24
11, 503, 54
11, 505, 23
11, 508, 11
11, 509, 21
11, 519, 36
11, 522, 18
11, 526, 49
11, 528, 31
11, 531, 28
11, 537, 55
11, 541, 33
11, 545, 36
11, 546, 19
11, 553, 24
11, 556, 48
11, 565, 31
11, 567, 41
11, 568, 21
11, 584, 9
11, 586, 46
11, 596, 54
11, 597, 42
11, 606, 40
11, 610, 26
11, 617, 61
11, 619, 55
11, 620, 37
11, 621, 24
11, 623, 7
11, 628, 44
11, 631, 49
11, 633, 32
11, 636, 28
11, 638, 10
11, 641, 36
11, 645, 2
11, 656, 50
11, 661, 50
11, 662, 43
11, 663, 1
11, 675, 29
11, 680, 20
11, 689, 6
11, 708, 23
11, 708, 34
11, 709, 27
11, 709, 32
11, 718, 11
11, 720, 49
11, 732, 37
11, 737, 25
11, 752, 21
11, 766, 24
11, 775, 14
11, 777, 3
11, 778, 1
11, 778, 54
11, 783, 36
11, 789, 8
11, 789, 59
11, 790, 32
12, 19, 5
12, 25, 21
12, 26, 39
12, 32, 6
12, 38, 14
12, 39, 23
12, 51, 32
12, 52, 18
12, 53, 48
12, 54, 5
12, 67, 2
12, 68, 20
12, 86, 60
12, 90, 46
12, 93, 3
12, 95, 52
12, 105, 4
12, 108, 36
12, 114, 40
12, 129, 45
12, 135, 16
12, 141, 54
12, 142, 47
12, 143, 9
12, 150, 13
12, 151, 7
12, 156, 29
12, 158, 25
12, 162, 7
12, 162, 34
12, 163, 51
12, 165, 8
12, 165, 17
12, 172, 55
12, 182, 60
12, 188, 56
12, 194, 49
12, 197, 27
12, 202, 23
12, 205, 37
12, 206, 9
12, 209, 31
12, 211, 2
12, 211, 14
12, 215, 18
12, 215, 26
12, 240, 20
12, 249, 7
12, 251, 62
12, 264, 32
12, 270, 7
12, 271, 4
12, 281, 54
12, 287, 41
12, 297, 8
12, 297, 23
12, 307, 40
12, 311, 55
12, 321, 45
12, 324, 62
12, 328, 48
12, 343, 34
12, 351, 36
12, 362, 35
12, 367, 52
12, 372, 38
12, 379, 43
12, 379, 60
12, 381, 18
12, 382, 30
12, 391, 54
12, 394, 45
12, 410, 32
12, 412, 56
12, 419, 48
12, 426, 21
12, 426, 46
12, 431, 37
12, 437, 52
12, 447, 45
12, 453, 62
12, 464, 27
12, 473, 39
12, 473, 51
12, 482, 31
12, 486, 20
12, 491, 25
12, 499, 29
12, 503, 51
12, 505, 20
12, 512, 47
12, 513, 43
12, 518, 3
12, 518, 41
12, 522, 55
12, 523, 49
12, 524, 5
12, 534, 23
12, 534, 45
12, 535, 13
12, 537, 16
12, 541, 20
12, 546, 17
12, 550, 40
12, 552, 39
12, 558, 54
12, 561, 62
12, 565, 26
12, 577, 42
12, 578, 17
12, 579, 27
12, 582, 18
12, 584, 38
12, 588, 2
12, 596, 45
12, 606, 36
12, 608, 4
12, 609, 14
12, 612, 26
12, 616, 56
12, 625, 9
12, 629, 48
12, 640, 21
12, 643, 52
12, 643, 56
12, 656, 55
12, 659, 7
12, 659, 37
12, 663, 40
12, 664, 30
12, 668, 13
12, 682, 47
12, 684, 6
12, 686, 39
12, 697, 29
12, 702, 23
12, 705, 51
12, 706, 41
12, 715, 43
12, 722, 5
12, 722, 54
12, 727, 8
12, 728, 4
12, 730, 52
12, 732, 20
12, 738, 17
12, 741, 6
12, 741, 32
12, 749, 27
12, 753, 15
12, 764, 18
12, 769, 14
12, 772, 55
12, 775, 42
12, 784, 45
12, 786, 21
12, 789, 36
12, 796, 2
12, 797, 16
13, 9, 38
13, 15, 44
13, 18, 55
13, 19, 14
13, 20, 37
13, 23, 15
13, 28, 50
13, 30, 32
13, 38, 38
13, 40, 3
13, 40, 26
13, 40, 42
13, 66, 29
13, 68, 31
13, 71, 48
13, 85, 12
13, 87, 1
13, 88, 55
13, 89, 17
13, 93, 51
13, 97, 47
13, 100, 24
13, 101, 13
13, 104, 37
13, 115, 17
13, 124, 30
13, 134, 27
13, 138, 9
13, 140, 57
13, 145, 17
13, 148, 42
13, 153, 24
13, 181, 41
13, 186, 26
13, 190, 48
13, 198, 3
13, 202, 15
13, 204, 9
13, 211, 41
13, 213, 50
13, 216, 61
13, 221, 33
13, 222, 8
13, 224, 22
13, 226, 42
13, 235, 14
13, 242, 32
13, 255, 36
13, 255, 50
13, 263, 47
13, 265, 16
13, 267, 33
13, 267, 43
13, 274, 17
13, 278, 60
13, 280, 16
13, 280, 37
13, 284, 52
13, 288, 49
13, 299, 14
13, 299, 29
13, 303, 51
13, 319, 26
13, 324, 38
13, 354, 33
13, 358, 52
13, 361, 24
13, 366, 27
13, 377, 55
13, 382, 52
13, 395, 41
13, 404, 37
13, 406, 60
13, 409, 30
13, 417, 44
13, 418, 51
13, 423, 31
13, 430, 36
13, 433, 33
13, 439, 60
13, 457, 55
13, 458, 50
13, 463, 22
13, 464, 57
13, 465, 42
13, 474, 26
13, 483, 12
13, 488, 43
13, 499, 42
13, 506, 48
13, 509, 48
13, 512, 13
13, 512, 30
13, 525, 29
13, 530, 15
13, 537, 17
13, 538, 3
13, 540, 15
13, 552, 8
13, 555, 29
13, 555, 47
13, 560, 29
13, 562, 38
13, 563, 39
13, 570, 38
13, 570, 57
13, 582, 16
13, 595, 1
13, 596, 51
13, 598, 36
13, 610, 10
13, 617, 41
13, 618, 17
13, 618, 29
13, 622, 32
13, 633, 33
13, 638, 22
13, 640, 52
13, 644, 61
13, 645, 36
13, 646, 14
13, 648, 24
13, 648, 48
13, 650, 9
13, 662, 39
13, 687, 52
13, 689, 13
13, 689, 31
13, 690, 44
13, 695, 37
13, 710, 51
13, 722, 48
13, 727, 29
13, 729, 52
13, 731, 4
13, 732, 22
13, 735, 10
13, 738, 15
13, 745, 50
13, 746, 38
13, 746, 42
13, 752, 48
13, 752, 60
13, 770, 14
13, 772, 3
13, 778, 8
13, 786, 16
13, 797, 49
13, 799, 41
14, 4, 48
14, 7, 32
14, 8, 20
14, 18, 13
14, 18, 25
14, 24, 21
14, 34, 14
14, 62, 46
14, 65, 1
14, 71, 58
14, 78, 57
14, 84, 33
14, 99, 4
14, 100, 6
14, 115, 12
14, 115, 48
14, 120, 7
14, 122, 53
14, 124, 56
14, 125, 54
14, 128, 5
14, 137, 30
14, 143, 42
14, 144, 30
14, 148, 49
14, 160, 13
14, 168, 15
14, 171, 46
14, 172, 8
14, 186, 20
14, 190, 42
14, 195, 48
14, 196, 28
14, 202, 2
14, 205, 5
14, 206, 49
14, 210, 54
14, 217, 18
14, 218, 4
14, 219, 44
14, 223, 35
14, 238, 7
14, 239, 57
14, 241, 58
14, 243, 12
14, 248, 25
14, 249, 4
14, 257, 9
14, 261, 17
14, 261, 23
14, 262, 21
14, 270, 20
14, 275, 29
14, 276, 6
14, 278, 32
14, 294, 16
14, 295, 52
14, 305, 59
14, 307, 38
14, 310, 35
14, 317, 39
14, 348, 44
14, 351, 58
14, 356, 21
14, 364, 30
14, 368, 46
14, 386, 31
14, 407, 48
14, 411, 42
14, 414, 25
14, 414, 29
14, 428, 28
14, 430, 57
14, 442, 35
14, 442, 39
14, 445, 31
14, 445, 56
14, 447, 14
14, 449, 30
14, 450, 49
14, 457, 54
14, 477, 28
14, 480, 33
14, 487, 58
14, 491, 59
14, 498, 35
14, 504, 21
14, 507, 21
14, 507, 42
14, 510, 1
14, 519, 15
14, 536, 13
14, 543, 20
14, 547, 7
14, 548, 57
14, 554, 5
14, 559, 44
14, 561, 29
14, 565, 38
14, 577, 13
14, 597, 56
14, 599, 18
14, 600, 18
14, 605, 32
14, 632, 31
14, 633, 52
14, 637, 48
14, 641, 17
14, 645, 39
14, 645, 54
14, 651, 42
14, 655, 28
14, 657, 32
14, 657, 49
14, 658, 14
14, 663, 59
14, 664, 6
14, 673, 28
14, 676, 2
14, 681, 8
14, 688, 16
14, 690, 54
14, 693, 30
14, 694, 6
14, 698, 29
14, 698, 38
14, 704, 52
14, 722, 46
14, 724, 31
14, 730, 15
14, 738, 56
14, 740, 18
14, 748, 29
14, 749, 1
14, 749, 21
14, 749, 33
14, 754, 25
14, 757, 35
14, 760, 4
14, 762, 30
14, 765, 28
14, 771, 6
14, 771, 7
14, 773, 58
14, 775, 5
14, 775, 12
14, 791, 31
14, 794, 57
14, 795, 13
15, 6, 11
15, 7, 37
15, 9, 9
15, 14, 16
15, 20, 7
15, 26, 27
15, 28, 5
15, 29, 44
15, 32, 28
15, 34, 46
15, 35, 17
15, 43, 18
15, 53, 34
15, 57, 58
15, 60, 24
15, 68, 16
15, 69, 3
15, 73, 43
15, 77, 16
15, 78, 19
15, 81, 21
15, 84, 57
15, 88, 25
15, 100, 36
15, 102, 26
15, 117, 43
15, 119, 11
15, 120, 37
15, 121, 52
15, 124, 26
15, 133, 47
15, 136, 11
15, 140, 41
15, 140, 58
15, 141, 29
15, 150, 17
15, 156, 13
15, 164, 45
15, 169, 53
15, 171, 37
15, 177, 37
15, 180, 54
15, 183, 39
15, 184, 45
15, 188, 58
15, 192, 30
15, 214, 51
15, 219, 7
15, 223, 10
15, 225, 9
15, 234, 24
15, 235, 13
15, 240, 28
15, 242, 23
15, 248, 2
15, 249, 25
15, 252, 41
15, 255, 36
15, 257, 5
15, 257, 19
15, 259, 46
15, 260, 27
15, 263, 57
15, 264, 29
15, 268, 45
15, 285, 43
15, 290, 24
15, 291, 26
15, 294, 18
15, 318, 18
15, 323, 50
15, 337, 46
15, 340, 23
15, 346, 26
15, 366, 47
15, 367, 24
15, 373, 41
15, 380, 45
15, 389, 58
15, 395, 50
15, 399, 25
15, 400, 37
15, 413, 30
15, 424, 36
15, 426, 43
15, 431, 27
15, 437, 45
15, 447, 38
15, 448, 52
15, 449, 23
15, 458, 37
15, 467, 44
15, 473, 21
15, 482, 36
15, 488, 46
15, 493, 55
15, 495, 11
15, 509, 47
15, 512, 34
15, 517, 26
15, 521, 57
15, 522, 29
15, 523, 17
15, 527, 36
15, 529, 16
15, 529, 54
15, 534, 39
15, 537, 7
15, 544, 10
15, 544, 16
15, 544, 57
15, 545, 7
15, 545, 27
15, 553, 19
15, 564, 3
15, 572, 21
15, 576, 13
15, 576, 49
15, 581, 5
15, 585, 50
15, 589, 51
15, 613, 9
15, 626, 41
15, 626, 45
15, 628, 49
15, 629, 19
15, 633, 37
15, 635, 46
15, 639, 34
15, 640, 58
15, 650, 38
15, 657, 25
15, 663, 11
15, 664, 24
15, 674, 53
15, 677, 39
15, 684, 25
15, 686, 37
15, 694, 2
15, 696, 55
15, 706, 16
15, 716, 23
15, 718, 19
15, 729, 21
15, 739, 10
15, 739, 54
15, 746, 3
15, 747, 13
15, 751, 49
15, 752, 27
15, 763, 34
15, 784, 18
15, 787, 45
15, 789, 37
15, 792, 2
15, 793, 7
15, 796, 57
16, 5, 4
16, 21, 47
16, 23, 32
16, 26, 37
16, 26, 60
16, 40, 12
16, 44, 57
16, 46, 46
16, 48, 16
16, 49, 39
16, 53, 18
16, 73, 41
16, 76, 14
16, 77, 29
16, 78, 6
16, 81, 36
16, 84, 28
16, 87, 43
16, 93, 7
16, 93, 8
16, 101, 47
16, 102, 13
16, 110, 9
16, 114, 18
16, 126, 33
16, 131, 47
16, 132, 11
16, 138, 6
16, 141, 14
16, 143, 53
16, 147, 56
16, 150, 57
16, 157, 30
16, 160, 50
16, 168, 32
16, 169, 41
16, 170, 31
16, 171, 16
16, 171, 33
16, 174, 59
16, 179, 1
16, 185, 12
16, 185, 33
16, 196, 2
16, 199, 29
16, 215, 4
16, 217, 25
16, 227, 27
16, 230, 14
16, 241, 7
16, 245, 37
16, 249, 23
16, 252, 16
16, 254, 8
16, 273, 14
16, 281, 39
16, 283, 16
16, 286, 21
16, 287, 38
16, 289, 34
16, 290, 35
16, 295, 56
16, 304, 18
16, 306, 41
16, 308, 36
16, 308, 46
16, 316, 37
16, 320, 46
16, 331, 27
16, 332, 15
16, 335, 41
16, 339, 57
16, 349, 28
16, 359, 50
16, 359, 57
16, 360, 13
16, 368, 31
16, 373, 39
16, 375, 30
16, 377, 33
16, 379, 56
16, 387, 60
16, 404, 43
16, 408, 36
16, 408, 43
16, 408, 47
16, 413, 24
16, 426, 22
16, 438, 47
16, 476, 26
16, 481, 29
16, 493, 34
16, 498, 11
16, 499, 29
16, 503, 14
16, 505, 6
16, 507, 56
16, 510, 25
16, 510, 50
16, 519, 47
16, 521, 38
16, 523, 53
16, 526, 39
16, 534, 37
16, 539, 41
16, 541, 4
16, 542, 9
16, 542, 33
16, 545, 43
16, 546, 59
16, 554, 55
16, 555, 1
16, 556, 15
16, 573, 53
16, 574, 22
16, 577, 16
16, 577, 23
16, 579, 35
16, 585, 27
16, 586, 12
16, 589, 6
16, 589, 16
16, 592, 15
16, 596, 36
16, 607, 57
16, 613, 31
16, 617, 28
16, 623, 13
16, 638, 26
16, 638, 30
16, 642, 21
16, 646, 14
16, 660, 18
16, 662, 50
16, 668, 38
16, 668, 46
16, 673, 8
16, 678, 13
16, 684, 43
16, 694, 2
16, 699, 39
16, 701, 1
16, 716, 7
16, 716, 38
16, 717, 27
16, 719, 22
16, 721, 56
16, 725, 8
16, 730, 14
16, 734, 53
16, 748, 15
16, 748, 37
16, 749, 4
16, 750, 21
16, 750, 60
16, 752, 24
16, 757, 28
16, 757, 34
16, 758, 11
16, 760, 47
16, 760, 59
16, 766, 13
16, 772, 35
16, 772, 55
16, 778, 29
16, 782, 23
16, 783, 27
16, 785, 35
16, 785, 47
16, 787, 1
16, 787, 46
16, 791, 23
17, 1, 47
17, 4, 1
17, 17, 55
17, 24, 26
17, 27, 57
17, 44, 18
17, 60, 13
17, 65, 26
17, 78, 44
17, 85, 57
17, 92, 9
17, 99, 61
17, 106, 42
17, 114, 11
17, 117, 36
17, 121, 5
17, 134, 41
17, 136, 54
17, 154, 59
17, 161, 37
17, 164, 52
17, 170, 18
17, 177, 7
17, 177, 34
17, 190, 11
17, 191, 8
17, 193, 34
17, 197, 18
17, 197, 40
17, 200, 10
17, 200, 47
17, 201, 24
17, 203, 12
17, 204, 3
17, 207, 44
17, 208, 9
17, 208, 23
17, 208, 25
17, 212, 36
17, 219, 43
17, 227, 28
17, 230, 5
17, 237, 55
17, 240, 13
17, 245, 59
17, 246, 11
17, 251, 3
17, 257, 15
17, 264, 19
17, 265, 5
17, 271, 41
17, 274, 47
17, 275, 57
17, 280, 56
17, 295, 1
17, 298, 17
17, 306, 8
17, 315, 31
17, 316, 58
17, 320, 46
17, 328, 27
17, 331, 44
17, 332, 55
17, 336, 33
17, 336, 36
17, 338, 42
17, 348, 54
17, 350, 41
17, 353, 61
17, 358, 33
17, 370, 57
17, 381, 26
17, 384, 32
17, 395, 56
17, 401, 19
17, 405, 40
17, 410, 17
17, 413, 52
17, 415, 37
17, 416, 43
17, 426, 40
17, 430, 55
17, 443, 34
17, 453, 61
17, 457, 42
17, 462, 45
17, 471, 18
17, 478, 38
17, 484, 55
17, 508, 28
17, 512, 12
17, 516, 34
17, 531, 3
17, 534, 12
17, 552, 44
17, 555, 19
17, 556, 52
17, 559, 41
17, 560, 47
17, 568, 23
17, 568, 32
17, 570, 43
17, 573, 7
17, 573, 11
17, 576, 25
17, 589, 42
17, 592, 9
17, 595, 19
17, 596, 36
17, 605, 57
17, 607, 46
17, 611, 40
17, 612, 51
17, 614, 40
17, 621, 61
17, 622, 13
17, 626, 5
17, 627, 58
17, 632, 31
17, 637, 26
17, 638, 8
17, 647, 33
17, 648, 56
17, 651, 1
17, 654, 32
17, 655, 26
17, 659, 46
17, 661, 10
17, 662, 17
17, 671, 16
17, 681, 59
17, 684, 42
17, 690, 12
17, 694, 38
17, 696, 25
17, 696, 54
17, 698, 10
17, 698, 58
17, 701, 28
17, 704, 37
17, 708, 7
17, 725, 52
17, 728, 31
17, 754, 7
17, 754, 26
17, 757, 18
17, 762, 55
17, 764, 5
17, 766, 51
17, 768, 47
17, 776, 45
17, 777, 9
17, 787, 40
17, 789, 27
18, 6, 30
18, 15, 15
18, 15, 53
18, 16, 39
18, 19, 22
18, 22, 6
18, 29, 11
18, 29, 21
18, 30, 34
18, 32, 38
18, 36, 34
18, 40, 8
18, 44, 4
18, 47, 32
18, 51, 13
18, 52, 18
18, 67, 58
18, 76, 33
18, 89, 10
18, 91, 39
18, 100, 50
18, 117, 27
18, 120, 18
18, 124, 28
18, 129, 15
18, 129, 16
18, 130, 9
18, 148, 31
18, 161, 14
18, 163, 21
18, 167, 43
18, 168, 11
18, 168, 38
18, 171, 34
18, 174, 13
18, 179, 22
18, 182, 18
18, 184, 53
18, 191, 49
18, 191, 59
18, 196, 10
18, 200, 59
18, 204, 24
18, 213, 28
18, 216, 11
18, 221, 42
18, 226, 50
18, 227, 38
18, 227, 56
18, 233, 28
18, 239, 46
18, 241, 28
18, 246, 23
18, 246, 58
18, 247, 30
18, 258, 37
18, 264, 34
18, 272, 32
18, 277, 4
18, 277, 6
18, 283, 16
18, 292, 11
18, 304, 8
18, 304, 21
18, 305, 33
18, 307, 9
18, 308, 14
18, 308, 26
18, 309, 43
18, 310, 44
18, 310, 48
18, 321, 39
18, 324, 54
18, 329, 47
18, 339, 42
18, 343, 24
18, 343, 35
18, 343, 56
18, 357, 23
18, 367, 54
18, 376, 39
18, 381, 46
18, 385, 49
18, 389, 18
18, 392, 18
18, 397, 42
18, 402, 50
18, 408, 31
18, 433, 23
18, 446, 32
18, 449, 23
18, 451, 22
18, 454, 34
18, 460, 56
18, 463, 47
18, 467, 53
18, 480, 35
18, 482, 31
18, 487, 37
18, 497, 28
18, 501, 44
18, 502, 46
18, 503, 59
18, 504, 27
18, 526, 10
18, 532, 38
18, 533, 10
18, 537, 8
18, 546, 26
18, 553, 28
18, 553, 39
18, 554, 16
18, 565, 21
18, 565, 54
18, 568, 33
18, 570, 30
18, 585, 34
18, 586, 37
18, 594, 23
18, 600, 41
18, 601, 13
18, 602, 4
18, 602, 58
18, 617, 14
18, 617, 34
18, 632, 11
18, 635, 8
18, 636, 42
18, 643, 8
18, 645, 39
18, 648, 47
18, 651, 26
18, 658, 35
18, 660, 42
18, 661, 56
18, 663, 21
18, 665, 41
18, 670, 6
18, 671, 24
18, 685, 43
18, 686, 53
18, 687, 49
18, 699, 22
18, 701, 23
18, 707, 9
18, 710, 15
18, 713, 24
18, 714, 37
18, 716, 11
18, 728, 41
18, 731, 59
18, 742, 34
18, 746, 44
18, 747, 6
18, 747, 44
18, 756, 42
18, 758, 10
18, 770, 21
18, 779, 54
18, 785, 13
18, 787, 8
19, 1, 51
19, 4, 59
19, 8, 2
19, 10, 35
19, 14, 5
19, 27, 3
19, 31, 10
19, 44, 36
19, 49, 20
19, 50, 9
19, 50, 25
19, 55, 6
19, 59, 27
19, 61, 48
19, 68, 1
19, 70, 12
19, 72, 51
19, 92, 24
19, 96, 27
19, 102, 38
19, 106, 57
19, 110, 39
19, 113, 49
19, 116, 27
19, 116, 50
19, 125, 5
19, 129, 21
19, 165, 47
19, 166, 17
19, 168, 34
19, 172, 6
19, 178, 25
19, 188, 33
19, 194, 14
19, 208, 31
19, 214, 28
19, 218, 45
19, 221, 4
19, 224, 18
19, 228, 17
19, 228, 20
19, 228, 59
19, 232, 3
19, 236, 26
19, 240, 23
19, 240, 59
19, 242, 48
19, 246, 52
19, 249, 35
19, 257, 51
19, 260, 48
19, 266, 18
19, 273, 40
19, 274, 8
19, 275, 12
19, 284, 5
19, 285, 49
19, 305, 31
19, 312, 24
19, 318, 36
19, 319, 15
19, 332, 47
19, 333, 50
19, 350, 57
19, 355, 63
19, 363, 57
19, 367, 44
19, 378, 34
19, 392, 14
19, 416, 36
19, 438, 27
19, 444, 31
19, 446, 52
19, 452, 26
19, 453, 45
19, 457, 39
19, 471, 51
19, 475, 27
19, 483, 28
19, 485, 33
19, 487, 23
19, 489, 21
19, 489, 25
19, 494, 45
19, 501, 15
19, 503, 38
19, 517, 9
19, 528, 3
19, 530, 34
19, 535, 48
19, 543, 47
19, 547, 50
19, 555, 35
19, 557, 8
19, 561, 49
19, 577, 2
19, 579, 40
19, 585, 12
19, 586, 28
19, 588, 59
19, 589, 4
19, 591, 47
19, 593, 36
19, 593, 49
19, 602, 6
19, 626, 5
19, 631, 51
19, 645, 26
19, 645, 48
19, 653, 3
19, 659, 14
19, 660, 57
19, 665, 1
19, 671, 52
19, 672, 25
19, 676, 6
19, 681, 35
19, 691, 24
19, 692, 17
19, 693, 44
19, 700, 20
19, 702, 24
19, 705, 2
19, 711, 23
19, 729, 31
19, 731, 18
19, 736, 52
19, 741, 23
19, 751, 39
19, 752, 49
19, 765, 15
19, 768, 63
19, 771, 28
19, 778, 47
19, 779, 33
19, 779, 57
19, 791, 49
19, 793, 48
