1, 2, 17
1, 2, 54
1, 2, 57
1, 3, 29
1, 4, 38
1, 6, 20
1, 7, 4
1, 14, 50
1, 15, 43
1, 16, 6
1, 19, 50
1, 28, 13
1, 35, 24
1, 39, 41
1, 43, 18
1, 44, 32
1, 45, 47
1, 45, 53
1, 55, 1
1, 55, 7
1, 55, 9
1, 60, 14
1, 60, 36
1, 60, 43
1, 63, 35
1, 64, 31
1, 68, 55
1, 71, 52
1, 72, 19
1, 75, 21
1, 75, 39
1, 76, 25
1, 79, 30
1, 80, 42
1, 83, 12
1, 88, 13
1, 90, 3
1, 91, 8
1, 94, 38
1, 95, 23
1, 97, 15
1, 98, 23
1, 99, 44
1, 101, 5
1, 101, 10
1, 101, 17
1, 101, 49
1, 103, 2
1, 104, 3
1, 105, 38
1, 110, 26
1, 110, 54
1, 113, 33
1, 117, 45
1, 119, 51
1, 122, 22
1, 125, 34
1, 128, 42
1, 129, 17
1, 131, 28
1, 131, 48
1, 132, 36
1, 134, 20
1, 137, 22
1, 138, 37
1, 138, 41
1, 139, 9
1, 148, 30
1, 150, 29
1, 152, 12
1, 153, 11
1, 153, 52
1, 154, 7
1, 158, 6
1, 163, 16
1, 164, 38
1, 170, 23
1, 170, 30
1, 172, 10
1, 173, 31
1, 174, 6
1, 175, 4
1, 180, 47
1, 181, 43
1, 181, 49
1, 182, 46
1, 184, 55
1, 190, 13
1, 194, 35
1, 195, 42
1, 199, 54
1, 199, 57
1, 200, 21
1, 202, 1
1, 202, 32
1, 204, 24
1, 209, 50
1, 210, 18
1, 216, 8
1, 216, 43
1, 218, 33
1, 219, 14
1, 220, 14
1, 220, 57
1, 223, 9
1, 227, 44
1, 227, 49
1, 230, 21
1, 231, 56
1, 235, 5
1, 237, 2
1, 237, 32
1, 241, 25
1, 247, 40
1, 248, 7
1, 254, 3
1, 254, 10
1, 255, 55
1, 258, 50
1, 260, 34
1, 262, 47
1, 266, 12
1, 269, 17
1, 271, 6
1, 272, 2
1, 272, 45
1, 275, 35
1, 281, 51
1, 282, 31
1, 283, 49
1, 284, 37
1, 292, 26
1, 293, 39
1, 295, 8
1, 295, 19
1, 300, 57
1, 304, 2
1, 305, 15
1, 305, 48
1, 307, 28
1, 307, 29
1, 309, 8
1, 312, 13
1, 313, 1
1, 315, 5
1, 315, 42
1, 316, 52
1, 318, 9
1, 324, 26
1, 330, 20
1, 330, 31
1, 331, 30
1, 332, 9
1, 334, 53
1, 335, 19
1, 338, 22
1, 339, 56
1, 342, 18
1, 345, 11
1, 346, 28
1, 348, 5
1, 350, 54
1, 351, 33
1, 353, 23
1, 354, 13
1, 354, 38
1, 355, 46
1, 358, 24
1, 358, 44
1, 362, 7
1, 362, 14
1, 364, 4
1, 365, 22
1, 365, 32
1, 367, 17
1, 368, 52
1, 370, 16
1, 375, 21
1, 379, 35
1, 381, 43
1, 384, 45
1, 387, 11
1, 387, 41
1, 398, 12
1, 399, 10
1, 403, 28
1, 404, 52
1, 406, 32
1, 409, 40
1, 409, 55
1, 411, 26
1, 413, 6
1, 414, 37
1, 415, 25
1, 416, 34
1, 418, 33
1, 418, 35
1, 427, 18
1, 427, 23
1, 430, 50
1, 432, 54
1, 435, 28
1, 437, 42
1, 439, 24
1, 439, 49
1, 440, 9
1, 440, 40
1, 440, 46
1, 446, 20
1, 446, 40
1, 446, 47
1, 455, 43
1, 457, 13
1, 460, 29
1, 461, 9
1, 462, 2
1, 463, 1
1, 471, 51
1, 472, 8
1, 473, 45
1, 474, 57
1, 477, 5
1, 478, 8
1, 480, 16
1, 484, 3
1, 486, 21
1, 490, 15
1, 490, 19
1, 493, 41
1, 497, 21
1, 501, 17
1, 502, 10
1, 506, 48
1, 508, 37
1, 511, 15
1, 512, 46
1, 513, 36
1, 515, 38
1, 518, 5
1, 518, 35
1, 520, 18
1, 520, 42
1, 525, 22
1, 527, 26
1, 527, 43
1, 536, 9
1, 537, 14
1, 537, 28
1, 537, 30
1, 541, 12
1, 546, 39
1, 551, 7
1, 552, 44
1, 555, 11
1, 558, 37
1, 559, 2
1, 562, 23
1, 566, 22
1, 573, 4
1, 573, 34
1, 580, 45
1, 582, 1
1, 583, 36
1, 585, 31
1, 588, 45
1, 590, 48
1, 591, 25
1, 594, 40
1, 595, 50
1, 599, 15
1, 599, 38
1, 599, 54
1, 603, 10
1, 603, 52
1, 604, 26
1, 607, 20
1, 607, 38
1, 612, 16
1, 616, 19
1, 619, 18
1, 623, 53
1, 629, 13
1, 632, 24
1, 634, 8
1, 635, 41
1, 637, 11
1, 638, 29
1, 642, 9
1, 647, 1
1, 647, 23
1, 647, 30
1, 650, 6
1, 652, 49
1, 654, 42
1, 656, 5
1, 657, 44
1, 658, 38
1, 660, 18
1, 662, 35
1, 664, 41
1, 665, 10
1, 666, 7
1, 666, 14
1, 669, 4
1, 669, 34
1, 669, 42
1, 675, 19
1, 676, 3
1, 681, 22
1, 683, 12
1, 684, 52
1, 685, 20
1, 685, 39
1, 686, 16
1, 688, 33
1, 689, 17
1, 690, 21
1, 691, 51
1, 697, 43
1, 704, 15
1, 705, 11
1, 720, 31
1, 725, 36
1, 725, 57
1, 728, 41
1, 728, 50
1, 730, 46
1, 737, 19
1, 743, 48
1, 747, 14
1, 749, 26
1, 752, 6
1, 754, 56
1, 755, 20
1, 755, 25
1, 756, 45
1, 757, 18
1, 757, 32
1, 759, 33
1, 759, 37
1, 761, 9
1, 763, 48
1, 764, 13
1, 764, 52
1, 765, 1
1, 774, 8
1, 775, 43
1, 776, 4
1, 776, 51
1, 781, 29
1, 782, 55
1, 793, 38
1, 794, 30
2, 3, 4
2, 3, 34
2, 5, 51
2, 11, 16
2, 11, 21
2, 11, 48
2, 20, 14
2, 20, 36
2, 21, 13
2, 27, 56
2, 35, 11
2, 36, 35
2, 38, 34
2, 39, 58
2, 40, 5
2, 40, 13
2, 45, 1
2, 46, 40
2, 47, 53
2, 52, 49
2, 54, 29
2, 55, 20
2, 57, 13
2, 59, 22
2, 62, 28
2, 66, 12
2, 70, 2
2, 70, 43
2, 71, 21
2, 72, 6
2, 72, 33
2, 73, 25
2, 73, 45
2, 76, 10
2, 76, 13
2, 76, 52
2, 77, 16
2, 84, 9
2, 86, 39
2, 87, 16
2, 90, 15
2, 94, 42
2, 102, 37
2, 104, 26
2, 106, 32
2, 109, 24
2, 111, 11
2, 111, 13
2, 115, 10
2, 118, 4
2, 120, 31
2, 121, 43
2, 122, 5
2, 124, 12
2, 129, 50
2, 130, 46
2, 133, 8
2, 135, 1
2, 139, 36
2, 139, 51
2, 143, 2
2, 144, 39
2, 148, 58
2, 149, 38
2, 155, 33
2, 158, 56
2, 162, 21
2, 164, 34
2, 166, 30
2, 168, 41
2, 177, 56
2, 180, 8
2, 182, 52
2, 193, 16
2, 195, 14
2, 196, 19
2, 197, 34
2, 198, 3
2, 200, 2
2, 200, 30
2, 202, 10
2, 202, 37
2, 206, 49
2, 209, 55
2, 211, 9
2, 212, 35
2, 213, 32
2, 217, 47
2, 220, 28
2, 226, 15
2, 230, 6
2, 231, 35
2, 231, 41
2, 232, 11
2, 236, 13
2, 237, 38
2, 240, 5
2, 242, 53
2, 244, 40
2, 252, 54
2, 255, 53
2, 257, 29
2, 258, 42
2, 259, 45
2, 259, 55
2, 264, 18
2, 266, 1
2, 269, 14
2, 269, 22
2, 270, 5
2, 275, 33
2, 275, 51
2, 275, 52
2, 277, 48
2, 278, 12
2, 278, 16
2, 281, 20
2, 281, 30
2, 285, 11
2, 288, 44
2, 289, 24
2, 290, 7
2, 292, 46
2, 293, 13
2, 297, 22
2, 298, 23
2, 298, 34
2, 301, 14
2, 301, 49
2, 302, 38
2, 303, 7
2, 303, 36
2, 307, 52
2, 310, 39
2, 312, 19
2, 314, 16
2, 315, 25
2, 315, 50
2, 317, 31
2, 320, 32
2, 323, 42
2, 324, 10
2, 324, 16
2, 326, 4
2, 326, 32
2, 328, 50
2, 328, 56
2, 332, 4
2, 333, 26
2, 334, 52
2, 336, 33
2, 338, 21
2, 338, 53
2, 339, 43
2, 348, 45
2, 353, 25
2, 357, 16
2, 361, 40
2, 362, 3
2, 363, 6
2, 363, 28
2, 367, 48
2, 369, 20
2, 369, 27
2, 371, 47
2, 373, 17
2, 375, 8
2, 375, 27
2, 378, 1
2, 378, 41
2, 383, 16
2, 384, 12
2, 385, 44
2, 386, 55
2, 391, 13
2, 392, 35
2, 395, 38
2, 401, 39
2, 404, 37
2, 405, 2
2, 407, 17
2, 407, 30
2, 407, 49
2, 411, 9
2, 412, 5
2, 415, 36
2, 416, 54
2, 419, 40
2, 420, 42
2, 421, 44
2, 423, 15
2, 423, 29
2, 424, 26
2, 426, 11
2, 432, 15
2, 433, 46
2, 444, 24
2, 445, 1
2, 445, 30
2, 448, 4
2, 451, 11
2, 451, 31
2, 452, 25
2, 455, 35
2, 456, 7
2, 456, 34
2, 459, 19
2, 465, 32
2, 466, 14
2, 468, 3
2, 471, 12
2, 472, 33
2, 476, 16
2, 478, 47
2, 479, 40
2, 480, 22
2, 481, 34
2, 482, 18
2, 482, 23
2, 482, 52
2, 486, 29
2, 486, 50
2, 487, 37
2, 489, 51
2, 495, 33
2, 495, 45
2, 496, 41
2, 497, 4
2, 500, 1
2, 501, 53
2, 509, 6
2, 510, 28
2, 511, 6
2, 512, 27
2, 513, 43
2, 514, 10
2, 514, 24
2, 515, 8
2, 520, 17
2, 520, 33
2, 520, 48
2, 520, 56
2, 522, 26
2, 524, 11
2, 524, 31
2, 527, 48
2, 531, 11
2, 532, 13
2, 532, 40
2, 534, 20
2, 537, 21
2, 537, 46
2, 538, 30
2, 538, 38
2, 539, 56
2, 546, 31
2, 547, 15
2, 547, 25
2, 547, 43
2, 551, 30
2, 553, 25
2, 559, 32
2, 561, 21
2, 564, 10
2, 564, 40
2, 565, 49
2, 571, 9
2, 571, 23
2, 571, 47
2, 577, 49
2, 578, 54
2, 579, 39
2, 588, 2
2, 589, 36
2, 590, 7
2, 590, 18
2, 594, 28
2, 603, 34
2, 603, 35
2, 604, 16
2, 607, 29
2, 607, 47
2, 608, 10
2, 611, 15
2, 613, 30
2, 614, 19
2, 614, 37
2, 618, 5
2, 618, 29
2, 619, 20
2, 620, 13
2, 621, 42
2, 622, 55
2, 628, 37
2, 629, 41
2, 630, 50
2, 631, 3
2, 636, 30
2, 640, 51
2, 642, 4
2, 645, 30
2, 650, 22
2, 653, 22
2, 654, 18
2, 660, 5
2, 667, 9
2, 667, 26
2, 669, 33
2, 671, 52
2, 672, 11
2, 674, 31
2, 674, 49
2, 675, 14
2, 679, 27
2, 679, 36
2, 682, 24
2, 682, 40
2, 687, 36
2, 689, 32
2, 689, 38
2, 690, 21
2, 692, 14
2, 692, 45
2, 693, 46
2, 694, 27
2, 695, 9
2, 698, 11
2, 698, 53
2, 701, 14
2, 701, 43
2, 704, 1
2, 705, 6
2, 705, 21
2, 706, 13
2, 709, 28
2, 710, 48
2, 711, 1
2, 714, 39
2, 717, 17
2, 720, 3
2, 722, 15
2, 723, 21
2, 724, 3
2, 724, 35
2, 724, 42
2, 727, 32
2, 732, 49
2, 733, 2
2, 734, 7
2, 734, 13
2, 736, 17
2, 737, 50
2, 739, 28
2, 743, 20
2, 745, 17
2, 748, 56
2, 750, 29
2, 752, 30
2, 753, 47
2, 759, 46
2, 763, 19
2, 765, 8
2, 767, 44
2, 769, 51
2, 777, 11
2, 780, 32
2, 781, 50
2, 782, 34
2, 782, 42
2, 786, 25
2, 786, 46
2, 789, 16
2, 790, 30
2, 792, 15
2, 793, 36
2, 793, 58
2, 799, 38
2, 799, 49
3, 1, 11
3, 5, 40
3, 5, 47
3, 8, 7
3, 8, 22
3, 8, 33
3, 10, 57
3, 11, 12
3, 14, 26
3, 14, 29
3, 15, 6
3, 15, 23
3, 18, 30
3, 21, 1
3, 22, 40
3, 24, 21
3, 24, 51
3, 26, 17
3, 31, 6
3, 32, 54
3, 34, 8
3, 37, 36
3, 41, 16
3, 44, 19
3, 48, 39
3, 51, 18
3, 53, 27
3, 55, 15
3, 55, 35
3, 57, 47
3, 60, 10
3, 60, 19
3, 61, 36
3, 64, 22
3, 66, 7
3, 67, 9
3, 67, 31
3, 70, 24
3, 72, 15
3, 74, 5
3, 77, 35
3, 78, 50
3, 80, 34
3, 81, 10
3, 83, 3
3, 87, 3
3, 88, 11
3, 88, 12
3, 88, 52
3, 94, 27
3, 97, 38
3, 99, 26
3, 99, 32
3, 107, 4
3, 107, 28
3, 107, 30
3, 111, 38
3, 114, 14
3, 118, 54
3, 119, 7
3, 126, 6
3, 126, 37
3, 126, 55
3, 128, 51
3, 130, 3
3, 135, 39
3, 136, 8
3, 137, 20
3, 142, 49
3, 144, 42
3, 146, 17
3, 149, 51
3, 151, 33
3, 151, 46
3, 152, 43
3, 153, 24
3, 155, 22
3, 155, 48
3, 165, 5
3, 166, 18
3, 170, 22
3, 171, 32
3, 173, 2
3, 173, 18
3, 175, 4
3, 178, 19
3, 179, 1
3, 179, 41
3, 180, 53
3, 181, 18
3, 181, 57
3, 182, 16
3, 183, 31
3, 184, 29
3, 186, 17
3, 189, 34
3, 191, 55
3, 193, 11
3, 194, 54
3, 197, 43
3, 198, 7
3, 207, 12
3, 209, 19
3, 211, 25
3, 214, 30
3, 215, 15
3, 216, 10
3, 217, 1
3, 217, 21
3, 219, 23
3, 220, 35
3, 226, 45
3, 229, 13
3, 231, 30
3, 232, 27
3, 233, 3
3, 235, 9
3, 238, 14
3, 241, 2
3, 242, 23
3, 243, 44
3, 247, 38
3, 249, 24
3, 251, 26
3, 252, 34
3, 253, 7
3, 256, 6
3, 256, 38
3, 261, 44
3, 261, 50
3, 263, 8
3, 268, 26
3, 271, 9
3, 276, 36
3, 277, 57
3, 283, 37
3, 284, 32
3, 284, 42
3, 285, 11
3, 287, 29
3, 290, 3
3, 294, 1
3, 296, 40
3, 296, 42
3, 297, 6
3, 298, 13
3, 299, 16
3, 299, 45
3, 300, 25
3, 302, 21
3, 303, 40
3, 304, 12
3, 306, 52
3, 310, 43
3, 310, 56
3, 314, 18
3, 316, 20
3, 316, 36
3, 318, 51
3, 319, 4
3, 319, 10
3, 326, 2
3, 326, 35
3, 328, 8
3, 329, 41
3, 330, 39
3, 331, 17
3, 334, 46
3, 336, 33
3, 337, 15
3, 339, 18
3, 339, 35
3, 340, 3
3, 341, 30
3, 342, 13
3, 345, 31
3, 349, 19
3, 351, 15
3, 359, 16
3, 359, 24
3, 362, 49
3, 364, 27
3, 364, 47
3, 373, 7
3, 374, 26
3, 374, 51
3, 379, 53
3, 381, 14
3, 382, 31
3, 385, 22
3, 385, 46
3, 386, 23
3, 389, 5
3, 390, 38
3, 391, 14
3, 394, 4
3, 394, 11
3, 397, 1
3, 397, 33
3, 397, 44
3, 398, 50
3, 406, 28
3, 408, 41
3, 412, 54
3, 415, 48
3, 415, 55
3, 416, 29
3, 419, 13
3, 422, 20
3, 423, 32
3, 424, 34
3, 424, 54
3, 425, 43
3, 428, 44
3, 430, 3
3, 434, 6
3, 436, 12
3, 437, 9
3, 437, 25
3, 439, 42
3, 440, 21
3, 446, 9
3, 449, 40
3, 451, 45
3, 456, 46
3, 457, 30
3, 457, 53
3, 458, 30
3, 458, 37
3, 462, 32
3, 465, 52
3, 467, 2
3, 469, 41
3, 473, 47
3, 475, 4
3, 475, 17
3, 475, 36
3, 475, 57
3, 478, 57
3, 479, 35
3, 485, 23
3, 486, 26
3, 488, 4
3, 488, 31
3, 489, 13
3, 490, 43
3, 492, 10
3, 492, 38
3, 497, 1
3, 501, 11
3, 501, 27
3, 501, 39
3, 502, 8
3, 502, 12
3, 502, 34
3, 502, 49
3, 506, 11
3, 508, 5
3, 508, 24
3, 511, 1
3, 523, 5
3, 525, 54
3, 526, 14
3, 526, 29
3, 527, 40
3, 531, 47
3, 532, 19
3, 533, 15
3, 534, 3
3, 534, 18
3, 536, 49
3, 537, 6
3, 537, 52
3, 538, 27
3, 542, 22
3, 542, 51
3, 553, 41
3, 556, 20
3, 556, 44
3, 557, 12
3, 557, 50
3, 560, 7
3, 561, 44
3, 564, 39
3, 570, 6
3, 571, 42
3, 572, 46
3, 573, 33
3, 576, 16
3, 576, 21
3, 580, 44
3, 584, 11
3, 591, 25
3, 592, 2
3, 592, 12
3, 592, 28
3, 595, 40
3, 595, 56
3, 596, 34
3, 596, 53
3, 598, 24
3, 600, 10
3, 601, 42
3, 603, 21
3, 609, 33
3, 614, 10
3, 614, 17
3, 616, 5
3, 618, 45
3, 622, 8
3, 624, 19
3, 629, 26
3, 630, 36
3, 635, 48
3, 635, 57
3, 639, 32
3, 641, 4
3, 641, 35
3, 643, 29
3, 643, 43
3, 644, 31
3, 647, 23
3, 648, 11
3, 650, 37
3, 652, 5
3, 653, 21
3, 656, 19
3, 658, 36
3, 662, 35
3, 664, 42
3, 664, 47
3, 665, 27
3, 666, 22
3, 668, 24
3, 669, 9
3, 670, 41
3, 671, 23
3, 672, 38
3, 675, 52
3, 676, 3
3, 678, 14
3, 680, 8
3, 681, 35
3, 694, 6
3, 694, 57
3, 696, 15
3, 697, 36
3, 702, 13
3, 703, 49
3, 705, 29
3, 706, 54
3, 710, 34
3, 714, 7
3, 715, 39
3, 719, 4
3, 725, 20
3, 726, 16
3, 726, 18
3, 727, 35
3, 727, 42
3, 728, 11
3, 729, 2
3, 730, 26
3, 730, 29
3, 734, 41
3, 736, 44
3, 740, 51
3, 741, 19
3, 741, 34
3, 751, 28
3, 752, 23
3, 761, 20
3, 763, 33
3, 763, 40
3, 766, 5
3, 770, 36
3, 771, 5
3, 772, 31
3, 775, 39
3, 777, 20
3, 778, 47
3, 781, 11
3, 788, 21
3, 790, 22
3, 793, 46
3, 797, 56
3, 798, 7
3, 799, 10
3, 799, 29
4, 5, 17
4, 6, 46
4, 12, 35
4, 14, 9
4, 16, 25
4, 19, 20
4, 26, 35
4, 29, 7
4, 33, 1
4, 35, 16
4, 39, 27
4, 39, 33
4, 39, 52
4, 41, 4
4, 43, 5
4, 47, 7
4, 47, 46
4, 48, 10
4, 50, 28
4, 51, 25
4, 57, 12
4, 59, 50
4, 65, 22
4, 67, 6
4, 69, 20
4, 71, 43
4, 72, 43
4, 74, 37
4, 75, 49
4, 77, 39
4, 78, 16
4, 79, 41
4, 83, 11
4, 85, 44
4, 90, 8
4, 90, 50
4, 90, 55
4, 92, 53
4, 96, 56
4, 97, 13
4, 100, 2
4, 100, 51
4, 101, 6
4, 102, 33
4, 103, 24
4, 108, 19
4, 111, 6
4, 113, 17
4, 116, 9
4, 122, 21
4, 126, 22
4, 127, 29
4, 135, 32
4, 136, 30
4, 141, 5
4, 146, 54
4, 148, 42
4, 149, 14
4, 151, 10
4, 152, 23
4, 154, 3
4, 154, 18
4, 155, 51
4, 157, 53
4, 161, 45
4, 164, 5
4, 164, 28
4, 165, 54
4, 166, 46
4, 168, 16
4, 169, 22
4, 171, 43
4, 173, 7
4, 173, 14
4, 178, 52
4, 179, 12
4, 184, 46
4, 185, 11
4, 186, 17
4, 187, 9
4, 187, 20
4, 187, 36
4, 190, 3
4, 190, 39
4, 192, 34
4, 193, 8
4, 193, 12
4, 194, 29
4, 195, 32
4, 196, 26
4, 198, 35
4, 199, 35
4, 199, 42
4, 201, 47
4, 206, 41
4, 211, 20
4, 211, 25
4, 218, 16
4, 219, 38
4, 221, 10
4, 222, 47
4, 224, 37
4, 228, 4
4, 230, 56
4, 231, 9
4, 235, 13
4, 238, 49
4, 239, 19
4, 239, 30
4, 239, 33
4, 240, 15
4, 246, 50
4, 248, 28
4, 250, 21
4, 251, 55
4, 253, 29
4, 254, 2
4, 256, 22
4, 257, 31
4, 258, 17
4, 259, 25
4, 261, 27
4, 270, 53
4, 272, 3
4, 272, 49
4, 273, 44
4, 278, 40
4, 281, 3
4, 281, 41
4, 282, 5
4, 282, 43
4, 284, 8
4, 287, 18
4, 290, 1
4, 293, 10
4, 294, 35
4, 294, 52
4, 297, 13
4, 298, 42
4, 300, 46
4, 303, 15
4, 308, 32
4, 309, 39
4, 311, 23
4, 311, 51
4, 312, 47
4, 314, 31
4, 315, 4
4, 325, 19
4, 325, 48
4, 326, 36
4, 326, 45
4, 329, 20
4, 329, 26
4, 331, 16
4, 331, 34
4, 337, 14
4, 337, 24
4, 337, 40
4, 337, 43
4, 339, 12
4, 344, 17
4, 344, 24
4, 348, 9
4, 348, 37
4, 348, 54
4, 350, 34
4, 351, 37
4, 352, 56
4, 355, 18
4, 356, 36
4, 358, 38
4, 359, 33
4, 365, 3
4, 371, 6
4, 371, 35
4, 371, 45
4, 371, 56
4, 372, 6
4, 372, 28
4, 372, 52
4, 376, 47
4, 380, 27
4, 381, 10
4, 381, 36
4, 382, 18
4, 382, 27
4, 383, 22
4, 386, 5
4, 387, 48
4, 388, 25
4, 389, 3
4, 391, 8
4, 391, 19
4, 391, 41
4, 393, 30
4, 397, 12
4, 397, 17
4, 399, 11
4, 399, 53
4, 405, 56
4, 407, 12
4, 408, 8
4, 408, 14
4, 410, 34
4, 413, 6
4, 414, 15
4, 415, 1
4, 418, 11
4, 418, 35
4, 426, 44
4, 428, 7
4, 432, 35
4, 434, 2
4, 434, 14
4, 435, 34
4, 437, 21
4, 438, 52
4, 439, 53
4, 441, 28
4, 443, 9
4, 444, 31
4, 445, 38
4, 445, 42
4, 448, 4
4, 449, 50
4, 458, 26
4, 462, 8
4, 464, 13
4, 464, 46
4, 464, 48
4, 465, 20
4, 469, 18
4, 472, 47
4, 473, 10
4, 473, 24
4, 477, 47
4, 481, 32
4, 482, 39
4, 485, 19
4, 489, 5
4, 490, 43
4, 492, 33
4, 496, 20
4, 503, 54
4, 505, 7
4, 507, 16
4, 507, 40
4, 507, 49
4, 508, 12
4, 510, 2
4, 511, 29
4, 512, 25
4, 514, 35
4, 514, 52
4, 516, 35
4, 518, 3
4, 518, 50
4, 519, 37
4, 520, 16
4, 520, 23
4, 521, 9
4, 522, 39
4, 524, 51
4, 526, 1
4, 526, 6
4, 526, 45
4, 534, 27
4, 534, 40
4, 535, 24
4, 537, 44
4, 542, 41
4, 542, 43
4, 543, 55
4, 547, 6
4, 548, 11
4, 548, 18
4, 548, 46
4, 549, 22
4, 553, 7
4, 553, 19
4, 556, 32
4, 564, 20
4, 565, 34
4, 567, 8
4, 568, 24
4, 569, 45
4, 570, 38
4, 576, 36
4, 577, 8
4, 577, 12
4, 577, 15
4, 579, 14
4, 579, 32
4, 580, 10
4, 583, 3
4, 584, 50
4, 585, 14
4, 588, 5
4, 589, 30
4, 590, 24
4, 593, 4
4, 595, 27
4, 596, 23
4, 597, 4
4, 597, 42
4, 599, 19
4, 604, 12
4, 604, 38
4, 605, 4
4, 606, 45
4, 607, 17
4, 608, 7
4, 610, 26
4, 610, 52
4, 611, 56
4, 616, 5
4, 616, 23
4, 617, 22
4, 617, 31
4, 621, 17
4, 622, 43
4, 628, 11
4, 629, 20
4, 631, 28
4, 635, 15
4, 636, 48
4, 638, 6
4, 640, 53
4, 642, 36
4, 648, 21
4, 648, 45
4, 649, 5
4, 649, 34
4, 653, 34
4, 655, 33
4, 659, 3
4, 663, 25
4, 673, 11
4, 674, 37
4, 675, 2
4, 677, 16
4, 679, 29
4, 679, 36
4, 680, 47
4, 681, 10
4, 684, 14
4, 693, 27
4, 694, 33
4, 695, 2
4, 700, 15
4, 700, 30
4, 701, 22
4, 704, 33
4, 706, 18
4, 708, 30
4, 709, 15
4, 709, 41
4, 711, 28
4, 711, 40
4, 711, 72
4, 717, 33
4, 719, 34
4, 721, 1
4, 721, 9
4, 722, 6
4, 729, 34
4, 729, 54
4, 730, 22
4, 731, 28
4, 732, 55
4, 733, 12
4, 734, 41
4, 739, 37
4, 741, 11
4, 745, 7
4, 746, 10
4, 746, 31
4, 746, 51
4, 749, 52
4, 751, 50
4, 755, 16
4, 756, 49
4, 759, 25
4, 761, 23
4, 769, 29
4, 770, 33
4, 771, 8
4, 772, 43
4, 775, 54
4, 777, 8
4, 779, 26
4, 783, 45
4, 789, 19
4, 790, 7
4, 790, 48
4, 798, 27
4, 798, 38
4, 799, 34
5, 1, 52
5, 5, 25
5, 6, 14
5, 11, 4
5, 12, 21
5, 12, 35
5, 13, 21
5, 17, 21
5, 18, 17
5, 18, 25
5, 19, 48
5, 21, 11
5, 23, 4
5, 23, 32
5, 25, 30
5, 25, 39
5, 27, 47
5, 30, 50
5, 32, 12
5, 33, 27
5, 36, 41
5, 37, 23
5, 39, 12
5, 42, 30
5, 43, 47
5, 46, 24
5, 46, 42
5, 46, 46
5, 48, 33
5, 48, 53
5, 50, 29
5, 52, 9
5, 53, 8
5, 57, 34
5, 59, 6
5, 61, 28
5, 66, 44
5, 67, 6
5, 67, 31
5, 72, 36
5, 72, 37
5, 72, 49
5, 72, 51
5, 73, 39
5, 76, 22
5, 76, 25
5, 77, 38
5, 80, 32
5, 82, 18
5, 83, 5
5, 83, 7
5, 83, 56
5, 85, 6
5, 86, 31
5, 89, 58
5, 91, 17
5, 91, 41
5, 97, 53
5, 100, 46
5, 100, 54
5, 101, 20
5, 101, 48
5, 105, 26
5, 105, 27
5, 115, 16
5, 120, 34
5, 125, 39
5, 126, 3
5, 128, 9
5, 135, 26
5, 137, 11
5, 137, 35
5, 142, 21
5, 144, 17
5, 144, 57
5, 149, 47
5, 156, 30
5, 156, 33
5, 157, 1
5, 160, 14
5, 161, 53
5, 164, 29
5, 165, 7
5, 165, 23
5, 166, 50
5, 167, 12
5, 169, 33
5, 171, 1
5, 171, 37
5, 173, 4
5, 173, 55
5, 174, 14
5, 176, 38
5, 177, 10
5, 182, 42
5, 183, 8
5, 186, 6
5, 186, 17
5, 187, 8
5, 191, 6
5, 191, 37
5, 193, 32
5, 193, 52
5, 194, 38
5, 195, 13
5, 197, 28
5, 198, 43
5, 200, 2
5, 200, 4
5, 200, 22
5, 200, 37
5, 202, 47
5, 206, 28
5, 206, 32
5, 207, 51
5, 214, 26
5, 214, 50
5, 225, 2
5, 227, 49
5, 227, 53
5, 231, 5
5, 232, 54
5, 235, 3
5, 236, 23
5, 239, 22
5, 239, 24
5, 240, 5
5, 240, 12
5, 241, 15
5, 249, 25
5, 249, 31
5, 250, 29
5, 251, 48
5, 252, 41
5, 253, 7
5, 253, 12
5, 257, 43
5, 262, 39
5, 262, 43
5, 263, 26
5, 264, 16
5, 264, 27
5, 264, 58
5, 269, 34
5, 274, 25
5, 276, 3
5, 277, 9
5, 277, 25
5, 277, 33
5, 278, 11
5, 279, 31
5, 279, 46
5, 280, 18
5, 282, 27
5, 286, 30
5, 287, 20
5, 287, 48
5, 287, 58
5, 288, 42
5, 288, 45
5, 291, 4
5, 291, 44
5, 294, 38
5, 295, 6
5, 296, 21
5, 301, 5
5, 301, 13
5, 302, 53
5, 306, 44
5, 308, 26
5, 308, 35
5, 313, 8
5, 315, 7
5, 316, 47
5, 316, 49
5, 317, 56
5, 320, 18
5, 320, 47
5, 321, 39
5, 325, 47
5, 334, 1
5, 336, 28
5, 338, 10
5, 340, 22
5, 343, 32
5, 344, 38
5, 347, 22
5, 348, 3
5, 348, 55
5, 350, 11
5, 351, 21
5, 352, 15
5, 359, 2
5, 369, 15
5, 370, 57
5, 371, 7
5, 374, 37
5, 375, 12
5, 376, 45
5, 377, 1
5, 377, 48
5, 380, 52
5, 381, 29
5, 385, 50
5, 386, 19
5, 389, 17
5, 390, 41
5, 390, 55
5, 393, 33
5, 394, 34
5, 396, 54
5, 397, 24
5, 399, 9
5, 404, 51
5, 405, 39
5, 407, 41
5, 408, 14
5, 408, 23
5, 411, 10
5, 416, 47
5, 420, 49
5, 424, 5
5, 424, 16
5, 426, 35
5, 428, 19
5, 429, 18
5, 430, 53
5, 433, 6
5, 435, 3
5, 435, 58
5, 439, 13
5, 439, 23
5, 440, 43
5, 443, 31
5, 443, 37
5, 447, 56
5, 451, 11
5, 452, 5
5, 452, 18
5, 454, 28
5, 455, 8
5, 455, 45
5, 456, 23
5, 458, 20
5, 460, 42
5, 461, 29
5, 461, 37
5, 467, 36
5, 468, 7
5, 470, 4
5, 471, 15
5, 472, 27
5, 473, 1
5, 476, 13
5, 481, 21
5, 485, 32
5, 487, 25
5, 492, 38
5, 495, 13
5, 495, 30
5, 497, 10
5, 500, 9
5, 501, 2
5, 501, 20
5, 504, 52
5, 506, 26
5, 506, 44
5, 514, 48
5, 515, 22
5, 517, 18
5, 518, 24
5, 519, 31
5, 524, 10
5, 525, 41
5, 528, 17
5, 529, 39
5, 531, 19
5, 531, 57
5, 532, 4
5, 533, 53
5, 537, 8
5, 537, 34
5, 542, 9
5, 544, 28
5, 544, 46
5, 546, 7
5, 547, 4
5, 547, 53
5, 549, 19
5, 551, 12
5, 552, 3
5, 553, 37
5, 554, 34
5, 557, 58
5, 559, 38
5, 563, 29
5, 564, 51
5, 566, 30
5, 567, 27
5, 568, 2
5, 568, 23
5, 569, 33
5, 570, 17
5, 575, 24
5, 576, 16
5, 579, 11
5, 580, 25
5, 584, 7
5, 584, 52
5, 585, 37
5, 585, 42
5, 586, 38
5, 597, 7
5, 600, 49
5, 603, 44
5, 611, 44
5, 612, 15
5, 613, 47
5, 613, 51
5, 613, 57
5, 614, 20
5, 617, 1
5, 618, 50
5, 620, 23
5, 622, 29
5, 627, 9
5, 629, 5
5, 630, 13
5, 630, 30
5, 633, 8
5, 635, 11
5, 635, 54
5, 639, 36
5, 641, 28
5, 641, 39
5, 649, 18
5, 650, 41
5, 655, 32
5, 656, 24
5, 656, 48
5, 658, 3
5, 660, 19
5, 661, 38
5, 662, 32
5, 666, 56
5, 669, 12
5, 669, 17
5, 670, 7
5, 670, 22
5, 673, 9
5, 674, 18
5, 678, 23
5, 681, 26
5, 684, 22
5, 684, 37
5, 685, 23
5, 685, 48
5, 685, 52
5, 687, 5
5, 687, 12
5, 693, 19
5, 703, 1
5, 704, 10
5, 704, 55
5, 706, 34
5, 708, 4
5, 710, 32
5, 711, 13
5, 712, 23
5, 712, 51
5, 716, 16
5, 720, 28
5, 720, 36
5, 723, 14
5, 726, 47
5, 730, 18
5, 732, 29
5, 734, 8
5, 734, 11
5, 734, 39
5, 737, 27
5, 739, 2
5, 744, 18
5, 744, 41
5, 745, 53
5, 749, 25
5, 750, 31
5, 751, 15
5, 756, 38
5, 757, 8
5, 759, 32
5, 760, 11
5, 761, 49
5, 765, 51
5, 767, 22
5, 771, 12
5, 772, 7
5, 773, 22
5, 774, 21
5, 776, 20
5, 776, 37
5, 783, 3
5, 783, 22
5, 783, 45
5, 788, 44
5, 789, 10
5, 790, 34
5, 799, 46
6, 2, 39
6, 9, 58
6, 13, 3
6, 14, 23
6, 19, 40
6, 20, 26
6, 22, 28
6, 22, 46
6, 23, 10
6, 24, 39
6, 32, 16
6, 34, 51
6, 35, 37
6, 39, 26
6, 45, 29
6, 47, 21
6, 51, 32
6, 54, 40
6, 55, 18
6, 56, 20
6, 59, 2
6, 60, 3
6, 60, 33
6, 62, 4
6, 69, 16
6, 72, 3
6, 76, 36
6, 77, 9
6, 79, 44
6, 79, 54
6, 80, 2
6, 80, 41
6, 84, 50
6, 85, 52
6, 89, 42
6, 90, 38
6, 91, 36
6, 92, 8
6, 93, 24
6, 93, 43
6, 97, 31
6, 98, 5
6, 98, 26
6, 102, 42
6, 105, 10
6, 105, 31
6, 106, 36
6, 109, 13
6, 110, 1
6, 113, 24
6, 114, 13
6, 115, 34
6, 115, 46
6, 117, 6
6, 117, 44
6, 118, 17
6, 119, 53
6, 120, 12
6, 120, 35
6, 122, 15
6, 122, 27
6, 125, 47
6, 126, 25
6, 127, 15
6, 129, 38
6, 141, 52
6, 143, 28
6, 145, 10
6, 148, 19
6, 148, 43
6, 148, 49
6, 149, 7
6, 149, 45
6, 150, 37
6, 159, 22
6, 160, 24
6, 174, 2
6, 174, 9
6, 175, 18
6, 176, 4
6, 177, 11
6, 178, 33
6, 185, 23
6, 188, 51
6, 189, 41
6, 199, 21
6, 200, 29
6, 201, 39
6, 204, 16
6, 207, 6
6, 207, 32
6, 210, 3
6, 212, 19
6, 220, 2
6, 221, 53
6, 222, 5
6, 224, 3
6, 224, 58
6, 230, 35
6, 231, 54
6, 233, 26
6, 233, 36
6, 235, 44
6, 237, 14
6, 238, 34
6, 242, 40
6, 243, 31
6, 243, 43
6, 244, 15
6, 245, 49
6, 249, 23
6, 253, 46
6, 258, 21
6, 261, 10
6, 264, 30
6, 265, 13
6, 271, 17
6, 272, 7
6, 279, 12
6, 281, 52
6, 282, 42
6, 284, 1
6, 284, 18
6, 284, 55
6, 286, 50
6, 289, 38
6, 290, 47
6, 295, 42
6, 296, 9
6, 299, 8
6, 299, 46
6, 300, 28
6, 306, 24
6, 308, 13
6, 308, 19
6, 308, 32
6, 308, 34
6, 308, 48
6, 313, 15
6, 313, 33
6, 313, 37
6, 316, 17
6, 316, 49
6, 317, 11
6, 322, 27
6, 322, 30
6, 323, 9
6, 326, 20
6, 329, 14
6, 339, 18
6, 339, 39
6, 342, 25
6, 345, 41
6, 347, 22
6, 354, 8
6, 354, 50
6, 356, 5
6, 360, 39
6, 362, 41
6, 367, 4
6, 370, 24
6, 374, 3
6, 375, 36
6, 376, 11
6, 378, 42
6, 379, 26
6, 379, 49
6, 381, 53
6, 383, 13
6, 386, 10
6, 386, 40
6, 389, 16
6, 390, 5
6, 395, 5
6, 395, 26
6, 396, 1
6, 397, 29
6, 397, 53
6, 398, 36
6, 401, 12
6, 402, 46
6, 407, 4
6, 408, 2
6, 409, 9
6, 409, 31
6, 410, 34
6, 411, 7
6, 414, 47
6, 415, 21
6, 416, 35
6, 416, 43
6, 417, 45
6, 420, 45
6, 421, 24
6, 421, 47
6, 423, 26
6, 427, 6
6, 427, 17
6, 427, 19
6, 427, 27
6, 430, 32
6, 435, 58
6, 438, 23
6, 441, 42
6, 444, 32
6, 445, 37
6, 445, 51
6, 447, 48
6, 448, 15
6, 451, 52
6, 456, 34
6, 456, 43
6, 458, 10
6, 460, 28
6, 461, 9
6, 461, 33
6, 466, 53
6, 468, 14
6, 469, 38
6, 471, 1
6, 474, 41
6, 478, 2
6, 478, 38
6, 478, 46
6, 479, 8
6, 480, 30
6, 482, 42
6, 483, 54
6, 484, 25
6, 484, 50
6, 487, 2
6, 488, 40
6, 493, 41
6, 495, 18
6, 500, 24
6, 505, 39
6, 507, 29
6, 508, 32
6, 509, 20
6, 511, 55
6, 513, 58
6, 517, 3
6, 517, 15
6, 521, 3
6, 525, 23
6, 525, 35
6, 526, 22
6, 526, 29
6, 529, 42
6, 530, 21
6, 530, 44
6, 532, 1
6, 532, 13
6, 535, 16
6, 539, 11
6, 540, 10
6, 544, 5
6, 546, 52
6, 547, 5
6, 547, 19
6, 550, 27
6, 552, 6
6, 554, 45
6, 558, 47
6, 559, 35
6, 563, 7
6, 566, 40
6, 567, 40
6, 568, 4
6, 568, 31
6, 569, 49
6, 570, 3
6, 573, 30
6, 577, 14
6, 578, 19
6, 580, 6
6, 580, 36
6, 589, 8
6, 590, 40
6, 597, 25
6, 601, 18
6, 603, 37
6, 603, 50
6, 610, 8
6, 611, 33
6, 615, 48
6, 618, 26
6, 620, 42
6, 620, 46
6, 622, 43
6, 623, 1
6, 623, 7
6, 630, 11
6, 630, 45
6, 632, 24
6, 635, 3
6, 636, 19
6, 639, 41
6, 646, 18
6, 646, 28
6, 650, 39
6, 652, 47
6, 654, 38
6, 654, 42
6, 655, 12
6, 655, 51
6, 658, 17
6, 662, 22
6, 663, 16
6, 665, 44
6, 666, 51
6, 669, 1
6, 671, 3
6, 673, 37
6, 674, 34
6, 677, 11
6, 680, 32
6, 683, 25
6, 685, 14
6, 688, 54
6, 692, 10
6, 694, 21
6, 694, 53
6, 698, 50
6, 699, 9
6, 701, 23
6, 702, 27
6, 703, 29
6, 704, 13
6, 713, 18
6, 716, 42
6, 721, 48
6, 724, 18
6, 729, 7
6, 733, 43
6, 734, 26
6, 734, 58
6, 736, 14
6, 739, 17
6, 744, 28
6, 745, 42
6, 748, 22
6, 751, 12
6, 753, 1
6, 753, 40
6, 762, 44
6, 766, 29
6, 768, 25
6, 769, 47
6, 783, 43
6, 785, 34
6, 787, 16
6, 792, 4
6, 794, 5
6, 794, 27
6, 797, 11
6, 799, 19
6, 799, 51
6, 799, 58
7, 1, 3
7, 5, 34
7, 5, 39
7, 7, 8
7, 9, 32
7, 10, 37
7, 11, 37
7, 12, 54
7, 16, 9
7, 16, 19
7, 18, 56
7, 25, 22
7, 25, 30
7, 26, 33
7, 29, 24
7, 31, 7
7, 33, 3
7, 33, 23
7, 33, 45
7, 36, 27
7, 38, 28
7, 38, 31
7, 44, 40
7, 45, 6
7, 45, 12
7, 46, 32
7, 46, 41
7, 53, 16
7, 53, 27
7, 56, 48
7, 57, 9
7, 57, 36
7, 60, 30
7, 60, 46
7, 61, 11
7, 62, 38
7, 64, 14
7, 64, 47
7, 67, 12
7, 68, 31
7, 70, 33
7, 70, 51
7, 72, 2
7, 72, 50
7, 80, 15
7, 81, 41
7, 84, 24
7, 86, 5
7, 91, 43
7, 95, 40
7, 98, 35
7, 104, 7
7, 104, 24
7, 105, 47
7, 112, 45
7, 113, 46
7, 115, 5
7, 119, 56
7, 122, 39
7, 124, 2
7, 127, 57
7, 128, 33
7, 129, 12
7, 129, 34
7, 131, 13
7, 135, 23
7, 136, 51
7, 142, 3
7, 143, 8
7, 143, 46
7, 146, 10
7, 147, 44
7, 149, 30
7, 149, 38
7, 150, 32
7, 155, 21
7, 155, 32
7, 157, 15
7, 157, 17
7, 157, 48
7, 158, 9
7, 165, 16
7, 168, 42
7, 169, 44
7, 174, 24
7, 178, 30
7, 178, 32
7, 179, 5
7, 179, 27
7, 179, 36
7, 189, 40
7, 191, 29
7, 195, 38
7, 198, 7
7, 198, 26
7, 201, 9
7, 202, 6
7, 202, 53
7, 204, 12
7, 204, 18
7, 208, 31
7, 211, 37
7, 212, 50
7, 212, 58
7, 215, 56
7, 216, 39
7, 217, 52
7, 218, 33
7, 220, 20
7, 221, 25
7, 225, 12
7, 226, 23
7, 227, 13
7, 228, 43
7, 230, 11
7, 231, 2
7, 232, 14
7, 232, 55
7, 235, 19
7, 235, 49
7, 243, 38
7, 243, 47
7, 244, 35
7, 254, 4
7, 255, 43
7, 256, 44
7, 259, 23
7, 264, 5
7, 267, 41
7, 270, 35
7, 272, 21
7, 274, 34
7, 275, 30
7, 278, 28
7, 282, 15
7, 289, 13
7, 295, 46
7, 297, 57
7, 298, 45
7, 300, 50
7, 301, 7
7, 301, 33
7, 305, 29
7, 306, 48
7, 306, 54
7, 309, 26
7, 317, 11
7, 319, 6
7, 319, 36
7, 321, 49
7, 326, 38
7, 326, 42
7, 328, 4
7, 328, 16
7, 328, 32
7, 329, 19
7, 330, 14
7, 331, 20
7, 332, 24
7, 333, 2
7, 333, 42
7, 337, 43
7, 338, 7
7, 340, 29
7, 342, 10
7, 342, 27
7, 343, 25
7, 343, 55
7, 344, 17
7, 348, 12
7, 348, 40
7, 349, 10
7, 349, 31
7, 349, 37
7, 350, 6
7, 350, 48
7, 351, 19
7, 352, 52
7, 355, 9
7, 358, 8
7, 362, 18
7, 362, 39
7, 367, 8
7, 369, 14
7, 370, 5
7, 370, 28
7, 375, 17
7, 376, 48
7, 381, 41
7, 386, 33
7, 388, 15
7, 388, 51
7, 389, 28
7, 389, 54
7, 395, 38
7, 403, 58
7, 404, 53
7, 406, 47
7, 408, 21
7, 409, 16
7, 409, 24
7, 410, 40
7, 412, 44
7, 412, 49
7, 413, 22
7, 418, 3
7, 425, 23
7, 432, 35
7, 436, 30
7, 442, 4
7, 443, 18
7, 446, 32
7, 448, 34
7, 449, 26
7, 451, 1
7, 452, 13
7, 452, 22
7, 452, 31
7, 452, 50
7, 456, 24
7, 456, 43
7, 458, 20
7, 460, 57
7, 462, 5
7, 462, 21
7, 465, 30
7, 466, 18
7, 466, 23
7, 470, 2
7, 473, 19
7, 475, 24
7, 475, 56
7, 476, 6
7, 478, 9
7, 480, 12
7, 480, 45
7, 481, 5
7, 481, 51
7, 483, 10
7, 484, 31
7, 486, 8
7, 486, 58
7, 487, 17
7, 490, 8
7, 492, 12
7, 495, 4
7, 496, 11
7, 496, 47
7, 499, 27
7, 499, 32
7, 499, 52
7, 501, 46
7, 502, 37
7, 502, 43
7, 503, 14
7, 504, 49
7, 505, 45
7, 511, 42
7, 512, 36
7, 513, 2
7, 514, 50
7, 520, 20
7, 521, 20
7, 524, 18
7, 525, 40
7, 532, 30
7, 532, 55
7, 535, 10
7, 536, 51
7, 537, 22
7, 539, 56
7, 543, 25
7, 545, 28
7, 546, 7
7, 549, 48
7, 551, 14
7, 551, 33
7, 552, 41
7, 556, 4
7, 556, 16
7, 556, 39
7, 558, 55
7, 560, 54
7, 562, 3
7, 564, 35
7, 566, 10
7, 566, 36
7, 567, 5
7, 571, 49
7, 574, 21
7, 579, 31
7, 584, 24
7, 584, 36
7, 584, 47
7, 585, 19
7, 586, 17
7, 586, 44
7, 589, 53
7, 590, 8
7, 590, 29
7, 591, 1
7, 599, 22
7, 601, 45
7, 602, 15
7, 602, 27
7, 603, 13
7, 605, 34
7, 607, 27
7, 611, 16
7, 613, 3
7, 614, 21
7, 620, 6
7, 620, 26
7, 621, 38
7, 624, 37
7, 626, 2
7, 627, 20
7, 627, 43
7, 635, 38
7, 639, 6
7, 639, 14
7, 640, 9
7, 642, 23
7, 643, 36
7, 644, 26
7, 645, 3
7, 645, 24
7, 647, 7
7, 647, 33
7, 652, 21
7, 653, 18
7, 660, 42
7, 663, 17
7, 665, 11
7, 665, 18
7, 665, 37
7, 668, 28
7, 668, 43
7, 669, 41
7, 669, 51
7, 671, 15
7, 672, 8
7, 673, 41
7, 678, 12
7, 678, 26
7, 680, 48
7, 685, 35
7, 687, 44
7, 694, 4
7, 694, 40
7, 697, 20
7, 698, 12
7, 700, 51
7, 701, 46
7, 702, 13
7, 702, 34
7, 705, 23
7, 706, 52
7, 708, 23
7, 710, 30
7, 710, 55
7, 713, 43
7, 714, 30
7, 715, 25
7, 717, 12
7, 718, 5
7, 723, 24
7, 725, 36
7, 735, 38
7, 737, 37
7, 737, 47
7, 741, 1
7, 742, 16
7, 742, 35
7, 743, 29
7, 743, 48
7, 747, 34
7, 749, 3
7, 753, 14
7, 753, 54
7, 758, 27
7, 760, 37
7, 762, 27
7, 764, 12
7, 767, 49
7, 768, 6
7, 773, 17
7, 774, 18
7, 775, 8
7, 779, 5
7, 779, 55
7, 780, 13
7, 781, 46
7, 782, 41
7, 783, 11
7, 784, 56
7, 790, 21
7, 792, 10
7, 799, 4
8, 2, 38
8, 3, 29
8, 5, 54
8, 6, 45
8, 7, 6
8, 7, 10
8, 11, 58
8, 12, 36
8, 14, 43
8, 15, 30
8, 18, 26
8, 23, 39
8, 27, 47
8, 33, 50
8, 39, 11
8, 40, 32
8, 42, 44
8, 42, 49
8, 43, 12
8, 45, 2
8, 46, 52
8, 52, 11
8, 52, 18
8, 54, 27
8, 56, 39
8, 71, 7
8, 79, 10
8, 81, 16
8, 82, 27
8, 83, 3
8, 90, 13
8, 95, 35
8, 100, 20
8, 100, 42
8, 106, 29
8, 107, 47
8, 109, 11
8, 109, 14
8, 110, 37
8, 110, 53
8, 115, 17
8, 115, 50
8, 116, 9
8, 117, 3
8, 117, 24
8, 118, 30
8, 119, 3
8, 120, 43
8, 121, 40
8, 126, 28
8, 127, 19
8, 130, 6
8, 131, 1
8, 135, 13
8, 136, 28
8, 138, 10
8, 140, 26
8, 140, 34
8, 141, 8
8, 142, 7
8, 145, 41
8, 145, 55
8, 146, 39
8, 150, 29
8, 152, 7
8, 152, 36
8, 153, 48
8, 156, 25
8, 158, 6
8, 159, 15
8, 165, 40
8, 166, 30
8, 168, 38
8, 170, 45
8, 178, 54
8, 179, 16
8, 181, 10
8, 181, 12
8, 181, 21
8, 182, 20
8, 190, 11
8, 193, 10
8, 197, 44
8, 203, 4
8, 209, 5
8, 213, 49
8, 213, 58
8, 220, 38
8, 223, 45
8, 225, 42
8, 228, 20
8, 228, 29
8, 234, 58
8, 235, 28
8, 240, 7
8, 241, 52
8, 242, 1
8, 244, 19
8, 246, 26
8, 247, 9
8, 250, 27
8, 252, 31
8, 252, 35
8, 254, 20
8, 254, 56
8, 255, 17
8, 256, 37
8, 258, 2
8, 258, 4
8, 258, 40
8, 263, 35
8, 266, 17
8, 266, 24
8, 267, 13
8, 267, 15
8, 272, 14
8, 274, 3
8, 279, 31
8, 280, 39
8, 280, 41
8, 285, 47
8, 286, 9
8, 287, 25
8, 289, 53
8, 291, 50
8, 293, 6
8, 296, 18
8, 296, 43
8, 299, 22
8, 301, 16
8, 302, 36
8, 307, 8
8, 307, 16
8, 310, 2
8, 310, 25
8, 312, 7
8, 313, 8
8, 315, 35
8, 316, 24
8, 316, 30
8, 317, 23
8, 321, 24
8, 328, 10
8, 334, 20
8, 340, 48
8, 344, 46
8, 351, 34
8, 353, 54
8, 354, 47
8, 356, 32
8, 359, 6
8, 362, 4
8, 364, 12
8, 365, 46
8, 366, 1
8, 366, 52
8, 367, 38
8, 368, 34
8, 371, 15
8, 372, 56
8, 375, 21
8, 383, 26
8, 384, 19
8, 385, 16
8, 385, 35
8, 389, 45
8, 389, 54
8, 395, 2
8, 396, 44
8, 398, 11
8, 398, 29
8, 399, 2
8, 401, 13
8, 409, 49
8, 414, 12
8, 417, 29
8, 417, 45
8, 418, 37
8, 418, 38
8, 420, 5
8, 420, 52
8, 422, 18
8, 422, 40
8, 423, 22
8, 424, 3
8, 425, 33
8, 427, 39
8, 428, 5
8, 429, 27
8, 430, 20
8, 434, 14
8, 435, 30
8, 436, 55
8, 438, 27
8, 439, 9
8, 446, 25
8, 448, 42
8, 450, 23
8, 451, 31
8, 455, 4
8, 457, 29
8, 458, 16
8, 459, 44
8, 460, 28
8, 462, 47
8, 464, 7
8, 468, 24
8, 470, 10
8, 471, 31
8, 471, 32
8, 471, 55
8, 477, 17
8, 478, 36
8, 481, 43
8, 484, 56
8, 488, 12
8, 492, 35
8, 495, 34
8, 499, 45
8, 499, 50
8, 504, 19
8, 506, 1
8, 506, 15
8, 506, 43
8, 508, 34
8, 509, 48
8, 510, 30
8, 512, 41
8, 525, 45
8, 527, 22
8, 528, 11
8, 528, 13
8, 530, 6
8, 532, 20
8, 533, 18
8, 535, 24
8, 543, 37
8, 544, 14
8, 544, 52
8, 546, 41
8, 552, 38
8, 553, 46
8, 556, 26
8, 558, 54
8, 561, 27
8, 567, 13
8, 570, 15
8, 571, 8
8, 572, 2
8, 572, 21
8, 576, 39
8, 578, 9
8, 578, 36
8, 579, 25
8, 579, 28
8, 580, 40
8, 583, 55
8, 588, 23
8, 592, 58
8, 595, 16
8, 595, 21
8, 597, 5
8, 600, 32
8, 603, 4
8, 604, 31
8, 604, 56
8, 606, 25
8, 608, 40
8, 612, 42
8, 615, 14
8, 615, 33
8, 622, 17
8, 627, 6
8, 630, 18
8, 632, 10
8, 632, 35
8, 634, 30
8, 635, 6
8, 635, 49
8, 646, 12
8, 649, 27
8, 655, 16
8, 656, 22
8, 659, 1
8, 661, 43
8, 662, 36
8, 664, 26
8, 667, 34
8, 667, 44
8, 668, 15
8, 669, 23
8, 671, 29
8, 673, 17
8, 673, 20
8, 674, 24
8, 679, 37
8, 681, 3
8, 681, 44
8, 687, 8
8, 687, 12
8, 687, 13
8, 689, 9
8, 690, 7
8, 694, 28
8, 696, 43
8, 700, 16
8, 701, 13
8, 703, 39
8, 706, 23
8, 707, 20
8, 707, 52
8, 708, 45
8, 709, 16
8, 713, 46
8, 720, 36
8, 721, 42
8, 721, 44
8, 734, 2
8, 735, 33
8, 740, 18
8, 744, 38
8, 745, 6
8, 746, 1
8, 747, 14
8, 747, 25
8, 749, 54
8, 750, 29
8, 751, 13
8, 753, 29
8, 756, 49
8, 757, 4
8, 758, 11
8, 758, 30
8, 763, 27
8, 766, 41
8, 767, 23
8, 770, 40
8, 771, 15
8, 771, 24
8, 776, 28
8, 777, 32
8, 778, 5
8, 782, 20
8, 785, 3
8, 785, 8
8, 786, 25
8, 786, 31
8, 788, 9
8, 788, 35
8, 790, 28
8, 791, 34
8, 794, 13
8, 795, 7
9, 1, 14
9, 1, 19
9, 2, 13
9, 3, 25
9, 4, 48
9, 5, 23
9, 7, 51
9, 13, 44
9, 20, 17
9, 20, 49
9, 24, 9
9, 25, 53
9, 27, 45
9, 28, 37
9, 29, 60
9, 33, 35
9, 36, 13
9, 37, 8
9, 38, 4
9, 39, 34
9, 43, 23
9, 43, 24
9, 43, 40
9, 43, 44
9, 45, 34
9, 46, 28
9, 46, 36
9, 49, 10
9, 53, 36
9, 53, 59
9, 54, 32
9, 55, 2
9, 58, 21
9, 59, 45
9, 65, 39
9, 68, 53
9, 69, 5
9, 69, 35
9, 70, 5
9, 70, 11
9, 71, 24
9, 72, 12
9, 72, 29
9, 72, 38
9, 74, 13
9, 74, 16
9, 74, 31
9, 74, 42
9, 74, 54
9, 77, 43
9, 77, 44
9, 77, 50
9, 82, 26
9, 84, 41
9, 88, 30
9, 89, 1
9, 89, 45
9, 93, 20
9, 94, 2
9, 96, 7
9, 96, 32
9, 98, 6
9, 99, 57
9, 103, 11
9, 103, 40
9, 104, 35
9, 106, 15
9, 109, 3
9, 109, 18
9, 109, 34
9, 112, 7
9, 113, 1
9, 113, 19
9, 113, 48
9, 117, 59
9, 118, 29
9, 118, 35
9, 125, 47
9, 130, 56
9, 131, 46
9, 132, 51
9, 137, 50
9, 142, 3
9, 142, 14
9, 145, 49
9, 146, 16
9, 150, 22
9, 152, 42
9, 154, 24
9, 156, 10
9, 156, 31
9, 157, 4
9, 157, 57
9, 161, 8
9, 163, 58
9, 164, 36
9, 165, 39
9, 166, 31
9, 167, 28
9, 169, 9
9, 171, 25
9, 171, 45
9, 173, 21
9, 174, 33
9, 175, 54
9, 180, 41
9, 180, 44
9, 182, 15
9, 184, 41
9, 186, 38
9, 187, 22
9, 188, 32
9, 188, 55
9, 189, 48
9, 191, 5
9, 197, 29
9, 199, 30
9, 200, 8
9, 200, 36
9, 203, 28
9, 203, 43
9, 204, 22
9, 206, 16
9, 206, 26
9, 211, 13
9, 212, 33
9, 213, 39
9, 218, 37
9, 219, 15
9, 221, 13
9, 221, 26
9, 223, 53
9, 224, 18
9, 224, 20
9, 225, 1
9, 227, 7
9, 227, 53
9, 230, 19
9, 231, 40
9, 236, 48
9, 244, 4
9, 244, 55
9, 245, 4
9, 245, 46
9, 246, 27
9, 250, 12
9, 251, 52
9, 256, 42
9, 258, 9
9, 258, 23
9, 262, 17
9, 264, 38
9, 265, 6
9, 265, 9
9, 266, 20
9, 267, 16
9, 267, 36
9, 271, 6
9, 274, 32
9, 274, 35
9, 275, 2
9, 276, 47
9, 279, 37
9, 282, 12
9, 289, 1
9, 290, 3
9, 291, 13
9, 294, 16
9, 300, 18
9, 303, 50
9, 303, 56
9, 304, 10
9, 304, 39
9, 305, 42
9, 306, 28
9, 307, 52
9, 308, 15
9, 309, 8
9, 309, 47
9, 309, 51
9, 310, 11
9, 313, 22
9, 313, 34
9, 315, 31
9, 315, 40
9, 317, 24
9, 317, 44
9, 318, 30
9, 321, 43
9, 322, 25
9, 323, 55
9, 325, 3
9, 328, 49
9, 329, 59
9, 330, 33
9, 331, 2
9, 332, 35
9, 335, 50
9, 337, 17
9, 340, 4
9, 343, 7
9, 343, 33
9, 345, 21
9, 345, 31
9, 345, 45
9, 351, 15
9, 353, 43
9, 355, 53
9, 356, 6
9, 356, 19
9, 359, 1
9, 366, 19
9, 366, 21
9, 368, 36
9, 369, 54
9, 371, 38
9, 371, 41
9, 372, 14
9, 372, 20
9, 375, 5
9, 376, 46
9, 377, 29
9, 384, 7
9, 385, 49
9, 387, 9
9, 388, 57
9, 392, 31
9, 393, 25
9, 395, 16
9, 398, 20
9, 399, 41
9, 399, 57
9, 400, 16
9, 402, 27
9, 402, 28
9, 404, 12
9, 404, 48
9, 410, 3
9, 412, 50
9, 413, 37
9, 415, 44
9, 419, 42
9, 421, 34
9, 422, 13
9, 422, 23
9, 423, 24
9, 427, 36
9, 430, 54
9, 434, 20
9, 434, 45
9, 436, 40
9, 436, 52
9, 437, 8
9, 439, 4
9, 439, 47
9, 441, 39
9, 443, 2
9, 446, 53
9, 447, 58
9, 451, 10
9, 452, 56
9, 453, 32
9, 455, 44
9, 457, 11
9, 457, 18
9, 457, 26
9, 458, 34
9, 461, 5
9, 464, 14
9, 464, 40
9, 465, 2
9, 465, 9
9, 466, 30
9, 467, 15
9, 468, 42
9, 473, 33
9, 474, 10
9, 475, 51
9, 480, 12
9, 482, 1
9, 484, 22
9, 484, 48
9, 485, 55
9, 486, 3
9, 489, 53
9, 491, 17
9, 492, 10
9, 493, 7
9, 498, 56
9, 501, 12
9, 502, 28
9, 504, 19
9, 510, 47
9, 512, 21
9, 514, 3
9, 515, 38
9, 517, 47
9, 521, 9
9, 522, 38
9, 523, 43
9, 525, 5
9, 525, 26
9, 526, 24
9, 526, 46
9, 526, 51
9, 528, 35
9, 529, 54
9, 531, 36
9, 537, 44
9, 540, 27
9, 540, 33
9, 541, 46
9, 551, 23
9, 553, 25
9, 553, 42
9, 554, 26
9, 556, 32
9, 558, 11
9, 559, 31
9, 559, 58
9, 560, 23
9, 561, 16
9, 561, 32
9, 561, 41
9, 561, 43
9, 561, 59
9, 562, 40
9, 564, 29
9, 564, 49
9, 569, 32
9, 570, 14
9, 573, 34
9, 573, 49
9, 574, 2
9, 575, 13
9, 577, 37
9, 577, 45
9, 579, 1
9, 580, 52
9, 581, 1
9, 581, 19
9, 590, 45
9, 592, 37
9, 592, 39
9, 598, 31
9, 599, 10
9, 599, 20
9, 599, 29
9, 599, 30
9, 605, 32
9, 606, 10
9, 606, 11
9, 607, 32
9, 608, 26
9, 608, 50
9, 609, 15
9, 611, 2
9, 615, 46
9, 621, 52
9, 625, 17
9, 626, 8
9, 630, 28
9, 630, 50
9, 635, 9
9, 639, 12
9, 640, 23
9, 640, 47
9, 643, 24
9, 644, 19
9, 645, 57
9, 646, 10
9, 646, 18
9, 646, 22
9, 646, 45
9, 648, 27
9, 648, 36
9, 649, 33
9, 653, 9
9, 655, 26
9, 656, 39
9, 657, 46
9, 665, 3
9, 667, 28
9, 667, 54
9, 671, 55
9, 672, 38
9, 676, 7
9, 676, 15
9, 676, 49
9, 678, 42
9, 684, 16
9, 686, 59
9, 688, 13
9, 689, 30
9, 691, 32
9, 695, 4
9, 697, 37
9, 699, 20
9, 700, 7
9, 700, 23
9, 700, 37
9, 700, 48
9, 700, 53
9, 702, 58
9, 703, 1
9, 705, 31
9, 706, 44
9, 707, 2
9, 707, 48
9, 707, 49
9, 708, 5
9, 708, 48
9, 709, 12
9, 710, 58
9, 711, 33
9, 713, 22
9, 715, 27
9, 718, 51
9, 719, 35
9, 722, 21
9, 722, 40
9, 724, 9
9, 729, 26
9, 732, 15
9, 734, 34
9, 736, 12
9, 738, 15
9, 742, 8
9, 742, 41
9, 744, 29
9, 748, 43
9, 749, 40
9, 753, 42
9, 754, 46
9, 755, 1
9, 756, 20
9, 757, 3
9, 760, 4
9, 761, 56
9, 763, 38
9, 771, 53
9, 772, 22
9, 775, 32
9, 778, 58
9, 779, 45
9, 784, 49
9, 792, 15
9, 795, 35
9, 796, 47
9, 797, 39
10, 3, 27
10, 5, 29
10, 7, 29
10, 8, 26
10, 9, 8
10, 14, 54
10, 16, 43
10, 21, 33
10, 24, 36
10, 24, 50
10, 25, 13
10, 25, 20
10, 28, 7
10, 29, 53
10, 30, 23
10, 38, 16
10, 40, 50
10, 41, 56
10, 44, 10
10, 44, 16
10, 46, 54
10, 48, 24
10, 48, 35
10, 50, 15
10, 50, 40
10, 53, 1
10, 54, 49
10, 55, 59
10, 59, 10
10, 61, 48
10, 62, 5
10, 67, 28
10, 70, 15
10, 71, 34
10, 73, 19
10, 76, 4
10, 76, 17
10, 79, 9
10, 91, 14
10, 91, 29
10, 92, 3
10, 94, 39
10, 96, 44
10, 104, 20
10, 104, 33
10, 110, 39
10, 113, 27
10, 113, 47
10, 116, 21
10, 116, 32
10, 119, 13
10, 121, 26
10, 123, 45
10, 124, 5
10, 125, 31
10, 126, 8
10, 126, 46
10, 127, 13
10, 127, 25
10, 132, 36
10, 133, 6
10, 138, 1
10, 138, 14
10, 139, 10
10, 142, 31
10, 143, 20
10, 143, 38
10, 143, 57
10, 144, 11
10, 151, 41
10, 154, 6
10, 157, 24
10, 158, 51
10, 164, 2
10, 168, 55
10, 169, 28
10, 169, 31
10, 172, 56
10, 176, 43
10, 176, 54
10, 177, 11
10, 178, 8
10, 180, 28
10, 181, 22
10, 183, 23
10, 185, 42
10, 187, 9
10, 188, 26
10, 192, 10
10, 195, 35
10, 196, 16
10, 196, 17
10, 199, 48
10, 200, 9
10, 204, 44
10, 205, 3
10, 209, 15
10, 211, 50
10, 212, 40
10, 212, 52
10, 216, 19
10, 216, 30
10, 218, 6
10, 218, 19
10, 219, 7
10, 221, 39
10, 222, 6
10, 227, 19
10, 227, 52
10, 231, 37
10, 234, 17
10, 235, 29
10, 238, 21
10, 243, 26
10, 245, 11
10, 245, 13
10, 245, 34
10, 247, 24
10, 248, 13
10, 249, 43
10, 250, 27
10, 250, 34
10, 252, 33
10, 252, 49
10, 256, 47
10, 256, 53
10, 257, 45
10, 259, 32
10, 260, 41
10, 261, 21
10, 264, 4
10, 264, 56
10, 269, 40
10, 269, 46
10, 269, 51
10, 274, 53
10, 275, 15
10, 277, 16
10, 278, 5
10, 278, 20
10, 279, 55
10, 285, 33
10, 289, 35
10, 295, 25
10, 300, 1
10, 300, 38
10, 306, 36
10, 307, 31
10, 308, 58
10, 309, 28
10, 313, 8
10, 313, 12
10, 316, 2
10, 321, 57
10, 327, 35
10, 328, 52
10, 333, 10
10, 336, 11
10, 336, 23
10, 340, 17
10, 341, 7
10, 343, 18
10, 343, 41
10, 344, 8
10, 345, 48
10, 349, 3
10, 349, 22
10, 350, 39
10, 357, 42
10, 358, 29
10, 362, 6
10, 368, 25
10, 368, 31
10, 368, 34
10, 370, 6
10, 370, 17
10, 370, 44
10, 371, 16
10, 371, 53
10, 372, 14
10, 372, 46
10, 375, 26
10, 381, 37
10, 382, 22
10, 383, 14
10, 390, 15
10, 390, 24
10, 395, 24
10, 402, 37
10, 403, 4
10, 405, 43
10, 408, 32
10, 408, 36
10, 414, 9
10, 414, 19
10, 423, 20
10, 423, 37
10, 425, 5
10, 428, 1
10, 428, 30
10, 433, 54
10, 435, 3
10, 436, 49
10, 438, 48
10, 438, 50
10, 442, 41
10, 444, 34
10, 445, 40
10, 448, 4
10, 448, 12
10, 454, 21
10, 457, 31
10, 460, 56
10, 461, 44
10, 464, 26
10, 466, 2
10, 471, 35
10, 476, 32
10, 476, 38
10, 482, 33
10, 482, 47
10, 486, 23
10, 488, 42
10, 489, 10
10, 489, 19
10, 492, 45
10, 493, 17
10, 493, 28
10, 495, 51
10, 497, 6
10, 500, 42
10, 504, 55
10, 510, 35
10, 511, 11
10, 513, 39
10, 516, 18
10, 516, 27
10, 517, 7
10, 517, 10
10, 517, 37
10, 518, 54
10, 521, 1
10, 521, 17
10, 524, 25
10, 526, 35
10, 529, 3
10, 532, 2
10, 532, 11
10, 533, 19
10, 533, 33
10, 536, 28
10, 537, 39
10, 539, 52
10, 540, 40
10, 542, 8
10, 542, 59
10, 543, 24
10, 545, 13
10, 545, 26
10, 546, 16
10, 548, 15
10, 554, 25
10, 555, 27
10, 557, 58
10, 558, 33
10, 560, 13
10, 565, 1
10, 565, 16
10, 566, 49
10, 573, 8
10, 574, 29
10, 574, 32
10, 576, 19
10, 577, 16
10, 577, 20
10, 577, 57
10, 583, 26
10, 583, 30
10, 589, 7
10, 594, 3
10, 595, 43
10, 596, 4
10, 596, 31
10, 598, 48
10, 599, 18
10, 603, 35
10, 607, 41
10, 608, 10
10, 612, 22
10, 613, 6
10, 613, 9
10, 615, 34
10, 616, 2
10, 617, 24
10, 618, 44
10, 621, 36
10, 621, 38
10, 621, 43
10, 624, 2
10, 624, 23
10, 629, 46
10, 629, 53
10, 639, 46
10, 639, 52
10, 645, 17
10, 648, 38
10, 648, 39
10, 650, 45
10, 650, 51
10, 652, 24
10, 653, 18
10, 654, 55
10, 659, 30
10, 662, 25
10, 662, 37
10, 668, 28
10, 671, 31
10, 672, 56
10, 676, 56
10, 678, 39
10, 683, 10
10, 685, 28
10, 686, 32
10, 689, 29
10, 696, 14
10, 697, 15
10, 698, 42
10, 706, 7
10, 706, 16
10, 713, 21
10, 721, 33
10, 726, 52
10, 729, 7
10, 730, 13
10, 730, 43
10, 734, 19
10, 735, 20
10, 736, 1
10, 736, 50
10, 737, 33
10, 737, 59
10, 740, 24
10, 740, 37
10, 741, 26
10, 742, 45
10, 745, 44
10, 747, 36
10, 753, 31
10, 754, 30
10, 759, 38
10, 762, 23
10, 762, 25
10, 762, 35
10, 767, 2
10, 768, 22
10, 770, 42
10, 771, 14
10, 772, 15
10, 775, 8
10, 778, 13
10, 789, 9
10, 792, 3
10, 794, 42
10, 795, 29
10, 796, 18
11, 2, 27
11, 2, 49
11, 4, 30
11, 4, 35
11, 6, 4
11, 6, 7
11, 6, 25
11, 13, 20
11, 14, 3
11, 16, 22
11, 16, 30
11, 18, 2
11, 19, 1
11, 19, 46
11, 21, 11
11, 22, 12
11, 25, 24
11, 26, 47
11, 26, 54
11, 28, 53
11, 34, 17
11, 36, 37
11, 38, 48
11, 40, 40
11, 44, 21
11, 44, 29
11, 44, 56
11, 48, 23
11, 49, 44
11, 50, 46
11, 55, 9
11, 55, 26
11, 55, 47
11, 55, 50
11, 57, 8
11, 58, 26
11, 59, 42
11, 61, 20
11, 62, 2
11, 62, 32
11, 64, 24
11, 71, 10
11, 71, 18
11, 78, 48
11, 81, 41
11, 83, 43
11, 85, 50
11, 86, 17
11, 86, 37
11, 88, 7
11, 88, 52
11, 90, 22
11, 91, 26
11, 98, 47
11, 100, 11
11, 100, 16
11, 101, 56
11, 105, 23
11, 105, 34
11, 107, 55
11, 108, 13
11, 112, 54
11, 113, 12
11, 115, 8
11, 118, 31
11, 118, 43
11, 123, 35
11, 126, 24
11, 131, 39
11, 131, 44
11, 132, 4
11, 132, 58
11, 134, 2
11, 135, 27
11, 136, 8
11, 140, 40
11, 141, 50
11, 142, 18
11, 143, 25
11, 145, 19
11, 149, 28
11, 149, 29
11, 150, 34
11, 152, 15
11, 152, 20
11, 153, 23
11, 153, 40
11, 155, 46
11, 159, 38
11, 162, 42
11, 163, 12
11, 167, 3
11, 167, 7
11, 168, 32
11, 168, 38
11, 169, 21
11, 172, 7
11, 172, 33
11, 173, 24
11, 175, 5
11, 175, 40
11, 178, 41
11, 179, 54
11, 182, 26
11, 183, 38
11, 187, 1
11, 189, 18
11, 189, 27
11, 190, 58
11, 192, 28
11, 192, 49
11, 193, 26
11, 197, 30
11, 197, 40
11, 198, 47
11, 198, 59
11, 202, 15
11, 203, 46
11, 204, 44
11, 210, 20
11, 212, 4
11, 213, 11
11, 215, 47
11, 218, 19
11, 224, 36
11, 224, 53
11, 225, 13
11, 226, 21
11, 233, 29
11, 235, 37
11, 236, 34
11, 238, 52
11, 238, 55
11, 239, 57
11, 241, 2
11, 241, 45
11, 242, 1
11, 242, 51
11, 248, 1
11, 248, 47
11, 250, 22
11, 253, 41
11, 255, 10
11, 256, 6
11, 258, 22
11, 258, 49
11, 258, 54
11, 259, 57
11, 261, 23
11, 261, 24
11, 262, 35
11, 267, 17
11, 275, 11
11, 275, 39
11, 276, 24
11, 279, 3
11, 280, 43
11, 281, 22
11, 281, 27
11, 285, 28
11, 287, 48
11, 288, 17
11, 290, 7
11, 295, 19
11, 298, 31
11, 299, 2
11, 299, 25
11, 301, 4
11, 303, 32
11, 303, 54
11, 307, 12
11, 314, 30
11, 317, 32
11, 319, 35
11, 319, 42
11, 322, 12
11, 322, 16
11, 324, 40
11, 326, 7
11, 328, 37
11, 329, 18
11, 331, 26
11, 334, 31
11, 334, 36
11, 336, 13
11, 337, 1
11, 337, 14
11, 337, 42
11, 343, 46
11, 344, 20
11, 344, 50
11, 348, 5
11, 349, 34
11, 353, 53
11, 356, 38
11, 357, 2
11, 357, 20
11, 357, 29
11, 363, 32
11, 363, 41
11, 363, 51
11, 364, 45
11, 366, 20
11, 367, 29
11, 369, 43
11, 371, 3
11, 375, 36
11, 376, 9
11, 376, 34
11, 377, 23
11, 377, 56
11, 381, 15
11, 382, 9
11, 382, 49
11, 385, 44
11, 387, 45
11, 388, 47
11, 390, 18
11, 390, 27
11, 393, 11
11, 393, 58
11, 402, 38
11, 405, 56
11, 411, 5
11, 411, 33
11, 412, 25
11, 414, 51
11, 416, 31
11, 416, 44
11, 420, 21
11, 421, 33
11, 425, 8
11, 427, 34
11, 428, 28
11, 430, 33
11, 431, 24
11, 432, 6
11, 433, 16
11, 433, 22
11, 433, 40
11, 434, 40
11, 436, 17
11, 436, 42
11, 439, 26
11, 444, 4
11, 445, 15
11, 448, 12
11, 458, 37
11, 461, 3
11, 461, 34
11, 465, 54
11, 466, 14
11, 467, 10
11, 468, 39
11, 471, 48
11, 473, 19
11, 473, 50
11, 481, 43
11, 483, 52
11, 496, 13
11, 500, 12
11, 502, 2
11, 502, 9
11, 504, 1
11, 505, 17
11, 505, 24
11, 505, 29
11, 506, 20
11, 507, 10
11, 507, 41
11, 508, 20
11, 509, 1
11, 510, 49
11, 512, 30
11, 512, 52
11, 516, 50
11, 517, 29
11, 519, 27
11, 520, 14
11, 522, 13
11, 523, 26
11, 525, 36
11, 525, 42
11, 526, 51
11, 527, 10
11, 531, 38
11, 532, 44
11, 538, 53
11, 539, 25
11, 540, 7
11, 541, 5
11, 541, 31
11, 544, 23
11, 545, 22
11, 548, 11
11, 549, 39
11, 550, 57
11, 551, 23
11, 553, 52
11, 555, 58
11, 556, 16
11, 556, 19
11, 557, 47
11, 560, 5
11, 561, 2
11, 564, 24
11, 566, 15
11, 566, 21
11, 566, 36
11, 568, 12
11, 569, 32
11, 574, 32
11, 577, 35
11, 579, 15
11, 580, 6
11, 581, 28
11, 581, 44
11, 583, 46
11, 588, 26
11, 591, 8
11, 592, 17
11, 592, 34
11, 594, 34
11, 599, 29
11, 600, 4
11, 603, 14
11, 610, 55
11, 611, 16
11, 615, 23
11, 615, 43
11, 617, 41
11, 621, 54
11, 622, 13
11, 625, 4
11, 626, 27
11, 626, 28
11, 627, 1
11, 628, 23
11, 629, 9
11, 629, 50
11, 630, 59
11, 632, 33
11, 632, 37
11, 632, 56
11, 635, 42
11, 638, 13
11, 639, 40
11, 640, 19
11, 642, 51
11, 643, 39
11, 651, 45
11, 659, 3
11, 659, 4
11, 659, 48
11, 662, 9
11, 663, 46
11, 665, 3
11, 665, 12
11, 667, 14
11, 667, 29
11, 667, 45
11, 671, 50
11, 672, 7
11, 672, 16
11, 672, 57
11, 674, 45
11, 675, 52
11, 677, 25
11, 681, 20
11, 682, 27
11, 683, 31
11, 689, 38
11, 696, 22
11, 697, 13
11, 702, 5
11, 702, 34
11, 704, 24
11, 706, 44
11, 706, 58
11, 707, 21
11, 707, 37
11, 712, 30
11, 714, 2
11, 715, 8
11, 715, 23
11, 717, 35
11, 721, 31
11, 721, 43
11, 725, 19
11, 725, 36
11, 726, 6
11, 728, 11
11, 728, 28
11, 730, 37
11, 733, 51
11, 738, 10
11, 741, 6
11, 742, 10
11, 743, 15
11, 745, 36
11, 746, 14
11, 749, 38
11, 760, 18
11, 761, 1
11, 764, 16
11, 765, 49
11, 768, 19
11, 770, 24
11, 774, 4
11, 774, 13
11, 776, 32
11, 779, 39
11, 780, 14
11, 782, 20
11, 782, 45
11, 784, 27
11, 784, 45
11, 785, 12
11, 786, 32
11, 789, 2
11, 791, 50
11, 792, 25
11, 796, 41
12, 1, 24
12, 1, 35
12, 5, 28
12, 6, 40
12, 8, 12
12, 8, 30
12, 10, 22
12, 11, 34
12, 13, 47
12, 24, 8
12, 28, 27
12, 39, 31
12, 39, 55
12, 41, 38
12, 48, 35
12, 50, 34
12, 51, 1
12, 51, 27
12, 52, 18
12, 56, 42
12, 56, 47
12, 64, 48
12, 66, 21
12, 66, 27
12, 67, 45
12, 67, 57
12, 68, 6
12, 68, 51
12, 73, 43
12, 77, 4
12, 80, 20
12, 82, 32
12, 82, 44
12, 83, 14
12, 83, 19
12, 85, 23
12, 90, 25
12, 90, 31
12, 90, 59
12, 91, 39
12, 93, 47
12, 95, 17
12, 96, 10
12, 97, 4
12, 101, 29
12, 103, 22
12, 113, 16
12, 113, 33
12, 113, 57
12, 117, 12
12, 121, 37
12, 121, 50
12, 122, 1
12, 129, 8
12, 134, 46
12, 135, 18
12, 138, 15
12, 141, 51
12, 144, 52
12, 146, 47
12, 148, 5
12, 148, 36
12, 149, 9
12, 149, 35
12, 152, 21
12, 153, 29
12, 153, 47
12, 154, 2
12, 154, 11
12, 157, 30
12, 160, 7
12, 169, 8
12, 169, 23
12, 171, 40
12, 179, 28
12, 180, 19
12, 180, 28
12, 184, 45
12, 189, 13
12, 189, 48
12, 192, 14
12, 192, 43
12, 195, 19
12, 199, 12
12, 199, 26
12, 200, 24
12, 202, 14
12, 207, 51
12, 208, 54
12, 211, 53
12, 212, 4
12, 212, 40
12, 216, 55
12, 216, 57
12, 217, 59
12, 218, 37
12, 218, 43
12, 219, 15
12, 219, 24
12, 220, 20
12, 225, 41
12, 226, 34
12, 228, 51
12, 229, 10
12, 229, 38
12, 230, 25
12, 231, 43
12, 232, 58
12, 234, 6
12, 235, 1
12, 235, 32
12, 235, 36
12, 235, 49
12, 238, 13
12, 239, 39
12, 245, 2
12, 245, 3
12, 246, 19
12, 248, 29
12, 256, 56
12, 258, 13
12, 261, 9
12, 264, 35
12, 266, 33
12, 267, 21
12, 268, 5
12, 268, 10
12, 270, 18
12, 270, 21
12, 270, 44
12, 270, 55
12, 277, 16
12, 283, 11
12, 285, 17
12, 285, 30
12, 285, 52
12, 287, 27
12, 288, 13
12, 288, 20
12, 290, 23
12, 292, 17
12, 296, 15
12, 301, 27
12, 302, 3
12, 302, 48
12, 309, 46
12, 310, 22
12, 315, 22
12, 317, 31
12, 319, 7
12, 324, 8
12, 324, 47
12, 327, 37
12, 327, 50
12, 348, 39
12, 350, 6
12, 350, 47
12, 357, 18
12, 358, 53
12, 359, 14
12, 361, 24
12, 363, 30
12, 364, 18
12, 365, 19
12, 366, 51
12, 367, 36
12, 367, 43
12, 369, 35
12, 369, 46
12, 371, 4
12, 372, 21
12, 374, 16
12, 375, 59
12, 377, 29
12, 378, 38
12, 379, 5
12, 384, 2
12, 384, 26
12, 389, 40
12, 389, 44
12, 395, 39
12, 396, 32
12, 397, 25
12, 399, 57
12, 401, 3
12, 402, 12
12, 404, 22
12, 405, 33
12, 406, 3
12, 408, 37
12, 408, 42
12, 412, 20
12, 413, 5
12, 413, 50
12, 416, 13
12, 416, 29
12, 416, 59
12, 417, 34
12, 425, 9
12, 429, 33
12, 431, 23
12, 431, 35
12, 431, 38
12, 432, 45
12, 433, 28
12, 436, 8
12, 436, 10
12, 437, 7
12, 440, 1
12, 440, 52
12, 445, 14
12, 446, 40
12, 447, 36
12, 448, 2
12, 451, 23
12, 452, 48
12, 455, 46
12, 456, 49
12, 459, 55
12, 460, 31
12, 461, 9
12, 462, 21
12, 469, 30
12, 470, 12
12, 475, 41
12, 477, 56
12, 480, 51
12, 481, 27
12, 482, 17
12, 483, 7
12, 486, 15
12, 486, 32
12, 490, 11
12, 492, 31
12, 494, 6
12, 495, 22
12, 495, 58
12, 498, 33
12, 499, 20
12, 499, 24
12, 500, 16
12, 507, 2
12, 510, 37
12, 517, 4
12, 519, 45
12, 525, 54
12, 532, 26
12, 534, 53
12, 537, 39
12, 539, 17
12, 541, 8
12, 543, 41
12, 544, 57
12, 546, 25
12, 551, 14
12, 552, 1
12, 560, 38
12, 571, 48
12, 572, 28
12, 578, 53
12, 579, 10
12, 580, 43
12, 583, 40
12, 585, 5
12, 588, 50
12, 590, 9
12, 592, 27
12, 598, 28
12, 600, 5
12, 601, 13
12, 601, 52
12, 603, 3
12, 607, 18
12, 609, 44
12, 611, 21
12, 617, 12
12, 623, 54
12, 624, 4
12, 624, 30
12, 625, 35
12, 625, 47
12, 627, 46
12, 630, 22
12, 631, 32
12, 632, 9
12, 632, 11
12, 632, 15
12, 637, 29
12, 646, 2
12, 646, 7
12, 646, 24
12, 648, 43
12, 657, 37
12, 658, 25
12, 664, 26
12, 664, 42
12, 665, 8
12, 665, 34
12, 666, 32
12, 667, 13
12, 667, 36
12, 668, 33
12, 668, 50
12, 671, 2
12, 671, 39
12, 673, 1
12, 676, 35
12, 679, 37
12, 681, 23
12, 682, 19
12, 683, 16
12, 690, 1
12, 703, 11
12, 703, 16
12, 708, 27
12, 709, 38
12, 711, 29
12, 715, 17
12, 715, 59
12, 716, 55
12, 723, 53
12, 724, 48
12, 726, 31
12, 730, 46
12, 734, 9
12, 736, 8
12, 738, 20
12, 739, 41
12, 742, 8
12, 742, 52
12, 745, 56
12, 748, 5
12, 748, 22
12, 752, 10
12, 752, 44
12, 754, 32
12, 755, 21
12, 755, 24
12, 755, 54
12, 758, 40
12, 759, 48
12, 765, 30
12, 767, 39
12, 769, 13
12, 773, 25
12, 774, 28
12, 778, 14
12, 778, 43
12, 780, 34
12, 780, 52
12, 785, 1
12, 786, 16
12, 786, 37
12, 787, 42
12, 796, 10
12, 797, 50
12, 799, 5
13, 1, 29
13, 11, 5
13, 11, 44
13, 12, 30
13, 13, 16
13, 13, 38
13, 15, 8
13, 17, 17
13, 18, 23
13, 18, 36
13, 20, 2
13, 20, 18
13, 20, 23
13, 20, 51
13, 30, 3
13, 30, 48
13, 33, 36
13, 34, 12
13, 38, 1
13, 43, 32
13, 47, 39
13, 50, 47
13, 51, 45
13, 53, 31
13, 56, 51
13, 58, 39
13, 60, 20
13, 62, 58
13, 63, 33
13, 64, 35
13, 66, 21
13, 68, 25
13, 69, 41
13, 70, 28
13, 71, 57
13, 78, 53
13, 79, 43
13, 83, 7
13, 84, 23
13, 88, 17
13, 91, 13
13, 93, 40
13, 93, 42
13, 97, 47
13, 98, 25
13, 102, 12
13, 102, 37
13, 103, 44
13, 110, 26
13, 115, 24
13, 115, 27
13, 115, 34
13, 117, 9
13, 117, 16
13, 122, 4
13, 123, 59
13, 127, 6
13, 127, 13
13, 129, 14
13, 131, 3
13, 131, 16
13, 139, 58
13, 140, 56
13, 145, 11
13, 147, 29
13, 147, 44
13, 149, 48
13, 151, 30
13, 153, 49
13, 154, 10
13, 155, 45
13, 160, 36
13, 164, 22
13, 166, 10
13, 167, 19
13, 167, 50
13, 168, 13
13, 168, 23
13, 169, 53
13, 172, 28
13, 172, 31
13, 173, 29
13, 174, 4
13, 176, 50
13, 179, 52
13, 181, 3
13, 183, 38
13, 183, 46
13, 187, 17
13, 188, 37
13, 192, 26
13, 194, 54
13, 195, 51
13, 200, 2
13, 201, 21
13, 202, 8
13, 202, 30
13, 203, 42
13, 204, 9
13, 206, 7
13, 209, 17
13, 214, 33
13, 222, 20
13, 222, 37
13, 225, 18
13, 225, 48
13, 230, 18
13, 237, 45
13, 239, 1
13, 239, 12
13, 242, 39
13, 243, 12
13, 244, 47
13, 247, 55
13, 251, 27
13, 252, 24
13, 253, 57
13, 255, 32
13, 259, 25
13, 260, 4
13, 261, 13
13, 264, 57
13, 265, 33
13, 266, 32
13, 266, 59
13, 267, 25
13, 272, 40
13, 275, 2
13, 275, 20
13, 277, 35
13, 277, 51
13, 279, 6
13, 280, 3
13, 280, 41
13, 282, 22
13, 285, 16
13, 286, 52
13, 288, 14
13, 289, 34
13, 296, 25
13, 298, 8
13, 298, 31
13, 298, 37
13, 300, 59
13, 303, 43
13, 304, 26
13, 305, 19
13, 307, 6
13, 307, 15
13, 310, 29
13, 310, 44
13, 312, 20
13, 314, 16
13, 316, 28
13, 317, 38
13, 318, 46
13, 318, 49
13, 321, 10
13, 323, 21
13, 323, 23
13, 325, 49
13, 326, 24
13, 326, 47
13, 327, 59
13, 329, 11
13, 332, 30
13, 334, 14
13, 336, 8
13, 343, 33
13, 344, 22
13, 344, 41
13, 345, 11
13, 345, 41
13, 345, 53
13, 347, 7
13, 347, 36
13, 350, 9
13, 350, 52
13, 350, 54
13, 352, 31
13, 356, 28
13, 357, 13
13, 359, 12
13, 360, 50
13, 362, 58
13, 363, 9
13, 363, 23
13, 365, 48
13, 366, 2
13, 366, 10
13, 369, 37
13, 375, 1
13, 376, 35
13, 386, 30
13, 388, 6
13, 389, 29
13, 398, 39
13, 399, 30
13, 402, 27
13, 402, 46
13, 407, 15
13, 408, 54
13, 409, 1
13, 409, 41
13, 416, 7
13, 416, 26
13, 417, 5
13, 417, 12
13, 421, 56
13, 422, 34
13, 423, 12
13, 423, 43
13, 424, 16
13, 425, 6
13, 426, 10
13, 428, 45
13, 428, 55
13, 433, 22
13, 434, 57
13, 440, 55
13, 441, 14
13, 441, 32
13, 442, 3
13, 443, 31
13, 444, 38
13, 445, 17
13, 445, 52
13, 448, 2
13, 449, 4
13, 450, 5
13, 452, 46
13, 453, 25
13, 453, 51
13, 456, 42
13, 458, 36
13, 459, 59
13, 460, 32
13, 461, 8
13, 461, 48
13, 466, 13
13, 468, 44
13, 470, 6
13, 471, 21
13, 472, 19
13, 473, 35
13, 475, 24
13, 476, 45
13, 478, 27
13, 483, 1
13, 484, 11
13, 484, 53
13, 486, 22
13, 486, 71
13, 492, 27
13, 493, 18
13, 495, 49
13, 497, 24
13, 498, 9
13, 499, 47
13, 500, 42
13, 504, 23
13, 505, 33
13, 505, 39
13, 514, 33
13, 521, 37
13, 524, 34
13, 525, 43
13, 525, 51
13, 534, 25
13, 534, 46
13, 538, 47
13, 544, 28
13, 544, 41
13, 546, 19
13, 548, 51
13, 549, 7
13, 551, 44
13, 553, 30
13, 559, 5
13, 559, 12
13, 562, 43
13, 563, 58
13, 564, 9
13, 564, 10
13, 564, 29
13, 567, 54
13, 570, 32
13, 574, 12
13, 580, 4
13, 582, 26
13, 583, 21
13, 585, 1
13, 585, 36
13, 590, 35
13, 590, 38
13, 591, 17
13, 592, 23
13, 594, 26
13, 595, 31
13, 597, 8
13, 597, 16
13, 597, 31
13, 599, 16
13, 600, 56
13, 604, 45
13, 605, 42
13, 608, 27
13, 608, 52
13, 611, 20
13, 614, 34
13, 616, 22
13, 616, 40
13, 618, 32
13, 624, 50
13, 626, 53
13, 628, 34
13, 630, 55
13, 634, 26
13, 634, 38
13, 636, 14
13, 637, 55
13, 639, 35
13, 643, 11
13, 646, 28
13, 647, 37
13, 649, 39
13, 657, 9
13, 659, 41
13, 661, 6
13, 662, 6
13, 662, 25
13, 663, 10
13, 663, 20
13, 664, 51
13, 666, 59
13, 669, 57
13, 670, 13
13, 670, 44
13, 671, 10
13, 671, 23
13, 672, 6
13, 672, 15
13, 676, 33
13, 677, 33
13, 679, 27
13, 680, 18
13, 683, 44
13, 687, 7
13, 689, 31
13, 690, 7
13, 690, 13
13, 690, 46
13, 694, 19
13, 695, 29
13, 695, 58
13, 697, 5
13, 697, 26
13, 702, 35
13, 702, 51
13, 704, 7
13, 706, 17
13, 707, 52
13, 716, 4
13, 716, 28
13, 719, 45
13, 721, 30
13, 722, 39
13, 728, 19
13, 729, 57
13, 730, 17
13, 733, 55
13, 736, 38
13, 742, 48
13, 746, 4
13, 747, 9
13, 747, 13
13, 749, 3
13, 749, 53
13, 750, 35
13, 752, 16
13, 753, 36
13, 754, 16
13, 759, 19
13, 761, 54
13, 763, 40
13, 764, 37
13, 768, 12
13, 770, 33
13, 770, 34
13, 773, 52
13, 774, 5
13, 782, 18
13, 783, 23
13, 783, 47
13, 788, 10
13, 789, 49
13, 790, 32
13, 796, 24
13, 799, 55
14, 2, 30
14, 4, 17
14, 4, 36
14, 5, 37
14, 5, 40
14, 5, 44
14, 5, 56
14, 6, 3
14, 6, 26
14, 7, 34
14, 11, 5
14, 12, 23
14, 18, 35
14, 19, 13
14, 23, 17
14, 23, 21
14, 26, 15
14, 28, 32
14, 29, 14
14, 31, 17
14, 31, 32
14, 32, 39
14, 36, 6
14, 36, 50
14, 38, 20
14, 38, 51
14, 39, 10
14, 39, 38
14, 46, 1
14, 49, 2
14, 49, 51
14, 56, 11
14, 56, 23
14, 56, 31
14, 56, 47
14, 61, 16
14, 62, 37
14, 65, 52
14, 66, 24
14, 67, 50
14, 75, 13
14, 75, 45
14, 77, 28
14, 79, 25
14, 79, 46
14, 82, 26
14, 85, 19
14, 85, 39
14, 85, 44
14, 87, 45
14, 88, 31
14, 90, 21
14, 90, 49
14, 93, 22
14, 94, 5
14, 95, 36
14, 95, 55
14, 96, 24
14, 96, 54
14, 104, 33
14, 106, 4
14, 108, 26
14, 111, 30
14, 111, 51
14, 112, 22
14, 115, 47
14, 116, 35
14, 117, 29
14, 119, 17
14, 121, 28
14, 121, 41
14, 123, 12
14, 123, 39
14, 123, 51
14, 124, 10
14, 125, 16
14, 126, 1
14, 126, 27
14, 127, 8
14, 131, 10
14, 132, 8
14, 134, 20
14, 138, 25
14, 139, 3
14, 141, 24
14, 141, 52
14, 142, 16
14, 142, 37
14, 144, 18
14, 147, 44
14, 149, 6
14, 149, 49
14, 152, 45
14, 156, 11
14, 160, 9
14, 160, 56
14, 161, 7
14, 164, 17
14, 165, 54
14, 168, 21
14, 168, 30
14, 169, 1
14, 170, 48
14, 178, 47
14, 180, 32
14, 181, 50
14, 186, 3
14, 189, 9
14, 190, 17
14, 190, 25
14, 191, 23
14, 192, 14
14, 195, 18
14, 195, 57
14, 196, 2
14, 197, 28
14, 197, 35
14, 199, 10
14, 200, 22
14, 200, 26
14, 201, 34
14, 205, 32
14, 205, 40
14, 209, 5
14, 214, 50
14, 215, 46
14, 218, 23
14, 221, 32
14, 224, 27
14, 224, 46
14, 227, 2
14, 228, 51
14, 229, 10
14, 230, 4
14, 230, 15
14, 231, 38
14, 238, 20
14, 239, 16
14, 240, 19
14, 241, 8
14, 243, 22
14, 243, 37
14, 244, 45
14, 245, 43
14, 247, 46
14, 249, 3
14, 252, 4
14, 252, 52
14, 256, 31
14, 256, 39
14, 257, 11
14, 258, 49
14, 260, 33
14, 264, 13
14, 264, 34
14, 266, 12
14, 266, 28
14, 267, 19
14, 267, 44
14, 268, 1
14, 275, 24
14, 277, 8
14, 277, 30
14, 280, 33
14, 283, 52
14, 284, 26
14, 286, 59
14, 287, 37
14, 287, 55
14, 289, 55
14, 291, 41
14, 294, 36
14, 295, 5
14, 296, 21
14, 297, 48
14, 301, 9
14, 302, 3
14, 303, 56
14, 304, 7
14, 308, 6
14, 308, 41
14, 319, 17
14, 320, 43
14, 326, 50
14, 327, 3
14, 331, 35
14, 331, 47
14, 332, 35
14, 333, 37
14, 335, 32
14, 337, 4
14, 342, 26
14, 345, 10
14, 349, 29
14, 352, 15
14, 353, 21
14, 353, 57
14, 356, 57
14, 358, 24
14, 359, 8
14, 359, 34
14, 360, 5
14, 364, 31
14, 368, 25
14, 372, 18
14, 377, 45
14, 381, 42
14, 381, 54
14, 382, 19
14, 382, 28
14, 384, 4
14, 385, 22
14, 389, 35
14, 391, 16
14, 391, 41
14, 394, 10
14, 394, 16
14, 397, 9
14, 398, 2
14, 398, 6
14, 402, 25
14, 403, 32
14, 409, 12
14, 414, 13
14, 414, 24
14, 414, 46
14, 416, 51
14, 417, 14
14, 420, 38
14, 421, 30
14, 422, 39
14, 429, 40
14, 429, 43
14, 429, 48
14, 431, 23
14, 434, 11
14, 436, 27
14, 436, 51
14, 437, 15
14, 437, 49
14, 439, 47
14, 444, 52
14, 448, 7
14, 448, 49
14, 449, 11
14, 451, 24
14, 452, 6
14, 454, 17
14, 454, 34
14, 456, 33
14, 456, 40
14, 458, 44
14, 461, 33
14, 462, 8
14, 462, 45
14, 463, 12
14, 472, 36
14, 473, 50
14, 475, 3
14, 478, 11
14, 480, 43
14, 480, 52
14, 483, 16
14, 488, 31
14, 489, 40
14, 491, 20
14, 491, 33
14, 493, 18
14, 493, 27
14, 497, 10
14, 498, 50
14, 504, 22
14, 504, 28
14, 506, 35
14, 507, 55
14, 511, 9
14, 512, 25
14, 514, 20
14, 515, 19
14, 515, 48
14, 520, 5
14, 521, 25
14, 522, 1
14, 525, 56
14, 527, 3
14, 528, 5
14, 529, 21
14, 529, 35
14, 532, 16
14, 533, 6
14, 534, 20
14, 535, 31
14, 537, 2
14, 537, 37
14, 541, 24
14, 542, 38
14, 542, 42
14, 543, 13
14, 545, 54
14, 547, 18
14, 547, 34
14, 548, 14
14, 548, 29
14, 549, 23
14, 555, 38
14, 556, 17
14, 557, 4
14, 559, 2
14, 559, 42
14, 560, 26
14, 563, 30
14, 564, 22
14, 565, 2
14, 565, 32
14, 570, 1
14, 570, 15
14, 572, 12
14, 573, 7
14, 574, 25
14, 578, 19
14, 579, 49
14, 580, 8
14, 580, 26
14, 581, 25
14, 586, 22
14, 587, 24
14, 592, 51
14, 593, 46
14, 594, 34
14, 596, 45
14, 597, 52
14, 598, 39
14, 600, 32
14, 601, 15
14, 605, 11
14, 611, 35
14, 613, 36
14, 613, 49
14, 615, 57
14, 620, 13
14, 623, 4
14, 623, 44
14, 625, 24
14, 626, 9
14, 631, 47
14, 634, 22
14, 635, 30
14, 635, 47
14, 636, 34
14, 638, 36
14, 639, 7
14, 641, 26
14, 643, 16
14, 643, 31
14, 643, 40
14, 644, 51
14, 644, 54
14, 646, 10
14, 646, 17
14, 648, 19
14, 648, 50
14, 649, 10
14, 652, 11
14, 653, 1
14, 653, 13
14, 653, 52
14, 656, 41
14, 659, 42
14, 660, 54
14, 661, 16
14, 663, 2
14, 664, 21
14, 665, 27
14, 667, 33
14, 668, 38
14, 669, 30
14, 670, 46
14, 671, 28
14, 672, 12
14, 673, 9
14, 673, 45
14, 678, 44
14, 679, 18
14, 679, 29
14, 680, 46
14, 681, 37
14, 682, 34
14, 685, 32
14, 686, 23
14, 687, 3
14, 696, 17
14, 698, 39
14, 699, 35
14, 708, 30
14, 711, 42
14, 712, 40
14, 714, 14
14, 718, 20
14, 720, 41
14, 730, 7
14, 736, 6
14, 740, 16
14, 740, 28
14, 742, 18
14, 743, 13
14, 749, 49
14, 751, 19
14, 753, 2
14, 756, 26
14, 757, 5
14, 760, 37
14, 761, 48
14, 764, 38
14, 766, 8
14, 771, 17
14, 777, 25
14, 780, 11
14, 780, 57
14, 783, 28
14, 783, 46
14, 783, 49
14, 795, 7
14, 797, 31
14, 798, 34
15, 3, 1
15, 7, 9
15, 10, 11
15, 11, 35
15, 14, 19
15, 15, 49
15, 16, 15
15, 17, 24
15, 18, 42
15, 19, 4
15, 21, 6
15, 25, 50
15, 26, 25
15, 26, 49
15, 28, 5
15, 33, 48
15, 35, 26
15, 36, 8
15, 40, 51
15, 41, 37
15, 42, 43
15, 42, 56
15, 43, 23
15, 44, 27
15, 45, 36
15, 47, 18
15, 57, 41
15, 66, 32
15, 67, 7
15, 70, 50
15, 80, 12
15, 83, 29
15, 86, 3
15, 86, 30
15, 88, 28
15, 97, 38
15, 97, 51
15, 100, 8
15, 102, 13
15, 104, 5
15, 108, 20
15, 109, 8
15, 111, 19
15, 113, 18
15, 115, 44
15, 117, 55
15, 118, 6
15, 119, 29
15, 121, 21
15, 121, 35
15, 124, 32
15, 129, 34
15, 130, 47
15, 132, 44
15, 136, 46
15, 137, 11
15, 141, 10
15, 142, 17
15, 143, 22
15, 146, 45
15, 148, 27
15, 149, 1
15, 149, 7
15, 151, 26
15, 157, 5
15, 157, 26
15, 159, 2
15, 171, 39
15, 172, 37
15, 176, 16
15, 178, 56
15, 180, 43
15, 181, 9
15, 183, 43
15, 184, 13
15, 184, 52
15, 190, 15
15, 192, 50
15, 194, 1
15, 195, 57
15, 197, 25
15, 199, 42
15, 200, 4
15, 200, 34
15, 201, 29
15, 202, 53
15, 208, 19
15, 209, 54
15, 211, 12
15, 212, 42
15, 214, 24
15, 216, 48
15, 224, 18
15, 224, 36
15, 225, 51
15, 230, 24
15, 231, 41
15, 234, 30
15, 235, 35
15, 242, 40
15, 243, 28
15, 244, 57
15, 246, 23
15, 248, 29
15, 253, 49
15, 254, 40
15, 255, 14
15, 256, 38
15, 263, 47
15, 268, 11
15, 270, 16
15, 270, 21
15, 273, 35
15, 274, 8
15, 276, 14
15, 276, 24
15, 277, 2
15, 277, 26
15, 279, 43
15, 280, 18
15, 285, 28
15, 286, 27
15, 287, 3
15, 291, 21
15, 292, 6
15, 292, 50
15, 295, 38
15, 295, 49
15, 297, 9
15, 306, 7
15, 307, 32
15, 312, 5
15, 313, 57
15, 316, 30
15, 318, 23
15, 319, 11
15, 322, 46
15, 325, 28
15, 326, 47
15, 327, 33
15, 330, 13
15, 335, 27
15, 335, 45
15, 336, 34
15, 338, 4
15, 339, 39
15, 339, 53
15, 342, 10
15, 343, 55
15, 344, 25
15, 344, 31
15, 344, 42
15, 345, 36
15, 347, 22
15, 353, 17
15, 353, 19
15, 354, 56
15, 357, 37
15, 357, 42
15, 358, 44
15, 358, 46
15, 360, 20
15, 362, 52
15, 365, 5
15, 371, 2
15, 375, 33
15, 380, 29
15, 380, 56
15, 383, 51
15, 384, 28
15, 387, 41
15, 388, 35
15, 390, 23
15, 394, 30
15, 396, 1
15, 396, 21
15, 401, 10
15, 402, 48
15, 403, 15
15, 405, 43
15, 406, 7
15, 406, 51
15, 409, 39
15, 413, 18
15, 414, 37
15, 418, 16
15, 418, 54
15, 424, 53
15, 426, 8
15, 434, 57
15, 435, 14
15, 440, 3
15, 449, 34
15, 451, 9
15, 451, 40
15, 456, 26
15, 457, 39
15, 464, 12
15, 466, 40
15, 473, 34
15, 473, 45
15, 475, 38
15, 476, 3
15, 477, 11
15, 477, 18
15, 478, 6
15, 479, 24
15, 480, 4
15, 485, 21
15, 486, 12
15, 486, 21
15, 488, 6
15, 488, 19
15, 496, 53
15, 497, 42
15, 498, 17
15, 498, 43
15, 499, 25
15, 499, 50
15, 501, 36
15, 502, 2
15, 502, 32
15, 503, 26
15, 506, 10
15, 508, 48
15, 511, 35
15, 512, 13
15, 513, 55
15, 518, 28
15, 522, 36
15, 527, 7
15, 530, 25
15, 530, 41
15, 531, 12
15, 535, 15
15, 536, 46
15, 539, 20
15, 541, 49
15, 544, 31
15, 547, 57
15, 548, 45
15, 551, 27
15, 552, 37
15, 553, 44
15, 553, 58
15, 555, 46
15, 559, 50
15, 562, 32
15, 563, 30
15, 564, 1
15, 565, 29
15, 570, 11
15, 573, 16
15, 579, 52
15, 579, 54
15, 583, 3
15, 583, 33
15, 591, 40
15, 594, 13
15, 594, 14
15, 605, 39
15, 607, 47
15, 609, 30
15, 611, 17
15, 612, 48
15, 614, 8
15, 614, 13
15, 617, 51
15, 618, 19
15, 618, 36
15, 622, 22
15, 626, 6
15, 628, 26
15, 630, 10
15, 630, 37
15, 632, 18
15, 632, 23
15, 640, 4
15, 640, 34
15, 643, 5
15, 650, 24
15, 655, 11
15, 655, 43
15, 658, 20
15, 663, 7
15, 663, 10
15, 664, 21
15, 671, 29
15, 671, 38
15, 672, 56
15, 674, 41
15, 679, 12
15, 680, 53
15, 686, 28
15, 687, 2
15, 687, 42
15, 690, 50
15, 692, 44
15, 693, 8
15, 693, 37
15, 697, 6
15, 698, 21
15, 698, 23
15, 700, 44
15, 703, 6
15, 706, 16
15, 707, 3
15, 712, 27
15, 713, 1
15, 713, 30
15, 714, 17
15, 716, 12
15, 716, 14
15, 720, 14
15, 720, 40
15, 722, 46
15, 725, 44
15, 727, 33
15, 729, 25
15, 737, 35
15, 737, 39
15, 741, 54
15, 742, 38
15, 754, 18
15, 754, 48
15, 763, 2
15, 765, 15
15, 769, 41
15, 771, 34
15, 773, 40
15, 774, 11
15, 775, 37
15, 776, 39
15, 779, 19
15, 781, 22
15, 782, 57
15, 784, 33
15, 787, 3
15, 788, 53
15, 788, 58
15, 790, 29
15, 791, 1
15, 791, 16
15, 792, 11
15, 793, 13
15, 793, 17
15, 796, 56
15, 798, 44
16, 1, 17
16, 3, 37
16, 7, 9
16, 7, 12
16, 7, 43
16, 13, 30
16, 19, 27
16, 20, 17
16, 21, 30
16, 23, 44
16, 25, 16
16, 26, 36
16, 31, 46
16, 32, 42
16, 36, 51
16, 37, 20
16, 39, 40
16, 43, 8
16, 45, 3
16, 49, 46
16, 50, 5
16, 51, 7
16, 51, 47
16, 53, 37
16, 54, 24
16, 55, 19
16, 56, 13
16, 60, 3
16, 62, 6
16, 63, 39
16, 65, 15
16, 70, 19
16, 74, 9
16, 76, 21
16, 77, 11
16, 77, 14
16, 77, 56
16, 78, 52
16, 79, 5
16, 79, 18
16, 80, 7
16, 82, 26
16, 85, 33
16, 93, 40
16, 94, 48
16, 96, 47
16, 98, 41
16, 99, 12
16, 99, 24
16, 99, 25
16, 101, 17
16, 103, 23
16, 105, 46
16, 106, 32
16, 107, 40
16, 109, 49
16, 110, 4
16, 113, 4
16, 113, 8
16, 113, 23
16, 114, 50
16, 117, 45
16, 118, 14
16, 118, 19
16, 120, 22
16, 126, 9
16, 128, 16
16, 128, 51
16, 131, 47
16, 133, 27
16, 133, 30
16, 135, 1
16, 138, 21
16, 144, 37
16, 148, 31
16, 160, 16
16, 160, 29
16, 162, 16
16, 163, 3
16, 163, 24
16, 165, 46
16, 167, 55
16, 174, 2
16, 182, 36
16, 182, 55
16, 184, 44
16, 186, 21
16, 192, 18
16, 192, 28
16, 193, 24
16, 193, 58
16, 197, 53
16, 199, 36
16, 204, 33
16, 206, 30
16, 206, 35
16, 207, 38
16, 209, 42
16, 214, 1
16, 214, 54
16, 216, 25
16, 216, 35
16, 221, 32
16, 224, 6
16, 224, 34
16, 226, 11
16, 227, 56
16, 229, 13
16, 230, 19
16, 231, 13
16, 233, 17
16, 234, 23
16, 235, 21
16, 239, 10
16, 241, 25
16, 243, 7
16, 245, 5
16, 250, 49
16, 250, 52
16, 251, 26
16, 252, 23
16, 252, 31
16, 252, 32
16, 253, 14
16, 255, 42
16, 257, 27
16, 259, 18
16, 261, 3
16, 264, 52
16, 266, 2
16, 267, 45
16, 269, 4
16, 270, 37
16, 272, 56
16, 273, 40
16, 273, 46
16, 276, 26
16, 280, 34
16, 282, 21
16, 282, 29
16, 283, 8
16, 284, 36
16, 287, 43
16, 290, 15
16, 290, 22
16, 290, 30
16, 297, 7
16, 297, 53
16, 301, 15
16, 302, 9
16, 302, 47
16, 303, 33
16, 307, 1
16, 311, 7
16, 312, 20
16, 315, 12
16, 317, 21
16, 319, 28
16, 323, 41
16, 329, 30
16, 330, 38
16, 333, 39
16, 334, 55
16, 335, 38
16, 337, 16
16, 339, 16
16, 339, 48
16, 340, 24
16, 340, 56
16, 341, 33
16, 343, 48
16, 346, 48
16, 348, 8
16, 348, 32
16, 353, 54
16, 357, 40
16, 362, 44
16, 367, 51
16, 370, 13
16, 373, 27
16, 375, 6
16, 375, 19
16, 377, 34
16, 377, 42
16, 379, 12
16, 379, 17
16, 385, 2
16, 386, 47
16, 387, 56
16, 388, 2
16, 388, 6
16, 393, 51
16, 394, 40
16, 397, 53
16, 401, 49
16, 403, 23
16, 405, 11
16, 408, 5
16, 411, 31
16, 411, 36
16, 412, 46
16, 413, 32
16, 415, 4
16, 415, 18
16, 419, 31
16, 421, 10
16, 422, 50
16, 424, 22
16, 425, 29
16, 427, 25
16, 427, 35
16, 429, 41
16, 435, 16
16, 439, 14
16, 439, 20
16, 439, 34
16, 443, 50
16, 445, 57
16, 446, 45
16, 448, 26
16, 448, 55
16, 452, 15
16, 455, 35
16, 456, 3
16, 458, 28
16, 462, 48
16, 468, 9
16, 472, 7
16, 473, 21
16, 473, 30
16, 474, 23
16, 474, 24
16, 474, 36
16, 477, 58
16, 481, 9
16, 481, 43
16, 483, 10
16, 483, 30
16, 487, 27
16, 488, 3
16, 491, 28
16, 495, 37
16, 497, 25
16, 499, 29
16, 500, 11
16, 505, 5
16, 506, 13
16, 507, 7
16, 508, 3
16, 508, 17
16, 510, 4
16, 510, 19
16, 511, 52
16, 512, 10
16, 517, 32
16, 519, 8
16, 524, 38
16, 525, 44
16, 528, 9
16, 529, 4
16, 529, 31
16, 532, 8
16, 532, 42
16, 533, 47
16, 536, 46
16, 541, 51
16, 542, 15
16, 542, 49
16, 543, 2
16, 543, 26
16, 543, 33
16, 548, 1
16, 549, 37
16, 551, 10
16, 551, 56
16, 552, 49
16, 554, 40
16, 556, 9
16, 560, 1
16, 562, 14
16, 565, 6
16, 567, 55
16, 569, 35
16, 570, 3
16, 572, 12
16, 573, 2
16, 573, 22
16, 575, 39
16, 578, 50
16, 584, 42
16, 585, 34
16, 588, 40
16, 588, 50
16, 592, 9
16, 594, 28
16, 594, 30
16, 599, 20
16, 602, 16
16, 602, 49
16, 603, 16
16, 604, 29
16, 608, 27
16, 609, 7
16, 610, 41
16, 612, 9
16, 612, 15
16, 612, 25
16, 613, 45
16, 615, 43
16, 618, 58
16, 619, 34
16, 625, 14
16, 625, 35
16, 627, 14
16, 628, 47
16, 630, 4
16, 630, 23
16, 630, 54
16, 633, 11
16, 635, 52
16, 636, 21
16, 637, 31
16, 637, 36
16, 638, 53
16, 639, 6
16, 639, 23
16, 640, 2
16, 643, 5
16, 644, 37
16, 644, 52
16, 645, 1
16, 645, 14
16, 645, 32
16, 646, 48
16, 649, 28
16, 655, 51
16, 656, 14
16, 660, 10
16, 662, 57
16, 666, 18
16, 667, 38
16, 671, 30
16, 673, 17
16, 680, 44
16, 687, 28
16, 688, 15
16, 689, 39
16, 690, 11
16, 690, 41
16, 691, 5
16, 691, 50
16, 698, 30
16, 701, 49
16, 705, 8
16, 708, 53
16, 710, 2
16, 710, 52
16, 712, 12
16, 713, 2
16, 713, 58
16, 714, 20
16, 717, 42
16, 718, 8
16, 721, 22
16, 721, 25
16, 725, 4
16, 725, 9
16, 728, 23
16, 732, 37
16, 733, 20
16, 734, 19
16, 734, 50
16, 735, 22
16, 745, 1
16, 746, 35
16, 748, 10
16, 749, 5
16, 749, 25
16, 751, 45
16, 752, 58
16, 756, 7
16, 758, 26
16, 763, 5
16, 765, 36
16, 765, 50
16, 766, 24
16, 766, 32
16, 769, 26
16, 769, 29
16, 771, 56
16, 772, 43
16, 774, 43
16, 775, 18
16, 777, 17
16, 777, 21
16, 779, 14
16, 779, 34
16, 783, 30
16, 786, 17
16, 790, 30
16, 792, 8
16, 796, 26
16, 796, 53
16, 797, 15
16, 799, 29
16, 799, 38
17, 2, 20
17, 3, 5
17, 6, 49
17, 9, 8
17, 9, 41
17, 11, 22
17, 11, 35
17, 12, 21
17, 16, 34
17, 21, 9
17, 28, 17
17, 32, 44
17, 33, 42
17, 34, 31
17, 37, 34
17, 39, 56
17, 41, 15
17, 41, 24
17, 44, 3
17, 47, 32
17, 50, 50
17, 51, 3
17, 51, 11
17, 56, 53
17, 58, 3
17, 59, 13
17, 59, 40
17, 59, 56
17, 61, 6
17, 64, 27
17, 67, 23
17, 70, 26
17, 71, 47
17, 72, 7
17, 72, 56
17, 73, 17
17, 74, 44
17, 74, 55
17, 78, 29
17, 78, 39
17, 80, 40
17, 81, 22
17, 86, 24
17, 88, 16
17, 89, 45
17, 90, 51
17, 92, 30
17, 97, 28
17, 100, 4
17, 103, 2
17, 110, 15
17, 110, 38
17, 113, 14
17, 115, 12
17, 115, 25
17, 116, 57
17, 117, 37
17, 121, 51
17, 122, 32
17, 123, 28
17, 124, 19
17, 127, 27
17, 127, 60
17, 136, 35
17, 137, 8
17, 140, 36
17, 141, 21
17, 145, 58
17, 146, 22
17, 148, 35
17, 155, 34
17, 156, 40
17, 157, 5
17, 161, 13
17, 162, 45
17, 164, 49
17, 165, 34
17, 165, 48
17, 167, 39
17, 167, 54
17, 168, 10
17, 169, 41
17, 172, 17
17, 174, 31
17, 175, 9
17, 175, 60
17, 176, 4
17, 176, 19
17, 181, 3
17, 181, 38
17, 186, 2
17, 189, 29
17, 191, 5
17, 192, 12
17, 192, 43
17, 197, 47
17, 198, 9
17, 200, 21
17, 201, 26
17, 203, 7
17, 205, 8
17, 207, 11
17, 209, 38
17, 210, 44
17, 212, 22
17, 216, 2
17, 223, 46
17, 225, 35
17, 227, 7
17, 230, 6
17, 230, 53
17, 232, 27
17, 233, 15
17, 234, 28
17, 235, 1
17, 236, 17
17, 238, 19
17, 239, 42
17, 245, 12
17, 247, 20
17, 250, 41
17, 252, 41
17, 255, 30
17, 260, 14
17, 260, 32
17, 260, 51
17, 262, 18
17, 262, 33
17, 262, 50
17, 264, 42
17, 266, 30
17, 268, 44
17, 272, 50
17, 275, 49
17, 277, 16
17, 286, 22
17, 286, 36
17, 292, 51
17, 294, 10
17, 294, 44
17, 295, 31
17, 297, 9
17, 300, 24
17, 301, 5
17, 301, 27
17, 301, 40
17, 308, 7
17, 308, 56
17, 309, 45
17, 310, 13
17, 311, 25
17, 311, 48
17, 315, 8
17, 316, 50
17, 318, 4
17, 319, 43
17, 321, 21
17, 323, 23
17, 325, 3
17, 325, 55
17, 327, 7
17, 327, 37
17, 327, 56
17, 329, 37
17, 332, 2
17, 332, 34
17, 334, 16
17, 335, 26
17, 335, 32
17, 339, 35
17, 340, 17
17, 341, 29
17, 341, 54
17, 347, 46
17, 349, 27
17, 353, 14
17, 355, 52
17, 358, 12
17, 360, 29
17, 362, 31
17, 362, 47
17, 365, 20
17, 368, 15
17, 375, 9
17, 378, 5
17, 380, 19
17, 381, 18
17, 382, 39
17, 383, 34
17, 385, 15
17, 387, 26
17, 388, 44
17, 389, 11
17, 390, 49
17, 392, 53
17, 396, 41
17, 400, 15
17, 402, 6
17, 403, 1
17, 403, 49
17, 409, 25
17, 411, 49
17, 413, 28
17, 414, 14
17, 418, 45
17, 420, 30
17, 421, 42
17, 427, 43
17, 427, 50
17, 430, 56
17, 432, 16
17, 432, 33
17, 437, 3
17, 438, 40
17, 440, 10
17, 441, 48
17, 442, 27
17, 442, 58
17, 444, 1
17, 449, 36
17, 452, 6
17, 458, 19
17, 459, 18
17, 459, 52
17, 460, 8
17, 460, 54
17, 462, 38
17, 468, 8
17, 468, 31
17, 469, 3
17, 476, 29
17, 480, 18
17, 480, 33
17, 481, 4
17, 482, 35
17, 484, 54
17, 485, 47
17, 486, 57
17, 493, 22
17, 493, 32
17, 493, 34
17, 496, 4
17, 498, 17
17, 501, 13
17, 501, 55
17, 502, 23
17, 504, 56
17, 504, 57
17, 509, 31
17, 511, 9
17, 513, 5
17, 513, 46
17, 517, 37
17, 518, 17
17, 530, 17
17, 530, 53
17, 533, 15
17, 536, 12
17, 536, 39
17, 537, 20
17, 537, 40
17, 542, 48
17, 543, 14
17, 544, 7
17, 545, 11
17, 545, 60
17, 547, 2
17, 547, 7
17, 547, 24
17, 548, 29
17, 551, 5
17, 551, 30
17, 553, 24
17, 553, 28
17, 554, 32
17, 555, 42
17, 560, 38
17, 563, 21
17, 565, 19
17, 567, 36
17, 570, 44
17, 570, 50
17, 571, 54
17, 572, 20
17, 573, 18
17, 576, 22
17, 578, 3
17, 578, 12
17, 583, 16
17, 583, 45
17, 588, 6
17, 588, 27
17, 589, 10
17, 590, 2
17, 590, 3
17, 593, 33
17, 596, 41
17, 598, 16
17, 599, 15
17, 599, 18
17, 602, 15
17, 603, 33
17, 605, 2
17, 610, 1
17, 611, 1
17, 611, 35
17, 611, 39
17, 611, 43
17, 616, 2
17, 616, 47
17, 617, 13
17, 623, 47
17, 628, 34
17, 629, 58
17, 632, 31
17, 633, 35
17, 635, 29
17, 642, 32
17, 644, 3
17, 644, 9
17, 644, 16
17, 644, 58
17, 649, 51
17, 658, 30
17, 663, 26
17, 664, 52
17, 664, 60
17, 667, 38
17, 668, 4
17, 668, 16
17, 668, 23
17, 669, 7
17, 669, 14
17, 673, 42
17, 684, 40
17, 685, 55
17, 686, 25
17, 686, 45
17, 687, 12
17, 687, 28
17, 687, 40
17, 692, 7
17, 692, 19
17, 692, 25
17, 693, 58
17, 694, 24
17, 696, 50
17, 698, 35
17, 701, 6
17, 704, 21
17, 715, 36
17, 716, 19
17, 718, 27
17, 720, 15
17, 721, 18
17, 724, 10
17, 724, 17
17, 725, 26
17, 725, 30
17, 729, 51
17, 730, 49
17, 731, 14
17, 732, 11
17, 732, 30
17, 734, 32
17, 735, 2
17, 735, 16
17, 737, 6
17, 738, 37
17, 740, 39
17, 742, 14
17, 742, 29
17, 744, 9
17, 744, 44
17, 746, 15
17, 746, 43
17, 747, 46
17, 749, 1
17, 749, 7
17, 764, 20
17, 764, 45
17, 766, 38
17, 767, 48
17, 770, 9
17, 770, 36
17, 781, 57
17, 783, 10
17, 784, 41
17, 786, 27
17, 786, 35
17, 790, 42
17, 791, 4
17, 791, 42
17, 792, 38
17, 797, 6
17, 797, 26
17, 799, 29
18, 3, 49
18, 6, 12
18, 11, 11
18, 13, 20
18, 14, 20
18, 16, 57
18, 18, 4
18, 18, 38
18, 20, 39
18, 21, 23
18, 22, 33
18, 23, 35
18, 27, 11
18, 27, 15
18, 32, 21
18, 35, 31
18, 36, 43
18, 37, 1
18, 38, 40
18, 41, 43
18, 42, 7
18, 43, 54
18, 44, 34
18, 47, 13
18, 49, 18
18, 50, 27
18, 53, 46
18, 54, 10
18, 54, 45
18, 57, 4
18, 59, 28
18, 62, 47
18, 62, 56
18, 64, 26
18, 65, 17
18, 70, 31
18, 75, 36
18, 77, 6
18, 80, 53
18, 83, 5
18, 84, 54
18, 88, 51
18, 93, 42
18, 96, 10
18, 98, 40
18, 104, 41
18, 106, 55
18, 108, 10
18, 112, 53
18, 114, 15
18, 117, 26
18, 124, 3
18, 126, 32
18, 127, 35
18, 129, 50
18, 129, 51
18, 130, 49
18, 132, 43
18, 133, 17
18, 139, 18
18, 143, 57
18, 144, 58
18, 146, 4
18, 148, 7
18, 148, 16
18, 149, 27
18, 151, 45
18, 153, 44
18, 154, 28
18, 154, 54
18, 157, 20
18, 157, 46
18, 159, 22
18, 160, 47
18, 161, 11
18, 163, 38
18, 173, 45
18, 174, 40
18, 177, 13
18, 179, 19
18, 181, 20
18, 187, 7
18, 189, 12
18, 189, 50
18, 193, 18
18, 196, 47
18, 197, 14
18, 201, 39
18, 203, 50
18, 204, 1
18, 204, 33
18, 207, 7
18, 207, 13
18, 208, 3
18, 209, 45
18, 210, 5
18, 210, 33
18, 211, 27
18, 216, 43
18, 217, 35
18, 221, 10
18, 223, 17
18, 225, 27
18, 226, 29
18, 229, 23
18, 231, 49
18, 233, 28
18, 235, 12
18, 235, 52
18, 236, 56
18, 239, 2
18, 239, 41
18, 247, 23
18, 249, 6
18, 250, 15
18, 250, 38
18, 250, 44
18, 254, 6
18, 255, 24
18, 255, 47
18, 257, 4
18, 257, 22
18, 257, 25
18, 257, 46
18, 260, 36
18, 261, 39
18, 262, 23
18, 265, 2
18, 265, 38
18, 268, 20
18, 270, 17
18, 270, 34
18, 270, 40
18, 274, 37
18, 279, 3
18, 279, 31
18, 288, 21
18, 288, 48
18, 291, 8
18, 291, 26
18, 296, 11
18, 296, 28
18, 301, 7
18, 301, 16
18, 302, 37
18, 304, 14
18, 309, 25
18, 313, 26
18, 321, 14
18, 326, 13
18, 328, 51
18, 333, 30
18, 333, 32
18, 333, 42
18, 334, 18
18, 335, 2
18, 338, 12
18, 344, 1
18, 344, 8
18, 345, 45
18, 349, 10
18, 350, 35
18, 351, 36
18, 352, 26
18, 354, 13
18, 354, 28
18, 354, 32
18, 358, 50
18, 359, 23
18, 360, 53
18, 365, 6
18, 369, 22
18, 369, 27
18, 371, 57
18, 373, 25
18, 374, 1
18, 375, 7
18, 375, 49
18, 377, 11
18, 377, 39
18, 379, 4
18, 379, 34
18, 379, 43
18, 379, 45
18, 380, 17
18, 380, 29
18, 380, 35
18, 380, 47
18, 384, 57
18, 385, 4
18, 385, 9
18, 388, 33
18, 388, 53
18, 393, 20
18, 395, 24
18, 396, 21
18, 397, 55
18, 406, 19
18, 406, 36
18, 411, 2
18, 411, 43
18, 413, 55
18, 430, 23
18, 431, 48
18, 434, 7
18, 434, 31
18, 436, 19
18, 440, 5
18, 442, 44
18, 443, 15
18, 445, 40
18, 447, 6
18, 448, 23
18, 452, 10
18, 452, 16
18, 452, 18
18, 454, 16
18, 454, 44
18, 461, 37
18, 462, 24
18, 462, 46
18, 462, 56
18, 464, 41
18, 466, 12
18, 474, 30
18, 476, 53
18, 478, 17
18, 478, 38
18, 480, 49
18, 481, 15
18, 482, 28
18, 483, 3
18, 483, 14
18, 490, 47
18, 492, 27
18, 495, 13
18, 495, 42
18, 495, 50
18, 497, 8
18, 498, 30
18, 499, 7
18, 499, 43
18, 504, 28
18, 510, 38
18, 513, 26
18, 515, 34
18, 519, 9
18, 520, 51
18, 521, 4
18, 521, 52
18, 522, 58
18, 525, 22
18, 526, 17
18, 526, 29
18, 527, 15
18, 527, 35
18, 530, 1
18, 534, 25
18, 535, 13
18, 537, 52
18, 538, 6
18, 540, 33
18, 542, 22
18, 548, 7
18, 551, 50
18, 553, 11
18, 555, 11
18, 566, 20
18, 567, 48
18, 569, 21
18, 571, 6
18, 572, 18
18, 573, 16
18, 574, 24
18, 576, 19
18, 577, 31
18, 577, 37
18, 579, 45
18, 580, 1
18, 582, 14
18, 583, 4
18, 583, 22
18, 585, 32
18, 590, 2
18, 590, 12
18, 593, 23
18, 596, 55
18, 599, 39
18, 601, 9
18, 601, 39
18, 610, 4
18, 611, 57
18, 612, 40
18, 613, 28
18, 615, 3
18, 615, 8
18, 618, 25
18, 622, 35
18, 624, 12
18, 626, 5
18, 626, 36
18, 626, 44
18, 627, 9
18, 629, 38
18, 629, 43
18, 631, 14
18, 636, 9
18, 642, 51
18, 643, 46
18, 646, 20
18, 650, 11
18, 650, 37
18, 652, 5
18, 652, 33
18, 652, 34
18, 652, 49
18, 653, 47
18, 654, 17
18, 654, 26
18, 655, 54
18, 662, 28
18, 668, 48
18, 672, 30
18, 675, 22
18, 680, 17
18, 683, 20
18, 685, 53
18, 692, 48
18, 693, 48
18, 695, 29
18, 700, 45
18, 701, 31
18, 701, 51
18, 703, 4
18, 703, 14
18, 703, 34
18, 703, 41
18, 704, 11
18, 704, 35
18, 708, 1
18, 711, 16
18, 712, 31
18, 713, 39
18, 715, 26
18, 715, 34
18, 724, 54
18, 727, 13
18, 727, 16
18, 728, 10
18, 729, 43
18, 731, 42
18, 732, 19
18, 734, 12
18, 736, 40
18, 737, 50
18, 739, 33
18, 743, 9
18, 746, 34
18, 747, 27
18, 750, 18
18, 752, 58
18, 753, 23
18, 753, 52
18, 754, 2
18, 757, 51
18, 763, 31
18, 764, 5
18, 769, 47
18, 773, 3
18, 773, 51
18, 785, 33
18, 788, 37
18, 789, 35
18, 792, 38
18, 796, 15
18, 799, 37
19, 2, 58
19, 3, 42
19, 6, 22
19, 9, 1
19, 10, 50
19, 14, 2
19, 16, 16
19, 18, 17
19, 18, 49
19, 29, 40
19, 29, 58
19, 32, 46
19, 32, 53
19, 38, 5
19, 42, 8
19, 44, 31
19, 44, 52
19, 45, 21
19, 47, 9
19, 47, 36
19, 48, 5
19, 50, 41
19, 53, 20
19, 63, 40
19, 63, 51
19, 65, 14
19, 66, 45
19, 73, 47
19, 76, 3
19, 78, 14
19, 80, 26
19, 80, 30
19, 83, 13
19, 83, 41
19, 86, 16
19, 90, 6
19, 93, 33
19, 95, 21
19, 99, 44
19, 102, 45
19, 108, 6
19, 109, 40
19, 109, 54
19, 111, 28
19, 117, 4
19, 121, 48
19, 125, 53
19, 128, 37
19, 130, 34
19, 133, 24
19, 135, 11
19, 136, 1
19, 139, 41
19, 140, 17
19, 143, 34
19, 144, 40
19, 152, 10
19, 153, 39
19, 156, 9
19, 156, 25
19, 159, 43
19, 162, 3
19, 165, 22
19, 168, 31
19, 169, 42
19, 171, 46
19, 174, 31
19, 176, 57
19, 179, 15
19, 185, 51
19, 188, 23
19, 193, 6
19, 193, 49
19, 194, 38
19, 197, 41
19, 198, 20
19, 200, 26
19, 202, 27
19, 203, 8
19, 203, 20
19, 203, 56
19, 204, 6
19, 215, 8
19, 216, 35
19, 217, 7
19, 217, 16
19, 219, 54
19, 223, 2
19, 223, 28
19, 226, 49
19, 229, 16
19, 234, 36
19, 235, 44
19, 237, 48
19, 237, 50
19, 238, 12
19, 238, 32
19, 241, 53
19, 244, 47
19, 247, 45
19, 252, 57
19, 253, 45
19, 254, 19
19, 256, 14
19, 260, 10
19, 262, 11
19, 263, 3
19, 270, 27
19, 271, 30
19, 272, 14
19, 275, 9
19, 275, 33
19, 280, 39
19, 282, 16
19, 285, 3
19, 287, 43
19, 288, 46
19, 289, 13
19, 289, 28
19, 291, 24
19, 291, 58
19, 293, 41
19, 300, 24
19, 302, 22
19, 302, 52
19, 303, 5
19, 303, 34
19, 304, 24
19, 305, 13
19, 305, 51
19, 307, 25
19, 307, 42
19, 311, 38
19, 314, 53
19, 316, 7
19, 316, 18
19, 319, 25
19, 321, 37
19, 323, 31
19, 325, 49
19, 326, 17
19, 328, 1
19, 337, 21
19, 338, 40
19, 340, 24
19, 341, 35
19, 342, 8
19, 342, 26
19, 342, 47
19, 344, 32
19, 349, 15
19, 349, 19
19, 355, 56
19, 356, 5
19, 358, 30
19, 358, 58
19, 360, 2
19, 363, 46
19, 364, 6
19, 364, 51
19, 365, 44
19, 368, 8
19, 373, 20
19, 374, 42
19, 376, 29
19, 379, 18
19, 381, 54
19, 390, 37
19, 391, 12
19, 392, 16
19, 395, 30
19, 395, 39
19, 396, 3
19, 396, 36
19, 401, 22
19, 404, 23
19, 404, 24
19, 409, 43
19, 411, 48
19, 412, 19
19, 412, 41
19, 413, 3
19, 413, 20
19, 414, 10
19, 414, 41
19, 417, 24
19, 423, 26
19, 427, 50
19, 429, 14
19, 430, 8
19, 430, 11
19, 431, 21
19, 432, 24
19, 433, 1
19, 433, 40
19, 434, 39
19, 435, 34
19, 436, 13
19, 443, 57
19, 449, 27
19, 449, 47
19, 451, 52
19, 452, 57
19, 453, 20
19, 454, 28
19, 455, 6
19, 456, 40
19, 457, 33
19, 459, 27
19, 459, 53
19, 464, 23
19, 466, 7
19, 466, 15
19, 466, 16
19, 470, 13
19, 473, 31
19, 476, 17
19, 480, 26
19, 481, 12
19, 482, 29
19, 483, 36
19, 484, 50
19, 486, 38
19, 492, 13
19, 494, 17
19, 496, 38
19, 501, 5
19, 502, 9
19, 502, 32
19, 504, 44
19, 510, 51
19, 513, 2
19, 516, 15
19, 518, 53
19, 523, 36
19, 524, 18
19, 525, 35
19, 526, 4
19, 527, 9
19, 527, 14
19, 527, 49
19, 529, 6
19, 532, 46
19, 536, 18
19, 537, 30
19, 541, 3
19, 541, 25
19, 544, 22
19, 547, 41
19, 551, 25
19, 553, 5
19, 554, 19
19, 556, 32
19, 564, 35
19, 565, 11
19, 566, 10
19, 566, 45
19, 569, 28
19, 569, 48
19, 570, 42
19, 573, 13
19, 573, 29
19, 576, 43
19, 576, 48
19, 579, 53
19, 581, 21
19, 584, 33
19, 586, 54
19, 587, 8
19, 587, 9
19, 590, 12
19, 591, 34
19, 593, 1
19, 594, 16
19, 596, 52
19, 598, 45
19, 607, 13
19, 607, 23
19, 613, 51
19, 615, 27
19, 618, 6
19, 620, 47
19, 620, 56
19, 622, 40
19, 623, 15
19, 628, 12
19, 630, 31
19, 631, 39
19, 632, 23
19, 634, 29
19, 634, 38
19, 635, 4
19, 635, 17
19, 635, 30
19, 637, 37
19, 641, 27
19, 642, 22
19, 646, 32
19, 648, 21
19, 649, 44
19, 650, 14
19, 661, 1
19, 662, 49
19, 663, 36
19, 665, 32
19, 667, 26
19, 667, 35
19, 672, 25
19, 672, 47
19, 675, 1
19, 675, 11
19, 677, 24
19, 678, 36
19, 685, 13
19, 687, 29
19, 689, 10
19, 689, 46
19, 690, 21
19, 695, 58
19, 700, 42
19, 704, 50
19, 706, 28
19, 709, 20
19, 709, 43
19, 711, 3
19, 711, 9
19, 712, 14
19, 712, 18
19, 719, 11
19, 722, 6
19, 722, 40
19, 723, 54
19, 724, 46
19, 727, 29
19, 728, 4
19, 731, 37
19, 735, 41
19, 742, 12
19, 743, 36
19, 744, 4
19, 746, 28
19, 746, 45
19, 747, 7
19, 749, 53
19, 753, 15
19, 762, 48
19, 762, 49
19, 763, 14
19, 766, 14
19, 767, 28
19, 772, 1
19, 773, 27
19, 778, 47
19, 779, 46
19, 780, 35
19, 783, 53
19, 784, 36
19, 786, 38
19, 787, 20
19, 788, 12
19, 791, 4
19, 791, 49
19, 792, 17
19, 796, 42
19, 799, 10
