1, 5, 24
1, 7, 45
1, 16, 34
1, 17, 26
1, 19, 43
1, 29, 6
1, 32, 49
1, 38, 17
1, 42, 20
1, 46, 31
1, 51, 53
1, 53, 54
1, 56, 19
1, 59, 4
1, 64, 56
1, 65, 26
1, 70, 1
1, 70, 4
1, 76, 16
1, 84, 27
1, 93, 46
1, 96, 58
1, 100, 18
1, 102, 25
1, 103, 8
1, 108, 16
1, 109, 17
1, 111, 23
1, 111, 47
1, 113, 7
1, 119, 32
1, 120, 15
1, 120, 48
1, 132, 14
1, 146, 12
1, 146, 26
1, 149, 9
1, 150, 26
1, 153, 35
1, 165, 57
1, 176, 1
1, 181, 55
1, 196, 19
1, 197, 51
1, 200, 4
1, 202, 6
1, 203, 20
1, 212, 8
1, 214, 15
1, 215, 54
1, 216, 31
1, 218, 49
1, 226, 29
1, 232, 16
1, 234, 11
1, 234, 43
1, 234, 56
1, 241, 43
1, 246, 52
1, 247, 49
1, 252, 12
1, 255, 28
1, 257, 37
1, 260, 21
1, 260, 44
1, 262, 9
1, 262, 39
1, 265, 21
1, 265, 24
1, 267, 8
1, 267, 28
1, 267, 45
1, 267, 59
1, 268, 1
1, 273, 53
1, 280, 22
1, 287, 41
1, 302, 32
1, 303, 20
1, 305, 56
1, 316, 34
1, 323, 35
1, 330, 48
1, 331, 35
1, 333, 27
1, 347, 47
1, 350, 36
1, 350, 47
1, 354, 17
1, 357, 46
1, 360, 23
1, 372, 48
1, 373, 36
1, 386, 58
1, 401, 31
1, 404, 45
1, 411, 25
1, 416, 35
1, 419, 31
1, 430, 29
1, 430, 43
1, 440, 51
1, 441, 55
1, 468, 28
1, 471, 46
1, 481, 29
1, 490, 41
1, 509, 28
1, 513, 56
1, 514, 16
1, 514, 36
1, 517, 11
1, 518, 32
1, 518, 54
1, 520, 4
1, 520, 52
1, 521, 13
1, 524, 21
1, 524, 27
1, 524, 59
1, 527, 14
1, 528, 49
1, 529, 34
1, 532, 14
1, 533, 26
1, 534, 18
1, 536, 15
1, 542, 54
1, 546, 7
1, 547, 46
1, 558, 35
1, 566, 45
1, 567, 53
1, 568, 18
1, 571, 7
1, 571, 22
1, 581, 22
1, 585, 58
1, 590, 11
1, 598, 39
1, 602, 55
1, 603, 17
1, 605, 13
1, 606, 9
1, 611, 46
1, 614, 31
1, 618, 24
1, 625, 41
1, 633, 6
1, 637, 29
1, 642, 37
1, 645, 12
1, 650, 19
1, 650, 28
1, 651, 47
1, 655, 48
1, 658, 34
1, 659, 16
1, 664, 35
1, 670, 20
1, 671, 8
1, 673, 38
1, 682, 15
1, 683, 51
1, 688, 26
1, 688, 34
1, 701, 7
1, 701, 52
1, 703, 47
1, 711, 54
1, 717, 11
1, 725, 36
1, 725, 38
1, 726, 17
1, 731, 53
1, 735, 1
1, 737, 6
1, 745, 31
1, 746, 32
1, 749, 27
1, 756, 22
1, 760, 4
1, 765, 51
1, 766, 25
1, 769, 49
1, 770, 31
1, 772, 14
1, 772, 54
1, 774, 9
1, 780, 48
1, 795, 23
1, 797, 41
2, 4, 22
2, 6, 55
2, 8, 31
2, 14, 12
2, 17, 51
2, 18, 23
2, 19, 37
2, 19, 57
2, 27, 52
2, 31, 36
2, 36, 40
2, 41, 4
2, 42, 37
2, 43, 17
2, 45, 6
2, 47, 1
2, 65, 1
2, 66, 24
2, 76, 40
2, 79, 23
2, 82, 27
2, 88, 21
2, 91, 42
2, 96, 5
2, 105, 26
2, 109, 28
2, 112, 43
2, 113, 53
2, 118, 34
2, 119, 47
2, 120, 3
2, 120, 11
2, 121, 52
2, 124, 35
2, 127, 4
2, 127, 16
2, 134, 25
2, 135, 21
2, 139, 9
2, 139, 36
2, 148, 55
2, 155, 58
2, 157, 20
2, 162, 31
2, 164, 7
2, 169, 30
2, 172, 26
2, 177, 17
2, 177, 29
2, 179, 40
2, 189, 54
2, 193, 4
2, 196, 30
2, 198, 13
2, 204, 46
2, 211, 21
2, 213, 11
2, 213, 21
2, 214, 27
2, 215, 8
2, 216, 19
2, 221, 20
2, 228, 37
2, 229, 1
2, 229, 34
2, 230, 57
2, 235, 38
2, 239, 18
2, 239, 25
2, 245, 36
2, 248, 2
2, 250, 48
2, 251, 1
2, 259, 22
2, 261, 27
2, 268, 11
2, 270, 6
2, 275, 3
2, 278, 47
2, 282, 12
2, 282, 31
2, 285, 30
2, 287, 9
2, 289, 35
2, 291, 42
2, 295, 41
2, 305, 33
2, 305, 53
2, 315, 29
2, 318, 33
2, 318, 52
2, 334, 58
2, 343, 48
2, 345, 54
2, 347, 43
2, 359, 51
2, 363, 51
2, 371, 18
2, 375, 28
2, 379, 26
2, 381, 16
2, 390, 53
2, 391, 38
2, 399, 58
2, 404, 36
2, 405, 40
2, 405, 55
2, 416, 34
2, 422, 21
2, 426, 13
2, 438, 20
2, 448, 57
2, 449, 42
2, 450, 38
2, 456, 25
2, 464, 50
2, 467, 36
2, 470, 37
2, 480, 49
2, 482, 53
2, 496, 50
2, 496, 55
2, 497, 43
2, 504, 19
2, 507, 40
2, 510, 22
2, 510, 35
2, 514, 4
2, 514, 23
2, 516, 46
2, 520, 52
2, 521, 7
2, 522, 47
2, 533, 17
2, 542, 27
2, 542, 31
2, 543, 29
2, 544, 5
2, 560, 20
2, 560, 43
2, 568, 26
2, 569, 31
2, 570, 35
2, 579, 41
2, 580, 42
2, 581, 11
2, 581, 57
2, 583, 6
2, 585, 53
2, 587, 27
2, 593, 30
2, 597, 5
2, 601, 12
2, 602, 51
2, 606, 8
2, 606, 21
2, 606, 35
2, 608, 43
2, 611, 13
2, 612, 2
2, 618, 34
2, 619, 7
2, 621, 48
2, 622, 19
2, 624, 54
2, 631, 3
2, 632, 26
2, 634, 3
2, 634, 54
2, 635, 43
2, 636, 47
2, 637, 58
2, 646, 28
2, 647, 13
2, 655, 4
2, 658, 11
2, 660, 18
2, 660, 37
2, 666, 41
2, 666, 55
2, 668, 29
2, 673, 36
2, 673, 53
2, 678, 12
2, 680, 22
2, 682, 2
2, 686, 23
2, 686, 42
2, 687, 38
2, 693, 6
2, 700, 9
2, 703, 34
2, 704, 49
2, 706, 35
2, 707, 16
2, 713, 40
2, 725, 49
2, 729, 37
2, 730, 8
2, 740, 38
2, 741, 17
2, 746, 5
2, 752, 11
2, 755, 52
2, 756, 46
2, 757, 1
2, 758, 34
2, 759, 51
2, 762, 35
2, 766, 12
2, 769, 19
2, 778, 54
2, 782, 9
2, 789, 28
2, 790, 43
2, 792, 2
2, 795, 27
3, 1, 46
3, 3, 54
3, 4, 16
3, 5, 5
3, 14, 38
3, 20, 41
3, 28, 59
3, 29, 4
3, 30, 31
3, 32, 43
3, 34, 49
3, 44, 40
3, 51, 48
3, 60, 34
3, 62, 20
3, 64, 37
3, 67, 45
3, 73, 15
3, 73, 17
3, 74, 22
3, 77, 57
3, 78, 7
3, 79, 32
3, 90, 47
3, 92, 11
3, 92, 29
3, 96, 43
3, 99, 31
3, 99, 51
3, 102, 2
3, 105, 1
3, 106, 31
3, 113, 37
3, 116, 25
3, 116, 26
3, 121, 44
3, 128, 20
3, 131, 59
3, 133, 35
3, 133, 41
3, 134, 24
3, 139, 29
3, 140, 16
3, 142, 46
3, 145, 36
3, 146, 2
3, 155, 48
3, 156, 39
3, 162, 46
3, 171, 4
3, 172, 34
3, 174, 33
3, 179, 3
3, 179, 59
3, 180, 25
3, 180, 28
3, 180, 42
3, 181, 37
3, 183, 21
3, 183, 47
3, 185, 9
3, 192, 49
3, 197, 57
3, 199, 43
3, 202, 31
3, 204, 8
3, 207, 14
3, 207, 16
3, 209, 47
3, 220, 48
3, 232, 52
3, 235, 11
3, 238, 1
3, 240, 15
3, 248, 19
3, 252, 5
3, 257, 20
3, 261, 40
3, 269, 38
3, 274, 32
3, 275, 11
3, 275, 45
3, 285, 36
3, 299, 29
3, 299, 44
3, 300, 4
3, 300, 21
3, 301, 43
3, 306, 17
3, 306, 32
3, 308, 44
3, 314, 40
3, 325, 54
3, 332, 34
3, 333, 22
3, 334, 26
3, 342, 45
3, 349, 38
3, 365, 42
3, 371, 25
3, 372, 41
3, 373, 26
3, 373, 37
3, 380, 47
3, 380, 51
3, 382, 39
3, 382, 46
3, 389, 59
3, 392, 18
3, 396, 29
3, 397, 51
3, 400, 59
3, 402, 28
3, 403, 57
3, 404, 48
3, 406, 49
3, 410, 36
3, 414, 49
3, 423, 44
3, 431, 37
3, 446, 38
3, 454, 16
3, 458, 31
3, 458, 33
3, 465, 31
3, 474, 50
3, 483, 49
3, 485, 54
3, 487, 44
3, 488, 35
3, 498, 7
3, 505, 40
3, 506, 14
3, 507, 5
3, 523, 40
3, 524, 2
3, 537, 32
3, 537, 43
3, 550, 29
3, 551, 40
3, 552, 41
3, 553, 9
3, 553, 14
3, 553, 33
3, 553, 45
3, 554, 52
3, 555, 21
3, 556, 3
3, 556, 9
3, 557, 8
3, 557, 47
3, 560, 19
3, 562, 31
3, 563, 49
3, 569, 51
3, 570, 19
3, 577, 8
3, 578, 54
3, 586, 48
3, 588, 22
3, 590, 35
3, 595, 7
3, 595, 50
3, 597, 1
3, 598, 15
3, 598, 24
3, 598, 57
3, 602, 42
3, 605, 43
3, 614, 50
3, 614, 59
3, 617, 17
3, 618, 31
3, 620, 7
3, 621, 36
3, 627, 5
3, 628, 20
3, 628, 46
3, 630, 26
3, 634, 4
3, 638, 14
3, 639, 38
3, 640, 59
3, 647, 11
3, 647, 34
3, 651, 37
3, 665, 5
3, 666, 37
3, 667, 34
3, 668, 49
3, 671, 13
3, 672, 18
3, 682, 1
3, 683, 7
3, 693, 21
3, 693, 36
3, 694, 4
3, 703, 47
3, 707, 25
3, 708, 45
3, 709, 35
3, 712, 7
3, 712, 20
3, 724, 32
3, 726, 9
3, 732, 54
3, 735, 50
3, 741, 29
3, 742, 44
3, 749, 59
3, 754, 3
3, 755, 40
3, 756, 45
3, 758, 11
3, 758, 25
3, 760, 51
3, 766, 16
3, 773, 31
3, 779, 42
3, 780, 20
3, 781, 1
3, 784, 13
3, 789, 48
3, 799, 33
4, 4, 41
4, 6, 50
4, 11, 10
4, 11, 27
4, 21, 26
4, 35, 18
4, 37, 35
4, 39, 55
4, 40, 28
4, 43, 54
4, 50, 10
4, 51, 51
4, 53, 8
4, 54, 44
4, 57, 20
4, 59, 6
4, 64, 48
4, 65, 52
4, 71, 25
4, 73, 12
4, 73, 37
4, 76, 50
4, 78, 1
4, 83, 17
4, 85, 29
4, 87, 40
4, 89, 2
4, 90, 8
4, 92, 15
4, 99, 49
4, 100, 13
4, 102, 7
4, 102, 36
4, 103, 53
4, 110, 57
4, 111, 9
4, 117, 5
4, 124, 32
4, 135, 23
4, 142, 43
4, 144, 12
4, 147, 18
4, 154, 13
4, 155, 2
4, 159, 35
4, 163, 34
4, 164, 1
4, 175, 7
4, 182, 6
4, 183, 8
4, 187, 27
4, 190, 17
4, 192, 31
4, 207, 15
4, 209, 41
4, 219, 20
4, 219, 28
4, 219, 37
4, 220, 4
4, 221, 18
4, 222, 46
4, 226, 50
4, 229, 1
4, 231, 3
4, 232, 18
4, 233, 29
4, 235, 13
4, 235, 16
4, 237, 22
4, 238, 10
4, 240, 55
4, 251, 32
4, 266, 34
4, 270, 40
4, 272, 12
4, 275, 26
4, 278, 49
4, 278, 54
4, 284, 44
4, 287, 55
4, 289, 25
4, 289, 48
4, 290, 37
4, 292, 23
4, 292, 51
4, 294, 5
4, 294, 46
4, 295, 26
4, 296, 33
4, 297, 30
4, 301, 17
4, 304, 56
4, 309, 29
4, 309, 31
4, 309, 35
4, 313, 28
4, 319, 47
4, 330, 57
4, 338, 32
4, 351, 52
4, 363, 36
4, 363, 48
4, 373, 44
4, 377, 52
4, 378, 27
4, 386, 43
4, 395, 21
4, 404, 38
4, 404, 41
4, 408, 53
4, 417, 29
4, 423, 37
4, 430, 54
4, 434, 34
4, 447, 39
4, 452, 46
4, 460, 31
4, 472, 28
4, 486, 41
4, 486, 50
4, 490, 23
4, 490, 33
4, 497, 34
4, 501, 39
4, 505, 48
4, 507, 22
4, 509, 13
4, 517, 9
4, 520, 47
4, 522, 37
4, 527, 15
4, 531, 57
4, 535, 29
4, 545, 26
4, 545, 57
4, 546, 53
4, 548, 12
4, 550, 4
4, 555, 2
4, 555, 18
4, 564, 7
4, 566, 56
4, 571, 4
4, 572, 6
4, 572, 23
4, 574, 30
4, 574, 49
4, 576, 10
4, 577, 17
4, 583, 38
4, 594, 3
4, 594, 48
4, 598, 44
4, 606, 51
4, 610, 25
4, 612, 9
4, 616, 27
4, 628, 52
4, 637, 12
4, 637, 29
4, 643, 30
4, 648, 46
4, 654, 20
4, 654, 32
4, 660, 51
4, 661, 16
4, 661, 50
4, 664, 36
4, 667, 35
4, 672, 15
4, 679, 28
4, 679, 31
4, 683, 48
4, 686, 13
4, 689, 51
4, 691, 21
4, 692, 49
4, 693, 18
4, 693, 33
4, 695, 55
4, 697, 34
4, 701, 40
4, 702, 17
4, 710, 6
4, 711, 1
4, 716, 53
4, 722, 6
4, 724, 26
4, 728, 52
4, 733, 7
4, 742, 31
4, 743, 16
4, 743, 56
4, 750, 18
4, 753, 46
4, 756, 2
4, 763, 37
4, 765, 10
4, 765, 44
4, 765, 51
4, 775, 39
4, 778, 27
4, 780, 3
4, 781, 23
4, 784, 15
4, 786, 5
4, 790, 10
4, 791, 21
4, 799, 41
5, 3, 25
5, 4, 53
5, 5, 19
5, 7, 39
5, 13, 11
5, 14, 7
5, 21, 2
5, 29, 14
5, 31, 50
5, 35, 15
5, 35, 21
5, 36, 34
5, 43, 6
5, 43, 24
5, 45, 27
5, 45, 51
5, 46, 38
5, 49, 5
5, 53, 33
5, 54, 56
5, 56, 5
5, 56, 24
5, 59, 29
5, 62, 3
5, 68, 14
5, 68, 56
5, 69, 18
5, 72, 40
5, 73, 4
5, 76, 36
5, 84, 46
5, 85, 16
5, 88, 48
5, 92, 26
5, 101, 27
5, 111, 46
5, 115, 25
5, 120, 43
5, 122, 30
5, 126, 33
5, 126, 45
5, 128, 1
5, 132, 2
5, 135, 44
5, 136, 48
5, 146, 42
5, 156, 17
5, 156, 32
5, 160, 7
5, 165, 19
5, 168, 59
5, 169, 5
5, 170, 15
5, 173, 10
5, 173, 57
5, 174, 22
5, 175, 42
5, 184, 13
5, 189, 28
5, 189, 31
5, 196, 21
5, 197, 6
5, 201, 13
5, 201, 35
5, 203, 11
5, 207, 37
5, 209, 53
5, 214, 10
5, 214, 55
5, 218, 3
5, 222, 58
5, 230, 4
5, 230, 14
5, 238, 30
5, 239, 39
5, 243, 47
5, 246, 16
5, 248, 45
5, 248, 46
5, 251, 35
5, 251, 41
5, 253, 50
5, 255, 18
5, 257, 29
5, 259, 29
5, 259, 39
5, 260, 51
5, 261, 24
5, 266, 9
5, 272, 43
5, 273, 3
5, 280, 25
5, 281, 13
5, 281, 56
5, 287, 23
5, 289, 51
5, 291, 42
5, 294, 30
5, 307, 36
5, 313, 21
5, 314, 38
5, 315, 19
5, 325, 38
5, 326, 38
5, 336, 26
5, 343, 40
5, 351, 28
5, 354, 48
5, 354, 50
5, 364, 58
5, 377, 34
5, 379, 21
5, 379, 39
5, 380, 51
5, 388, 50
5, 389, 27
5, 394, 29
5, 401, 23
5, 401, 44
5, 414, 43
5, 418, 41
5, 423, 27
5, 432, 17
5, 432, 32
5, 435, 37
5, 442, 33
5, 447, 43
5, 448, 22
5, 454, 59
5, 460, 46
5, 465, 16
5, 467, 46
5, 469, 30
5, 473, 40
5, 475, 55
5, 480, 45
5, 482, 31
5, 482, 47
5, 488, 32
5, 492, 24
5, 492, 34
5, 493, 50
5, 498, 15
5, 501, 18
5, 502, 57
5, 506, 42
5, 507, 19
5, 512, 53
5, 513, 43
5, 514, 7
5, 516, 56
5, 526, 2
5, 527, 5
5, 531, 28
5, 535, 37
5, 537, 41
5, 539, 19
5, 541, 21
5, 542, 35
5, 549, 9
5, 552, 10
5, 552, 25
5, 553, 33
5, 559, 36
5, 560, 38
5, 561, 29
5, 570, 13
5, 575, 7
5, 576, 34
5, 577, 39
5, 579, 14
5, 594, 26
5, 597, 51
5, 606, 50
5, 613, 42
5, 619, 27
5, 620, 55
5, 621, 1
5, 621, 51
5, 623, 17
5, 626, 59
5, 636, 24
5, 640, 15
5, 640, 23
5, 646, 4
5, 646, 33
5, 646, 53
5, 650, 40
5, 656, 31
5, 656, 36
5, 657, 34
5, 665, 48
5, 665, 58
5, 666, 11
5, 669, 6
5, 674, 24
5, 677, 32
5, 690, 3
5, 690, 45
5, 691, 32
5, 692, 6
5, 694, 10
5, 698, 11
5, 698, 37
5, 699, 51
5, 700, 2
5, 712, 44
5, 714, 1
5, 718, 28
5, 719, 5
5, 719, 44
5, 720, 13
5, 725, 41
5, 726, 16
5, 727, 21
5, 736, 30
5, 739, 10
5, 741, 4
5, 743, 33
5, 749, 18
5, 750, 50
5, 752, 9
5, 754, 32
5, 763, 14
5, 764, 40
5, 765, 46
5, 767, 55
5, 769, 22
5, 772, 2
5, 774, 26
5, 774, 41
5, 782, 23
5, 782, 25
5, 787, 34
5, 793, 19
5, 794, 46
5, 796, 7
6, 1, 1
6, 2, 13
6, 11, 4
6, 14, 6
6, 17, 55
6, 19, 10
6, 21, 4
6, 22, 19
6, 22, 34
6, 24, 54
6, 33, 3
6, 39, 12
6, 45, 44
6, 48, 2
6, 48, 24
6, 53, 31
6, 54, 20
6, 54, 41
6, 59, 33
6, 62, 15
6, 68, 4
6, 73, 26
6, 74, 46
6, 90, 42
6, 94, 14
6, 102, 48
6, 105, 40
6, 106, 3
6, 108, 7
6, 112, 5
6, 113, 32
6, 118, 18
6, 121, 11
6, 124, 37
6, 125, 38
6, 134, 56
6, 135, 28
6, 135, 47
6, 137, 13
6, 137, 35
6, 139, 4
6, 140, 25
6, 140, 59
6, 144, 6
6, 149, 1
6, 149, 24
6, 149, 34
6, 153, 13
6, 154, 46
6, 155, 9
6, 157, 60
6, 162, 39
6, 163, 53
6, 169, 9
6, 170, 45
6, 173, 16
6, 178, 43
6, 180, 17
6, 181, 26
6, 199, 4
6, 203, 41
6, 206, 48
6, 214, 34
6, 214, 47
6, 216, 40
6, 224, 22
6, 238, 33
6, 242, 44
6, 249, 51
6, 250, 25
6, 255, 8
6, 257, 20
6, 260, 15
6, 261, 29
6, 263, 48
6, 264, 18
6, 266, 2
6, 266, 52
6, 268, 5
6, 273, 12
6, 274, 23
6, 274, 59
6, 281, 55
6, 283, 33
6, 288, 28
6, 289, 42
6, 291, 7
6, 292, 3
6, 293, 14
6, 302, 37
6, 303, 54
6, 313, 51
6, 318, 32
6, 318, 43
6, 324, 45
6, 329, 38
6, 334, 55
6, 336, 30
6, 341, 41
6, 341, 57
6, 372, 31
6, 378, 53
6, 383, 26
6, 396, 24
6, 401, 22
6, 401, 40
6, 404, 46
6, 411, 25
6, 412, 29
6, 414, 34
6, 431, 41
6, 435, 47
6, 436, 56
6, 444, 39
6, 452, 29
6, 452, 35
6, 461, 25
6, 462, 54
6, 462, 59
6, 475, 19
6, 479, 16
6, 490, 52
6, 491, 60
6, 505, 11
6, 510, 28
6, 514, 16
6, 514, 39
6, 516, 10
6, 518, 17
6, 518, 35
6, 518, 38
6, 524, 48
6, 529, 16
6, 529, 19
6, 531, 1
6, 532, 37
6, 533, 13
6, 534, 24
6, 535, 51
6, 537, 4
6, 542, 53
6, 548, 23
6, 550, 34
6, 550, 47
6, 557, 9
6, 557, 33
6, 557, 47
6, 561, 40
6, 564, 36
6, 568, 2
6, 570, 45
6, 571, 55
6, 575, 25
6, 578, 15
6, 583, 30
6, 593, 12
6, 594, 8
6, 596, 14
6, 605, 20
6, 614, 29
6, 615, 26
6, 618, 32
6, 619, 46
6, 619, 52
6, 627, 22
6, 639, 12
6, 641, 20
6, 656, 14
6, 658, 14
6, 659, 39
6, 668, 44
6, 671, 51
6, 673, 6
6, 674, 7
6, 674, 38
6, 675, 37
6, 676, 3
6, 688, 28
6, 689, 35
6, 691, 13
6, 692, 11
6, 700, 18
6, 704, 19
6, 705, 15
6, 709, 41
6, 712, 12
6, 714, 24
6, 717, 54
6, 721, 31
6, 723, 74
6, 724, 40
6, 727, 57
6, 732, 17
6, 735, 38
6, 736, 48
6, 745, 37
6, 746, 5
6, 748, 53
6, 750, 34
6, 769, 45
6, 778, 56
6, 780, 1
6, 780, 22
6, 789, 14
6, 790, 16
6, 791, 59
6, 796, 36
6, 796, 53
6, 798, 20
6, 798, 30
7, 6, 54
7, 7, 47
7, 13, 1
7, 14, 22
7, 16, 51
7, 19, 9
7, 22, 47
7, 26, 46
7, 28, 42
7, 34, 17
7, 41, 26
7, 46, 40
7, 54, 20
7, 58, 25
7, 66, 54
7, 72, 38
7, 72, 55
7, 74, 6
7, 74, 20
7, 81, 44
7, 85, 60
7, 88, 34
7, 89, 15
7, 89, 58
7, 94, 57
7, 96, 12
7, 102, 48
7, 103, 16
7, 110, 47
7, 113, 32
7, 115, 2
7, 120, 10
7, 125, 8
7, 128, 52
7, 129, 27
7, 129, 45
7, 129, 53
7, 132, 43
7, 139, 49
7, 143, 19
7, 144, 7
7, 144, 30
7, 152, 41
7, 153, 30
7, 160, 23
7, 163, 11
7, 172, 53
7, 175, 19
7, 177, 12
7, 179, 28
7, 179, 50
7, 179, 54
7, 183, 5
7, 185, 26
7, 185, 46
7, 186, 32
7, 187, 39
7, 196, 7
7, 202, 2
7, 202, 60
7, 207, 51
7, 214, 36
7, 215, 22
7, 215, 41
7, 216, 58
7, 217, 31
7, 217, 42
7, 220, 38
7, 224, 19
7, 231, 3
7, 231, 52
7, 231, 58
7, 239, 34
7, 241, 8
7, 241, 55
7, 263, 15
7, 267, 57
7, 275, 46
7, 276, 48
7, 281, 10
7, 283, 1
7, 284, 45
7, 295, 17
7, 295, 46
7, 298, 41
7, 309, 32
7, 310, 27
7, 311, 49
7, 313, 44
7, 325, 40
7, 326, 26
7, 332, 30
7, 332, 43
7, 336, 23
7, 336, 43
7, 336, 54
7, 338, 37
7, 356, 38
7, 360, 32
7, 364, 28
7, 366, 47
7, 366, 52
7, 374, 60
7, 379, 39
7, 380, 18
7, 396, 53
7, 400, 31
7, 407, 16
7, 408, 49
7, 410, 50
7, 423, 22
7, 429, 34
7, 437, 25
7, 443, 42
7, 459, 20
7, 462, 26
7, 471, 51
7, 479, 36
7, 481, 40
7, 481, 44
7, 482, 60
7, 485, 57
7, 487, 55
7, 499, 58
7, 503, 6
7, 505, 34
7, 509, 48
7, 517, 46
7, 524, 47
7, 525, 27
7, 530, 57
7, 538, 38
7, 541, 7
7, 545, 37
7, 548, 53
7, 549, 20
7, 549, 43
7, 552, 11
7, 552, 23
7, 564, 41
7, 564, 58
7, 566, 49
7, 567, 17
7, 570, 3
7, 570, 28
7, 578, 12
7, 582, 9
7, 582, 10
7, 582, 52
7, 583, 2
7, 590, 39
7, 592, 5
7, 592, 17
7, 592, 25
7, 599, 26
7, 601, 25
7, 602, 41
7, 605, 15
7, 608, 34
7, 611, 28
7, 614, 27
7, 615, 8
7, 618, 22
7, 621, 29
7, 623, 40
7, 624, 47
7, 625, 36
7, 632, 2
7, 639, 40
7, 643, 26
7, 644, 50
7, 648, 15
7, 650, 51
7, 653, 38
7, 654, 18
7, 654, 30
7, 654, 54
7, 656, 10
7, 658, 3
7, 658, 19
7, 676, 31
7, 680, 23
7, 681, 7
7, 683, 39
7, 689, 1
7, 692, 3
7, 697, 55
7, 698, 32
7, 705, 28
7, 706, 32
7, 728, 7
7, 734, 16
7, 734, 57
7, 738, 37
7, 740, 6
7, 742, 6
7, 748, 41
7, 753, 34
7, 756, 44
7, 762, 43
7, 765, 9
7, 775, 16
7, 775, 49
7, 779, 34
7, 781, 12
7, 782, 39
7, 783, 53
7, 788, 41
7, 790, 28
7, 790, 60
7, 791, 36
7, 797, 23
7, 797, 54
8, 1, 19
8, 4, 58
8, 6, 37
8, 6, 44
8, 10, 2
8, 10, 49
8, 11, 40
8, 18, 42
8, 26, 36
8, 27, 29
8, 30, 35
8, 31, 51
8, 34, 3
8, 34, 44
8, 39, 5
8, 39, 31
8, 44, 16
8, 45, 26
8, 46, 22
8, 48, 15
8, 52, 12
8, 55, 33
8, 59, 13
8, 62, 13
8, 68, 43
8, 71, 28
8, 78, 10
8, 89, 30
8, 101, 41
8, 111, 7
8, 120, 12
8, 121, 50
8, 122, 4
8, 125, 19
8, 133, 17
8, 140, 54
8, 143, 23
8, 146, 42
8, 149, 52
8, 154, 19
8, 162, 8
8, 162, 25
8, 162, 47
8, 170, 18
8, 177, 45
8, 179, 39
8, 183, 5
8, 191, 9
8, 192, 41
8, 198, 34
8, 200, 10
8, 201, 26
8, 202, 26
8, 202, 37
8, 203, 14
8, 204, 58
8, 206, 48
8, 209, 3
8, 210, 34
8, 214, 32
8, 216, 37
8, 219, 49
8, 220, 15
8, 222, 54
8, 222, 62
8, 228, 21
8, 230, 9
8, 231, 55
8, 232, 34
8, 232, 39
8, 234, 4
8, 235, 29
8, 237, 44
8, 238, 16
8, 238, 48
8, 252, 4
8, 253, 43
8, 257, 24
8, 259, 36
8, 263, 12
8, 266, 42
8, 281, 13
8, 283, 7
8, 283, 41
8, 285, 30
8, 289, 40
8, 290, 28
8, 290, 33
8, 293, 8
8, 293, 45
8, 296, 54
8, 299, 33
8, 302, 17
8, 305, 62
8, 311, 22
8, 315, 51
8, 343, 37
8, 347, 50
8, 349, 40
8, 352, 33
8, 361, 28
8, 363, 31
8, 373, 22
8, 375, 25
8, 375, 58
8, 378, 35
8, 382, 34
8, 385, 43
8, 389, 23
8, 393, 55
8, 394, 52
8, 398, 16
8, 408, 55
8, 411, 47
8, 415, 24
8, 418, 18
8, 422, 29
8, 429, 39
8, 434, 56
8, 435, 21
8, 437, 60
8, 440, 42
8, 442, 49
8, 443, 19
8, 445, 60
8, 446, 33
8, 447, 62
8, 454, 38
8, 458, 48
8, 463, 52
8, 464, 44
8, 467, 36
8, 475, 23
8, 485, 45
8, 486, 31
8, 494, 46
8, 503, 2
8, 505, 32
8, 505, 54
8, 511, 5
8, 511, 37
8, 525, 37
8, 530, 12
8, 532, 21
8, 533, 9
8, 540, 32
8, 543, 42
8, 545, 51
8, 549, 58
8, 550, 14
8, 553, 30
8, 554, 43
8, 557, 22
8, 558, 24
8, 558, 28
8, 558, 50
8, 561, 7
8, 570, 8
8, 570, 13
8, 574, 4
8, 574, 40
8, 581, 47
8, 583, 60
8, 585, 4
8, 588, 34
8, 591, 49
8, 596, 18
8, 598, 34
8, 600, 7
8, 609, 55
8, 612, 17
8, 615, 35
8, 620, 14
8, 622, 18
8, 623, 10
8, 624, 45
8, 626, 56
8, 629, 52
8, 638, 4
8, 640, 30
8, 643, 36
8, 656, 26
8, 666, 31
8, 668, 7
8, 668, 23
8, 676, 44
8, 678, 3
8, 689, 23
8, 706, 15
8, 707, 39
8, 708, 22
8, 709, 36
8, 710, 47
8, 716, 37
8, 719, 43
8, 720, 12
8, 725, 3
8, 726, 46
8, 730, 30
8, 730, 50
8, 738, 26
8, 738, 36
8, 739, 7
8, 740, 54
8, 741, 5
8, 741, 45
8, 742, 43
8, 743, 46
8, 744, 19
8, 747, 39
8, 758, 49
8, 775, 56
8, 781, 31
8, 783, 48
8, 784, 24
8, 786, 58
8, 792, 40
8, 795, 26
9, 2, 6
9, 6, 45
9, 10, 12
9, 14, 33
9, 24, 47
9, 27, 19
9, 27, 55
9, 43, 42
9, 44, 14
9, 50, 1
9, 51, 53
9, 67, 8
9, 67, 26
9, 72, 10
9, 72, 49
9, 75, 59
9, 78, 7
9, 81, 13
9, 81, 56
9, 86, 31
9, 89, 16
9, 89, 29
9, 90, 24
9, 90, 46
9, 94, 11
9, 94, 43
9, 106, 51
9, 107, 23
9, 115, 18
9, 117, 8
9, 118, 26
9, 118, 49
9, 119, 32
9, 123, 16
9, 123, 35
9, 135, 3
9, 137, 12
9, 138, 20
9, 139, 23
9, 142, 55
9, 150, 54
9, 151, 1
9, 155, 32
9, 157, 34
9, 161, 31
9, 164, 30
9, 167, 5
9, 167, 48
9, 171, 7
9, 185, 44
9, 195, 45
9, 197, 35
9, 201, 8
9, 206, 21
9, 208, 1
9, 211, 17
9, 212, 43
9, 218, 25
9, 220, 1
9, 225, 7
9, 229, 19
9, 232, 45
9, 235, 33
9, 239, 3
9, 241, 27
9, 250, 28
9, 250, 36
9, 251, 14
9, 252, 47
9, 256, 41
9, 256, 49
9, 257, 24
9, 258, 15
9, 258, 21
9, 261, 47
9, 263, 50
9, 275, 16
9, 278, 42
9, 279, 32
9, 286, 48
9, 290, 34
9, 299, 46
9, 301, 10
9, 301, 55
9, 311, 34
9, 317, 18
9, 324, 26
9, 325, 20
9, 325, 29
9, 330, 23
9, 344, 38
9, 347, 56
9, 348, 33
9, 348, 59
9, 352, 41
9, 354, 21
9, 355, 23
9, 361, 35
9, 378, 32
9, 380, 49
9, 381, 46
9, 383, 27
9, 386, 26
9, 394, 44
9, 397, 42
9, 398, 54
9, 413, 18
9, 417, 41
9, 417, 43
9, 417, 51
9, 419, 40
9, 422, 37
9, 427, 27
9, 435, 59
9, 438, 53
9, 443, 44
9, 455, 54
9, 466, 45
9, 470, 25
9, 472, 49
9, 490, 28
9, 490, 50
9, 493, 36
9, 498, 53
9, 500, 15
9, 500, 31
9, 502, 16
9, 503, 31
9, 512, 6
9, 514, 25
9, 514, 38
9, 517, 16
9, 518, 14
9, 523, 34
9, 532, 5
9, 533, 17
9, 538, 33
9, 540, 42
9, 541, 55
9, 543, 46
9, 545, 56
9, 547, 30
9, 554, 48
9, 560, 35
9, 563, 7
9, 569, 11
9, 572, 35
9, 579, 51
9, 581, 3
9, 586, 19
9, 599, 6
9, 600, 12
9, 600, 20
9, 600, 40
9, 607, 41
9, 610, 29
9, 614, 48
9, 617, 37
9, 618, 7
9, 619, 14
9, 621, 41
9, 625, 33
9, 626, 13
9, 630, 23
9, 632, 50
9, 636, 17
9, 636, 49
9, 644, 21
9, 649, 32
9, 654, 45
9, 655, 54
9, 658, 44
9, 659, 27
9, 662, 11
9, 669, 26
9, 676, 29
9, 677, 36
9, 678, 10
9, 679, 1
9, 683, 16
9, 683, 18
9, 684, 45
9, 685, 56
9, 695, 43
9, 700, 20
9, 705, 59
9, 711, 6
9, 712, 7
9, 715, 53
9, 716, 53
9, 727, 32
9, 727, 42
9, 728, 19
9, 737, 12
9, 745, 11
9, 746, 8
9, 747, 10
9, 748, 17
9, 751, 25
9, 752, 30
9, 761, 33
9, 763, 6
9, 768, 41
9, 779, 50
9, 788, 5
9, 796, 7
10, 2, 18
10, 2, 31
10, 4, 33
10, 8, 16
10, 13, 58
10, 14, 57
10, 17, 49
10, 21, 21
10, 24, 17
10, 27, 36
10, 33, 51
10, 44, 43
10, 56, 10
10, 64, 20
10, 70, 23
10, 73, 39
10, 75, 13
10, 79, 31
10, 79, 55
10, 85, 8
10, 87, 22
10, 91, 2
10, 91, 57
10, 95, 48
10, 99, 51
10, 102, 36
10, 117, 25
10, 119, 13
10, 119, 60
10, 120, 51
10, 125, 34
10, 132, 56
10, 133, 8
10, 134, 56
10, 135, 37
10, 142, 38
10, 144, 59
10, 153, 17
10, 155, 16
10, 155, 59
10, 159, 33
10, 164, 15
10, 165, 18
10, 166, 4
10, 166, 28
10, 166, 40
10, 169, 21
10, 170, 29
10, 170, 35
10, 173, 60
10, 179, 47
10, 179, 50
10, 183, 9
10, 189, 50
10, 199, 43
10, 202, 27
10, 209, 42
10, 222, 15
10, 224, 10
10, 228, 8
10, 244, 46
10, 246, 45
10, 247, 28
10, 250, 57
10, 251, 23
10, 254, 49
10, 255, 5
10, 262, 22
10, 263, 3
10, 269, 55
10, 272, 14
10, 274, 21
10, 279, 31
10, 280, 51
10, 282, 13
10, 286, 4
10, 287, 19
10, 287, 58
10, 289, 7
10, 290, 8
10, 292, 25
10, 296, 27
10, 297, 37
10, 298, 20
10, 300, 26
10, 302, 35
10, 309, 36
10, 318, 39
10, 319, 48
10, 335, 47
10, 336, 22
10, 338, 37
10, 341, 38
10, 355, 56
10, 358, 53
10, 369, 44
10, 375, 39
10, 379, 48
10, 383, 34
10, 383, 42
10, 387, 17
10, 388, 59
10, 402, 38
10, 405, 40
10, 417, 43
10, 424, 35
10, 427, 50
10, 430, 43
10, 432, 44
10, 433, 31
10, 436, 28
10, 437, 29
10, 438, 49
10, 447, 58
10, 448, 55
10, 449, 42
10, 451, 29
10, 457, 31
10, 468, 21
10, 468, 55
10, 473, 23
10, 477, 45
10, 477, 51
10, 482, 38
10, 483, 18
10, 487, 25
10, 489, 46
10, 492, 47
10, 495, 60
10, 496, 57
10, 497, 33
10, 499, 23
10, 500, 34
10, 506, 15
10, 506, 58
10, 509, 10
10, 510, 16
10, 510, 51
10, 511, 36
10, 517, 55
10, 521, 48
10, 525, 53
10, 529, 40
10, 538, 13
10, 538, 20
10, 548, 49
10, 550, 43
10, 564, 50
10, 564, 56
10, 567, 8
10, 578, 2
10, 584, 35
10, 587, 3
10, 590, 14
10, 601, 5
10, 602, 26
10, 606, 26
10, 607, 16
10, 610, 31
10, 612, 60
10, 613, 43
10, 614, 14
10, 620, 5
10, 624, 28
10, 627, 43
10, 628, 59
10, 630, 14
10, 630, 16
10, 631, 33
10, 632, 19
10, 634, 56
10, 636, 27
10, 637, 1
10, 637, 4
10, 644, 36
10, 647, 21
10, 650, 17
10, 651, 8
10, 655, 48
10, 655, 50
10, 656, 29
10, 657, 7
10, 664, 2
10, 667, 49
10, 668, 2
10, 669, 58
10, 674, 9
10, 681, 39
10, 684, 8
10, 696, 4
10, 696, 49
10, 699, 20
10, 704, 37
10, 705, 25
10, 708, 40
10, 712, 48
10, 713, 18
10, 714, 42
10, 717, 9
10, 720, 16
10, 722, 14
10, 722, 27
10, 736, 27
10, 741, 25
10, 750, 47
10, 750, 55
10, 754, 23
10, 754, 42
10, 755, 15
10, 755, 57
10, 756, 19
10, 757, 7
10, 758, 26
10, 762, 26
10, 768, 45
10, 773, 51
10, 777, 43
10, 780, 17
10, 780, 28
10, 783, 5
10, 784, 14
10, 786, 9
10, 789, 51
10, 796, 3
10, 796, 8
10, 797, 50
11, 3, 32
11, 5, 5
11, 13, 13
11, 17, 28
11, 22, 3
11, 22, 33
11, 23, 39
11, 25, 13
11, 27, 50
11, 27, 56
11, 31, 31
11, 32, 2
11, 35, 6
11, 38, 52
11, 43, 15
11, 44, 22
11, 50, 39
11, 50, 44
11, 52, 35
11, 53, 24
11, 53, 27
11, 53, 55
11, 54, 51
11, 57, 12
11, 61, 40
11, 67, 51
11, 68, 38
11, 71, 18
11, 88, 59
11, 90, 53
11, 94, 16
11, 96, 42
11, 99, 21
11, 101, 40
11, 111, 7
11, 116, 2
11, 117, 7
11, 126, 26
11, 130, 41
11, 138, 38
11, 147, 56
11, 151, 5
11, 156, 45
11, 159, 55
11, 166, 37
11, 167, 43
11, 170, 41
11, 172, 13
11, 173, 58
11, 175, 23
11, 181, 42
11, 190, 30
11, 191, 49
11, 192, 14
11, 193, 17
11, 193, 26
11, 193, 45
11, 195, 53
11, 196, 19
11, 199, 32
11, 201, 23
11, 204, 52
11, 205, 24
11, 206, 44
11, 209, 6
11, 213, 49
11, 214, 23
11, 215, 55
11, 220, 7
11, 220, 11
11, 223, 12
11, 223, 38
11, 225, 36
11, 228, 28
11, 240, 57
11, 244, 25
11, 246, 3
11, 246, 15
11, 248, 4
11, 254, 58
11, 256, 31
11, 263, 41
11, 264, 18
11, 265, 54
11, 266, 2
11, 268, 46
11, 271, 16
11, 271, 39
11, 272, 44
11, 273, 17
11, 274, 27
11, 277, 35
11, 280, 8
11, 287, 22
11, 299, 27
11, 320, 32
11, 321, 33
11, 322, 51
11, 326, 28
11, 342, 58
11, 343, 33
11, 344, 21
11, 351, 29
11, 351, 56
11, 356, 56
11, 359, 43
11, 368, 54
11, 370, 24
11, 371, 46
11, 375, 59
11, 379, 42
11, 387, 38
11, 387, 41
11, 389, 42
11, 394, 37
11, 398, 24
11, 398, 31
11, 400, 46
11, 400, 50
11, 406, 30
11, 410, 55
11, 413, 26
11, 417, 50
11, 421, 29
11, 425, 36
11, 431, 52
11, 438, 38
11, 438, 45
11, 450, 24
11, 452, 39
11, 456, 23
11, 457, 28
11, 463, 28
11, 464, 37
11, 465, 49
11, 466, 35
11, 471, 35
11, 479, 47
11, 489, 47
11, 494, 45
11, 504, 31
11, 507, 2
11, 508, 44
11, 510, 40
11, 515, 19
11, 516, 31
11, 519, 33
11, 522, 11
11, 526, 13
11, 527, 21
11, 530, 6
11, 543, 18
11, 546, 17
11, 547, 17
11, 548, 43
11, 549, 10
11, 550, 9
11, 550, 52
11, 551, 39
11, 553, 50
11, 555, 57
11, 557, 14
11, 562, 8
11, 565, 21
11, 567, 12
11, 574, 5
11, 574, 29
11, 579, 14
11, 580, 25
11, 580, 53
11, 581, 30
11, 582, 9
11, 582, 59
11, 584, 52
11, 592, 41
11, 593, 51
11, 598, 15
11, 598, 24
11, 600, 58
11, 602, 22
11, 603, 42
11, 604, 40
11, 607, 36
11, 608, 37
11, 610, 16
11, 613, 56
11, 614, 2
11, 619, 26
11, 619, 38
11, 624, 33
11, 624, 55
11, 632, 46
11, 637, 32
11, 642, 54
11, 643, 4
11, 649, 24
11, 651, 28
11, 651, 44
11, 652, 13
11, 660, 35
11, 661, 39
11, 670, 30
11, 677, 9
11, 678, 50
11, 682, 31
11, 684, 19
11, 684, 27
11, 685, 4
11, 687, 15
11, 694, 35
11, 695, 14
11, 697, 50
11, 704, 10
11, 704, 47
11, 708, 59
11, 713, 55
11, 714, 40
11, 719, 33
11, 720, 18
11, 720, 23
11, 727, 36
11, 735, 46
11, 737, 41
11, 739, 11
11, 743, 52
11, 745, 45
11, 749, 42
11, 760, 28
11, 763, 37
11, 777, 3
11, 778, 19
11, 778, 51
11, 787, 54
11, 788, 5
11, 794, 58
11, 795, 2
11, 798, 30
12, 1, 46
12, 2, 27
12, 3, 48
12, 7, 16
12, 7, 31
12, 11, 42
12, 14, 61
12, 23, 9
12, 25, 60
12, 28, 15
12, 31, 18
12, 37, 10
12, 40, 47
12, 54, 58
12, 59, 34
12, 69, 57
12, 72, 6
12, 72, 14
12, 75, 19
12, 91, 40
12, 99, 39
12, 103, 42
12, 119, 31
12, 120, 25
12, 132, 13
12, 133, 32
12, 135, 10
12, 137, 36
12, 142, 9
12, 143, 27
12, 144, 54
12, 146, 41
12, 147, 33
12, 148, 4
12, 151, 11
12, 151, 46
12, 154, 51
12, 158, 30
12, 160, 4
12, 160, 22
12, 161, 44
12, 163, 56
12, 164, 5
12, 167, 47
12, 169, 24
12, 170, 8
12, 173, 45
12, 174, 26
12, 176, 53
12, 177, 1
12, 184, 49
12, 185, 60
12, 187, 2
12, 190, 36
12, 196, 12
12, 202, 16
12, 204, 2
12, 211, 40
12, 219, 46
12, 221, 56
12, 233, 10
12, 233, 48
12, 239, 57
12, 242, 16
12, 251, 14
12, 251, 19
12, 253, 20
12, 255, 34
12, 255, 48
12, 261, 24
12, 262, 23
12, 265, 15
12, 265, 47
12, 267, 10
12, 269, 55
12, 276, 59
12, 279, 27
12, 279, 53
12, 283, 13
12, 286, 9
12, 288, 43
12, 290, 31
12, 292, 6
12, 294, 1
12, 295, 47
12, 304, 25
12, 307, 60
12, 314, 42
12, 314, 59
12, 316, 54
12, 323, 28
12, 326, 42
12, 329, 44
12, 346, 30
12, 348, 18
12, 353, 39
12, 358, 25
12, 367, 26
12, 368, 33
12, 368, 46
12, 373, 59
12, 388, 44
12, 396, 34
12, 400, 55
12, 402, 22
12, 403, 50
12, 405, 28
12, 405, 30
12, 407, 44
12, 408, 56
12, 415, 58
12, 418, 34
12, 423, 32
12, 427, 45
12, 429, 51
12, 438, 36
12, 438, 47
12, 443, 56
12, 451, 52
12, 457, 25
12, 457, 41
12, 466, 53
12, 475, 27
12, 477, 30
12, 480, 49
12, 486, 54
12, 486, 60
12, 490, 49
12, 494, 50
12, 495, 23
12, 499, 26
12, 502, 32
12, 506, 16
12, 511, 48
12, 515, 2
12, 517, 26
12, 521, 39
12, 522, 14
12, 525, 15
12, 526, 31
12, 529, 24
12, 531, 12
12, 532, 19
12, 534, 11
12, 543, 14
12, 545, 41
12, 546, 11
12, 546, 33
12, 552, 4
12, 553, 40
12, 557, 29
12, 559, 39
12, 568, 30
12, 569, 20
12, 572, 29
12, 576, 12
12, 576, 45
12, 576, 46
12, 577, 18
12, 578, 52
12, 588, 40
12, 588, 42
12, 589, 33
12, 590, 5
12, 591, 51
12, 595, 43
12, 607, 36
12, 621, 57
12, 629, 48
12, 632, 9
12, 633, 34
12, 634, 55
12, 638, 22
12, 641, 45
12, 643, 10
12, 643, 32
12, 645, 42
12, 645, 54
12, 653, 53
12, 654, 2
12, 655, 14
12, 662, 11
12, 664, 17
12, 666, 30
12, 672, 24
12, 672, 39
12, 678, 13
12, 678, 43
12, 680, 60
12, 681, 27
12, 682, 4
12, 685, 1
12, 695, 47
12, 698, 59
12, 702, 19
12, 705, 10
12, 709, 33
12, 717, 20
12, 721, 6
12, 728, 15
12, 729, 41
12, 736, 44
12, 738, 14
12, 739, 31
12, 741, 45
12, 752, 46
12, 754, 18
12, 757, 29
12, 761, 26
12, 762, 42
12, 765, 12
12, 772, 25
12, 780, 48
12, 787, 40
12, 788, 15
12, 789, 23
12, 791, 14
12, 793, 24
13, 15, 14
13, 20, 40
13, 29, 28
13, 30, 19
13, 37, 17
13, 45, 28
13, 46, 13
13, 48, 29
13, 50, 20
13, 61, 24
13, 61, 52
13, 64, 18
13, 64, 34
13, 67, 12
13, 71, 43
13, 73, 2
13, 73, 36
13, 74, 24
13, 74, 31
13, 74, 33
13, 77, 58
13, 79, 41
13, 80, 8
13, 88, 48
13, 91, 4
13, 95, 56
13, 102, 2
13, 103, 15
13, 109, 48
13, 112, 4
13, 114, 53
13, 118, 41
13, 119, 8
13, 121, 23
13, 123, 32
13, 125, 53
13, 133, 22
13, 134, 6
13, 137, 19
13, 139, 18
13, 141, 5
13, 145, 12
13, 148, 20
13, 159, 28
13, 162, 45
13, 167, 10
13, 171, 38
13, 174, 61
13, 175, 12
13, 177, 14
13, 183, 40
13, 183, 42
13, 185, 35
13, 186, 27
13, 191, 4
13, 202, 29
13, 213, 24
13, 222, 21
13, 229, 39
13, 232, 2
13, 239, 34
13, 239, 56
13, 241, 8
13, 241, 31
13, 245, 3
13, 252, 27
13, 253, 1
13, 253, 29
13, 257, 13
13, 259, 39
13, 263, 33
13, 272, 29
13, 274, 52
13, 276, 31
13, 277, 1
13, 283, 46
13, 290, 19
13, 293, 14
13, 296, 36
13, 301, 50
13, 314, 28
13, 319, 22
13, 321, 17
13, 321, 59
13, 323, 48
13, 328, 38
13, 330, 41
13, 333, 48
13, 334, 38
13, 335, 59
13, 336, 23
13, 342, 52
13, 347, 58
13, 357, 53
13, 366, 18
13, 367, 22
13, 370, 32
13, 378, 54
13, 384, 41
13, 390, 29
13, 401, 31
13, 402, 39
13, 417, 23
13, 419, 20
13, 424, 35
13, 425, 33
13, 432, 40
13, 440, 24
13, 445, 27
13, 451, 34
13, 464, 40
13, 464, 46
13, 481, 36
13, 485, 40
13, 488, 6
13, 490, 52
13, 491, 56
13, 491, 61
13, 496, 18
13, 497, 34
13, 501, 43
13, 505, 40
13, 511, 21
13, 514, 15
13, 515, 10
13, 518, 13
13, 518, 21
13, 519, 42
13, 532, 54
13, 538, 8
13, 540, 28
13, 553, 50
13, 562, 32
13, 563, 5
13, 572, 47
13, 576, 2
13, 576, 20
13, 577, 53
13, 582, 22
13, 584, 1
13, 597, 14
13, 601, 56
13, 602, 19
13, 612, 35
13, 612, 59
13, 616, 52
13, 622, 38
13, 631, 12
13, 631, 15
13, 632, 6
13, 633, 48
13, 635, 31
13, 643, 3
13, 648, 33
13, 657, 14
13, 659, 46
13, 661, 17
13, 663, 27
13, 664, 35
13, 667, 10
13, 669, 50
13, 677, 61
13, 679, 4
13, 699, 1
13, 700, 24
13, 700, 39
13, 703, 5
13, 703, 41
13, 706, 13
13, 708, 20
13, 710, 21
13, 723, 29
13, 724, 2
13, 726, 21
13, 736, 50
13, 738, 23
13, 744, 47
13, 745, 7
13, 745, 18
13, 747, 32
13, 756, 3
13, 760, 6
13, 762, 58
13, 764, 19
13, 764, 54
13, 766, 21
13, 778, 22
13, 779, 33
13, 780, 18
13, 786, 2
13, 789, 34
13, 790, 56
13, 794, 40
13, 796, 14
14, 2, 28
14, 2, 31
14, 5, 9
14, 11, 40
14, 15, 10
14, 21, 34
14, 22, 39
14, 27, 6
14, 27, 30
14, 29, 18
14, 33, 8
14, 33, 50
14, 42, 11
14, 43, 47
14, 57, 9
14, 59, 17
14, 64, 48
14, 66, 32
14, 66, 33
14, 70, 7
14, 70, 53
14, 73, 43
14, 77, 44
14, 81, 58
14, 88, 55
14, 90, 9
14, 92, 18
14, 92, 24
14, 93, 37
14, 96, 31
14, 100, 5
14, 106, 48
14, 112, 26
14, 114, 46
14, 115, 37
14, 125, 22
14, 129, 60
14, 131, 38
14, 134, 17
14, 136, 25
14, 139, 32
14, 141, 16
14, 141, 49
14, 144, 27
14, 151, 55
14, 154, 20
14, 169, 6
14, 175, 35
14, 175, 36
14, 180, 5
14, 180, 11
14, 184, 37
14, 185, 6
14, 187, 59
14, 189, 34
14, 194, 13
14, 195, 30
14, 198, 47
14, 201, 25
14, 201, 30
14, 206, 4
14, 206, 18
14, 208, 26
14, 208, 60
14, 210, 8
14, 215, 1
14, 219, 43
14, 219, 45
14, 219, 50
14, 222, 40
14, 223, 10
14, 230, 23
14, 231, 14
14, 243, 58
14, 246, 39
14, 247, 59
14, 248, 11
14, 252, 7
14, 259, 5
14, 262, 30
14, 262, 46
14, 262, 53
14, 266, 44
14, 267, 24
14, 268, 47
14, 271, 22
14, 272, 42
14, 275, 8
14, 286, 36
14, 287, 43
14, 292, 39
14, 292, 45
14, 297, 28
14, 304, 47
14, 309, 18
14, 310, 35
14, 311, 26
14, 313, 44
14, 328, 50
14, 331, 27
14, 331, 31
14, 336, 50
14, 343, 52
14, 344, 37
14, 345, 43
14, 347, 58
14, 349, 20
14, 363, 38
14, 371, 41
14, 373, 36
14, 375, 33
14, 390, 55
14, 390, 60
14, 393, 30
14, 397, 53
14, 409, 25
14, 416, 45
14, 419, 48
14, 427, 47
14, 433, 34
14, 436, 40
14, 438, 46
14, 440, 57
14, 454, 32
14, 467, 20
14, 469, 60
14, 473, 42
14, 474, 26
14, 477, 24
14, 480, 16
14, 483, 38
14, 489, 35
14, 496, 44
14, 498, 31
14, 500, 49
14, 502, 46
14, 503, 51
14, 507, 7
14, 513, 49
14, 515, 9
14, 518, 27
14, 518, 59
14, 520, 43
14, 524, 23
14, 525, 13
14, 527, 6
14, 533, 37
14, 536, 41
14, 539, 24
14, 545, 48
14, 548, 39
14, 550, 34
14, 550, 36
14, 559, 27
14, 562, 18
14, 564, 25
14, 565, 58
14, 568, 8
14, 572, 28
14, 575, 26
14, 577, 50
14, 580, 34
14, 586, 32
14, 588, 10
14, 589, 55
14, 593, 11
14, 593, 22
14, 593, 31
14, 598, 23
14, 599, 14
14, 603, 16
14, 605, 4
14, 610, 1
14, 612, 47
14, 621, 5
14, 625, 12
14, 627, 33
14, 635, 23
14, 638, 6
14, 641, 52
14, 642, 20
14, 642, 45
14, 644, 16
14, 650, 26
14, 651, 57
14, 652, 40
14, 674, 42
14, 675, 24
14, 676, 43
14, 679, 60
14, 680, 16
14, 689, 53
14, 691, 37
14, 694, 55
14, 705, 17
14, 705, 36
14, 709, 32
14, 714, 38
14, 717, 41
14, 718, 1
14, 723, 7
14, 723, 46
14, 729, 18
14, 734, 49
14, 735, 34
14, 736, 11
14, 740, 20
14, 741, 12
14, 743, 9
14, 754, 59
14, 760, 13
14, 764, 4
14, 765, 48
14, 769, 11
14, 772, 47
14, 774, 27
14, 779, 32
14, 780, 30
14, 781, 23
14, 782, 39
14, 784, 51
14, 785, 17
14, 788, 17
14, 790, 44
14, 792, 26
14, 797, 37
14, 798, 23
15, 9, 5
15, 9, 36
15, 14, 6
15, 14, 26
15, 15, 53
15, 20, 36
15, 23, 24
15, 31, 33
15, 39, 59
15, 45, 2
15, 46, 21
15, 49, 23
15, 49, 32
15, 54, 23
15, 54, 48
15, 61, 28
15, 62, 39
15, 63, 31
15, 66, 9
15, 73, 12
15, 73, 29
15, 73, 57
15, 83, 20
15, 83, 46
15, 86, 24
15, 92, 17
15, 98, 11
15, 101, 55
15, 102, 13
15, 105, 59
15, 107, 31
15, 108, 61
15, 112, 12
15, 114, 27
15, 119, 19
15, 119, 36
15, 122, 56
15, 124, 37
15, 125, 34
15, 130, 30
15, 132, 47
15, 133, 26
15, 137, 44
15, 139, 21
15, 142, 5
15, 146, 41
15, 157, 25
15, 160, 50
15, 161, 48
15, 163, 29
15, 167, 36
15, 169, 15
15, 170, 53
15, 171, 4
15, 172, 10
15, 176, 28
15, 176, 34
15, 188, 16
15, 188, 20
15, 192, 57
15, 196, 22
15, 196, 57
15, 199, 18
15, 204, 12
15, 210, 31
15, 212, 47
15, 218, 45
15, 219, 53
15, 224, 8
15, 229, 16
15, 232, 37
15, 234, 24
15, 235, 20
15, 238, 18
15, 238, 58
15, 249, 52
15, 254, 5
15, 263, 46
15, 268, 13
15, 268, 42
15, 275, 39
15, 278, 7
15, 279, 39
15, 280, 23
15, 284, 57
15, 285, 19
15, 293, 16
15, 294, 33
15, 295, 30
15, 300, 21
15, 300, 51
15, 306, 55
15, 311, 40
15, 319, 52
15, 322, 38
15, 325, 56
15, 333, 32
15, 336, 19
15, 338, 26
15, 339, 27
15, 346, 50
15, 349, 25
15, 352, 33
15, 354, 34
15, 356, 36
15, 369, 38
15, 373, 44
15, 387, 29
15, 390, 61
15, 391, 59
15, 405, 39
15, 423, 48
15, 426, 32
15, 429, 21
15, 434, 41
15, 442, 47
15, 446, 24
15, 448, 17
15, 449, 58
15, 453, 28
15, 455, 55
15, 457, 28
15, 457, 48
15, 458, 45
15, 470, 40
15, 476, 31
15, 480, 52
15, 486, 37
15, 488, 28
15, 493, 22
15, 495, 20
15, 495, 26
15, 497, 40
15, 506, 5
15, 519, 50
15, 519, 53
15, 524, 2
15, 525, 47
15, 528, 42
15, 530, 11
15, 534, 3
15, 537, 20
15, 539, 44
15, 541, 12
15, 544, 23
15, 545, 46
15, 548, 26
15, 552, 30
15, 552, 31
15, 554, 18
15, 556, 25
15, 556, 44
15, 561, 11
15, 562, 31
15, 572, 37
15, 573, 19
15, 574, 40
15, 577, 57
15, 583, 7
15, 586, 15
15, 596, 57
15, 604, 10
15, 609, 25
15, 613, 16
15, 613, 41
15, 614, 2
15, 614, 17
15, 622, 33
15, 624, 29
15, 625, 4
15, 626, 30
15, 635, 39
15, 636, 38
15, 640, 56
15, 647, 58
15, 656, 22
15, 659, 47
15, 662, 11
15, 664, 13
15, 664, 27
15, 664, 59
15, 667, 18
15, 669, 26
15, 670, 48
15, 671, 23
15, 673, 34
15, 680, 55
15, 686, 15
15, 686, 41
15, 690, 52
15, 695, 16
15, 697, 61
15, 698, 44
15, 699, 6
15, 704, 48
15, 708, 19
15, 712, 31
15, 714, 29
15, 714, 36
15, 717, 56
15, 721, 15
15, 726, 50
15, 728, 40
15, 729, 42
15, 732, 8
15, 732, 32
15, 734, 17
15, 744, 28
15, 745, 12
15, 746, 16
15, 751, 11
15, 752, 21
15, 762, 3
15, 768, 57
15, 770, 28
15, 771, 2
15, 773, 37
15, 776, 24
15, 779, 13
15, 780, 46
15, 786, 25
15, 795, 31
15, 798, 3
15, 798, 48
16, 2, 39
16, 4, 15
16, 7, 18
16, 9, 17
16, 13, 16
16, 17, 35
16, 20, 14
16, 23, 51
16, 25, 4
16, 26, 34
16, 33, 3
16, 34, 38
16, 38, 9
16, 47, 7
16, 48, 36
16, 54, 32
16, 61, 8
16, 62, 38
16, 64, 19
16, 65, 1
16, 67, 10
16, 70, 22
16, 70, 40
16, 73, 18
16, 77, 28
16, 80, 21
16, 82, 23
16, 89, 61
16, 92, 44
16, 96, 19
16, 96, 49
16, 100, 27
16, 102, 29
16, 108, 13
16, 114, 24
16, 120, 35
16, 121, 12
16, 123, 17
16, 126, 58
16, 127, 31
16, 129, 7
16, 130, 2
16, 131, 7
16, 134, 34
16, 135, 36
16, 135, 39
16, 140, 29
16, 143, 7
16, 151, 47
16, 156, 13
16, 157, 14
16, 160, 4
16, 163, 37
16, 165, 33
16, 173, 1
16, 175, 49
16, 183, 42
16, 186, 50
16, 189, 11
16, 192, 41
16, 193, 24
16, 194, 5
16, 198, 30
16, 199, 15
16, 203, 48
16, 204, 17
16, 205, 22
16, 209, 12
16, 212, 9
16, 214, 33
16, 216, 52
16, 218, 36
16, 225, 23
16, 225, 35
16, 227, 18
16, 236, 40
16, 236, 58
16, 237, 43
16, 238, 27
16, 240, 3
16, 242, 22
16, 248, 56
16, 250, 21
16, 252, 52
16, 254, 32
16, 255, 45
16, 264, 54
16, 265, 9
16, 266, 3
16, 269, 44
16, 270, 34
16, 271, 6
16, 277, 5
16, 277, 20
16, 288, 16
16, 288, 47
16, 291, 7
16, 297, 35
16, 307, 51
16, 314, 19
16, 323, 30
16, 326, 28
16, 330, 38
16, 331, 29
16, 335, 44
16, 349, 24
16, 355, 39
16, 358, 40
16, 363, 58
16, 374, 49
16, 380, 33
16, 385, 33
16, 388, 31
16, 402, 21
16, 406, 30
16, 409, 39
16, 410, 37
16, 420, 37
16, 428, 35
16, 435, 56
16, 439, 34
16, 460, 41
16, 462, 27
16, 462, 43
16, 479, 27
16, 480, 14
16, 481, 32
16, 484, 45
16, 487, 17
16, 488, 38
16, 491, 43
16, 494, 35
16, 495, 30
16, 495, 56
16, 496, 18
16, 503, 23
16, 503, 52
16, 507, 1
16, 507, 8
16, 509, 58
16, 514, 54
16, 521, 40
16, 524, 13
16, 527, 49
16, 533, 42
16, 534, 20
16, 540, 45
16, 543, 6
16, 545, 44
16, 545, 54
16, 547, 29
16, 555, 23
16, 555, 34
16, 555, 51
16, 557, 10
16, 557, 28
16, 564, 30
16, 565, 30
16, 568, 8
16, 568, 34
16, 578, 2
16, 578, 16
16, 578, 23
16, 585, 12
16, 588, 48
16, 589, 21
16, 592, 15
16, 598, 5
16, 599, 7
16, 603, 8
16, 603, 37
16, 615, 43
16, 618, 14
16, 624, 39
16, 629, 16
16, 632, 20
16, 632, 33
16, 637, 27
16, 645, 40
16, 649, 47
16, 650, 5
16, 650, 18
16, 650, 41
16, 653, 43
16, 662, 24
16, 663, 32
16, 680, 19
16, 681, 10
16, 683, 3
16, 692, 41
16, 694, 31
16, 696, 21
16, 696, 56
16, 700, 45
16, 703, 15
16, 703, 49
16, 704, 9
16, 706, 38
16, 720, 6
16, 720, 47
16, 721, 1
16, 722, 54
16, 725, 30
16, 726, 50
16, 727, 34
16, 732, 23
16, 739, 4
16, 746, 44
16, 750, 9
16, 753, 22
16, 760, 17
16, 760, 48
16, 761, 2
16, 762, 18
16, 767, 15
16, 771, 16
16, 774, 40
16, 776, 32
16, 779, 24
16, 788, 18
16, 788, 31
16, 788, 36
17, 1, 45
17, 4, 24
17, 4, 26
17, 7, 12
17, 9, 14
17, 12, 57
17, 13, 50
17, 14, 16
17, 19, 18
17, 20, 39
17, 24, 19
17, 25, 40
17, 31, 60
17, 39, 35
17, 39, 53
17, 45, 42
17, 47, 34
17, 51, 53
17, 56, 49
17, 57, 3
17, 63, 11
17, 65, 52
17, 68, 19
17, 71, 54
17, 72, 44
17, 79, 22
17, 80, 31
17, 85, 9
17, 91, 32
17, 92, 51
17, 99, 5
17, 99, 12
17, 114, 17
17, 114, 30
17, 118, 3
17, 119, 56
17, 120, 5
17, 124, 48
17, 125, 14
17, 126, 41
17, 129, 50
17, 131, 18
17, 140, 10
17, 143, 4
17, 155, 50
17, 156, 26
17, 157, 27
17, 157, 33
17, 161, 31
17, 169, 19
17, 170, 16
17, 172, 57
17, 177, 21
17, 185, 46
17, 190, 39
17, 194, 59
17, 204, 31
17, 206, 7
17, 206, 13
17, 208, 32
17, 209, 52
17, 212, 57
17, 214, 27
17, 218, 6
17, 221, 47
17, 232, 45
17, 234, 9
17, 234, 54
17, 237, 5
17, 240, 11
17, 243, 10
17, 247, 59
17, 250, 12
17, 252, 45
17, 260, 34
17, 266, 23
17, 268, 49
17, 270, 33
17, 272, 18
17, 272, 35
17, 280, 30
17, 280, 53
17, 285, 55
17, 289, 52
17, 292, 11
17, 296, 23
17, 298, 44
17, 301, 24
17, 308, 40
17, 312, 36
17, 313, 16
17, 317, 46
17, 318, 26
17, 327, 56
17, 331, 54
17, 344, 48
17, 348, 45
17, 361, 28
17, 362, 48
17, 363, 54
17, 364, 27
17, 364, 50
17, 366, 22
17, 368, 43
17, 370, 39
17, 373, 58
17, 382, 38
17, 384, 21
17, 390, 42
17, 392, 17
17, 395, 60
17, 397, 51
17, 398, 38
17, 407, 44
17, 407, 45
17, 413, 31
17, 418, 34
17, 428, 29
17, 428, 57
17, 434, 32
17, 443, 53
17, 445, 47
17, 454, 42
17, 462, 50
17, 465, 32
17, 466, 39
17, 468, 26
17, 473, 35
17, 474, 33
17, 481, 36
17, 483, 56
17, 484, 41
17, 484, 56
17, 489, 26
17, 498, 24
17, 498, 59
17, 504, 9
17, 505, 30
17, 509, 27
17, 509, 37
17, 514, 8
17, 527, 52
17, 529, 3
17, 531, 6
17, 535, 49
17, 537, 7
17, 541, 19
17, 545, 7
17, 545, 10
17, 548, 58
17, 550, 3
17, 552, 43
17, 559, 22
17, 562, 34
17, 562, 40
17, 564, 21
17, 566, 55
17, 570, 55
17, 573, 43
17, 576, 26
17, 579, 42
17, 582, 8
17, 582, 13
17, 582, 17
17, 587, 43
17, 592, 4
17, 594, 14
17, 602, 59
17, 604, 21
17, 605, 53
17, 608, 50
17, 614, 5
17, 618, 35
17, 618, 44
17, 620, 19
17, 626, 12
17, 626, 35
17, 628, 57
17, 629, 9
17, 629, 56
17, 631, 5
17, 642, 27
17, 643, 23
17, 644, 51
17, 646, 29
17, 647, 38
17, 647, 40
17, 652, 31
17, 657, 11
17, 657, 22
17, 663, 10
17, 663, 58
17, 670, 18
17, 673, 14
17, 681, 41
17, 690, 34
17, 690, 39
17, 693, 32
17, 694, 26
17, 697, 17
17, 701, 52
17, 703, 8
17, 708, 54
17, 710, 27
17, 716, 16
17, 728, 41
17, 729, 10
17, 730, 28
17, 734, 30
17, 737, 55
17, 742, 7
17, 753, 45
17, 755, 55
17, 756, 6
17, 764, 35
17, 766, 43
17, 768, 27
17, 776, 48
17, 784, 10
17, 787, 28
17, 788, 43
17, 791, 9
17, 793, 3
17, 793, 60
17, 798, 22
17, 798, 29
17, 799, 37
17, 799, 59
18, 2, 7
18, 2, 36
18, 8, 27
18, 11, 3
18, 15, 9
18, 15, 16
18, 16, 24
18, 18, 15
18, 20, 31
18, 20, 33
18, 23, 46
18, 30, 11
18, 36, 10
18, 36, 52
18, 41, 53
18, 43, 54
18, 44, 29
18, 54, 4
18, 55, 1
18, 57, 20
18, 67, 45
18, 72, 32
18, 72, 42
18, 73, 58
18, 80, 25
18, 94, 5
18, 94, 33
18, 94, 41
18, 96, 42
18, 106, 24
18, 114, 14
18, 116, 53
18, 118, 5
18, 125, 36
18, 128, 30
18, 133, 32
18, 160, 11
18, 162, 9
18, 167, 54
18, 168, 59
18, 169, 35
18, 170, 8
18, 174, 37
18, 175, 38
18, 181, 45
18, 189, 12
18, 190, 9
18, 190, 49
18, 191, 4
18, 214, 54
18, 218, 5
18, 218, 20
18, 219, 13
18, 224, 46
18, 225, 5
18, 225, 29
18, 226, 10
18, 227, 26
18, 230, 22
18, 235, 52
18, 238, 34
18, 243, 16
18, 243, 32
18, 243, 52
18, 245, 51
18, 249, 29
18, 250, 15
18, 252, 17
18, 254, 27
18, 257, 40
18, 258, 7
18, 259, 24
18, 261, 3
18, 274, 41
18, 285, 36
18, 287, 25
18, 289, 24
18, 305, 14
18, 309, 42
18, 322, 31
18, 331, 33
18, 336, 49
18, 339, 50
18, 351, 35
18, 358, 59
18, 361, 58
18, 366, 37
18, 369, 31
18, 370, 54
18, 402, 45
18, 410, 26
18, 412, 53
18, 417, 43
18, 419, 52
18, 427, 51
18, 427, 58
18, 429, 34
18, 432, 29
18, 443, 51
18, 446, 30
18, 447, 27
18, 450, 35
18, 467, 38
18, 468, 25
18, 472, 36
18, 486, 34
18, 490, 22
18, 493, 32
18, 500, 13
18, 505, 16
18, 508, 4
18, 514, 1
18, 516, 27
18, 516, 35
18, 517, 9
18, 519, 37
18, 519, 59
18, 521, 26
18, 522, 8
18, 524, 38
18, 524, 40
18, 532, 24
18, 533, 20
18, 540, 9
18, 551, 1
18, 553, 41
18, 557, 17
18, 559, 51
18, 574, 11
18, 575, 20
18, 575, 33
18, 575, 49
18, 575, 54
18, 577, 5
18, 584, 46
18, 585, 7
18, 592, 40
18, 597, 58
18, 599, 12
18, 607, 8
18, 607, 15
18, 610, 14
18, 610, 31
18, 619, 50
18, 628, 9
18, 628, 25
18, 632, 45
18, 637, 52
18, 643, 3
18, 646, 43
18, 647, 1
18, 650, 3
18, 652, 10
18, 653, 7
18, 660, 59
18, 665, 35
18, 669, 9
18, 669, 42
18, 670, 11
18, 671, 29
18, 675, 26
18, 685, 13
18, 689, 20
18, 690, 51
18, 693, 11
18, 693, 24
18, 694, 18
18, 695, 27
18, 696, 1
18, 700, 30
18, 708, 13
18, 708, 45
18, 713, 32
18, 726, 25
18, 732, 53
18, 735, 59
18, 743, 36
18, 751, 29
18, 752, 52
18, 758, 51
18, 762, 10
18, 765, 1
18, 770, 38
18, 771, 8
18, 773, 4
18, 776, 30
18, 779, 11
18, 782, 16
18, 784, 43
18, 784, 49
18, 786, 7
18, 788, 17
18, 791, 26
18, 799, 9
19, 1, 48
19, 1, 54
19, 11, 46
19, 12, 3
19, 13, 9
19, 24, 55
19, 30, 21
19, 33, 42
19, 38, 18
19, 38, 37
19, 50, 28
19, 50, 31
19, 72, 17
19, 77, 40
19, 81, 49
19, 82, 34
19, 85, 1
19, 87, 54
19, 89, 8
19, 89, 33
19, 89, 36
19, 91, 45
19, 93, 7
19, 97, 47
19, 100, 34
19, 108, 6
19, 114, 39
19, 124, 10
19, 124, 12
19, 127, 18
19, 131, 5
19, 133, 14
19, 135, 2
19, 139, 49
19, 140, 18
19, 145, 60
19, 156, 20
19, 165, 55
19, 166, 3
19, 167, 21
19, 171, 42
19, 175, 13
19, 178, 43
19, 179, 9
19, 182, 1
19, 194, 27
19, 194, 40
19, 196, 48
19, 200, 25
19, 202, 8
19, 207, 27
19, 207, 55
19, 208, 30
19, 211, 20
19, 216, 15
19, 224, 47
19, 226, 2
19, 227, 46
19, 228, 33
19, 238, 25
19, 242, 7
19, 242, 56
19, 249, 43
19, 254, 29
19, 256, 37
19, 266, 12
19, 268, 5
19, 274, 15
19, 274, 50
19, 276, 49
19, 278, 3
19, 281, 38
19, 285, 22
19, 285, 33
19, 294, 14
19, 295, 33
19, 297, 11
19, 297, 28
19, 297, 54
19, 305, 17
19, 305, 28
19, 311, 36
19, 315, 39
19, 316, 42
19, 323, 31
19, 328, 56
19, 330, 54
19, 336, 40
19, 339, 37
19, 347, 61
19, 352, 55
19, 353, 28
19, 355, 21
19, 361, 59
19, 377, 41
19, 378, 49
19, 390, 48
19, 399, 55
19, 401, 18
19, 401, 52
19, 416, 34
19, 420, 39
19, 434, 25
19, 445, 45
19, 451, 46
19, 457, 49
19, 459, 34
19, 464, 20
19, 480, 38
19, 482, 27
19, 494, 56
19, 496, 30
19, 497, 25
19, 498, 43
19, 502, 29
19, 506, 47
19, 511, 33
19, 512, 54
19, 517, 22
19, 522, 10
19, 522, 31
19, 529, 6
19, 537, 37
19, 539, 1
19, 540, 55
19, 543, 60
19, 547, 50
19, 552, 18
19, 552, 22
19, 557, 15
19, 557, 40
19, 560, 42
19, 570, 3
19, 570, 52
19, 572, 9
19, 576, 8
19, 585, 13
19, 591, 48
19, 592, 29
19, 593, 21
19, 596, 27
19, 597, 37
19, 597, 46
19, 608, 18
19, 609, 41
19, 611, 17
19, 620, 13
19, 627, 60
19, 628, 14
19, 632, 21
19, 636, 7
19, 643, 25
19, 643, 34
19, 643, 45
19, 650, 10
19, 655, 39
19, 656, 56
19, 661, 39
19, 662, 5
19, 668, 52
19, 674, 39
19, 679, 31
19, 681, 22
19, 683, 15
19, 686, 49
19, 690, 43
19, 695, 28
19, 700, 1
19, 704, 50
19, 709, 47
19, 710, 55
19, 716, 18
19, 723, 15
19, 728, 59
19, 729, 33
19, 734, 37
19, 735, 3
19, 736, 12
19, 740, 31
19, 741, 38
19, 745, 10
19, 746, 30
19, 748, 25
19, 753, 60
19, 757, 21
19, 763, 6
19, 764, 48
19, 774, 61
19, 779, 7
19, 784, 55
19, 785, 30
19, 785, 41
19, 790, 14
19, 796, 43
