1, 5, 12
1, 5, 57
1, 13, 27
1, 15, 11
1, 15, 47
1, 15, 54
1, 18, 11
1, 22, 19
1, 24, 15
1, 27, 55
1, 29, 46
1, 31, 14
1, 31, 57
1, 33, 6
1, 35, 7
1, 35, 39
1, 37, 48
1, 40, 31
1, 41, 20
1, 45, 52
1, 49, 5
1, 53, 51
1, 58, 12
1, 59, 17
1, 61, 22
1, 63, 20
1, 64, 3
1, 66, 37
1, 69, 2
1, 72, 35
1, 74, 28
1, 78, 8
1, 80, 37
1, 82, 10
1, 86, 36
1, 86, 52
1, 87, 15
1, 87, 19
1, 90, 6
1, 90, 11
1, 94, 46
1, 100, 32
1, 103, 3
1, 105, 8
1, 105, 33
1, 107, 9
1, 107, 40
1, 108, 16
1, 108, 24
1, 110, 28
1, 119, 33
1, 123, 6
1, 124, 5
1, 128, 44
1, 130, 17
1, 133, 20
1, 134, 32
1, 137, 33
1, 139, 10
1, 140, 34
1, 140, 48
1, 146, 17
1, 148, 47
1, 152, 31
1, 156, 55
1, 158, 37
1, 164, 42
1, 166, 12
1, 168, 28
1, 169, 53
1, 170, 26
1, 170, 29
1, 175, 18
1, 177, 52
1, 179, 53
1, 187, 12
1, 191, 7
1, 193, 32
1, 197, 19
1, 197, 30
1, 198, 42
1, 202, 1
1, 206, 48
1, 207, 13
1, 213, 22
1, 213, 31
1, 215, 7
1, 216, 11
1, 217, 19
1, 217, 33
1, 217, 34
1, 217, 38
1, 220, 47
1, 220, 54
1, 227, 8
1, 227, 22
1, 230, 13
1, 231, 43
1, 236, 3
1, 236, 49
1, 240, 2
1, 241, 56
1, 242, 4
1, 248, 39
1, 257, 45
1, 258, 10
1, 260, 20
1, 261, 15
1, 262, 24
1, 264, 44
1, 273, 16
1, 274, 14
1, 274, 52
1, 276, 24
1, 285, 35
1, 287, 31
1, 290, 44
1, 294, 9
1, 299, 17
1, 300, 46
1, 302, 36
1, 305, 21
1, 305, 54
1, 309, 29
1, 312, 50
1, 315, 48
1, 316, 38
1, 320, 44
1, 321, 30
1, 330, 28
1, 331, 48
1, 334, 40
1, 337, 25
1, 344, 57
1, 348, 36
1, 350, 53
1, 354, 40
1, 360, 20
1, 372, 37
1, 372, 51
1, 375, 28
1, 379, 39
1, 381, 22
1, 383, 30
1, 383, 32
1, 388, 55
1, 391, 42
1, 392, 47
1, 393, 36
1, 400, 46
1, 404, 57
1, 406, 49
1, 411, 41
1, 415, 31
1, 416, 43
1, 425, 51
1, 431, 43
1, 433, 26
1, 433, 50
1, 435, 29
1, 449, 24
1, 449, 44
1, 451, 34
1, 458, 34
1, 470, 50
1, 474, 52
1, 475, 56
1, 478, 51
1, 482, 33
1, 483, 40
1, 498, 39
1, 500, 5
1, 503, 22
1, 503, 54
1, 507, 9
1, 509, 6
1, 509, 38
1, 515, 36
1, 516, 52
1, 517, 11
1, 518, 31
1, 519, 37
1, 523, 12
1, 527, 50
1, 528, 25
1, 528, 44
1, 531, 21
1, 531, 53
1, 534, 28
1, 536, 15
1, 536, 18
1, 537, 25
1, 540, 19
1, 542, 12
1, 542, 54
1, 545, 40
1, 546, 24
1, 546, 47
1, 549, 33
1, 552, 1
1, 555, 10
1, 555, 46
1, 556, 1
1, 558, 7
1, 562, 30
1, 563, 44
1, 565, 8
1, 565, 32
1, 568, 48
1, 571, 31
1, 574, 43
1, 582, 13
1, 583, 43
1, 585, 9
1, 585, 21
1, 587, 36
1, 590, 25
1, 590, 32
1, 592, 18
1, 597, 10
1, 601, 35
1, 603, 38
1, 605, 35
1, 605, 38
1, 607, 26
1, 616, 16
1, 617, 11
1, 617, 17
1, 617, 29
1, 624, 12
1, 625, 57
1, 627, 4
1, 627, 42
1, 628, 19
1, 640, 49
1, 643, 55
1, 644, 41
1, 655, 3
1, 655, 39
1, 663, 6
1, 663, 12
1, 667, 7
1, 669, 51
1, 672, 52
1, 678, 35
1, 681, 5
1, 684, 50
1, 686, 20
1, 688, 44
1, 689, 46
1, 690, 11
1, 691, 18
1, 692, 54
1, 695, 8
1, 696, 24
1, 698, 56
1, 701, 15
1, 703, 19
1, 705, 37
1, 706, 2
1, 706, 14
1, 712, 14
1, 720, 36
1, 725, 47
1, 726, 20
1, 731, 33
1, 732, 55
1, 737, 53
1, 738, 14
1, 740, 30
1, 742, 25
1, 743, 6
1, 743, 48
1, 747, 32
1, 751, 40
1, 752, 47
1, 754, 57
1, 755, 1
1, 756, 4
1, 757, 34
1, 758, 33
1, 761, 21
1, 766, 1
1, 766, 34
1, 766, 49
1, 768, 53
1, 772, 17
1, 774, 54
1, 779, 30
1, 788, 29
1, 793, 35
1, 793, 43
1, 797, 57
1, 799, 22
2, 1, 2
2, 1, 48
2, 5, 21
2, 10, 53
2, 23, 27
2, 25, 34
2, 32, 46
2, 36, 11
2, 40, 35
2, 43, 51
2, 44, 42
2, 47, 10
2, 50, 22
2, 51, 3
2, 51, 30
2, 51, 44
2, 53, 18
2, 64, 8
2, 64, 38
2, 65, 44
2, 68, 19
2, 70, 23
2, 70, 36
2, 75, 7
2, 75, 15
2, 79, 4
2, 79, 12
2, 83, 47
2, 84, 43
2, 86, 42
2, 91, 56
2, 95, 25
2, 99, 1
2, 104, 5
2, 106, 28
2, 107, 4
2, 107, 34
2, 108, 21
2, 113, 5
2, 113, 55
2, 117, 21
2, 118, 13
2, 118, 37
2, 120, 52
2, 123, 11
2, 124, 35
2, 124, 41
2, 126, 6
2, 132, 40
2, 135, 48
2, 136, 26
2, 137, 24
2, 139, 47
2, 140, 38
2, 146, 42
2, 147, 58
2, 149, 20
2, 150, 23
2, 151, 16
2, 154, 32
2, 158, 53
2, 159, 55
2, 164, 19
2, 170, 11
2, 172, 27
2, 175, 35
2, 176, 12
2, 179, 3
2, 181, 33
2, 183, 22
2, 184, 44
2, 185, 10
2, 185, 49
2, 186, 34
2, 187, 14
2, 187, 56
2, 188, 7
2, 193, 13
2, 194, 8
2, 195, 6
2, 196, 27
2, 203, 57
2, 212, 30
2, 215, 18
2, 218, 17
2, 224, 23
2, 229, 5
2, 234, 52
2, 236, 25
2, 237, 2
2, 240, 40
2, 243, 15
2, 244, 27
2, 244, 36
2, 248, 1
2, 252, 22
2, 254, 7
2, 254, 29
2, 256, 4
2, 257, 35
2, 257, 51
2, 258, 28
2, 262, 37
2, 263, 19
2, 266, 28
2, 276, 42
2, 283, 31
2, 283, 38
2, 287, 53
2, 290, 43
2, 295, 11
2, 297, 51
2, 298, 33
2, 300, 58
2, 304, 46
2, 307, 48
2, 308, 56
2, 313, 41
2, 315, 56
2, 316, 39
2, 316, 48
2, 319, 34
2, 320, 38
2, 322, 37
2, 327, 24
2, 327, 30
2, 349, 25
2, 354, 42
2, 357, 23
2, 360, 35
2, 362, 48
2, 365, 40
2, 367, 58
2, 375, 32
2, 375, 55
2, 379, 32
2, 380, 26
2, 380, 44
2, 383, 27
2, 392, 21
2, 393, 54
2, 394, 21
2, 398, 29
2, 400, 33
2, 400, 52
2, 404, 54
2, 420, 28
2, 423, 24
2, 423, 31
2, 430, 22
2, 447, 46
2, 448, 42
2, 448, 43
2, 452, 37
2, 456, 49
2, 459, 23
2, 462, 33
2, 464, 41
2, 465, 18
2, 465, 47
2, 471, 36
2, 472, 49
2, 476, 38
2, 483, 42
2, 483, 47
2, 487, 43
2, 496, 32
2, 496, 34
2, 499, 49
2, 500, 30
2, 504, 46
2, 506, 15
2, 507, 6
2, 507, 20
2, 508, 18
2, 510, 16
2, 511, 57
2, 514, 40
2, 519, 2
2, 519, 24
2, 519, 38
2, 521, 13
2, 521, 35
2, 524, 14
2, 530, 17
2, 531, 54
2, 536, 28
2, 537, 57
2, 547, 10
2, 547, 29
2, 552, 39
2, 555, 44
2, 560, 23
2, 566, 20
2, 568, 21
2, 572, 26
2, 573, 1
2, 573, 48
2, 574, 42
2, 575, 53
2, 577, 23
2, 583, 52
2, 584, 37
2, 585, 1
2, 587, 3
2, 589, 5
2, 590, 27
2, 593, 14
2, 593, 51
2, 599, 7
2, 599, 55
2, 604, 22
2, 605, 14
2, 605, 45
2, 608, 12
2, 610, 31
2, 611, 30
2, 611, 42
2, 617, 53
2, 621, 24
2, 621, 38
2, 622, 21
2, 622, 46
2, 626, 11
2, 628, 19
2, 629, 23
2, 637, 58
2, 639, 44
2, 641, 4
2, 652, 19
2, 655, 37
2, 656, 16
2, 657, 49
2, 666, 9
2, 666, 18
2, 673, 6
2, 674, 2
2, 675, 20
2, 675, 32
2, 677, 51
2, 680, 36
2, 682, 5
2, 683, 30
2, 686, 18
2, 690, 13
2, 690, 28
2, 692, 56
2, 693, 20
2, 695, 26
2, 695, 43
2, 695, 47
2, 703, 3
2, 707, 47
2, 708, 3
2, 710, 49
2, 711, 19
2, 715, 38
2, 717, 54
2, 724, 17
2, 724, 37
2, 730, 48
2, 733, 3
2, 734, 7
2, 735, 42
2, 735, 55
2, 738, 46
2, 743, 23
2, 744, 25
2, 746, 28
2, 750, 57
2, 758, 8
2, 761, 32
2, 766, 53
2, 774, 3
2, 782, 3
2, 785, 11
2, 788, 27
2, 789, 24
2, 790, 21
2, 791, 1
2, 793, 34
2, 794, 5
2, 797, 58
3, 1, 8
3, 2, 15
3, 13, 26
3, 14, 17
3, 16, 12
3, 16, 32
3, 18, 31
3, 26, 3
3, 33, 27
3, 33, 44
3, 35, 3
3, 35, 22
3, 36, 7
3, 36, 35
3, 38, 26
3, 39, 13
3, 45, 57
3, 46, 9
3, 46, 42
3, 47, 4
3, 47, 54
3, 53, 13
3, 57, 33
3, 65, 37
3, 70, 56
3, 75, 35
3, 76, 48
3, 80, 9
3, 80, 55
3, 82, 45
3, 93, 40
3, 94, 38
3, 97, 16
3, 98, 25
3, 99, 39
3, 102, 21
3, 103, 24
3, 113, 31
3, 116, 47
3, 117, 52
3, 118, 20
3, 120, 14
3, 120, 30
3, 129, 47
3, 132, 45
3, 133, 26
3, 136, 6
3, 139, 18
3, 139, 23
3, 140, 49
3, 143, 10
3, 145, 12
3, 145, 15
3, 155, 54
3, 157, 46
3, 158, 1
3, 158, 32
3, 164, 5
3, 165, 34
3, 167, 1
3, 172, 38
3, 174, 22
3, 175, 4
3, 176, 18
3, 177, 7
3, 179, 12
3, 180, 39
3, 187, 22
3, 194, 36
3, 199, 44
3, 200, 31
3, 201, 33
3, 201, 51
3, 202, 38
3, 203, 40
3, 215, 35
3, 216, 13
3, 216, 15
3, 218, 21
3, 218, 50
3, 221, 2
3, 231, 3
3, 232, 11
3, 238, 13
3, 238, 17
3, 241, 27
3, 242, 19
3, 243, 37
3, 244, 42
3, 246, 54
3, 250, 31
3, 252, 54
3, 255, 39
3, 259, 14
3, 261, 24
3, 262, 30
3, 265, 10
3, 266, 11
3, 273, 8
3, 273, 41
3, 273, 55
3, 275, 20
3, 281, 49
3, 288, 8
3, 288, 29
3, 292, 1
3, 297, 37
3, 298, 23
3, 303, 53
3, 306, 25
3, 306, 45
3, 307, 47
3, 319, 52
3, 322, 26
3, 324, 57
3, 330, 34
3, 333, 26
3, 334, 33
3, 337, 35
3, 345, 28
3, 349, 46
3, 354, 48
3, 361, 22
3, 364, 27
3, 366, 21
3, 376, 40
3, 376, 45
3, 379, 51
3, 381, 38
3, 382, 36
3, 383, 39
3, 396, 44
3, 407, 41
3, 414, 29
3, 418, 49
3, 426, 37
3, 435, 50
3, 438, 39
3, 439, 45
3, 441, 46
3, 442, 54
3, 450, 18
3, 451, 44
3, 453, 56
3, 458, 53
3, 465, 28
3, 465, 30
3, 472, 49
3, 475, 25
3, 475, 32
3, 480, 31
3, 480, 34
3, 481, 53
3, 482, 56
3, 483, 23
3, 484, 27
3, 488, 24
3, 490, 48
3, 491, 42
3, 499, 27
3, 507, 43
3, 514, 54
3, 515, 42
3, 517, 57
3, 518, 7
3, 518, 12
3, 519, 28
3, 519, 29
3, 523, 35
3, 525, 6
3, 525, 36
3, 528, 40
3, 528, 55
3, 536, 21
3, 537, 47
3, 547, 4
3, 553, 26
3, 554, 33
3, 556, 36
3, 556, 53
3, 562, 6
3, 562, 25
3, 562, 37
3, 566, 2
3, 567, 45
3, 568, 16
3, 571, 20
3, 571, 45
3, 572, 31
3, 573, 39
3, 575, 22
3, 580, 17
3, 582, 30
3, 583, 14
3, 586, 25
3, 591, 51
3, 592, 1
3, 597, 21
3, 597, 44
3, 599, 50
3, 601, 57
3, 602, 23
3, 604, 19
3, 605, 43
3, 606, 10
3, 608, 8
3, 614, 50
3, 624, 22
3, 626, 44
3, 629, 3
3, 633, 8
3, 636, 28
3, 637, 10
3, 637, 46
3, 639, 30
3, 641, 5
3, 641, 42
3, 645, 25
3, 652, 49
3, 654, 38
3, 659, 34
3, 661, 18
3, 663, 27
3, 663, 35
3, 666, 48
3, 667, 55
3, 668, 29
3, 668, 36
3, 669, 42
3, 670, 24
3, 674, 32
3, 675, 2
3, 679, 6
3, 679, 35
3, 683, 15
3, 684, 13
3, 686, 17
3, 692, 34
3, 695, 7
3, 697, 49
3, 709, 31
3, 711, 3
3, 719, 23
3, 721, 16
3, 722, 33
3, 729, 37
3, 743, 36
3, 746, 10
3, 747, 44
3, 751, 26
3, 751, 56
3, 753, 12
3, 753, 30
3, 756, 37
3, 757, 47
3, 760, 1
3, 761, 8
3, 765, 12
3, 770, 43
3, 770, 50
3, 771, 33
3, 772, 17
3, 773, 9
3, 774, 5
3, 778, 54
3, 779, 28
3, 781, 42
3, 785, 48
3, 786, 2
3, 787, 45
3, 791, 22
3, 795, 44
3, 799, 11
3, 799, 20
4, 4, 35
4, 4, 38
4, 8, 31
4, 10, 20
4, 10, 36
4, 11, 32
4, 15, 28
4, 17, 30
4, 22, 38
4, 31, 17
4, 36, 18
4, 36, 28
4, 39, 49
4, 41, 18
4, 42, 46
4, 47, 16
4, 49, 56
4, 52, 26
4, 57, 23
4, 59, 19
4, 60, 4
4, 60, 34
4, 61, 22
4, 70, 55
4, 71, 4
4, 71, 8
4, 71, 43
4, 74, 11
4, 82, 8
4, 82, 29
4, 82, 52
4, 86, 15
4, 86, 20
4, 88, 36
4, 91, 44
4, 92, 9
4, 93, 6
4, 93, 43
4, 94, 16
4, 99, 47
4, 102, 24
4, 102, 57
4, 105, 32
4, 113, 3
4, 114, 47
4, 115, 12
4, 118, 3
4, 119, 35
4, 126, 21
4, 130, 7
4, 132, 48
4, 135, 13
4, 135, 28
4, 146, 14
4, 147, 46
4, 148, 31
4, 156, 17
4, 163, 25
4, 165, 26
4, 167, 40
4, 167, 45
4, 169, 18
4, 172, 34
4, 176, 20
4, 176, 38
4, 178, 40
4, 180, 27
4, 182, 8
4, 188, 51
4, 189, 54
4, 196, 21
4, 198, 9
4, 198, 15
4, 198, 57
4, 199, 45
4, 206, 8
4, 208, 20
4, 209, 24
4, 211, 22
4, 212, 47
4, 214, 12
4, 214, 53
4, 217, 52
4, 218, 20
4, 220, 18
4, 221, 6
4, 224, 10
4, 225, 36
4, 227, 2
4, 228, 29
4, 230, 56
4, 231, 22
4, 231, 38
4, 232, 10
4, 233, 4
4, 234, 37
4, 236, 12
4, 238, 39
4, 238, 43
4, 242, 8
4, 245, 9
4, 254, 7
4, 254, 13
4, 254, 16
4, 254, 49
4, 257, 32
4, 264, 56
4, 271, 6
4, 271, 11
4, 276, 48
4, 278, 30
4, 280, 16
4, 285, 48
4, 288, 46
4, 292, 2
4, 293, 28
4, 295, 14
4, 298, 19
4, 298, 37
4, 299, 41
4, 305, 38
4, 306, 44
4, 314, 19
4, 314, 35
4, 319, 29
4, 327, 36
4, 338, 26
4, 338, 33
4, 339, 24
4, 340, 31
4, 349, 36
4, 356, 30
4, 356, 39
4, 359, 40
4, 367, 21
4, 369, 25
4, 371, 51
4, 373, 34
4, 374, 27
4, 376, 23
4, 388, 52
4, 390, 43
4, 393, 24
4, 395, 37
4, 402, 55
4, 403, 33
4, 407, 47
4, 417, 34
4, 417, 38
4, 434, 54
4, 435, 32
4, 441, 49
4, 442, 32
4, 445, 35
4, 446, 41
4, 446, 55
4, 456, 45
4, 462, 36
4, 477, 29
4, 481, 26
4, 484, 44
4, 498, 46
4, 499, 56
4, 500, 7
4, 501, 48
4, 502, 51
4, 505, 40
4, 507, 11
4, 507, 57
4, 508, 37
4, 509, 14
4, 512, 22
4, 514, 28
4, 516, 27
4, 517, 43
4, 519, 17
4, 519, 39
4, 519, 57
4, 521, 15
4, 522, 20
4, 524, 25
4, 528, 15
4, 529, 3
4, 529, 30
4, 534, 25
4, 535, 13
4, 541, 54
4, 544, 38
4, 546, 31
4, 550, 14
4, 552, 9
4, 553, 8
4, 554, 21
4, 559, 23
4, 560, 34
4, 565, 41
4, 567, 12
4, 569, 49
4, 575, 4
4, 582, 19
4, 585, 10
4, 591, 47
4, 594, 24
4, 599, 36
4, 601, 18
4, 602, 33
4, 614, 22
4, 615, 21
4, 618, 11
4, 618, 41
4, 620, 2
4, 622, 28
4, 622, 52
4, 623, 6
4, 632, 14
4, 635, 29
4, 636, 2
4, 637, 18
4, 640, 27
4, 642, 3
4, 645, 22
4, 645, 32
4, 649, 32
4, 649, 35
4, 653, 12
4, 654, 45
4, 656, 14
4, 657, 46
4, 660, 8
4, 664, 44
4, 671, 34
4, 673, 16
4, 684, 44
4, 686, 25
4, 690, 9
4, 698, 3
4, 698, 37
4, 698, 41
4, 701, 38
4, 705, 54
4, 706, 29
4, 708, 19
4, 717, 38
4, 718, 24
4, 721, 46
4, 722, 21
4, 725, 4
4, 729, 17
4, 729, 30
4, 731, 28
4, 733, 6
4, 734, 44
4, 740, 13
4, 745, 55
4, 747, 39
4, 752, 16
4, 755, 7
4, 755, 22
4, 755, 52
4, 756, 2
4, 761, 51
4, 763, 20
4, 764, 23
4, 764, 35
4, 764, 49
4, 771, 43
4, 775, 28
4, 777, 4
4, 784, 47
4, 789, 48
4, 796, 31
5, 1, 51
5, 2, 40
5, 6, 26
5, 7, 16
5, 8, 35
5, 13, 1
5, 14, 21
5, 17, 45
5, 22, 49
5, 23, 54
5, 25, 53
5, 28, 33
5, 32, 7
5, 32, 35
5, 38, 28
5, 44, 22
5, 47, 41
5, 48, 30
5, 49, 52
5, 58, 27
5, 61, 58
5, 63, 7
5, 70, 5
5, 73, 16
5, 73, 25
5, 80, 43
5, 83, 15
5, 83, 16
5, 84, 42
5, 85, 11
5, 86, 21
5, 89, 1
5, 92, 23
5, 93, 19
5, 93, 57
5, 94, 34
5, 96, 20
5, 99, 50
5, 106, 3
5, 106, 48
5, 107, 24
5, 110, 32
5, 111, 35
5, 115, 4
5, 119, 6
5, 119, 17
5, 120, 55
5, 124, 36
5, 132, 7
5, 136, 7
5, 137, 38
5, 139, 9
5, 139, 10
5, 139, 50
5, 142, 48
5, 149, 27
5, 155, 29
5, 155, 57
5, 159, 5
5, 160, 39
5, 163, 47
5, 174, 12
5, 177, 13
5, 177, 33
5, 180, 53
5, 183, 16
5, 187, 40
5, 193, 14
5, 193, 41
5, 197, 30
5, 199, 26
5, 200, 27
5, 200, 37
5, 201, 35
5, 202, 5
5, 202, 26
5, 205, 49
5, 210, 58
5, 219, 7
5, 221, 11
5, 222, 43
5, 224, 21
5, 228, 45
5, 231, 3
5, 231, 54
5, 233, 31
5, 233, 53
5, 234, 15
5, 237, 50
5, 238, 25
5, 239, 23
5, 241, 46
5, 242, 28
5, 244, 34
5, 244, 51
5, 247, 25
5, 249, 43
5, 254, 28
5, 257, 8
5, 257, 20
5, 259, 42
5, 266, 26
5, 267, 9
5, 268, 46
5, 270, 1
5, 270, 36
5, 271, 48
5, 276, 7
5, 277, 19
5, 278, 4
5, 279, 43
5, 288, 10
5, 288, 38
5, 297, 7
5, 297, 44
5, 299, 29
5, 300, 55
5, 301, 17
5, 313, 32
5, 315, 47
5, 316, 27
5, 317, 32
5, 319, 33
5, 325, 22
5, 328, 24
5, 330, 39
5, 331, 49
5, 335, 30
5, 339, 54
5, 341, 37
5, 350, 40
5, 352, 48
5, 355, 52
5, 360, 50
5, 369, 53
5, 375, 28
5, 377, 36
5, 379, 50
5, 389, 45
5, 398, 57
5, 400, 45
5, 410, 21
5, 410, 34
5, 412, 28
5, 414, 31
5, 417, 50
5, 422, 36
5, 426, 35
5, 429, 41
5, 430, 45
5, 431, 26
5, 432, 39
5, 436, 57
5, 437, 42
5, 438, 31
5, 441, 47
5, 442, 20
5, 449, 29
5, 450, 35
5, 450, 42
5, 457, 23
5, 457, 25
5, 460, 43
5, 461, 27
5, 466, 38
5, 475, 48
5, 477, 23
5, 483, 33
5, 488, 58
5, 492, 32
5, 494, 33
5, 497, 34
5, 500, 44
5, 501, 3
5, 502, 46
5, 510, 12
5, 517, 48
5, 518, 51
5, 524, 13
5, 525, 3
5, 529, 41
5, 530, 53
5, 532, 22
5, 533, 52
5, 535, 30
5, 535, 43
5, 538, 11
5, 540, 53
5, 548, 42
5, 549, 16
5, 551, 49
5, 552, 28
5, 555, 40
5, 557, 15
5, 558, 41
5, 559, 44
5, 560, 8
5, 561, 43
5, 563, 57
5, 564, 13
5, 565, 37
5, 567, 34
5, 568, 15
5, 571, 9
5, 572, 23
5, 574, 1
5, 578, 38
5, 580, 37
5, 582, 19
5, 582, 31
5, 593, 38
5, 594, 4
5, 594, 17
5, 597, 3
5, 599, 24
5, 600, 5
5, 603, 10
5, 604, 14
5, 607, 14
5, 607, 41
5, 610, 33
5, 610, 44
5, 610, 55
5, 612, 55
5, 614, 8
5, 617, 26
5, 617, 27
5, 620, 16
5, 626, 25
5, 629, 54
5, 631, 39
5, 636, 57
5, 637, 20
5, 637, 36
5, 638, 49
5, 643, 31
5, 645, 5
5, 651, 47
5, 653, 19
5, 654, 45
5, 661, 35
5, 663, 21
5, 670, 34
5, 671, 12
5, 673, 40
5, 674, 42
5, 678, 50
5, 679, 15
5, 684, 43
5, 686, 23
5, 687, 14
5, 688, 41
5, 691, 52
5, 696, 11
5, 698, 28
5, 699, 13
5, 699, 36
5, 703, 22
5, 706, 1
5, 706, 46
5, 709, 12
5, 720, 33
5, 722, 44
5, 724, 48
5, 726, 7
5, 731, 4
5, 731, 6
5, 732, 24
5, 734, 13
5, 738, 19
5, 739, 27
5, 741, 36
5, 741, 41
5, 742, 34
5, 747, 55
5, 751, 49
5, 766, 1
5, 767, 32
5, 772, 12
5, 776, 10
5, 778, 43
5, 782, 37
5, 786, 1
5, 788, 40
5, 790, 33
5, 790, 38
5, 793, 31
5, 796, 49
5, 797, 42
5, 798, 3
5, 798, 53
5, 799, 39
6, 2, 32
6, 3, 28
6, 4, 2
6, 5, 22
6, 5, 26
6, 7, 41
6, 11, 58
6, 14, 2
6, 15, 30
6, 19, 20
6, 20, 39
6, 22, 44
6, 26, 24
6, 28, 5
6, 30, 9
6, 34, 49
6, 37, 10
6, 40, 3
6, 42, 15
6, 48, 8
6, 48, 45
6, 50, 19
6, 50, 38
6, 58, 1
6, 59, 37
6, 60, 14
6, 65, 23
6, 67, 4
6, 70, 22
6, 75, 41
6, 77, 33
6, 79, 36
6, 80, 7
6, 87, 54
6, 91, 52
6, 95, 2
6, 96, 33
6, 99, 58
6, 100, 31
6, 101, 40
6, 104, 57
6, 116, 7
6, 119, 26
6, 121, 34
6, 123, 41
6, 127, 35
6, 129, 40
6, 130, 1
6, 146, 8
6, 146, 30
6, 154, 24
6, 159, 15
6, 159, 19
6, 164, 48
6, 166, 21
6, 166, 27
6, 167, 28
6, 167, 31
6, 169, 37
6, 171, 12
6, 175, 25
6, 176, 11
6, 179, 5
6, 182, 14
6, 184, 41
6, 184, 53
6, 193, 17
6, 195, 32
6, 203, 10
6, 204, 44
6, 208, 54
6, 210, 30
6, 211, 46
6, 213, 51
6, 218, 52
6, 219, 39
6, 223, 12
6, 227, 49
6, 230, 11
6, 231, 14
6, 240, 2
6, 241, 41
6, 244, 18
6, 245, 36
6, 246, 16
6, 248, 3
6, 251, 5
6, 252, 22
6, 257, 44
6, 261, 23
6, 262, 46
6, 263, 58
6, 264, 38
6, 268, 7
6, 273, 9
6, 273, 38
6, 278, 20
6, 279, 57
6, 280, 29
6, 281, 13
6, 286, 55
6, 287, 6
6, 292, 1
6, 293, 4
6, 294, 25
6, 300, 47
6, 305, 34
6, 307, 26
6, 309, 27
6, 309, 33
6, 312, 35
6, 312, 49
6, 313, 52
6, 318, 37
6, 323, 45
6, 330, 19
6, 340, 48
6, 340, 54
6, 341, 31
6, 350, 40
6, 351, 21
6, 360, 40
6, 362, 43
6, 366, 28
6, 367, 24
6, 367, 53
6, 381, 53
6, 388, 23
6, 399, 32
6, 401, 49
6, 412, 39
6, 414, 39
6, 417, 47
6, 421, 51
6, 421, 52
6, 422, 44
6, 429, 35
6, 432, 33
6, 436, 27
6, 463, 46
6, 464, 58
6, 465, 34
6, 472, 34
6, 473, 30
6, 474, 38
6, 482, 46
6, 484, 55
6, 497, 28
6, 503, 20
6, 504, 36
6, 505, 25
6, 506, 3
6, 506, 41
6, 511, 37
6, 512, 32
6, 515, 29
6, 516, 26
6, 517, 47
6, 519, 41
6, 527, 29
6, 529, 17
6, 530, 5
6, 530, 41
6, 531, 40
6, 532, 22
6, 534, 2
6, 534, 26
6, 538, 54
6, 547, 45
6, 549, 35
6, 550, 15
6, 557, 23
6, 557, 55
6, 562, 18
6, 562, 51
6, 568, 33
6, 574, 10
6, 578, 18
6, 587, 16
6, 592, 1
6, 595, 8
6, 595, 28
6, 597, 21
6, 598, 6
6, 604, 7
6, 605, 5
6, 607, 34
6, 608, 21
6, 609, 9
6, 609, 43
6, 609, 49
6, 611, 5
6, 617, 4
6, 619, 19
6, 625, 44
6, 626, 2
6, 626, 53
6, 628, 27
6, 628, 49
6, 629, 1
6, 632, 55
6, 633, 2
6, 633, 28
6, 633, 41
6, 635, 6
6, 636, 11
6, 639, 36
6, 641, 12
6, 642, 27
6, 643, 16
6, 645, 21
6, 645, 31
6, 645, 39
6, 648, 26
6, 651, 17
6, 662, 24
6, 671, 18
6, 671, 37
6, 671, 52
6, 675, 13
6, 676, 23
6, 677, 20
6, 684, 24
6, 684, 30
6, 686, 10
6, 692, 34
6, 695, 38
6, 697, 46
6, 698, 15
6, 703, 29
6, 703, 33
6, 704, 25
6, 707, 25
6, 708, 14
6, 708, 32
6, 709, 29
6, 709, 35
6, 712, 52
6, 722, 19
6, 724, 26
6, 733, 27
6, 739, 2
6, 739, 22
6, 742, 46
6, 743, 16
6, 746, 7
6, 749, 3
6, 753, 11
6, 763, 23
6, 764, 45
6, 768, 44
6, 771, 55
6, 786, 28
6, 791, 10
6, 792, 28
7, 4, 39
7, 4, 56
7, 7, 43
7, 10, 21
7, 14, 17
7, 16, 24
7, 17, 19
7, 21, 37
7, 24, 1
7, 29, 21
7, 32, 17
7, 41, 9
7, 45, 48
7, 48, 45
7, 53, 28
7, 54, 6
7, 57, 51
7, 59, 14
7, 67, 50
7, 68, 20
7, 69, 38
7, 70, 13
7, 71, 30
7, 72, 16
7, 80, 56
7, 81, 31
7, 81, 40
7, 82, 10
7, 82, 18
7, 85, 31
7, 85, 59
7, 86, 27
7, 88, 14
7, 88, 24
7, 95, 11
7, 96, 7
7, 96, 49
7, 99, 32
7, 100, 44
7, 100, 50
7, 105, 16
7, 108, 46
7, 109, 56
7, 110, 15
7, 110, 28
7, 111, 12
7, 114, 18
7, 114, 20
7, 116, 22
7, 118, 14
7, 119, 37
7, 120, 26
7, 121, 6
7, 121, 43
7, 123, 15
7, 125, 21
7, 126, 18
7, 126, 51
7, 130, 3
7, 131, 53
7, 134, 4
7, 145, 5
7, 147, 18
7, 147, 58
7, 149, 39
7, 150, 8
7, 151, 37
7, 151, 38
7, 152, 1
7, 155, 54
7, 160, 16
7, 163, 1
7, 165, 10
7, 166, 52
7, 166, 59
7, 169, 24
7, 169, 42
7, 170, 20
7, 175, 3
7, 177, 7
7, 178, 55
7, 180, 55
7, 184, 39
7, 187, 33
7, 187, 43
7, 188, 29
7, 193, 32
7, 195, 11
7, 198, 45
7, 199, 13
7, 201, 27
7, 201, 45
7, 202, 5
7, 210, 4
7, 211, 36
7, 214, 35
7, 215, 48
7, 217, 23
7, 217, 26
7, 221, 16
7, 224, 19
7, 237, 38
7, 240, 9
7, 240, 57
7, 248, 12
7, 251, 2
7, 253, 17
7, 254, 41
7, 256, 55
7, 258, 30
7, 259, 14
7, 259, 44
7, 265, 6
7, 269, 34
7, 270, 37
7, 271, 32
7, 272, 43
7, 274, 40
7, 276, 20
7, 277, 25
7, 278, 40
7, 278, 42
7, 278, 46
7, 279, 50
7, 282, 8
7, 287, 51
7, 294, 9
7, 294, 37
7, 294, 39
7, 296, 13
7, 298, 31
7, 299, 21
7, 300, 3
7, 300, 24
7, 301, 44
7, 302, 53
7, 311, 36
7, 311, 56
7, 324, 52
7, 326, 45
7, 328, 22
7, 330, 42
7, 340, 40
7, 355, 54
7, 362, 35
7, 363, 30
7, 365, 57
7, 369, 27
7, 370, 49
7, 374, 33
7, 381, 47
7, 381, 58
7, 383, 34
7, 383, 46
7, 391, 49
7, 394, 35
7, 402, 41
7, 405, 29
7, 410, 32
7, 411, 23
7, 415, 28
7, 415, 38
7, 416, 46
7, 417, 51
7, 418, 30
7, 419, 33
7, 427, 55
7, 429, 26
7, 434, 21
7, 434, 35
7, 440, 48
7, 443, 44
7, 444, 32
7, 462, 38
7, 464, 47
7, 469, 31
7, 471, 24
7, 472, 26
7, 474, 41
7, 477, 37
7, 482, 52
7, 483, 43
7, 487, 38
7, 490, 39
7, 496, 37
7, 501, 19
7, 502, 2
7, 502, 50
7, 503, 1
7, 504, 52
7, 510, 55
7, 515, 28
7, 517, 7
7, 518, 43
7, 521, 5
7, 523, 10
7, 523, 16
7, 525, 36
7, 532, 18
7, 533, 47
7, 534, 1
7, 535, 54
7, 538, 3
7, 538, 22
7, 540, 17
7, 543, 20
7, 543, 34
7, 544, 29
7, 551, 44
7, 551, 57
7, 552, 11
7, 552, 35
7, 553, 15
7, 553, 33
7, 554, 42
7, 555, 58
7, 559, 27
7, 570, 6
7, 577, 48
7, 580, 46
7, 580, 56
7, 581, 14
7, 583, 12
7, 590, 40
7, 591, 9
7, 593, 23
7, 593, 54
7, 602, 35
7, 605, 30
7, 605, 32
7, 607, 3
7, 607, 18
7, 608, 45
7, 614, 25
7, 620, 22
7, 620, 47
7, 626, 47
7, 632, 44
7, 638, 9
7, 642, 42
7, 646, 24
7, 647, 4
7, 648, 55
7, 651, 26
7, 657, 11
7, 657, 24
7, 658, 31
7, 659, 21
7, 660, 33
7, 661, 52
7, 663, 19
7, 664, 32
7, 664, 38
7, 664, 49
7, 665, 8
7, 666, 13
7, 667, 6
7, 667, 28
7, 668, 19
7, 670, 39
7, 671, 23
7, 676, 3
7, 676, 17
7, 681, 34
7, 686, 17
7, 690, 25
7, 691, 29
7, 695, 5
7, 695, 20
7, 699, 51
7, 705, 49
7, 708, 37
7, 709, 17
7, 711, 36
7, 712, 43
7, 715, 19
7, 716, 41
7, 718, 31
7, 723, 12
7, 724, 2
7, 726, 15
7, 730, 22
7, 732, 14
7, 732, 59
7, 734, 27
7, 737, 9
7, 738, 39
7, 740, 7
7, 740, 42
7, 743, 14
7, 746, 23
7, 750, 11
7, 753, 46
7, 754, 21
7, 754, 39
7, 756, 54
7, 758, 15
7, 760, 18
7, 764, 26
7, 775, 35
7, 777, 33
7, 781, 8
7, 782, 57
7, 790, 7
7, 792, 13
7, 797, 6
8, 6, 11
8, 7, 6
8, 10, 58
8, 11, 48
8, 11, 49
8, 15, 33
8, 17, 8
8, 17, 18
8, 22, 20
8, 25, 22
8, 36, 34
8, 37, 39
8, 39, 10
8, 45, 37
8, 50, 16
8, 52, 3
8, 53, 4
8, 58, 7
8, 60, 15
8, 60, 25
8, 61, 16
8, 61, 44
8, 64, 49
8, 68, 38
8, 77, 42
8, 79, 50
8, 83, 8
8, 88, 18
8, 89, 42
8, 89, 51
8, 91, 40
8, 95, 1
8, 104, 53
8, 105, 17
8, 105, 31
8, 106, 21
8, 111, 8
8, 111, 29
8, 122, 59
8, 125, 28
8, 129, 18
8, 132, 30
8, 136, 19
8, 138, 20
8, 139, 1
8, 144, 39
8, 147, 56
8, 150, 38
8, 151, 43
8, 155, 6
8, 155, 44
8, 155, 49
8, 155, 56
8, 156, 19
8, 159, 25
8, 165, 20
8, 166, 2
8, 170, 5
8, 170, 48
8, 172, 8
8, 172, 9
8, 172, 33
8, 180, 47
8, 181, 11
8, 182, 36
8, 183, 16
8, 188, 23
8, 191, 12
8, 192, 35
8, 193, 45
8, 199, 18
8, 200, 47
8, 201, 27
8, 202, 14
8, 203, 6
8, 206, 53
8, 208, 17
8, 209, 21
8, 211, 3
8, 215, 2
8, 215, 42
8, 219, 58
8, 223, 26
8, 226, 34
8, 231, 31
8, 233, 1
8, 237, 28
8, 238, 3
8, 241, 22
8, 241, 53
8, 243, 48
8, 245, 39
8, 246, 50
8, 251, 29
8, 254, 16
8, 259, 30
8, 259, 33
8, 264, 41
8, 265, 10
8, 266, 19
8, 274, 11
8, 275, 4
8, 277, 38
8, 278, 32
8, 282, 17
8, 282, 24
8, 285, 33
8, 287, 16
8, 289, 7
8, 291, 18
8, 294, 2
8, 295, 51
8, 297, 15
8, 309, 40
8, 312, 27
8, 313, 35
8, 314, 43
8, 314, 51
8, 317, 59
8, 337, 23
8, 340, 44
8, 342, 52
8, 352, 45
8, 364, 49
8, 368, 25
8, 371, 26
8, 375, 47
8, 377, 48
8, 378, 41
8, 378, 53
8, 382, 37
8, 383, 22
8, 390, 27
8, 391, 46
8, 398, 39
8, 401, 55
8, 402, 43
8, 404, 58
8, 405, 38
8, 405, 40
8, 416, 21
8, 428, 36
8, 428, 49
8, 429, 20
8, 430, 30
8, 436, 58
8, 447, 28
8, 452, 42
8, 453, 32
8, 454, 59
8, 457, 33
8, 457, 48
8, 463, 34
8, 463, 46
8, 467, 31
8, 469, 28
8, 471, 47
8, 475, 24
8, 475, 56
8, 492, 27
8, 496, 50
8, 505, 42
8, 513, 5
8, 513, 35
8, 516, 13
8, 519, 9
8, 531, 26
8, 533, 18
8, 542, 6
8, 543, 12
8, 547, 8
8, 547, 50
8, 551, 23
8, 551, 25
8, 551, 50
8, 556, 40
8, 560, 3
8, 564, 44
8, 566, 14
8, 567, 29
8, 575, 5
8, 575, 16
8, 575, 52
8, 577, 36
8, 579, 4
8, 579, 39
8, 580, 51
8, 585, 27
8, 587, 30
8, 587, 47
8, 587, 59
8, 596, 7
8, 598, 48
8, 601, 19
8, 603, 23
8, 603, 35
8, 606, 29
8, 611, 31
8, 616, 43
8, 617, 22
8, 617, 33
8, 623, 7
8, 625, 38
8, 630, 21
8, 640, 41
8, 642, 17
8, 644, 5
8, 644, 9
8, 648, 37
8, 655, 19
8, 657, 40
8, 659, 3
8, 659, 13
8, 659, 24
8, 666, 26
8, 674, 2
8, 676, 58
8, 678, 48
8, 679, 2
8, 679, 32
8, 681, 4
8, 687, 12
8, 687, 38
8, 692, 11
8, 692, 16
8, 696, 20
8, 698, 49
8, 700, 8
8, 705, 1
8, 705, 35
8, 707, 36
8, 711, 30
8, 712, 31
8, 712, 53
8, 713, 16
8, 713, 46
8, 719, 42
8, 720, 9
8, 725, 21
8, 725, 43
8, 728, 18
8, 737, 15
8, 742, 21
8, 746, 23
8, 750, 44
8, 751, 37
8, 752, 25
8, 753, 36
8, 757, 5
8, 757, 52
8, 761, 6
8, 761, 9
8, 763, 14
8, 767, 13
8, 767, 24
8, 769, 40
8, 769, 47
8, 775, 19
8, 776, 29
8, 777, 56
8, 778, 30
8, 779, 22
8, 779, 33
8, 781, 17
8, 781, 26
8, 782, 56
8, 788, 12
8, 790, 7
8, 790, 34
8, 791, 50
8, 794, 32
8, 796, 2
9, 3, 13
9, 4, 28
9, 4, 39
9, 5, 11
9, 5, 37
9, 7, 26
9, 10, 7
9, 11, 57
9, 15, 4
9, 16, 43
9, 19, 35
9, 20, 52
9, 23, 30
9, 25, 19
9, 31, 36
9, 34, 42
9, 36, 31
9, 39, 24
9, 40, 56
9, 41, 33
9, 44, 36
9, 44, 41
9, 46, 59
9, 47, 27
9, 48, 44
9, 49, 28
9, 52, 34
9, 55, 10
9, 55, 58
9, 57, 19
9, 58, 17
9, 59, 40
9, 64, 28
9, 72, 47
9, 73, 45
9, 73, 48
9, 78, 3
9, 81, 2
9, 81, 22
9, 84, 20
9, 87, 50
9, 88, 41
9, 88, 59
9, 91, 25
9, 95, 5
9, 95, 24
9, 96, 26
9, 103, 24
9, 109, 6
9, 109, 24
9, 115, 10
9, 115, 49
9, 118, 42
9, 122, 5
9, 122, 28
9, 124, 1
9, 124, 52
9, 126, 29
9, 129, 44
9, 132, 49
9, 139, 54
9, 141, 11
9, 144, 28
9, 144, 61
9, 145, 52
9, 151, 47
9, 160, 13
9, 166, 32
9, 167, 38
9, 169, 60
9, 170, 1
9, 173, 17
9, 173, 31
9, 175, 40
9, 176, 16
9, 176, 34
9, 178, 18
9, 181, 51
9, 190, 16
9, 190, 39
9, 192, 30
9, 194, 22
9, 195, 8
9, 195, 14
9, 198, 28
9, 202, 2
9, 202, 19
9, 202, 29
9, 206, 25
9, 206, 59
9, 215, 57
9, 218, 37
9, 222, 12
9, 222, 37
9, 225, 56
9, 227, 55
9, 231, 7
9, 232, 57
9, 235, 4
9, 236, 12
9, 238, 5
9, 241, 23
9, 246, 26
9, 246, 33
9, 249, 50
9, 251, 25
9, 253, 43
9, 258, 21
9, 259, 35
9, 259, 36
9, 259, 38
9, 260, 13
9, 270, 7
9, 273, 10
9, 273, 29
9, 274, 35
9, 275, 53
9, 282, 9
9, 284, 1
9, 284, 31
9, 286, 16
9, 287, 50
9, 288, 6
9, 288, 10
9, 288, 29
9, 290, 53
9, 292, 46
9, 294, 34
9, 294, 37
9, 298, 48
9, 299, 44
9, 305, 54
9, 306, 27
9, 308, 32
9, 308, 35
9, 312, 32
9, 312, 49
9, 316, 27
9, 316, 45
9, 318, 28
9, 327, 42
9, 331, 25
9, 332, 40
9, 341, 36
9, 342, 52
9, 344, 37
9, 353, 60
9, 356, 41
9, 360, 53
9, 362, 47
9, 365, 37
9, 368, 34
9, 369, 39
9, 372, 57
9, 379, 20
9, 379, 56
9, 381, 48
9, 383, 32
9, 384, 33
9, 388, 29
9, 388, 58
9, 390, 40
9, 394, 23
9, 395, 26
9, 403, 24
9, 414, 51
9, 418, 20
9, 418, 45
9, 420, 34
9, 420, 43
9, 424, 22
9, 424, 30
9, 428, 41
9, 431, 38
9, 441, 53
9, 441, 57
9, 446, 43
9, 449, 24
9, 449, 30
9, 460, 26
9, 482, 50
9, 484, 54
9, 485, 52
9, 486, 59
9, 492, 23
9, 493, 50
9, 498, 17
9, 502, 16
9, 503, 5
9, 503, 36
9, 504, 52
9, 505, 21
9, 507, 51
9, 509, 28
9, 510, 4
9, 514, 46
9, 518, 50
9, 520, 54
9, 524, 39
9, 525, 35
9, 529, 8
9, 530, 21
9, 531, 29
9, 534, 18
9, 534, 31
9, 540, 40
9, 543, 45
9, 544, 35
9, 546, 30
9, 550, 44
9, 553, 5
9, 555, 13
9, 559, 19
9, 560, 9
9, 561, 18
9, 565, 60
9, 566, 1
9, 568, 32
9, 569, 49
9, 572, 2
9, 576, 6
9, 579, 11
9, 579, 48
9, 580, 37
9, 580, 41
9, 581, 46
9, 582, 20
9, 584, 3
9, 585, 1
9, 590, 33
9, 591, 7
9, 597, 4
9, 597, 27
9, 603, 30
9, 604, 14
9, 606, 55
9, 611, 40
9, 614, 30
9, 615, 51
9, 618, 8
9, 618, 23
9, 623, 38
9, 628, 14
9, 630, 20
9, 630, 25
9, 640, 22
9, 640, 35
9, 651, 10
9, 662, 16
9, 663, 55
9, 668, 39
9, 669, 36
9, 672, 41
9, 672, 43
9, 673, 7
9, 673, 18
9, 673, 31
9, 677, 52
9, 687, 45
9, 692, 8
9, 692, 47
9, 695, 12
9, 695, 54
9, 696, 56
9, 702, 5
9, 702, 58
9, 703, 26
9, 704, 38
9, 704, 53
9, 705, 10
9, 706, 24
9, 707, 34
9, 708, 78
9, 709, 6
9, 709, 56
9, 712, 29
9, 719, 31
9, 722, 54
9, 722, 57
9, 723, 32
9, 733, 35
9, 752, 44
9, 755, 30
9, 758, 21
9, 761, 3
9, 765, 44
9, 770, 4
9, 771, 28
9, 772, 16
9, 773, 5
9, 779, 50
9, 781, 46
9, 785, 18
9, 787, 4
9, 787, 54
9, 789, 2
9, 789, 28
9, 791, 38
9, 792, 59
9, 794, 6
9, 794, 13
10, 3, 48
10, 6, 10
10, 10, 3
10, 10, 15
10, 10, 46
10, 11, 22
10, 14, 9
10, 14, 50
10, 18, 6
10, 20, 44
10, 21, 1
10, 21, 58
10, 23, 17
10, 25, 51
10, 27, 27
10, 29, 56
10, 34, 36
10, 40, 24
10, 40, 31
10, 46, 43
10, 47, 54
10, 49, 2
10, 55, 37
10, 56, 8
10, 59, 44
10, 60, 27
10, 62, 29
10, 62, 32
10, 62, 53
10, 64, 20
10, 64, 41
10, 65, 25
10, 66, 34
10, 68, 14
10, 69, 5
10, 69, 26
10, 73, 52
10, 75, 49
10, 76, 8
10, 76, 19
10, 77, 32
10, 85, 4
10, 87, 40
10, 89, 38
10, 91, 48
10, 91, 59
10, 92, 16
10, 92, 35
10, 94, 46
10, 96, 9
10, 97, 30
10, 101, 23
10, 111, 29
10, 118, 14
10, 118, 36
10, 121, 50
10, 127, 33
10, 129, 3
10, 130, 9
10, 135, 58
10, 139, 3
10, 139, 10
10, 139, 13
10, 141, 39
10, 143, 6
10, 144, 17
10, 145, 15
10, 152, 15
10, 153, 24
10, 153, 43
10, 157, 41
10, 157, 44
10, 158, 22
10, 162, 41
10, 164, 2
10, 165, 13
10, 176, 37
10, 178, 26
10, 186, 28
10, 187, 45
10, 188, 1
10, 188, 42
10, 192, 49
10, 200, 51
10, 201, 59
10, 203, 15
10, 205, 29
10, 205, 49
10, 206, 32
10, 211, 34
10, 212, 27
10, 216, 40
10, 219, 31
10, 222, 3
10, 224, 9
10, 228, 47
10, 230, 25
10, 230, 38
10, 231, 16
10, 234, 20
10, 240, 21
10, 240, 27
10, 242, 7
10, 244, 46
10, 251, 23
10, 252, 56
10, 255, 58
10, 256, 50
10, 262, 24
10, 263, 19
10, 269, 18
10, 269, 44
10, 271, 56
10, 273, 8
10, 275, 39
10, 276, 52
10, 278, 22
10, 279, 2
10, 280, 17
10, 282, 52
10, 287, 24
10, 288, 5
10, 289, 26
10, 291, 35
10, 292, 14
10, 292, 54
10, 295, 44
10, 297, 60
10, 308, 33
10, 317, 50
10, 322, 34
10, 322, 48
10, 323, 22
10, 324, 38
10, 324, 48
10, 329, 57
10, 335, 36
10, 336, 25
10, 347, 50
10, 348, 30
10, 350, 55
10, 351, 36
10, 351, 37
10, 352, 44
10, 354, 28
10, 361, 21
10, 369, 29
10, 373, 32
10, 375, 59
10, 381, 38
10, 391, 31
10, 391, 43
10, 393, 54
10, 397, 29
10, 404, 50
10, 407, 19
10, 411, 53
10, 413, 46
10, 414, 33
10, 414, 37
10, 414, 49
10, 420, 23
10, 427, 27
10, 434, 42
10, 442, 25
10, 443, 40
10, 446, 30
10, 454, 24
10, 454, 56
10, 460, 26
10, 461, 31
10, 461, 35
10, 463, 38
10, 468, 34
10, 471, 51
10, 475, 52
10, 486, 20
10, 486, 45
10, 499, 47
10, 500, 13
10, 504, 29
10, 506, 36
10, 507, 15
10, 507, 53
10, 508, 4
10, 512, 39
10, 514, 12
10, 515, 36
10, 515, 48
10, 517, 29
10, 520, 22
10, 521, 41
10, 523, 6
10, 524, 28
10, 525, 12
10, 536, 34
10, 541, 5
10, 543, 16
10, 543, 32
10, 545, 60
10, 546, 35
10, 546, 44
10, 550, 9
10, 550, 10
10, 550, 19
10, 552, 58
10, 554, 26
10, 554, 44
10, 556, 1
10, 556, 17
10, 561, 3
10, 569, 33
10, 571, 42
10, 572, 23
10, 574, 3
10, 575, 8
10, 577, 16
10, 578, 29
10, 579, 30
10, 593, 29
10, 598, 12
10, 601, 38
10, 603, 36
10, 604, 21
10, 608, 12
10, 610, 24
10, 614, 50
10, 619, 55
10, 620, 14
10, 625, 22
10, 625, 31
10, 627, 42
10, 632, 3
10, 636, 23
10, 637, 51
10, 647, 32
10, 648, 5
10, 649, 20
10, 649, 24
10, 649, 43
10, 651, 25
10, 652, 48
10, 656, 46
10, 666, 30
10, 671, 15
10, 682, 4
10, 683, 3
10, 684, 44
10, 686, 9
10, 691, 2
10, 692, 7
10, 693, 39
10, 706, 17
10, 706, 27
10, 713, 10
10, 721, 43
10, 725, 34
10, 735, 35
10, 737, 13
10, 741, 33
10, 741, 58
10, 746, 8
10, 747, 17
10, 750, 34
10, 754, 36
10, 760, 26
10, 766, 53
10, 766, 59
10, 778, 42
10, 780, 49
10, 784, 41
10, 785, 55
10, 794, 7
10, 795, 38
10, 797, 29
10, 798, 14
11, 1, 8
11, 1, 41
11, 2, 10
11, 3, 30
11, 6, 20
11, 12, 5
11, 13, 1
11, 15, 16
11, 17, 51
11, 19, 7
11, 21, 7
11, 22, 33
11, 22, 40
11, 23, 15
11, 25, 12
11, 29, 17
11, 29, 48
11, 37, 14
11, 37, 46
11, 42, 14
11, 43, 6
11, 46, 36
11, 52, 7
11, 56, 26
11, 57, 26
11, 58, 2
11, 58, 4
11, 60, 43
11, 63, 31
11, 64, 9
11, 65, 34
11, 68, 1
11, 69, 8
11, 69, 33
11, 69, 39
11, 72, 57
11, 73, 52
11, 78, 55
11, 79, 16
11, 80, 58
11, 84, 6
11, 93, 35
11, 94, 30
11, 95, 50
11, 98, 48
11, 99, 10
11, 99, 18
11, 99, 23
11, 103, 36
11, 108, 11
11, 110, 1
11, 112, 38
11, 113, 20
11, 115, 46
11, 117, 15
11, 118, 10
11, 125, 24
11, 125, 53
11, 127, 10
11, 127, 36
11, 127, 38
11, 128, 7
11, 131, 56
11, 132, 6
11, 136, 45
11, 137, 29
11, 137, 39
11, 139, 51
11, 142, 19
11, 142, 37
11, 143, 32
11, 145, 4
11, 146, 28
11, 148, 21
11, 150, 33
11, 150, 52
11, 153, 9
11, 155, 29
11, 160, 2
11, 160, 39
11, 162, 34
11, 166, 12
11, 166, 25
11, 166, 30
11, 168, 17
11, 169, 28
11, 175, 34
11, 176, 18
11, 178, 41
11, 186, 46
11, 189, 14
11, 193, 38
11, 195, 52
11, 200, 9
11, 200, 31
11, 205, 41
11, 215, 17
11, 216, 40
11, 217, 10
11, 217, 16
11, 217, 33
11, 226, 8
11, 226, 19
11, 227, 41
11, 227, 53
11, 228, 35
11, 231, 9
11, 231, 37
11, 235, 55
11, 237, 54
11, 241, 18
11, 242, 2
11, 242, 15
11, 246, 43
11, 249, 11
11, 250, 36
11, 254, 50
11, 257, 27
11, 260, 45
11, 263, 24
11, 265, 14
11, 267, 57
11, 268, 53
11, 276, 1
11, 277, 2
11, 278, 23
11, 281, 55
11, 284, 20
11, 287, 28
11, 287, 57
11, 289, 7
11, 291, 4
11, 295, 30
11, 300, 24
11, 306, 51
11, 309, 44
11, 309, 50
11, 315, 32
11, 320, 39
11, 321, 26
11, 329, 21
11, 329, 37
11, 330, 48
11, 344, 22
11, 346, 22
11, 350, 29
11, 359, 56
11, 361, 47
11, 367, 29
11, 367, 47
11, 368, 33
11, 369, 38
11, 372, 25
11, 372, 35
11, 378, 36
11, 378, 46
11, 386, 30
11, 389, 43
11, 393, 33
11, 393, 50
11, 400, 38
11, 403, 33
11, 413, 52
11, 414, 39
11, 418, 23
11, 418, 34
11, 421, 42
11, 431, 39
11, 433, 28
11, 437, 23
11, 437, 57
11, 438, 48
11, 439, 27
11, 439, 45
11, 441, 36
11, 445, 38
11, 451, 52
11, 454, 27
11, 464, 40
11, 464, 44
11, 466, 54
11, 474, 31
11, 475, 44
11, 477, 37
11, 477, 51
11, 479, 35
11, 482, 55
11, 485, 32
11, 486, 37
11, 494, 25
11, 495, 34
11, 495, 47
11, 495, 57
11, 496, 41
11, 496, 58
11, 499, 29
11, 500, 31
11, 501, 50
11, 503, 6
11, 505, 49
11, 506, 35
11, 510, 19
11, 512, 53
11, 513, 17
11, 516, 46
11, 517, 26
11, 521, 9
11, 525, 27
11, 526, 11
11, 528, 52
11, 530, 13
11, 533, 5
11, 534, 8
11, 539, 33
11, 543, 7
11, 543, 25
11, 545, 40
11, 549, 42
11, 549, 57
11, 551, 15
11, 552, 18
11, 555, 32
11, 557, 15
11, 558, 29
11, 559, 56
11, 565, 40
11, 567, 47
11, 569, 15
11, 569, 24
11, 571, 19
11, 572, 16
11, 577, 38
11, 577, 39
11, 580, 46
11, 584, 22
11, 585, 28
11, 589, 21
11, 590, 26
11, 592, 10
11, 596, 29
11, 596, 43
11, 599, 40
11, 600, 14
11, 603, 42
11, 605, 27
11, 606, 47
11, 608, 52
11, 609, 20
11, 613, 11
11, 614, 14
11, 614, 24
11, 614, 54
11, 615, 55
11, 616, 32
11, 617, 23
11, 617, 35
11, 619, 4
11, 622, 42
11, 622, 48
11, 624, 34
11, 629, 7
11, 631, 31
11, 631, 36
11, 632, 45
11, 633, 56
11, 637, 25
11, 639, 18
11, 639, 30
11, 640, 39
11, 641, 15
11, 642, 54
11, 643, 44
11, 650, 50
11, 652, 33
11, 652, 37
11, 655, 51
11, 657, 56
11, 661, 53
11, 662, 6
11, 666, 2
11, 666, 22
11, 669, 14
11, 670, 14
11, 676, 37
11, 677, 48
11, 680, 57
11, 683, 23
11, 687, 8
11, 692, 17
11, 697, 21
11, 698, 21
11, 698, 46
11, 699, 38
11, 700, 54
11, 708, 49
11, 709, 29
11, 709, 52
11, 711, 36
11, 713, 1
11, 717, 19
11, 717, 47
11, 719, 32
11, 722, 17
11, 722, 47
11, 722, 58
11, 725, 19
11, 734, 35
11, 735, 34
11, 736, 24
11, 740, 45
11, 741, 16
11, 745, 16
11, 746, 36
11, 750, 18
11, 750, 27
11, 753, 8
11, 761, 2
11, 768, 20
11, 769, 40
11, 772, 24
11, 774, 33
11, 778, 4
11, 778, 23
11, 779, 56
11, 783, 20
11, 785, 12
11, 787, 14
11, 787, 33
11, 787, 47
11, 793, 8
11, 793, 50
12, 4, 21
12, 4, 31
12, 5, 51
12, 9, 59
12, 11, 19
12, 16, 22
12, 20, 20
12, 21, 26
12, 21, 48
12, 30, 7
12, 30, 10
12, 31, 54
12, 37, 17
12, 38, 54
12, 39, 40
12, 43, 17
12, 44, 39
12, 46, 29
12, 48, 20
12, 48, 24
12, 49, 29
12, 53, 18
12, 57, 37
12, 60, 36
12, 61, 45
12, 64, 50
12, 67, 15
12, 70, 19
12, 71, 41
12, 75, 17
12, 77, 23
12, 79, 31
12, 82, 48
12, 89, 9
12, 90, 27
12, 92, 1
12, 95, 57
12, 96, 12
12, 102, 49
12, 109, 2
12, 112, 38
12, 113, 21
12, 116, 58
12, 120, 55
12, 122, 7
12, 128, 31
12, 130, 14
12, 131, 3
12, 132, 56
12, 138, 8
12, 140, 46
12, 142, 6
12, 143, 35
12, 144, 25
12, 147, 43
12, 158, 4
12, 162, 24
12, 166, 47
12, 169, 20
12, 170, 32
12, 172, 61
12, 173, 51
12, 179, 1
12, 181, 5
12, 181, 26
12, 183, 45
12, 190, 30
12, 193, 29
12, 194, 12
12, 195, 6
12, 195, 26
12, 199, 10
12, 205, 17
12, 207, 18
12, 212, 54
12, 217, 50
12, 219, 52
12, 220, 37
12, 226, 40
12, 230, 12
12, 230, 22
12, 230, 31
12, 231, 37
12, 232, 14
12, 236, 51
12, 237, 13
12, 237, 59
12, 238, 7
12, 240, 9
12, 241, 47
12, 245, 53
12, 246, 44
12, 252, 15
12, 254, 42
12, 256, 10
12, 257, 2
12, 266, 38
12, 268, 24
12, 269, 19
12, 276, 16
12, 276, 17
12, 279, 42
12, 281, 11
12, 281, 12
12, 281, 21
12, 281, 39
12, 283, 29
12, 286, 27
12, 287, 55
12, 288, 10
12, 293, 36
12, 299, 35
12, 300, 32
12, 306, 30
12, 308, 27
12, 308, 58
12, 309, 23
12, 314, 28
12, 316, 25
12, 321, 35
12, 324, 48
12, 328, 33
12, 338, 45
12, 342, 25
12, 342, 41
12, 353, 27
12, 355, 50
12, 359, 29
12, 361, 43
12, 363, 45
12, 364, 54
12, 373, 52
12, 382, 56
12, 384, 47
12, 386, 34
12, 391, 59
12, 394, 57
12, 403, 49
12, 407, 30
12, 422, 32
12, 423, 38
12, 423, 59
12, 425, 20
12, 427, 34
12, 430, 26
12, 438, 53
12, 439, 31
12, 441, 44
12, 443, 26
12, 446, 51
12, 454, 33
12, 455, 54
12, 459, 46
12, 460, 37
12, 464, 36
12, 468, 28
12, 469, 24
12, 469, 43
12, 472, 55
12, 479, 29
12, 483, 40
12, 484, 28
12, 490, 30
12, 498, 22
12, 508, 33
12, 510, 13
12, 514, 6
12, 516, 39
12, 517, 12
12, 518, 52
12, 521, 42
12, 522, 9
12, 526, 55
12, 527, 23
12, 530, 25
12, 532, 18
12, 534, 41
12, 534, 47
12, 534, 51
12, 540, 8
12, 540, 48
12, 543, 27
12, 546, 3
12, 551, 21
12, 551, 31
12, 552, 40
12, 568, 3
12, 569, 32
12, 570, 1
12, 573, 34
12, 574, 45
12, 583, 56
12, 584, 44
12, 591, 5
12, 594, 57
12, 595, 24
12, 596, 7
12, 596, 38
12, 606, 37
12, 606, 50
12, 609, 17
12, 611, 22
12, 622, 53
12, 623, 58
12, 625, 14
12, 626, 20
12, 627, 43
12, 628, 10
12, 631, 16
12, 636, 30
12, 638, 52
12, 647, 33
12, 649, 41
12, 652, 11
12, 653, 40
12, 661, 21
12, 661, 23
12, 664, 49
12, 667, 47
12, 668, 24
12, 669, 11
12, 672, 46
12, 673, 38
12, 674, 27
12, 677, 39
12, 681, 44
12, 682, 59
12, 700, 36
12, 701, 18
12, 701, 51
12, 709, 50
12, 710, 31
12, 712, 12
12, 714, 2
12, 717, 19
12, 719, 52
12, 721, 27
12, 721, 45
12, 726, 4
12, 726, 52
12, 727, 34
12, 731, 36
12, 732, 23
12, 737, 6
12, 737, 29
12, 741, 7
12, 744, 3
12, 744, 40
12, 748, 46
12, 750, 34
12, 752, 18
12, 752, 44
12, 766, 30
12, 773, 25
12, 775, 40
12, 778, 22
12, 779, 14
12, 781, 10
12, 782, 26
12, 785, 31
12, 786, 24
12, 786, 38
12, 792, 3
12, 794, 2
13, 1, 37
13, 6, 34
13, 6, 45
13, 8, 5
13, 11, 51
13, 12, 37
13, 14, 13
13, 26, 47
13, 30, 45
13, 33, 55
13, 33, 58
13, 40, 40
13, 43, 14
13, 44, 26
13, 45, 20
13, 45, 29
13, 46, 23
13, 46, 56
13, 52, 31
13, 52, 42
13, 55, 8
13, 62, 28
13, 62, 34
13, 66, 14
13, 71, 60
13, 75, 10
13, 81, 1
13, 81, 23
13, 83, 15
13, 84, 38
13, 87, 41
13, 89, 33
13, 90, 21
13, 95, 43
13, 97, 14
13, 99, 42
13, 103, 18
13, 106, 51
13, 109, 56
13, 115, 13
13, 115, 35
13, 116, 49
13, 118, 32
13, 120, 29
13, 121, 3
13, 121, 12
13, 125, 13
13, 128, 44
13, 133, 25
13, 139, 5
13, 140, 22
13, 143, 20
13, 146, 54
13, 151, 28
13, 152, 3
13, 154, 3
13, 154, 37
13, 156, 37
13, 157, 18
13, 159, 57
13, 160, 7
13, 161, 11
13, 161, 31
13, 162, 58
13, 164, 14
13, 168, 60
13, 169, 40
13, 170, 10
13, 174, 43
13, 177, 46
13, 178, 5
13, 179, 38
13, 181, 14
13, 181, 36
13, 185, 55
13, 186, 42
13, 189, 27
13, 195, 11
13, 200, 47
13, 203, 42
13, 207, 29
13, 211, 10
13, 218, 9
13, 221, 10
13, 228, 21
13, 229, 34
13, 230, 44
13, 231, 26
13, 231, 41
13, 231, 50
13, 232, 6
13, 234, 24
13, 235, 17
13, 236, 30
13, 241, 19
13, 241, 23
13, 242, 32
13, 243, 44
13, 246, 31
13, 246, 48
13, 247, 53
13, 251, 25
13, 260, 46
13, 261, 49
13, 261, 58
13, 267, 8
13, 268, 8
13, 276, 35
13, 277, 4
13, 278, 25
13, 282, 18
13, 287, 58
13, 290, 27
13, 292, 12
13, 295, 28
13, 297, 29
13, 300, 47
13, 301, 38
13, 310, 30
13, 312, 33
13, 316, 24
13, 321, 43
13, 322, 43
13, 329, 55
13, 334, 28
13, 338, 38
13, 342, 37
13, 346, 54
13, 359, 40
13, 361, 59
13, 362, 29
13, 364, 38
13, 366, 37
13, 367, 31
13, 371, 37
13, 371, 44
13, 372, 49
13, 373, 20
13, 376, 32
13, 380, 37
13, 382, 22
13, 384, 27
13, 385, 45
13, 391, 25
13, 400, 35
13, 402, 23
13, 403, 27
13, 404, 27
13, 404, 34
13, 418, 33
13, 420, 41
13, 421, 31
13, 421, 47
13, 421, 53
13, 425, 56
13, 427, 23
13, 428, 42
13, 430, 55
13, 435, 51
13, 436, 57
13, 442, 57
13, 448, 50
13, 450, 34
13, 450, 50
13, 451, 42
13, 459, 26
13, 463, 50
13, 468, 38
13, 473, 32
13, 474, 58
13, 475, 23
13, 477, 55
13, 482, 46
13, 485, 25
13, 485, 47
13, 489, 25
13, 494, 54
13, 494, 60
13, 497, 48
13, 498, 36
13, 501, 31
13, 505, 33
13, 507, 28
13, 508, 13
13, 508, 21
13, 513, 7
13, 513, 14
13, 522, 28
13, 528, 17
13, 529, 35
13, 534, 15
13, 534, 40
13, 536, 19
13, 537, 48
13, 541, 9
13, 542, 53
13, 543, 41
13, 547, 30
13, 550, 11
13, 551, 1
13, 551, 31
13, 554, 22
13, 554, 45
13, 557, 30
13, 564, 55
13, 565, 35
13, 567, 42
13, 570, 37
13, 570, 59
13, 575, 24
13, 580, 8
13, 581, 10
13, 581, 18
13, 582, 5
13, 586, 3
13, 590, 49
13, 592, 33
13, 593, 23
13, 593, 51
13, 597, 5
13, 599, 10
13, 599, 29
13, 599, 43
13, 602, 18
13, 602, 29
13, 604, 20
13, 605, 29
13, 608, 6
13, 623, 3
13, 629, 36
13, 630, 57
13, 631, 21
13, 639, 1
13, 640, 26
13, 641, 34
13, 641, 38
13, 644, 28
13, 645, 26
13, 647, 13
13, 648, 6
13, 648, 48
13, 651, 12
13, 652, 50
13, 654, 54
13, 658, 42
13, 667, 24
13, 667, 40
13, 668, 33
13, 668, 55
13, 670, 27
13, 671, 34
13, 671, 60
13, 674, 7
13, 674, 21
13, 676, 15
13, 678, 22
13, 679, 17
13, 682, 33
13, 687, 12
13, 688, 27
13, 691, 43
13, 694, 37
13, 699, 3
13, 703, 4
13, 705, 28
13, 706, 36
13, 707, 6
13, 710, 44
13, 712, 23
13, 714, 14
13, 715, 37
13, 716, 18
13, 723, 5
13, 723, 40
13, 724, 30
13, 724, 50
13, 726, 38
13, 727, 35
13, 730, 21
13, 732, 26
13, 738, 14
13, 747, 24
13, 748, 54
13, 749, 9
13, 750, 57
13, 753, 55
13, 755, 12
13, 757, 25
13, 761, 15
13, 761, 25
13, 761, 48
13, 769, 45
13, 773, 47
13, 777, 11
13, 777, 37
13, 778, 20
13, 780, 7
13, 780, 49
13, 785, 33
13, 788, 57
13, 793, 19
13, 795, 44
13, 797, 34
13, 799, 31
14, 6, 28
14, 7, 41
14, 8, 54
14, 11, 17
14, 11, 29
14, 13, 7
14, 14, 2
14, 16, 27
14, 16, 45
14, 16, 55
14, 21, 10
14, 21, 48
14, 22, 5
14, 25, 35
14, 29, 39
14, 31, 16
14, 34, 33
14, 36, 12
14, 36, 54
14, 37, 9
14, 41, 57
14, 46, 1
14, 50, 41
14, 51, 40
14, 55, 49
14, 57, 20
14, 57, 25
14, 59, 2
14, 62, 18
14, 70, 38
14, 71, 59
14, 73, 40
14, 79, 42
14, 84, 32
14, 86, 44
14, 86, 48
14, 87, 52
14, 90, 28
14, 92, 3
14, 92, 36
14, 92, 52
14, 95, 22
14, 100, 17
14, 101, 33
14, 115, 38
14, 117, 43
14, 117, 54
14, 120, 51
14, 126, 44
14, 133, 10
14, 136, 21
14, 137, 57
14, 139, 6
14, 139, 9
14, 144, 2
14, 144, 53
14, 147, 14
14, 147, 37
14, 147, 50
14, 148, 1
14, 148, 29
14, 149, 8
14, 157, 2
14, 159, 4
14, 161, 13
14, 161, 42
14, 161, 45
14, 164, 49
14, 166, 22
14, 169, 7
14, 169, 55
14, 176, 6
14, 177, 47
14, 178, 18
14, 181, 20
14, 182, 4
14, 183, 35
14, 185, 10
14, 185, 39
14, 185, 46
14, 186, 26
14, 189, 12
14, 192, 48
14, 193, 12
14, 195, 57
14, 199, 4
14, 201, 42
14, 202, 41
14, 204, 10
14, 205, 51
14, 210, 41
14, 212, 16
14, 214, 49
14, 217, 43
14, 225, 49
14, 228, 38
14, 233, 13
14, 239, 14
14, 242, 31
14, 242, 37
14, 246, 30
14, 247, 27
14, 248, 15
14, 249, 54
14, 250, 2
14, 250, 26
14, 252, 17
14, 254, 32
14, 255, 3
14, 261, 50
14, 262, 8
14, 264, 5
14, 264, 40
14, 268, 42
14, 271, 1
14, 272, 25
14, 273, 44
14, 274, 29
14, 275, 36
14, 278, 22
14, 281, 38
14, 289, 23
14, 293, 9
14, 295, 18
14, 311, 47
14, 312, 22
14, 317, 33
14, 318, 19
14, 319, 34
14, 320, 43
14, 325, 30
14, 329, 49
14, 338, 55
14, 339, 34
14, 343, 42
14, 343, 53
14, 345, 52
14, 348, 35
14, 355, 54
14, 357, 31
14, 358, 27
14, 360, 52
14, 364, 50
14, 367, 23
14, 382, 32
14, 388, 21
14, 395, 21
14, 395, 40
14, 400, 45
14, 400, 48
14, 400, 55
14, 405, 38
14, 406, 28
14, 409, 39
14, 409, 48
14, 410, 41
14, 423, 39
14, 424, 36
14, 429, 29
14, 429, 46
14, 437, 48
14, 440, 37
14, 444, 41
14, 449, 25
14, 449, 57
14, 451, 44
14, 451, 47
14, 451, 50
14, 452, 54
14, 460, 33
14, 464, 39
14, 472, 40
14, 475, 34
14, 482, 53
14, 488, 26
14, 495, 42
14, 500, 26
14, 504, 43
14, 505, 30
14, 509, 20
14, 512, 35
14, 520, 52
14, 521, 4
14, 521, 6
14, 528, 8
14, 530, 46
14, 530, 49
14, 539, 2
14, 539, 16
14, 540, 51
14, 543, 59
14, 544, 24
14, 546, 22
14, 546, 32
14, 557, 46
14, 559, 27
14, 563, 2
14, 565, 55
14, 567, 21
14, 567, 23
14, 569, 14
14, 572, 19
14, 576, 28
14, 578, 54
14, 579, 12
14, 582, 39
14, 582, 52
14, 583, 13
14, 585, 14
14, 587, 41
14, 591, 44
14, 602, 37
14, 603, 6
14, 608, 5
14, 610, 16
14, 611, 42
14, 614, 12
14, 614, 33
14, 619, 5
14, 619, 38
14, 621, 30
14, 622, 17
14, 626, 15
14, 629, 9
14, 629, 45
14, 632, 50
14, 633, 25
14, 642, 11
14, 644, 36
14, 647, 20
14, 650, 1
14, 652, 40
14, 659, 3
14, 659, 28
14, 668, 10
14, 669, 3
14, 669, 9
14, 670, 39
14, 672, 18
14, 673, 13
14, 675, 7
14, 679, 21
14, 681, 24
14, 681, 26
14, 684, 54
14, 687, 2
14, 691, 59
14, 697, 48
14, 699, 25
14, 700, 4
14, 705, 50
14, 707, 6
14, 707, 23
14, 712, 43
14, 713, 34
14, 718, 47
14, 722, 53
14, 729, 33
14, 734, 5
14, 734, 13
14, 734, 54
14, 737, 35
14, 739, 51
14, 742, 8
14, 743, 12
14, 743, 40
14, 743, 43
14, 748, 14
14, 753, 10
14, 757, 22
14, 757, 36
14, 761, 2
14, 761, 41
14, 763, 12
14, 764, 16
14, 764, 42
14, 766, 39
14, 768, 15
14, 773, 27
14, 774, 20
14, 774, 23
14, 774, 44
14, 775, 48
14, 777, 25
14, 778, 45
14, 783, 46
14, 785, 22
14, 789, 21
14, 795, 54
14, 799, 49
15, 3, 21
15, 6, 33
15, 8, 44
15, 10, 39
15, 12, 29
15, 15, 43
15, 22, 27
15, 23, 44
15, 26, 37
15, 28, 17
15, 32, 1
15, 32, 5
15, 32, 21
15, 32, 30
15, 34, 48
15, 36, 43
15, 38, 3
15, 41, 10
15, 50, 40
15, 55, 53
15, 56, 47
15, 56, 57
15, 57, 51
15, 58, 41
15, 60, 38
15, 64, 8
15, 70, 31
15, 70, 44
15, 73, 45
15, 77, 55
15, 85, 25
15, 93, 26
15, 98, 19
15, 105, 5
15, 109, 15
15, 110, 40
15, 116, 23
15, 116, 34
15, 119, 22
15, 120, 16
15, 122, 1
15, 124, 54
15, 125, 15
15, 127, 12
15, 131, 20
15, 141, 11
15, 145, 41
15, 146, 44
15, 149, 13
15, 151, 46
15, 153, 11
15, 153, 35
15, 154, 10
15, 154, 27
15, 158, 28
15, 159, 28
15, 164, 7
15, 167, 52
15, 169, 42
15, 173, 39
15, 175, 21
15, 184, 50
15, 192, 8
15, 192, 58
15, 193, 34
15, 195, 52
15, 197, 19
15, 201, 52
15, 202, 3
15, 210, 37
15, 213, 9
15, 213, 29
15, 213, 55
15, 222, 19
15, 226, 17
15, 227, 26
15, 230, 1
15, 231, 30
15, 232, 23
15, 232, 49
15, 234, 45
15, 235, 32
15, 236, 59
15, 241, 27
15, 243, 40
15, 243, 57
15, 244, 8
15, 244, 53
15, 250, 26
15, 250, 38
15, 258, 5
15, 262, 43
15, 263, 34
15, 265, 20
15, 268, 33
15, 269, 46
15, 270, 50
15, 273, 42
15, 273, 47
15, 276, 31
15, 279, 7
15, 282, 32
15, 283, 4
15, 283, 18
15, 285, 34
15, 288, 16
15, 291, 9
15, 291, 28
15, 297, 47
15, 300, 24
15, 302, 12
15, 302, 22
15, 306, 31
15, 315, 48
15, 316, 41
15, 322, 48
15, 323, 54
15, 325, 40
15, 329, 58
15, 335, 39
15, 341, 21
15, 342, 57
15, 343, 27
15, 344, 37
15, 348, 25
15, 349, 34
15, 351, 33
15, 363, 30
15, 365, 51
15, 366, 44
15, 377, 44
15, 378, 26
15, 386, 51
15, 391, 38
15, 391, 42
15, 393, 26
15, 394, 55
15, 399, 32
15, 402, 54
15, 403, 23
15, 406, 49
15, 408, 45
15, 409, 29
15, 409, 30
15, 420, 25
15, 420, 32
15, 423, 52
15, 424, 35
15, 430, 43
15, 435, 31
15, 435, 58
15, 447, 18
15, 447, 53
15, 447, 57
15, 457, 59
15, 459, 41
15, 466, 46
15, 468, 34
15, 476, 46
15, 480, 28
15, 486, 42
15, 490, 24
15, 494, 22
15, 496, 44
15, 501, 15
15, 502, 55
15, 504, 39
15, 509, 10
15, 518, 33
15, 518, 54
15, 522, 3
15, 523, 27
15, 523, 37
15, 531, 14
15, 535, 48
15, 541, 33
15, 543, 3
15, 545, 41
15, 546, 29
15, 546, 40
15, 548, 17
15, 549, 2
15, 550, 15
15, 550, 29
15, 555, 16
15, 556, 46
15, 558, 38
15, 559, 41
15, 561, 21
15, 565, 32
15, 566, 20
15, 567, 5
15, 571, 28
15, 574, 19
15, 574, 37
15, 578, 13
15, 579, 34
15, 580, 13
15, 584, 43
15, 595, 35
15, 596, 23
15, 597, 19
15, 597, 20
15, 599, 16
15, 605, 31
15, 606, 47
15, 607, 12
15, 608, 51
15, 609, 9
15, 609, 39
15, 611, 7
15, 615, 3
15, 616, 59
15, 622, 8
15, 626, 49
15, 626, 53
15, 627, 26
15, 636, 57
15, 641, 52
15, 642, 54
15, 644, 43
15, 644, 45
15, 647, 22
15, 648, 8
15, 649, 26
15, 649, 40
15, 649, 50
15, 651, 55
15, 658, 25
15, 662, 41
15, 663, 14
15, 665, 20
15, 669, 4
15, 671, 5
15, 671, 33
15, 671, 58
15, 674, 32
15, 675, 23
15, 678, 44
15, 679, 13
15, 681, 24
15, 683, 33
15, 686, 2
15, 687, 38
15, 689, 19
15, 692, 54
15, 698, 59
15, 700, 37
15, 707, 44
15, 708, 27
15, 709, 20
15, 712, 29
15, 715, 18
15, 717, 15
15, 719, 19
15, 727, 12
15, 727, 47
15, 731, 46
15, 738, 59
15, 739, 7
15, 739, 13
15, 743, 9
15, 746, 11
15, 747, 26
15, 752, 49
15, 757, 3
15, 765, 2
15, 765, 34
15, 766, 40
15, 771, 55
15, 775, 39
15, 780, 10
15, 782, 15
15, 782, 29
15, 782, 33
15, 782, 46
15, 784, 57
15, 791, 25
15, 792, 52
15, 794, 18
15, 796, 21
15, 796, 28
15, 797, 59
16, 1, 1
16, 3, 6
16, 13, 45
16, 14, 2
16, 14, 19
16, 18, 22
16, 18, 27
16, 19, 16
16, 23, 15
16, 26, 32
16, 26, 40
16, 31, 29
16, 31, 44
16, 34, 7
16, 39, 37
16, 44, 24
16, 49, 50
16, 50, 35
16, 63, 19
16, 63, 43
16, 65, 10
16, 66, 28
16, 71, 30
16, 71, 31
16, 72, 57
16, 74, 52
16, 75, 17
16, 76, 52
16, 79, 1
16, 84, 36
16, 90, 32
16, 90, 38
16, 91, 7
16, 91, 39
16, 91, 46
16, 96, 23
16, 98, 54
16, 99, 10
16, 99, 46
16, 102, 45
16, 107, 7
16, 109, 13
16, 111, 42
16, 114, 3
16, 117, 1
16, 117, 11
16, 117, 21
16, 117, 29
16, 120, 31
16, 122, 25
16, 125, 38
16, 126, 32
16, 127, 18
16, 129, 50
16, 132, 4
16, 132, 31
16, 141, 43
16, 142, 5
16, 142, 47
16, 145, 52
16, 150, 34
16, 152, 10
16, 160, 13
16, 160, 15
16, 163, 2
16, 163, 6
16, 164, 58
16, 166, 8
16, 169, 29
16, 169, 33
16, 172, 49
16, 173, 15
16, 174, 40
16, 182, 18
16, 183, 26
16, 184, 53
16, 186, 42
16, 187, 44
16, 189, 14
16, 190, 6
16, 196, 30
16, 196, 46
16, 199, 37
16, 203, 5
16, 204, 28
16, 205, 20
16, 208, 33
16, 208, 38
16, 211, 12
16, 211, 42
16, 212, 57
16, 213, 24
16, 218, 18
16, 220, 35
16, 221, 54
16, 222, 16
16, 224, 51
16, 225, 46
16, 228, 26
16, 229, 1
16, 230, 3
16, 233, 7
16, 236, 27
16, 241, 22
16, 242, 1
16, 244, 14
16, 245, 11
16, 251, 59
16, 252, 31
16, 252, 48
16, 257, 36
16, 259, 29
16, 260, 41
16, 260, 47
16, 262, 2
16, 262, 50
16, 265, 16
16, 265, 32
16, 268, 39
16, 269, 34
16, 273, 39
16, 273, 58
16, 276, 34
16, 279, 19
16, 280, 24
16, 287, 38
16, 295, 14
16, 297, 35
16, 298, 22
16, 299, 52
16, 300, 33
16, 303, 45
16, 307, 38
16, 314, 25
16, 317, 34
16, 324, 40
16, 328, 37
16, 330, 42
16, 332, 40
16, 339, 26
16, 343, 30
16, 347, 53
16, 350, 42
16, 355, 56
16, 357, 34
16, 359, 23
16, 359, 57
16, 363, 21
16, 371, 46
16, 376, 39
16, 378, 49
16, 379, 41
16, 384, 36
16, 386, 43
16, 388, 32
16, 396, 43
16, 397, 54
16, 406, 50
16, 408, 33
16, 411, 26
16, 413, 42
16, 417, 47
16, 420, 52
16, 427, 39
16, 429, 47
16, 443, 48
16, 451, 28
16, 453, 31
16, 454, 44
16, 457, 29
16, 457, 36
16, 458, 52
16, 474, 33
16, 480, 45
16, 482, 51
16, 482, 56
16, 486, 27
16, 487, 20
16, 488, 27
16, 492, 32
16, 499, 22
16, 501, 22
16, 502, 1
16, 503, 38
16, 512, 1
16, 514, 10
16, 516, 37
16, 518, 25
16, 518, 29
16, 519, 7
16, 519, 17
16, 519, 34
16, 522, 10
16, 522, 45
16, 525, 18
16, 532, 30
16, 534, 35
16, 535, 24
16, 541, 15
16, 543, 2
16, 547, 43
16, 548, 40
16, 549, 53
16, 552, 15
16, 558, 7
16, 558, 43
16, 561, 50
16, 562, 21
16, 564, 26
16, 564, 47
16, 565, 40
16, 567, 6
16, 567, 44
16, 570, 33
16, 571, 57
16, 575, 13
16, 577, 26
16, 577, 31
16, 577, 58
16, 578, 46
16, 582, 24
16, 583, 4
16, 583, 29
16, 589, 12
16, 590, 3
16, 596, 16
16, 598, 59
16, 599, 45
16, 601, 16
16, 602, 11
16, 605, 27
16, 606, 8
16, 609, 1
16, 610, 31
16, 616, 42
16, 619, 36
16, 621, 28
16, 621, 49
16, 623, 39
16, 624, 36
16, 626, 41
16, 629, 5
16, 635, 34
16, 638, 21
16, 639, 21
16, 641, 28
16, 643, 25
16, 646, 44
16, 648, 23
16, 648, 30
16, 651, 8
16, 651, 13
16, 651, 40
16, 653, 37
16, 653, 43
16, 653, 48
16, 654, 18
16, 656, 47
16, 658, 56
16, 660, 17
16, 665, 10
16, 665, 22
16, 665, 33
16, 666, 39
16, 667, 20
16, 678, 38
16, 688, 52
16, 689, 27
16, 690, 43
16, 693, 3
16, 693, 14
16, 694, 1
16, 697, 49
16, 699, 6
16, 699, 10
16, 699, 19
16, 700, 51
16, 702, 22
16, 702, 49
16, 704, 1
16, 706, 4
16, 706, 15
16, 707, 12
16, 708, 3
16, 715, 42
16, 716, 58
16, 717, 28
16, 722, 2
16, 722, 23
16, 726, 35
16, 732, 7
16, 734, 46
16, 734, 52
16, 736, 16
16, 737, 45
16, 738, 12
16, 739, 36
16, 740, 29
16, 743, 17
16, 747, 50
16, 749, 31
16, 760, 59
16, 762, 10
16, 763, 49
16, 765, 11
16, 765, 27
16, 765, 32
16, 767, 5
16, 767, 10
16, 768, 57
16, 773, 18
16, 774, 47
16, 776, 21
16, 776, 37
16, 778, 31
16, 781, 26
16, 784, 13
16, 786, 3
16, 786, 8
16, 791, 34
16, 794, 40
16, 798, 2
16, 798, 26
17, 1, 30
17, 5, 57
17, 14, 4
17, 17, 40
17, 18, 12
17, 19, 1
17, 25, 50
17, 36, 37
17, 40, 34
17, 41, 22
17, 41, 26
17, 48, 8
17, 54, 16
17, 60, 28
17, 63, 33
17, 64, 11
17, 64, 58
17, 68, 5
17, 73, 44
17, 75, 13
17, 75, 31
17, 76, 40
17, 78, 8
17, 78, 9
17, 79, 29
17, 81, 45
17, 81, 53
17, 93, 6
17, 94, 25
17, 97, 23
17, 100, 30
17, 101, 40
17, 106, 47
17, 106, 51
17, 110, 14
17, 110, 18
17, 112, 53
17, 115, 15
17, 120, 32
17, 120, 39
17, 125, 9
17, 127, 48
17, 128, 12
17, 128, 39
17, 129, 3
17, 130, 32
17, 130, 50
17, 137, 1
17, 137, 47
17, 139, 57
17, 154, 49
17, 155, 36
17, 158, 20
17, 160, 8
17, 163, 4
17, 164, 51
17, 165, 5
17, 168, 30
17, 171, 55
17, 175, 33
17, 175, 60
17, 176, 45
17, 177, 13
17, 182, 21
17, 187, 34
17, 189, 41
17, 194, 42
17, 204, 24
17, 205, 11
17, 209, 7
17, 209, 28
17, 210, 20
17, 215, 44
17, 218, 26
17, 219, 46
17, 225, 4
17, 236, 46
17, 238, 34
17, 240, 37
17, 241, 19
17, 241, 51
17, 245, 8
17, 251, 27
17, 251, 44
17, 252, 1
17, 255, 41
17, 257, 27
17, 258, 23
17, 263, 50
17, 265, 21
17, 269, 6
17, 272, 29
17, 275, 40
17, 279, 16
17, 280, 25
17, 286, 5
17, 288, 48
17, 292, 12
17, 292, 32
17, 306, 54
17, 307, 57
17, 311, 22
17, 318, 30
17, 318, 50
17, 319, 53
17, 325, 56
17, 327, 33
17, 332, 38
17, 333, 42
17, 334, 28
17, 335, 31
17, 336, 35
17, 339, 43
17, 341, 36
17, 344, 34
17, 347, 52
17, 353, 31
17, 355, 20
17, 356, 49
17, 361, 45
17, 366, 30
17, 366, 48
17, 372, 26
17, 378, 27
17, 381, 38
17, 382, 37
17, 389, 53
17, 407, 39
17, 408, 39
17, 417, 24
17, 427, 47
17, 442, 49
17, 445, 33
17, 445, 40
17, 446, 32
17, 448, 41
17, 455, 23
17, 455, 29
17, 456, 31
17, 461, 51
17, 465, 41
17, 473, 29
17, 482, 25
17, 484, 37
17, 486, 44
17, 492, 58
17, 502, 18
17, 506, 10
17, 506, 57
17, 508, 9
17, 511, 56
17, 513, 50
17, 517, 26
17, 517, 34
17, 520, 3
17, 522, 44
17, 522, 55
17, 525, 33
17, 525, 38
17, 527, 1
17, 531, 21
17, 533, 15
17, 534, 43
17, 536, 11
17, 538, 14
17, 538, 36
17, 539, 25
17, 539, 48
17, 540, 7
17, 541, 46
17, 542, 52
17, 544, 60
17, 547, 45
17, 549, 6
17, 549, 14
17, 549, 47
17, 559, 35
17, 561, 36
17, 571, 8
17, 574, 34
17, 580, 34
17, 580, 55
17, 581, 19
17, 582, 53
17, 586, 4
17, 592, 13
17, 596, 3
17, 596, 28
17, 600, 1
17, 606, 14
17, 609, 39
17, 613, 51
17, 614, 31
17, 615, 18
17, 620, 27
17, 622, 48
17, 629, 54
17, 630, 37
17, 635, 39
17, 639, 38
17, 641, 5
17, 649, 30
17, 653, 50
17, 659, 27
17, 660, 12
17, 660, 60
17, 661, 6
17, 661, 7
17, 661, 58
17, 662, 46
17, 664, 25
17, 664, 46
17, 664, 56
17, 670, 26
17, 674, 44
17, 681, 3
17, 685, 11
17, 686, 14
17, 686, 32
17, 691, 30
17, 692, 49
17, 693, 13
17, 694, 48
17, 696, 28
17, 697, 41
17, 701, 29
17, 704, 32
17, 707, 20
17, 708, 12
17, 709, 52
17, 712, 33
17, 719, 57
17, 722, 21
17, 723, 36
17, 725, 34
17, 732, 16
17, 734, 37
17, 740, 9
17, 745, 11
17, 748, 9
17, 749, 27
17, 749, 40
17, 751, 55
17, 753, 54
17, 759, 4
17, 761, 18
17, 761, 45
17, 780, 44
17, 781, 49
17, 784, 51
17, 785, 50
17, 786, 7
17, 787, 39
17, 798, 30
18, 2, 23
18, 2, 50
18, 3, 39
18, 4, 4
18, 5, 47
18, 6, 32
18, 6, 49
18, 7, 30
18, 8, 12
18, 13, 28
18, 15, 20
18, 15, 59
18, 19, 19
18, 21, 13
18, 24, 22
18, 30, 41
18, 32, 26
18, 34, 14
18, 39, 51
18, 41, 46
18, 43, 42
18, 46, 6
18, 50, 39
18, 50, 52
18, 51, 1
18, 53, 34
18, 54, 9
18, 57, 29
18, 58, 4
18, 58, 21
18, 59, 18
18, 60, 10
18, 64, 15
18, 65, 20
18, 70, 20
18, 73, 3
18, 75, 16
18, 76, 17
18, 79, 7
18, 79, 8
18, 81, 12
18, 81, 24
18, 82, 27
18, 91, 5
18, 93, 42
18, 101, 46
18, 101, 56
18, 105, 7
18, 106, 6
18, 109, 30
18, 110, 55
18, 111, 33
18, 116, 11
18, 123, 19
18, 124, 4
18, 127, 12
18, 127, 57
18, 131, 10
18, 138, 36
18, 140, 17
18, 142, 49
18, 144, 24
18, 144, 37
18, 148, 28
18, 153, 15
18, 154, 30
18, 162, 47
18, 163, 38
18, 166, 41
18, 175, 11
18, 177, 8
18, 179, 42
18, 183, 21
18, 191, 31
18, 191, 48
18, 192, 51
18, 193, 19
18, 195, 10
18, 197, 23
18, 199, 1
18, 200, 27
18, 200, 32
18, 201, 19
18, 202, 24
18, 202, 42
18, 203, 2
18, 203, 29
18, 203, 47
18, 204, 22
18, 207, 9
18, 207, 40
18, 208, 7
18, 210, 52
18, 211, 27
18, 212, 34
18, 216, 30
18, 216, 41
18, 217, 10
18, 218, 44
18, 228, 39
18, 229, 4
18, 230, 27
18, 231, 6
18, 231, 48
18, 237, 54
18, 242, 11
18, 247, 21
18, 250, 7
18, 250, 59
18, 252, 18
18, 252, 30
18, 252, 59
18, 253, 52
18, 254, 33
18, 254, 43
18, 256, 3
18, 260, 20
18, 261, 13
18, 268, 23
18, 271, 15
18, 273, 14
18, 274, 5
18, 274, 36
18, 285, 46
18, 286, 17
18, 288, 28
18, 288, 50
18, 289, 41
18, 289, 55
18, 291, 14
18, 294, 24
18, 296, 24
18, 297, 52
18, 301, 25
18, 311, 42
18, 317, 37
18, 317, 41
18, 320, 49
18, 324, 52
18, 330, 47
18, 330, 57
18, 334, 36
18, 337, 31
18, 341, 29
18, 341, 49
18, 348, 48
18, 350, 59
18, 353, 31
18, 358, 43
18, 359, 58
18, 360, 55
18, 364, 26
18, 368, 49
18, 370, 22
18, 385, 31
18, 385, 51
18, 388, 40
18, 394, 28
18, 405, 21
18, 411, 34
18, 413, 55
18, 415, 47
18, 417, 44
18, 427, 27
18, 430, 54
18, 431, 23
18, 431, 34
18, 436, 24
18, 438, 38
18, 438, 51
18, 443, 32
18, 444, 50
18, 460, 51
18, 461, 42
18, 462, 46
18, 463, 42
18, 464, 19
18, 465, 59
18, 475, 29
18, 476, 36
18, 477, 22
18, 483, 31
18, 483, 48
18, 489, 64
18, 494, 25
18, 495, 34
18, 496, 29
18, 499, 24
18, 499, 33
18, 501, 30
18, 502, 26
18, 504, 1
18, 504, 46
18, 504, 52
18, 508, 39
18, 516, 3
18, 517, 18
18, 517, 27
18, 519, 8
18, 521, 10
18, 523, 6
18, 523, 8
18, 525, 43
18, 526, 9
18, 529, 32
18, 533, 23
18, 538, 12
18, 540, 22
18, 548, 19
18, 550, 26
18, 550, 41
18, 552, 49
18, 554, 58
18, 555, 31
18, 563, 47
18, 566, 37
18, 571, 20
18, 573, 14
18, 573, 21
18, 577, 44
18, 578, 6
18, 580, 2
18, 581, 6
18, 585, 33
18, 587, 13
18, 588, 32
18, 590, 55
18, 592, 24
18, 595, 50
18, 599, 22
18, 601, 38
18, 603, 10
18, 603, 17
18, 605, 44
18, 606, 4
18, 608, 23
18, 609, 57
18, 612, 13
18, 612, 48
18, 616, 13
18, 617, 9
18, 618, 7
18, 620, 11
18, 621, 14
18, 625, 58
18, 626, 16
18, 627, 30
18, 629, 1
18, 629, 40
18, 630, 52
18, 631, 11
18, 632, 34
18, 633, 5
18, 633, 27
18, 637, 49
18, 638, 6
18, 638, 37
18, 639, 11
18, 647, 26
18, 652, 16
18, 656, 12
18, 658, 28
18, 659, 27
18, 659, 36
18, 668, 52
18, 669, 21
18, 672, 42
18, 674, 18
18, 679, 38
18, 681, 13
18, 681, 17
18, 683, 41
18, 684, 31
18, 687, 43
18, 688, 19
18, 697, 47
18, 698, 8
18, 698, 58
18, 700, 23
18, 701, 43
18, 706, 29
18, 708, 31
18, 709, 51
18, 711, 37
18, 722, 51
18, 723, 43
18, 729, 10
18, 730, 7
18, 740, 16
18, 741, 34
18, 747, 5
18, 749, 24
18, 750, 5
18, 751, 32
18, 751, 59
18, 753, 49
18, 756, 50
18, 759, 44
18, 761, 16
18, 761, 51
18, 764, 36
18, 768, 15
18, 769, 30
18, 770, 4
18, 773, 24
18, 775, 41
18, 781, 12
18, 785, 13
18, 785, 33
18, 790, 43
18, 792, 7
18, 792, 38
18, 795, 11
18, 795, 41
18, 797, 36
19, 1, 20
19, 10, 15
19, 18, 27
19, 19, 10
19, 19, 51
19, 24, 12
19, 24, 35
19, 29, 28
19, 31, 19
19, 31, 59
19, 33, 36
19, 38, 6
19, 38, 52
19, 41, 18
19, 43, 13
19, 48, 32
19, 49, 50
19, 50, 24
19, 52, 45
19, 54, 26
19, 55, 8
19, 59, 48
19, 70, 54
19, 79, 56
19, 82, 10
19, 89, 53
19, 92, 29
19, 95, 10
19, 97, 16
19, 100, 21
19, 103, 10
19, 105, 5
19, 115, 3
19, 119, 49
19, 120, 13
19, 121, 34
19, 122, 52
19, 125, 52
19, 127, 28
19, 129, 18
19, 129, 41
19, 130, 26
19, 133, 23
19, 137, 39
19, 138, 20
19, 141, 21
19, 142, 40
19, 143, 38
19, 149, 18
19, 150, 11
19, 152, 6
19, 154, 44
19, 158, 27
19, 158, 53
19, 172, 39
19, 172, 58
19, 173, 16
19, 176, 14
19, 177, 8
19, 178, 33
19, 189, 1
19, 190, 17
19, 193, 59
19, 196, 1
19, 196, 25
19, 199, 51
19, 208, 2
19, 208, 24
19, 210, 6
19, 211, 9
19, 221, 45
19, 224, 40
19, 227, 19
19, 228, 18
19, 228, 24
19, 228, 57
19, 233, 16
19, 235, 22
19, 236, 54
19, 237, 12
19, 237, 50
19, 248, 42
19, 252, 8
19, 252, 10
19, 253, 30
19, 256, 29
19, 256, 44
19, 258, 4
19, 263, 31
19, 264, 38
19, 265, 58
19, 268, 41
19, 271, 13
19, 278, 32
19, 279, 49
19, 282, 9
19, 283, 36
19, 287, 56
19, 290, 45
19, 292, 24
19, 293, 35
19, 297, 51
19, 298, 38
19, 302, 28
19, 302, 35
19, 309, 53
19, 319, 25
19, 334, 21
19, 334, 26
19, 335, 34
19, 336, 40
19, 337, 48
19, 340, 47
19, 345, 27
19, 345, 50
19, 349, 23
19, 350, 36
19, 354, 52
19, 366, 33
19, 376, 54
19, 380, 30
19, 380, 58
19, 386, 49
19, 395, 39
19, 396, 20
19, 420, 42
19, 421, 29
19, 428, 41
19, 430, 46
19, 433, 35
19, 434, 22
19, 436, 28
19, 445, 46
19, 452, 44
19, 453, 31
19, 461, 24
19, 471, 34
19, 476, 23
19, 480, 37
19, 483, 53
19, 493, 40
19, 495, 26
19, 500, 53
19, 501, 45
19, 504, 3
19, 506, 5
19, 510, 47
19, 514, 32
19, 517, 19
19, 519, 54
19, 521, 36
19, 525, 11
19, 531, 2
19, 531, 56
19, 532, 29
19, 534, 45
19, 536, 38
19, 537, 50
19, 539, 50
19, 547, 57
19, 548, 26
19, 551, 15
19, 552, 9
19, 554, 25
19, 555, 10
19, 557, 6
19, 561, 30
19, 563, 17
19, 566, 15
19, 573, 21
19, 573, 31
19, 575, 49
19, 577, 39
19, 578, 22
19, 581, 40
19, 584, 12
19, 586, 48
19, 587, 2
19, 587, 42
19, 588, 35
19, 589, 9
19, 591, 7
19, 597, 29
19, 612, 57
19, 615, 27
19, 616, 4
19, 623, 12
19, 623, 41
19, 629, 33
19, 631, 37
19, 635, 54
19, 637, 1
19, 639, 10
19, 639, 54
19, 640, 46
19, 642, 4
19, 642, 20
19, 643, 18
19, 644, 8
19, 644, 35
19, 655, 8
19, 664, 28
19, 666, 53
19, 668, 13
19, 671, 24
19, 677, 14
19, 679, 25
19, 685, 51
19, 686, 40
19, 690, 22
19, 700, 39
19, 701, 11
19, 702, 45
19, 707, 31
19, 710, 17
19, 713, 9
19, 715, 21
19, 717, 3
19, 719, 12
19, 723, 19
19, 725, 27
19, 732, 24
19, 732, 50
19, 733, 32
19, 734, 36
19, 736, 34
19, 741, 46
19, 743, 57
19, 745, 26
19, 749, 30
19, 751, 4
19, 754, 5
19, 754, 47
19, 755, 21
19, 755, 25
19, 762, 35
19, 768, 15
19, 773, 28
19, 782, 14
19, 786, 56
19, 790, 27
19, 791, 9
19, 793, 16
19, 794, 15
19, 794, 42
