1, 2, 27
1, 4, 51
1, 9, 17
1, 14, 18
1, 25, 57
1, 28, 33
1, 55, 6
1, 55, 37
1, 66, 51
1, 70, 54
1, 73, 29
1, 83, 59
1, 87, 58
1, 88, 4
1, 90, 13
1, 91, 17
1, 96, 36
1, 125, 8
1, 126, 46
1, 136, 12
1, 140, 20
1, 142, 45
1, 147, 36
1, 170, 6
1, 180, 22
1, 200, 4
1, 203, 9
1, 206, 8
1, 208, 52
1, 210, 42
1, 212, 33
1, 212, 54
1, 216, 59
1, 219, 5
1, 222, 51
1, 230, 52
1, 235, 29
1, 251, 22
1, 264, 33
1, 269, 48
1, 275, 5
1, 286, 6
1, 287, 12
1, 297, 18
1, 303, 37
1, 304, 29
1, 340, 27
1, 348, 61
1, 363, 17
1, 364, 28
1, 368, 46
1, 380, 57
1, 389, 54
1, 392, 22
1, 398, 29
1, 404, 36
1, 427, 23
1, 441, 45
1, 442, 51
1, 457, 41
1, 460, 33
1, 462, 47
1, 473, 20
1, 483, 59
1, 484, 43
1, 497, 44
1, 507, 58
1, 510, 9
1, 514, 12
1, 517, 18
1, 535, 59
1, 558, 37
1, 562, 23
1, 567, 27
1, 573, 42
1, 597, 52
1, 598, 8
1, 598, 47
1, 602, 29
1, 603, 17
1, 615, 20
1, 619, 44
1, 639, 45
1, 641, 9
1, 645, 37
1, 647, 5
1, 653, 48
1, 655, 33
1, 677, 22
1, 686, 57
1, 694, 46
1, 696, 27
1, 704, 20
1, 712, 6
1, 713, 5
1, 713, 45
1, 715, 61
1, 730, 8
1, 730, 33
1, 732, 4
1, 734, 54
1, 735, 48
1, 750, 54
1, 758, 18
1, 760, 4
1, 766, 4
1, 766, 51
1, 768, 28
1, 776, 5
1, 780, 29
1, 780, 47
1, 780, 58
1, 783, 36
1, 797, 54
2, 8, 56
2, 14, 45
2, 19, 45
2, 37, 7
2, 47, 45
2, 53, 15
2, 58, 24
2, 61, 21
2, 63, 29
2, 68, 15
2, 70, 49
2, 72, 17
2, 78, 7
2, 78, 57
2, 86, 2
2, 89, 43
2, 90, 40
2, 91, 32
2, 100, 5
2, 106, 13
2, 108, 54
2, 115, 17
2, 124, 49
2, 126, 30
2, 127, 20
2, 127, 27
2, 130, 21
2, 131, 4
2, 132, 44
2, 136, 23
2, 170, 18
2, 171, 23
2, 174, 39
2, 180, 2
2, 181, 27
2, 184, 55
2, 185, 29
2, 188, 36
2, 195, 53
2, 206, 5
2, 214, 46
2, 216, 1
2, 224, 2
2, 224, 35
2, 229, 49
2, 240, 15
2, 240, 43
2, 247, 15
2, 256, 17
2, 270, 30
2, 278, 26
2, 281, 24
2, 287, 32
2, 299, 34
2, 303, 30
2, 317, 20
2, 324, 29
2, 332, 49
2, 344, 45
2, 347, 46
2, 362, 49
2, 363, 54
2, 364, 21
2, 366, 13
2, 369, 56
2, 371, 59
2, 382, 32
2, 393, 23
2, 395, 44
2, 398, 53
2, 399, 32
2, 407, 18
2, 422, 39
2, 435, 39
2, 435, 44
2, 452, 18
2, 456, 43
2, 475, 55
2, 482, 56
2, 488, 23
2, 494, 40
2, 503, 1
2, 511, 36
2, 516, 57
2, 520, 29
2, 530, 17
2, 533, 49
2, 535, 12
2, 537, 43
2, 542, 5
2, 546, 20
2, 552, 35
2, 562, 13
2, 562, 32
2, 569, 1
2, 572, 30
2, 576, 15
2, 577, 27
2, 578, 24
2, 583, 4
2, 583, 44
2, 584, 2
2, 584, 12
2, 589, 32
2, 595, 53
2, 607, 17
2, 609, 3
2, 622, 21
2, 630, 7
2, 645, 13
2, 658, 18
2, 661, 39
2, 662, 12
2, 683, 1
2, 687, 34
2, 688, 5
2, 701, 43
2, 702, 20
2, 705, 55
2, 707, 23
2, 710, 7
2, 722, 17
2, 722, 29
2, 745, 27
2, 751, 23
2, 752, 53
2, 758, 56
2, 760, 36
2, 761, 40
2, 783, 13
2, 789, 24
2, 798, 49
3, 1, 18
3, 6, 32
3, 13, 4
3, 14, 46
3, 15, 43
3, 16, 4
3, 20, 13
3, 20, 19
3, 21, 42
3, 23, 29
3, 24, 60
3, 31, 24
3, 32, 52
3, 33, 54
3, 40, 23
3, 41, 17
3, 42, 43
3, 45, 57
3, 54, 40
3, 61, 36
3, 61, 38
3, 64, 2
3, 66, 53
3, 75, 21
3, 87, 16
3, 101, 33
3, 104, 18
3, 105, 13
3, 106, 14
3, 109, 54
3, 110, 5
3, 113, 34
3, 114, 23
3, 122, 26
3, 128, 6
3, 128, 33
3, 143, 35
3, 145, 46
3, 153, 10
3, 153, 47
3, 161, 45
3, 171, 36
3, 171, 52
3, 178, 9
3, 178, 29
3, 184, 2
3, 190, 28
3, 203, 44
3, 210, 16
3, 214, 24
3, 214, 32
3, 220, 12
3, 220, 42
3, 223, 18
3, 225, 40
3, 234, 56
3, 236, 17
3, 243, 2
3, 250, 56
3, 252, 21
3, 255, 19
3, 258, 51
3, 260, 40
3, 263, 4
3, 264, 10
3, 266, 60
3, 275, 60
3, 276, 9
3, 284, 41
3, 284, 43
3, 299, 57
3, 303, 5
3, 311, 36
3, 315, 26
3, 331, 46
3, 339, 23
3, 344, 38
3, 344, 62
3, 355, 47
3, 371, 54
3, 375, 34
3, 376, 44
3, 384, 53
3, 386, 29
3, 396, 41
3, 400, 59
3, 408, 35
3, 419, 19
3, 420, 33
3, 422, 40
3, 436, 24
3, 453, 52
3, 455, 57
3, 472, 45
3, 482, 51
3, 485, 16
3, 496, 13
3, 503, 28
3, 507, 12
3, 511, 38
3, 514, 42
3, 519, 32
3, 535, 43
3, 536, 60
3, 538, 53
3, 544, 16
3, 547, 9
3, 547, 46
3, 554, 14
3, 556, 6
3, 558, 36
3, 570, 57
3, 571, 41
3, 572, 8
3, 574, 28
3, 582, 50
3, 584, 8
3, 585, 23
3, 586, 29
3, 596, 47
3, 607, 2
3, 607, 54
3, 608, 56
3, 609, 21
3, 613, 33
3, 616, 12
3, 618, 52
3, 619, 4
3, 633, 4
3, 634, 18
3, 636, 5
3, 636, 24
3, 636, 51
3, 650, 28
3, 658, 59
3, 665, 54
3, 669, 14
3, 670, 62
3, 672, 35
3, 683, 45
3, 686, 44
3, 690, 9
3, 692, 4
3, 703, 10
3, 704, 43
3, 718, 32
3, 723, 38
3, 725, 40
3, 728, 36
3, 730, 12
3, 745, 57
3, 747, 2
3, 747, 26
3, 747, 53
3, 756, 28
3, 772, 46
3, 777, 23
3, 783, 10
3, 783, 41
3, 792, 16
3, 795, 6
3, 797, 60
4, 2, 18
4, 2, 22
4, 7, 4
4, 14, 38
4, 23, 29
4, 27, 6
4, 28, 9
4, 28, 13
4, 37, 3
4, 55, 23
4, 60, 14
4, 70, 55
4, 76, 43
4, 93, 34
4, 104, 43
4, 124, 57
4, 130, 60
4, 131, 4
4, 139, 25
4, 140, 11
4, 145, 17
4, 156, 34
4, 164, 4
4, 169, 33
4, 180, 32
4, 193, 9
4, 202, 29
4, 203, 43
4, 214, 29
4, 219, 11
4, 223, 7
4, 224, 49
4, 227, 25
4, 228, 3
4, 228, 5
4, 242, 46
4, 249, 47
4, 276, 22
4, 284, 13
4, 287, 55
4, 288, 33
4, 299, 6
4, 317, 23
4, 317, 35
4, 338, 43
4, 351, 37
4, 353, 38
4, 356, 40
4, 361, 29
4, 366, 42
4, 371, 22
4, 395, 11
4, 401, 55
4, 402, 60
4, 435, 46
4, 449, 32
4, 460, 55
4, 464, 32
4, 471, 49
4, 471, 57
4, 472, 47
4, 500, 29
4, 505, 40
4, 509, 18
4, 517, 7
4, 518, 55
4, 524, 9
4, 524, 11
4, 527, 35
4, 531, 4
4, 537, 35
4, 541, 57
4, 545, 37
4, 550, 17
4, 550, 24
4, 559, 23
4, 565, 18
4, 575, 25
4, 577, 38
4, 578, 13
4, 578, 49
4, 584, 3
4, 585, 43
4, 589, 33
4, 590, 42
4, 597, 40
4, 600, 5
4, 603, 46
4, 605, 29
4, 628, 35
4, 629, 47
4, 639, 49
4, 641, 43
4, 642, 6
4, 647, 5
4, 654, 14
4, 666, 38
4, 667, 9
4, 667, 22
4, 668, 34
4, 691, 60
4, 692, 13
4, 714, 55
4, 737, 46
4, 742, 40
4, 748, 47
4, 750, 14
4, 752, 3
4, 759, 40
4, 777, 5
4, 778, 35
4, 780, 34
4, 787, 32
5, 3, 35
5, 5, 23
5, 17, 34
5, 18, 9
5, 19, 32
5, 24, 21
5, 33, 43
5, 40, 4
5, 44, 31
5, 45, 3
5, 47, 49
5, 63, 16
5, 68, 33
5, 69, 24
5, 70, 48
5, 74, 15
5, 88, 44
5, 93, 2
5, 97, 21
5, 98, 26
5, 99, 3
5, 101, 46
5, 107, 53
5, 114, 50
5, 126, 8
5, 131, 32
5, 139, 15
5, 145, 31
5, 145, 47
5, 153, 10
5, 154, 49
5, 155, 36
5, 160, 55
5, 166, 49
5, 168, 58
5, 171, 38
5, 177, 29
5, 181, 44
5, 182, 40
5, 184, 48
5, 191, 26
5, 196, 1
5, 200, 17
5, 208, 9
5, 229, 43
5, 230, 28
5, 234, 51
5, 236, 10
5, 238, 18
5, 238, 23
5, 242, 21
5, 248, 42
5, 253, 9
5, 256, 3
5, 257, 39
5, 258, 2
5, 258, 16
5, 258, 49
5, 259, 18
5, 262, 33
5, 264, 7
5, 272, 33
5, 272, 46
5, 287, 50
5, 304, 30
5, 307, 32
5, 325, 31
5, 328, 26
5, 345, 46
5, 357, 24
5, 357, 47
5, 361, 12
5, 363, 51
5, 365, 31
5, 374, 29
5, 388, 33
5, 390, 44
5, 394, 33
5, 395, 55
5, 404, 53
5, 408, 35
5, 416, 28
5, 417, 40
5, 418, 36
5, 424, 34
5, 430, 42
5, 448, 51
5, 451, 17
5, 455, 28
5, 458, 15
5, 463, 49
5, 463, 58
5, 469, 26
5, 469, 40
5, 472, 49
5, 479, 48
5, 486, 24
5, 490, 30
5, 495, 21
5, 506, 46
5, 520, 50
5, 521, 1
5, 530, 7
5, 530, 31
5, 535, 23
5, 538, 35
5, 540, 48
5, 546, 39
5, 546, 50
5, 547, 16
5, 548, 8
5, 555, 49
5, 561, 17
5, 561, 32
5, 562, 43
5, 580, 33
5, 582, 24
5, 600, 2
5, 601, 4
5, 607, 42
5, 608, 2
5, 611, 46
5, 612, 58
5, 613, 31
5, 614, 18
5, 623, 47
5, 630, 29
5, 633, 38
5, 639, 10
5, 641, 12
5, 647, 3
5, 649, 33
5, 649, 51
5, 659, 28
5, 676, 53
5, 678, 15
5, 684, 26
5, 685, 2
5, 686, 46
5, 688, 21
5, 694, 16
5, 695, 55
5, 709, 53
5, 712, 29
5, 728, 9
5, 736, 30
5, 743, 44
5, 755, 1
5, 770, 32
5, 772, 2
5, 783, 50
5, 794, 17
6, 5, 14
6, 14, 9
6, 21, 59
6, 22, 3
6, 25, 11
6, 30, 32
6, 40, 34
6, 51, 5
6, 62, 41
6, 62, 52
6, 66, 37
6, 67, 11
6, 69, 45
6, 78, 43
6, 79, 39
6, 84, 60
6, 89, 25
6, 93, 42
6, 100, 56
6, 104, 21
6, 116, 37
6, 125, 15
6, 142, 54
6, 143, 35
6, 146, 12
6, 150, 5
6, 150, 27
6, 157, 16
6, 158, 9
6, 161, 38
6, 168, 49
6, 171, 8
6, 172, 50
6, 173, 14
6, 180, 17
6, 181, 28
6, 182, 16
6, 182, 41
6, 199, 15
6, 199, 47
6, 204, 5
6, 208, 11
6, 213, 59
6, 217, 59
6, 222, 3
6, 223, 34
6, 224, 20
6, 224, 22
6, 236, 56
6, 240, 32
6, 255, 45
6, 257, 17
6, 262, 39
6, 268, 52
6, 275, 54
6, 279, 47
6, 285, 32
6, 288, 45
6, 291, 42
6, 302, 1
6, 305, 21
6, 306, 37
6, 316, 47
6, 318, 49
6, 320, 46
6, 324, 41
6, 341, 56
6, 350, 56
6, 355, 12
6, 370, 45
6, 373, 28
6, 384, 29
6, 385, 11
6, 390, 41
6, 391, 60
6, 400, 32
6, 413, 52
6, 415, 20
6, 420, 14
6, 438, 50
6, 441, 16
6, 468, 27
6, 472, 15
6, 481, 34
6, 497, 42
6, 500, 59
6, 504, 9
6, 505, 21
6, 508, 28
6, 511, 8
6, 518, 22
6, 522, 56
6, 528, 54
6, 532, 38
6, 533, 25
6, 540, 29
6, 571, 45
6, 574, 60
6, 592, 41
6, 595, 9
6, 595, 47
6, 599, 16
6, 605, 15
6, 626, 14
6, 629, 21
6, 633, 1
6, 633, 18
6, 637, 17
6, 649, 17
6, 650, 50
6, 658, 12
6, 660, 32
6, 670, 39
6, 676, 27
6, 677, 8
6, 681, 18
6, 685, 29
6, 692, 37
6, 692, 45
6, 697, 3
6, 698, 9
6, 720, 56
6, 720, 59
6, 721, 34
6, 729, 5
6, 730, 34
6, 743, 20
6, 755, 41
6, 766, 27
6, 769, 16
6, 791, 9
6, 794, 28
6, 795, 11
6, 795, 32
7, 2, 9
7, 8, 38
7, 11, 48
7, 14, 43
7, 21, 24
7, 23, 3
7, 25, 18
7, 30, 44
7, 54, 36
7, 61, 40
7, 71, 27
7, 76, 12
7, 77, 47
7, 86, 14
7, 98, 4
7, 100, 58
7, 104, 9
7, 110, 45
7, 114, 16
7, 131, 21
7, 133, 38
7, 140, 9
7, 146, 43
7, 152, 18
7, 155, 39
7, 161, 34
7, 164, 24
7, 172, 47
7, 172, 51
7, 173, 43
7, 174, 54
7, 176, 48
7, 182, 18
7, 186, 32
7, 193, 16
7, 198, 11
7, 216, 49
7, 217, 17
7, 224, 25
7, 236, 14
7, 239, 37
7, 252, 29
7, 254, 2
7, 257, 27
7, 261, 9
7, 262, 50
7, 262, 52
7, 270, 37
7, 277, 41
7, 278, 12
7, 283, 37
7, 288, 40
7, 299, 38
7, 310, 45
7, 314, 39
7, 321, 29
7, 321, 44
7, 342, 54
7, 357, 32
7, 370, 24
7, 406, 51
7, 420, 47
7, 422, 52
7, 429, 51
7, 433, 58
7, 435, 23
7, 439, 34
7, 443, 43
7, 446, 21
7, 453, 32
7, 456, 40
7, 478, 4
7, 480, 41
7, 486, 43
7, 500, 3
7, 512, 29
7, 512, 48
7, 517, 14
7, 518, 44
7, 520, 18
7, 521, 25
7, 522, 40
7, 533, 50
7, 535, 16
7, 544, 9
7, 547, 24
7, 551, 38
7, 555, 45
7, 561, 17
7, 564, 50
7, 571, 11
7, 580, 17
7, 582, 52
7, 590, 54
7, 597, 11
7, 598, 25
7, 601, 12
7, 605, 36
7, 607, 27
7, 611, 9
7, 611, 27
7, 622, 29
7, 626, 6
7, 636, 18
7, 642, 67
7, 645, 9
7, 646, 14
7, 651, 2
7, 651, 41
7, 673, 49
7, 681, 16
7, 682, 54
7, 687, 26
7, 688, 23
7, 695, 36
7, 696, 17
7, 704, 50
7, 705, 29
7, 706, 47
7, 711, 37
7, 712, 45
7, 724, 24
7, 726, 21
7, 727, 34
7, 735, 39
7, 739, 6
7, 739, 48
7, 747, 18
7, 754, 2
7, 758, 25
7, 773, 38
7, 782, 27
7, 782, 47
7, 784, 6
8, 18, 37
8, 21, 54
8, 26, 40
8, 31, 41
8, 33, 44
8, 40, 1
8, 42, 3
8, 63, 20
8, 64, 19
8, 66, 28
8, 71, 4
8, 81, 3
8, 95, 2
8, 101, 24
8, 108, 34
8, 109, 22
8, 113, 47
8, 128, 59
8, 138, 30
8, 145, 18
8, 146, 4
8, 148, 19
8, 160, 31
8, 161, 1
8, 162, 5
8, 162, 22
8, 166, 23
8, 188, 18
8, 188, 57
8, 190, 57
8, 196, 35
8, 198, 45
8, 199, 3
8, 213, 24
8, 220, 37
8, 224, 42
8, 230, 6
8, 232, 51
8, 233, 54
8, 240, 5
8, 241, 14
8, 254, 62
8, 261, 40
8, 277, 42
8, 281, 54
8, 283, 21
8, 297, 42
8, 298, 62
8, 301, 54
8, 306, 34
8, 315, 16
8, 336, 47
8, 354, 20
8, 360, 35
8, 365, 20
8, 372, 59
8, 378, 31
8, 379, 44
8, 393, 57
8, 396, 19
8, 407, 43
8, 420, 43
8, 440, 26
8, 458, 56
8, 464, 42
8, 467, 51
8, 469, 28
8, 472, 30
8, 481, 45
8, 485, 44
8, 489, 37
8, 492, 54
8, 495, 41
8, 511, 24
8, 513, 18
8, 513, 22
8, 520, 37
8, 530, 4
8, 531, 14
8, 535, 30
8, 541, 51
8, 542, 21
8, 562, 5
8, 568, 47
8, 576, 2
8, 582, 54
8, 589, 14
8, 590, 1
8, 603, 59
8, 606, 51
8, 609, 57
8, 617, 23
8, 620, 3
8, 621, 51
8, 622, 37
8, 624, 6
8, 627, 42
8, 634, 16
8, 658, 19
8, 659, 4
8, 670, 24
8, 676, 45
8, 680, 40
8, 682, 2
8, 683, 14
8, 685, 18
8, 687, 20
8, 691, 30
8, 707, 14
8, 721, 41
8, 724, 37
8, 725, 57
8, 736, 43
8, 737, 16
8, 737, 41
8, 739, 22
8, 743, 35
8, 751, 44
8, 759, 59
8, 762, 26
8, 763, 20
8, 763, 51
8, 770, 23
8, 772, 42
8, 773, 21
8, 774, 44
8, 774, 49
8, 774, 56
8, 781, 51
8, 790, 31
9, 6, 62
9, 7, 57
9, 21, 49
9, 24, 26
9, 35, 34
9, 37, 48
9, 41, 27
9, 43, 20
9, 52, 31
9, 54, 63
9, 59, 36
9, 75, 16
9, 78, 52
9, 82, 4
9, 91, 28
9, 92, 10
9, 92, 18
9, 100, 22
9, 100, 31
9, 104, 1
9, 104, 17
9, 106, 8
9, 108, 46
9, 109, 14
9, 120, 43
9, 123, 51
9, 124, 53
9, 139, 47
9, 140, 22
9, 141, 6
9, 154, 44
9, 157, 55
9, 162, 29
9, 175, 23
9, 186, 41
9, 188, 8
9, 191, 34
9, 193, 52
9, 202, 46
9, 217, 30
9, 235, 36
9, 237, 26
9, 242, 10
9, 244, 44
9, 247, 63
9, 248, 35
9, 254, 49
9, 257, 62
9, 264, 20
9, 278, 16
9, 280, 6
9, 282, 40
9, 289, 1
9, 289, 10
9, 291, 32
9, 295, 27
9, 296, 18
9, 299, 23
9, 302, 42
9, 319, 34
9, 328, 17
9, 335, 31
9, 348, 48
9, 350, 31
9, 364, 41
9, 367, 14
9, 373, 57
9, 380, 40
9, 397, 26
9, 400, 28
9, 401, 36
9, 415, 22
9, 421, 41
9, 428, 62
9, 447, 55
9, 457, 51
9, 458, 34
9, 468, 53
9, 469, 42
9, 475, 44
9, 476, 63
9, 479, 29
9, 484, 47
9, 499, 55
9, 509, 62
9, 513, 35
9, 520, 30
9, 524, 49
9, 524, 52
9, 527, 18
9, 544, 48
9, 545, 4
9, 549, 34
9, 549, 41
9, 573, 32
9, 578, 11
9, 588, 46
9, 589, 28
9, 591, 55
9, 600, 22
9, 608, 43
9, 611, 27
9, 617, 16
9, 620, 14
9, 629, 1
9, 633, 26
9, 638, 10
9, 639, 31
9, 647, 4
9, 653, 63
9, 656, 40
9, 659, 41
9, 664, 11
9, 665, 23
9, 666, 44
9, 666, 53
9, 667, 49
9, 676, 6
9, 684, 32
9, 687, 62
9, 694, 17
9, 701, 20
9, 707, 18
9, 713, 51
9, 715, 4
9, 720, 8
9, 721, 30
9, 742, 27
9, 745, 57
9, 750, 36
9, 777, 44
9, 781, 44
9, 787, 55
9, 797, 52
10, 9, 54
10, 17, 29
10, 18, 1
10, 19, 48
10, 22, 10
10, 24, 36
10, 28, 24
10, 29, 15
10, 38, 26
10, 42, 34
10, 47, 14
10, 47, 15
10, 48, 30
10, 51, 43
10, 53, 3
10, 55, 52
10, 58, 7
10, 59, 28
10, 61, 51
10, 63, 57
10, 67, 4
10, 70, 26
10, 81, 50
10, 98, 38
10, 102, 36
10, 107, 61
10, 112, 9
10, 113, 43
10, 123, 30
10, 125, 1
10, 127, 12
10, 131, 42
10, 138, 13
10, 138, 50
10, 139, 3
10, 142, 19
10, 143, 55
10, 145, 4
10, 150, 11
10, 151, 9
10, 154, 56
10, 157, 46
10, 159, 7
10, 169, 20
10, 189, 19
10, 189, 36
10, 197, 27
10, 197, 48
10, 202, 61
10, 203, 34
10, 208, 48
10, 218, 1
10, 219, 14
10, 221, 2
10, 229, 16
10, 238, 32
10, 242, 12
10, 242, 59
10, 244, 39
10, 251, 57
10, 258, 48
10, 262, 26
10, 264, 21
10, 268, 45
10, 269, 15
10, 273, 10
10, 295, 23
10, 297, 24
10, 304, 28
10, 306, 51
10, 310, 43
10, 313, 4
10, 320, 31
10, 322, 27
10, 327, 39
10, 344, 59
10, 355, 56
10, 366, 38
10, 369, 46
10, 384, 59
10, 391, 19
10, 396, 34
10, 397, 52
10, 397, 54
10, 401, 30
10, 406, 30
10, 408, 61
10, 421, 24
10, 425, 56
10, 426, 36
10, 431, 47
10, 440, 42
10, 442, 29
10, 457, 50
10, 462, 13
10, 474, 32
10, 501, 3
10, 501, 43
10, 502, 20
10, 502, 29
10, 503, 26
10, 511, 34
10, 523, 42
10, 526, 21
10, 531, 28
10, 531, 48
10, 533, 36
10, 533, 37
10, 534, 10
10, 538, 1
10, 542, 55
10, 547, 38
10, 550, 20
10, 553, 11
10, 556, 59
10, 563, 48
10, 566, 43
10, 567, 20
10, 569, 23
10, 570, 12
10, 571, 47
10, 578, 14
10, 582, 14
10, 583, 32
10, 586, 15
10, 589, 9
10, 589, 52
10, 594, 16
10, 596, 28
10, 605, 31
10, 618, 30
10, 622, 56
10, 626, 45
10, 630, 39
10, 634, 27
10, 638, 19
10, 638, 24
10, 639, 46
10, 641, 37
10, 641, 52
10, 660, 1
10, 672, 4
10, 672, 54
10, 682, 36
10, 684, 10
10, 686, 19
10, 689, 55
10, 705, 37
10, 713, 2
10, 725, 55
10, 727, 45
10, 732, 12
10, 735, 46
10, 743, 21
10, 753, 7
10, 754, 28
10, 756, 10
10, 761, 61
10, 766, 3
10, 773, 21
10, 780, 14
10, 782, 34
10, 784, 48
10, 789, 26
10, 791, 39
10, 796, 20
11, 5, 10
11, 7, 56
11, 11, 34
11, 13, 13
11, 20, 30
11, 20, 38
11, 24, 16
11, 26, 58
11, 28, 35
11, 29, 21
11, 36, 3
11, 49, 38
11, 49, 40
11, 60, 8
11, 66, 10
11, 67, 18
11, 68, 14
11, 79, 21
11, 84, 41
11, 85, 4
11, 117, 52
11, 120, 36
11, 131, 50
11, 135, 3
11, 140, 52
11, 143, 25
11, 148, 29
11, 153, 27
11, 163, 46
11, 165, 26
11, 168, 34
11, 169, 11
11, 173, 13
11, 176, 49
11, 182, 56
11, 192, 12
11, 193, 17
11, 203, 5
11, 203, 29
11, 206, 12
11, 221, 53
11, 227, 58
11, 235, 38
11, 237, 48
11, 241, 19
11, 249, 18
11, 251, 4
11, 254, 21
11, 254, 27
11, 256, 8
11, 259, 16
11, 260, 21
11, 261, 24
11, 262, 25
11, 262, 37
11, 269, 58
11, 272, 34
11, 290, 53
11, 298, 3
11, 298, 30
11, 300, 53
11, 329, 54
11, 331, 49
11, 349, 35
11, 356, 14
11, 359, 37
11, 383, 40
11, 389, 16
11, 391, 26
11, 410, 36
11, 418, 49
11, 419, 50
11, 425, 17
11, 431, 41
11, 431, 48
11, 432, 24
11, 432, 30
11, 433, 48
11, 435, 18
11, 435, 56
11, 445, 52
11, 453, 54
11, 458, 35
11, 460, 58
11, 484, 23
11, 486, 36
11, 489, 34
11, 496, 10
11, 497, 29
11, 502, 37
11, 502, 46
11, 505, 53
11, 506, 11
11, 508, 5
11, 517, 19
11, 519, 41
11, 529, 21
11, 539, 27
11, 542, 18
11, 550, 13
11, 555, 37
11, 557, 49
11, 560, 38
11, 562, 17
11, 564, 35
11, 600, 37
11, 603, 14
11, 608, 3
11, 609, 25
11, 619, 11
11, 622, 36
11, 626, 11
11, 626, 49
11, 636, 48
11, 645, 48
11, 650, 4
11, 657, 8
11, 658, 52
11, 659, 46
11, 666, 56
11, 670, 26
11, 676, 40
11, 677, 24
11, 678, 10
11, 688, 16
11, 691, 54
11, 704, 53
11, 705, 12
11, 712, 30
11, 714, 29
11, 721, 54
11, 736, 5
11, 737, 27
11, 745, 14
11, 752, 23
11, 753, 29
11, 754, 35
11, 757, 19
11, 769, 3
11, 772, 41
11, 778, 46
11, 780, 13
11, 785, 21
11, 791, 10
12, 1, 25
12, 3, 51
12, 6, 37
12, 6, 40
12, 7, 36
12, 18, 8
12, 38, 18
12, 40, 52
12, 40, 61
12, 41, 23
12, 44, 37
12, 46, 15
12, 53, 57
12, 63, 26
12, 67, 31
12, 77, 45
12, 81, 20
12, 82, 11
12, 92, 7
12, 95, 43
12, 107, 24
12, 115, 52
12, 132, 2
12, 132, 43
12, 141, 48
12, 145, 32
12, 145, 44
12, 151, 35
12, 164, 47
12, 167, 57
12, 169, 6
12, 180, 30
12, 185, 8
12, 189, 53
12, 191, 2
12, 198, 16
12, 199, 27
12, 200, 45
12, 202, 10
12, 203, 18
12, 205, 63
12, 208, 61
12, 210, 25
12, 211, 6
12, 214, 11
12, 219, 61
12, 222, 10
12, 246, 8
12, 252, 57
12, 254, 26
12, 260, 7
12, 273, 17
12, 278, 31
12, 287, 43
12, 292, 47
12, 296, 15
12, 300, 35
12, 301, 24
12, 302, 13
12, 302, 34
12, 302, 55
12, 313, 48
12, 326, 51
12, 328, 20
12, 335, 30
12, 338, 45
12, 342, 40
12, 358, 53
12, 359, 26
12, 361, 36
12, 366, 32
12, 369, 26
12, 379, 27
12, 380, 32
12, 429, 37
12, 441, 44
12, 445, 37
12, 450, 25
12, 460, 52
12, 461, 18
12, 467, 47
12, 479, 30
12, 486, 27
12, 487, 16
12, 500, 20
12, 500, 43
12, 503, 10
12, 503, 32
12, 514, 35
12, 514, 44
12, 516, 55
12, 517, 2
12, 523, 32
12, 544, 6
12, 544, 34
12, 548, 7
12, 554, 24
12, 559, 51
12, 560, 50
12, 569, 53
12, 578, 40
12, 582, 11
12, 587, 17
12, 595, 48
12, 611, 36
12, 613, 26
12, 613, 45
12, 620, 63
12, 624, 7
12, 637, 48
12, 638, 13
12, 639, 44
12, 646, 57
12, 647, 44
12, 648, 51
12, 651, 31
12, 654, 30
12, 656, 8
12, 665, 27
12, 677, 55
12, 719, 45
12, 720, 2
12, 722, 35
12, 731, 6
12, 742, 10
12, 745, 52
12, 748, 25
12, 749, 32
12, 756, 30
12, 759, 31
12, 763, 26
12, 766, 7
12, 769, 15
12, 770, 20
12, 775, 6
12, 778, 19
12, 780, 37
12, 787, 11
12, 789, 61
12, 791, 18
13, 1, 49
13, 2, 46
13, 16, 37
13, 20, 48
13, 21, 22
13, 29, 31
13, 42, 8
13, 50, 34
13, 58, 49
13, 65, 20
13, 65, 24
13, 70, 1
13, 71, 15
13, 77, 53
13, 85, 60
13, 85, 62
13, 100, 53
13, 102, 51
13, 119, 4
13, 120, 12
13, 125, 25
13, 138, 38
13, 151, 60
13, 154, 31
13, 166, 21
13, 176, 2
13, 185, 23
13, 188, 14
13, 190, 55
13, 199, 43
13, 205, 1
13, 210, 50
13, 213, 46
13, 214, 24
13, 218, 42
13, 219, 4
13, 222, 27
13, 237, 4
13, 237, 34
13, 261, 44
13, 262, 45
13, 269, 34
13, 272, 37
13, 277, 12
13, 277, 15
13, 280, 38
13, 282, 49
13, 286, 22
13, 292, 58
13, 304, 41
13, 304, 56
13, 307, 62
13, 320, 42
13, 321, 63
13, 323, 25
13, 331, 46
13, 335, 50
13, 341, 30
13, 345, 26
13, 365, 53
13, 366, 56
13, 370, 23
13, 371, 43
13, 378, 55
13, 394, 51
13, 407, 27
13, 416, 48
13, 423, 31
13, 429, 20
13, 430, 51
13, 432, 37
13, 437, 60
13, 451, 58
13, 460, 41
13, 467, 46
13, 469, 24
13, 474, 31
13, 492, 26
13, 498, 50
13, 505, 34
13, 510, 21
13, 512, 1
13, 513, 62
13, 520, 2
13, 529, 14
13, 529, 49
13, 535, 20
13, 538, 38
13, 540, 14
13, 543, 22
13, 552, 17
13, 553, 45
13, 564, 4
13, 568, 42
13, 573, 25
13, 593, 55
13, 596, 51
13, 605, 4
13, 605, 43
13, 618, 27
13, 624, 53
13, 632, 58
13, 635, 27
13, 641, 23
13, 647, 14
13, 650, 30
13, 652, 4
13, 654, 12
13, 659, 12
13, 663, 46
13, 669, 56
13, 674, 37
13, 676, 2
13, 684, 45
13, 684, 50
13, 689, 41
13, 697, 34
13, 699, 17
13, 708, 51
13, 717, 42
13, 723, 15
13, 726, 26
13, 739, 55
13, 740, 31
13, 743, 1
13, 749, 4
13, 753, 63
13, 754, 37
13, 762, 60
13, 770, 24
13, 779, 45
13, 792, 62
13, 794, 41
14, 1, 51
14, 2, 10
14, 10, 7
14, 23, 14
14, 23, 30
14, 25, 5
14, 26, 3
14, 26, 57
14, 39, 19
14, 41, 37
14, 49, 53
14, 53, 1
14, 65, 46
14, 71, 45
14, 72, 47
14, 73, 59
14, 74, 25
14, 82, 44
14, 88, 18
14, 93, 55
14, 105, 60
14, 115, 9
14, 117, 43
14, 120, 42
14, 121, 26
14, 128, 10
14, 130, 14
14, 134, 10
14, 134, 26
14, 139, 55
14, 147, 15
14, 153, 51
14, 155, 32
14, 159, 20
14, 161, 29
14, 169, 55
14, 178, 56
14, 182, 12
14, 187, 35
14, 201, 53
14, 202, 7
14, 203, 15
14, 205, 30
14, 207, 5
14, 214, 26
14, 219, 18
14, 221, 5
14, 221, 8
14, 222, 46
14, 222, 57
14, 224, 30
14, 224, 39
14, 244, 53
14, 244, 55
14, 261, 19
14, 263, 12
14, 263, 20
14, 270, 43
14, 274, 33
14, 276, 5
14, 278, 3
14, 286, 14
14, 290, 47
14, 293, 59
14, 296, 26
14, 297, 11
14, 300, 48
14, 302, 1
14, 303, 9
14, 303, 44
14, 310, 32
14, 322, 60
14, 323, 46
14, 325, 25
14, 347, 57
14, 353, 47
14, 361, 35
14, 362, 37
14, 383, 51
14, 405, 43
14, 408, 57
14, 409, 18
14, 411, 44
14, 416, 29
14, 416, 42
14, 420, 29
14, 438, 53
14, 444, 45
14, 449, 25
14, 458, 55
14, 474, 56
14, 487, 32
14, 500, 26
14, 500, 47
14, 500, 48
14, 501, 57
14, 510, 10
14, 511, 44
14, 511, 56
14, 524, 29
14, 534, 46
14, 547, 12
14, 549, 3
14, 554, 30
14, 557, 42
14, 562, 7
14, 565, 51
14, 579, 15
14, 588, 45
14, 589, 1
14, 592, 39
14, 594, 55
14, 596, 14
14, 608, 46
14, 613, 60
14, 623, 55
14, 628, 11
14, 633, 19
14, 633, 43
14, 635, 32
14, 638, 59
14, 647, 25
14, 663, 56
14, 664, 8
14, 678, 30
14, 683, 39
14, 683, 53
14, 685, 44
14, 689, 5
14, 689, 26
14, 692, 5
14, 694, 3
14, 695, 47
14, 701, 45
14, 713, 9
14, 725, 10
14, 725, 29
14, 726, 37
14, 734, 18
14, 750, 46
14, 758, 12
14, 761, 19
14, 778, 55
14, 794, 56
14, 795, 10
14, 796, 29
14, 798, 5
15, 8, 15
15, 12, 4
15, 21, 19
15, 22, 46
15, 23, 48
15, 30, 50
15, 36, 30
15, 41, 5
15, 54, 38
15, 77, 16
15, 81, 33
15, 85, 30
15, 96, 41
15, 106, 23
15, 110, 52
15, 116, 13
15, 116, 14
15, 147, 29
15, 163, 35
15, 174, 7
15, 176, 58
15, 184, 37
15, 187, 9
15, 211, 50
15, 214, 16
15, 215, 21
15, 223, 52
15, 223, 60
15, 230, 30
15, 240, 28
15, 243, 16
15, 243, 37
15, 252, 5
15, 253, 52
15, 255, 1
15, 274, 33
15, 275, 18
15, 275, 39
15, 283, 46
15, 290, 53
15, 291, 40
15, 295, 15
15, 304, 32
15, 310, 28
15, 316, 38
15, 327, 27
15, 338, 22
15, 357, 33
15, 397, 13
15, 402, 35
15, 405, 49
15, 410, 48
15, 418, 30
15, 434, 21
15, 436, 23
15, 443, 14
15, 447, 29
15, 447, 50
15, 447, 58
15, 451, 32
15, 454, 23
15, 460, 35
15, 461, 41
15, 472, 53
15, 474, 25
15, 489, 46
15, 497, 10
15, 503, 13
15, 508, 33
15, 510, 27
15, 512, 53
15, 538, 60
15, 546, 21
15, 547, 9
15, 547, 19
15, 551, 28
15, 552, 7
15, 559, 37
15, 565, 27
15, 576, 32
15, 580, 48
15, 581, 14
15, 582, 52
15, 598, 1
15, 600, 39
15, 609, 32
15, 612, 5
15, 626, 29
15, 634, 38
15, 641, 25
15, 642, 30
15, 642, 58
15, 646, 18
15, 650, 37
15, 656, 37
15, 658, 22
15, 662, 28
15, 673, 39
15, 682, 40
15, 682, 41
15, 684, 30
15, 690, 38
15, 718, 35
15, 718, 46
15, 725, 53
15, 727, 21
15, 729, 29
15, 733, 10
15, 741, 16
15, 741, 48
15, 747, 38
15, 753, 33
15, 754, 13
15, 754, 32
15, 760, 46
15, 771, 1
15, 774, 5
15, 783, 41
15, 784, 23
15, 789, 9
15, 792, 15
15, 792, 37
15, 792, 53
15, 793, 25
15, 797, 27
16, 10, 18
16, 17, 13
16, 18, 27
16, 26, 39
16, 30, 32
16, 31, 4
16, 32, 21
16, 36, 15
16, 43, 19
16, 49, 9
16, 50, 23
16, 57, 29
16, 62, 57
16, 83, 47
16, 85, 22
16, 86, 60
16, 87, 56
16, 102, 57
16, 113, 36
16, 125, 15
16, 125, 23
16, 127, 45
16, 133, 4
16, 136, 16
16, 142, 54
16, 149, 13
16, 154, 55
16, 161, 43
16, 162, 18
16, 166, 36
16, 168, 45
16, 176, 42
16, 176, 51
16, 187, 15
16, 189, 18
16, 204, 1
16, 209, 1
16, 210, 56
16, 233, 27
16, 235, 27
16, 236, 54
16, 237, 47
16, 239, 9
16, 242, 52
16, 244, 6
16, 245, 18
16, 247, 6
16, 251, 21
16, 256, 19
16, 261, 14
16, 265, 29
16, 269, 11
16, 270, 60
16, 273, 16
16, 280, 6
16, 287, 15
16, 291, 22
16, 304, 28
16, 306, 22
16, 308, 37
16, 324, 37
16, 335, 13
16, 341, 22
16, 341, 57
16, 351, 21
16, 368, 42
16, 383, 28
16, 391, 55
16, 396, 43
16, 401, 23
16, 402, 32
16, 415, 37
16, 422, 36
16, 424, 36
16, 444, 45
16, 445, 29
16, 454, 43
16, 465, 45
16, 473, 18
16, 473, 27
16, 474, 54
16, 483, 39
16, 491, 47
16, 495, 51
16, 503, 51
16, 509, 27
16, 510, 11
16, 510, 39
16, 514, 56
16, 526, 55
16, 535, 18
16, 539, 1
16, 540, 1
16, 551, 2
16, 554, 14
16, 562, 29
16, 562, 52
16, 566, 60
16, 576, 22
16, 584, 13
16, 585, 39
16, 596, 15
16, 614, 16
16, 620, 4
16, 629, 45
16, 630, 54
16, 632, 28
16, 636, 23
16, 637, 37
16, 646, 1
16, 649, 57
16, 655, 14
16, 657, 32
16, 667, 19
16, 673, 28
16, 675, 42
16, 676, 15
16, 676, 21
16, 677, 17
16, 680, 43
16, 690, 14
16, 692, 27
16, 709, 9
16, 718, 68
16, 719, 15
16, 728, 6
16, 737, 51
16, 738, 54
16, 739, 18
16, 749, 16
16, 749, 36
16, 752, 2
16, 777, 22
16, 780, 1
16, 785, 55
16, 788, 11
17, 1, 1
17, 6, 33
17, 15, 12
17, 20, 6
17, 23, 38
17, 36, 3
17, 37, 43
17, 46, 47
17, 56, 1
17, 69, 19
17, 70, 27
17, 77, 8
17, 82, 14
17, 90, 14
17, 96, 37
17, 99, 11
17, 103, 47
17, 118, 10
17, 118, 36
17, 119, 6
17, 119, 53
17, 125, 7
17, 126, 34
17, 134, 6
17, 139, 56
17, 159, 45
17, 161, 12
17, 161, 51
17, 176, 8
17, 176, 46
17, 178, 53
17, 182, 31
17, 191, 47
17, 195, 29
17, 202, 48
17, 203, 19
17, 219, 58
17, 221, 38
17, 224, 6
17, 229, 14
17, 236, 24
17, 253, 10
17, 255, 38
17, 262, 33
17, 266, 7
17, 275, 11
17, 276, 49
17, 284, 52
17, 288, 10
17, 288, 43
17, 295, 1
17, 312, 11
17, 312, 13
17, 324, 37
17, 324, 56
17, 329, 39
17, 330, 12
17, 343, 49
17, 347, 46
17, 349, 36
17, 359, 15
17, 364, 45
17, 372, 24
17, 375, 29
17, 381, 31
17, 394, 34
17, 395, 47
17, 401, 41
17, 403, 29
17, 421, 41
17, 434, 24
17, 470, 53
17, 474, 38
17, 486, 33
17, 490, 58
17, 492, 27
17, 498, 19
17, 502, 31
17, 506, 29
17, 510, 48
17, 514, 34
17, 526, 14
17, 528, 3
17, 531, 6
17, 532, 37
17, 539, 39
17, 544, 13
17, 545, 8
17, 549, 43
17, 570, 10
17, 571, 7
17, 578, 3
17, 578, 10
17, 588, 11
17, 593, 38
17, 597, 45
17, 597, 56
17, 612, 49
17, 614, 11
17, 631, 12
17, 637, 27
17, 641, 14
17, 642, 49
17, 652, 47
17, 659, 10
17, 666, 15
17, 688, 39
17, 690, 19
17, 701, 36
17, 706, 43
17, 709, 1
17, 713, 7
17, 721, 52
17, 727, 31
17, 733, 41
17, 750, 49
17, 754, 24
17, 759, 29
17, 768, 45
17, 772, 6
17, 776, 53
17, 777, 33
17, 782, 7
17, 787, 8
17, 793, 47
17, 798, 38
18, 1, 49
18, 7, 32
18, 9, 57
18, 14, 59
18, 16, 2
18, 20, 39
18, 22, 25
18, 31, 32
18, 37, 22
18, 37, 45
18, 48, 35
18, 49, 37
18, 51, 24
18, 52, 7
18, 52, 9
18, 55, 19
18, 57, 14
18, 65, 3
18, 67, 58
18, 75, 52
18, 76, 34
18, 80, 41
18, 83, 28
18, 85, 61
18, 95, 3
18, 96, 43
18, 98, 26
18, 99, 14
18, 108, 20
18, 118, 29
18, 119, 31
18, 122, 54
18, 123, 50
18, 137, 42
18, 140, 13
18, 153, 32
18, 153, 57
18, 155, 14
18, 164, 25
18, 165, 54
18, 168, 40
18, 171, 12
18, 178, 33
18, 181, 37
18, 188, 13
18, 191, 42
18, 191, 59
18, 194, 23
18, 200, 51
18, 208, 19
18, 214, 20
18, 214, 28
18, 214, 41
18, 221, 35
18, 223, 4
18, 225, 45
18, 227, 57
18, 229, 19
18, 235, 24
18, 238, 6
18, 240, 60
18, 242, 22
18, 248, 14
18, 250, 36
18, 253, 39
18, 262, 2
18, 262, 31
18, 270, 19
18, 275, 54
18, 285, 56
18, 287, 4
18, 298, 27
18, 300, 20
18, 305, 9
18, 305, 29
18, 308, 43
18, 315, 26
18, 316, 58
18, 321, 34
18, 323, 21
18, 328, 39
18, 331, 52
18, 336, 40
18, 340, 22
18, 342, 34
18, 350, 52
18, 355, 59
18, 356, 61
18, 364, 41
18, 364, 60
18, 374, 49
18, 374, 54
18, 377, 37
18, 378, 57
18, 380, 32
18, 384, 61
18, 389, 18
18, 404, 25
18, 409, 28
18, 412, 42
18, 415, 51
18, 428, 35
18, 434, 56
18, 437, 28
18, 440, 50
18, 444, 26
18, 450, 33
18, 450, 45
18, 454, 25
18, 480, 23
18, 483, 57
18, 488, 36
18, 490, 13
18, 495, 23
18, 502, 21
18, 504, 13
18, 510, 25
18, 511, 58
18, 516, 7
18, 525, 27
18, 526, 45
18, 534, 40
18, 535, 9
18, 539, 32
18, 540, 39
18, 545, 49
18, 548, 12
18, 553, 54
18, 555, 32
18, 561, 43
18, 562, 3
18, 565, 19
18, 565, 51
18, 567, 34
18, 575, 27
18, 585, 29
18, 586, 22
18, 595, 52
18, 596, 14
18, 602, 18
18, 603, 24
18, 603, 37
18, 619, 40
18, 620, 59
18, 630, 57
18, 632, 42
18, 641, 6
18, 643, 9
18, 643, 22
18, 647, 43
18, 649, 33
18, 655, 2
18, 658, 32
18, 667, 20
18, 668, 23
18, 670, 56
18, 673, 4
18, 686, 60
18, 696, 26
18, 697, 50
18, 707, 59
18, 709, 21
18, 730, 29
18, 733, 13
18, 733, 54
18, 735, 25
18, 735, 60
18, 737, 41
18, 746, 43
18, 747, 61
18, 749, 45
18, 762, 19
18, 767, 12
18, 775, 7
18, 778, 49
18, 779, 9
18, 784, 4
18, 785, 51
18, 799, 24
19, 33, 33
19, 38, 11
19, 47, 57
19, 59, 18
19, 60, 28
19, 66, 48
19, 71, 12
19, 91, 17
19, 96, 39
19, 98, 50
19, 102, 2
19, 102, 35
19, 118, 21
19, 126, 1
19, 132, 10
19, 136, 15
19, 150, 56
19, 163, 18
19, 167, 10
19, 176, 38
19, 179, 6
19, 189, 52
19, 205, 30
19, 216, 11
19, 221, 48
19, 224, 14
19, 228, 4
19, 231, 17
19, 238, 58
19, 247, 50
19, 248, 28
19, 253, 22
19, 257, 53
19, 260, 49
19, 263, 57
19, 268, 30
19, 284, 6
19, 293, 33
19, 304, 48
19, 312, 35
19, 320, 15
19, 329, 58
19, 349, 48
19, 353, 56
19, 359, 21
19, 361, 63
19, 365, 52
19, 371, 50
19, 374, 39
19, 395, 51
19, 398, 18
19, 410, 19
19, 416, 53
19, 429, 42
19, 439, 28
19, 445, 53
19, 446, 30
19, 446, 57
19, 447, 48
19, 452, 48
19, 459, 35
19, 472, 26
19, 480, 28
19, 504, 14
19, 514, 52
19, 525, 10
19, 535, 14
19, 539, 22
19, 540, 11
19, 546, 48
19, 555, 12
19, 557, 50
19, 561, 21
19, 572, 38
19, 575, 39
19, 580, 15
19, 580, 30
19, 583, 58
19, 593, 42
19, 594, 3
19, 594, 35
19, 604, 4
19, 607, 28
19, 614, 50
19, 620, 35
19, 629, 49
19, 650, 39
19, 653, 57
19, 664, 2
19, 665, 56
19, 677, 53
19, 678, 10
19, 678, 35
19, 688, 12
19, 689, 55
19, 691, 21
19, 692, 57
19, 693, 52
19, 697, 42
19, 697, 56
19, 699, 28
19, 701, 19
19, 702, 1
19, 703, 3
19, 705, 22
19, 708, 6
19, 721, 11
19, 726, 52
19, 730, 17
19, 747, 51
19, 754, 4
19, 754, 10
19, 766, 48
19, 769, 18
19, 770, 50
19, 770, 63
19, 771, 30
19, 774, 57
19, 788, 15
19, 792, 51
