1, 9, 7
1, 15, 29
1, 18, 6
1, 35, 23
1, 41, 31
1, 47, 43
1, 53, 18
1, 53, 52
1, 56, 23
1, 58, 41
1, 71, 55
1, 74, 51
1, 82, 17
1, 96, 59
1, 116, 7
1, 127, 60
1, 132, 7
1, 141, 22
1, 142, 33
1, 145, 8
1, 162, 32
1, 163, 2
1, 164, 30
1, 167, 39
1, 170, 37
1, 178, 1
1, 178, 36
1, 179, 24
1, 181, 39
1, 201, 13
1, 206, 43
1, 211, 2
1, 211, 6
1, 213, 41
1, 213, 52
1, 220, 59
1, 226, 1
1, 230, 51
1, 244, 18
1, 245, 47
1, 252, 5
1, 254, 7
1, 269, 10
1, 274, 23
1, 275, 36
1, 277, 31
1, 278, 47
1, 287, 5
1, 288, 23
1, 302, 33
1, 314, 29
1, 319, 22
1, 341, 37
1, 356, 17
1, 372, 32
1, 377, 24
1, 388, 60
1, 391, 55
1, 405, 32
1, 415, 43
1, 423, 37
1, 433, 44
1, 437, 32
1, 440, 51
1, 455, 41
1, 459, 52
1, 463, 39
1, 464, 31
1, 471, 46
1, 484, 41
1, 497, 23
1, 500, 18
1, 504, 33
1, 504, 59
1, 510, 59
1, 517, 30
1, 519, 8
1, 527, 41
1, 528, 18
1, 552, 10
1, 556, 44
1, 558, 27
1, 560, 43
1, 562, 43
1, 568, 17
1, 581, 6
1, 586, 18
1, 592, 1
1, 593, 22
1, 597, 36
1, 597, 47
1, 607, 17
1, 608, 5
1, 610, 2
1, 622, 17
1, 625, 21
1, 643, 7
1, 647, 29
1, 648, 10
1, 654, 6
1, 654, 47
1, 667, 37
1, 668, 41
1, 702, 5
1, 703, 18
1, 706, 23
1, 711, 17
1, 712, 46
1, 719, 44
1, 719, 51
1, 725, 32
1, 727, 36
1, 730, 31
1, 740, 52
1, 741, 1
1, 743, 30
1, 758, 41
1, 764, 1
1, 778, 7
1, 778, 43
1, 791, 39
1, 792, 10
1, 797, 33
1, 797, 59
1, 799, 44
2, 6, 52
2, 8, 24
2, 9, 40
2, 10, 55
2, 11, 18
2, 12, 11
2, 20, 42
2, 24, 19
2, 26, 54
2, 33, 58
2, 36, 38
2, 54, 29
2, 57, 41
2, 66, 16
2, 67, 49
2, 70, 27
2, 73, 16
2, 79, 21
2, 85, 23
2, 86, 32
2, 92, 57
2, 98, 12
2, 99, 19
2, 99, 35
2, 104, 3
2, 106, 20
2, 107, 22
2, 110, 11
2, 114, 54
2, 120, 51
2, 126, 44
2, 126, 48
2, 128, 28
2, 134, 25
2, 134, 29
2, 138, 8
2, 138, 16
2, 140, 2
2, 145, 35
2, 145, 55
2, 147, 12
2, 151, 52
2, 164, 32
2, 165, 39
2, 167, 41
2, 172, 31
2, 172, 55
2, 180, 27
2, 187, 7
2, 192, 44
2, 199, 52
2, 203, 49
2, 210, 11
2, 219, 24
2, 225, 12
2, 227, 18
2, 228, 43
2, 249, 17
2, 255, 22
2, 263, 16
2, 270, 9
2, 276, 58
2, 280, 44
2, 281, 58
2, 282, 4
2, 288, 42
2, 292, 40
2, 296, 8
2, 300, 3
2, 307, 28
2, 317, 38
2, 322, 48
2, 333, 27
2, 348, 35
2, 348, 47
2, 354, 57
2, 356, 38
2, 356, 51
2, 359, 29
2, 359, 47
2, 361, 31
2, 362, 40
2, 368, 54
2, 370, 12
2, 372, 19
2, 383, 57
2, 392, 25
2, 396, 33
2, 411, 21
2, 437, 54
2, 438, 20
2, 438, 23
2, 442, 52
2, 444, 24
2, 446, 41
2, 450, 32
2, 463, 49
2, 479, 43
2, 495, 43
2, 500, 31
2, 503, 27
2, 506, 42
2, 513, 19
2, 513, 55
2, 515, 1
2, 527, 2
2, 528, 7
2, 538, 9
2, 549, 18
2, 553, 31
2, 556, 49
2, 557, 11
2, 560, 40
2, 561, 28
2, 565, 17
2, 571, 43
2, 572, 29
2, 577, 4
2, 577, 19
2, 577, 44
2, 579, 21
2, 580, 24
2, 586, 39
2, 588, 8
2, 589, 51
2, 594, 32
2, 610, 48
2, 612, 54
2, 612, 58
2, 613, 35
2, 617, 1
2, 624, 9
2, 630, 55
2, 635, 20
2, 638, 18
2, 643, 4
2, 654, 20
2, 656, 42
2, 658, 39
2, 663, 47
2, 670, 25
2, 676, 12
2, 687, 7
2, 693, 38
2, 694, 24
2, 696, 11
2, 697, 57
2, 700, 16
2, 700, 31
2, 701, 3
2, 701, 52
2, 709, 58
2, 711, 3
2, 715, 29
2, 721, 19
2, 722, 39
2, 728, 27
2, 733, 43
2, 735, 9
2, 745, 23
2, 751, 11
2, 754, 32
2, 763, 40
2, 766, 44
2, 772, 27
2, 774, 31
2, 777, 7
2, 785, 31
2, 786, 17
2, 789, 19
2, 789, 33
3, 5, 3
3, 10, 21
3, 11, 4
3, 15, 48
3, 18, 36
3, 20, 35
3, 25, 32
3, 31, 53
3, 33, 6
3, 37, 7
3, 46, 4
3, 48, 12
3, 49, 37
3, 52, 46
3, 53, 5
3, 59, 54
3, 60, 56
3, 65, 1
3, 69, 29
3, 71, 27
3, 72, 49
3, 80, 3
3, 80, 31
3, 82, 7
3, 84, 51
3, 90, 22
3, 92, 16
3, 98, 37
3, 101, 45
3, 104, 8
3, 110, 59
3, 111, 3
3, 117, 23
3, 119, 10
3, 121, 35
3, 123, 52
3, 128, 43
3, 133, 58
3, 134, 12
3, 144, 36
3, 149, 6
3, 149, 44
3, 151, 28
3, 172, 38
3, 174, 2
3, 184, 29
3, 186, 8
3, 187, 16
3, 187, 39
3, 201, 7
3, 208, 13
3, 209, 19
3, 209, 27
3, 212, 32
3, 213, 32
3, 220, 36
3, 224, 44
3, 226, 51
3, 228, 49
3, 231, 48
3, 234, 4
3, 235, 15
3, 237, 53
3, 239, 37
3, 246, 16
3, 247, 45
3, 249, 46
3, 263, 1
3, 264, 12
3, 265, 35
3, 268, 25
3, 272, 54
3, 273, 10
3, 275, 3
3, 276, 35
3, 282, 7
3, 287, 46
3, 287, 54
3, 289, 22
3, 289, 34
3, 294, 27
3, 295, 56
3, 297, 42
3, 299, 21
3, 308, 36
3, 324, 21
3, 327, 32
3, 331, 58
3, 366, 29
3, 367, 26
3, 371, 23
3, 371, 59
3, 392, 38
3, 392, 43
3, 398, 31
3, 401, 42
3, 404, 18
3, 404, 28
3, 442, 44
3, 448, 36
3, 452, 46
3, 453, 15
3, 457, 59
3, 458, 54
3, 466, 49
3, 469, 27
3, 471, 34
3, 471, 52
3, 481, 27
3, 482, 40
3, 487, 51
3, 489, 40
3, 499, 5
3, 499, 47
3, 503, 44
3, 518, 48
3, 520, 12
3, 523, 8
3, 523, 19
3, 524, 4
3, 525, 45
3, 528, 18
3, 528, 36
3, 528, 56
3, 532, 26
3, 532, 53
3, 534, 12
3, 535, 6
3, 542, 25
3, 543, 22
3, 548, 32
3, 550, 2
3, 550, 28
3, 550, 42
3, 558, 25
3, 560, 34
3, 570, 13
3, 571, 8
3, 576, 46
3, 586, 26
3, 587, 16
3, 588, 42
3, 595, 10
3, 596, 8
3, 599, 36
3, 600, 29
3, 609, 40
3, 613, 48
3, 615, 31
3, 627, 10
3, 627, 29
3, 632, 43
3, 639, 1
3, 641, 39
3, 648, 15
3, 653, 7
3, 658, 12
3, 661, 6
3, 661, 19
3, 663, 25
3, 668, 58
3, 669, 54
3, 680, 49
3, 682, 5
3, 683, 23
3, 688, 27
3, 690, 1
3, 694, 18
3, 701, 51
3, 702, 40
3, 709, 7
3, 710, 3
3, 713, 22
3, 714, 77
3, 723, 34
3, 748, 26
3, 755, 44
3, 757, 40
3, 758, 51
3, 759, 47
3, 759, 56
3, 764, 38
3, 764, 53
3, 767, 27
3, 770, 19
3, 774, 46
3, 775, 59
3, 788, 25
3, 794, 16
4, 3, 29
4, 8, 30
4, 18, 59
4, 22, 54
4, 24, 4
4, 24, 6
4, 31, 9
4, 43, 1
4, 43, 18
4, 43, 40
4, 56, 53
4, 66, 28
4, 83, 55
4, 87, 39
4, 100, 12
4, 103, 22
4, 103, 44
4, 107, 42
4, 108, 46
4, 121, 8
4, 123, 27
4, 123, 35
4, 136, 30
4, 143, 32
4, 148, 7
4, 151, 6
4, 156, 54
4, 158, 57
4, 165, 18
4, 175, 18
4, 175, 44
4, 179, 53
4, 181, 22
4, 183, 39
4, 194, 3
4, 195, 24
4, 196, 29
4, 199, 17
4, 202, 20
4, 204, 1
4, 206, 30
4, 208, 4
4, 213, 8
4, 215, 46
4, 219, 59
4, 226, 5
4, 234, 19
4, 235, 31
4, 236, 12
4, 238, 16
4, 240, 9
4, 242, 55
4, 252, 23
4, 268, 9
4, 273, 28
4, 279, 40
4, 280, 7
4, 323, 50
4, 330, 24
4, 334, 35
4, 339, 38
4, 343, 41
4, 350, 21
4, 370, 46
4, 374, 44
4, 378, 29
4, 388, 28
4, 390, 57
4, 392, 24
4, 392, 42
4, 392, 59
4, 403, 54
4, 405, 18
4, 405, 55
4, 406, 32
4, 406, 59
4, 419, 27
4, 426, 39
4, 461, 47
4, 465, 22
4, 480, 20
4, 485, 57
4, 490, 50
4, 492, 40
4, 502, 23
4, 510, 53
4, 520, 54
4, 528, 30
4, 535, 30
4, 536, 35
4, 538, 31
4, 539, 10
4, 539, 59
4, 542, 50
4, 548, 5
4, 554, 17
4, 554, 41
4, 559, 27
4, 567, 9
4, 567, 24
4, 570, 1
4, 573, 56
4, 576, 57
4, 585, 16
4, 595, 44
4, 609, 21
4, 615, 7
4, 618, 50
4, 620, 7
4, 624, 27
4, 632, 57
4, 633, 38
4, 635, 6
4, 639, 19
4, 640, 12
4, 642, 40
4, 643, 32
4, 647, 10
4, 652, 39
4, 654, 18
4, 662, 6
4, 667, 23
4, 670, 46
4, 672, 8
4, 678, 1
4, 678, 30
4, 679, 4
4, 690, 20
4, 693, 56
4, 705, 42
4, 715, 28
4, 723, 9
4, 730, 17
4, 736, 55
4, 741, 31
4, 745, 5
4, 746, 54
4, 753, 18
4, 756, 4
4, 763, 44
4, 766, 18
4, 774, 22
4, 788, 20
4, 796, 27
5, 6, 3
5, 13, 14
5, 16, 18
5, 19, 16
5, 21, 47
5, 23, 5
5, 23, 51
5, 25, 43
5, 31, 5
5, 34, 35
5, 40, 30
5, 43, 4
5, 44, 48
5, 47, 58
5, 52, 4
5, 55, 49
5, 60, 24
5, 60, 34
5, 65, 46
5, 67, 36
5, 68, 20
5, 74, 23
5, 76, 54
5, 77, 18
5, 82, 39
5, 83, 45
5, 88, 37
5, 94, 56
5, 101, 16
5, 121, 48
5, 121, 53
5, 123, 31
5, 133, 16
5, 133, 25
5, 133, 47
5, 137, 17
5, 137, 22
5, 139, 11
5, 140, 16
5, 140, 26
5, 157, 30
5, 172, 58
5, 179, 15
5, 180, 6
5, 182, 41
5, 183, 53
5, 186, 4
5, 188, 49
5, 197, 55
5, 200, 10
5, 204, 2
5, 204, 41
5, 205, 24
5, 208, 13
5, 218, 42
5, 241, 24
5, 241, 26
5, 242, 25
5, 243, 13
5, 247, 52
5, 249, 35
5, 252, 36
5, 255, 16
5, 257, 48
5, 258, 26
5, 258, 39
5, 264, 10
5, 271, 47
5, 274, 13
5, 280, 43
5, 282, 42
5, 288, 32
5, 290, 31
5, 290, 37
5, 293, 56
5, 300, 45
5, 311, 30
5, 314, 24
5, 315, 33
5, 320, 18
5, 320, 41
5, 324, 30
5, 331, 20
5, 338, 54
5, 344, 43
5, 361, 49
5, 369, 56
5, 374, 27
5, 374, 47
5, 377, 35
5, 380, 34
5, 380, 44
5, 389, 36
5, 393, 43
5, 393, 53
5, 402, 51
5, 403, 18
5, 407, 55
5, 413, 15
5, 414, 39
5, 416, 23
5, 417, 35
5, 417, 46
5, 427, 51
5, 442, 42
5, 451, 58
5, 452, 22
5, 459, 48
5, 474, 23
5, 478, 56
5, 479, 46
5, 487, 45
5, 493, 21
5, 505, 14
5, 524, 27
5, 527, 11
5, 533, 10
5, 536, 5
5, 539, 48
5, 542, 54
5, 554, 47
5, 555, 36
5, 559, 14
5, 560, 33
5, 562, 39
5, 563, 34
5, 569, 52
5, 573, 22
5, 575, 26
5, 575, 32
5, 575, 44
5, 577, 4
5, 578, 4
5, 582, 20
5, 598, 16
5, 599, 49
5, 601, 17
5, 601, 31
5, 602, 55
5, 604, 58
5, 610, 17
5, 620, 25
5, 622, 20
5, 627, 13
5, 627, 18
5, 630, 53
5, 641, 20
5, 643, 43
5, 655, 35
5, 657, 15
5, 659, 30
5, 659, 55
5, 669, 37
5, 671, 21
5, 675, 56
5, 681, 36
5, 684, 46
5, 686, 15
5, 695, 5
5, 699, 24
5, 702, 48
5, 704, 51
5, 713, 13
5, 717, 42
5, 726, 48
5, 727, 3
5, 731, 21
5, 734, 36
5, 737, 47
5, 742, 4
5, 748, 4
5, 748, 58
5, 752, 22
5, 753, 45
5, 761, 52
5, 763, 10
5, 764, 49
5, 768, 22
5, 770, 34
5, 772, 17
5, 777, 43
5, 789, 47
5, 791, 39
5, 792, 14
6, 3, 20
6, 4, 49
6, 11, 28
6, 16, 41
6, 19, 21
6, 22, 19
6, 35, 12
6, 52, 2
6, 55, 17
6, 55, 57
6, 64, 33
6, 74, 4
6, 110, 39
6, 111, 46
6, 119, 39
6, 123, 59
6, 129, 49
6, 131, 25
6, 136, 12
6, 150, 53
6, 151, 51
6, 155, 19
6, 157, 17
6, 158, 37
6, 161, 9
6, 164, 48
6, 171, 2
6, 190, 18
6, 199, 28
6, 204, 20
6, 207, 43
6, 211, 19
6, 213, 4
6, 214, 25
6, 218, 60
6, 220, 21
6, 224, 5
6, 234, 35
6, 239, 13
6, 242, 35
6, 256, 34
6, 259, 37
6, 259, 49
6, 260, 21
6, 260, 41
6, 261, 17
6, 269, 8
6, 284, 41
6, 287, 13
6, 289, 35
6, 299, 4
6, 301, 26
6, 304, 33
6, 319, 31
6, 319, 48
6, 332, 44
6, 340, 46
6, 345, 53
6, 358, 57
6, 363, 40
6, 373, 25
6, 412, 39
6, 425, 28
6, 441, 59
6, 459, 37
6, 461, 22
6, 470, 20
6, 470, 28
6, 476, 31
6, 479, 49
6, 480, 38
6, 482, 44
6, 484, 51
6, 492, 41
6, 509, 60
6, 511, 48
6, 512, 12
6, 513, 6
6, 515, 9
6, 523, 34
6, 534, 33
6, 539, 34
6, 540, 18
6, 543, 57
6, 546, 35
6, 567, 26
6, 574, 5
6, 579, 46
6, 591, 18
6, 602, 19
6, 607, 17
6, 607, 20
6, 607, 26
6, 608, 41
6, 611, 4
6, 612, 48
6, 626, 13
6, 630, 21
6, 642, 17
6, 646, 8
6, 654, 51
6, 656, 49
6, 663, 39
6, 674, 40
6, 680, 2
6, 687, 28
6, 695, 46
6, 738, 22
6, 738, 41
6, 738, 43
6, 747, 21
6, 752, 35
6, 769, 40
6, 772, 19
6, 781, 59
6, 782, 13
6, 787, 46
6, 788, 34
6, 797, 57
6, 799, 25
7, 7, 18
7, 8, 17
7, 11, 38
7, 11, 45
7, 12, 33
7, 14, 48
7, 15, 49
7, 16, 3
7, 19, 1
7, 26, 6
7, 39, 46
7, 47, 33
7, 56, 13
7, 63, 40
7, 64, 19
7, 72, 11
7, 73, 12
7, 80, 42
7, 82, 26
7, 82, 42
7, 83, 15
7, 87, 56
7, 88, 3
7, 94, 6
7, 94, 59
7, 111, 35
7, 113, 9
7, 120, 44
7, 126, 6
7, 127, 19
7, 127, 32
7, 128, 29
7, 128, 57
7, 135, 22
7, 137, 41
7, 139, 55
7, 141, 16
7, 141, 37
7, 145, 33
7, 148, 34
7, 151, 2
7, 154, 28
7, 161, 58
7, 166, 36
7, 167, 30
7, 168, 18
7, 191, 33
7, 197, 9
7, 202, 61
7, 209, 10
7, 209, 52
7, 211, 40
7, 215, 53
7, 216, 15
7, 216, 27
7, 220, 1
7, 220, 59
7, 224, 51
7, 230, 1
7, 232, 3
7, 232, 50
7, 233, 17
7, 238, 40
7, 239, 49
7, 246, 21
7, 246, 45
7, 252, 19
7, 262, 46
7, 265, 56
7, 266, 53
7, 269, 9
7, 277, 48
7, 279, 35
7, 279, 38
7, 281, 42
7, 282, 28
7, 286, 15
7, 293, 16
7, 298, 54
7, 303, 41
7, 308, 30
7, 310, 41
7, 325, 22
7, 325, 46
7, 327, 44
7, 329, 32
7, 333, 26
7, 345, 57
7, 347, 32
7, 362, 30
7, 368, 56
7, 370, 44
7, 376, 52
7, 385, 34
7, 389, 37
7, 393, 36
7, 399, 25
7, 407, 33
7, 413, 49
7, 414, 40
7, 420, 35
7, 427, 38
7, 430, 26
7, 431, 38
7, 436, 42
7, 442, 30
7, 466, 45
7, 474, 48
7, 480, 58
7, 488, 41
7, 491, 26
7, 498, 17
7, 500, 13
7, 508, 35
7, 510, 22
7, 512, 12
7, 513, 32
7, 514, 28
7, 518, 18
7, 518, 38
7, 520, 46
7, 529, 18
7, 530, 44
7, 533, 2
7, 536, 42
7, 540, 3
7, 540, 45
7, 544, 30
7, 547, 41
7, 548, 40
7, 550, 2
7, 554, 23
7, 554, 54
7, 556, 8
7, 558, 51
7, 575, 1
7, 575, 59
7, 576, 11
7, 590, 35
7, 591, 19
7, 591, 37
7, 591, 55
7, 593, 3
7, 594, 6
7, 604, 5
7, 604, 46
7, 605, 15
7, 607, 57
7, 611, 34
7, 613, 9
7, 617, 36
7, 621, 27
7, 623, 21
7, 631, 49
7, 639, 8
7, 639, 38
7, 643, 8
7, 644, 53
7, 644, 58
7, 647, 10
7, 647, 61
7, 652, 12
7, 663, 8
7, 664, 3
7, 672, 33
7, 672, 56
7, 675, 25
7, 675, 41
7, 677, 17
7, 678, 8
7, 682, 13
7, 683, 28
7, 684, 50
7, 686, 40
7, 688, 25
7, 693, 32
7, 699, 16
7, 705, 27
7, 710, 42
7, 711, 51
7, 719, 44
7, 720, 57
7, 722, 36
7, 735, 32
7, 736, 11
7, 751, 23
7, 766, 3
7, 778, 26
7, 781, 46
7, 787, 18
7, 787, 57
7, 788, 22
7, 792, 1
7, 798, 52
8, 1, 19
8, 2, 42
8, 5, 56
8, 6, 25
8, 8, 31
8, 12, 34
8, 13, 7
8, 14, 45
8, 17, 4
8, 18, 17
8, 18, 57
8, 27, 23
8, 31, 47
8, 39, 29
8, 42, 18
8, 45, 4
8, 57, 56
8, 63, 49
8, 69, 29
8, 70, 20
8, 71, 13
8, 84, 5
8, 84, 53
8, 89, 17
8, 90, 16
8, 99, 38
8, 99, 61
8, 100, 16
8, 108, 34
8, 114, 4
8, 114, 23
8, 118, 6
8, 119, 21
8, 128, 10
8, 137, 2
8, 137, 19
8, 138, 8
8, 148, 43
8, 149, 25
8, 150, 35
8, 152, 6
8, 157, 21
8, 163, 4
8, 166, 7
8, 166, 23
8, 169, 50
8, 171, 59
8, 180, 36
8, 181, 42
8, 184, 52
8, 200, 33
8, 219, 55
8, 223, 32
8, 224, 5
8, 226, 17
8, 227, 18
8, 231, 48
8, 235, 2
8, 237, 53
8, 241, 31
8, 249, 56
8, 251, 57
8, 252, 41
8, 270, 20
8, 276, 56
8, 282, 50
8, 291, 29
8, 292, 43
8, 295, 20
8, 299, 43
8, 300, 46
8, 301, 34
8, 305, 19
8, 317, 38
8, 318, 49
8, 324, 15
8, 324, 43
8, 329, 47
8, 334, 45
8, 353, 13
8, 354, 46
8, 355, 36
8, 360, 37
8, 373, 30
8, 373, 57
8, 381, 40
8, 382, 45
8, 386, 48
8, 393, 55
8, 395, 20
8, 396, 31
8, 406, 50
8, 408, 23
8, 413, 42
8, 414, 49
8, 419, 21
8, 423, 35
8, 423, 59
8, 427, 36
8, 444, 16
8, 448, 50
8, 460, 29
8, 460, 36
8, 467, 17
8, 468, 25
8, 473, 47
8, 476, 30
8, 478, 4
8, 478, 41
8, 482, 53
8, 491, 33
8, 496, 55
8, 506, 21
8, 509, 43
8, 522, 6
8, 526, 23
8, 526, 53
8, 528, 33
8, 532, 40
8, 532, 48
8, 540, 18
8, 541, 38
8, 543, 35
8, 545, 56
8, 549, 37
8, 554, 46
8, 558, 20
8, 570, 7
8, 571, 45
8, 572, 57
8, 575, 17
8, 577, 10
8, 578, 41
8, 579, 59
8, 580, 19
8, 581, 31
8, 592, 29
8, 592, 42
8, 596, 8
8, 597, 23
8, 598, 2
8, 600, 17
8, 607, 30
8, 611, 36
8, 612, 49
8, 624, 50
8, 625, 34
8, 625, 56
8, 642, 30
8, 647, 34
8, 662, 36
8, 667, 61
8, 670, 49
8, 672, 32
8, 679, 47
8, 681, 43
8, 686, 5
8, 694, 19
8, 696, 52
8, 701, 10
8, 701, 37
8, 709, 18
8, 710, 8
8, 714, 55
8, 716, 7
8, 716, 10
8, 729, 48
8, 732, 34
8, 733, 38
8, 736, 41
8, 737, 43
8, 739, 16
8, 739, 33
8, 741, 17
8, 741, 37
8, 743, 2
8, 754, 4
8, 754, 59
8, 764, 21
8, 769, 29
8, 769, 43
8, 779, 57
9, 4, 10
9, 19, 52
9, 32, 44
9, 36, 33
9, 38, 38
9, 49, 27
9, 54, 17
9, 55, 19
9, 57, 15
9, 58, 12
9, 62, 60
9, 81, 5
9, 81, 42
9, 92, 2
9, 92, 40
9, 96, 39
9, 97, 41
9, 100, 51
9, 102, 21
9, 117, 37
9, 135, 32
9, 138, 45
9, 140, 9
9, 140, 12
9, 144, 25
9, 151, 28
9, 154, 56
9, 154, 58
9, 158, 27
9, 165, 32
9, 166, 26
9, 184, 2
9, 184, 27
9, 186, 10
9, 205, 43
9, 225, 53
9, 229, 35
9, 237, 38
9, 243, 53
9, 244, 44
9, 248, 17
9, 268, 40
9, 282, 9
9, 282, 19
9, 284, 12
9, 288, 52
9, 289, 20
9, 298, 32
9, 299, 21
9, 306, 63
9, 333, 56
9, 343, 60
9, 351, 39
9, 354, 33
9, 373, 58
9, 399, 51
9, 401, 28
9, 428, 19
9, 428, 45
9, 430, 25
9, 432, 26
9, 435, 32
9, 437, 45
9, 440, 27
9, 442, 37
9, 444, 60
9, 449, 41
9, 455, 43
9, 467, 30
9, 470, 52
9, 473, 63
9, 474, 26
9, 476, 54
9, 477, 43
9, 480, 31
9, 489, 52
9, 500, 2
9, 505, 10
9, 506, 37
9, 506, 40
9, 517, 44
9, 524, 51
9, 526, 20
9, 526, 53
9, 529, 28
9, 531, 15
9, 541, 15
9, 541, 39
9, 568, 35
9, 577, 49
9, 582, 19
9, 595, 14
9, 607, 12
9, 615, 25
9, 629, 17
9, 633, 5
9, 633, 32
9, 634, 15
9, 638, 33
9, 642, 35
9, 643, 60
9, 645, 38
9, 658, 31
9, 663, 52
9, 667, 43
9, 675, 58
9, 678, 32
9, 680, 12
9, 681, 40
9, 683, 21
9, 683, 37
9, 688, 20
9, 690, 10
9, 700, 63
9, 708, 26
9, 714, 39
9, 717, 41
9, 718, 5
9, 723, 49
9, 726, 2
9, 727, 58
9, 759, 30
9, 764, 25
9, 775, 14
9, 779, 21
9, 785, 40
9, 795, 35
9, 796, 9
10, 3, 10
10, 18, 62
10, 20, 56
10, 22, 25
10, 25, 11
10, 25, 49
10, 28, 10
10, 28, 24
10, 28, 37
10, 30, 42
10, 34, 18
10, 40, 39
10, 45, 26
10, 47, 4
10, 48, 59
10, 53, 18
10, 55, 18
10, 61, 2
10, 63, 35
10, 64, 27
10, 65, 30
10, 70, 19
10, 83, 10
10, 93, 35
10, 94, 4
10, 94, 48
10, 103, 13
10, 108, 29
10, 110, 44
10, 110, 61
10, 120, 7
10, 120, 8
10, 122, 9
10, 123, 3
10, 128, 49
10, 130, 4
10, 147, 47
10, 157, 54
10, 158, 16
10, 158, 34
10, 178, 51
10, 181, 31
10, 184, 19
10, 189, 18
10, 189, 37
10, 192, 41
10, 202, 19
10, 203, 3
10, 208, 56
10, 211, 31
10, 215, 54
10, 215, 59
10, 219, 46
10, 221, 3
10, 227, 4
10, 229, 62
10, 231, 13
10, 240, 42
10, 241, 50
10, 248, 36
10, 259, 16
10, 265, 7
10, 265, 26
10, 269, 33
10, 277, 51
10, 279, 11
10, 289, 2
10, 290, 37
10, 294, 24
10, 294, 30
10, 297, 46
10, 322, 61
10, 326, 24
10, 328, 34
10, 330, 39
10, 352, 27
10, 365, 23
10, 366, 51
10, 367, 25
10, 370, 18
10, 373, 27
10, 376, 19
10, 415, 47
10, 423, 31
10, 423, 49
10, 426, 42
10, 440, 46
10, 463, 59
10, 464, 48
10, 477, 16
10, 488, 33
10, 494, 44
10, 502, 54
10, 503, 23
10, 508, 50
10, 509, 9
10, 511, 26
10, 515, 62
10, 521, 4
10, 523, 49
10, 531, 41
10, 537, 19
10, 542, 13
10, 543, 24
10, 545, 2
10, 550, 61
10, 556, 9
10, 557, 33
10, 559, 47
10, 578, 62
10, 586, 49
10, 590, 16
10, 597, 27
10, 598, 24
10, 598, 46
10, 600, 42
10, 602, 49
10, 607, 10
10, 612, 11
10, 613, 31
10, 620, 50
10, 621, 56
10, 622, 8
10, 626, 44
10, 641, 1
10, 643, 1
10, 643, 46
10, 648, 42
10, 648, 61
10, 665, 23
10, 666, 29
10, 686, 30
10, 686, 36
10, 691, 51
10, 701, 50
10, 701, 56
10, 702, 54
10, 710, 34
10, 713, 26
10, 716, 25
10, 717, 37
10, 722, 3
10, 725, 10
10, 732, 14
10, 732, 34
10, 740, 33
10, 746, 31
10, 748, 27
10, 750, 35
10, 753, 39
10, 756, 24
10, 762, 2
10, 769, 49
10, 770, 23
10, 775, 13
10, 776, 2
10, 777, 9
10, 777, 47
10, 780, 3
10, 785, 16
10, 796, 29
11, 11, 50
11, 13, 40
11, 16, 49
11, 17, 58
11, 18, 39
11, 21, 31
11, 26, 43
11, 28, 21
11, 28, 32
11, 31, 52
11, 32, 15
11, 36, 61
11, 37, 55
11, 42, 22
11, 49, 5
11, 53, 38
11, 56, 49
11, 57, 23
11, 62, 10
11, 66, 4
11, 66, 8
11, 67, 2
11, 68, 40
11, 71, 29
11, 73, 18
11, 89, 59
11, 93, 23
11, 94, 25
11, 106, 11
11, 107, 6
11, 115, 53
11, 133, 7
11, 133, 29
11, 144, 50
11, 148, 41
11, 150, 48
11, 154, 44
11, 160, 4
11, 160, 20
11, 163, 50
11, 167, 17
11, 175, 41
11, 197, 33
11, 197, 52
11, 205, 25
11, 208, 12
11, 215, 3
11, 218, 14
11, 220, 8
11, 233, 18
11, 241, 64
11, 249, 7
11, 252, 58
11, 254, 1
11, 258, 22
11, 264, 43
11, 265, 21
11, 267, 4
11, 268, 32
11, 269, 39
11, 272, 58
11, 273, 18
11, 274, 14
11, 277, 55
11, 282, 10
11, 288, 39
11, 290, 53
11, 293, 17
11, 296, 22
11, 298, 27
11, 299, 11
11, 301, 2
11, 301, 34
11, 309, 61
11, 312, 53
11, 315, 5
11, 319, 47
11, 323, 44
11, 330, 31
11, 344, 58
11, 357, 15
11, 359, 33
11, 370, 40
11, 382, 38
11, 384, 28
11, 395, 54
11, 396, 59
11, 407, 49
11, 411, 29
11, 414, 21
11, 418, 41
11, 419, 48
11, 435, 38
11, 436, 55
11, 443, 52
11, 458, 43
11, 463, 41
11, 465, 56
11, 470, 23
11, 478, 32
11, 490, 50
11, 491, 39
11, 492, 53
11, 506, 10
11, 506, 20
11, 506, 22
11, 509, 21
11, 510, 47
11, 515, 14
11, 516, 38
11, 516, 44
11, 523, 3
11, 526, 34
11, 527, 12
11, 533, 44
11, 536, 52
11, 547, 15
11, 555, 27
11, 555, 48
11, 558, 47
11, 560, 17
11, 567, 22
11, 575, 17
11, 585, 10
11, 589, 49
11, 596, 25
11, 596, 54
11, 600, 5
11, 600, 58
11, 604, 2
11, 604, 3
11, 606, 41
11, 615, 6
11, 616, 37
11, 618, 55
11, 620, 40
11, 621, 28
11, 621, 61
11, 633, 29
11, 634, 33
11, 636, 7
11, 640, 12
11, 642, 23
11, 643, 53
11, 645, 54
11, 649, 25
11, 656, 4
11, 663, 1
11, 669, 23
11, 675, 13
11, 678, 2
11, 683, 2
11, 684, 41
11, 686, 56
11, 700, 14
11, 702, 40
11, 711, 44
11, 718, 11
11, 720, 50
11, 726, 17
11, 729, 6
11, 730, 38
11, 735, 12
11, 744, 25
11, 744, 32
11, 753, 22
11, 756, 34
11, 766, 48
11, 767, 23
11, 769, 55
11, 775, 37
11, 775, 38
11, 777, 54
11, 779, 39
11, 790, 47
11, 790, 58
11, 795, 3
11, 796, 5
11, 797, 59
12, 3, 40
12, 10, 28
12, 18, 6
12, 21, 6
12, 33, 5
12, 34, 29
12, 42, 3
12, 42, 25
12, 49, 26
12, 49, 52
12, 59, 48
12, 63, 27
12, 65, 20
12, 67, 23
12, 68, 47
12, 74, 14
12, 80, 39
12, 83, 60
12, 87, 44
12, 101, 55
12, 108, 13
12, 114, 30
12, 115, 40
12, 116, 15
12, 118, 2
12, 122, 34
12, 129, 16
12, 138, 42
12, 145, 1
12, 145, 54
12, 157, 31
12, 160, 10
12, 161, 8
12, 161, 50
12, 169, 12
12, 171, 26
12, 176, 5
12, 177, 54
12, 177, 59
12, 179, 17
12, 189, 47
12, 191, 21
12, 192, 56
12, 195, 49
12, 203, 36
12, 206, 14
12, 208, 42
12, 210, 2
12, 215, 35
12, 217, 32
12, 238, 34
12, 240, 8
12, 241, 20
12, 241, 27
12, 246, 6
12, 248, 25
12, 251, 62
12, 258, 4
12, 258, 44
12, 258, 46
12, 260, 10
12, 261, 51
12, 262, 29
12, 262, 32
12, 265, 3
12, 268, 28
12, 276, 39
12, 277, 32
12, 288, 38
12, 297, 26
12, 303, 41
12, 309, 39
12, 313, 36
12, 328, 62
12, 330, 49
12, 332, 48
12, 341, 34
12, 345, 15
12, 352, 35
12, 355, 23
12, 363, 55
12, 364, 34
12, 365, 30
12, 380, 31
12, 382, 59
12, 388, 52
12, 394, 40
12, 408, 48
12, 409, 42
12, 413, 54
12, 421, 21
12, 425, 56
12, 428, 44
12, 444, 31
12, 447, 47
12, 449, 46
12, 451, 60
12, 453, 54
12, 461, 25
12, 468, 29
12, 472, 39
12, 473, 51
12, 475, 25
12, 475, 41
12, 483, 16
12, 483, 28
12, 489, 20
12, 491, 59
12, 493, 46
12, 500, 28
12, 501, 50
12, 504, 49
12, 515, 12
12, 517, 40
12, 519, 48
12, 520, 46
12, 521, 5
12, 522, 54
12, 525, 17
12, 526, 27
12, 527, 49
12, 532, 13
12, 535, 21
12, 540, 20
12, 545, 32
12, 549, 50
12, 550, 38
12, 551, 23
12, 559, 27
12, 560, 39
12, 564, 62
12, 565, 6
12, 566, 31
12, 570, 52
12, 575, 8
12, 580, 29
12, 582, 36
12, 584, 1
12, 585, 2
12, 587, 47
12, 591, 17
12, 603, 4
12, 610, 14
12, 612, 26
12, 615, 55
12, 629, 13
12, 630, 47
12, 632, 44
12, 638, 13
12, 639, 56
12, 646, 35
12, 649, 12
12, 654, 49
12, 658, 15
12, 660, 3
12, 660, 54
12, 681, 46
12, 685, 13
12, 686, 49
12, 689, 8
12, 689, 31
12, 690, 5
12, 695, 36
12, 704, 23
12, 707, 34
12, 709, 41
12, 716, 50
12, 725, 6
12, 730, 51
12, 734, 21
12, 735, 4
12, 740, 6
12, 746, 40
12, 752, 59
12, 761, 20
12, 764, 44
12, 768, 27
12, 770, 6
12, 771, 3
12, 772, 13
12, 787, 17
12, 788, 23
12, 789, 42
12, 791, 5
12, 792, 32
12, 797, 29
12, 797, 36
12, 799, 16
13, 1, 16
13, 1, 52
13, 3, 33
13, 11, 9
13, 15, 36
13, 25, 28
13, 26, 15
13, 32, 37
13, 34, 30
13, 37, 16
13, 38, 42
13, 50, 31
13, 51, 48
13, 55, 38
13, 64, 25
13, 73, 14
13, 80, 57
13, 85, 33
13, 85, 43
13, 89, 1
13, 89, 55
13, 92, 50
13, 97, 59
13, 98, 17
13, 103, 11
13, 103, 25
13, 121, 57
13, 130, 45
13, 132, 17
13, 134, 57
13, 135, 26
13, 137, 47
13, 139, 30
13, 144, 14
13, 152, 14
13, 161, 7
13, 164, 15
13, 164, 47
13, 168, 52
13, 177, 48
13, 183, 28
13, 190, 59
13, 198, 3
13, 206, 12
13, 210, 31
13, 211, 10
13, 211, 38
13, 213, 49
13, 215, 7
13, 216, 61
13, 227, 22
13, 229, 38
13, 232, 37
13, 234, 11
13, 236, 9
13, 249, 12
13, 254, 35
13, 266, 33
13, 267, 7
13, 277, 30
13, 279, 16
13, 279, 22
13, 282, 49
13, 289, 17
13, 295, 10
13, 295, 38
13, 300, 15
13, 301, 28
13, 312, 35
13, 315, 27
13, 323, 45
13, 335, 42
13, 335, 48
13, 357, 24
13, 360, 50
13, 366, 30
13, 375, 42
13, 378, 55
13, 380, 17
13, 391, 45
13, 404, 25
13, 405, 61
13, 407, 37
13, 419, 49
13, 426, 28
13, 428, 43
13, 432, 33
13, 438, 59
13, 445, 36
13, 447, 14
13, 453, 26
13, 454, 49
13, 456, 52
13, 460, 22
13, 463, 57
13, 497, 35
13, 503, 28
13, 509, 47
13, 510, 1
13, 513, 30
13, 516, 24
13, 530, 37
13, 532, 12
13, 533, 3
13, 538, 15
13, 548, 7
13, 551, 48
13, 555, 56
13, 556, 11
13, 561, 27
13, 568, 26
13, 571, 38
13, 572, 22
13, 577, 42
13, 581, 17
13, 582, 17
13, 592, 50
13, 596, 45
13, 601, 37
13, 608, 9
13, 620, 33
13, 622, 2
13, 622, 24
13, 623, 7
13, 635, 49
13, 636, 31
13, 640, 50
13, 643, 61
13, 644, 52
13, 649, 10
13, 659, 25
13, 659, 38
13, 660, 9
13, 660, 43
13, 666, 42
13, 668, 15
13, 670, 27
13, 686, 16
13, 687, 11
13, 697, 17
13, 697, 30
13, 725, 30
13, 727, 56
13, 732, 22
13, 732, 52
13, 734, 10
13, 738, 52
13, 740, 14
13, 742, 3
13, 744, 27
13, 745, 50
13, 747, 1
13, 748, 43
13, 754, 12
13, 754, 59
13, 769, 26
13, 772, 15
13, 774, 11
13, 786, 45
13, 789, 3
13, 792, 36
14, 2, 47
14, 9, 21
14, 17, 54
14, 33, 5
14, 37, 39
14, 64, 1
14, 66, 44
14, 70, 48
14, 75, 14
14, 77, 6
14, 88, 16
14, 92, 52
14, 102, 37
14, 107, 41
14, 117, 18
14, 117, 46
14, 135, 30
14, 142, 29
14, 142, 58
14, 149, 59
14, 163, 14
14, 163, 32
14, 170, 32
14, 174, 46
14, 184, 39
14, 185, 22
14, 191, 42
14, 191, 49
14, 202, 1
14, 202, 46
14, 205, 6
14, 209, 31
14, 209, 54
14, 215, 16
14, 217, 25
14, 219, 10
14, 222, 31
14, 224, 35
14, 229, 8
14, 243, 30
14, 249, 5
14, 250, 22
14, 254, 48
14, 255, 9
14, 264, 41
14, 266, 21
14, 270, 46
14, 280, 58
14, 298, 56
14, 299, 52
14, 309, 52
14, 310, 47
14, 319, 24
14, 323, 18
14, 324, 39
14, 347, 44
14, 348, 37
14, 352, 57
14, 382, 52
14, 383, 26
14, 386, 46
14, 392, 58
14, 399, 24
14, 404, 49
14, 406, 37
14, 407, 31
14, 411, 33
14, 414, 29
14, 419, 41
14, 422, 32
14, 430, 52
14, 433, 44
14, 436, 54
14, 441, 35
14, 442, 39
14, 443, 59
14, 454, 30
14, 479, 13
14, 489, 23
14, 489, 56
14, 501, 10
14, 501, 22
14, 502, 43
14, 507, 22
14, 509, 42
14, 509, 48
14, 520, 16
14, 529, 54
14, 532, 14
14, 535, 16
14, 539, 20
14, 541, 41
14, 550, 26
14, 557, 5
14, 567, 33
14, 570, 57
14, 578, 49
14, 581, 5
14, 594, 1
14, 595, 18
14, 600, 32
14, 609, 9
14, 612, 24
14, 616, 49
14, 619, 31
14, 634, 46
14, 636, 23
14, 637, 58
14, 640, 21
14, 643, 37
14, 645, 25
14, 652, 23
14, 668, 47
14, 681, 10
14, 687, 39
14, 695, 54
14, 697, 6
14, 707, 13
14, 708, 9
14, 711, 52
14, 717, 44
14, 719, 29
14, 721, 32
14, 726, 30
14, 742, 37
14, 746, 20
14, 748, 31
14, 750, 49
14, 751, 22
14, 757, 5
14, 762, 16
14, 769, 56
14, 772, 25
14, 776, 8
14, 776, 43
14, 786, 46
14, 791, 31
14, 793, 14
14, 793, 59
14, 797, 49
15, 2, 10
15, 17, 44
15, 18, 14
15, 19, 15
15, 29, 29
15, 31, 55
15, 43, 19
15, 55, 56
15, 63, 47
15, 64, 28
15, 66, 2
15, 66, 3
15, 67, 58
15, 74, 14
15, 78, 32
15, 84, 12
15, 85, 22
15, 86, 26
15, 100, 15
15, 101, 7
15, 107, 10
15, 112, 8
15, 112, 10
15, 114, 11
15, 120, 5
15, 120, 27
15, 120, 39
15, 122, 54
15, 124, 3
15, 137, 4
15, 141, 17
15, 142, 9
15, 147, 18
15, 148, 49
15, 157, 53
15, 160, 30
15, 166, 43
15, 167, 38
15, 172, 31
15, 174, 55
15, 176, 33
15, 178, 40
15, 179, 2
15, 185, 45
15, 187, 34
15, 191, 26
15, 198, 16
15, 199, 26
15, 206, 21
15, 206, 50
15, 208, 36
15, 219, 7
15, 220, 44
15, 225, 25
15, 231, 15
15, 237, 28
15, 238, 5
15, 238, 23
15, 242, 22
15, 243, 29
15, 245, 58
15, 246, 3
15, 248, 38
15, 254, 40
15, 256, 17
15, 257, 21
15, 262, 14
15, 264, 46
15, 271, 12
15, 275, 4
15, 278, 56
15, 288, 25
15, 292, 24
15, 293, 52
15, 297, 18
15, 303, 7
15, 304, 19
15, 312, 15
15, 316, 54
15, 319, 47
15, 325, 54
15, 326, 49
15, 339, 53
15, 354, 27
15, 366, 57
15, 377, 30
15, 380, 55
15, 384, 32
15, 386, 33
15, 386, 35
15, 388, 58
15, 391, 40
15, 400, 50
15, 401, 39
15, 409, 20
15, 409, 46
15, 413, 34
15, 414, 39
15, 416, 25
15, 431, 39
15, 432, 21
15, 432, 56
15, 442, 23
15, 449, 52
15, 451, 47
15, 468, 18
15, 473, 33
15, 475, 28
15, 479, 29
15, 489, 46
15, 493, 9
15, 496, 11
15, 505, 5
15, 505, 29
15, 507, 47
15, 524, 17
15, 525, 26
15, 526, 36
15, 531, 14
15, 546, 8
15, 548, 57
15, 556, 3
15, 559, 44
15, 560, 45
15, 560, 54
15, 563, 40
15, 565, 3
15, 567, 43
15, 570, 24
15, 571, 36
15, 577, 7
15, 578, 16
15, 579, 33
15, 587, 30
15, 588, 31
15, 588, 49
15, 589, 23
15, 592, 58
15, 593, 15
15, 598, 56
15, 600, 21
15, 614, 27
15, 618, 17
15, 625, 12
15, 629, 19
15, 630, 49
15, 633, 36
15, 645, 19
15, 649, 39
15, 651, 14
15, 657, 25
15, 662, 58
15, 666, 21
15, 667, 50
15, 672, 40
15, 672, 53
15, 686, 53
15, 690, 30
15, 694, 12
15, 695, 43
15, 699, 2
15, 702, 29
15, 702, 39
15, 721, 18
15, 723, 46
15, 729, 19
15, 733, 15
15, 740, 9
15, 750, 29
15, 759, 5
15, 760, 35
15, 761, 31
15, 766, 33
15, 768, 4
15, 771, 36
15, 782, 4
15, 787, 17
15, 790, 4
15, 796, 47
15, 798, 14
16, 2, 53
16, 8, 5
16, 9, 54
16, 13, 16
16, 20, 28
16, 22, 29
16, 22, 40
16, 25, 22
16, 28, 59
16, 30, 44
16, 32, 12
16, 33, 34
16, 40, 18
16, 51, 37
16, 62, 23
16, 65, 32
16, 78, 57
16, 94, 6
16, 94, 22
16, 95, 27
16, 99, 36
16, 115, 27
16, 117, 48
16, 118, 28
16, 122, 39
16, 123, 7
16, 125, 55
16, 133, 46
16, 140, 29
16, 141, 32
16, 154, 26
16, 154, 60
16, 156, 50
16, 160, 15
16, 164, 36
16, 169, 54
16, 172, 8
16, 175, 34
16, 176, 6
16, 181, 11
16, 183, 48
16, 188, 51
16, 193, 26
16, 194, 16
16, 194, 42
16, 199, 28
16, 204, 44
16, 208, 25
16, 211, 53
16, 213, 13
16, 215, 4
16, 218, 8
16, 241, 12
16, 242, 57
16, 242, 60
16, 251, 19
16, 253, 38
16, 257, 7
16, 261, 27
16, 264, 56
16, 266, 5
16, 268, 16
16, 274, 31
16, 277, 14
16, 282, 57
16, 287, 43
16, 288, 40
16, 290, 35
16, 294, 11
16, 300, 46
16, 307, 38
16, 315, 29
16, 328, 30
16, 334, 23
16, 337, 37
16, 338, 15
16, 340, 27
16, 359, 32
16, 361, 50
16, 364, 45
16, 364, 54
16, 367, 25
16, 375, 38
16, 381, 59
16, 408, 18
16, 409, 48
16, 412, 38
16, 425, 22
16, 428, 28
16, 436, 48
16, 441, 34
16, 441, 39
16, 463, 36
16, 463, 44
16, 465, 42
16, 478, 28
16, 479, 26
16, 482, 35
16, 483, 55
16, 491, 57
16, 501, 12
16, 507, 21
16, 509, 56
16, 510, 50
16, 514, 34
16, 518, 55
16, 528, 40
16, 529, 53
16, 543, 4
16, 545, 11
16, 545, 59
16, 546, 31
16, 546, 43
16, 555, 19
16, 556, 39
16, 559, 16
16, 561, 29
16, 565, 54
16, 566, 32
16, 574, 13
16, 575, 11
16, 575, 25
16, 576, 23
16, 582, 37
16, 596, 36
16, 596, 37
16, 599, 34
16, 603, 38
16, 607, 15
16, 611, 48
16, 618, 13
16, 624, 45
16, 636, 46
16, 638, 27
16, 641, 30
16, 648, 56
16, 655, 50
16, 656, 32
16, 656, 42
16, 659, 31
16, 661, 35
16, 662, 39
16, 667, 40
16, 668, 5
16, 668, 35
16, 669, 8
16, 679, 12
16, 683, 25
16, 683, 45
16, 693, 7
16, 699, 26
16, 714, 7
16, 716, 43
16, 718, 6
16, 722, 55
16, 729, 53
16, 731, 42
16, 738, 57
16, 740, 23
16, 741, 19
16, 744, 4
16, 744, 11
16, 748, 45
16, 749, 16
16, 750, 22
16, 752, 50
16, 752, 60
16, 757, 21
16, 759, 12
16, 759, 25
16, 759, 48
16, 761, 55
16, 767, 34
16, 772, 56
16, 780, 23
16, 782, 36
16, 787, 36
16, 788, 13
16, 797, 5
17, 1, 46
17, 5, 1
17, 7, 29
17, 8, 36
17, 27, 10
17, 39, 12
17, 40, 3
17, 45, 56
17, 48, 34
17, 51, 15
17, 52, 18
17, 62, 26
17, 80, 19
17, 82, 39
17, 84, 44
17, 88, 40
17, 89, 6
17, 89, 56
17, 92, 8
17, 92, 11
17, 100, 61
17, 103, 43
17, 122, 53
17, 124, 27
17, 130, 11
17, 131, 47
17, 134, 10
17, 144, 50
17, 149, 55
17, 158, 13
17, 168, 18
17, 168, 29
17, 172, 15
17, 179, 22
17, 179, 59
17, 182, 34
17, 183, 54
17, 192, 3
17, 194, 10
17, 211, 12
17, 224, 29
17, 225, 41
17, 234, 56
17, 236, 57
17, 240, 26
17, 244, 9
17, 246, 39
17, 254, 15
17, 261, 6
17, 262, 40
17, 262, 46
17, 263, 34
17, 266, 43
17, 267, 19
17, 274, 45
17, 280, 40
17, 293, 1
17, 300, 18
17, 306, 11
17, 314, 36
17, 314, 45
17, 326, 44
17, 332, 27
17, 333, 37
17, 335, 55
17, 345, 56
17, 346, 53
17, 354, 40
17, 358, 61
17, 359, 13
17, 367, 36
17, 367, 47
17, 372, 34
17, 373, 57
17, 394, 56
17, 401, 17
17, 403, 42
17, 415, 43
17, 415, 50
17, 427, 54
17, 428, 39
17, 452, 61
17, 453, 39
17, 471, 22
17, 477, 36
17, 478, 29
17, 493, 29
17, 501, 44
17, 504, 27
17, 523, 40
17, 527, 41
17, 530, 3
17, 530, 10
17, 533, 10
17, 533, 37
17, 534, 12
17, 547, 15
17, 548, 57
17, 549, 50
17, 553, 53
17, 554, 55
17, 555, 8
17, 559, 45
17, 561, 37
17, 566, 19
17, 575, 12
17, 586, 6
17, 603, 56
17, 620, 42
17, 621, 11
17, 624, 61
17, 626, 57
17, 630, 9
17, 639, 34
17, 642, 39
17, 645, 47
17, 645, 54
17, 655, 3
17, 657, 29
17, 660, 18
17, 661, 10
17, 664, 1
17, 672, 17
17, 682, 43
17, 695, 26
17, 698, 59
17, 702, 37
17, 711, 19
17, 718, 36
17, 723, 13
17, 734, 17
17, 736, 53
17, 747, 8
17, 748, 46
17, 755, 12
17, 757, 43
17, 764, 15
17, 765, 59
17, 768, 11
17, 769, 50
17, 771, 45
17, 782, 29
17, 783, 27
17, 788, 41
18, 1, 58
18, 13, 16
18, 16, 42
18, 23, 4
18, 27, 33
18, 34, 39
18, 36, 47
18, 44, 44
18, 45, 10
18, 47, 9
18, 48, 20
18, 48, 32
18, 49, 26
18, 53, 8
18, 62, 1
18, 65, 13
18, 70, 43
18, 87, 29
18, 93, 10
18, 99, 27
18, 114, 50
18, 122, 3
18, 126, 14
18, 128, 24
18, 129, 35
18, 131, 16
18, 131, 40
18, 140, 53
18, 146, 30
18, 167, 21
18, 167, 42
18, 168, 4
18, 169, 9
18, 182, 19
18, 183, 34
18, 190, 9
18, 190, 13
18, 202, 4
18, 203, 11
18, 203, 22
18, 203, 47
18, 204, 58
18, 207, 28
18, 211, 29
18, 218, 41
18, 224, 56
18, 225, 4
18, 225, 41
18, 225, 49
18, 227, 18
18, 229, 23
18, 230, 4
18, 239, 5
18, 244, 48
18, 247, 59
18, 249, 3
18, 251, 26
18, 252, 25
18, 259, 44
18, 271, 18
18, 274, 6
18, 284, 16
18, 295, 54
18, 302, 20
18, 305, 8
18, 307, 40
18, 308, 30
18, 312, 40
18, 313, 24
18, 320, 43
18, 324, 15
18, 324, 46
18, 332, 50
18, 334, 27
18, 336, 32
18, 337, 43
18, 339, 39
18, 343, 22
18, 345, 35
18, 375, 33
18, 376, 42
18, 376, 45
18, 388, 19
18, 389, 49
18, 393, 20
18, 395, 14
18, 408, 30
18, 411, 28
18, 415, 34
18, 441, 30
18, 449, 21
18, 449, 44
18, 450, 24
18, 451, 21
18, 460, 56
18, 461, 42
18, 466, 53
18, 467, 47
18, 476, 32
18, 482, 40
18, 486, 38
18, 487, 26
18, 489, 20
18, 500, 41
18, 507, 58
18, 515, 34
18, 520, 10
18, 525, 4
18, 526, 11
18, 529, 33
18, 540, 48
18, 541, 8
18, 542, 5
18, 544, 25
18, 545, 46
18, 546, 48
18, 549, 39
18, 553, 28
18, 553, 50
18, 554, 18
18, 556, 13
18, 566, 23
18, 570, 29
18, 575, 54
18, 580, 1
18, 580, 11
18, 580, 38
18, 583, 50
18, 589, 43
18, 596, 16
18, 602, 6
18, 605, 53
18, 610, 41
18, 615, 33
18, 624, 6
18, 626, 30
18, 631, 42
18, 635, 9
18, 638, 8
18, 643, 35
18, 647, 46
18, 650, 14
18, 653, 3
18, 660, 56
18, 661, 45
18, 666, 22
18, 669, 6
18, 673, 23
18, 681, 59
18, 684, 49
18, 685, 27
18, 687, 53
18, 688, 18
18, 690, 34
18, 692, 42
18, 692, 54
18, 693, 1
18, 699, 39
18, 702, 4
18, 702, 33
18, 703, 19
18, 708, 15
18, 715, 24
18, 719, 21
18, 729, 31
18, 755, 10
18, 756, 25
18, 757, 48
18, 759, 18
18, 764, 5
18, 770, 20
18, 774, 30
18, 781, 53
18, 783, 47
18, 792, 9
18, 792, 48
18, 794, 22
18, 794, 45
18, 799, 58
19, 6, 4
19, 10, 36
19, 13, 5
19, 16, 28
19, 23, 8
19, 28, 20
19, 46, 4
19, 49, 38
19, 53, 14
19, 54, 17
19, 61, 25
19, 61, 49
19, 67, 12
19, 71, 35
19, 73, 51
19, 74, 59
19, 98, 50
19, 101, 39
19, 103, 57
19, 106, 37
19, 107, 45
19, 112, 9
19, 113, 26
19, 116, 52
19, 119, 17
19, 127, 7
19, 127, 41
19, 162, 36
19, 162, 47
19, 167, 17
19, 168, 35
19, 172, 14
19, 174, 33
19, 179, 25
19, 191, 10
19, 193, 13
19, 194, 59
19, 205, 27
19, 206, 30
19, 222, 20
19, 225, 44
19, 230, 59
19, 238, 28
19, 239, 23
19, 239, 48
19, 245, 52
19, 252, 31
19, 255, 52
19, 270, 17
19, 274, 8
19, 274, 38
19, 277, 4
19, 280, 12
19, 283, 5
19, 284, 49
19, 289, 35
19, 306, 33
19, 308, 26
19, 321, 36
19, 325, 37
19, 337, 47
19, 346, 41
19, 349, 57
19, 353, 63
19, 357, 25
19, 361, 57
19, 367, 30
19, 370, 45
19, 378, 27
19, 383, 51
19, 402, 50
19, 438, 28
19, 444, 33
19, 449, 52
19, 453, 36
19, 454, 44
19, 455, 36
19, 464, 50
19, 484, 34
19, 489, 23
19, 491, 26
19, 494, 35
19, 496, 37
19, 501, 48
19, 502, 14
19, 504, 30
19, 510, 13
19, 517, 10
19, 533, 38
19, 557, 34
19, 557, 49
19, 565, 39
19, 582, 13
19, 585, 25
19, 585, 59
19, 590, 8
19, 591, 5
19, 591, 47
19, 591, 51
19, 593, 17
19, 594, 12
19, 600, 6
19, 604, 41
19, 618, 33
19, 627, 7
19, 630, 50
19, 637, 8
19, 646, 27
19, 649, 27
19, 657, 12
19, 665, 57
19, 670, 20
19, 670, 52
19, 673, 4
19, 674, 28
19, 692, 45
19, 697, 1
19, 697, 10
19, 697, 25
19, 701, 23
19, 709, 10
19, 709, 27
19, 715, 36
19, 734, 59
19, 736, 51
19, 741, 34
19, 752, 8
19, 755, 37
19, 756, 35
19, 766, 63
19, 770, 48
19, 778, 57
19, 779, 9
19, 783, 36
19, 784, 47
19, 787, 26
19, 789, 25
