1, 4, 5
1, 10, 17
1, 15, 11
1, 21, 1
1, 38, 48
1, 44, 4
1, 47, 2
1, 47, 39
1, 51, 18
1, 65, 40
1, 76, 18
1, 84, 50
1, 85, 29
1, 88, 33
1, 89, 14
1, 90, 17
1, 91, 25
1, 98, 36
1, 99, 49
1, 105, 6
1, 111, 2
1, 112, 22
1, 121, 54
1, 126, 43
1, 132, 11
1, 137, 5
1, 142, 27
1, 147, 35
1, 148, 9
1, 152, 29
1, 156, 10
1, 164, 45
1, 167, 3
1, 176, 21
1, 182, 2
1, 184, 55
1, 186, 7
1, 186, 46
1, 202, 14
1, 211, 11
1, 213, 5
1, 221, 57
1, 226, 22
1, 230, 49
1, 231, 1
1, 244, 17
1, 249, 19
1, 250, 2
1, 250, 43
1, 251, 36
1, 253, 9
1, 261, 57
1, 267, 25
1, 267, 33
1, 279, 47
1, 287, 5
1, 293, 40
1, 296, 39
1, 298, 3
1, 300, 54
1, 307, 37
1, 313, 31
1, 324, 22
1, 353, 50
1, 356, 37
1, 358, 55
1, 363, 46
1, 366, 29
1, 370, 18
1, 373, 29
1, 373, 44
1, 375, 21
1, 378, 13
1, 395, 33
1, 402, 35
1, 402, 50
1, 424, 39
1, 458, 54
1, 462, 40
1, 469, 49
1, 470, 25
1, 478, 27
1, 483, 35
1, 490, 39
1, 500, 27
1, 505, 31
1, 508, 7
1, 511, 48
1, 527, 10
1, 529, 18
1, 529, 55
1, 534, 14
1, 544, 57
1, 547, 36
1, 547, 43
1, 552, 33
1, 572, 9
1, 573, 22
1, 574, 55
1, 579, 44
1, 581, 39
1, 591, 46
1, 592, 31
1, 595, 25
1, 608, 2
1, 612, 48
1, 618, 1
1, 618, 50
1, 623, 17
1, 630, 10
1, 633, 21
1, 637, 19
1, 641, 54
1, 656, 9
1, 663, 18
1, 664, 43
1, 665, 5
1, 699, 3
1, 708, 37
1, 717, 44
1, 720, 35
1, 720, 40
1, 737, 13
1, 739, 55
1, 745, 22
1, 746, 29
1, 756, 45
1, 758, 48
1, 765, 50
1, 766, 2
1, 768, 27
1, 769, 39
1, 769, 40
1, 773, 21
1, 777, 43
1, 787, 11
1, 788, 20
1, 791, 33
1, 798, 31
2, 1, 2
2, 6, 33
2, 7, 39
2, 12, 55
2, 13, 22
2, 15, 27
2, 15, 58
2, 23, 48
2, 30, 3
2, 32, 48
2, 38, 10
2, 40, 6
2, 41, 52
2, 53, 53
2, 56, 2
2, 58, 57
2, 59, 7
2, 62, 40
2, 64, 46
2, 67, 29
2, 68, 56
2, 69, 29
2, 69, 31
2, 71, 50
2, 81, 21
2, 81, 38
2, 89, 59
2, 90, 24
2, 91, 35
2, 100, 44
2, 106, 5
2, 108, 47
2, 110, 18
2, 112, 9
2, 114, 59
2, 119, 12
2, 119, 33
2, 125, 6
2, 127, 29
2, 131, 27
2, 134, 1
2, 134, 50
2, 136, 16
2, 140, 28
2, 142, 9
2, 144, 42
2, 145, 3
2, 146, 52
2, 159, 58
2, 166, 32
2, 169, 55
2, 171, 22
2, 173, 30
2, 178, 2
2, 182, 8
2, 184, 40
2, 186, 19
2, 187, 25
2, 202, 20
2, 202, 51
2, 203, 5
2, 203, 40
2, 204, 10
2, 207, 43
2, 212, 53
2, 221, 39
2, 237, 33
2, 241, 16
2, 242, 49
2, 257, 38
2, 270, 12
2, 270, 31
2, 273, 46
2, 276, 56
2, 277, 21
2, 279, 33
2, 284, 33
2, 288, 49
2, 295, 20
2, 302, 34
2, 313, 37
2, 314, 27
2, 318, 53
2, 324, 48
2, 331, 30
2, 333, 59
2, 343, 35
2, 354, 53
2, 357, 57
2, 359, 18
2, 361, 50
2, 362, 31
2, 368, 55
2, 374, 51
2, 378, 55
2, 385, 58
2, 390, 52
2, 391, 42
2, 393, 40
2, 396, 44
2, 412, 47
2, 414, 22
2, 418, 34
2, 421, 25
2, 429, 32
2, 436, 24
2, 440, 44
2, 444, 22
2, 447, 33
2, 463, 39
2, 475, 48
2, 477, 50
2, 481, 33
2, 490, 43
2, 509, 21
2, 514, 3
2, 514, 56
2, 517, 30
2, 517, 56
2, 520, 12
2, 522, 42
2, 527, 8
2, 528, 46
2, 531, 53
2, 534, 6
2, 537, 32
2, 538, 9
2, 539, 30
2, 541, 3
2, 545, 49
2, 547, 5
2, 548, 35
2, 552, 28
2, 554, 38
2, 556, 10
2, 558, 27
2, 559, 25
2, 561, 7
2, 565, 52
2, 566, 34
2, 566, 37
2, 574, 19
2, 586, 5
2, 587, 16
2, 587, 55
2, 591, 37
2, 596, 51
2, 598, 7
2, 600, 58
2, 604, 52
2, 611, 34
2, 627, 8
2, 630, 43
2, 632, 57
2, 645, 31
2, 647, 46
2, 652, 9
2, 652, 40
2, 662, 39
2, 664, 59
2, 665, 22
2, 669, 6
2, 670, 56
2, 682, 50
2, 690, 21
2, 692, 1
2, 701, 33
2, 704, 51
2, 705, 10
2, 705, 47
2, 706, 16
2, 714, 2
2, 714, 55
2, 715, 21
2, 715, 27
2, 715, 30
2, 721, 33
2, 726, 5
2, 727, 35
2, 732, 46
2, 736, 49
2, 743, 3
2, 744, 32
2, 750, 12
2, 750, 31
2, 752, 42
2, 762, 24
2, 765, 44
2, 767, 37
2, 775, 27
2, 776, 3
2, 789, 22
2, 790, 9
2, 791, 39
2, 797, 59
2, 798, 21
3, 9, 45
3, 12, 15
3, 16, 49
3, 16, 51
3, 19, 40
3, 21, 34
3, 22, 32
3, 31, 8
3, 31, 35
3, 60, 9
3, 63, 3
3, 64, 16
3, 64, 22
3, 65, 2
3, 65, 52
3, 76, 28
3, 85, 43
3, 88, 10
3, 100, 56
3, 101, 15
3, 102, 7
3, 106, 25
3, 108, 50
3, 119, 8
3, 120, 47
3, 124, 26
3, 125, 37
3, 128, 46
3, 132, 48
3, 140, 31
3, 142, 35
3, 157, 33
3, 163, 8
3, 169, 36
3, 171, 36
3, 175, 45
3, 179, 41
3, 191, 30
3, 191, 40
3, 199, 2
3, 201, 18
3, 203, 4
3, 205, 34
3, 209, 12
3, 210, 27
3, 210, 51
3, 216, 6
3, 216, 54
3, 218, 22
3, 219, 17
3, 221, 47
3, 228, 43
3, 229, 52
3, 234, 15
3, 236, 34
3, 238, 11
3, 238, 50
3, 239, 22
3, 239, 56
3, 241, 3
3, 252, 21
3, 254, 18
3, 257, 16
3, 261, 49
3, 265, 9
3, 269, 2
3, 269, 7
3, 274, 48
3, 274, 59
3, 279, 7
3, 282, 37
3, 283, 38
3, 289, 37
3, 291, 20
3, 292, 34
3, 293, 43
3, 301, 56
3, 315, 32
3, 317, 30
3, 326, 33
3, 331, 22
3, 359, 34
3, 372, 26
3, 373, 28
3, 380, 28
3, 384, 35
3, 386, 51
3, 392, 25
3, 399, 36
3, 399, 56
3, 402, 43
3, 408, 34
3, 410, 40
3, 417, 45
3, 433, 27
3, 436, 52
3, 444, 37
3, 455, 15
3, 461, 33
3, 474, 47
3, 476, 21
3, 484, 30
3, 491, 50
3, 499, 59
3, 501, 41
3, 510, 17
3, 516, 20
3, 518, 54
3, 533, 3
3, 534, 48
3, 539, 6
3, 539, 25
3, 540, 20
3, 555, 18
3, 556, 31
3, 556, 43
3, 560, 21
3, 561, 49
3, 563, 48
3, 572, 26
3, 575, 4
3, 576, 56
3, 582, 10
3, 587, 11
3, 597, 18
3, 605, 16
3, 607, 12
3, 616, 7
3, 618, 51
3, 619, 4
3, 626, 15
3, 630, 22
3, 646, 8
3, 650, 12
3, 651, 22
3, 652, 51
3, 659, 36
3, 665, 16
3, 667, 28
3, 670, 37
3, 671, 46
3, 674, 9
3, 691, 25
3, 693, 30
3, 696, 56
3, 697, 16
3, 701, 3
3, 701, 50
3, 704, 17
3, 708, 2
3, 708, 47
3, 722, 50
3, 728, 27
3, 735, 28
3, 753, 2
3, 771, 41
3, 772, 59
3, 775, 32
3, 776, 21
3, 777, 22
3, 786, 17
3, 786, 33
3, 787, 31
3, 791, 45
4, 1, 51
4, 12, 4
4, 14, 26
4, 16, 12
4, 18, 43
4, 20, 36
4, 21, 47
4, 23, 54
4, 25, 53
4, 25, 58
4, 32, 1
4, 32, 8
4, 35, 22
4, 38, 32
4, 40, 19
4, 48, 8
4, 49, 46
4, 64, 35
4, 79, 27
4, 85, 43
4, 93, 19
4, 95, 45
4, 100, 40
4, 100, 47
4, 111, 8
4, 122, 38
4, 123, 29
4, 133, 61
4, 139, 14
4, 142, 22
4, 145, 18
4, 151, 2
4, 155, 36
4, 161, 1
4, 166, 40
4, 167, 25
4, 175, 59
4, 177, 4
4, 178, 24
4, 185, 6
4, 190, 49
4, 193, 13
4, 195, 19
4, 198, 53
4, 200, 9
4, 203, 46
4, 215, 16
4, 219, 35
4, 223, 60
4, 227, 3
4, 227, 13
4, 227, 18
4, 228, 54
4, 236, 10
4, 242, 48
4, 243, 26
4, 244, 54
4, 256, 27
4, 257, 39
4, 261, 8
4, 262, 45
4, 272, 8
4, 272, 51
4, 273, 36
4, 276, 12
4, 276, 49
4, 284, 4
4, 285, 47
4, 294, 32
4, 297, 26
4, 301, 23
4, 313, 24
4, 323, 22
4, 325, 41
4, 326, 31
4, 326, 43
4, 329, 35
4, 340, 53
4, 344, 38
4, 347, 42
4, 353, 19
4, 354, 40
4, 370, 54
4, 390, 58
4, 399, 18
4, 402, 59
4, 404, 22
4, 414, 14
4, 415, 29
4, 455, 60
4, 459, 46
4, 460, 54
4, 466, 25
4, 469, 53
4, 473, 48
4, 479, 46
4, 485, 51
4, 499, 32
4, 501, 6
4, 503, 48
4, 504, 19
4, 522, 14
4, 523, 54
4, 536, 18
4, 537, 36
4, 545, 31
4, 550, 11
4, 552, 39
4, 553, 2
4, 553, 40
4, 553, 45
4, 555, 47
4, 557, 26
4, 558, 49
4, 562, 23
4, 565, 41
4, 567, 16
4, 569, 1
4, 575, 1
4, 578, 25
4, 588, 27
4, 595, 35
4, 599, 58
4, 607, 25
4, 610, 9
4, 610, 38
4, 614, 17
4, 624, 22
4, 629, 17
4, 634, 8
4, 634, 18
4, 639, 19
4, 641, 16
4, 643, 29
4, 649, 51
4, 654, 12
4, 655, 18
4, 657, 8
4, 661, 14
4, 665, 54
4, 669, 39
4, 672, 43
4, 676, 18
4, 681, 31
4, 683, 1
4, 683, 10
4, 684, 9
4, 688, 49
4, 689, 38
4, 691, 36
4, 696, 6
4, 696, 46
4, 711, 42
4, 717, 75
4, 720, 17
4, 722, 25
4, 734, 8
4, 742, 1
4, 744, 3
4, 744, 8
4, 752, 27
4, 761, 51
4, 769, 11
4, 779, 59
4, 780, 4
4, 783, 2
4, 783, 31
4, 783, 41
4, 785, 48
4, 792, 17
4, 799, 18
4, 799, 36
5, 9, 19
5, 16, 3
5, 18, 21
5, 20, 9
5, 24, 50
5, 25, 38
5, 43, 33
5, 44, 47
5, 47, 58
5, 48, 40
5, 51, 18
5, 56, 56
5, 64, 30
5, 66, 42
5, 71, 16
5, 71, 53
5, 77, 9
5, 77, 16
5, 80, 29
5, 83, 15
5, 83, 35
5, 91, 55
5, 102, 40
5, 105, 22
5, 112, 54
5, 116, 20
5, 117, 11
5, 132, 29
5, 136, 21
5, 138, 8
5, 138, 53
5, 142, 24
5, 149, 23
5, 150, 9
5, 154, 41
5, 161, 59
5, 162, 40
5, 175, 13
5, 175, 37
5, 176, 31
5, 182, 43
5, 187, 4
5, 200, 25
5, 204, 38
5, 206, 23
5, 206, 33
5, 211, 17
5, 213, 27
5, 214, 7
5, 215, 35
5, 216, 19
5, 218, 58
5, 221, 50
5, 222, 36
5, 222, 39
5, 225, 47
5, 234, 24
5, 240, 34
5, 251, 49
5, 256, 33
5, 263, 2
5, 263, 45
5, 265, 30
5, 269, 8
5, 276, 36
5, 277, 4
5, 285, 7
5, 297, 11
5, 298, 46
5, 300, 55
5, 303, 41
5, 309, 29
5, 317, 16
5, 337, 35
5, 345, 56
5, 371, 28
5, 380, 20
5, 395, 24
5, 404, 29
5, 406, 31
5, 407, 33
5, 407, 41
5, 409, 54
5, 413, 40
5, 423, 50
5, 432, 38
5, 433, 17
5, 438, 53
5, 439, 39
5, 442, 42
5, 447, 58
5, 448, 39
5, 458, 50
5, 462, 27
5, 465, 47
5, 471, 19
5, 472, 29
5, 475, 17
5, 475, 33
5, 478, 24
5, 484, 45
5, 486, 58
5, 494, 37
5, 496, 55
5, 498, 22
5, 498, 49
5, 508, 15
5, 511, 13
5, 512, 17
5, 512, 59
5, 513, 22
5, 513, 33
5, 515, 9
5, 521, 3
5, 523, 18
5, 523, 36
5, 528, 36
5, 529, 25
5, 530, 28
5, 538, 37
5, 539, 3
5, 543, 54
5, 549, 53
5, 561, 53
5, 562, 13
5, 568, 9
5, 569, 4
5, 572, 23
5, 572, 58
5, 575, 35
5, 586, 21
5, 588, 40
5, 595, 16
5, 596, 46
5, 602, 56
5, 606, 19
5, 609, 35
5, 613, 30
5, 613, 35
5, 621, 21
5, 623, 29
5, 625, 27
5, 636, 22
5, 638, 43
5, 639, 16
5, 639, 55
5, 640, 2
5, 643, 38
5, 643, 42
5, 650, 43
5, 658, 15
5, 667, 45
5, 668, 19
5, 670, 36
5, 674, 11
5, 675, 20
5, 678, 31
5, 679, 8
5, 679, 39
5, 685, 24
5, 686, 18
5, 687, 17
5, 693, 55
5, 699, 30
5, 715, 3
5, 717, 41
5, 731, 37
5, 738, 8
5, 738, 31
5, 744, 58
5, 748, 54
5, 750, 22
5, 756, 2
5, 761, 47
5, 765, 46
5, 766, 19
5, 772, 21
5, 786, 16
5, 789, 40
5, 792, 3
5, 792, 23
6, 7, 14
6, 7, 31
6, 7, 56
6, 11, 46
6, 18, 17
6, 25, 13
6, 29, 44
6, 32, 34
6, 33, 21
6, 36, 36
6, 50, 11
6, 55, 5
6, 56, 22
6, 56, 49
6, 58, 56
6, 61, 23
6, 69, 13
6, 75, 8
6, 78, 3
6, 82, 47
6, 82, 54
6, 85, 6
6, 97, 51
6, 119, 11
6, 120, 23
6, 123, 4
6, 123, 32
6, 134, 19
6, 134, 24
6, 134, 48
6, 149, 51
6, 151, 33
6, 158, 26
6, 159, 17
6, 160, 20
6, 164, 27
6, 164, 33
6, 166, 31
6, 169, 5
6, 171, 17
6, 178, 55
6, 188, 19
6, 188, 41
6, 191, 10
6, 200, 29
6, 206, 26
6, 228, 18
6, 231, 8
6, 231, 20
6, 234, 41
6, 237, 15
6, 243, 36
6, 247, 17
6, 252, 22
6, 261, 49
6, 263, 21
6, 265, 43
6, 269, 5
6, 271, 11
6, 279, 30
6, 284, 43
6, 286, 14
6, 286, 57
6, 287, 56
6, 293, 21
6, 296, 47
6, 297, 3
6, 304, 34
6, 308, 33
6, 309, 14
6, 309, 55
6, 326, 23
6, 337, 25
6, 339, 48
6, 367, 44
6, 375, 57
6, 376, 34
6, 378, 31
6, 385, 60
6, 387, 54
6, 392, 25
6, 395, 56
6, 397, 29
6, 405, 32
6, 410, 18
6, 414, 24
6, 427, 36
6, 430, 20
6, 432, 57
6, 438, 39
6, 438, 41
6, 441, 27
6, 445, 51
6, 455, 33
6, 465, 19
6, 470, 48
6, 481, 55
6, 485, 47
6, 493, 54
6, 495, 56
6, 505, 22
6, 509, 44
6, 512, 49
6, 517, 47
6, 526, 17
6, 526, 56
6, 529, 4
6, 532, 27
6, 535, 30
6, 541, 10
6, 553, 1
6, 556, 46
6, 565, 32
6, 565, 51
6, 566, 31
6, 568, 47
6, 586, 15
6, 589, 20
6, 589, 26
6, 590, 3
6, 592, 11
6, 598, 8
6, 599, 3
6, 609, 24
6, 611, 6
6, 611, 56
6, 613, 43
6, 615, 57
6, 616, 5
6, 616, 49
6, 618, 2
6, 618, 23
6, 624, 15
6, 634, 39
6, 636, 6
6, 646, 8
6, 646, 29
6, 649, 34
6, 657, 30
6, 661, 10
6, 673, 1
6, 674, 19
6, 675, 54
6, 683, 32
6, 684, 11
6, 687, 27
6, 688, 20
6, 689, 30
6, 690, 25
6, 691, 33
6, 696, 22
6, 699, 13
6, 719, 47
6, 720, 33
6, 727, 36
6, 732, 21
6, 733, 43
6, 753, 14
6, 755, 31
6, 760, 56
6, 761, 55
6, 778, 3
6, 785, 20
6, 789, 55
6, 792, 26
7, 4, 30
7, 5, 18
7, 9, 17
7, 16, 50
7, 22, 51
7, 23, 2
7, 24, 1
7, 26, 52
7, 40, 22
7, 46, 32
7, 55, 56
7, 56, 6
7, 59, 13
7, 62, 27
7, 65, 1
7, 66, 22
7, 66, 40
7, 67, 12
7, 71, 45
7, 73, 21
7, 87, 20
7, 90, 15
7, 91, 42
7, 92, 15
7, 95, 2
7, 99, 17
7, 100, 5
7, 103, 35
7, 110, 49
7, 112, 9
7, 112, 27
7, 117, 37
7, 119, 25
7, 120, 44
7, 125, 58
7, 135, 7
7, 141, 14
7, 142, 27
7, 148, 59
7, 149, 31
7, 165, 50
7, 167, 6
7, 167, 36
7, 168, 57
7, 181, 27
7, 187, 26
7, 190, 32
7, 193, 51
7, 200, 1
7, 200, 30
7, 202, 18
7, 205, 41
7, 206, 13
7, 210, 15
7, 211, 43
7, 214, 51
7, 225, 19
7, 229, 49
7, 233, 32
7, 234, 35
7, 237, 49
7, 238, 47
7, 246, 44
7, 250, 40
7, 253, 45
7, 260, 17
7, 262, 34
7, 264, 5
7, 264, 8
7, 281, 52
7, 282, 42
7, 297, 22
7, 302, 30
7, 302, 52
7, 307, 42
7, 314, 48
7, 314, 50
7, 316, 16
7, 329, 58
7, 331, 35
7, 334, 20
7, 339, 54
7, 358, 27
7, 360, 57
7, 376, 37
7, 377, 45
7, 377, 54
7, 392, 24
7, 394, 41
7, 404, 53
7, 407, 49
7, 418, 47
7, 425, 44
7, 427, 27
7, 429, 31
7, 432, 51
7, 438, 59
7, 441, 15
7, 451, 47
7, 452, 57
7, 458, 26
7, 466, 25
7, 471, 25
7, 471, 45
7, 472, 50
7, 476, 38
7, 478, 56
7, 486, 36
7, 489, 27
7, 490, 40
7, 495, 52
7, 496, 21
7, 498, 1
7, 499, 2
7, 500, 40
7, 500, 43
7, 503, 58
7, 507, 32
7, 513, 14
7, 513, 30
7, 516, 9
7, 525, 22
7, 530, 30
7, 531, 12
7, 534, 21
7, 536, 48
7, 539, 37
7, 539, 41
7, 545, 54
7, 547, 34
7, 548, 42
7, 557, 34
7, 560, 19
7, 561, 7
7, 565, 37
7, 572, 13
7, 574, 6
7, 575, 58
7, 576, 49
7, 579, 51
7, 582, 59
7, 586, 12
7, 589, 45
7, 592, 2
7, 594, 47
7, 596, 19
7, 596, 46
7, 600, 43
7, 602, 9
7, 603, 17
7, 608, 42
7, 611, 26
7, 616, 16
7, 622, 53
7, 628, 56
7, 636, 57
7, 649, 8
7, 655, 2
7, 664, 40
7, 670, 35
7, 677, 1
7, 679, 31
7, 679, 56
7, 684, 43
7, 686, 36
7, 687, 9
7, 705, 20
7, 707, 30
7, 707, 50
7, 710, 7
7, 714, 12
7, 718, 9
7, 725, 32
7, 733, 47
7, 739, 37
7, 739, 54
7, 745, 14
7, 747, 21
7, 748, 27
7, 751, 5
7, 751, 59
7, 752, 26
7, 754, 38
7, 755, 48
7, 760, 42
7, 760, 49
7, 772, 15
7, 781, 59
7, 785, 25
7, 787, 58
8, 1, 41
8, 2, 21
8, 6, 56
8, 7, 45
8, 18, 35
8, 25, 3
8, 25, 22
8, 28, 47
8, 29, 39
8, 32, 37
8, 33, 9
8, 35, 13
8, 48, 45
8, 54, 10
8, 54, 25
8, 56, 49
8, 57, 34
8, 59, 21
8, 69, 20
8, 80, 57
8, 88, 60
8, 95, 40
8, 95, 54
8, 98, 15
8, 104, 18
8, 112, 4
8, 113, 31
8, 116, 9
8, 116, 10
8, 128, 44
8, 138, 16
8, 140, 35
8, 141, 42
8, 142, 34
8, 144, 48
8, 148, 26
8, 149, 8
8, 149, 41
8, 150, 37
8, 156, 39
8, 158, 51
8, 164, 23
8, 167, 53
8, 172, 17
8, 176, 45
8, 177, 2
8, 182, 35
8, 185, 33
8, 191, 38
8, 199, 61
8, 201, 28
8, 213, 55
8, 217, 29
8, 217, 36
8, 224, 57
8, 226, 4
8, 230, 3
8, 230, 12
8, 231, 37
8, 246, 32
8, 246, 40
8, 251, 8
8, 253, 21
8, 253, 22
8, 262, 54
8, 265, 21
8, 267, 57
8, 268, 46
8, 276, 18
8, 276, 22
8, 284, 15
8, 289, 28
8, 295, 25
8, 296, 16
8, 296, 20
8, 302, 44
8, 305, 44
8, 306, 32
8, 318, 39
8, 326, 50
8, 328, 44
8, 336, 56
8, 337, 49
8, 340, 47
8, 341, 31
8, 347, 37
8, 351, 13
8, 353, 54
8, 360, 34
8, 361, 40
8, 362, 41
8, 369, 53
8, 386, 49
8, 387, 26
8, 395, 38
8, 396, 20
8, 404, 18
8, 408, 51
8, 413, 39
8, 415, 23
8, 421, 40
8, 424, 17
8, 428, 36
8, 428, 48
8, 429, 42
8, 437, 28
8, 439, 45
8, 442, 55
8, 444, 57
8, 462, 49
8, 472, 26
8, 477, 29
8, 481, 54
8, 494, 33
8, 503, 12
8, 503, 37
8, 510, 25
8, 513, 60
8, 515, 49
8, 521, 35
8, 523, 40
8, 525, 17
8, 529, 50
8, 530, 47
8, 534, 8
8, 535, 44
8, 544, 44
8, 546, 32
8, 546, 57
8, 550, 15
8, 551, 21
8, 561, 15
8, 562, 53
8, 565, 22
8, 574, 12
8, 576, 2
8, 576, 20
8, 583, 41
8, 589, 56
8, 591, 12
8, 592, 3
8, 597, 16
8, 597, 33
8, 612, 25
8, 612, 46
8, 613, 38
8, 616, 47
8, 618, 10
8, 618, 51
8, 621, 22
8, 625, 18
8, 626, 36
8, 629, 13
8, 632, 48
8, 634, 48
8, 637, 31
8, 644, 17
8, 644, 61
8, 645, 21
8, 646, 6
8, 646, 37
8, 669, 33
8, 678, 3
8, 680, 12
8, 680, 34
8, 683, 49
8, 688, 8
8, 692, 4
8, 699, 34
8, 702, 42
8, 703, 28
8, 703, 50
8, 717, 54
8, 721, 55
8, 723, 41
8, 731, 32
8, 731, 42
8, 732, 16
8, 732, 51
8, 734, 44
8, 737, 13
8, 752, 6
8, 765, 21
8, 772, 26
8, 775, 29
8, 778, 51
8, 780, 22
8, 782, 44
8, 784, 12
8, 787, 47
8, 796, 2
9, 8, 33
9, 9, 37
9, 11, 25
9, 11, 34
9, 13, 6
9, 27, 26
9, 29, 46
9, 43, 45
9, 47, 18
9, 52, 15
9, 60, 35
9, 66, 60
9, 68, 1
9, 68, 24
9, 76, 9
9, 77, 18
9, 82, 42
9, 86, 6
9, 95, 11
9, 97, 9
9, 101, 32
9, 114, 7
9, 117, 14
9, 123, 34
9, 127, 27
9, 130, 25
9, 130, 49
9, 132, 56
9, 134, 4
9, 135, 10
9, 135, 41
9, 137, 18
9, 142, 21
9, 142, 53
9, 149, 23
9, 149, 37
9, 159, 53
9, 175, 33
9, 176, 42
9, 178, 54
9, 207, 43
9, 207, 48
9, 208, 30
9, 209, 9
9, 218, 7
9, 221, 55
9, 234, 15
9, 246, 56
9, 253, 55
9, 259, 18
9, 262, 14
9, 262, 26
9, 264, 34
9, 265, 24
9, 265, 28
9, 279, 11
9, 281, 46
9, 282, 12
9, 282, 44
9, 283, 10
9, 285, 37
9, 286, 2
9, 295, 10
9, 303, 32
9, 306, 63
9, 310, 6
9, 329, 38
9, 342, 59
9, 348, 55
9, 353, 35
9, 355, 25
9, 374, 42
9, 378, 53
9, 381, 39
9, 391, 35
9, 391, 45
9, 395, 27
9, 395, 54
9, 397, 24
9, 409, 42
9, 431, 59
9, 435, 37
9, 439, 56
9, 441, 43
9, 445, 25
9, 445, 60
9, 458, 46
9, 465, 30
9, 472, 23
9, 472, 63
9, 474, 30
9, 477, 46
9, 494, 15
9, 500, 48
9, 513, 7
9, 514, 43
9, 525, 39
9, 527, 12
9, 536, 4
9, 536, 44
9, 537, 14
9, 537, 18
9, 537, 21
9, 538, 44
9, 544, 41
9, 548, 55
9, 550, 26
9, 553, 41
9, 555, 54
9, 556, 49
9, 575, 24
9, 575, 38
9, 575, 45
9, 581, 32
9, 591, 34
9, 592, 42
9, 597, 28
9, 602, 27
9, 610, 33
9, 626, 56
9, 627, 49
9, 632, 54
9, 636, 59
9, 641, 21
9, 646, 6
9, 646, 48
9, 652, 46
9, 653, 25
9, 667, 26
9, 667, 35
9, 668, 7
9, 680, 1
9, 697, 10
9, 701, 14
9, 701, 18
9, 713, 34
9, 713, 42
9, 715, 33
9, 717, 11
9, 719, 6
9, 730, 37
9, 734, 41
9, 735, 9
9, 736, 11
9, 742, 44
9, 743, 27
9, 748, 28
9, 749, 25
9, 758, 2
9, 765, 30
9, 765, 38
9, 766, 4
9, 770, 48
9, 775, 45
9, 778, 15
9, 780, 56
9, 789, 6
10, 3, 13
10, 4, 11
10, 11, 7
10, 11, 28
10, 15, 40
10, 16, 3
10, 18, 57
10, 20, 53
10, 22, 7
10, 25, 49
10, 29, 51
10, 33, 16
10, 38, 25
10, 39, 26
10, 41, 38
10, 42, 7
10, 49, 1
10, 52, 5
10, 54, 15
10, 57, 21
10, 59, 48
10, 60, 1
10, 60, 20
10, 64, 4
10, 67, 30
10, 70, 45
10, 83, 10
10, 89, 46
10, 92, 52
10, 96, 18
10, 97, 61
10, 110, 31
10, 110, 36
10, 111, 33
10, 112, 46
10, 115, 4
10, 120, 19
10, 136, 55
10, 141, 28
10, 149, 58
10, 153, 34
10, 155, 23
10, 156, 53
10, 157, 17
10, 159, 13
10, 164, 3
10, 164, 51
10, 166, 51
10, 171, 17
10, 172, 8
10, 173, 12
10, 178, 31
10, 182, 2
10, 194, 32
10, 194, 50
10, 195, 30
10, 205, 24
10, 221, 57
10, 222, 13
10, 223, 52
10, 225, 62
10, 233, 8
10, 236, 17
10, 242, 50
10, 247, 24
10, 248, 1
10, 248, 38
10, 248, 54
10, 254, 48
10, 259, 45
10, 262, 11
10, 271, 55
10, 274, 25
10, 275, 36
10, 277, 57
10, 280, 15
10, 286, 50
10, 289, 21
10, 295, 30
10, 296, 40
10, 300, 2
10, 320, 46
10, 321, 44
10, 333, 26
10, 338, 40
10, 340, 49
10, 355, 45
10, 357, 30
10, 361, 23
10, 366, 36
10, 368, 20
10, 375, 53
10, 376, 58
10, 386, 31
10, 387, 18
10, 390, 31
10, 399, 51
10, 401, 49
10, 407, 42
10, 407, 50
10, 409, 51
10, 410, 26
10, 416, 54
10, 426, 55
10, 435, 34
10, 453, 33
10, 456, 61
10, 462, 58
10, 463, 54
10, 468, 58
10, 472, 5
10, 472, 31
10, 476, 46
10, 479, 32
10, 479, 44
10, 481, 17
10, 487, 38
10, 498, 24
10, 522, 12
10, 522, 40
10, 522, 50
10, 525, 4
10, 527, 15
10, 527, 17
10, 527, 34
10, 530, 52
10, 536, 19
10, 543, 48
10, 545, 13
10, 546, 36
10, 548, 38
10, 558, 45
10, 569, 21
10, 570, 6
10, 572, 17
10, 572, 42
10, 576, 18
10, 578, 53
10, 579, 62
10, 582, 40
10, 583, 11
10, 583, 49
10, 594, 25
10, 597, 44
10, 599, 20
10, 600, 3
10, 606, 13
10, 609, 30
10, 610, 26
10, 617, 51
10, 618, 8
10, 619, 10
10, 622, 55
10, 631, 8
10, 637, 19
10, 640, 5
10, 641, 55
10, 644, 38
10, 647, 61
10, 650, 28
10, 651, 48
10, 655, 33
10, 663, 15
10, 667, 10
10, 667, 62
10, 671, 44
10, 673, 54
10, 677, 1
10, 683, 57
10, 684, 13
10, 684, 20
10, 687, 11
10, 690, 6
10, 691, 52
10, 697, 8
10, 700, 53
10, 716, 52
10, 722, 4
10, 724, 7
10, 726, 49
10, 729, 3
10, 732, 46
10, 735, 1
10, 735, 34
10, 740, 20
10, 742, 53
10, 743, 15
10, 751, 34
10, 752, 42
10, 753, 48
10, 757, 57
10, 758, 42
10, 773, 48
10, 785, 2
10, 785, 38
10, 790, 36
10, 793, 58
10, 794, 56
10, 796, 23
11, 2, 15
11, 4, 51
11, 5, 29
11, 16, 61
11, 27, 37
11, 30, 2
11, 41, 26
11, 49, 59
11, 54, 14
11, 54, 24
11, 54, 53
11, 58, 44
11, 61, 27
11, 65, 40
11, 67, 22
11, 67, 35
11, 72, 14
11, 83, 4
11, 93, 23
11, 95, 56
11, 103, 9
11, 118, 39
11, 120, 6
11, 131, 34
11, 132, 41
11, 135, 14
11, 136, 9
11, 142, 52
11, 143, 6
11, 146, 25
11, 154, 14
11, 154, 55
11, 162, 29
11, 163, 8
11, 171, 7
11, 172, 56
11, 180, 18
11, 182, 15
11, 184, 51
11, 187, 21
11, 189, 49
11, 192, 40
11, 201, 25
11, 207, 22
11, 207, 53
11, 218, 4
11, 219, 47
11, 222, 6
11, 228, 39
11, 237, 42
11, 245, 22
11, 256, 52
11, 257, 23
11, 261, 8
11, 267, 1
11, 267, 44
11, 278, 29
11, 279, 37
11, 283, 14
11, 292, 26
11, 296, 33
11, 302, 48
11, 318, 24
11, 320, 61
11, 325, 32
11, 340, 49
11, 360, 51
11, 363, 34
11, 366, 55
11, 368, 27
11, 369, 41
11, 381, 40
11, 387, 39
11, 407, 34
11, 407, 44
11, 410, 29
11, 420, 42
11, 426, 45
11, 428, 53
11, 431, 32
11, 436, 35
11, 440, 37
11, 458, 34
11, 470, 18
11, 473, 37
11, 481, 25
11, 483, 59
11, 491, 48
11, 494, 40
11, 498, 56
11, 506, 9
11, 508, 49
11, 510, 52
11, 516, 47
11, 517, 21
11, 518, 44
11, 522, 2
11, 522, 51
11, 524, 22
11, 544, 61
11, 554, 33
11, 555, 26
11, 555, 41
11, 557, 7
11, 566, 18
11, 567, 23
11, 572, 1
11, 587, 24
11, 591, 55
11, 592, 6
11, 593, 23
11, 600, 48
11, 604, 35
11, 611, 41
11, 620, 39
11, 622, 8
11, 622, 52
11, 625, 45
11, 630, 15
11, 630, 49
11, 636, 29
11, 637, 32
11, 639, 4
11, 646, 2
11, 655, 35
11, 657, 56
11, 665, 1
11, 665, 34
11, 674, 27
11, 675, 22
11, 697, 40
11, 698, 53
11, 699, 23
11, 702, 1
11, 702, 61
11, 706, 32
11, 706, 47
11, 712, 37
11, 714, 39
11, 715, 18
11, 716, 25
11, 718, 25
11, 730, 9
11, 741, 41
11, 746, 21
11, 750, 21
11, 765, 55
11, 766, 24
11, 769, 8
11, 770, 33
11, 773, 23
11, 773, 37
11, 774, 42
11, 779, 52
11, 787, 22
11, 790, 49
11, 794, 2
11, 796, 7
11, 798, 14
12, 1, 16
12, 3, 53
12, 5, 13
12, 15, 11
12, 19, 40
12, 22, 43
12, 36, 8
12, 37, 23
12, 37, 47
12, 44, 23
12, 51, 42
12, 72, 60
12, 79, 42
12, 85, 49
12, 87, 3
12, 93, 50
12, 100, 17
12, 112, 48
12, 113, 61
12, 133, 28
12, 134, 50
12, 136, 10
12, 137, 8
12, 140, 6
12, 140, 35
12, 140, 39
12, 151, 47
12, 153, 16
12, 158, 54
12, 162, 49
12, 166, 53
12, 168, 38
12, 169, 31
12, 173, 40
12, 177, 59
12, 183, 12
12, 188, 44
12, 188, 55
12, 193, 48
12, 198, 14
12, 201, 36
12, 202, 2
12, 209, 58
12, 212, 3
12, 216, 30
12, 216, 48
12, 225, 4
12, 230, 4
12, 235, 3
12, 235, 30
12, 237, 35
12, 240, 11
12, 246, 56
12, 251, 26
12, 253, 2
12, 253, 34
12, 254, 18
12, 254, 60
12, 257, 6
12, 266, 43
12, 270, 17
12, 272, 10
12, 273, 26
12, 281, 49
12, 282, 9
12, 286, 39
12, 293, 40
12, 300, 60
12, 301, 54
12, 303, 23
12, 305, 41
12, 310, 51
12, 315, 34
12, 318, 39
12, 319, 48
12, 335, 17
12, 339, 42
12, 341, 58
12, 355, 22
12, 357, 38
12, 363, 31
12, 368, 47
12, 389, 50
12, 394, 53
12, 397, 61
12, 409, 39
12, 420, 50
12, 430, 28
12, 431, 30
12, 431, 46
12, 444, 51
12, 445, 35
12, 450, 43
12, 455, 30
12, 455, 42
12, 461, 43
12, 465, 58
12, 468, 31
12, 482, 44
12, 484, 27
12, 487, 59
12, 494, 55
12, 495, 51
12, 496, 36
12, 504, 27
12, 506, 23
12, 507, 40
12, 508, 16
12, 517, 15
12, 517, 49
12, 523, 38
12, 534, 18
12, 537, 22
12, 551, 10
12, 567, 6
12, 572, 8
12, 572, 54
12, 577, 12
12, 583, 34
12, 583, 47
12, 588, 22
12, 606, 41
12, 609, 14
12, 619, 26
12, 622, 60
12, 624, 56
12, 631, 9
12, 634, 34
12, 636, 3
12, 640, 36
12, 646, 51
12, 656, 13
12, 657, 12
12, 660, 39
12, 663, 17
12, 666, 42
12, 673, 53
12, 676, 14
12, 682, 61
12, 686, 30
12, 687, 43
12, 688, 10
12, 688, 49
12, 690, 40
12, 690, 47
12, 691, 31
12, 695, 9
12, 701, 53
12, 702, 15
12, 703, 16
12, 706, 49
12, 715, 44
12, 715, 47
12, 719, 4
12, 719, 28
12, 722, 27
12, 731, 55
12, 742, 14
12, 743, 23
12, 744, 10
12, 748, 31
12, 761, 15
12, 766, 51
12, 768, 11
12, 772, 6
12, 779, 35
12, 781, 26
12, 782, 48
12, 783, 12
12, 790, 41
12, 793, 59
12, 795, 38
12, 796, 48
12, 799, 2
13, 1, 7
13, 10, 21
13, 10, 32
13, 14, 8
13, 20, 53
13, 23, 33
13, 28, 20
13, 30, 52
13, 33, 51
13, 34, 29
13, 37, 19
13, 38, 15
13, 41, 63
13, 51, 26
13, 52, 39
13, 53, 37
13, 60, 31
13, 63, 48
13, 64, 3
13, 68, 14
13, 69, 58
13, 72, 4
13, 76, 9
13, 78, 12
13, 83, 25
13, 88, 63
13, 95, 56
13, 96, 26
13, 98, 16
13, 98, 34
13, 112, 10
13, 116, 53
13, 117, 3
13, 119, 5
13, 126, 44
13, 127, 57
13, 134, 1
13, 134, 27
13, 135, 57
13, 136, 28
13, 136, 38
13, 140, 21
13, 140, 32
13, 145, 50
13, 150, 16
13, 156, 59
13, 167, 52
13, 173, 32
13, 178, 17
13, 179, 51
13, 182, 23
13, 183, 20
13, 184, 39
13, 188, 58
13, 193, 45
13, 198, 11
13, 203, 37
13, 206, 12
13, 210, 1
13, 210, 54
13, 211, 23
13, 220, 63
13, 224, 36
13, 224, 44
13, 232, 31
13, 237, 3
13, 240, 8
13, 246, 56
13, 248, 5
13, 250, 61
13, 251, 48
13, 253, 9
13, 253, 22
13, 262, 27
13, 265, 33
13, 267, 21
13, 267, 30
13, 271, 6
13, 271, 34
13, 288, 36
13, 291, 25
13, 293, 29
13, 294, 16
13, 295, 19
13, 304, 14
13, 307, 62
13, 309, 33
13, 328, 25
13, 330, 63
13, 354, 17
13, 370, 26
13, 377, 53
13, 380, 59
13, 381, 57
13, 385, 58
13, 395, 26
13, 395, 38
13, 396, 48
13, 407, 28
13, 407, 30
13, 413, 44
13, 417, 20
13, 424, 37
13, 440, 36
13, 455, 23
13, 462, 45
13, 470, 29
13, 485, 14
13, 488, 52
13, 490, 22
13, 492, 27
13, 499, 11
13, 502, 8
13, 503, 29
13, 505, 21
13, 506, 49
13, 507, 44
13, 507, 61
13, 511, 51
13, 513, 1
13, 516, 50
13, 516, 52
13, 519, 10
13, 520, 15
13, 523, 25
13, 536, 19
13, 537, 12
13, 537, 34
13, 540, 23
13, 541, 43
13, 548, 28
13, 551, 16
13, 552, 39
13, 556, 38
13, 559, 56
13, 567, 31
13, 575, 61
13, 577, 7
13, 583, 30
13, 588, 22
13, 588, 57
13, 599, 58
13, 604, 8
13, 605, 17
13, 609, 1
13, 614, 32
13, 617, 31
13, 619, 4
13, 621, 33
13, 624, 48
13, 632, 37
13, 638, 51
13, 639, 62
13, 649, 53
13, 652, 53
13, 654, 14
13, 665, 31
13, 678, 17
13, 684, 27
13, 694, 12
13, 696, 54
13, 701, 45
13, 703, 10
13, 707, 25
13, 721, 11
13, 722, 7
13, 722, 15
13, 724, 26
13, 737, 5
13, 744, 3
13, 746, 21
13, 747, 1
13, 747, 44
13, 748, 33
13, 749, 49
13, 753, 29
13, 758, 28
13, 761, 34
13, 761, 58
13, 762, 23
13, 768, 25
13, 769, 57
13, 774, 11
13, 779, 53
13, 780, 50
13, 781, 16
13, 789, 6
13, 789, 31
13, 797, 36
13, 799, 4
14, 7, 27
14, 8, 38
14, 17, 51
14, 18, 30
14, 19, 58
14, 21, 4
14, 23, 27
14, 39, 52
14, 42, 5
14, 48, 3
14, 48, 32
14, 54, 55
14, 61, 45
14, 65, 42
14, 69, 37
14, 70, 48
14, 71, 21
14, 76, 59
14, 78, 41
14, 80, 56
14, 83, 20
14, 90, 54
14, 91, 12
14, 101, 47
14, 102, 3
14, 102, 22
14, 111, 10
14, 114, 50
14, 115, 13
14, 119, 10
14, 119, 13
14, 123, 57
14, 127, 8
14, 136, 33
14, 141, 19
14, 145, 32
14, 145, 56
14, 158, 9
14, 158, 16
14, 160, 53
14, 161, 11
14, 163, 44
14, 171, 51
14, 176, 5
14, 178, 4
14, 180, 6
14, 200, 3
14, 200, 28
14, 201, 22
14, 202, 46
14, 207, 11
14, 208, 15
14, 209, 27
14, 210, 26
14, 215, 7
14, 215, 11
14, 223, 13
14, 223, 20
14, 234, 31
14, 237, 26
14, 238, 12
14, 238, 38
14, 243, 1
14, 243, 18
14, 243, 47
14, 247, 30
14, 250, 59
14, 251, 17
14, 260, 21
14, 262, 48
14, 264, 42
14, 272, 58
14, 273, 12
14, 284, 24
14, 294, 54
14, 299, 38
14, 301, 19
14, 302, 11
14, 321, 45
14, 325, 53
14, 328, 49
14, 338, 37
14, 340, 52
14, 344, 44
14, 347, 37
14, 351, 32
14, 359, 53
14, 363, 31
14, 370, 44
14, 370, 57
14, 384, 29
14, 398, 37
14, 407, 33
14, 409, 49
14, 417, 22
14, 417, 48
14, 423, 31
14, 424, 41
14, 424, 46
14, 424, 56
14, 431, 38
14, 434, 47
14, 437, 54
14, 444, 16
14, 444, 32
14, 452, 30
14, 452, 41
14, 455, 27
14, 457, 50
14, 477, 48
14, 489, 10
14, 493, 42
14, 494, 24
14, 494, 59
14, 513, 21
14, 521, 58
14, 523, 18
14, 524, 22
14, 524, 28
14, 525, 56
14, 527, 5
14, 531, 15
14, 533, 8
14, 535, 13
14, 536, 1
14, 539, 20
14, 548, 31
14, 561, 26
14, 562, 41
14, 562, 51
14, 566, 9
14, 568, 28
14, 569, 55
14, 571, 6
14, 571, 12
14, 584, 1
14, 585, 3
14, 587, 44
14, 589, 30
14, 590, 4
14, 592, 30
14, 594, 22
14, 596, 57
14, 598, 37
14, 599, 13
14, 601, 11
14, 607, 19
14, 611, 17
14, 620, 26
14, 622, 15
14, 622, 31
14, 624, 42
14, 626, 32
14, 637, 16
14, 637, 33
14, 642, 49
14, 642, 55
14, 644, 37
14, 644, 45
14, 646, 21
14, 648, 38
14, 654, 15
14, 654, 49
14, 660, 3
14, 660, 29
14, 662, 46
14, 668, 41
14, 676, 9
14, 691, 5
14, 691, 27
14, 697, 7
14, 697, 55
14, 700, 53
14, 702, 12
14, 710, 42
14, 711, 30
14, 720, 58
14, 723, 47
14, 725, 31
14, 726, 54
14, 730, 18
14, 731, 52
14, 732, 17
14, 743, 48
14, 746, 10
14, 750, 46
14, 756, 22
14, 760, 16
14, 767, 27
14, 768, 3
14, 774, 37
14, 774, 56
14, 775, 19
14, 777, 12
14, 778, 11
14, 781, 24
14, 782, 1
14, 782, 31
14, 794, 15
14, 798, 28
15, 1, 50
15, 9, 15
15, 11, 15
15, 20, 27
15, 22, 16
15, 27, 30
15, 28, 32
15, 29, 38
15, 29, 43
15, 31, 1
15, 40, 46
15, 46, 39
15, 52, 45
15, 65, 29
15, 67, 5
15, 74, 25
15, 76, 16
15, 84, 56
15, 89, 22
15, 106, 58
15, 112, 42
15, 112, 51
15, 115, 40
15, 116, 16
15, 118, 20
15, 119, 48
15, 123, 51
15, 124, 39
15, 131, 36
15, 139, 46
15, 143, 17
15, 157, 43
15, 162, 47
15, 165, 33
15, 165, 42
15, 167, 38
15, 168, 34
15, 170, 11
15, 171, 43
15, 178, 7
15, 178, 28
15, 188, 49
15, 198, 16
15, 198, 25
15, 205, 44
15, 207, 30
15, 208, 34
15, 209, 10
15, 209, 23
15, 217, 1
15, 239, 58
15, 240, 56
15, 241, 11
15, 241, 27
15, 241, 39
15, 242, 22
15, 252, 38
15, 257, 45
15, 260, 15
15, 262, 22
15, 262, 24
15, 262, 50
15, 267, 5
15, 271, 32
15, 276, 44
15, 278, 48
15, 279, 36
15, 286, 15
15, 287, 40
15, 298, 10
15, 307, 52
15, 310, 29
15, 317, 30
15, 326, 43
15, 330, 46
15, 330, 50
15, 336, 24
15, 337, 37
15, 350, 58
15, 355, 39
15, 375, 40
15, 376, 33
15, 378, 17
15, 384, 47
15, 387, 46
15, 393, 59
15, 398, 38
15, 404, 20
15, 409, 20
15, 409, 38
15, 413, 34
15, 424, 51
15, 431, 49
15, 437, 42
15, 445, 23
15, 452, 56
15, 473, 16
15, 477, 28
15, 484, 45
15, 485, 34
15, 490, 47
15, 500, 48
15, 510, 22
15, 513, 50
15, 520, 44
15, 523, 36
15, 526, 53
15, 527, 43
15, 537, 15
15, 546, 7
15, 546, 27
15, 548, 58
15, 553, 59
15, 560, 39
15, 565, 36
15, 567, 24
15, 573, 38
15, 574, 24
15, 575, 32
15, 576, 30
15, 578, 33
15, 578, 46
15, 578, 52
15, 580, 1
15, 586, 17
15, 591, 5
15, 601, 45
15, 606, 48
15, 620, 11
15, 630, 51
15, 639, 27
15, 642, 25
15, 642, 39
15, 647, 23
15, 647, 29
15, 648, 20
15, 648, 42
15, 651, 10
15, 651, 49
15, 657, 45
15, 663, 20
15, 669, 30
15, 671, 16
15, 672, 24
15, 683, 5
15, 701, 34
15, 718, 15
15, 718, 24
15, 718, 36
15, 726, 29
15, 731, 38
15, 738, 7
15, 747, 48
15, 758, 49
15, 767, 33
15, 770, 27
15, 771, 10
15, 779, 1
15, 779, 39
15, 783, 53
15, 786, 32
15, 787, 15
15, 787, 37
15, 787, 44
15, 795, 43
16, 1, 1
16, 4, 45
16, 4, 57
16, 6, 5
16, 7, 3
16, 11, 35
16, 15, 35
16, 18, 27
16, 28, 18
16, 33, 14
16, 33, 55
16, 34, 39
16, 43, 17
16, 45, 8
16, 50, 22
16, 50, 57
16, 54, 38
16, 54, 40
16, 57, 23
16, 58, 13
16, 58, 27
16, 85, 21
16, 86, 26
16, 89, 8
16, 90, 19
16, 90, 33
16, 98, 4
16, 106, 56
16, 118, 41
16, 119, 54
16, 120, 31
16, 121, 7
16, 123, 3
16, 126, 36
16, 128, 48
16, 134, 44
16, 139, 53
16, 144, 29
16, 148, 16
16, 151, 48
16, 158, 25
16, 161, 28
16, 172, 3
16, 174, 59
16, 176, 3
16, 180, 36
16, 183, 45
16, 187, 42
16, 191, 1
16, 195, 13
16, 200, 47
16, 212, 11
16, 212, 35
16, 213, 5
16, 218, 23
16, 220, 30
16, 222, 40
16, 231, 27
16, 232, 15
16, 232, 21
16, 239, 22
16, 246, 6
16, 258, 7
16, 259, 39
16, 264, 5
16, 270, 18
16, 274, 57
16, 276, 38
16, 277, 8
16, 281, 57
16, 290, 4
16, 291, 17
16, 299, 4
16, 307, 43
16, 311, 41
16, 313, 38
16, 316, 16
16, 319, 41
16, 320, 48
16, 321, 19
16, 323, 43
16, 329, 24
16, 329, 33
16, 331, 40
16, 335, 55
16, 342, 47
16, 350, 49
16, 352, 26
16, 359, 14
16, 365, 25
16, 368, 45
16, 371, 29
16, 371, 34
16, 379, 50
16, 381, 31
16, 389, 36
16, 399, 23
16, 401, 37
16, 410, 47
16, 416, 42
16, 433, 21
16, 438, 36
16, 440, 59
16, 449, 54
16, 465, 35
16, 466, 44
16, 471, 15
16, 478, 24
16, 478, 30
16, 489, 56
16, 499, 22
16, 500, 27
16, 501, 13
16, 504, 28
16, 506, 2
16, 513, 39
16, 514, 31
16, 526, 38
16, 527, 3
16, 531, 1
16, 539, 18
16, 539, 45
16, 548, 11
16, 548, 49
16, 549, 48
16, 552, 17
16, 554, 38
16, 557, 43
16, 558, 53
16, 565, 28
16, 568, 44
16, 569, 6
16, 569, 26
16, 569, 29
16, 574, 19
16, 576, 16
16, 581, 21
16, 583, 41
16, 584, 14
16, 589, 11
16, 589, 50
16, 591, 34
16, 592, 35
16, 596, 17
16, 604, 55
16, 605, 37
16, 608, 8
16, 609, 48
16, 615, 30
16, 624, 7
16, 637, 57
16, 638, 13
16, 641, 23
16, 642, 15
16, 647, 27
16, 651, 24
16, 652, 1
16, 652, 42
16, 654, 33
16, 657, 23
16, 664, 31
16, 667, 59
16, 674, 5
16, 677, 44
16, 678, 14
16, 698, 18
16, 699, 40
16, 701, 1
16, 704, 4
16, 706, 49
16, 719, 14
16, 724, 28
16, 728, 55
16, 730, 19
16, 733, 43
16, 735, 50
16, 741, 6
16, 741, 56
16, 742, 24
16, 743, 7
16, 744, 28
16, 746, 11
16, 756, 14
16, 757, 3
16, 758, 28
16, 759, 17
16, 765, 4
16, 769, 44
16, 771, 48
16, 784, 22
17, 16, 36
17, 20, 36
17, 23, 38
17, 34, 6
17, 51, 14
17, 65, 30
17, 71, 13
17, 78, 35
17, 79, 29
17, 80, 41
17, 83, 42
17, 88, 54
17, 91, 16
17, 107, 47
17, 114, 24
17, 121, 29
17, 124, 5
17, 124, 20
17, 126, 57
17, 134, 3
17, 135, 7
17, 147, 2
17, 149, 53
17, 161, 12
17, 161, 35
17, 164, 14
17, 171, 18
17, 173, 36
17, 174, 30
17, 176, 27
17, 184, 44
17, 189, 57
17, 190, 32
17, 191, 6
17, 192, 22
17, 194, 6
17, 196, 39
17, 198, 15
17, 206, 3
17, 206, 29
17, 206, 51
17, 213, 35
17, 220, 23
17, 221, 41
17, 221, 55
17, 223, 18
17, 223, 47
17, 227, 38
17, 230, 12
17, 236, 25
17, 248, 2
17, 250, 13
17, 256, 56
17, 258, 6
17, 259, 36
17, 260, 8
17, 267, 35
17, 273, 44
17, 276, 20
17, 278, 5
17, 284, 51
17, 286, 8
17, 289, 45
17, 293, 15
17, 293, 52
17, 297, 32
17, 297, 53
17, 299, 14
17, 300, 54
17, 301, 24
17, 310, 33
17, 311, 38
17, 319, 40
17, 319, 55
17, 326, 30
17, 333, 29
17, 333, 55
17, 337, 27
17, 340, 16
17, 349, 42
17, 356, 56
17, 366, 25
17, 380, 34
17, 386, 18
17, 393, 53
17, 401, 47
17, 402, 55
17, 417, 30
17, 421, 23
17, 426, 39
17, 430, 30
17, 442, 59
17, 443, 34
17, 451, 20
17, 454, 60
17, 455, 22
17, 458, 36
17, 459, 44
17, 460, 47
17, 463, 51
17, 466, 44
17, 473, 32
17, 475, 29
17, 476, 35
17, 477, 22
17, 480, 25
17, 488, 27
17, 497, 26
17, 503, 44
17, 507, 34
17, 514, 10
17, 514, 23
17, 516, 27
17, 523, 3
17, 527, 35
17, 530, 57
17, 535, 7
17, 537, 24
17, 537, 47
17, 554, 41
17, 556, 26
17, 557, 45
17, 557, 53
17, 559, 2
17, 560, 33
17, 567, 38
17, 572, 5
17, 574, 12
17, 577, 13
17, 580, 52
17, 584, 51
17, 605, 14
17, 606, 6
17, 606, 42
17, 622, 51
17, 624, 15
17, 628, 56
17, 629, 5
17, 638, 41
17, 650, 54
17, 651, 12
17, 653, 22
17, 653, 34
17, 659, 57
17, 664, 51
17, 665, 2
17, 673, 55
17, 675, 40
17, 677, 44
17, 688, 26
17, 690, 3
17, 690, 38
17, 690, 53
17, 691, 59
17, 692, 30
17, 692, 55
17, 696, 23
17, 696, 35
17, 698, 27
17, 700, 5
17, 700, 24
17, 710, 20
17, 727, 16
17, 737, 15
17, 737, 33
17, 737, 52
17, 746, 18
17, 746, 39
17, 750, 45
17, 753, 39
17, 759, 30
17, 760, 6
17, 766, 32
17, 769, 2
17, 769, 29
17, 776, 8
17, 778, 47
17, 786, 10
17, 789, 23
17, 790, 7
17, 790, 51
17, 792, 29
17, 798, 60
18, 8, 53
18, 14, 20
18, 15, 14
18, 15, 29
18, 17, 57
18, 24, 24
18, 27, 39
18, 39, 11
18, 43, 7
18, 44, 5
18, 52, 9
18, 53, 22
18, 59, 12
18, 64, 48
18, 67, 50
18, 71, 17
18, 72, 18
18, 78, 51
18, 85, 44
18, 97, 10
18, 97, 36
18, 100, 25
18, 101, 43
18, 105, 41
18, 122, 24
18, 125, 9
18, 128, 46
18, 130, 35
18, 131, 15
18, 136, 14
18, 150, 61
18, 164, 17
18, 164, 34
18, 165, 36
18, 166, 8
18, 168, 7
18, 169, 17
18, 177, 13
18, 180, 19
18, 182, 21
18, 183, 49
18, 188, 10
18, 191, 14
18, 195, 60
18, 197, 49
18, 200, 46
18, 204, 56
18, 205, 8
18, 206, 11
18, 210, 29
18, 218, 6
18, 218, 28
18, 223, 23
18, 230, 3
18, 231, 20
18, 232, 53
18, 241, 57
18, 244, 32
18, 251, 51
18, 255, 18
18, 256, 44
18, 257, 51
18, 259, 42
18, 259, 54
18, 271, 9
18, 271, 50
18, 273, 12
18, 276, 16
18, 288, 35
18, 296, 31
18, 300, 48
18, 302, 39
18, 306, 25
18, 319, 17
18, 325, 33
18, 333, 49
18, 334, 33
18, 358, 34
18, 361, 61
18, 365, 48
18, 367, 55
18, 370, 53
18, 371, 29
18, 371, 49
18, 386, 56
18, 394, 13
18, 400, 19
18, 409, 32
18, 413, 36
18, 437, 39
18, 445, 35
18, 447, 29
18, 447, 50
18, 448, 22
18, 449, 46
18, 452, 31
18, 452, 43
18, 460, 54
18, 463, 41
18, 468, 28
18, 480, 36
18, 482, 57
18, 492, 24
18, 497, 44
18, 500, 14
18, 504, 56
18, 508, 16
18, 512, 7
18, 513, 50
18, 521, 34
18, 543, 25
18, 549, 8
18, 549, 20
18, 551, 51
18, 560, 25
18, 565, 23
18, 570, 21
18, 579, 10
18, 581, 8
18, 582, 6
18, 582, 42
18, 586, 15
18, 588, 11
18, 593, 7
18, 594, 10
18, 595, 17
18, 599, 31
18, 606, 39
18, 620, 14
18, 622, 12
18, 625, 33
18, 628, 16
18, 628, 32
18, 628, 60
18, 629, 12
18, 629, 29
18, 640, 7
18, 642, 14
18, 646, 34
18, 647, 3
18, 647, 48
18, 659, 47
18, 659, 61
18, 661, 55
18, 669, 9
18, 670, 43
18, 671, 6
18, 673, 17
18, 676, 18
18, 676, 24
18, 678, 42
18, 684, 46
18, 689, 19
18, 689, 44
18, 690, 50
18, 695, 31
18, 710, 13
18, 710, 30
18, 712, 25
18, 713, 8
18, 721, 35
18, 750, 14
18, 751, 61
18, 753, 22
18, 753, 36
18, 755, 56
18, 759, 11
18, 761, 51
18, 761, 55
18, 766, 22
18, 773, 15
18, 777, 57
18, 786, 48
18, 790, 44
18, 796, 41
18, 799, 25
19, 11, 5
19, 11, 55
19, 12, 41
19, 14, 45
19, 15, 8
19, 16, 32
19, 17, 39
19, 18, 11
19, 26, 10
19, 27, 59
19, 39, 50
19, 46, 22
19, 47, 33
19, 51, 34
19, 55, 24
19, 56, 20
19, 58, 21
19, 60, 13
19, 67, 60
19, 71, 7
19, 81, 39
19, 86, 42
19, 90, 26
19, 92, 31
19, 95, 5
19, 98, 48
19, 104, 56
19, 112, 5
19, 114, 38
19, 116, 28
19, 120, 23
19, 122, 31
19, 123, 12
19, 123, 17
19, 147, 28
19, 148, 51
19, 160, 29
19, 161, 19
19, 172, 45
19, 174, 26
19, 176, 60
19, 177, 40
19, 195, 26
19, 204, 24
19, 225, 46
19, 230, 4
19, 231, 58
19, 236, 28
19, 236, 48
19, 238, 50
19, 242, 15
19, 242, 55
19, 245, 39
19, 248, 11
19, 257, 27
19, 260, 35
19, 261, 20
19, 267, 43
19, 270, 44
19, 275, 17
19, 276, 6
19, 277, 31
19, 290, 56
19, 307, 33
19, 310, 13
19, 311, 22
19, 321, 34
19, 329, 41
19, 337, 37
19, 341, 55
19, 344, 30
19, 346, 19
19, 352, 63
19, 356, 59
19, 361, 38
19, 373, 45
19, 381, 23
19, 385, 40
19, 387, 51
19, 395, 50
19, 400, 17
19, 401, 21
19, 403, 41
19, 416, 39
19, 429, 26
19, 441, 23
19, 466, 40
19, 485, 42
19, 490, 21
19, 491, 37
19, 494, 38
19, 495, 29
19, 497, 27
19, 501, 34
19, 506, 12
19, 507, 55
19, 515, 60
19, 520, 35
19, 523, 10
19, 527, 32
19, 528, 44
19, 531, 7
19, 532, 38
19, 534, 8
19, 539, 5
19, 541, 15
19, 545, 8
19, 545, 46
19, 546, 4
19, 550, 20
19, 551, 58
19, 552, 24
19, 552, 48
19, 552, 56
19, 556, 33
19, 558, 13
19, 563, 30
19, 566, 51
19, 570, 37
19, 574, 28
19, 583, 27
19, 587, 59
19, 590, 50
19, 599, 17
19, 605, 51
19, 613, 7
19, 617, 34
19, 624, 44
19, 626, 10
19, 630, 41
19, 642, 8
19, 644, 23
19, 651, 31
19, 654, 11
19, 657, 42
19, 661, 13
19, 663, 19
19, 663, 43
19, 669, 26
19, 670, 51
19, 671, 21
19, 688, 27
19, 698, 46
19, 701, 39
19, 715, 45
19, 719, 55
19, 721, 38
19, 722, 6
19, 728, 17
19, 733, 21
19, 733, 44
19, 735, 60
19, 751, 48
19, 756, 29
19, 758, 46
19, 763, 63
19, 785, 37
19, 787, 20
19, 788, 4
19, 792, 7
19, 794, 34
19, 794, 58
19, 796, 12
19, 797, 48
