1, 7, 41
1, 11, 3
1, 30, 56
1, 57, 44
1, 59, 10
1, 60, 49
1, 70, 4
1, 90, 5
1, 91, 43
1, 95, 16
1, 99, 57
1, 109, 27
1, 111, 5
1, 128, 19
1, 135, 16
1, 145, 51
1, 153, 13
1, 194, 59
1, 200, 3
1, 204, 13
1, 205, 49
1, 206, 8
1, 207, 19
1, 210, 45
1, 226, 7
1, 233, 41
1, 238, 62
1, 258, 37
1, 260, 51
1, 270, 32
1, 270, 37
1, 274, 56
1, 277, 13
1, 277, 54
1, 282, 29
1, 293, 10
1, 295, 4
1, 299, 14
1, 300, 54
1, 307, 25
1, 314, 23
1, 319, 44
1, 333, 64
1, 354, 49
1, 357, 32
1, 363, 51
1, 395, 41
1, 411, 29
1, 412, 51
1, 427, 54
1, 435, 62
1, 436, 57
1, 440, 43
1, 455, 41
1, 462, 56
1, 487, 27
1, 488, 56
1, 489, 59
1, 495, 43
1, 496, 37
1, 498, 3
1, 513, 23
1, 538, 39
1, 542, 45
1, 544, 10
1, 545, 16
1, 551, 8
1, 561, 23
1, 567, 57
1, 575, 5
1, 575, 16
1, 591, 44
1, 596, 6
1, 604, 54
1, 607, 59
1, 617, 51
1, 620, 7
1, 633, 19
1, 638, 54
1, 654, 14
1, 661, 25
1, 674, 6
1, 674, 41
1, 676, 19
1, 694, 56
1, 701, 4
1, 705, 16
1, 727, 37
1, 729, 4
1, 729, 41
1, 733, 32
1, 742, 43
1, 745, 8
1, 752, 14
1, 760, 57
1, 765, 59
1, 774, 29
1, 775, 10
1, 775, 54
1, 780, 45
1, 780, 64
2, 7, 2
2, 10, 61
2, 14, 27
2, 19, 32
2, 20, 22
2, 21, 34
2, 41, 12
2, 42, 29
2, 49, 60
2, 71, 43
2, 73, 5
2, 88, 47
2, 89, 40
2, 131, 34
2, 145, 30
2, 158, 29
2, 161, 10
2, 166, 10
2, 167, 61
2, 168, 38
2, 172, 45
2, 190, 22
2, 203, 40
2, 207, 1
2, 213, 18
2, 230, 2
2, 241, 18
2, 242, 32
2, 261, 10
2, 275, 12
2, 275, 34
2, 290, 29
2, 291, 25
2, 308, 40
2, 323, 22
2, 325, 62
2, 328, 32
2, 330, 15
2, 339, 61
2, 353, 38
2, 372, 43
2, 381, 45
2, 407, 27
2, 424, 30
2, 434, 27
2, 447, 22
2, 479, 53
2, 480, 25
2, 492, 44
2, 498, 40
2, 529, 11
2, 545, 34
2, 564, 18
2, 565, 1
2, 570, 5
2, 570, 12
2, 572, 43
2, 580, 32
2, 591, 47
2, 594, 40
2, 603, 47
2, 609, 2
2, 610, 10
2, 631, 60
2, 640, 34
2, 649, 61
2, 656, 45
2, 665, 38
2, 676, 29
2, 685, 27
2, 689, 15
2, 696, 22
2, 700, 12
2, 703, 11
2, 705, 53
2, 712, 30
2, 720, 44
2, 738, 5
2, 739, 18
2, 752, 1
2, 760, 47
2, 764, 34
2, 764, 60
2, 771, 53
2, 789, 2
2, 794, 25
2, 795, 38
2, 797, 61
3, 17, 29
3, 21, 17
3, 24, 42
3, 25, 58
3, 28, 49
3, 32, 39
3, 35, 1
3, 35, 10
3, 38, 46
3, 58, 52
3, 61, 24
3, 64, 11
3, 83, 28
3, 88, 33
3, 90, 28
3, 97, 56
3, 102, 32
3, 103, 10
3, 105, 51
3, 108, 11
3, 109, 31
3, 112, 62
3, 118, 58
3, 121, 39
3, 127, 33
3, 131, 19
3, 131, 30
3, 135, 41
3, 157, 21
3, 171, 10
3, 172, 28
3, 172, 50
3, 175, 61
3, 183, 29
3, 194, 45
3, 201, 9
3, 208, 33
3, 210, 61
3, 219, 33
3, 222, 52
3, 241, 62
3, 250, 21
3, 254, 20
3, 256, 3
3, 257, 4
3, 257, 31
3, 259, 10
3, 274, 1
3, 276, 44
3, 291, 42
3, 298, 46
3, 303, 49
3, 320, 32
3, 327, 20
3, 347, 24
3, 369, 21
3, 372, 51
3, 384, 38
3, 387, 19
3, 389, 28
3, 411, 45
3, 420, 33
3, 424, 34
3, 431, 58
3, 436, 41
3, 460, 11
3, 463, 61
3, 468, 31
3, 469, 32
3, 486, 39
3, 498, 32
3, 499, 52
3, 509, 46
3, 513, 46
3, 513, 56
3, 516, 17
3, 520, 3
3, 533, 20
3, 539, 29
3, 541, 24
3, 542, 50
3, 547, 51
3, 548, 21
3, 550, 33
3, 553, 42
3, 556, 5
3, 567, 20
3, 568, 62
3, 572, 44
3, 594, 17
3, 606, 10
3, 607, 50
3, 609, 42
3, 614, 30
3, 621, 11
3, 638, 10
3, 638, 33
3, 642, 49
3, 646, 45
3, 650, 4
3, 661, 1
3, 662, 61
3, 663, 58
3, 667, 34
3, 678, 3
3, 696, 19
3, 697, 56
3, 715, 17
3, 730, 62
3, 731, 58
3, 746, 41
3, 757, 52
3, 762, 5
3, 779, 21
3, 779, 46
3, 783, 11
3, 787, 19
4, 1, 56
4, 3, 14
4, 4, 2
4, 18, 22
4, 24, 24
4, 36, 31
4, 40, 2
4, 49, 5
4, 51, 57
4, 53, 44
4, 64, 4
4, 84, 16
4, 101, 53
4, 105, 24
4, 126, 12
4, 126, 27
4, 128, 60
4, 144, 3
4, 158, 14
4, 159, 5
4, 163, 20
4, 170, 31
4, 177, 12
4, 183, 2
4, 200, 40
4, 212, 47
4, 231, 27
4, 234, 37
4, 245, 56
4, 280, 4
4, 284, 53
4, 305, 37
4, 311, 22
4, 331, 44
4, 352, 44
4, 353, 57
4, 357, 3
4, 383, 20
4, 401, 37
4, 402, 14
4, 403, 12
4, 408, 16
4, 408, 31
4, 413, 44
4, 434, 27
4, 446, 40
4, 471, 24
4, 506, 40
4, 538, 14
4, 542, 60
4, 555, 31
4, 559, 32
4, 570, 22
4, 588, 32
4, 595, 27
4, 599, 20
4, 613, 44
4, 615, 16
4, 618, 14
4, 637, 2
4, 660, 60
4, 665, 53
4, 671, 37
4, 671, 56
4, 672, 47
4, 675, 12
4, 692, 3
4, 710, 31
4, 720, 57
4, 735, 40
4, 755, 20
4, 755, 37
4, 760, 16
4, 763, 2
4, 772, 53
4, 775, 32
4, 789, 27
4, 791, 5
5, 47, 1
5, 49, 42
5, 52, 7
5, 54, 28
5, 55, 21
5, 68, 7
5, 84, 7
5, 91, 35
5, 97, 17
5, 110, 49
5, 119, 29
5, 156, 6
5, 157, 59
5, 163, 21
5, 167, 8
5, 180, 49
5, 188, 10
5, 198, 28
5, 212, 57
5, 238, 17
5, 239, 35
5, 239, 52
5, 248, 46
5, 258, 23
5, 258, 26
5, 263, 42
5, 290, 83
5, 306, 33
5, 330, 29
5, 369, 23
5, 404, 19
5, 404, 28
5, 407, 52
5, 417, 23
5, 445, 26
5, 453, 29
5, 466, 33
5, 474, 10
5, 478, 46
5, 480, 23
5, 483, 46
5, 490, 35
5, 493, 7
5, 503, 29
5, 503, 42
5, 505, 35
5, 513, 21
5, 546, 29
5, 568, 33
5, 577, 17
5, 582, 8
5, 613, 23
5, 613, 57
5, 618, 1
5, 618, 6
5, 621, 46
5, 626, 26
5, 629, 21
5, 633, 37
5, 635, 49
5, 640, 59
5, 644, 19
5, 656, 33
5, 686, 29
5, 695, 52
5, 713, 1
5, 731, 33
5, 740, 7
5, 751, 21
5, 790, 10
5, 792, 35
5, 796, 49
6, 17, 23
6, 20, 13
6, 32, 16
6, 34, 32
6, 40, 20
6, 40, 52
6, 60, 28
6, 63, 54
6, 65, 45
6, 74, 5
6, 91, 20
6, 93, 37
6, 100, 56
6, 102, 22
6, 105, 8
6, 109, 43
6, 125, 52
6, 137, 38
6, 139, 22
6, 140, 42
6, 150, 50
6, 153, 58
6, 166, 24
6, 167, 52
6, 169, 26
6, 180, 43
6, 182, 13
6, 186, 7
6, 196, 40
6, 201, 16
6, 205, 54
6, 210, 63
6, 217, 67
6, 222, 42
6, 238, 20
6, 241, 52
6, 244, 54
6, 247, 16
6, 265, 37
6, 279, 5
6, 280, 58
6, 287, 5
6, 307, 20
6, 311, 38
6, 313, 60
6, 320, 50
6, 325, 45
6, 329, 32
6, 334, 56
6, 351, 16
6, 353, 28
6, 362, 52
6, 371, 26
6, 379, 19
6, 387, 24
6, 388, 13
6, 406, 44
6, 416, 42
6, 421, 54
6, 426, 56
6, 437, 37
6, 441, 50
6, 448, 50
6, 455, 32
6, 458, 40
6, 462, 54
6, 464, 19
6, 470, 56
6, 471, 22
6, 477, 30
6, 483, 23
6, 498, 58
6, 500, 63
6, 504, 8
6, 518, 45
6, 521, 19
6, 528, 50
6, 534, 16
6, 537, 13
6, 539, 38
6, 548, 43
6, 564, 28
6, 564, 37
6, 566, 22
6, 585, 7
6, 594, 24
6, 604, 37
6, 610, 20
6, 611, 44
6, 615, 7
6, 628, 5
6, 638, 56
6, 639, 60
6, 640, 22
6, 651, 45
6, 656, 26
6, 659, 23
6, 660, 19
6, 668, 58
6, 673, 23
6, 677, 42
6, 693, 8
6, 696, 43
6, 697, 24
6, 701, 30
6, 715, 63
6, 717, 40
6, 719, 32
6, 726, 16
6, 726, 56
6, 728, 37
6, 731, 32
6, 758, 54
6, 762, 13
6, 765, 44
6, 780, 67
6, 781, 26
6, 782, 5
6, 789, 45
6, 799, 7
7, 8, 25
7, 9, 60
7, 11, 13
7, 25, 9
7, 26, 31
7, 33, 2
7, 35, 26
7, 42, 11
7, 49, 26
7, 58, 57
7, 60, 18
7, 61, 10
7, 61, 49
7, 78, 23
7, 93, 36
7, 98, 42
7, 132, 32
7, 142, 48
7, 144, 2
7, 152, 25
7, 176, 6
7, 182, 28
7, 187, 26
7, 189, 49
7, 203, 90
7, 210, 18
7, 212, 11
7, 213, 48
7, 250, 2
7, 262, 23
7, 279, 6
7, 279, 47
7, 283, 9
7, 294, 53
7, 299, 13
7, 310, 25
7, 312, 48
7, 325, 10
7, 332, 43
7, 352, 31
7, 368, 42
7, 374, 60
7, 396, 23
7, 417, 47
7, 426, 53
7, 444, 49
7, 463, 18
7, 468, 63
7, 493, 2
7, 500, 28
7, 508, 36
7, 520, 57
7, 522, 49
7, 527, 10
7, 528, 13
7, 531, 26
7, 533, 23
7, 536, 2
7, 540, 49
7, 550, 32
7, 558, 57
7, 559, 6
7, 565, 9
7, 575, 42
7, 589, 31
7, 592, 48
7, 597, 25
7, 609, 2
7, 614, 11
7, 659, 43
7, 662, 6
7, 667, 60
7, 669, 18
7, 676, 32
7, 684, 2
7, 688, 53
7, 692, 13
7, 715, 25
7, 718, 47
7, 720, 13
7, 724, 49
7, 725, 23
7, 738, 36
7, 750, 25
7, 750, 28
7, 755, 28
7, 762, 9
7, 782, 18
7, 784, 31
7, 789, 26
8, 21, 53
8, 21, 58
8, 24, 36
8, 38, 4
8, 43, 45
8, 47, 38
8, 57, 20
8, 74, 56
8, 77, 26
8, 78, 42
8, 78, 62
8, 80, 16
8, 86, 53
8, 91, 58
8, 93, 40
8, 108, 14
8, 112, 61
8, 113, 39
8, 117, 27
8, 121, 12
8, 134, 52
8, 145, 39
8, 151, 26
8, 154, 37
8, 155, 49
8, 164, 10
8, 169, 40
8, 175, 38
8, 187, 12
8, 191, 13
8, 208, 40
8, 214, 25
8, 222, 58
8, 222, 62
8, 230, 30
8, 232, 55
8, 241, 9
8, 269, 14
8, 269, 25
8, 270, 27
8, 280, 56
8, 291, 37
8, 294, 42
8, 294, 53
8, 304, 39
8, 319, 62
8, 325, 16
8, 358, 20
8, 358, 58
8, 363, 61
8, 365, 16
8, 369, 52
8, 371, 40
8, 384, 36
8, 391, 12
8, 395, 38
8, 428, 9
8, 443, 13
8, 444, 45
8, 464, 36
8, 464, 42
8, 485, 49
8, 511, 14
8, 511, 62
8, 513, 26
8, 514, 55
8, 515, 20
8, 516, 22
8, 526, 30
8, 536, 42
8, 538, 39
8, 546, 56
8, 558, 12
8, 569, 36
8, 573, 13
8, 580, 45
8, 581, 20
8, 594, 4
8, 603, 30
8, 621, 42
8, 632, 61
8, 635, 9
8, 635, 27
8, 656, 38
8, 659, 37
8, 661, 16
8, 661, 62
8, 663, 53
8, 676, 56
8, 681, 30
8, 702, 61
8, 710, 25
8, 725, 20
8, 730, 14
8, 737, 13
8, 742, 55
8, 769, 22
8, 777, 58
8, 787, 36
8, 788, 45
9, 8, 55
9, 9, 39
9, 15, 16
9, 18, 21
9, 39, 11
9, 61, 19
9, 71, 46
9, 111, 35
9, 114, 31
9, 123, 21
9, 123, 34
9, 133, 17
9, 142, 48
9, 148, 45
9, 156, 39
9, 157, 8
9, 163, 5
9, 163, 41
9, 197, 3
9, 207, 27
9, 207, 43
9, 212, 35
9, 216, 18
9, 221, 1
9, 229, 8
9, 237, 29
9, 262, 19
9, 266, 48
9, 270, 31
9, 270, 43
9, 276, 4
9, 277, 24
9, 283, 16
9, 296, 11
9, 307, 61
9, 316, 55
9, 348, 48
9, 362, 17
9, 368, 29
9, 368, 39
9, 388, 46
9, 416, 34
9, 445, 39
9, 453, 43
9, 472, 43
9, 483, 27
9, 491, 21
9, 495, 31
9, 503, 45
9, 507, 29
9, 527, 1
9, 530, 3
9, 542, 5
9, 548, 11
9, 553, 8
9, 554, 35
9, 559, 12
9, 563, 31
9, 570, 18
9, 571, 21
9, 581, 16
9, 588, 41
9, 590, 55
9, 607, 43
9, 609, 17
9, 620, 61
9, 631, 24
9, 640, 34
9, 653, 46
9, 657, 48
9, 696, 35
9, 708, 43
9, 716, 45
9, 726, 48
9, 727, 4
9, 739, 3
9, 748, 12
9, 748, 18
9, 760, 21
9, 763, 46
9, 767, 55
9, 783, 1
9, 784, 27
9, 788, 8
9, 795, 17
10, 15, 25
10, 33, 47
10, 39, 23
10, 50, 55
10, 53, 51
10, 57, 19
10, 69, 56
10, 97, 38
10, 104, 8
10, 105, 54
10, 109, 41
10, 113, 1
10, 116, 6
10, 116, 63
10, 120, 50
10, 143, 14
10, 147, 34
10, 173, 40
10, 177, 33
10, 189, 6
10, 189, 57
10, 204, 4
10, 214, 50
10, 253, 8
10, 253, 51
10, 256, 23
10, 257, 1
10, 267, 25
10, 268, 54
10, 271, 3
10, 287, 63
10, 315, 25
10, 319, 41
10, 335, 55
10, 349, 38
10, 375, 14
10, 376, 47
10, 383, 40
10, 397, 51
10, 397, 55
10, 409, 56
10, 415, 33
10, 447, 50
10, 487, 54
10, 496, 63
10, 503, 6
10, 504, 4
10, 514, 40
10, 517, 57
10, 521, 34
10, 525, 47
10, 527, 50
10, 544, 23
10, 569, 14
10, 586, 8
10, 590, 47
10, 594, 3
10, 601, 55
10, 625, 40
10, 627, 33
10, 643, 41
10, 645, 51
10, 646, 38
10, 660, 23
10, 684, 56
10, 709, 54
10, 712, 57
10, 714, 19
10, 722, 25
10, 723, 1
10, 741, 50
10, 744, 47
10, 752, 41
10, 769, 4
10, 786, 6
10, 798, 63
10, 799, 23
11, 1, 3
11, 22, 59
11, 33, 8
11, 50, 11
11, 52, 29
11, 78, 14
11, 85, 5
11, 85, 33
11, 102, 58
11, 116, 45
11, 125, 11
11, 127, 46
11, 141, 29
11, 144, 6
11, 144, 14
11, 150, 52
11, 158, 5
11, 159, 54
11, 164, 53
11, 181, 38
11, 183, 39
11, 191, 14
11, 219, 16
11, 230, 44
11, 235, 8
11, 235, 22
11, 235, 64
11, 241, 22
11, 246, 13
11, 268, 24
11, 268, 59
11, 276, 27
11, 293, 25
11, 300, 29
11, 304, 33
11, 313, 22
11, 314, 6
11, 319, 14
11, 323, 46
11, 330, 27
11, 337, 3
11, 340, 30
11, 364, 5
11, 369, 54
11, 370, 26
11, 376, 58
11, 398, 13
11, 402, 52
11, 416, 53
11, 430, 16
11, 437, 29
11, 446, 38
11, 479, 50
11, 484, 8
11, 492, 11
11, 512, 13
11, 520, 27
11, 521, 6
11, 522, 59
11, 527, 33
11, 532, 24
11, 547, 30
11, 556, 5
11, 557, 22
11, 572, 25
11, 574, 54
11, 601, 26
11, 605, 45
11, 615, 53
11, 628, 29
11, 636, 38
11, 640, 46
11, 649, 3
11, 651, 16
11, 651, 39
11, 659, 58
11, 671, 8
11, 687, 33
11, 689, 52
11, 691, 46
11, 701, 27
11, 711, 6
11, 718, 54
11, 720, 64
11, 727, 14
11, 729, 24
11, 729, 50
11, 730, 11
11, 759, 16
11, 763, 25
11, 770, 29
11, 770, 39
11, 789, 46
11, 795, 44
11, 797, 30
12, 3, 24
12, 10, 49
12, 11, 41
12, 25, 10
12, 34, 17
12, 43, 8
12, 51, 47
12, 58, 6
12, 70, 23
12, 72, 18
12, 72, 44
12, 74, 4
12, 78, 40
12, 85, 61
12, 93, 32
12, 99, 45
12, 111, 50
12, 119, 17
12, 122, 18
12, 131, 49
12, 133, 4
12, 137, 30
12, 156, 44
12, 161, 27
12, 165, 27
12, 166, 32
12, 169, 41
12, 171, 18
12, 175, 34
12, 191, 23
12, 196, 6
12, 214, 54
12, 216, 26
12, 221, 24
12, 262, 43
12, 272, 2
12, 278, 4
12, 288, 16
12, 292, 61
12, 295, 40
12, 300, 47
12, 301, 24
12, 301, 45
12, 303, 8
12, 308, 10
12, 325, 44
12, 326, 30
12, 354, 38
12, 357, 23
12, 365, 45
12, 374, 50
12, 377, 34
12, 380, 26
12, 380, 46
12, 381, 18
12, 381, 41
12, 398, 27
12, 404, 27
12, 417, 18
12, 441, 35
12, 448, 9
12, 450, 47
12, 452, 45
12, 457, 30
12, 471, 6
12, 478, 49
12, 486, 41
12, 488, 28
12, 513, 42
12, 522, 8
12, 523, 61
12, 536, 2
12, 549, 16
12, 554, 40
12, 572, 37
12, 576, 18
12, 579, 61
12, 587, 24
12, 589, 32
12, 592, 38
12, 605, 26
12, 607, 23
12, 614, 50
12, 615, 46
12, 650, 49
12, 661, 47
12, 662, 4
12, 664, 27
12, 674, 44
12, 677, 24
12, 678, 10
12, 681, 16
12, 681, 32
12, 681, 41
12, 692, 9
12, 695, 27
12, 700, 34
12, 701, 35
12, 704, 25
12, 728, 8
12, 733, 45
12, 754, 40
12, 757, 28
12, 759, 30
12, 773, 17
12, 774, 2
12, 789, 61
12, 797, 25
13, 2, 29
13, 12, 20
13, 13, 9
13, 53, 54
13, 63, 29
13, 77, 9
13, 79, 28
13, 83, 58
13, 98, 26
13, 98, 37
13, 107, 9
13, 112, 12
13, 112, 23
13, 118, 15
13, 128, 54
13, 132, 9
13, 134, 35
13, 142, 46
13, 148, 39
13, 155, 11
13, 164, 1
13, 166, 9
13, 178, 58
13, 180, 12
13, 189, 15
13, 189, 20
13, 190, 42
13, 191, 29
13, 196, 21
13, 198, 35
13, 215, 48
13, 236, 26
13, 251, 37
13, 259, 53
13, 270, 52
13, 273, 43
13, 282, 44
13, 283, 11
13, 287, 23
13, 307, 15
13, 309, 28
13, 310, 29
13, 344, 37
13, 348, 20
13, 350, 43
13, 355, 58
13, 372, 56
13, 385, 21
13, 391, 26
13, 392, 51
13, 398, 39
13, 421, 39
13, 433, 15
13, 441, 20
13, 444, 46
13, 453, 54
13, 478, 9
13, 482, 48
13, 506, 35
13, 506, 54
13, 507, 26
13, 528, 51
13, 532, 12
13, 544, 28
13, 545, 1
13, 553, 56
13, 567, 37
13, 571, 35
13, 584, 29
13, 587, 44
13, 599, 48
13, 602, 23
13, 606, 52
13, 634, 46
13, 636, 43
13, 637, 11
13, 660, 15
13, 693, 9
13, 704, 53
13, 716, 48
13, 721, 39
13, 728, 12
13, 736, 35
13, 736, 56
13, 742, 58
13, 745, 42
13, 753, 21
13, 756, 26
13, 781, 54
14, 14, 19
14, 30, 45
14, 39, 55
14, 40, 20
14, 53, 38
14, 55, 26
14, 63, 57
14, 72, 13
14, 83, 3
14, 90, 26
14, 101, 35
14, 109, 14
14, 126, 44
14, 140, 44
14, 145, 30
14, 155, 3
14, 190, 41
14, 199, 20
14, 200, 34
14, 203, 26
14, 210, 30
14, 210, 33
14, 225, 14
14, 229, 35
14, 239, 23
14, 245, 57
14, 247, 3
14, 249, 39
14, 250, 13
14, 252, 45
14, 261, 28
14, 301, 5
14, 327, 38
14, 337, 19
14, 349, 55
14, 356, 44
14, 363, 41
14, 384, 33
14, 393, 55
14, 396, 41
14, 400, 20
14, 409, 30
14, 414, 57
14, 429, 26
14, 468, 28
14, 471, 51
14, 471, 57
14, 475, 14
14, 475, 20
14, 480, 45
14, 514, 35
14, 520, 39
14, 532, 38
14, 540, 33
14, 548, 30
14, 584, 23
14, 589, 57
14, 591, 41
14, 611, 33
14, 626, 38
14, 646, 34
14, 659, 13
14, 660, 30
14, 664, 55
14, 667, 23
14, 693, 26
14, 703, 14
14, 705, 51
14, 706, 44
14, 710, 51
14, 713, 3
14, 718, 30
14, 727, 28
14, 744, 20
14, 751, 45
14, 783, 38
14, 786, 51
14, 791, 5
15, 8, 12
15, 11, 25
15, 12, 43
15, 19, 16
15, 36, 29
15, 46, 62
15, 71, 58
15, 78, 50
15, 78, 53
15, 82, 1
15, 82, 41
15, 84, 10
15, 104, 18
15, 116, 37
15, 128, 12
15, 132, 32
15, 141, 12
15, 154, 56
15, 164, 43
15, 175, 1
15, 178, 23
15, 179, 19
15, 188, 31
15, 202, 3
15, 208, 45
15, 214, 24
15, 224, 7
15, 225, 34
15, 225, 41
15, 230, 28
15, 233, 50
15, 248, 33
15, 250, 16
15, 259, 16
15, 259, 29
15, 266, 18
15, 274, 62
15, 275, 56
15, 285, 32
15, 286, 51
15, 290, 58
15, 309, 49
15, 314, 4
15, 322, 10
15, 336, 28
15, 349, 24
15, 363, 48
15, 365, 39
15, 369, 37
15, 372, 45
15, 385, 56
15, 394, 19
15, 411, 37
15, 419, 16
15, 438, 50
15, 440, 23
15, 457, 25
15, 458, 31
15, 459, 33
15, 460, 41
15, 465, 51
15, 467, 53
15, 490, 3
15, 493, 16
15, 498, 48
15, 509, 18
15, 510, 7
15, 513, 25
15, 513, 43
15, 523, 53
15, 536, 29
15, 537, 41
15, 538, 32
15, 540, 6
15, 552, 1
15, 559, 6
15, 565, 37
15, 565, 56
15, 569, 43
15, 578, 7
15, 579, 58
15, 586, 1
15, 586, 53
15, 588, 45
15, 596, 16
15, 609, 50
15, 632, 31
15, 661, 23
15, 661, 50
15, 664, 48
15, 666, 4
15, 672, 56
15, 682, 39
15, 686, 1
15, 701, 12
15, 712, 18
15, 715, 16
15, 730, 25
15, 732, 41
15, 741, 37
15, 742, 6
15, 744, 53
15, 750, 33
15, 752, 4
15, 756, 24
15, 757, 3
15, 761, 10
15, 792, 48
15, 792, 49
15, 795, 7
15, 798, 31
16, 7, 51
16, 17, 19
16, 17, 46
16, 19, 14
16, 19, 35
16, 23, 53
16, 28, 24
16, 30, 47
16, 42, 6
16, 46, 10
16, 52, 36
16, 69, 18
16, 88, 33
16, 93, 21
16, 94, 2
16, 94, 51
16, 95, 43
16, 101, 39
16, 109, 29
16, 138, 52
16, 152, 20
16, 157, 46
16, 167, 58
16, 171, 12
16, 173, 29
16, 174, 63
16, 175, 14
16, 190, 46
16, 193, 33
16, 200, 53
16, 213, 21
16, 216, 26
16, 219, 17
16, 230, 10
16, 234, 22
16, 238, 36
16, 254, 6
16, 262, 3
16, 280, 24
16, 284, 47
16, 292, 47
16, 301, 18
16, 308, 32
16, 310, 28
16, 316, 14
16, 320, 2
16, 324, 61
16, 340, 29
16, 350, 29
16, 353, 35
16, 367, 19
16, 371, 52
16, 375, 31
16, 377, 33
16, 388, 58
16, 389, 29
16, 404, 19
16, 420, 12
16, 425, 51
16, 428, 22
16, 438, 28
16, 438, 46
16, 439, 33
16, 440, 32
16, 453, 36
16, 463, 39
16, 470, 47
16, 481, 19
16, 496, 43
16, 497, 46
16, 500, 19
16, 506, 6
16, 517, 51
16, 554, 63
16, 559, 53
16, 568, 61
16, 570, 24
16, 586, 29
16, 590, 20
16, 595, 17
16, 598, 39
16, 608, 28
16, 611, 2
16, 623, 58
16, 625, 52
16, 632, 10
16, 640, 18
16, 644, 21
16, 651, 26
16, 658, 32
16, 666, 35
16, 671, 32
16, 675, 63
16, 691, 14
16, 694, 3
16, 712, 17
16, 713, 22
16, 744, 51
16, 747, 22
16, 748, 47
16, 764, 12
16, 765, 2
16, 768, 52
16, 770, 19
16, 772, 31
16, 775, 24
16, 781, 43
17, 2, 59
17, 11, 55
17, 14, 47
17, 15, 7
17, 16, 34
17, 18, 12
17, 21, 63
17, 31, 36
17, 34, 1
17, 37, 23
17, 40, 27
17, 48, 15
17, 51, 28
17, 60, 31
17, 61, 52
17, 63, 40
17, 73, 59
17, 76, 3
17, 90, 56
17, 97, 39
17, 103, 23
17, 106, 21
17, 112, 27
17, 112, 31
17, 127, 14
17, 128, 2
17, 131, 48
17, 159, 29
17, 183, 53
17, 187, 28
17, 190, 48
17, 198, 55
17, 200, 1
17, 204, 39
17, 204, 57
17, 210, 47
17, 213, 44
17, 221, 7
17, 225, 10
17, 226, 11
17, 227, 14
17, 234, 36
17, 236, 29
17, 248, 38
17, 253, 31
17, 264, 13
17, 267, 34
17, 277, 27
17, 280, 40
17, 306, 23
17, 308, 12
17, 317, 32
17, 318, 52
17, 322, 59
17, 333, 7
17, 341, 40
17, 343, 7
17, 350, 48
17, 358, 48
17, 359, 25
17, 376, 26
17, 377, 39
17, 380, 63
17, 381, 49
17, 387, 10
17, 416, 34
17, 426, 55
17, 435, 34
17, 451, 47
17, 477, 38
17, 485, 56
17, 490, 11
17, 495, 32
17, 507, 34
17, 516, 28
17, 528, 15
17, 532, 3
17, 549, 29
17, 561, 14
17, 563, 53
17, 573, 2
17, 579, 52
17, 582, 59
17, 583, 40
17, 588, 12
17, 591, 49
17, 593, 13
17, 605, 21
17, 606, 1
17, 608, 55
17, 636, 57
17, 638, 15
17, 643, 31
17, 654, 7
17, 672, 44
17, 676, 2
17, 678, 7
17, 678, 29
17, 679, 48
17, 691, 23
17, 699, 3
17, 700, 57
17, 733, 32
17, 735, 53
17, 738, 29
17, 743, 26
17, 744, 10
17, 748, 13
17, 751, 11
17, 756, 31
17, 757, 57
17, 770, 56
17, 788, 52
17, 794, 7
17, 796, 44
18, 2, 17
18, 31, 30
18, 35, 25
18, 40, 8
18, 45, 22
18, 50, 50
18, 55, 37
18, 60, 48
18, 76, 62
18, 80, 2
18, 80, 42
18, 84, 30
18, 95, 38
18, 100, 41
18, 100, 55
18, 105, 15
18, 106, 16
18, 111, 5
18, 119, 45
18, 126, 37
18, 149, 53
18, 157, 25
18, 166, 35
18, 185, 8
18, 189, 43
18, 218, 16
18, 219, 48
18, 226, 9
18, 236, 47
18, 241, 55
18, 242, 20
18, 246, 42
18, 248, 11
18, 253, 57
18, 256, 50
18, 259, 15
18, 269, 22
18, 273, 42
18, 276, 8
18, 277, 64
18, 278, 24
18, 285, 2
18, 285, 9
18, 297, 17
18, 308, 62
18, 346, 53
18, 349, 60
18, 353, 57
18, 366, 45
18, 366, 62
18, 394, 25
18, 404, 8
18, 407, 16
18, 433, 41
18, 438, 55
18, 439, 50
18, 441, 24
18, 452, 38
18, 456, 62
18, 465, 46
18, 474, 47
18, 480, 43
18, 493, 22
18, 497, 35
18, 510, 9
18, 522, 20
18, 524, 37
18, 524, 50
18, 546, 11
18, 550, 60
18, 554, 50
18, 556, 45
18, 561, 42
18, 562, 48
18, 566, 15
18, 572, 17
18, 599, 64
18, 602, 5
18, 610, 38
18, 613, 55
18, 615, 8
18, 615, 47
18, 616, 16
18, 627, 25
18, 631, 62
18, 642, 20
18, 647, 2
18, 653, 43
18, 660, 60
18, 666, 17
18, 667, 55
18, 678, 46
18, 681, 35
18, 684, 53
18, 691, 9
18, 694, 24
18, 702, 64
18, 708, 10
18, 735, 41
18, 737, 45
18, 745, 30
18, 748, 48
18, 754, 5
18, 763, 43
18, 765, 50
18, 788, 42
19, 3, 38
19, 4, 2
19, 25, 35
19, 32, 1
19, 34, 23
19, 40, 45
19, 57, 56
19, 61, 33
19, 64, 58
19, 77, 7
19, 82, 27
19, 90, 15
19, 110, 60
19, 114, 35
19, 118, 25
19, 127, 2
19, 139, 23
19, 141, 4
19, 163, 52
19, 164, 21
19, 165, 18
19, 178, 38
19, 191, 32
19, 238, 55
19, 254, 45
19, 259, 25
19, 262, 52
19, 264, 33
19, 271, 7
19, 292, 52
19, 299, 35
19, 321, 27
19, 343, 56
19, 372, 27
19, 381, 58
19, 401, 21
19, 409, 42
19, 422, 23
19, 460, 48
19, 467, 27
19, 475, 55
19, 483, 45
19, 489, 25
19, 492, 60
19, 497, 32
19, 505, 1
19, 516, 38
19, 518, 15
19, 518, 52
19, 549, 18
19, 550, 56
19, 576, 4
19, 579, 60
19, 581, 2
19, 587, 52
19, 608, 7
19, 608, 35
19, 610, 33
19, 611, 45
19, 638, 48
19, 647, 23
19, 648, 25
19, 650, 42
19, 655, 38
19, 671, 27
19, 687, 32
19, 716, 21
19, 724, 60
19, 736, 52
19, 765, 58
19, 796, 7
