1, 12, 41
1, 18, 56
1, 21, 22
1, 47, 45
1, 60, 63
1, 62, 45
1, 64, 10
1, 67, 49
1, 68, 3
1, 71, 31
1, 76, 6
1, 93, 57
1, 98, 37
1, 101, 4
1, 112, 10
1, 119, 30
1, 131, 15
1, 131, 17
1, 132, 52
1, 156, 31
1, 166, 39
1, 188, 59
1, 190, 3
1, 191, 19
1, 196, 13
1, 202, 49
1, 215, 36
1, 236, 41
1, 241, 19
1, 244, 39
1, 251, 10
1, 267, 37
1, 278, 6
1, 291, 15
1, 303, 52
1, 306, 22
1, 307, 25
1, 311, 45
1, 322, 15
1, 332, 63
1, 336, 31
1, 344, 64
1, 353, 52
1, 355, 49
1, 382, 41
1, 410, 49
1, 417, 45
1, 429, 56
1, 435, 36
1, 437, 64
1, 473, 36
1, 492, 45
1, 492, 59
1, 493, 4
1, 503, 37
1, 512, 22
1, 530, 45
1, 538, 15
1, 538, 39
1, 550, 31
1, 552, 30
1, 556, 10
1, 556, 57
1, 566, 17
1, 578, 3
1, 601, 37
1, 604, 59
1, 605, 6
1, 610, 41
1, 621, 52
1, 629, 31
1, 637, 49
1, 644, 64
1, 650, 13
1, 663, 25
1, 667, 4
1, 668, 45
1, 671, 19
1, 683, 56
1, 688, 15
1, 705, 41
1, 730, 39
1, 737, 17
1, 737, 36
1, 761, 57
1, 771, 59
1, 777, 64
1, 781, 45
1, 787, 37
2, 2, 57
2, 10, 6
2, 15, 29
2, 20, 32
2, 26, 1
2, 35, 11
2, 39, 9
2, 43, 54
2, 76, 42
2, 87, 21
2, 95, 2
2, 98, 13
2, 98, 34
2, 103, 28
2, 111, 53
2, 116, 47
2, 116, 61
2, 118, 40
2, 139, 12
2, 154, 22
2, 166, 8
2, 184, 44
2, 185, 23
2, 197, 2
2, 201, 19
2, 204, 62
2, 209, 20
2, 209, 83
2, 222, 34
2, 227, 51
2, 230, 6
2, 238, 40
2, 241, 61
2, 264, 29
2, 268, 57
2, 273, 53
2, 277, 42
2, 285, 6
2, 285, 13
2, 292, 11
2, 292, 25
2, 299, 1
2, 301, 42
2, 316, 21
2, 323, 45
2, 326, 32
2, 344, 44
2, 361, 1
2, 417, 32
2, 428, 54
2, 436, 44
2, 450, 22
2, 455, 8
2, 458, 45
2, 468, 62
2, 476, 34
2, 480, 25
2, 488, 45
2, 494, 28
2, 498, 51
2, 516, 47
2, 519, 20
2, 530, 12
2, 531, 32
2, 552, 47
2, 557, 23
2, 559, 40
2, 575, 21
2, 577, 44
2, 594, 42
2, 600, 53
2, 614, 9
2, 624, 53
2, 632, 62
2, 643, 22
2, 650, 32
2, 655, 42
2, 659, 51
2, 665, 61
2, 667, 13
2, 671, 2
2, 690, 11
2, 698, 19
2, 698, 29
2, 705, 28
2, 706, 1
2, 706, 2
2, 709, 20
2, 709, 57
2, 719, 54
2, 726, 8
2, 731, 34
2, 736, 6
2, 742, 40
2, 755, 9
2, 770, 53
2, 786, 2
2, 789, 8
2, 790, 62
2, 791, 1
2, 793, 25
3, 13, 61
3, 24, 27
3, 26, 39
3, 46, 16
3, 53, 49
3, 55, 32
3, 66, 53
3, 67, 24
3, 83, 47
3, 89, 19
3, 93, 12
3, 113, 58
3, 147, 30
3, 157, 5
3, 172, 49
3, 173, 61
3, 174, 9
3, 174, 44
3, 189, 39
3, 193, 12
3, 193, 44
3, 205, 9
3, 218, 57
3, 243, 52
3, 256, 27
3, 261, 16
3, 263, 53
3, 282, 35
3, 285, 14
3, 298, 52
3, 338, 61
3, 343, 24
3, 357, 35
3, 358, 39
3, 370, 40
3, 377, 49
3, 382, 45
3, 398, 32
3, 405, 30
3, 414, 19
3, 418, 24
3, 430, 27
3, 448, 58
3, 452, 44
3, 462, 47
3, 463, 56
3, 483, 30
3, 485, 53
3, 538, 35
3, 541, 24
3, 545, 49
3, 550, 16
3, 560, 44
3, 570, 61
3, 586, 27
3, 587, 35
3, 602, 21
3, 602, 57
3, 612, 52
3, 614, 5
3, 639, 12
3, 641, 47
3, 645, 44
3, 661, 40
3, 667, 58
3, 671, 35
3, 674, 56
3, 675, 32
3, 680, 44
3, 683, 40
3, 687, 19
3, 697, 56
3, 704, 9
3, 720, 5
3, 732, 35
3, 733, 61
3, 739, 57
3, 746, 44
3, 756, 19
3, 764, 53
3, 771, 49
3, 779, 30
3, 782, 16
4, 13, 56
4, 15, 22
4, 18, 19
4, 27, 42
4, 33, 28
4, 38, 47
4, 44, 2
4, 46, 5
4, 59, 21
4, 60, 8
4, 78, 38
4, 96, 56
4, 100, 34
4, 101, 22
4, 107, 13
4, 127, 41
4, 128, 16
4, 130, 12
4, 133, 1
4, 134, 27
4, 134, 60
4, 156, 14
4, 199, 40
4, 205, 28
4, 213, 48
4, 222, 2
4, 224, 44
4, 243, 38
4, 244, 55
4, 252, 4
4, 267, 42
4, 272, 13
4, 274, 1
4, 299, 53
4, 350, 27
4, 352, 56
4, 369, 53
4, 372, 19
4, 382, 38
4, 387, 16
4, 391, 14
4, 399, 22
4, 406, 47
4, 440, 41
4, 454, 28
4, 460, 21
4, 480, 56
4, 483, 38
4, 492, 34
4, 504, 21
4, 506, 42
4, 507, 60
4, 513, 19
4, 513, 27
4, 514, 55
4, 516, 40
4, 528, 4
4, 532, 14
4, 568, 4
4, 582, 12
4, 589, 8
4, 602, 22
4, 604, 13
4, 605, 5
4, 620, 41
4, 626, 2
4, 634, 44
4, 636, 53
4, 641, 1
4, 650, 16
4, 662, 60
4, 696, 14
4, 735, 4
4, 744, 19
4, 748, 19
4, 753, 13
4, 754, 60
4, 756, 28
4, 761, 47
4, 763, 12
4, 763, 34
5, 1, 10
5, 9, 13
5, 16, 28
5, 31, 46
5, 35, 54
5, 38, 34
5, 44, 30
5, 46, 58
5, 48, 23
5, 58, 6
5, 79, 25
5, 86, 7
5, 91, 38
5, 111, 28
5, 117, 53
5, 118, 28
5, 129, 33
5, 144, 34
5, 161, 54
5, 166, 27
5, 170, 6
5, 170, 49
5, 172, 29
5, 176, 13
5, 178, 1
5, 187, 31
5, 191, 39
5, 214, 10
5, 233, 19
5, 244, 33
5, 249, 46
5, 253, 25
5, 260, 36
5, 266, 21
5, 283, 58
5, 287, 3
5, 292, 53
5, 293, 38
5, 299, 36
5, 301, 46
5, 311, 23
5, 313, 19
5, 316, 48
5, 327, 34
5, 333, 30
5, 401, 21
5, 403, 28
5, 404, 38
5, 411, 53
5, 425, 10
5, 429, 29
5, 444, 28
5, 454, 48
5, 474, 21
5, 501, 33
5, 502, 7
5, 505, 31
5, 506, 27
5, 511, 49
5, 525, 36
5, 529, 19
5, 531, 13
5, 547, 26
5, 565, 1
5, 570, 23
5, 577, 29
5, 583, 6
5, 601, 46
5, 602, 33
5, 608, 27
5, 614, 7
5, 616, 19
5, 623, 21
5, 636, 36
5, 637, 25
5, 638, 58
5, 648, 31
5, 668, 39
5, 671, 58
5, 684, 28
5, 695, 3
5, 708, 30
5, 725, 48
5, 737, 38
5, 741, 39
5, 742, 13
5, 744, 53
5, 752, 1
5, 753, 7
5, 766, 10
5, 776, 48
5, 781, 21
5, 789, 28
5, 793, 26
5, 799, 33
6, 21, 14
6, 41, 16
6, 52, 56
6, 56, 20
6, 61, 10
6, 88, 30
6, 88, 40
6, 98, 22
6, 99, 17
6, 100, 8
6, 101, 53
6, 114, 42
6, 142, 35
6, 142, 45
6, 151, 50
6, 164, 37
6, 166, 4
6, 170, 24
6, 178, 7
6, 185, 8
6, 190, 11
6, 194, 40
6, 196, 16
6, 209, 67
6, 215, 63
6, 216, 58
6, 218, 50
6, 238, 29
6, 241, 17
6, 248, 53
6, 261, 16
6, 267, 20
6, 272, 48
6, 296, 56
6, 308, 36
6, 310, 10
6, 322, 37
6, 337, 32
6, 341, 45
6, 350, 17
6, 364, 42
6, 377, 20
6, 380, 22
6, 381, 37
6, 382, 40
6, 388, 20
6, 409, 10
6, 413, 42
6, 420, 53
6, 427, 30
6, 429, 50
6, 452, 35
6, 467, 45
6, 471, 56
6, 489, 63
6, 504, 63
6, 507, 8
6, 507, 14
6, 511, 58
6, 513, 35
6, 517, 16
6, 533, 40
6, 550, 4
6, 551, 22
6, 560, 7
6, 562, 32
6, 567, 17
6, 571, 36
6, 583, 20
6, 601, 48
6, 619, 11
6, 626, 4
6, 640, 22
6, 650, 7
6, 653, 42
6, 658, 20
6, 688, 24
6, 691, 10
6, 691, 14
6, 696, 53
6, 703, 27
6, 720, 63
6, 722, 40
6, 722, 67
6, 728, 16
6, 730, 50
6, 761, 35
6, 780, 67
6, 784, 48
6, 789, 4
7, 4, 60
7, 12, 6
7, 14, 1
7, 17, 35
7, 18, 31
7, 20, 24
7, 42, 27
7, 44, 39
7, 47, 48
7, 53, 18
7, 58, 43
7, 70, 55
7, 79, 31
7, 80, 5
7, 80, 8
7, 100, 39
7, 124, 29
7, 129, 29
7, 136, 13
7, 160, 2
7, 162, 60
7, 163, 6
7, 172, 10
7, 182, 44
7, 184, 11
7, 206, 18
7, 209, 39
7, 233, 32
7, 248, 55
7, 256, 1
7, 257, 8
7, 273, 35
7, 284, 9
7, 286, 27
7, 287, 5
7, 290, 60
7, 320, 60
7, 363, 55
7, 368, 27
7, 394, 10
7, 400, 13
7, 408, 43
7, 411, 30
7, 414, 31
7, 419, 55
7, 446, 35
7, 448, 39
7, 449, 32
7, 453, 18
7, 468, 11
7, 477, 24
7, 479, 10
7, 486, 27
7, 498, 29
7, 502, 2
7, 522, 48
7, 530, 55
7, 532, 60
7, 535, 44
7, 539, 11
7, 543, 1
7, 547, 43
7, 563, 6
7, 575, 8
7, 592, 55
7, 594, 48
7, 599, 5
7, 611, 13
7, 611, 43
7, 645, 60
7, 651, 24
7, 652, 39
7, 668, 6
7, 670, 8
7, 672, 18
7, 674, 31
7, 688, 2
7, 695, 10
7, 717, 30
7, 767, 31
7, 775, 18
7, 778, 1
7, 787, 48
7, 791, 32
7, 798, 6
8, 4, 16
8, 9, 38
8, 13, 57
8, 18, 62
8, 34, 31
8, 45, 47
8, 56, 39
8, 77, 19
8, 86, 56
8, 106, 61
8, 110, 43
8, 113, 11
8, 120, 22
8, 141, 46
8, 143, 20
8, 144, 32
8, 146, 39
8, 156, 38
8, 156, 59
8, 175, 30
8, 201, 50
8, 218, 24
8, 220, 16
8, 254, 56
8, 264, 31
8, 269, 59
8, 276, 26
8, 307, 62
8, 311, 47
8, 315, 57
8, 352, 31
8, 354, 19
8, 354, 50
8, 357, 16
8, 360, 59
8, 361, 61
8, 392, 19
8, 397, 22
8, 412, 38
8, 416, 46
8, 443, 39
8, 449, 11
8, 468, 56
8, 477, 43
8, 482, 50
8, 488, 20
8, 491, 30
8, 511, 59
8, 525, 26
8, 539, 50
8, 552, 57
8, 565, 56
8, 566, 32
8, 571, 22
8, 576, 38
8, 577, 47
8, 594, 24
8, 597, 31
8, 620, 62
8, 665, 43
8, 665, 50
8, 667, 16
8, 676, 19
8, 693, 43
8, 694, 20
8, 701, 61
8, 704, 25
8, 720, 22
8, 723, 56
8, 747, 26
8, 766, 20
8, 768, 43
8, 774, 11
8, 776, 62
8, 788, 46
9, 18, 14
9, 31, 48
9, 35, 27
9, 43, 1
9, 48, 8
9, 48, 11
9, 61, 21
9, 64, 54
9, 66, 45
9, 69, 16
9, 86, 57
9, 92, 52
9, 109, 63
9, 120, 35
9, 123, 31
9, 134, 17
9, 144, 45
9, 167, 52
9, 173, 8
9, 175, 32
9, 176, 26
9, 181, 6
9, 181, 29
9, 183, 12
9, 191, 24
9, 199, 3
9, 202, 3
9, 208, 2
9, 215, 35
9, 226, 8
9, 229, 29
9, 233, 54
9, 240, 11
9, 260, 48
9, 263, 1
9, 266, 14
9, 266, 21
9, 267, 3
9, 268, 16
9, 269, 21
9, 271, 27
9, 286, 24
9, 291, 12
9, 302, 84
9, 319, 16
9, 332, 24
9, 342, 3
9, 350, 17
9, 367, 26
9, 367, 63
9, 384, 14
9, 389, 45
9, 390, 52
9, 397, 57
9, 420, 44
9, 441, 45
9, 473, 21
9, 495, 27
9, 523, 29
9, 526, 2
9, 535, 14
9, 550, 12
9, 551, 8
9, 556, 35
9, 562, 14
9, 562, 32
9, 564, 35
9, 583, 16
9, 587, 57
9, 595, 3
9, 600, 26
9, 615, 1
9, 618, 17
9, 626, 48
9, 627, 52
9, 631, 44
9, 634, 11
9, 653, 63
9, 656, 45
9, 663, 29
9, 691, 35
9, 693, 6
9, 702, 26
9, 712, 2
9, 713, 44
9, 715, 31
9, 716, 12
9, 731, 21
9, 744, 54
9, 746, 3
9, 759, 17
9, 768, 45
9, 772, 14
9, 777, 27
9, 786, 8
9, 788, 29
9, 796, 12
9, 797, 24
9, 799, 17
10, 1, 23
10, 16, 18
10, 27, 8
10, 56, 4
10, 63, 26
10, 74, 58
10, 74, 63
10, 89, 6
10, 90, 38
10, 96, 54
10, 104, 1
10, 107, 32
10, 109, 40
10, 111, 56
10, 120, 53
10, 133, 52
10, 154, 6
10, 155, 48
10, 156, 50
10, 185, 26
10, 198, 56
10, 231, 19
10, 252, 50
10, 268, 1
10, 275, 3
10, 292, 63
10, 298, 38
10, 304, 29
10, 308, 32
10, 312, 18
10, 316, 41
10, 359, 20
10, 364, 40
10, 371, 54
10, 389, 23
10, 403, 53
10, 424, 54
10, 435, 20
10, 446, 50
10, 463, 23
10, 489, 19
10, 490, 38
10, 493, 52
10, 496, 6
10, 500, 63
10, 506, 1
10, 523, 4
10, 539, 23
10, 562, 38
10, 567, 41
10, 572, 48
10, 575, 18
10, 588, 29
10, 609, 25
10, 631, 32
10, 633, 26
10, 635, 50
10, 635, 56
10, 639, 40
10, 706, 41
10, 719, 38
10, 720, 23
10, 721, 4
10, 730, 48
10, 744, 20
10, 745, 50
10, 756, 19
10, 762, 29
10, 773, 54
10, 781, 6
10, 785, 1
10, 795, 63
11, 26, 9
11, 36, 34
11, 41, 17
11, 57, 40
11, 61, 48
11, 64, 31
11, 69, 12
11, 70, 54
11, 80, 7
11, 80, 41
11, 84, 25
11, 88, 58
11, 99, 22
11, 114, 10
11, 143, 31
11, 146, 17
11, 151, 5
11, 153, 46
11, 154, 39
11, 159, 52
11, 180, 20
11, 185, 41
11, 188, 17
11, 194, 38
11, 213, 50
11, 217, 15
11, 221, 64
11, 232, 58
11, 248, 7
11, 280, 40
11, 284, 22
11, 288, 10
11, 296, 17
11, 296, 46
11, 300, 48
11, 305, 31
11, 305, 42
11, 307, 9
11, 320, 9
11, 332, 34
11, 333, 12
11, 333, 54
11, 335, 56
11, 351, 41
11, 364, 50
11, 399, 58
11, 410, 39
11, 412, 25
11, 421, 15
11, 452, 38
11, 470, 31
11, 472, 42
11, 474, 10
11, 489, 17
11, 520, 46
11, 526, 50
11, 541, 25
11, 553, 5
11, 565, 22
11, 571, 12
11, 574, 17
11, 579, 40
11, 581, 34
11, 590, 20
11, 600, 38
11, 635, 10
11, 660, 25
11, 663, 56
11, 666, 58
11, 667, 54
11, 671, 7
11, 676, 64
11, 680, 39
11, 683, 41
11, 697, 31
11, 724, 48
11, 727, 12
11, 728, 50
11, 746, 52
11, 750, 15
11, 758, 25
11, 764, 38
11, 766, 40
11, 767, 9
11, 769, 20
12, 6, 53
12, 9, 2
12, 22, 58
12, 28, 25
12, 47, 48
12, 48, 36
12, 50, 52
12, 51, 39
12, 55, 28
12, 59, 8
12, 64, 2
12, 67, 21
12, 67, 23
12, 77, 18
12, 89, 61
12, 95, 29
12, 118, 45
12, 121, 47
12, 125, 6
12, 127, 55
12, 134, 3
12, 151, 9
12, 151, 47
12, 152, 7
12, 160, 9
12, 162, 16
12, 176, 34
12, 195, 26
12, 201, 28
12, 202, 6
12, 210, 41
12, 217, 45
12, 218, 53
12, 219, 58
12, 231, 12
12, 239, 41
12, 250, 19
12, 251, 25
12, 253, 19
12, 256, 26
12, 271, 26
12, 282, 29
12, 288, 2
12, 289, 23
12, 292, 3
12, 295, 61
12, 318, 55
12, 320, 21
12, 327, 28
12, 354, 45
12, 362, 8
12, 376, 44
12, 378, 23
12, 381, 23
12, 381, 58
12, 384, 39
12, 385, 36
12, 401, 36
12, 405, 29
12, 415, 18
12, 421, 52
12, 437, 34
12, 456, 7
12, 461, 9
12, 466, 52
12, 498, 26
12, 498, 45
12, 512, 41
12, 518, 35
12, 519, 9
12, 522, 6
12, 526, 48
12, 527, 61
12, 529, 58
12, 534, 16
12, 535, 28
12, 538, 2
12, 540, 12
12, 544, 29
12, 565, 55
12, 583, 60
12, 585, 44
12, 587, 25
12, 588, 19
12, 602, 18
12, 605, 47
12, 608, 53
12, 609, 45
12, 624, 36
12, 634, 39
12, 636, 41
12, 651, 3
12, 659, 25
12, 672, 19
12, 672, 35
12, 674, 8
12, 689, 21
12, 691, 55
12, 709, 44
12, 713, 9
12, 715, 61
12, 724, 52
12, 730, 26
12, 735, 25
12, 735, 36
12, 739, 45
12, 754, 29
12, 781, 2
12, 786, 23
12, 788, 53
12, 790, 34
12, 794, 48
12, 794, 60
13, 3, 27
13, 8, 25
13, 16, 40
13, 33, 26
13, 67, 17
13, 71, 56
13, 89, 33
13, 90, 25
13, 138, 49
13, 142, 8
13, 152, 28
13, 158, 1
13, 177, 10
13, 178, 58
13, 184, 54
13, 186, 17
13, 193, 42
13, 204, 27
13, 218, 49
13, 224, 33
13, 227, 38
13, 239, 56
13, 251, 54
13, 256, 44
13, 259, 12
13, 277, 28
13, 288, 10
13, 314, 26
13, 320, 25
13, 339, 19
13, 345, 58
13, 349, 30
13, 369, 47
13, 370, 58
13, 374, 40
13, 381, 17
13, 395, 10
13, 396, 41
13, 401, 27
13, 409, 56
13, 421, 26
13, 433, 29
13, 437, 20
13, 441, 49
13, 442, 25
13, 453, 27
13, 453, 42
13, 456, 38
13, 462, 33
13, 475, 44
13, 477, 8
13, 485, 56
13, 504, 14
13, 507, 33
13, 510, 19
13, 510, 54
13, 532, 27
13, 532, 42
13, 538, 30
13, 543, 1
13, 549, 28
13, 549, 33
13, 555, 58
13, 591, 47
13, 601, 17
13, 634, 12
13, 636, 20
13, 636, 41
13, 644, 17
13, 648, 44
13, 654, 25
13, 658, 49
13, 666, 40
13, 694, 26
13, 695, 33
13, 708, 54
13, 725, 19
13, 726, 14
13, 726, 29
13, 726, 47
13, 733, 58
13, 735, 42
13, 740, 8
13, 744, 27
13, 748, 56
13, 754, 38
13, 785, 54
13, 797, 30
14, 5, 50
14, 32, 36
14, 38, 55
14, 62, 24
14, 80, 29
14, 89, 46
14, 100, 23
14, 113, 38
14, 119, 13
14, 120, 15
14, 128, 18
14, 153, 3
14, 159, 33
14, 160, 48
14, 172, 38
14, 190, 37
14, 195, 40
14, 200, 43
14, 213, 27
14, 217, 18
14, 222, 15
14, 225, 24
14, 228, 51
14, 234, 23
14, 246, 21
14, 251, 6
14, 253, 35
14, 253, 37
14, 260, 38
14, 261, 29
14, 286, 55
14, 292, 46
14, 296, 27
14, 305, 4
14, 313, 50
14, 319, 31
14, 320, 36
14, 328, 46
14, 378, 33
14, 434, 24
14, 444, 40
14, 445, 21
14, 451, 46
14, 459, 50
14, 470, 51
14, 472, 48
14, 482, 15
14, 485, 46
14, 493, 18
14, 496, 29
14, 505, 3
14, 518, 6
14, 520, 38
14, 521, 35
14, 527, 40
14, 542, 31
14, 552, 36
14, 555, 55
14, 568, 23
14, 568, 35
14, 582, 13
14, 582, 38
14, 585, 46
14, 585, 55
14, 603, 48
14, 640, 43
14, 655, 15
14, 671, 55
14, 676, 50
14, 700, 13
14, 700, 46
14, 705, 24
14, 710, 31
14, 711, 4
14, 714, 18
14, 730, 29
14, 737, 6
14, 739, 48
14, 748, 3
14, 752, 40
14, 763, 21
14, 771, 36
14, 782, 38
14, 792, 51
14, 794, 4
15, 11, 44
15, 35, 42
15, 37, 62
15, 41, 45
15, 51, 5
15, 53, 28
15, 60, 32
15, 75, 52
15, 80, 42
15, 84, 38
15, 87, 2
15, 87, 47
15, 115, 25
15, 118, 31
15, 122, 37
15, 126, 9
15, 148, 55
15, 150, 28
15, 157, 44
15, 160, 29
15, 173, 1
15, 180, 24
15, 180, 47
15, 193, 32
15, 201, 31
15, 202, 22
15, 205, 38
15, 215, 42
15, 226, 42
15, 231, 8
15, 262, 5
15, 267, 52
15, 272, 62
15, 273, 19
15, 284, 45
15, 310, 32
15, 314, 52
15, 317, 29
15, 320, 2
15, 326, 9
15, 342, 29
15, 350, 37
15, 352, 56
15, 361, 25
15, 364, 42
15, 376, 45
15, 389, 55
15, 391, 24
15, 391, 55
15, 452, 31
15, 462, 38
15, 471, 44
15, 501, 52
15, 517, 5
15, 526, 37
15, 562, 1
15, 575, 52
15, 576, 8
15, 592, 29
15, 596, 42
15, 621, 56
15, 639, 25
15, 648, 31
15, 649, 37
15, 649, 38
15, 654, 24
15, 666, 55
15, 670, 5
15, 676, 47
15, 677, 45
15, 679, 2
15, 681, 44
15, 695, 22
15, 709, 19
15, 724, 55
15, 743, 29
15, 747, 9
15, 775, 42
15, 776, 1
15, 787, 5
15, 793, 31
16, 8, 24
16, 17, 13
16, 20, 17
16, 23, 32
16, 33, 54
16, 36, 2
16, 81, 3
16, 89, 24
16, 90, 48
16, 107, 32
16, 110, 18
16, 113, 22
16, 130, 47
16, 132, 31
16, 134, 2
16, 143, 51
16, 171, 63
16, 172, 11
16, 179, 38
16, 193, 43
16, 199, 24
16, 204, 17
16, 224, 7
16, 227, 35
16, 229, 13
16, 234, 11
16, 239, 29
16, 247, 27
16, 255, 15
16, 260, 11
16, 269, 3
16, 278, 32
16, 318, 18
16, 320, 58
16, 334, 60
16, 339, 35
16, 345, 54
16, 359, 48
16, 360, 54
16, 369, 31
16, 378, 48
16, 391, 27
16, 413, 38
16, 419, 47
16, 421, 13
16, 427, 32
16, 439, 27
16, 442, 47
16, 454, 35
16, 468, 51
16, 469, 43
16, 476, 54
16, 493, 11
16, 493, 27
16, 505, 18
16, 511, 24
16, 513, 43
16, 515, 13
16, 519, 29
16, 530, 54
16, 553, 7
16, 556, 63
16, 564, 22
16, 572, 60
16, 578, 17
16, 588, 2
16, 593, 38
16, 608, 32
16, 617, 60
16, 619, 15
16, 621, 3
16, 624, 48
16, 629, 11
16, 635, 31
16, 657, 29
16, 665, 24
16, 680, 7
16, 681, 31
16, 683, 27
16, 686, 51
16, 705, 13
16, 748, 14
16, 748, 48
16, 756, 27
16, 760, 22
16, 763, 2
16, 763, 18
16, 768, 43
16, 769, 58
16, 786, 7
16, 788, 48
17, 2, 59
17, 6, 47
17, 15, 16
17, 16, 34
17, 35, 63
17, 43, 49
17, 58, 57
17, 72, 42
17, 73, 57
17, 75, 28
17, 80, 2
17, 84, 43
17, 85, 10
17, 95, 3
17, 117, 8
17, 117, 17
17, 117, 21
17, 139, 51
17, 145, 12
17, 147, 37
17, 148, 16
17, 164, 55
17, 175, 28
17, 179, 16
17, 197, 1
17, 201, 45
17, 220, 47
17, 224, 21
17, 243, 57
17, 245, 57
17, 260, 21
17, 273, 42
17, 277, 34
17, 291, 51
17, 294, 58
17, 306, 23
17, 312, 34
17, 333, 2
17, 340, 38
17, 354, 17
17, 356, 55
17, 361, 37
17, 384, 10
17, 384, 63
17, 393, 59
17, 397, 21
17, 401, 16
17, 410, 8
17, 416, 34
17, 421, 57
17, 423, 45
17, 432, 34
17, 468, 28
17, 469, 49
17, 478, 44
17, 483, 43
17, 492, 45
17, 497, 21
17, 504, 34
17, 512, 38
17, 538, 3
17, 560, 42
17, 560, 55
17, 564, 51
17, 572, 12
17, 576, 47
17, 583, 58
17, 585, 59
17, 593, 49
17, 603, 10
17, 606, 1
17, 608, 37
17, 610, 21
17, 610, 23
17, 649, 16
17, 651, 2
17, 655, 8
17, 664, 3
17, 671, 17
17, 671, 37
17, 671, 63
17, 696, 38
17, 701, 1
17, 742, 55
17, 747, 23
17, 749, 45
17, 762, 12
17, 766, 51
17, 792, 44
17, 795, 45
17, 795, 49
18, 3, 55
18, 5, 38
18, 8, 13
18, 15, 7
18, 16, 35
18, 33, 17
18, 36, 9
18, 45, 22
18, 47, 36
18, 50, 32
18, 52, 46
18, 56, 12
18, 56, 50
18, 62, 53
18, 63, 57
18, 66, 62
18, 85, 29
18, 99, 38
18, 114, 35
18, 117, 45
18, 123, 22
18, 129, 24
18, 132, 7
18, 136, 31
18, 157, 26
18, 161, 35
18, 178, 13
18, 184, 57
18, 185, 8
18, 200, 52
18, 212, 50
18, 213, 17
18, 224, 11
18, 226, 24
18, 231, 32
18, 233, 20
18, 249, 38
18, 249, 46
18, 257, 50
18, 263, 29
18, 273, 64
18, 283, 9
18, 283, 17
18, 283, 22
18, 283, 45
18, 287, 24
18, 310, 36
18, 320, 11
18, 327, 12
18, 335, 6
18, 346, 18
18, 352, 31
18, 353, 48
18, 364, 62
18, 399, 53
18, 424, 57
18, 434, 50
18, 450, 38
18, 453, 24
18, 454, 62
18, 455, 45
18, 477, 46
18, 478, 17
18, 488, 55
18, 492, 35
18, 497, 22
18, 502, 32
18, 505, 8
18, 518, 52
18, 519, 56
18, 520, 20
18, 525, 11
18, 525, 50
18, 540, 13
18, 543, 29
18, 554, 50
18, 580, 7
18, 591, 64
18, 593, 18
18, 593, 53
18, 594, 31
18, 602, 6
18, 615, 48
18, 616, 9
18, 616, 36
18, 619, 58
18, 637, 45
18, 639, 20
18, 641, 38
18, 641, 62
18, 648, 26
18, 657, 57
18, 676, 46
18, 682, 35
18, 684, 52
18, 686, 8
18, 688, 6
18, 694, 24
18, 700, 11
18, 704, 64
18, 716, 9
18, 716, 17
18, 730, 53
18, 732, 48
18, 752, 29
18, 756, 12
18, 757, 32
18, 765, 50
18, 767, 58
18, 785, 7
19, 6, 15
19, 17, 2
19, 29, 1
19, 34, 27
19, 38, 23
19, 55, 33
19, 61, 39
19, 70, 58
19, 79, 7
19, 84, 52
19, 87, 15
19, 101, 56
19, 107, 61
19, 108, 15
19, 116, 28
19, 118, 42
19, 124, 2
19, 144, 23
19, 150, 54
19, 166, 18
19, 166, 25
19, 168, 21
19, 196, 56
19, 199, 33
19, 209, 18
19, 226, 7
19, 240, 41
19, 252, 11
19, 257, 56
19, 262, 27
19, 266, 33
19, 278, 39
19, 287, 1
19, 287, 6
19, 289, 52
19, 310, 61
19, 335, 33
19, 342, 61
19, 348, 58
19, 372, 39
19, 373, 28
19, 385, 58
19, 386, 25
19, 391, 25
19, 405, 21
19, 407, 42
19, 414, 15
19, 426, 11
19, 433, 23
19, 437, 42
19, 495, 25
19, 502, 61
19, 512, 2
19, 528, 54
19, 533, 56
19, 552, 18
19, 554, 61
19, 571, 15
19, 574, 6
19, 574, 61
19, 577, 1
19, 585, 27
19, 591, 52
19, 611, 33
19, 613, 7
19, 626, 25
19, 639, 58
19, 641, 23
19, 644, 41
19, 655, 42
19, 661, 60
19, 666, 28
19, 693, 33
19, 712, 54
19, 715, 27
19, 719, 21
19, 724, 61
19, 730, 41
19, 747, 56
19, 749, 39
19, 752, 6
