1, 8, 58
1, 23, 20
1, 23, 43
1, 27, 15
1, 33, 49
1, 40, 34
1, 46, 31
1, 52, 5
1, 60, 29
1, 64, 23
1, 65, 14
1, 66, 38
1, 68, 54
1, 70, 7
1, 74, 18
1, 74, 45
1, 74, 56
1, 77, 39
1, 80, 8
1, 86, 33
1, 87, 46
1, 88, 1
1, 94, 27
1, 99, 29
1, 108, 44
1, 112, 30
1, 113, 26
1, 119, 17
1, 120, 41
1, 130, 48
1, 154, 11
1, 158, 9
1, 158, 17
1, 160, 2
1, 162, 38
1, 165, 47
1, 174, 17
1, 175, 9
1, 177, 4
1, 180, 43
1, 185, 45
1, 192, 10
1, 192, 26
1, 192, 55
1, 195, 1
1, 200, 52
1, 204, 3
1, 207, 25
1, 211, 53
1, 213, 35
1, 217, 29
1, 220, 6
1, 224, 22
1, 224, 48
1, 225, 37
1, 231, 36
1, 232, 8
1, 233, 16
1, 236, 26
1, 237, 31
1, 237, 44
1, 241, 19
1, 242, 15
1, 253, 21
1, 253, 31
1, 259, 18
1, 264, 12
1, 269, 17
1, 276, 34
1, 278, 30
1, 287, 41
1, 288, 49
1, 289, 20
1, 291, 38
1, 291, 57
1, 296, 40
1, 299, 5
1, 304, 43
1, 304, 59
1, 318, 31
1, 320, 53
1, 331, 44
1, 334, 30
1, 341, 32
1, 350, 55
1, 351, 45
1, 367, 52
1, 396, 23
1, 397, 39
1, 405, 50
1, 416, 31
1, 419, 33
1, 437, 58
1, 444, 37
1, 447, 27
1, 461, 53
1, 467, 58
1, 471, 48
1, 476, 46
1, 477, 38
1, 483, 32
1, 484, 19
1, 491, 26
1, 495, 54
1, 496, 50
1, 497, 29
1, 499, 7
1, 504, 2
1, 505, 25
1, 507, 41
1, 508, 11
1, 509, 51
1, 514, 46
1, 518, 23
1, 518, 36
1, 522, 18
1, 529, 41
1, 533, 49
1, 536, 25
1, 538, 43
1, 541, 14
1, 541, 38
1, 547, 17
1, 553, 34
1, 561, 21
1, 562, 44
1, 563, 40
1, 569, 1
1, 572, 4
1, 574, 20
1, 580, 9
1, 580, 49
1, 596, 46
1, 597, 30
1, 605, 56
1, 613, 3
1, 614, 47
1, 615, 35
1, 618, 22
1, 621, 18
1, 630, 12
1, 631, 55
1, 634, 15
1, 636, 19
1, 637, 19
1, 639, 56
1, 641, 31
1, 647, 23
1, 648, 53
1, 649, 5
1, 652, 14
1, 653, 27
1, 656, 57
1, 657, 39
1, 666, 40
1, 667, 59
1, 672, 33
1, 673, 37
1, 679, 36
1, 680, 16
1, 684, 14
1, 687, 34
1, 687, 50
1, 689, 8
1, 699, 41
1, 708, 26
1, 710, 20
1, 716, 49
1, 718, 6
1, 720, 4
1, 728, 11
1, 730, 5
1, 736, 21
1, 736, 56
1, 750, 18
1, 754, 30
1, 754, 44
1, 760, 10
1, 760, 58
1, 762, 23
1, 764, 38
1, 765, 51
1, 770, 37
1, 772, 50
1, 773, 25
1, 785, 20
1, 786, 53
1, 796, 48
1, 799, 2
1, 799, 45
2, 3, 50
2, 6, 6
2, 7, 23
2, 25, 28
2, 33, 19
2, 33, 30
2, 35, 18
2, 36, 4
2, 38, 40
2, 43, 4
2, 51, 7
2, 52, 42
2, 60, 10
2, 64, 12
2, 66, 39
2, 67, 37
2, 73, 9
2, 77, 28
2, 78, 41
2, 79, 57
2, 81, 35
2, 81, 39
2, 86, 18
2, 88, 45
2, 92, 48
2, 93, 26
2, 102, 21
2, 103, 37
2, 103, 44
2, 111, 32
2, 113, 2
2, 113, 21
2, 114, 3
2, 115, 40
2, 117, 6
2, 123, 53
2, 126, 9
2, 127, 9
2, 128, 17
2, 131, 1
2, 131, 62
2, 132, 38
2, 136, 54
2, 138, 30
2, 139, 27
2, 141, 19
2, 145, 15
2, 151, 58
2, 152, 26
2, 154, 8
2, 164, 34
2, 171, 43
2, 172, 10
2, 175, 43
2, 177, 27
2, 180, 25
2, 181, 41
2, 195, 36
2, 203, 8
2, 205, 20
2, 210, 52
2, 211, 16
2, 214, 17
2, 215, 11
2, 215, 23
2, 222, 29
2, 226, 37
2, 229, 22
2, 244, 44
2, 244, 48
2, 246, 42
2, 254, 7
2, 259, 4
2, 270, 45
2, 271, 35
2, 274, 53
2, 277, 39
2, 281, 10
2, 286, 18
2, 289, 6
2, 290, 30
2, 300, 3
2, 305, 42
2, 305, 57
2, 315, 19
2, 316, 26
2, 321, 35
2, 323, 38
2, 326, 22
2, 326, 39
2, 328, 21
2, 330, 56
2, 331, 38
2, 337, 46
2, 338, 40
2, 343, 28
2, 351, 39
2, 357, 48
2, 357, 58
2, 361, 36
2, 377, 32
2, 386, 48
2, 387, 43
2, 400, 46
2, 402, 25
2, 404, 44
2, 406, 29
2, 406, 34
2, 410, 38
2, 416, 24
2, 423, 30
2, 434, 41
2, 438, 50
2, 440, 45
2, 450, 52
2, 454, 42
2, 458, 62
2, 467, 35
2, 475, 54
2, 486, 28
2, 486, 37
2, 500, 16
2, 500, 47
2, 516, 12
2, 517, 23
2, 523, 1
2, 527, 53
2, 530, 9
2, 532, 27
2, 538, 40
2, 542, 20
2, 542, 56
2, 544, 9
2, 545, 35
2, 547, 22
2, 553, 16
2, 560, 55
2, 565, 43
2, 567, 42
2, 569, 15
2, 570, 33
2, 581, 39
2, 586, 19
2, 593, 12
2, 593, 36
2, 598, 8
2, 602, 54
2, 603, 6
2, 612, 18
2, 619, 57
2, 620, 4
2, 622, 17
2, 628, 21
2, 633, 26
2, 635, 9
2, 635, 21
2, 638, 11
2, 638, 44
2, 644, 15
2, 649, 44
2, 650, 26
2, 663, 2
2, 664, 28
2, 669, 45
2, 677, 38
2, 677, 48
2, 679, 3
2, 683, 48
2, 683, 58
2, 684, 54
2, 686, 19
2, 690, 18
2, 693, 30
2, 697, 55
2, 705, 37
2, 706, 57
2, 719, 22
2, 723, 43
2, 729, 4
2, 731, 47
2, 733, 34
2, 734, 62
2, 738, 35
2, 738, 55
2, 742, 10
2, 746, 16
2, 747, 32
2, 756, 32
2, 758, 46
2, 761, 15
2, 762, 53
2, 771, 16
2, 776, 22
2, 776, 35
2, 778, 48
2, 780, 17
2, 793, 58
2, 798, 21
3, 11, 61
3, 12, 11
3, 14, 40
3, 15, 5
3, 17, 34
3, 21, 23
3, 26, 6
3, 26, 55
3, 27, 22
3, 30, 36
3, 34, 21
3, 36, 23
3, 40, 31
3, 41, 13
3, 41, 28
3, 42, 19
3, 44, 26
3, 64, 25
3, 66, 18
3, 66, 27
3, 68, 10
3, 68, 47
3, 69, 22
3, 71, 53
3, 74, 3
3, 74, 30
3, 76, 32
3, 79, 25
3, 83, 4
3, 83, 18
3, 84, 18
3, 91, 2
3, 94, 17
3, 95, 20
3, 98, 7
3, 98, 8
3, 98, 48
3, 99, 43
3, 101, 44
3, 104, 40
3, 109, 5
3, 117, 35
3, 119, 42
3, 128, 27
3, 128, 38
3, 128, 58
3, 129, 40
3, 131, 5
3, 134, 35
3, 137, 37
3, 139, 41
3, 141, 60
3, 144, 57
3, 145, 1
3, 145, 52
3, 149, 53
3, 151, 2
3, 153, 18
3, 158, 45
3, 158, 61
3, 160, 8
3, 160, 21
3, 160, 47
3, 162, 34
3, 164, 54
3, 180, 33
3, 183, 16
3, 184, 48
3, 188, 15
3, 188, 26
3, 189, 14
3, 197, 20
3, 205, 28
3, 216, 17
3, 219, 6
3, 222, 50
3, 222, 53
3, 226, 23
3, 229, 13
3, 233, 31
3, 234, 19
3, 235, 58
3, 236, 59
3, 241, 22
3, 245, 7
3, 251, 61
3, 253, 55
3, 261, 37
3, 265, 1
3, 266, 11
3, 268, 3
3, 268, 15
3, 275, 25
3, 275, 26
3, 277, 10
3, 280, 11
3, 280, 43
3, 298, 14
3, 299, 34
3, 303, 30
3, 310, 24
3, 310, 41
3, 311, 35
3, 313, 35
3, 315, 39
3, 315, 55
3, 320, 18
3, 322, 44
3, 324, 47
3, 336, 38
3, 346, 53
3, 350, 27
3, 356, 51
3, 356, 60
3, 365, 46
3, 368, 21
3, 368, 48
3, 376, 52
3, 386, 28
3, 390, 37
3, 396, 54
3, 398, 52
3, 409, 48
3, 414, 31
3, 415, 50
3, 434, 57
3, 444, 36
3, 445, 22
3, 445, 40
3, 448, 33
3, 456, 61
3, 460, 26
3, 461, 47
3, 462, 39
3, 463, 42
3, 466, 45
3, 468, 25
3, 469, 16
3, 476, 24
3, 477, 20
3, 479, 18
3, 481, 32
3, 482, 51
3, 483, 46
3, 495, 39
3, 497, 37
3, 505, 43
3, 505, 47
3, 508, 44
3, 511, 55
3, 514, 38
3, 514, 58
3, 516, 4
3, 522, 44
3, 523, 34
3, 527, 35
3, 530, 32
3, 531, 59
3, 532, 6
3, 536, 23
3, 538, 5
3, 547, 1
3, 550, 13
3, 550, 35
3, 554, 43
3, 567, 17
3, 567, 53
3, 570, 8
3, 570, 60
3, 574, 27
3, 574, 38
3, 576, 21
3, 580, 30
3, 581, 15
3, 584, 14
3, 589, 25
3, 589, 57
3, 590, 28
3, 592, 28
3, 596, 26
3, 597, 2
3, 597, 42
3, 598, 16
3, 607, 55
3, 612, 18
3, 613, 11
3, 627, 3
3, 632, 17
3, 636, 36
3, 642, 24
3, 643, 5
3, 647, 48
3, 655, 51
3, 666, 19
3, 667, 10
3, 667, 54
3, 671, 20
3, 671, 25
3, 674, 34
3, 674, 45
3, 675, 52
3, 679, 43
3, 684, 4
3, 687, 22
3, 687, 47
3, 688, 39
3, 694, 48
3, 704, 7
3, 710, 8
3, 712, 37
3, 712, 55
3, 713, 51
3, 717, 13
3, 719, 10
3, 720, 27
3, 725, 58
3, 726, 37
3, 728, 44
3, 729, 6
3, 730, 35
3, 730, 38
3, 742, 47
3, 750, 41
3, 757, 5
3, 759, 24
3, 760, 41
3, 760, 55
3, 761, 21
3, 762, 5
3, 762, 26
3, 765, 43
3, 767, 1
3, 773, 33
3, 782, 10
3, 782, 60
3, 792, 5
3, 797, 30
3, 797, 38
4, 1, 21
4, 2, 17
4, 2, 41
4, 2, 52
4, 6, 22
4, 18, 57
4, 23, 30
4, 24, 40
4, 26, 12
4, 34, 12
4, 34, 43
4, 37, 46
4, 43, 14
4, 45, 31
4, 49, 47
4, 57, 25
4, 57, 49
4, 60, 20
4, 61, 24
4, 62, 30
4, 68, 5
4, 68, 37
4, 70, 55
4, 79, 15
4, 88, 37
4, 90, 22
4, 93, 23
4, 96, 52
4, 98, 16
4, 100, 25
4, 100, 26
4, 101, 53
4, 104, 45
4, 114, 48
4, 116, 12
4, 117, 7
4, 118, 1
4, 129, 19
4, 129, 52
4, 132, 11
4, 134, 57
4, 142, 17
4, 149, 60
4, 157, 16
4, 165, 21
4, 170, 23
4, 171, 28
4, 174, 28
4, 175, 24
4, 177, 54
4, 178, 14
4, 180, 54
4, 185, 5
4, 186, 7
4, 187, 2
4, 193, 38
4, 196, 41
4, 197, 57
4, 198, 4
4, 198, 44
4, 206, 21
4, 209, 40
4, 210, 12
4, 210, 33
4, 225, 40
4, 227, 10
4, 228, 28
4, 232, 41
4, 233, 36
4, 244, 15
4, 247, 2
4, 247, 6
4, 247, 30
4, 251, 18
4, 253, 29
4, 254, 20
4, 254, 43
4, 255, 47
4, 258, 32
4, 259, 50
4, 259, 52
4, 262, 15
4, 266, 27
4, 268, 25
4, 269, 8
4, 269, 31
4, 277, 12
4, 281, 57
4, 291, 22
4, 301, 26
4, 301, 37
4, 302, 53
4, 311, 24
4, 334, 33
4, 341, 24
4, 354, 38
4, 360, 46
4, 364, 23
4, 371, 35
4, 384, 19
4, 385, 28
4, 385, 49
4, 395, 47
4, 396, 42
4, 400, 25
4, 400, 60
4, 401, 45
4, 414, 55
4, 436, 50
4, 437, 43
4, 439, 61
4, 449, 31
4, 472, 27
4, 473, 38
4, 481, 37
4, 482, 28
4, 485, 32
4, 486, 17
4, 486, 40
4, 497, 1
4, 500, 29
4, 500, 40
4, 503, 21
4, 503, 24
4, 509, 16
4, 509, 36
4, 511, 26
4, 515, 30
4, 516, 49
4, 519, 52
4, 522, 27
4, 528, 14
4, 538, 34
4, 542, 23
4, 542, 47
4, 544, 22
4, 549, 53
4, 550, 11
4, 554, 29
4, 558, 54
4, 559, 24
4, 566, 45
4, 570, 5
4, 572, 25
4, 573, 48
4, 573, 49
4, 574, 57
4, 577, 7
4, 577, 18
4, 579, 41
4, 579, 43
4, 584, 20
4, 586, 33
4, 596, 15
4, 603, 50
4, 609, 17
4, 610, 10
4, 618, 37
4, 622, 2
4, 624, 4
4, 630, 46
4, 639, 17
4, 639, 27
4, 639, 35
4, 649, 40
4, 650, 28
4, 658, 11
4, 658, 38
4, 660, 55
4, 662, 26
4, 668, 32
4, 669, 5
4, 669, 12
4, 669, 14
4, 669, 18
4, 674, 38
4, 676, 31
4, 677, 54
4, 688, 31
4, 692, 17
4, 696, 21
4, 700, 8
4, 702, 53
4, 709, 30
4, 709, 36
4, 715, 22
4, 716, 60
4, 722, 19
4, 730, 31
4, 731, 47
4, 733, 29
4, 733, 42
4, 734, 5
4, 736, 49
4, 741, 35
4, 742, 6
4, 745, 20
4, 747, 2
4, 751, 36
4, 753, 10
4, 756, 48
4, 758, 20
4, 760, 24
4, 763, 29
4, 768, 45
4, 772, 40
4, 773, 21
4, 773, 34
4, 776, 23
4, 779, 50
4, 782, 7
4, 782, 27
4, 783, 28
4, 783, 33
4, 788, 38
4, 788, 41
4, 797, 60
5, 3, 31
5, 9, 9
5, 16, 3
5, 16, 25
5, 17, 55
5, 18, 29
5, 23, 15
5, 25, 14
5, 45, 48
5, 48, 2
5, 55, 58
5, 59, 40
5, 63, 5
5, 69, 20
5, 70, 17
5, 76, 15
5, 81, 12
5, 88, 6
5, 99, 46
5, 104, 37
5, 105, 12
5, 107, 44
5, 114, 53
5, 119, 49
5, 121, 22
5, 128, 28
5, 128, 41
5, 130, 11
5, 131, 5
5, 137, 27
5, 137, 45
5, 143, 42
5, 143, 52
5, 149, 18
5, 151, 18
5, 151, 43
5, 154, 38
5, 161, 51
5, 162, 38
5, 163, 7
5, 164, 24
5, 170, 34
5, 172, 14
5, 173, 36
5, 183, 58
5, 186, 10
5, 186, 58
5, 189, 48
5, 199, 30
5, 201, 12
5, 217, 47
5, 217, 58
5, 219, 31
5, 232, 3
5, 235, 29
5, 235, 40
5, 240, 50
5, 241, 7
5, 250, 37
5, 252, 13
5, 253, 1
5, 253, 12
5, 261, 58
5, 262, 9
5, 264, 15
5, 269, 32
5, 275, 25
5, 276, 36
5, 281, 9
5, 281, 34
5, 286, 40
5, 289, 44
5, 291, 6
5, 291, 10
5, 291, 31
5, 294, 19
5, 294, 46
5, 295, 55
5, 297, 4
5, 305, 22
5, 314, 45
5, 324, 24
5, 325, 34
5, 337, 17
5, 339, 38
5, 345, 27
5, 356, 17
5, 356, 56
5, 361, 49
5, 363, 25
5, 389, 41
5, 390, 50
5, 390, 54
5, 391, 28
5, 395, 36
5, 403, 32
5, 405, 29
5, 408, 49
5, 413, 31
5, 416, 30
5, 421, 44
5, 426, 35
5, 429, 47
5, 441, 20
5, 442, 46
5, 444, 43
5, 445, 47
5, 451, 37
5, 453, 42
5, 467, 30
5, 473, 55
5, 481, 40
5, 483, 39
5, 485, 27
5, 486, 36
5, 492, 58
5, 493, 27
5, 494, 53
5, 498, 14
5, 502, 20
5, 503, 5
5, 505, 22
5, 510, 52
5, 515, 2
5, 515, 15
5, 517, 22
5, 518, 27
5, 519, 19
5, 520, 48
5, 521, 38
5, 523, 28
5, 529, 35
5, 530, 38
5, 532, 51
5, 533, 18
5, 538, 35
5, 540, 9
5, 541, 53
5, 543, 24
5, 547, 11
5, 550, 25
5, 552, 31
5, 553, 45
5, 555, 17
5, 559, 28
5, 560, 11
5, 560, 39
5, 561, 13
5, 567, 34
5, 570, 17
5, 575, 34
5, 580, 48
5, 589, 56
5, 590, 17
5, 596, 9
5, 599, 35
5, 603, 42
5, 605, 3
5, 611, 12
5, 612, 10
5, 613, 28
5, 613, 37
5, 619, 27
5, 620, 7
5, 626, 36
5, 635, 13
5, 648, 40
5, 652, 5
5, 657, 50
5, 664, 49
5, 665, 41
5, 666, 2
5, 667, 37
5, 669, 30
5, 671, 32
5, 673, 44
5, 673, 54
5, 693, 2
5, 695, 31
5, 696, 55
5, 699, 4
5, 700, 14
5, 701, 22
5, 702, 6
5, 713, 43
5, 713, 47
5, 715, 58
5, 718, 40
5, 723, 3
5, 723, 11
5, 723, 15
5, 728, 38
5, 729, 18
5, 734, 48
5, 738, 1
5, 738, 50
5, 739, 20
5, 740, 29
5, 740, 35
5, 752, 1
5, 758, 13
5, 758, 36
5, 758, 40
5, 760, 10
5, 760, 12
5, 760, 14
5, 766, 35
5, 767, 46
5, 768, 30
5, 780, 9
5, 781, 53
5, 784, 20
5, 785, 39
5, 785, 52
5, 785, 56
5, 788, 28
5, 791, 42
5, 795, 34
6, 17, 38
6, 17, 42
6, 19, 28
6, 19, 52
6, 22, 6
6, 22, 25
6, 26, 17
6, 31, 17
6, 31, 56
6, 45, 18
6, 46, 44
6, 52, 14
6, 52, 61
6, 53, 51
6, 58, 31
6, 70, 37
6, 81, 55
6, 84, 22
6, 88, 24
6, 91, 40
6, 97, 37
6, 101, 28
6, 103, 56
6, 104, 36
6, 108, 12
6, 108, 33
6, 112, 15
6, 119, 39
6, 120, 47
6, 121, 5
6, 127, 12
6, 142, 52
6, 142, 54
6, 145, 28
6, 146, 2
6, 146, 16
6, 146, 30
6, 150, 6
6, 154, 45
6, 156, 25
6, 158, 35
6, 163, 30
6, 170, 8
6, 170, 61
6, 174, 1
6, 179, 27
6, 181, 42
6, 182, 43
6, 183, 21
6, 192, 26
6, 205, 22
6, 208, 16
6, 213, 21
6, 229, 17
6, 229, 34
6, 230, 38
6, 234, 28
6, 235, 21
6, 240, 19
6, 240, 44
6, 241, 17
6, 244, 28
6, 244, 46
6, 247, 9
6, 248, 39
6, 251, 49
6, 254, 58
6, 258, 36
6, 259, 25
6, 264, 48
6, 270, 39
6, 278, 14
6, 279, 6
6, 279, 15
6, 279, 37
6, 280, 12
6, 283, 31
6, 284, 33
6, 287, 45
6, 294, 31
6, 298, 55
6, 304, 5
6, 305, 36
6, 312, 24
6, 327, 56
6, 336, 51
6, 338, 43
6, 340, 37
6, 343, 43
6, 347, 39
6, 349, 32
6, 352, 21
6, 356, 54
6, 366, 42
6, 369, 24
6, 379, 18
6, 380, 52
6, 385, 30
6, 388, 26
6, 402, 61
6, 409, 47
6, 410, 50
6, 416, 44
6, 418, 35
6, 425, 49
6, 426, 32
6, 429, 27
6, 441, 16
6, 445, 58
6, 446, 38
6, 452, 52
6, 455, 28
6, 463, 40
6, 464, 19
6, 469, 40
6, 470, 50
6, 473, 34
6, 483, 46
6, 488, 22
6, 489, 25
6, 490, 31
6, 493, 39
6, 506, 34
6, 509, 16
6, 521, 8
6, 527, 17
6, 531, 2
6, 537, 14
6, 540, 12
6, 542, 36
6, 545, 43
6, 547, 49
6, 555, 51
6, 556, 45
6, 566, 34
6, 571, 54
6, 571, 55
6, 573, 15
6, 583, 37
6, 586, 45
6, 592, 2
6, 595, 18
6, 596, 58
6, 602, 13
6, 608, 54
6, 610, 56
6, 612, 18
6, 616, 52
6, 622, 15
6, 626, 47
6, 629, 4
6, 629, 38
6, 630, 6
6, 634, 40
6, 643, 39
6, 644, 8
6, 644, 27
6, 650, 12
6, 652, 44
6, 654, 50
6, 659, 21
6, 660, 25
6, 667, 26
6, 670, 48
6, 674, 8
6, 684, 42
6, 692, 32
6, 696, 1
6, 700, 51
6, 702, 34
6, 703, 9
6, 704, 22
6, 704, 31
6, 705, 19
6, 707, 2
6, 707, 14
6, 709, 2
6, 710, 49
6, 712, 22
6, 720, 25
6, 724, 26
6, 727, 31
6, 727, 54
6, 728, 40
6, 747, 16
6, 750, 5
6, 751, 24
6, 752, 13
6, 753, 17
6, 760, 13
6, 764, 55
6, 769, 46
6, 769, 48
6, 770, 1
6, 775, 28
6, 777, 2
6, 783, 12
6, 784, 50
6, 791, 39
6, 792, 4
6, 794, 43
6, 797, 18
7, 2, 7
7, 6, 19
7, 6, 35
7, 8, 7
7, 8, 38
7, 9, 16
7, 10, 43
7, 11, 57
7, 14, 30
7, 18, 18
7, 24, 48
7, 25, 51
7, 26, 50
7, 26, 53
7, 27, 26
7, 31, 14
7, 31, 21
7, 40, 1
7, 46, 55
7, 55, 45
7, 72, 56
7, 73, 11
7, 80, 13
7, 85, 41
7, 87, 32
7, 96, 5
7, 101, 20
7, 104, 22
7, 106, 8
7, 110, 24
7, 113, 42
7, 114, 31
7, 124, 39
7, 125, 28
7, 131, 44
7, 133, 43
7, 139, 17
7, 146, 30
7, 149, 40
7, 150, 2
7, 153, 51
7, 154, 19
7, 155, 25
7, 155, 46
7, 164, 7
7, 164, 50
7, 166, 6
7, 170, 27
7, 173, 8
7, 176, 3
7, 177, 42
7, 179, 12
7, 183, 8
7, 187, 53
7, 194, 4
7, 195, 33
7, 195, 60
7, 197, 21
7, 198, 16
7, 200, 4
7, 201, 26
7, 202, 34
7, 206, 14
7, 207, 30
7, 214, 7
7, 217, 35
7, 224, 4
7, 227, 38
7, 229, 13
7, 230, 1
7, 231, 16
7, 232, 31
7, 234, 53
7, 240, 39
7, 241, 9
7, 244, 46
7, 246, 24
7, 262, 22
7, 262, 41
7, 263, 38
7, 269, 4
7, 269, 19
7, 269, 55
7, 274, 11
7, 279, 2
7, 282, 40
7, 282, 44
7, 283, 25
7, 284, 20
7, 288, 17
7, 294, 42
7, 298, 14
7, 300, 43
7, 303, 28
7, 312, 40
7, 316, 43
7, 328, 48
7, 340, 51
7, 342, 24
7, 343, 57
7, 356, 27
7, 357, 56
7, 359, 51
7, 360, 34
7, 366, 33
7, 370, 20
7, 374, 37
7, 374, 56
7, 380, 23
7, 381, 39
7, 383, 50
7, 384, 47
7, 395, 30
7, 396, 32
7, 396, 38
7, 405, 19
7, 417, 28
7, 428, 53
7, 437, 19
7, 438, 26
7, 448, 31
7, 449, 40
7, 456, 31
7, 458, 41
7, 461, 22
7, 461, 31
7, 465, 57
7, 470, 51
7, 478, 44
7, 482, 21
7, 487, 33
7, 487, 56
7, 488, 42
7, 493, 60
7, 497, 5
7, 502, 5
7, 502, 41
7, 508, 13
7, 508, 56
7, 513, 11
7, 517, 38
7, 528, 46
7, 534, 25
7, 535, 12
7, 537, 9
7, 537, 48
7, 542, 43
7, 543, 8
7, 543, 20
7, 547, 1
7, 550, 27
7, 553, 7
7, 572, 6
7, 585, 39
7, 585, 47
7, 589, 14
7, 595, 45
7, 597, 3
7, 598, 37
7, 601, 16
7, 602, 6
7, 602, 50
7, 608, 30
7, 611, 60
7, 612, 26
7, 616, 37
7, 621, 37
7, 623, 7
7, 624, 2
7, 625, 5
7, 626, 33
7, 630, 19
7, 631, 20
7, 633, 14
7, 635, 44
7, 645, 4
7, 646, 30
7, 648, 31
7, 654, 22
7, 656, 22
7, 657, 57
7, 659, 7
7, 659, 17
7, 660, 23
7, 662, 1
7, 662, 46
7, 664, 32
7, 668, 38
7, 669, 13
7, 679, 9
7, 681, 19
7, 681, 25
7, 687, 47
7, 690, 28
7, 699, 42
7, 705, 40
7, 711, 13
7, 716, 39
7, 717, 24
7, 718, 44
7, 720, 12
7, 725, 53
7, 726, 51
7, 727, 60
7, 738, 24
7, 741, 34
7, 742, 35
7, 745, 56
7, 749, 16
7, 751, 27
7, 753, 5
7, 759, 20
7, 761, 25
7, 768, 14
7, 770, 37
7, 773, 27
7, 780, 32
7, 782, 44
7, 794, 14
7, 797, 2
8, 1, 27
8, 2, 13
8, 3, 18
8, 10, 51
8, 12, 59
8, 14, 12
8, 17, 5
8, 34, 12
8, 37, 50
8, 41, 12
8, 47, 25
8, 54, 49
8, 57, 2
8, 59, 4
8, 59, 17
8, 59, 55
8, 61, 35
8, 68, 27
8, 68, 45
8, 70, 6
8, 71, 34
8, 71, 35
8, 73, 13
8, 75, 5
8, 76, 51
8, 77, 53
8, 85, 16
8, 92, 39
8, 95, 44
8, 98, 47
8, 103, 18
8, 104, 58
8, 105, 11
8, 109, 18
8, 112, 21
8, 117, 48
8, 123, 21
8, 126, 27
8, 127, 50
8, 128, 31
8, 136, 30
8, 139, 9
8, 141, 20
8, 147, 52
8, 153, 16
8, 161, 7
8, 164, 10
8, 165, 20
8, 171, 4
8, 172, 56
8, 173, 21
8, 178, 25
8, 182, 17
8, 183, 46
8, 184, 18
8, 185, 1
8, 185, 11
8, 187, 33
8, 190, 15
8, 195, 36
8, 196, 40
8, 197, 8
8, 198, 22
8, 203, 1
8, 206, 43
8, 207, 5
8, 207, 31
8, 208, 33
8, 209, 32
8, 211, 37
8, 217, 10
8, 218, 13
8, 227, 39
8, 233, 59
8, 242, 12
8, 243, 25
8, 245, 1
8, 245, 41
8, 246, 2
8, 247, 54
8, 249, 38
8, 260, 6
8, 260, 28
8, 261, 2
8, 262, 26
8, 265, 35
8, 268, 61
8, 275, 27
8, 279, 45
8, 279, 51
8, 279, 55
8, 282, 16
8, 289, 39
8, 290, 58
8, 293, 35
8, 294, 36
8, 297, 47
8, 299, 48
8, 300, 30
8, 302, 36
8, 310, 29
8, 311, 43
8, 311, 44
8, 315, 21
8, 317, 31
8, 319, 45
8, 325, 44
8, 332, 49
8, 332, 50
8, 333, 30
8, 339, 59
8, 344, 30
8, 345, 34
8, 352, 24
8, 352, 47
8, 353, 53
8, 359, 17
8, 360, 15
8, 360, 22
8, 369, 33
8, 370, 40
8, 370, 50
8, 375, 28
8, 383, 21
8, 387, 38
8, 388, 34
8, 393, 26
8, 393, 32
8, 393, 48
8, 401, 20
8, 401, 37
8, 407, 46
8, 415, 25
8, 417, 43
8, 429, 56
8, 432, 55
8, 442, 35
8, 449, 43
8, 458, 51
8, 468, 37
8, 482, 31
8, 491, 52
8, 494, 44
8, 501, 24
8, 501, 26
8, 501, 55
8, 503, 58
8, 506, 9
8, 508, 34
8, 508, 36
8, 509, 13
8, 511, 11
8, 515, 16
8, 515, 18
8, 519, 34
8, 520, 34
8, 526, 15
8, 531, 54
8, 534, 7
8, 535, 47
8, 537, 39
8, 540, 20
8, 541, 58
8, 543, 27
8, 548, 5
8, 548, 10
8, 552, 4
8, 556, 29
8, 558, 22
8, 562, 50
8, 565, 52
8, 568, 5
8, 572, 43
8, 577, 40
8, 580, 2
8, 584, 47
8, 592, 7
8, 593, 38
8, 593, 59
8, 595, 48
8, 598, 25
8, 610, 30
8, 613, 21
8, 613, 45
8, 621, 28
8, 632, 11
8, 632, 36
8, 637, 27
8, 643, 9
8, 647, 61
8, 650, 26
8, 652, 15
8, 656, 57
8, 665, 24
8, 667, 37
8, 676, 33
8, 677, 13
8, 680, 53
8, 683, 8
8, 684, 54
8, 685, 17
8, 688, 2
8, 696, 8
8, 696, 18
8, 702, 13
8, 706, 10
8, 708, 11
8, 713, 30
8, 714, 38
8, 716, 51
8, 721, 58
8, 722, 35
8, 725, 47
8, 726, 45
8, 728, 5
8, 735, 8
8, 739, 39
8, 743, 16
8, 745, 44
8, 747, 6
8, 749, 4
8, 749, 15
8, 751, 9
8, 751, 52
8, 766, 55
8, 769, 22
8, 770, 59
8, 775, 31
8, 777, 38
8, 779, 46
8, 784, 27
8, 790, 17
8, 791, 16
8, 792, 54
8, 799, 40
9, 2, 37
9, 12, 28
9, 23, 16
9, 24, 8
9, 27, 19
9, 28, 42
9, 35, 3
9, 35, 29
9, 36, 58
9, 39, 2
9, 41, 14
9, 43, 49
9, 48, 1
9, 64, 53
9, 70, 10
9, 70, 12
9, 73, 28
9, 73, 43
9, 74, 7
9, 74, 23
9, 76, 49
9, 78, 36
9, 83, 25
9, 84, 37
9, 88, 31
9, 97, 8
9, 98, 4
9, 101, 15
9, 102, 29
9, 102, 45
9, 103, 26
9, 103, 31
9, 110, 22
9, 112, 55
9, 113, 3
9, 113, 30
9, 121, 32
9, 122, 24
9, 125, 11
9, 127, 2
9, 127, 26
9, 128, 18
9, 129, 13
9, 129, 37
9, 131, 52
9, 135, 27
9, 142, 5
9, 142, 20
9, 144, 9
9, 144, 57
9, 149, 27
9, 150, 27
9, 151, 33
9, 152, 35
9, 154, 48
9, 158, 21
9, 159, 24
9, 161, 59
9, 163, 43
9, 167, 38
9, 168, 52
9, 169, 16
9, 170, 19
9, 176, 28
9, 181, 22
9, 181, 37
9, 187, 8
9, 196, 4
9, 198, 31
9, 199, 23
9, 203, 51
9, 206, 13
9, 222, 7
9, 225, 26
9, 225, 44
9, 229, 35
9, 229, 47
9, 231, 10
9, 235, 12
9, 236, 26
9, 237, 49
9, 249, 18
9, 250, 42
9, 255, 36
9, 258, 53
9, 267, 14
9, 271, 25
9, 275, 29
9, 277, 2
9, 278, 1
9, 279, 15
9, 284, 57
9, 285, 24
9, 287, 21
9, 288, 12
9, 288, 32
9, 295, 30
9, 297, 16
9, 303, 37
9, 304, 52
9, 306, 55
9, 317, 45
9, 325, 52
9, 328, 60
9, 330, 26
9, 341, 25
9, 342, 38
9, 342, 49
9, 344, 31
9, 356, 37
9, 361, 42
9, 377, 22
9, 383, 27
9, 387, 47
9, 389, 20
9, 391, 36
9, 400, 38
9, 410, 44
9, 411, 44
9, 416, 59
9, 418, 24
9, 418, 45
9, 419, 56
9, 425, 28
9, 426, 35
9, 427, 21
9, 429, 19
9, 432, 48
9, 433, 51
9, 434, 33
9, 436, 28
9, 442, 43
9, 444, 57
9, 455, 23
9, 462, 42
9, 465, 30
9, 489, 3
9, 493, 5
9, 499, 26
9, 502, 44
9, 503, 32
9, 519, 3
9, 522, 5
9, 524, 2
9, 524, 58
9, 527, 13
9, 529, 55
9, 534, 37
9, 536, 9
9, 538, 7
9, 538, 27
9, 540, 55
9, 541, 36
9, 542, 11
9, 551, 57
9, 554, 37
9, 555, 20
9, 565, 4
9, 565, 16
9, 572, 31
9, 572, 42
9, 574, 14
9, 574, 47
9, 576, 60
9, 577, 24
9, 579, 38
9, 580, 25
9, 585, 10
9, 588, 49
9, 593, 8
9, 596, 18
9, 601, 57
9, 609, 43
9, 610, 52
9, 624, 21
9, 628, 53
9, 629, 49
9, 631, 19
9, 637, 36
9, 638, 22
9, 640, 47
9, 640, 51
9, 645, 33
9, 647, 15
9, 648, 45
9, 655, 52
9, 662, 26
9, 665, 12
9, 670, 9
9, 673, 29
9, 674, 7
9, 676, 18
9, 676, 48
9, 679, 23
9, 681, 2
9, 685, 12
9, 685, 30
9, 691, 59
9, 692, 1
9, 692, 25
9, 692, 58
9, 695, 33
9, 706, 16
9, 706, 33
9, 707, 47
9, 713, 5
9, 713, 44
9, 715, 53
9, 717, 25
9, 720, 20
9, 720, 27
9, 723, 42
9, 725, 13
9, 738, 32
9, 745, 14
9, 746, 21
9, 754, 60
9, 755, 31
9, 756, 38
9, 762, 59
9, 764, 19
9, 765, 4
9, 765, 24
9, 777, 4
9, 777, 37
9, 779, 12
9, 782, 55
9, 787, 2
10, 3, 40
10, 8, 24
10, 10, 27
10, 20, 5
10, 22, 17
10, 24, 38
10, 24, 50
10, 26, 60
10, 27, 29
10, 39, 21
10, 39, 26
10, 40, 55
10, 42, 34
10, 52, 37
10, 53, 36
10, 54, 11
10, 61, 20
10, 63, 45
10, 70, 39
10, 72, 19
10, 73, 42
10, 74, 28
10, 75, 46
10, 85, 27
10, 92, 4
10, 95, 3
10, 98, 54
10, 99, 22
10, 103, 16
10, 105, 46
10, 106, 35
10, 109, 31
10, 126, 4
10, 127, 10
10, 130, 48
10, 135, 8
10, 135, 20
10, 135, 51
10, 138, 6
10, 138, 15
10, 145, 41
10, 150, 21
10, 150, 25
10, 152, 12
10, 153, 7
10, 156, 18
10, 160, 14
10, 161, 11
10, 165, 34
10, 172, 36
10, 172, 60
10, 173, 59
10, 175, 55
10, 187, 38
10, 191, 24
10, 192, 32
10, 194, 22
10, 195, 17
10, 199, 58
10, 200, 48
10, 202, 32
10, 228, 47
10, 230, 3
10, 232, 34
10, 238, 40
10, 241, 35
10, 244, 29
10, 244, 55
10, 245, 4
10, 246, 26
10, 256, 5
10, 270, 39
10, 271, 49
10, 272, 42
10, 280, 46
10, 281, 12
10, 283, 17
10, 285, 59
10, 289, 37
10, 290, 2
10, 291, 20
10, 292, 37
10, 293, 17
10, 296, 10
10, 296, 52
10, 302, 7
10, 305, 31
10, 309, 60
10, 312, 57
10, 314, 58
10, 319, 27
10, 319, 53
10, 321, 16
10, 325, 39
10, 336, 24
10, 342, 45
10, 347, 48
10, 354, 19
10, 362, 51
10, 367, 29
10, 367, 47
10, 371, 36
10, 372, 28
10, 374, 27
10, 382, 54
10, 387, 41
10, 404, 21
10, 412, 55
10, 420, 42
10, 423, 38
10, 432, 35
10, 436, 34
10, 456, 37
10, 465, 60
10, 474, 52
10, 474, 53
10, 476, 30
10, 478, 47
10, 479, 25
10, 483, 31
10, 483, 48
10, 490, 15
10, 493, 26
10, 494, 32
10, 495, 58
10, 496, 25
10, 500, 48
10, 503, 50
10, 505, 20
10, 508, 57
10, 514, 22
10, 517, 14
10, 520, 8
10, 525, 11
10, 528, 59
10, 529, 6
10, 530, 28
10, 534, 49
10, 543, 46
10, 547, 54
10, 549, 18
10, 551, 40
10, 553, 5
10, 553, 54
10, 569, 21
10, 570, 45
10, 573, 27
10, 574, 51
10, 577, 17
10, 597, 52
10, 599, 16
10, 602, 4
10, 602, 24
10, 605, 10
10, 607, 57
10, 608, 39
10, 611, 7
10, 614, 35
10, 619, 48
10, 621, 24
10, 622, 25
10, 625, 27
10, 628, 39
10, 628, 41
10, 628, 47
10, 629, 17
10, 638, 44
10, 639, 57
10, 640, 37
10, 646, 32
10, 661, 42
10, 663, 19
10, 665, 4
10, 670, 20
10, 677, 31
10, 678, 2
10, 678, 34
10, 679, 50
10, 680, 19
10, 680, 36
10, 681, 11
10, 685, 45
10, 685, 51
10, 687, 28
10, 687, 52
10, 690, 12
10, 693, 14
10, 706, 60
10, 709, 29
10, 709, 58
10, 714, 54
10, 716, 15
10, 719, 30
10, 720, 22
10, 725, 10
10, 728, 45
10, 733, 21
10, 733, 53
10, 734, 25
10, 735, 59
10, 744, 52
10, 746, 5
10, 747, 26
10, 752, 8
10, 758, 6
10, 758, 32
10, 758, 38
10, 765, 6
10, 766, 49
10, 769, 42
10, 771, 8
10, 783, 7
10, 787, 32
10, 791, 37
10, 799, 11
11, 3, 51
11, 4, 22
11, 6, 29
11, 12, 3
11, 13, 24
11, 22, 38
11, 28, 30
11, 31, 37
11, 32, 42
11, 33, 11
11, 40, 47
11, 43, 54
11, 44, 27
11, 48, 23
11, 48, 46
11, 50, 29
11, 51, 4
11, 59, 12
11, 61, 19
11, 63, 33
11, 77, 53
11, 78, 38
11, 82, 9
11, 88, 26
11, 94, 14
11, 96, 13
11, 96, 52
11, 103, 6
11, 104, 5
11, 110, 22
11, 119, 21
11, 121, 17
11, 127, 1
11, 127, 42
11, 129, 7
11, 132, 25
11, 141, 28
11, 144, 13
11, 147, 51
11, 150, 12
11, 158, 30
11, 160, 20
11, 166, 40
11, 173, 8
11, 174, 6
11, 177, 3
11, 177, 32
11, 178, 56
11, 182, 46
11, 185, 41
11, 186, 48
11, 196, 15
11, 198, 4
11, 201, 4
11, 204, 37
11, 209, 54
11, 213, 45
11, 215, 9
11, 220, 50
11, 226, 34
11, 228, 19
11, 228, 50
11, 239, 23
11, 240, 1
11, 242, 52
11, 247, 10
11, 250, 24
11, 251, 6
11, 251, 27
11, 254, 12
11, 256, 11
11, 256, 51
11, 257, 26
11, 260, 7
11, 266, 44
11, 272, 29
11, 274, 14
11, 276, 34
11, 287, 39
11, 297, 38
11, 298, 13
11, 302, 39
11, 303, 50
11, 304, 25
11, 305, 17
11, 305, 42
11, 324, 31
11, 331, 22
11, 344, 51
11, 350, 20
11, 352, 40
11, 352, 52
11, 373, 13
11, 375, 55
11, 378, 46
11, 383, 33
11, 385, 21
11, 389, 53
11, 398, 30
11, 398, 56
11, 410, 21
11, 410, 38
11, 411, 36
11, 413, 48
11, 416, 28
11, 422, 53
11, 425, 45
11, 431, 32
11, 436, 39
11, 444, 35
11, 445, 23
11, 449, 30
11, 455, 15
11, 456, 30
11, 456, 41
11, 460, 32
11, 461, 24
11, 465, 50
11, 466, 42
11, 466, 47
11, 467, 26
11, 481, 34
11, 487, 37
11, 492, 38
11, 496, 47
11, 500, 26
11, 502, 11
11, 507, 37
11, 507, 45
11, 509, 32
11, 511, 5
11, 515, 44
11, 516, 50
11, 521, 34
11, 525, 55
11, 530, 8
11, 532, 37
11, 540, 1
11, 540, 10
11, 542, 8
11, 548, 11
11, 551, 42
11, 555, 31
11, 559, 19
11, 565, 25
11, 568, 28
11, 569, 3
11, 571, 39
11, 573, 51
11, 574, 12
11, 577, 9
11, 577, 28
11, 577, 40
11, 580, 33
11, 581, 53
11, 582, 29
11, 583, 56
11, 585, 4
11, 585, 7
11, 590, 48
11, 592, 13
11, 595, 50
11, 601, 44
11, 602, 22
11, 604, 6
11, 607, 14
11, 607, 41
11, 609, 10
11, 611, 15
11, 612, 46
11, 612, 48
11, 614, 54
11, 620, 13
11, 621, 20
11, 624, 35
11, 625, 23
11, 629, 17
11, 631, 27
11, 636, 10
11, 640, 45
11, 640, 52
11, 649, 29
11, 655, 28
11, 658, 34
11, 664, 5
11, 668, 33
11, 672, 52
11, 675, 25
11, 676, 9
11, 676, 44
11, 680, 47
11, 684, 17
11, 684, 21
11, 688, 34
11, 698, 19
11, 702, 20
11, 711, 34
11, 712, 48
11, 713, 40
11, 714, 50
11, 715, 30
11, 716, 55
11, 719, 41
11, 722, 35
11, 725, 32
11, 727, 25
11, 729, 6
11, 733, 24
11, 734, 22
11, 736, 26
11, 743, 1
11, 745, 14
11, 745, 25
11, 747, 3
11, 747, 52
11, 750, 8
11, 750, 11
11, 753, 21
11, 754, 15
11, 758, 4
11, 765, 42
11, 770, 36
11, 771, 13
11, 772, 5
11, 773, 28
11, 775, 12
11, 775, 46
11, 777, 23
11, 780, 38
11, 797, 39
11, 798, 9
12, 8, 28
12, 8, 33
12, 16, 5
12, 30, 21
12, 31, 3
12, 36, 42
12, 37, 30
12, 39, 34
12, 40, 29
12, 47, 24
12, 52, 35
12, 57, 4
12, 57, 10
12, 59, 15
12, 61, 49
12, 75, 6
12, 75, 51
12, 77, 49
12, 90, 40
12, 91, 18
12, 91, 44
12, 102, 53
12, 105, 17
12, 109, 32
12, 118, 9
12, 119, 45
12, 120, 39
12, 125, 23
12, 129, 26
12, 130, 41
12, 133, 37
12, 136, 33
12, 137, 54
12, 142, 2
12, 152, 43
12, 153, 3
12, 154, 17
12, 163, 5
12, 163, 13
12, 172, 10
12, 181, 25
12, 191, 21
12, 193, 8
12, 195, 37
12, 199, 21
12, 200, 4
12, 200, 45
12, 204, 48
12, 215, 35
12, 221, 55
12, 231, 40
12, 240, 30
12, 241, 23
12, 241, 31
12, 242, 51
12, 247, 29
12, 256, 28
12, 260, 58
12, 261, 15
12, 263, 9
12, 265, 55
12, 266, 46
12, 267, 42
12, 270, 18
12, 270, 26
12, 273, 13
12, 278, 10
12, 286, 2
12, 295, 30
12, 296, 24
12, 302, 44
12, 315, 32
12, 317, 41
12, 321, 22
12, 326, 21
12, 326, 33
12, 329, 53
12, 337, 49
12, 338, 34
12, 340, 58
12, 345, 59
12, 355, 44
12, 358, 25
12, 363, 39
12, 365, 25
12, 374, 58
12, 385, 43
12, 387, 58
12, 394, 37
12, 399, 40
12, 399, 41
12, 404, 54
12, 426, 35
12, 433, 55
12, 438, 42
12, 454, 48
12, 455, 58
12, 456, 31
12, 461, 49
12, 474, 45
12, 475, 28
12, 485, 30
12, 490, 46
12, 496, 17
12, 499, 32
12, 508, 4
12, 511, 33
12, 515, 51
12, 517, 53
12, 523, 5
12, 523, 40
12, 527, 44
12, 532, 39
12, 536, 15
12, 537, 22
12, 549, 29
12, 560, 18
12, 563, 23
12, 565, 30
12, 577, 21
12, 581, 13
12, 586, 8
12, 590, 41
12, 592, 9
12, 592, 36
12, 595, 24
12, 596, 21
12, 598, 17
12, 600, 18
12, 606, 26
12, 608, 2
12, 619, 33
12, 635, 3
12, 636, 46
12, 637, 34
12, 637, 36
12, 639, 28
12, 642, 54
12, 648, 55
12, 650, 10
12, 661, 8
12, 667, 6
12, 667, 25
12, 670, 31
12, 674, 37
12, 679, 32
12, 685, 53
12, 688, 22
12, 688, 29
12, 688, 42
12, 690, 4
12, 696, 34
12, 696, 35
12, 697, 13
12, 698, 4
12, 704, 59
12, 714, 43
12, 725, 21
12, 730, 53
12, 745, 39
12, 748, 22
12, 754, 28
12, 762, 45
12, 762, 51
12, 770, 58
12, 773, 23
12, 779, 13
12, 779, 24
12, 786, 3
12, 794, 29
13, 1, 18
13, 2, 12
13, 3, 49
13, 6, 58
13, 7, 17
13, 9, 29
13, 12, 7
13, 12, 57
13, 17, 13
13, 20, 25
13, 33, 23
13, 33, 30
13, 35, 60
13, 37, 33
13, 40, 43
13, 42, 41
13, 46, 9
13, 46, 34
13, 52, 15
13, 52, 19
13, 59, 1
13, 59, 37
13, 67, 12
13, 72, 20
13, 76, 3
13, 86, 10
13, 88, 3
13, 88, 27
13, 89, 53
13, 93, 58
13, 96, 35
13, 103, 5
13, 108, 11
13, 118, 46
13, 118, 58
13, 124, 8
13, 124, 44
13, 130, 20
13, 133, 29
13, 134, 2
13, 134, 21
13, 134, 47
13, 136, 32
13, 138, 2
13, 140, 12
13, 143, 55
13, 144, 15
13, 145, 30
13, 150, 18
13, 159, 55
13, 159, 56
13, 160, 10
13, 162, 52
13, 163, 35
13, 164, 45
13, 165, 17
13, 168, 34
13, 170, 7
13, 172, 41
13, 174, 3
13, 177, 19
13, 178, 24
13, 183, 9
13, 184, 37
13, 187, 52
13, 189, 57
13, 191, 36
13, 192, 13
13, 192, 67
13, 204, 50
13, 206, 6
13, 214, 4
13, 214, 53
13, 215, 28
13, 219, 33
13, 220, 12
13, 221, 4
13, 225, 23
13, 225, 31
13, 232, 45
13, 235, 8
13, 235, 23
13, 245, 18
13, 247, 46
13, 260, 20
13, 265, 16
13, 275, 11
13, 275, 53
13, 281, 5
13, 285, 43
13, 293, 37
13, 293, 44
13, 299, 10
13, 300, 56
13, 312, 60
13, 314, 32
13, 315, 35
13, 315, 58
13, 317, 49
13, 330, 56
13, 333, 33
13, 336, 25
13, 344, 34
13, 346, 29
13, 352, 45
13, 353, 22
13, 362, 21
13, 367, 53
13, 368, 19
13, 369, 36
13, 373, 55
13, 374, 27
13, 386, 41
13, 387, 29
13, 387, 51
13, 387, 52
13, 388, 47
13, 390, 49
13, 391, 41
13, 394, 45
13, 394, 54
13, 394, 60
13, 403, 20
13, 403, 25
13, 403, 50
13, 411, 38
13, 418, 32
13, 420, 36
13, 422, 17
13, 422, 24
13, 433, 17
13, 435, 57
13, 449, 50
13, 452, 31
13, 456, 51
13, 464, 30
13, 475, 46
13, 479, 28
13, 486, 50
13, 498, 43
13, 500, 23
13, 500, 37
13, 501, 7
13, 503, 49
13, 504, 39
13, 510, 56
13, 517, 33
13, 518, 13
13, 518, 24
13, 519, 37
13, 520, 22
13, 529, 2
13, 530, 12
13, 530, 18
13, 531, 30
13, 536, 44
13, 538, 52
13, 544, 9
13, 546, 56
13, 547, 40
13, 550, 5
13, 552, 11
13, 552, 34
13, 565, 53
13, 566, 8
13, 566, 58
13, 567, 16
13, 572, 19
13, 576, 45
13, 580, 15
13, 584, 54
13, 586, 10
13, 590, 41
13, 591, 31
13, 593, 13
13, 596, 3
13, 599, 32
13, 605, 5
13, 607, 55
13, 609, 25
13, 611, 45
13, 617, 1
13, 618, 29
13, 621, 53
13, 622, 57
13, 632, 28
13, 635, 36
13, 637, 21
13, 638, 10
13, 639, 3
13, 641, 51
13, 643, 6
13, 643, 8
13, 644, 4
13, 647, 43
13, 654, 11
13, 655, 49
13, 663, 9
13, 663, 30
13, 664, 9
13, 665, 46
13, 668, 3
13, 668, 16
13, 670, 18
13, 673, 47
13, 691, 12
13, 693, 13
13, 697, 31
13, 701, 24
13, 701, 56
13, 704, 44
13, 708, 23
13, 709, 47
13, 710, 20
13, 718, 54
13, 720, 5
13, 721, 37
13, 721, 57
13, 728, 45
13, 728, 52
13, 729, 33
13, 733, 38
13, 734, 22
13, 735, 7
13, 739, 56
13, 740, 25
13, 742, 41
13, 744, 27
13, 750, 13
13, 765, 11
13, 767, 17
13, 776, 51
13, 782, 15
13, 783, 60
13, 788, 34
13, 789, 37
13, 791, 52
13, 792, 9
13, 793, 49
13, 793, 58
13, 797, 3
13, 797, 39
14, 4, 7
14, 4, 26
14, 6, 4
14, 11, 11
14, 15, 5
14, 17, 34
14, 20, 38
14, 21, 23
14, 26, 1
14, 28, 13
14, 28, 28
14, 37, 17
14, 39, 44
14, 45, 9
14, 49, 25
14, 51, 55
14, 54, 12
14, 60, 46
14, 62, 15
14, 62, 48
14, 62, 51
14, 63, 14
14, 64, 24
14, 64, 34
14, 64, 56
14, 67, 8
14, 70, 6
14, 73, 26
14, 73, 31
14, 76, 36
14, 76, 56
14, 78, 28
14, 82, 21
14, 83, 10
14, 83, 42
14, 88, 19
14, 89, 35
14, 90, 39
14, 92, 36
14, 92, 57
14, 105, 10
14, 106, 18
14, 113, 10
14, 117, 47
14, 120, 26
14, 126, 52
14, 126, 61
14, 128, 9
14, 129, 17
14, 131, 13
14, 131, 23
14, 131, 34
14, 139, 54
14, 144, 41
14, 150, 11
14, 169, 4
14, 171, 38
14, 172, 23
14, 179, 7
14, 179, 14
14, 181, 16
14, 182, 60
14, 184, 1
14, 184, 54
14, 188, 28
14, 188, 45
14, 189, 25
14, 199, 52
14, 201, 4
14, 211, 8
14, 219, 35
14, 221, 24
14, 221, 46
14, 225, 11
14, 227, 31
14, 229, 28
14, 229, 49
14, 230, 10
14, 231, 55
14, 236, 22
14, 237, 36
14, 237, 42
14, 237, 57
14, 238, 28
14, 240, 12
14, 242, 9
14, 245, 14
14, 245, 18
14, 248, 17
14, 249, 24
14, 252, 59
14, 255, 5
14, 262, 34
14, 265, 2
14, 265, 56
14, 272, 21
14, 276, 31
14, 277, 19
14, 279, 40
14, 284, 18
14, 285, 30
14, 286, 13
14, 290, 15
14, 292, 41
14, 299, 44
14, 306, 39
14, 315, 51
14, 317, 23
14, 317, 27
14, 328, 61
14, 331, 53
14, 341, 37
14, 343, 47
14, 346, 54
14, 351, 60
14, 357, 49
14, 362, 38
14, 369, 31
14, 370, 45
14, 383, 25
14, 383, 52
14, 384, 26
14, 403, 61
14, 404, 40
14, 420, 23
14, 426, 34
14, 430, 36
14, 438, 55
14, 440, 46
14, 445, 39
14, 458, 24
14, 458, 53
14, 462, 35
14, 477, 49
14, 483, 48
14, 483, 57
14, 493, 21
14, 499, 31
14, 500, 53
14, 505, 47
14, 511, 12
14, 511, 14
14, 513, 57
14, 514, 59
14, 520, 28
14, 525, 1
14, 536, 11
14, 539, 19
14, 540, 42
14, 544, 17
14, 545, 30
14, 546, 56
14, 549, 44
14, 556, 2
14, 559, 17
14, 560, 9
14, 561, 37
14, 561, 51
14, 567, 23
14, 568, 18
14, 570, 41
14, 572, 5
14, 585, 4
14, 585, 40
14, 589, 38
14, 591, 60
14, 593, 8
14, 599, 45
14, 599, 52
14, 600, 60
14, 604, 27
14, 605, 40
14, 606, 14
14, 612, 36
14, 613, 13
14, 620, 42
14, 622, 15
14, 628, 2
14, 628, 5
14, 634, 8
14, 642, 55
14, 647, 31
14, 648, 48
14, 650, 37
14, 651, 14
14, 651, 26
14, 651, 28
14, 653, 16
14, 657, 30
14, 658, 9
14, 659, 45
14, 667, 2
14, 673, 7
14, 673, 15
14, 673, 16
14, 673, 35
14, 674, 26
14, 679, 49
14, 683, 47
14, 684, 38
14, 687, 1
14, 689, 27
14, 693, 57
14, 696, 51
14, 708, 24
14, 713, 18
14, 713, 52
14, 719, 41
14, 722, 25
14, 725, 39
14, 727, 23
14, 732, 46
14, 738, 42
14, 745, 12
14, 752, 4
14, 764, 61
14, 772, 11
14, 778, 17
14, 780, 45
14, 781, 9
14, 782, 10
14, 782, 40
14, 782, 53
14, 785, 52
14, 790, 4
14, 791, 13
14, 796, 35
14, 798, 23
15, 2, 61
15, 5, 43
15, 6, 2
15, 10, 21
15, 14, 45
15, 23, 36
15, 27, 24
15, 27, 44
15, 28, 6
15, 30, 51
15, 30, 54
15, 33, 28
15, 37, 53
15, 41, 13
15, 44, 47
15, 48, 24
15, 49, 52
15, 51, 20
15, 51, 48
15, 52, 12
15, 57, 30
15, 58, 20
15, 59, 54
15, 62, 33
15, 62, 49
15, 65, 38
15, 68, 10
15, 71, 34
15, 73, 15
15, 73, 16
15, 74, 18
15, 76, 8
15, 77, 1
15, 88, 25
15, 98, 19
15, 99, 45
15, 102, 61
15, 110, 7
15, 118, 24
15, 118, 38
15, 119, 2
15, 119, 17
15, 119, 35
15, 119, 46
15, 125, 37
15, 131, 6
15, 132, 41
15, 133, 46
15, 134, 52
15, 137, 43
15, 138, 21
15, 139, 44
15, 140, 15
15, 141, 39
15, 148, 61
15, 149, 16
15, 149, 43
15, 151, 30
15, 160, 11
15, 163, 48
15, 165, 9
15, 168, 54
15, 173, 8
15, 173, 51
15, 175, 28
15, 184, 21
15, 187, 20
15, 196, 21
15, 197, 12
15, 200, 33
15, 206, 23
15, 207, 35
15, 207, 42
15, 208, 26
15, 212, 4
15, 212, 10
15, 213, 47
15, 215, 38
15, 217, 47
15, 218, 30
15, 220, 22
15, 220, 27
15, 222, 1
15, 222, 18
15, 223, 31
15, 245, 29
15, 256, 32
15, 257, 17
15, 258, 11
15, 258, 44
15, 266, 28
15, 276, 34
15, 277, 6
15, 282, 18
15, 285, 19
15, 287, 49
15, 289, 1
15, 293, 7
15, 293, 13
15, 293, 52
15, 295, 29
15, 298, 37
15, 300, 39
15, 308, 58
15, 311, 24
15, 315, 45
15, 318, 23
15, 324, 36
15, 336, 24
15, 339, 53
15, 340, 40
15, 346, 36
15, 352, 59
15, 356, 44
15, 364, 37
15, 366, 51
15, 368, 25
15, 371, 20
15, 376, 48
15, 380, 27
15, 388, 15
15, 405, 29
15, 407, 17
15, 407, 31
15, 412, 49
15, 421, 21
15, 426, 19
15, 427, 28
15, 429, 33
15, 437, 38
15, 447, 32
15, 448, 41
15, 452, 39
15, 460, 47
15, 462, 35
15, 464, 42
15, 481, 43
15, 491, 33
15, 491, 49
15, 507, 8
15, 507, 26
15, 509, 6
15, 509, 12
15, 509, 35
15, 512, 54
15, 516, 53
15, 517, 2
15, 520, 33
15, 522, 27
15, 522, 58
15, 526, 13
15, 526, 49
15, 529, 34
15, 530, 61
15, 533, 9
15, 533, 39
15, 536, 16
15, 541, 46
15, 542, 46
15, 543, 27
15, 546, 36
15, 549, 13
15, 549, 51
15, 551, 45
15, 553, 22
15, 555, 22
15, 558, 4
15, 561, 52
15, 562, 10
15, 566, 59
15, 568, 44
15, 570, 19
15, 575, 8
15, 582, 1
15, 585, 13
15, 586, 32
15, 588, 25
15, 594, 22
15, 602, 4
15, 607, 15
15, 613, 30
15, 615, 37
15, 616, 16
15, 616, 29
15, 616, 32
15, 621, 28
15, 627, 21
15, 631, 29
15, 632, 49
15, 633, 40
15, 639, 23
15, 640, 24
15, 641, 6
15, 642, 33
15, 643, 43
15, 644, 34
15, 654, 7
15, 654, 35
15, 656, 9
15, 660, 31
15, 672, 2
15, 675, 39
15, 684, 23
15, 690, 20
15, 694, 6
15, 697, 15
15, 702, 27
15, 711, 49
15, 717, 18
15, 721, 28
15, 725, 38
15, 729, 11
15, 730, 10
15, 730, 36
15, 730, 44
15, 734, 17
15, 741, 1
15, 742, 25
15, 743, 53
15, 744, 39
15, 746, 46
15, 748, 12
15, 749, 22
15, 754, 29
15, 770, 47
15, 771, 4
15, 775, 22
15, 777, 9
15, 777, 54
15, 787, 2
15, 788, 58
15, 789, 51
15, 790, 33
15, 795, 25
15, 796, 28
15, 796, 34
16, 1, 7
16, 2, 50
16, 6, 15
16, 6, 44
16, 19, 1
16, 19, 55
16, 20, 17
16, 30, 10
16, 30, 24
16, 48, 29
16, 52, 31
16, 52, 56
16, 55, 37
16, 55, 46
16, 60, 2
16, 69, 7
16, 71, 14
16, 71, 34
16, 73, 59
16, 83, 22
16, 85, 3
16, 87, 51
16, 94, 47
16, 95, 51
16, 99, 52
16, 102, 55
16, 111, 8
16, 112, 12
16, 114, 17
16, 118, 37
16, 118, 49
16, 120, 16
16, 129, 26
16, 129, 28
16, 140, 32
16, 146, 18
16, 152, 50
16, 154, 27
16, 154, 43
16, 159, 48
16, 160, 36
16, 162, 45
16, 171, 19
16, 176, 3
16, 177, 24
16, 182, 21
16, 182, 32
16, 187, 28
16, 189, 42
16, 197, 33
16, 202, 4
16, 202, 25
16, 207, 2
16, 209, 13
16, 214, 20
16, 215, 35
16, 220, 52
16, 223, 2
16, 225, 14
16, 225, 55
16, 227, 52
16, 229, 40
16, 231, 8
16, 235, 34
16, 240, 56
16, 242, 15
16, 249, 27
16, 251, 7
16, 252, 59
16, 257, 37
16, 259, 30
16, 262, 12
16, 263, 3
16, 263, 10
16, 264, 17
16, 267, 6
16, 267, 57
16, 269, 26
16, 276, 40
16, 279, 16
16, 290, 31
16, 298, 49
16, 316, 46
16, 317, 42
16, 331, 36
16, 334, 46
16, 338, 44
16, 339, 18
16, 339, 27
16, 341, 37
16, 350, 28
16, 352, 33
16, 361, 53
16, 362, 41
16, 370, 46
16, 373, 56
16, 374, 30
16, 374, 51
16, 378, 21
16, 382, 32
16, 387, 43
16, 390, 33
16, 399, 45
16, 401, 34
16, 402, 49
16, 403, 45
16, 405, 21
16, 407, 47
16, 415, 50
16, 418, 55
16, 424, 45
16, 430, 49
16, 433, 21
16, 435, 25
16, 435, 52
16, 436, 29
16, 445, 23
16, 447, 21
16, 465, 53
16, 466, 40
16, 469, 40
16, 472, 22
16, 473, 48
16, 475, 20
16, 480, 59
16, 481, 19
16, 509, 26
16, 515, 42
16, 519, 48
16, 521, 2
16, 521, 34
16, 522, 31
16, 525, 43
16, 528, 14
16, 531, 50
16, 545, 41
16, 552, 35
16, 558, 9
16, 558, 27
16, 560, 12
16, 562, 59
16, 568, 3
16, 568, 57
16, 569, 2
16, 574, 55
16, 575, 31
16, 577, 17
16, 579, 30
16, 580, 19
16, 580, 37
16, 584, 31
16, 588, 17
16, 590, 28
16, 592, 56
16, 593, 26
16, 593, 51
16, 596, 18
16, 598, 24
16, 598, 35
16, 601, 45
16, 603, 6
16, 603, 8
16, 604, 24
16, 605, 46
16, 611, 19
16, 613, 22
16, 616, 51
16, 616, 59
16, 620, 44
16, 622, 36
16, 624, 13
16, 624, 47
16, 625, 21
16, 628, 18
16, 634, 49
16, 645, 48
16, 652, 50
16, 659, 26
16, 660, 20
16, 668, 15
16, 672, 20
16, 681, 31
16, 682, 26
16, 683, 41
16, 683, 55
16, 686, 32
16, 692, 43
16, 694, 50
16, 695, 1
16, 699, 1
16, 703, 14
16, 708, 29
16, 710, 10
16, 712, 27
16, 717, 7
16, 718, 2
16, 722, 35
16, 730, 19
16, 733, 12
16, 733, 33
16, 735, 14
16, 737, 35
16, 747, 16
16, 748, 40
16, 748, 56
16, 753, 21
16, 753, 34
16, 763, 3
16, 764, 23
16, 771, 18
16, 771, 25
16, 772, 24
16, 780, 42
16, 782, 6
16, 785, 48
16, 790, 17
16, 792, 56
16, 795, 7
16, 795, 20
16, 796, 31
16, 798, 35
17, 4, 39
17, 5, 37
17, 8, 12
17, 16, 45
17, 19, 14
17, 22, 18
17, 25, 7
17, 25, 10
17, 27, 17
17, 27, 27
17, 28, 52
17, 31, 58
17, 33, 1
17, 34, 42
17, 42, 56
17, 43, 24
17, 44, 2
17, 47, 41
17, 54, 49
17, 55, 46
17, 56, 32
17, 56, 54
17, 59, 15
17, 74, 40
17, 76, 4
17, 81, 53
17, 82, 48
17, 84, 26
17, 88, 37
17, 89, 53
17, 91, 12
17, 94, 44
17, 95, 17
17, 97, 15
17, 99, 21
17, 101, 50
17, 107, 30
17, 109, 46
17, 114, 19
17, 116, 31
17, 124, 2
17, 124, 25
17, 125, 21
17, 129, 19
17, 131, 8
17, 140, 52
17, 144, 3
17, 148, 45
17, 151, 46
17, 157, 49
17, 158, 50
17, 164, 16
17, 169, 27
17, 172, 34
17, 174, 27
17, 179, 14
17, 184, 40
17, 185, 39
17, 190, 35
17, 195, 1
17, 200, 56
17, 209, 8
17, 209, 24
17, 209, 57
17, 217, 4
17, 222, 12
17, 223, 54
17, 227, 5
17, 227, 10
17, 230, 18
17, 230, 22
17, 230, 37
17, 231, 54
17, 240, 55
17, 241, 53
17, 243, 3
17, 244, 43
17, 251, 2
17, 255, 14
17, 256, 39
17, 259, 24
17, 259, 52
17, 260, 58
17, 261, 16
17, 262, 28
17, 268, 15
17, 269, 37
17, 270, 41
17, 275, 56
17, 276, 60
17, 277, 39
17, 281, 21
17, 284, 1
17, 286, 10
17, 290, 17
17, 290, 47
17, 293, 2
17, 293, 48
17, 294, 26
17, 296, 7
17, 297, 33
17, 306, 39
17, 306, 44
17, 308, 32
17, 315, 45
17, 323, 15
17, 326, 19
17, 329, 19
17, 341, 50
17, 341, 56
17, 346, 58
17, 349, 60
17, 352, 29
17, 352, 31
17, 362, 15
17, 383, 35
17, 383, 58
17, 389, 27
17, 394, 29
17, 407, 43
17, 408, 22
17, 417, 25
17, 422, 35
17, 424, 53
17, 424, 55
17, 425, 48
17, 434, 40
17, 439, 57
17, 444, 37
17, 455, 39
17, 472, 52
17, 475, 45
17, 476, 16
17, 487, 28
17, 488, 54
17, 491, 26
17, 494, 49
17, 496, 42
17, 514, 14
17, 518, 18
17, 524, 41
17, 525, 37
17, 527, 60
17, 530, 1
17, 532, 31
17, 537, 12
17, 538, 35
17, 544, 41
17, 546, 18
17, 548, 32
17, 550, 20
17, 554, 15
17, 559, 27
17, 561, 4
17, 565, 46
17, 568, 21
17, 572, 56
17, 573, 39
17, 581, 54
17, 581, 58
17, 584, 41
17, 588, 44
17, 589, 12
17, 596, 3
17, 597, 17
17, 598, 31
17, 601, 24
17, 603, 25
17, 606, 50
17, 614, 60
17, 615, 39
17, 618, 29
17, 625, 47
17, 629, 47
17, 637, 14
17, 640, 34
17, 643, 46
17, 644, 49
17, 648, 30
17, 648, 57
17, 653, 43
17, 654, 50
17, 657, 48
17, 665, 33
17, 671, 35
17, 679, 10
17, 681, 16
17, 681, 60
17, 692, 4
17, 693, 8
17, 711, 46
17, 733, 19
17, 738, 3
17, 742, 7
17, 743, 8
17, 743, 41
17, 745, 5
17, 747, 33
17, 748, 50
17, 748, 54
17, 749, 56
17, 751, 4
17, 751, 21
17, 753, 52
17, 754, 5
17, 755, 22
17, 755, 53
17, 757, 14
17, 757, 17
17, 758, 31
17, 764, 26
17, 764, 43
17, 766, 4
17, 769, 45
17, 769, 48
17, 770, 2
17, 776, 37
17, 779, 39
17, 783, 30
17, 795, 24
17, 799, 18
18, 6, 59
18, 8, 21
18, 12, 1
18, 15, 30
18, 15, 46
18, 15, 54
18, 16, 42
18, 17, 5
18, 23, 5
18, 24, 37
18, 30, 9
18, 32, 48
18, 41, 18
18, 42, 32
18, 50, 27
18, 51, 23
18, 53, 29
18, 61, 14
18, 71, 52
18, 74, 25
18, 78, 34
18, 83, 12
18, 89, 30
18, 91, 11
18, 94, 3
18, 102, 42
18, 114, 2
18, 114, 53
18, 115, 49
18, 119, 11
18, 123, 24
18, 142, 22
18, 156, 44
18, 156, 54
18, 160, 4
18, 160, 35
18, 163, 9
18, 165, 36
18, 168, 59
18, 170, 41
18, 171, 40
18, 172, 1
18, 173, 19
18, 173, 37
18, 175, 51
18, 182, 6
18, 186, 7
18, 187, 17
18, 187, 50
18, 189, 33
18, 191, 52
18, 197, 13
18, 206, 45
18, 206, 57
18, 207, 25
18, 208, 28
18, 209, 18
18, 210, 45
18, 217, 5
18, 218, 27
18, 226, 34
18, 227, 16
18, 233, 53
18, 242, 11
18, 251, 21
18, 252, 1
18, 253, 23
18, 258, 42
18, 266, 3
18, 266, 6
18, 270, 2
18, 274, 19
18, 275, 51
18, 281, 14
18, 281, 30
18, 284, 52
18, 287, 24
18, 291, 35
18, 292, 36
18, 297, 22
18, 300, 43
18, 308, 4
18, 311, 49
18, 321, 29
18, 322, 26
18, 326, 32
18, 332, 33
18, 333, 47
18, 333, 56
18, 335, 41
18, 340, 58
18, 345, 39
18, 349, 22
18, 350, 27
18, 350, 48
18, 359, 37
18, 372, 34
18, 374, 44
18, 375, 46
18, 388, 57
18, 389, 54
18, 402, 42
18, 405, 56
18, 412, 30
18, 417, 43
18, 432, 25
18, 437, 50
18, 439, 24
18, 441, 21
18, 449, 56
18, 451, 28
18, 453, 33
18, 458, 35
18, 458, 48
18, 461, 37
18, 466, 40
18, 470, 53
18, 472, 17
18, 483, 52
18, 485, 51
18, 486, 23
18, 494, 23
18, 494, 32
18, 495, 19
18, 496, 59
18, 500, 16
18, 504, 12
18, 505, 53
18, 510, 50
18, 513, 13
18, 514, 26
18, 518, 44
18, 523, 29
18, 525, 30
18, 527, 5
18, 531, 8
18, 532, 12
18, 539, 57
18, 543, 9
18, 543, 11
18, 554, 43
18, 556, 1
18, 558, 39
18, 563, 45
18, 564, 16
18, 565, 2
18, 568, 34
18, 578, 36
18, 581, 9
18, 583, 22
18, 583, 25
18, 583, 42
18, 588, 49
18, 599, 3
18, 600, 26
18, 602, 58
18, 607, 3
18, 612, 40
18, 613, 14
18, 614, 4
18, 620, 41
18, 621, 18
18, 625, 11
18, 628, 12
18, 630, 48
18, 632, 21
18, 632, 50
18, 640, 27
18, 643, 54
18, 644, 24
18, 653, 28
18, 660, 27
18, 663, 5
18, 663, 52
18, 665, 6
18, 667, 39
18, 667, 58
18, 670, 54
18, 674, 17
18, 675, 33
18, 689, 23
18, 689, 46
18, 700, 55
18, 701, 37
18, 710, 24
18, 716, 8
18, 718, 16
18, 719, 9
18, 723, 32
18, 724, 59
18, 729, 57
18, 731, 13
18, 731, 56
18, 738, 36
18, 745, 7
18, 748, 19
18, 751, 43
18, 754, 44
18, 756, 49
18, 759, 11
18, 760, 34
18, 762, 41
18, 766, 29
18, 772, 25
18, 777, 3
18, 787, 37
18, 788, 12
18, 794, 4
18, 796, 1
19, 1, 47
19, 8, 8
19, 9, 51
19, 16, 2
19, 16, 38
19, 25, 14
19, 28, 35
19, 29, 46
19, 30, 59
19, 44, 34
19, 55, 20
19, 64, 10
19, 65, 14
19, 67, 9
19, 72, 25
19, 76, 58
19, 81, 46
19, 82, 33
19, 94, 44
19, 95, 13
19, 96, 54
19, 99, 15
19, 103, 3
19, 103, 41
19, 105, 35
19, 110, 3
19, 124, 29
19, 124, 40
19, 125, 31
19, 127, 11
19, 128, 50
19, 136, 39
19, 137, 24
19, 139, 16
19, 139, 18
19, 152, 22
19, 155, 30
19, 157, 1
19, 163, 8
19, 163, 26
19, 167, 34
19, 168, 13
19, 169, 21
19, 169, 32
19, 177, 39
19, 181, 14
19, 193, 19
19, 200, 13
19, 201, 36
19, 202, 58
19, 215, 17
19, 215, 56
19, 230, 29
19, 232, 51
19, 237, 2
19, 237, 49
19, 245, 35
19, 246, 10
19, 248, 35
19, 248, 47
19, 251, 15
19, 254, 44
19, 264, 31
19, 270, 28
19, 271, 55
19, 272, 8
19, 283, 45
19, 284, 42
19, 291, 34
19, 294, 1
19, 296, 16
19, 297, 57
19, 304, 11
19, 315, 58
19, 327, 40
19, 329, 34
19, 330, 21
19, 338, 24
19, 338, 41
19, 344, 31
19, 345, 54
19, 350, 24
19, 352, 33
19, 357, 47
19, 364, 20
19, 364, 36
19, 365, 29
19, 372, 54
19, 375, 22
19, 377, 28
19, 380, 40
19, 381, 44
19, 385, 50
19, 387, 18
19, 390, 35
19, 396, 40
19, 403, 55
19, 411, 46
19, 416, 26
19, 417, 23
19, 420, 42
19, 462, 49
19, 465, 50
19, 466, 51
19, 467, 30
19, 471, 39
19, 475, 24
19, 479, 45
19, 496, 40
19, 498, 28
19, 505, 22
19, 506, 19
19, 506, 56
19, 507, 24
19, 507, 34
19, 509, 46
19, 512, 3
19, 514, 42
19, 517, 17
19, 518, 21
19, 528, 48
19, 532, 15
19, 532, 31
19, 533, 2
19, 535, 11
19, 536, 47
19, 537, 36
19, 547, 25
19, 549, 54
19, 551, 58
19, 552, 13
19, 559, 44
19, 560, 19
19, 562, 1
19, 565, 47
19, 572, 55
19, 573, 9
19, 575, 18
19, 584, 16
19, 584, 57
19, 587, 33
19, 590, 2
19, 591, 9
19, 592, 10
19, 593, 55
19, 598, 59
19, 606, 23
19, 611, 55
19, 619, 36
19, 621, 8
19, 621, 50
19, 625, 40
19, 627, 41
19, 630, 49
19, 636, 42
19, 638, 30
19, 646, 10
19, 652, 14
19, 654, 24
19, 664, 20
19, 667, 11
19, 671, 22
19, 671, 51
19, 678, 24
19, 685, 31
19, 692, 14
19, 692, 29
19, 693, 17
19, 708, 54
19, 712, 40
19, 715, 1
19, 719, 48
19, 720, 1
19, 723, 45
19, 725, 3
19, 725, 15
19, 731, 60
19, 732, 44
19, 736, 21
19, 737, 18
19, 748, 33
19, 753, 29
19, 754, 50
19, 769, 34
19, 773, 58
19, 775, 55
19, 783, 56
19, 783, 57
19, 789, 9
19, 792, 41
19, 795, 13
19, 795, 51
19, 796, 28
