1, 2, 13
1, 7, 58
1, 8, 40
1, 8, 52
1, 11, 23
1, 13, 54
1, 14, 6
1, 24, 10
1, 26, 31
1, 31, 3
1, 33, 50
1, 35, 4
1, 35, 19
1, 38, 16
1, 43, 34
1, 44, 24
1, 61, 36
1, 63, 37
1, 65, 15
1, 65, 17
1, 66, 11
1, 66, 32
1, 73, 47
1, 76, 2
1, 76, 40
1, 77, 34
1, 77, 44
1, 80, 13
1, 83, 7
1, 84, 21
1, 90, 25
1, 102, 43
1, 103, 35
1, 104, 16
1, 106, 42
1, 107, 22
1, 107, 56
1, 109, 4
1, 115, 13
1, 116, 3
1, 118, 43
1, 130, 12
1, 132, 55
1, 134, 49
1, 140, 45
1, 144, 15
1, 148, 29
1, 148, 59
1, 153, 46
1, 156, 9
1, 160, 36
1, 160, 46
1, 161, 10
1, 161, 22
1, 170, 50
1, 171, 13
1, 173, 20
1, 180, 21
1, 180, 25
1, 181, 14
1, 183, 25
1, 183, 31
1, 185, 4
1, 186, 39
1, 189, 17
1, 191, 2
1, 191, 29
1, 197, 21
1, 199, 5
1, 203, 32
1, 217, 44
1, 217, 52
1, 218, 18
1, 225, 28
1, 226, 12
1, 227, 29
1, 228, 27
1, 229, 21
1, 232, 28
1, 237, 58
1, 238, 34
1, 240, 15
1, 240, 44
1, 242, 19
1, 248, 24
1, 255, 54
1, 264, 40
1, 265, 3
1, 266, 33
1, 275, 40
1, 276, 23
1, 277, 7
1, 279, 37
1, 279, 53
1, 291, 56
1, 292, 38
1, 296, 11
1, 299, 6
1, 307, 43
1, 316, 32
1, 324, 41
1, 325, 20
1, 327, 59
1, 329, 46
1, 332, 35
1, 340, 34
1, 343, 22
1, 353, 39
1, 357, 58
1, 367, 45
1, 371, 49
1, 381, 31
1, 390, 32
1, 392, 25
1, 405, 56
1, 407, 26
1, 408, 21
1, 409, 50
1, 411, 42
1, 429, 55
1, 431, 46
1, 436, 58
1, 450, 27
1, 452, 29
1, 457, 37
1, 465, 59
1, 467, 16
1, 470, 40
1, 473, 18
1, 477, 23
1, 477, 53
1, 481, 47
1, 487, 44
1, 490, 28
1, 493, 55
1, 499, 5
1, 501, 35
1, 501, 55
1, 507, 43
1, 507, 49
1, 511, 36
1, 522, 50
1, 526, 9
1, 537, 31
1, 538, 13
1, 538, 17
1, 543, 45
1, 547, 19
1, 550, 33
1, 552, 38
1, 554, 14
1, 557, 2
1, 557, 31
1, 559, 44
1, 576, 10
1, 577, 50
1, 578, 1
1, 578, 22
1, 588, 35
1, 589, 39
1, 594, 15
1, 594, 26
1, 598, 41
1, 599, 46
1, 600, 58
1, 601, 54
1, 609, 7
1, 611, 19
1, 613, 24
1, 619, 20
1, 621, 56
1, 622, 34
1, 631, 33
1, 638, 4
1, 638, 24
1, 647, 29
1, 648, 3
1, 657, 23
1, 663, 29
1, 665, 3
1, 665, 32
1, 667, 39
1, 668, 59
1, 669, 16
1, 671, 21
1, 673, 42
1, 676, 42
1, 677, 15
1, 681, 52
1, 683, 20
1, 689, 33
1, 691, 9
1, 695, 27
1, 704, 12
1, 705, 11
1, 709, 46
1, 710, 28
1, 710, 31
1, 719, 22
1, 727, 21
1, 728, 42
1, 730, 7
1, 731, 58
1, 733, 23
1, 736, 36
1, 740, 17
1, 741, 53
1, 743, 45
1, 743, 54
1, 745, 13
1, 746, 18
1, 748, 40
1, 755, 29
1, 756, 55
1, 756, 59
1, 758, 25
1, 761, 12
1, 764, 19
1, 765, 38
1, 766, 52
1, 768, 35
1, 770, 56
1, 775, 24
1, 776, 11
1, 777, 54
1, 787, 42
1, 790, 31
1, 794, 20
1, 796, 55
2, 8, 20
2, 11, 6
2, 18, 29
2, 20, 49
2, 23, 11
2, 27, 10
2, 28, 42
2, 32, 17
2, 32, 21
2, 37, 34
2, 38, 50
2, 40, 9
2, 40, 27
2, 42, 16
2, 42, 41
2, 52, 28
2, 53, 6
2, 53, 37
2, 56, 1
2, 57, 34
2, 60, 4
2, 64, 21
2, 66, 55
2, 68, 54
2, 70, 23
2, 73, 8
2, 73, 14
2, 77, 32
2, 78, 18
2, 80, 56
2, 85, 3
2, 85, 32
2, 94, 19
2, 96, 40
2, 96, 48
2, 98, 10
2, 99, 11
2, 101, 36
2, 108, 9
2, 108, 17
2, 118, 33
2, 123, 31
2, 124, 18
2, 125, 28
2, 125, 52
2, 131, 17
2, 134, 1
2, 134, 14
2, 146, 47
2, 148, 32
2, 152, 54
2, 158, 28
2, 159, 22
2, 160, 25
2, 161, 44
2, 165, 33
2, 168, 4
2, 170, 55
2, 175, 47
2, 180, 46
2, 182, 24
2, 182, 35
2, 187, 37
2, 192, 9
2, 192, 37
2, 193, 54
2, 195, 16
2, 197, 1
2, 202, 27
2, 203, 50
2, 207, 23
2, 208, 53
2, 210, 10
2, 212, 55
2, 213, 19
2, 213, 51
2, 215, 34
2, 217, 35
2, 218, 5
2, 222, 42
2, 224, 49
2, 231, 40
2, 234, 9
2, 240, 36
2, 240, 43
2, 244, 16
2, 244, 52
2, 253, 18
2, 256, 29
2, 257, 3
2, 257, 20
2, 259, 3
2, 260, 45
2, 264, 8
2, 271, 15
2, 276, 56
2, 279, 54
2, 281, 31
2, 282, 41
2, 285, 32
2, 285, 48
2, 286, 17
2, 287, 28
2, 287, 34
2, 292, 6
2, 292, 26
2, 293, 14
2, 294, 43
2, 302, 27
2, 302, 56
2, 310, 54
2, 317, 38
2, 320, 25
2, 325, 47
2, 334, 41
2, 349, 55
2, 358, 50
2, 360, 44
2, 372, 21
2, 376, 35
2, 381, 45
2, 387, 37
2, 390, 29
2, 395, 27
2, 397, 45
2, 397, 48
2, 403, 53
2, 405, 22
2, 405, 26
2, 409, 48
2, 410, 33
2, 412, 32
2, 419, 50
2, 431, 43
2, 436, 51
2, 440, 40
2, 445, 42
2, 446, 52
2, 448, 29
2, 449, 49
2, 463, 46
2, 466, 37
2, 469, 36
2, 476, 32
2, 477, 28
2, 483, 19
2, 488, 31
2, 501, 4
2, 501, 23
2, 503, 29
2, 504, 24
2, 509, 16
2, 513, 26
2, 513, 54
2, 515, 43
2, 516, 11
2, 521, 1
2, 527, 44
2, 538, 38
2, 545, 53
2, 546, 32
2, 549, 18
2, 553, 33
2, 556, 25
2, 556, 35
2, 561, 25
2, 573, 47
2, 574, 41
2, 574, 56
2, 575, 26
2, 583, 47
2, 583, 50
2, 584, 27
2, 589, 26
2, 590, 40
2, 591, 45
2, 592, 10
2, 599, 45
2, 605, 51
2, 609, 16
2, 614, 3
2, 616, 8
2, 617, 46
2, 618, 57
2, 620, 22
2, 623, 22
2, 625, 9
2, 627, 34
2, 629, 52
2, 630, 55
2, 635, 20
2, 638, 15
2, 639, 56
2, 641, 15
2, 643, 6
2, 643, 23
2, 649, 28
2, 657, 53
2, 658, 11
2, 658, 37
2, 659, 48
2, 664, 40
2, 667, 10
2, 674, 31
2, 676, 37
2, 677, 36
2, 679, 42
2, 682, 57
2, 686, 35
2, 689, 17
2, 693, 19
2, 696, 17
2, 701, 38
2, 706, 21
2, 712, 37
2, 716, 50
2, 717, 6
2, 725, 27
2, 725, 32
2, 727, 4
2, 728, 47
2, 730, 29
2, 730, 43
2, 732, 45
2, 737, 27
2, 738, 32
2, 739, 46
2, 743, 5
2, 744, 35
2, 755, 34
2, 758, 22
2, 759, 10
2, 767, 14
2, 768, 24
2, 768, 44
2, 769, 40
2, 770, 36
2, 774, 42
2, 775, 23
2, 778, 49
2, 786, 56
2, 787, 9
2, 791, 38
2, 795, 28
2, 799, 45
3, 1, 22
3, 7, 32
3, 10, 4
3, 11, 24
3, 11, 60
3, 14, 44
3, 15, 31
3, 19, 14
3, 22, 55
3, 33, 12
3, 35, 37
3, 38, 29
3, 45, 55
3, 49, 11
3, 55, 29
3, 55, 59
3, 60, 11
3, 62, 18
3, 70, 13
3, 72, 3
3, 72, 33
3, 84, 21
3, 84, 46
3, 90, 26
3, 91, 46
3, 91, 51
3, 93, 2
3, 93, 25
3, 98, 45
3, 99, 34
3, 101, 55
3, 108, 49
3, 111, 12
3, 111, 38
3, 115, 53
3, 116, 27
3, 117, 46
3, 118, 1
3, 118, 4
3, 118, 36
3, 118, 41
3, 132, 37
3, 134, 6
3, 137, 32
3, 141, 18
3, 144, 25
3, 148, 51
3, 150, 15
3, 153, 22
3, 162, 3
3, 165, 24
3, 171, 60
3, 172, 48
3, 174, 9
3, 177, 14
3, 178, 16
3, 180, 2
3, 180, 4
3, 182, 33
3, 193, 5
3, 196, 47
3, 198, 20
3, 207, 31
3, 218, 17
3, 219, 39
3, 222, 11
3, 225, 49
3, 226, 36
3, 227, 22
3, 230, 9
3, 231, 25
3, 233, 10
3, 235, 60
3, 237, 13
3, 244, 41
3, 246, 4
3, 248, 47
3, 251, 38
3, 253, 16
3, 257, 6
3, 257, 9
3, 258, 32
3, 261, 24
3, 262, 24
3, 263, 55
3, 268, 1
3, 268, 28
3, 275, 46
3, 277, 12
3, 279, 32
3, 280, 37
3, 281, 29
3, 282, 11
3, 282, 17
3, 287, 42
3, 291, 1
3, 292, 21
3, 294, 35
3, 294, 56
3, 299, 58
3, 300, 30
3, 302, 53
3, 304, 23
3, 314, 34
3, 314, 48
3, 315, 18
3, 319, 26
3, 322, 29
3, 328, 42
3, 330, 39
3, 333, 43
3, 338, 40
3, 341, 32
3, 352, 37
3, 355, 21
3, 362, 54
3, 373, 50
3, 386, 51
3, 390, 26
3, 397, 45
3, 399, 30
3, 401, 44
3, 405, 59
3, 406, 28
3, 409, 31
3, 409, 33
3, 419, 50
3, 430, 27
3, 442, 25
3, 449, 36
3, 453, 41
3, 453, 60
3, 454, 32
3, 455, 26
3, 462, 30
3, 464, 38
3, 471, 54
3, 474, 50
3, 478, 26
3, 479, 36
3, 481, 37
3, 485, 32
3, 493, 22
3, 497, 14
3, 499, 3
3, 499, 51
3, 502, 49
3, 505, 46
3, 506, 42
3, 507, 29
3, 511, 44
3, 513, 56
3, 515, 16
3, 520, 2
3, 520, 49
3, 522, 34
3, 525, 41
3, 525, 55
3, 527, 35
3, 528, 4
3, 528, 17
3, 535, 24
3, 535, 28
3, 538, 39
3, 540, 42
3, 543, 40
3, 544, 58
3, 553, 8
3, 555, 15
3, 563, 45
3, 564, 20
3, 564, 55
3, 569, 43
3, 573, 5
3, 575, 15
3, 579, 21
3, 580, 27
3, 586, 45
3, 589, 23
3, 593, 28
3, 595, 47
3, 596, 15
3, 598, 18
3, 601, 13
3, 602, 16
3, 615, 34
3, 616, 12
3, 616, 31
3, 618, 25
3, 618, 36
3, 620, 18
3, 623, 1
3, 630, 50
3, 631, 11
3, 635, 6
3, 635, 11
3, 635, 12
3, 636, 33
3, 637, 41
3, 645, 6
3, 648, 44
3, 651, 48
3, 658, 9
3, 658, 39
3, 666, 54
3, 667, 32
3, 668, 14
3, 670, 32
3, 677, 53
3, 682, 2
3, 683, 26
3, 683, 59
3, 684, 5
3, 684, 35
3, 689, 37
3, 690, 22
3, 691, 3
3, 693, 34
3, 698, 55
3, 703, 24
3, 703, 46
3, 707, 4
3, 711, 56
3, 713, 36
3, 713, 49
3, 714, 21
3, 717, 9
3, 718, 41
3, 718, 60
3, 722, 10
3, 725, 17
3, 730, 35
3, 746, 38
3, 747, 16
3, 749, 27
3, 749, 39
3, 750, 11
3, 752, 45
3, 752, 51
3, 753, 44
3, 756, 3
3, 757, 49
3, 759, 12
3, 761, 40
3, 765, 15
3, 767, 21
3, 773, 20
3, 773, 25
3, 776, 50
3, 780, 42
3, 781, 8
3, 782, 39
3, 787, 53
3, 792, 56
3, 795, 38
3, 796, 3
3, 797, 17
3, 799, 3
4, 2, 23
4, 8, 32
4, 14, 10
4, 19, 18
4, 20, 27
4, 22, 16
4, 26, 14
4, 26, 42
4, 29, 4
4, 29, 17
4, 37, 3
4, 39, 49
4, 43, 16
4, 56, 6
4, 58, 50
4, 59, 24
4, 62, 14
4, 63, 8
4, 63, 47
4, 68, 39
4, 69, 37
4, 70, 12
4, 72, 45
4, 75, 15
4, 75, 33
4, 78, 39
4, 80, 21
4, 82, 37
4, 84, 14
4, 88, 40
4, 90, 38
4, 94, 2
4, 101, 26
4, 105, 44
4, 112, 30
4, 116, 50
4, 123, 46
4, 125, 34
4, 126, 10
4, 130, 35
4, 133, 61
4, 135, 7
4, 136, 59
4, 150, 32
4, 154, 25
4, 155, 20
4, 157, 37
4, 161, 42
4, 162, 12
4, 162, 29
4, 162, 38
4, 172, 24
4, 173, 6
4, 182, 17
4, 189, 56
4, 190, 45
4, 192, 40
4, 194, 33
4, 195, 54
4, 196, 23
4, 197, 39
4, 202, 11
4, 202, 17
4, 205, 13
4, 206, 48
4, 209, 18
4, 211, 14
4, 214, 30
4, 215, 28
4, 220, 8
4, 220, 23
4, 224, 9
4, 226, 27
4, 233, 35
4, 234, 3
4, 238, 16
4, 238, 45
4, 240, 10
4, 244, 7
4, 244, 19
4, 244, 29
4, 252, 40
4, 256, 5
4, 256, 31
4, 257, 22
4, 259, 49
4, 259, 57
4, 260, 59
4, 262, 15
4, 263, 2
4, 275, 25
4, 276, 34
4, 277, 20
4, 290, 43
4, 295, 4
4, 295, 46
4, 296, 21
4, 296, 42
4, 301, 29
4, 304, 39
4, 314, 35
4, 315, 19
4, 318, 26
4, 326, 39
4, 334, 30
4, 338, 54
4, 339, 47
4, 340, 44
4, 347, 28
4, 351, 53
4, 352, 50
4, 357, 32
4, 357, 37
4, 360, 27
4, 361, 56
4, 362, 24
4, 366, 23
4, 389, 48
4, 390, 38
4, 390, 52
4, 392, 36
4, 405, 61
4, 411, 34
4, 416, 37
4, 443, 33
4, 446, 47
4, 452, 59
4, 453, 35
4, 461, 57
4, 462, 44
4, 465, 40
4, 473, 42
4, 475, 20
4, 475, 56
4, 479, 52
4, 488, 40
4, 498, 19
4, 500, 45
4, 501, 6
4, 503, 42
4, 504, 46
4, 506, 23
4, 509, 12
4, 511, 25
4, 514, 31
4, 514, 47
4, 515, 49
4, 519, 39
4, 520, 31
4, 520, 54
4, 524, 27
4, 525, 50
4, 526, 28
4, 531, 29
4, 531, 59
4, 532, 41
4, 537, 34
4, 539, 43
4, 539, 53
4, 543, 9
4, 544, 24
4, 545, 3
4, 547, 13
4, 551, 16
4, 554, 49
4, 558, 54
4, 561, 17
4, 563, 33
4, 567, 61
4, 569, 38
4, 570, 39
4, 570, 50
4, 573, 32
4, 576, 22
4, 582, 19
4, 588, 52
4, 593, 37
4, 598, 23
4, 600, 4
4, 601, 11
4, 602, 36
4, 605, 13
4, 609, 5
4, 621, 10
4, 628, 29
4, 629, 48
4, 630, 16
4, 633, 24
4, 639, 44
4, 642, 42
4, 645, 34
4, 647, 21
4, 649, 30
4, 657, 17
4, 658, 7
4, 660, 40
4, 661, 2
4, 665, 28
4, 670, 35
4, 674, 47
4, 677, 20
4, 678, 6
4, 680, 53
4, 685, 43
4, 691, 9
4, 693, 49
4, 702, 39
4, 702, 56
4, 711, 41
4, 711, 57
4, 712, 13
4, 712, 23
4, 716, 38
4, 716, 50
4, 727, 7
4, 727, 22
4, 727, 54
4, 728, 31
4, 730, 3
4, 738, 4
4, 747, 5
4, 748, 29
4, 754, 12
4, 755, 26
4, 761, 2
4, 766, 7
4, 766, 33
4, 770, 16
4, 771, 37
4, 772, 30
4, 774, 24
4, 776, 20
4, 779, 59
4, 787, 5
5, 1, 50
5, 4, 18
5, 4, 37
5, 10, 32
5, 20, 22
5, 20, 34
5, 22, 33
5, 23, 44
5, 26, 19
5, 34, 31
5, 40, 45
5, 41, 53
5, 44, 25
5, 48, 36
5, 49, 32
5, 52, 16
5, 52, 49
5, 58, 58
5, 63, 25
5, 64, 20
5, 68, 39
5, 69, 11
5, 73, 18
5, 73, 43
5, 73, 52
5, 80, 20
5, 85, 44
5, 86, 17
5, 90, 37
5, 95, 7
5, 101, 3
5, 102, 1
5, 105, 19
5, 107, 26
5, 109, 48
5, 111, 12
5, 114, 34
5, 115, 27
5, 121, 1
5, 121, 28
5, 122, 35
5, 123, 39
5, 125, 6
5, 127, 40
5, 127, 55
5, 134, 5
5, 134, 56
5, 136, 15
5, 138, 46
5, 139, 53
5, 143, 13
5, 147, 45
5, 151, 61
5, 155, 52
5, 162, 18
5, 163, 22
5, 164, 37
5, 166, 20
5, 166, 27
5, 169, 26
5, 169, 27
5, 170, 33
5, 175, 2
5, 175, 33
5, 178, 8
5, 180, 38
5, 180, 51
5, 184, 10
5, 187, 33
5, 187, 37
5, 189, 41
5, 197, 22
5, 199, 12
5, 204, 31
5, 209, 17
5, 210, 4
5, 213, 54
5, 214, 17
5, 221, 30
5, 225, 37
5, 230, 32
5, 232, 16
5, 245, 32
5, 245, 42
5, 255, 7
5, 255, 19
5, 255, 60
5, 256, 6
5, 257, 15
5, 257, 39
5, 259, 36
5, 264, 38
5, 265, 24
5, 269, 44
5, 271, 8
5, 274, 25
5, 275, 13
5, 283, 3
5, 283, 11
5, 283, 45
5, 293, 40
5, 297, 28
5, 299, 53
5, 299, 55
5, 301, 5
5, 309, 26
5, 314, 27
5, 314, 40
5, 314, 42
5, 315, 48
5, 319, 23
5, 321, 35
5, 322, 30
5, 326, 34
5, 333, 43
5, 334, 51
5, 343, 33
5, 348, 61
5, 356, 48
5, 363, 16
5, 364, 52
5, 379, 20
5, 380, 38
5, 385, 30
5, 385, 49
5, 389, 22
5, 390, 56
5, 397, 41
5, 397, 52
5, 398, 32
5, 411, 51
5, 412, 31
5, 418, 23
5, 420, 52
5, 423, 42
5, 423, 54
5, 425, 27
5, 438, 33
5, 447, 38
5, 448, 46
5, 458, 21
5, 460, 32
5, 460, 53
5, 468, 40
5, 469, 26
5, 480, 33
5, 485, 37
5, 490, 18
5, 491, 58
5, 495, 36
5, 496, 24
5, 502, 55
5, 503, 1
5, 506, 12
5, 513, 17
5, 516, 25
5, 519, 60
5, 527, 50
5, 528, 15
5, 531, 7
5, 532, 19
5, 533, 60
5, 536, 8
5, 540, 27
5, 544, 10
5, 550, 13
5, 554, 45
5, 555, 43
5, 560, 2
5, 563, 13
5, 563, 39
5, 564, 33
5, 566, 9
5, 566, 22
5, 570, 48
5, 572, 50
5, 576, 54
5, 577, 16
5, 581, 35
5, 587, 48
5, 589, 16
5, 589, 56
5, 596, 4
5, 599, 6
5, 604, 38
5, 608, 52
5, 611, 12
5, 614, 20
5, 615, 32
5, 617, 50
5, 617, 61
5, 619, 1
5, 619, 21
5, 625, 5
5, 627, 28
5, 628, 44
5, 638, 36
5, 641, 3
5, 641, 40
5, 642, 22
5, 648, 12
5, 649, 51
5, 652, 26
5, 652, 46
5, 656, 1
5, 657, 10
5, 666, 1
5, 671, 11
5, 671, 18
5, 673, 17
5, 677, 30
5, 678, 49
5, 679, 2
5, 680, 13
5, 681, 55
5, 686, 53
5, 687, 32
5, 688, 3
5, 689, 45
5, 693, 16
5, 701, 50
5, 702, 11
5, 702, 43
5, 707, 9
5, 711, 23
5, 713, 56
5, 717, 4
5, 722, 3
5, 723, 22
5, 726, 40
5, 731, 42
5, 732, 44
5, 734, 37
5, 738, 60
5, 741, 35
5, 748, 6
5, 749, 1
5, 749, 12
5, 760, 8
5, 761, 28
5, 761, 53
5, 767, 34
5, 768, 23
5, 771, 3
5, 774, 13
5, 775, 4
5, 775, 25
5, 778, 11
5, 782, 25
5, 783, 45
5, 784, 10
5, 789, 26
5, 790, 52
5, 791, 52
6, 2, 50
6, 3, 35
6, 13, 8
6, 17, 56
6, 20, 53
6, 30, 44
6, 33, 31
6, 33, 52
6, 34, 13
6, 35, 30
6, 38, 32
6, 57, 16
6, 58, 10
6, 61, 30
6, 65, 52
6, 68, 36
6, 69, 11
6, 69, 33
6, 72, 3
6, 72, 23
6, 74, 14
6, 79, 12
6, 79, 54
6, 82, 41
6, 88, 22
6, 89, 6
6, 91, 43
6, 95, 44
6, 97, 24
6, 99, 25
6, 101, 17
6, 101, 46
6, 104, 20
6, 105, 31
6, 106, 42
6, 118, 46
6, 118, 53
6, 127, 45
6, 128, 18
6, 135, 26
6, 139, 51
6, 141, 39
6, 143, 17
6, 148, 29
6, 149, 47
6, 153, 2
6, 153, 11
6, 159, 18
6, 163, 4
6, 167, 60
6, 168, 11
6, 168, 13
6, 171, 44
6, 182, 45
6, 184, 19
6, 190, 52
6, 191, 26
6, 202, 29
6, 203, 49
6, 209, 15
6, 209, 44
6, 214, 8
6, 214, 34
6, 224, 6
6, 227, 14
6, 231, 23
6, 231, 37
6, 233, 40
6, 234, 48
6, 236, 38
6, 238, 43
6, 241, 3
6, 241, 23
6, 242, 21
6, 244, 5
6, 245, 6
6, 253, 56
6, 262, 16
6, 267, 35
6, 268, 18
6, 269, 54
6, 276, 30
6, 279, 7
6, 279, 10
6, 287, 33
6, 291, 8
6, 292, 32
6, 294, 12
6, 295, 31
6, 298, 50
6, 301, 22
6, 306, 35
6, 316, 42
6, 324, 46
6, 327, 51
6, 331, 17
6, 334, 39
6, 336, 47
6, 347, 29
6, 353, 18
6, 356, 42
6, 362, 20
6, 362, 46
6, 363, 25
6, 363, 33
6, 369, 36
6, 375, 47
6, 378, 53
6, 381, 27
6, 388, 26
6, 390, 43
6, 397, 39
6, 401, 36
6, 404, 36
6, 409, 49
6, 415, 43
6, 420, 56
6, 427, 52
6, 430, 45
6, 431, 34
6, 438, 41
6, 441, 60
6, 444, 33
6, 445, 19
6, 448, 44
6, 449, 20
6, 468, 23
6, 473, 52
6, 475, 30
6, 476, 33
6, 478, 47
6, 479, 40
6, 483, 32
6, 484, 56
6, 498, 29
6, 500, 31
6, 504, 4
6, 508, 21
6, 508, 35
6, 513, 14
6, 516, 13
6, 517, 6
6, 517, 38
6, 525, 29
6, 526, 35
6, 526, 54
6, 527, 30
6, 529, 15
6, 532, 26
6, 533, 51
6, 537, 49
6, 540, 12
6, 541, 16
6, 543, 25
6, 543, 46
6, 544, 44
6, 552, 37
6, 559, 18
6, 563, 5
6, 564, 22
6, 565, 11
6, 568, 17
6, 571, 30
6, 581, 27
6, 581, 33
6, 581, 37
6, 584, 2
6, 587, 27
6, 589, 24
6, 593, 42
6, 595, 39
6, 605, 18
6, 605, 29
6, 609, 45
6, 610, 36
6, 611, 41
6, 619, 14
6, 623, 26
6, 628, 53
6, 633, 12
6, 635, 19
6, 636, 3
6, 641, 20
6, 654, 45
6, 655, 15
6, 656, 23
6, 656, 51
6, 660, 7
6, 660, 21
6, 661, 25
6, 661, 47
6, 667, 50
6, 671, 38
6, 676, 17
6, 677, 46
6, 679, 20
6, 679, 32
6, 681, 13
6, 685, 41
6, 687, 30
6, 691, 24
6, 691, 56
6, 692, 16
6, 694, 27
6, 696, 31
6, 698, 8
6, 698, 37
6, 703, 30
6, 704, 26
6, 706, 4
6, 707, 11
6, 710, 43
6, 711, 24
6, 715, 6
6, 715, 15
6, 718, 34
6, 722, 10
6, 723, 60
6, 730, 51
6, 732, 7
6, 737, 5
6, 742, 18
6, 743, 42
6, 746, 22
6, 748, 33
6, 752, 15
6, 752, 22
6, 763, 10
6, 764, 35
6, 765, 44
6, 766, 38
6, 767, 47
6, 776, 32
6, 783, 39
6, 783, 40
6, 785, 23
6, 786, 8
6, 787, 26
6, 791, 19
6, 792, 6
6, 797, 12
6, 799, 41
7, 5, 5
7, 6, 24
7, 11, 21
7, 11, 45
7, 13, 16
7, 15, 17
7, 21, 4
7, 23, 2
7, 24, 29
7, 26, 41
7, 26, 57
7, 29, 54
7, 30, 28
7, 30, 42
7, 31, 23
7, 31, 37
7, 34, 2
7, 34, 34
7, 45, 41
7, 45, 56
7, 47, 8
7, 50, 3
7, 50, 52
7, 52, 48
7, 56, 52
7, 57, 12
7, 64, 58
7, 69, 27
7, 71, 47
7, 72, 38
7, 74, 34
7, 75, 19
7, 82, 49
7, 85, 31
7, 90, 32
7, 103, 9
7, 105, 13
7, 105, 18
7, 110, 48
7, 117, 28
7, 121, 3
7, 125, 21
7, 127, 10
7, 132, 7
7, 132, 45
7, 134, 1
7, 134, 5
7, 136, 29
7, 136, 46
7, 142, 5
7, 145, 2
7, 147, 31
7, 150, 55
7, 155, 44
7, 158, 26
7, 159, 50
7, 161, 34
7, 168, 5
7, 171, 18
7, 171, 59
7, 172, 43
7, 174, 6
7, 182, 30
7, 183, 42
7, 184, 12
7, 185, 22
7, 189, 58
7, 198, 33
7, 199, 3
7, 199, 12
7, 203, 47
7, 205, 27
7, 225, 4
7, 226, 32
7, 228, 30
7, 237, 16
7, 239, 27
7, 242, 45
7, 244, 20
7, 246, 54
7, 247, 51
7, 250, 38
7, 251, 41
7, 259, 39
7, 264, 38
7, 268, 1
7, 269, 28
7, 270, 10
7, 273, 29
7, 277, 35
7, 282, 17
7, 283, 26
7, 288, 2
7, 288, 23
7, 289, 42
7, 290, 18
7, 294, 13
7, 297, 17
7, 304, 34
7, 308, 56
7, 311, 48
7, 312, 43
7, 314, 21
7, 331, 52
7, 333, 37
7, 336, 57
7, 346, 44
7, 351, 31
7, 354, 24
7, 358, 45
7, 368, 34
7, 369, 40
7, 371, 27
7, 377, 31
7, 378, 28
7, 379, 45
7, 379, 47
7, 384, 24
7, 401, 33
7, 402, 21
7, 406, 39
7, 409, 47
7, 411, 29
7, 425, 30
7, 440, 49
7, 447, 42
7, 447, 51
7, 447, 54
7, 451, 53
7, 453, 32
7, 469, 30
7, 473, 50
7, 481, 26
7, 481, 37
7, 486, 35
7, 488, 32
7, 490, 30
7, 490, 56
7, 491, 28
7, 494, 59
7, 497, 5
7, 498, 58
7, 506, 16
7, 509, 26
7, 510, 9
7, 510, 51
7, 511, 36
7, 513, 1
7, 513, 22
7, 515, 3
7, 518, 23
7, 526, 12
7, 530, 49
7, 537, 43
7, 541, 27
7, 543, 57
7, 545, 55
7, 549, 26
7, 552, 35
7, 553, 18
7, 555, 19
7, 557, 38
7, 569, 8
7, 570, 31
7, 570, 48
7, 572, 8
7, 572, 21
7, 577, 44
7, 579, 10
7, 585, 4
7, 588, 27
7, 588, 45
7, 591, 10
7, 593, 47
7, 596, 7
7, 599, 59
7, 600, 18
7, 601, 46
7, 609, 13
7, 609, 39
7, 611, 41
7, 611, 50
7, 614, 54
7, 614, 58
7, 617, 2
7, 632, 24
7, 632, 43
7, 633, 21
7, 636, 42
7, 640, 29
7, 640, 40
7, 650, 6
7, 650, 20
7, 662, 1
7, 662, 52
7, 665, 24
7, 667, 47
7, 669, 34
7, 670, 26
7, 670, 47
7, 675, 8
7, 675, 22
7, 675, 40
7, 677, 54
7, 681, 30
7, 683, 1
7, 683, 37
7, 684, 33
7, 700, 7
7, 704, 3
7, 705, 5
7, 705, 36
7, 709, 19
7, 710, 45
7, 713, 17
7, 715, 56
7, 723, 32
7, 727, 28
7, 727, 51
7, 729, 10
7, 730, 49
7, 731, 53
7, 732, 20
7, 733, 31
7, 739, 8
7, 742, 55
7, 742, 57
7, 746, 23
7, 750, 38
7, 757, 3
7, 757, 30
7, 759, 16
7, 772, 33
7, 781, 8
7, 783, 32
7, 786, 7
7, 789, 27
7, 793, 33
7, 796, 7
7, 796, 35
7, 796, 40
7, 799, 50
8, 3, 7
8, 3, 38
8, 4, 13
8, 5, 21
8, 11, 1
8, 14, 50
8, 18, 2
8, 21, 57
8, 24, 5
8, 26, 24
8, 28, 9
8, 29, 52
8, 30, 19
8, 31, 12
8, 33, 49
8, 49, 34
8, 54, 6
8, 54, 40
8, 58, 18
8, 76, 35
8, 79, 10
8, 94, 53
8, 95, 39
8, 100, 7
8, 106, 35
8, 108, 33
8, 113, 10
8, 114, 25
8, 115, 17
8, 120, 5
8, 120, 59
8, 121, 40
8, 127, 34
8, 127, 37
8, 129, 24
8, 130, 41
8, 131, 27
8, 132, 30
8, 134, 22
8, 136, 48
8, 137, 21
8, 143, 2
8, 160, 46
8, 161, 11
8, 161, 16
8, 165, 32
8, 165, 36
8, 168, 6
8, 180, 50
8, 185, 14
8, 185, 58
8, 189, 9
8, 191, 54
8, 192, 4
8, 193, 37
8, 194, 6
8, 198, 16
8, 208, 2
8, 210, 13
8, 211, 9
8, 214, 57
8, 215, 34
8, 216, 52
8, 218, 38
8, 220, 47
8, 224, 36
8, 226, 54
8, 228, 49
8, 232, 13
8, 232, 18
8, 233, 53
8, 238, 3
8, 240, 11
8, 249, 18
8, 252, 7
8, 257, 40
8, 257, 55
8, 260, 12
8, 261, 23
8, 261, 36
8, 266, 48
8, 275, 44
8, 277, 53
8, 279, 15
8, 280, 10
8, 283, 5
8, 283, 52
8, 288, 30
8, 288, 33
8, 289, 22
8, 291, 19
8, 292, 27
8, 296, 35
8, 297, 32
8, 334, 31
8, 334, 52
8, 338, 37
8, 351, 44
8, 356, 50
8, 357, 25
8, 360, 27
8, 363, 33
8, 365, 59
8, 367, 41
8, 372, 19
8, 374, 39
8, 374, 53
8, 379, 42
8, 383, 25
8, 385, 22
8, 389, 54
8, 390, 38
8, 391, 34
8, 396, 49
8, 398, 46
8, 405, 32
8, 406, 50
8, 413, 36
8, 417, 26
8, 419, 53
8, 421, 35
8, 427, 21
8, 436, 51
8, 446, 23
8, 452, 47
8, 466, 43
8, 483, 30
8, 483, 52
8, 485, 37
8, 499, 52
8, 502, 31
8, 503, 24
8, 504, 1
8, 506, 38
8, 507, 42
8, 511, 16
8, 511, 37
8, 517, 27
8, 520, 57
8, 523, 2
8, 530, 33
8, 532, 13
8, 533, 40
8, 533, 48
8, 533, 55
8, 535, 18
8, 540, 17
8, 546, 49
8, 547, 22
8, 551, 4
8, 552, 32
8, 554, 9
8, 559, 26
8, 559, 44
8, 567, 5
8, 571, 41
8, 571, 50
8, 573, 43
8, 576, 11
8, 582, 6
8, 583, 54
8, 586, 34
8, 592, 14
8, 597, 3
8, 600, 19
8, 602, 10
8, 602, 13
8, 602, 39
8, 602, 54
8, 603, 5
8, 604, 21
8, 607, 47
8, 615, 51
8, 617, 31
8, 620, 13
8, 620, 26
8, 635, 7
8, 641, 15
8, 641, 22
8, 644, 30
8, 648, 30
8, 651, 53
8, 670, 24
8, 676, 9
8, 680, 27
8, 683, 36
8, 687, 55
8, 689, 43
8, 690, 12
8, 696, 23
8, 707, 2
8, 714, 9
8, 714, 39
8, 717, 54
8, 721, 17
8, 723, 17
8, 726, 41
8, 727, 16
8, 735, 2
8, 735, 33
8, 740, 21
8, 742, 34
8, 752, 4
8, 757, 10
8, 760, 19
8, 764, 22
8, 765, 23
8, 766, 32
8, 769, 39
8, 769, 48
8, 776, 37
8, 779, 19
8, 780, 11
8, 780, 40
8, 780, 50
8, 782, 57
8, 784, 52
8, 786, 38
8, 788, 26
8, 788, 47
8, 792, 59
8, 793, 5
8, 794, 51
8, 795, 13
9, 10, 25
9, 24, 12
9, 27, 52
9, 28, 29
9, 29, 54
9, 30, 47
9, 31, 20
9, 32, 32
9, 33, 46
9, 39, 8
9, 40, 46
9, 43, 25
9, 44, 16
9, 44, 52
9, 46, 58
9, 52, 24
9, 54, 2
9, 56, 3
9, 58, 14
9, 59, 47
9, 60, 6
9, 60, 40
9, 64, 26
9, 66, 23
9, 72, 54
9, 74, 44
9, 77, 33
9, 78, 31
9, 80, 10
9, 80, 54
9, 82, 48
9, 82, 53
9, 85, 30
9, 90, 24
9, 91, 10
9, 99, 17
9, 104, 50
9, 105, 26
9, 106, 9
9, 109, 22
9, 117, 47
9, 122, 32
9, 126, 5
9, 127, 17
9, 127, 38
9, 137, 55
9, 140, 4
9, 140, 43
9, 141, 41
9, 144, 39
9, 144, 56
9, 145, 57
9, 148, 61
9, 149, 16
9, 149, 35
9, 153, 19
9, 154, 21
9, 154, 44
9, 154, 46
9, 154, 49
9, 156, 7
9, 161, 35
9, 170, 20
9, 172, 5
9, 173, 27
9, 173, 28
9, 175, 12
9, 177, 12
9, 177, 25
9, 178, 52
9, 183, 45
9, 184, 46
9, 186, 8
9, 187, 10
9, 192, 18
9, 198, 36
9, 200, 6
9, 203, 24
9, 206, 37
9, 209, 4
9, 215, 33
9, 217, 47
9, 218, 47
9, 223, 48
9, 230, 34
9, 234, 19
9, 235, 14
9, 239, 30
9, 241, 43
9, 241, 44
9, 242, 14
9, 242, 15
9, 250, 24
9, 254, 29
9, 259, 31
9, 262, 60
9, 265, 1
9, 268, 44
9, 268, 54
9, 272, 32
9, 276, 5
9, 277, 2
9, 284, 14
9, 285, 26
9, 290, 32
9, 294, 17
9, 297, 53
9, 300, 29
9, 302, 30
9, 302, 47
9, 303, 57
9, 306, 38
9, 307, 40
9, 317, 45
9, 323, 20
9, 323, 56
9, 326, 61
9, 327, 32
9, 337, 58
9, 358, 21
9, 363, 27
9, 363, 35
9, 366, 22
9, 366, 50
9, 371, 18
9, 371, 36
9, 373, 39
9, 373, 55
9, 379, 40
9, 390, 24
9, 401, 49
9, 403, 39
9, 408, 50
9, 417, 30
9, 417, 42
9, 419, 49
9, 420, 23
9, 424, 33
9, 425, 37
9, 430, 39
9, 431, 48
9, 437, 21
9, 438, 43
9, 441, 26
9, 446, 41
9, 454, 30
9, 458, 34
9, 458, 38
9, 460, 52
9, 464, 46
9, 471, 58
9, 474, 28
9, 476, 52
9, 477, 44
9, 479, 41
9, 480, 19
9, 483, 47
9, 488, 22
9, 490, 32
9, 491, 41
9, 494, 7
9, 494, 44
9, 495, 25
9, 495, 35
9, 497, 38
9, 497, 54
9, 508, 56
9, 509, 12
9, 513, 25
9, 520, 16
9, 528, 9
9, 531, 35
9, 531, 54
9, 532, 10
9, 534, 8
9, 534, 45
9, 538, 3
9, 540, 24
9, 541, 15
9, 541, 45
9, 545, 3
9, 549, 40
9, 550, 20
9, 555, 1
9, 562, 34
9, 567, 53
9, 577, 59
9, 582, 29
9, 585, 57
9, 587, 33
9, 588, 43
9, 590, 41
9, 594, 5
9, 596, 23
9, 598, 42
9, 598, 47
9, 599, 7
9, 612, 46
9, 615, 18
9, 619, 50
9, 624, 28
9, 626, 3
9, 627, 5
9, 628, 16
9, 631, 36
9, 632, 22
9, 633, 21
9, 635, 50
9, 636, 8
9, 640, 56
9, 641, 30
9, 642, 17
9, 643, 24
9, 647, 61
9, 650, 14
9, 650, 39
9, 657, 15
9, 658, 57
9, 660, 58
9, 667, 48
9, 667, 52
9, 669, 12
9, 676, 4
9, 678, 40
9, 680, 55
9, 681, 10
9, 682, 9
9, 682, 19
9, 683, 44
9, 685, 29
9, 687, 2
9, 693, 12
9, 696, 26
9, 698, 22
9, 702, 37
9, 702, 38
9, 704, 60
9, 705, 16
9, 706, 14
9, 709, 45
9, 710, 32
9, 714, 43
9, 714, 45
9, 716, 59
9, 718, 24
9, 721, 44
9, 723, 27
9, 738, 21
9, 741, 41
9, 743, 15
9, 745, 49
9, 746, 41
9, 747, 22
9, 751, 22
9, 752, 20
9, 757, 60
9, 758, 4
9, 763, 50
9, 764, 6
9, 766, 9
9, 770, 61
9, 772, 8
9, 773, 48
9, 774, 33
9, 776, 19
9, 779, 28
9, 783, 56
9, 786, 9
9, 789, 36
9, 789, 47
9, 792, 29
9, 796, 40
10, 13, 34
10, 17, 28
10, 30, 20
10, 40, 11
10, 43, 55
10, 45, 12
10, 46, 35
10, 48, 46
10, 48, 48
10, 55, 15
10, 55, 32
10, 55, 40
10, 60, 42
10, 62, 31
10, 62, 32
10, 66, 4
10, 68, 6
10, 78, 54
10, 80, 56
10, 83, 55
10, 88, 29
10, 95, 57
10, 102, 22
10, 104, 18
10, 105, 10
10, 106, 44
10, 108, 23
10, 110, 37
10, 115, 45
10, 117, 41
10, 120, 8
10, 134, 53
10, 138, 12
10, 139, 28
10, 142, 9
10, 149, 22
10, 150, 4
10, 154, 39
10, 163, 11
10, 163, 36
10, 163, 52
10, 165, 6
10, 166, 49
10, 170, 60
10, 175, 15
10, 178, 20
10, 181, 2
10, 182, 5
10, 182, 16
10, 184, 33
10, 191, 13
10, 191, 46
10, 193, 25
10, 199, 44
10, 205, 4
10, 206, 2
10, 207, 43
10, 215, 50
10, 223, 40
10, 226, 29
10, 228, 20
10, 229, 32
10, 229, 42
10, 232, 51
10, 235, 45
10, 237, 19
10, 238, 24
10, 242, 26
10, 243, 48
10, 246, 40
10, 247, 11
10, 247, 17
10, 253, 57
10, 254, 17
10, 255, 31
10, 258, 47
10, 259, 10
10, 264, 28
10, 266, 18
10, 267, 1
10, 267, 3
10, 267, 8
10, 275, 48
10, 277, 12
10, 277, 51
10, 278, 32
10, 285, 58
10, 288, 19
10, 290, 37
10, 294, 41
10, 294, 47
10, 295, 34
10, 296, 5
10, 300, 39
10, 305, 59
10, 306, 25
10, 306, 56
10, 311, 30
10, 322, 50
10, 326, 38
10, 327, 54
10, 330, 21
10, 340, 58
10, 344, 53
10, 346, 44
10, 350, 53
10, 358, 52
10, 360, 45
10, 367, 33
10, 369, 29
10, 378, 55
10, 384, 40
10, 384, 49
10, 390, 36
10, 392, 23
10, 395, 33
10, 403, 22
10, 406, 35
10, 419, 59
10, 423, 31
10, 428, 53
10, 430, 23
10, 433, 56
10, 434, 31
10, 438, 36
10, 443, 39
10, 445, 37
10, 452, 41
10, 454, 26
10, 456, 42
10, 459, 34
10, 462, 60
10, 473, 46
10, 476, 32
10, 477, 48
10, 487, 20
10, 488, 44
10, 503, 58
10, 506, 13
10, 506, 24
10, 506, 46
10, 508, 38
10, 510, 21
10, 514, 11
10, 521, 54
10, 523, 6
10, 524, 34
10, 525, 40
10, 529, 2
10, 533, 13
10, 535, 9
10, 538, 16
10, 538, 25
10, 540, 35
10, 542, 7
10, 542, 18
10, 550, 55
10, 553, 8
10, 566, 57
10, 567, 12
10, 574, 51
10, 575, 16
10, 580, 15
10, 582, 30
10, 583, 5
10, 585, 52
10, 586, 10
10, 588, 14
10, 589, 47
10, 591, 10
10, 592, 50
10, 595, 26
10, 597, 1
10, 602, 33
10, 605, 47
10, 606, 13
10, 608, 3
10, 611, 28
10, 612, 19
10, 612, 36
10, 616, 11
10, 622, 17
10, 623, 24
10, 625, 31
10, 625, 37
10, 625, 38
10, 626, 29
10, 628, 15
10, 630, 22
10, 631, 17
10, 632, 18
10, 632, 52
10, 635, 23
10, 637, 53
10, 639, 35
10, 640, 49
10, 642, 32
10, 644, 41
10, 647, 33
10, 650, 54
10, 655, 56
10, 659, 39
10, 662, 2
10, 662, 24
10, 664, 38
10, 670, 19
10, 677, 7
10, 683, 3
10, 685, 8
10, 689, 40
10, 693, 48
10, 695, 59
10, 700, 6
10, 708, 52
10, 709, 60
10, 711, 7
10, 711, 9
10, 712, 23
10, 720, 25
10, 720, 39
10, 720, 46
10, 723, 15
10, 727, 51
10, 728, 2
10, 728, 21
10, 735, 34
10, 737, 8
10, 737, 16
10, 739, 30
10, 740, 18
10, 742, 56
10, 743, 38
10, 744, 10
10, 754, 7
10, 756, 22
10, 757, 33
10, 761, 29
10, 762, 53
10, 762, 58
10, 763, 15
10, 766, 44
10, 768, 56
10, 771, 14
10, 774, 32
10, 775, 12
10, 776, 51
10, 777, 40
10, 778, 13
10, 780, 3
10, 780, 5
10, 786, 17
10, 793, 2
10, 795, 34
11, 2, 17
11, 4, 26
11, 4, 53
11, 5, 34
11, 7, 10
11, 10, 9
11, 10, 49
11, 12, 29
11, 16, 54
11, 17, 55
11, 20, 15
11, 20, 38
11, 26, 36
11, 29, 41
11, 30, 37
11, 32, 18
11, 35, 7
11, 36, 1
11, 37, 16
11, 40, 43
11, 41, 31
11, 50, 38
11, 52, 2
11, 53, 13
11, 53, 47
11, 63, 36
11, 64, 38
11, 72, 49
11, 73, 12
11, 74, 30
11, 78, 6
11, 78, 42
11, 82, 25
11, 89, 4
11, 90, 40
11, 91, 19
11, 93, 5
11, 97, 18
11, 99, 7
11, 103, 33
11, 103, 58
11, 105, 38
11, 106, 22
11, 114, 22
11, 120, 43
11, 121, 3
11, 125, 11
11, 127, 13
11, 134, 16
11, 137, 1
11, 142, 31
11, 142, 51
11, 143, 15
11, 145, 27
11, 145, 37
11, 148, 53
11, 149, 19
11, 153, 17
11, 154, 10
11, 156, 48
11, 157, 17
11, 161, 25
11, 163, 47
11, 169, 55
11, 170, 6
11, 172, 44
11, 174, 53
11, 175, 29
11, 188, 58
11, 191, 35
11, 194, 43
11, 197, 21
11, 197, 47
11, 200, 34
11, 202, 56
11, 203, 7
11, 204, 5
11, 204, 26
11, 205, 34
11, 206, 45
11, 208, 7
11, 208, 38
11, 209, 2
11, 212, 39
11, 216, 36
11, 220, 9
11, 220, 53
11, 223, 12
11, 229, 4
11, 230, 49
11, 235, 11
11, 236, 1
11, 237, 14
11, 240, 46
11, 241, 25
11, 243, 58
11, 245, 33
11, 247, 4
11, 247, 12
11, 248, 16
11, 248, 28
11, 250, 19
11, 289, 42
11, 290, 15
11, 292, 56
11, 295, 3
11, 295, 27
11, 295, 39
11, 299, 10
11, 309, 44
11, 314, 54
11, 315, 41
11, 315, 51
11, 315, 58
11, 316, 30
11, 323, 22
11, 323, 36
11, 328, 54
11, 331, 23
11, 333, 31
11, 338, 48
11, 340, 31
11, 340, 51
11, 343, 26
11, 346, 25
11, 348, 37
11, 353, 38
11, 354, 44
11, 358, 40
11, 362, 48
11, 368, 25
11, 373, 21
11, 373, 22
11, 376, 53
11, 381, 35
11, 389, 58
11, 391, 29
11, 395, 40
11, 404, 39
11, 404, 53
11, 405, 42
11, 408, 43
11, 408, 54
11, 410, 41
11, 415, 47
11, 418, 36
11, 422, 38
11, 425, 36
11, 426, 45
11, 430, 34
11, 435, 18
11, 436, 28
11, 439, 39
11, 444, 22
11, 444, 40
11, 456, 35
11, 460, 17
11, 462, 35
11, 463, 45
11, 464, 55
11, 467, 33
11, 475, 26
11, 493, 47
11, 495, 27
11, 497, 13
11, 502, 21
11, 509, 34
11, 510, 54
11, 513, 49
11, 515, 37
11, 519, 40
11, 523, 56
11, 524, 9
11, 524, 46
11, 526, 14
11, 527, 44
11, 533, 6
11, 535, 17
11, 541, 19
11, 551, 3
11, 553, 39
11, 553, 44
11, 554, 5
11, 559, 30
11, 560, 49
11, 563, 14
11, 564, 33
11, 565, 4
11, 569, 23
11, 575, 44
11, 577, 21
11, 581, 31
11, 586, 11
11, 591, 1
11, 593, 19
11, 596, 2
11, 601, 35
11, 602, 20
11, 603, 48
11, 610, 7
11, 612, 33
11, 615, 48
11, 618, 29
11, 626, 41
11, 629, 11
11, 633, 14
11, 635, 38
11, 636, 6
11, 636, 27
11, 636, 51
11, 637, 42
11, 644, 46
11, 645, 13
11, 649, 25
11, 650, 10
11, 658, 28
11, 659, 3
11, 662, 10
11, 663, 18
11, 665, 29
11, 665, 30
11, 667, 1
11, 668, 37
11, 669, 4
11, 669, 53
11, 670, 36
11, 677, 47
11, 678, 17
11, 680, 23
11, 681, 17
11, 684, 40
11, 685, 44
11, 687, 15
11, 689, 1
11, 694, 46
11, 695, 11
11, 699, 39
11, 713, 33
11, 720, 35
11, 723, 54
11, 727, 25
11, 732, 1
11, 732, 54
11, 732, 58
11, 733, 34
11, 736, 3
11, 736, 22
11, 740, 5
11, 742, 55
11, 744, 26
11, 746, 7
11, 746, 10
11, 751, 13
11, 762, 33
11, 765, 45
11, 784, 15
11, 785, 39
11, 786, 46
11, 791, 49
11, 796, 11
11, 796, 19
12, 2, 19
12, 4, 33
12, 4, 45
12, 6, 53
12, 9, 20
12, 14, 47
12, 17, 13
12, 26, 32
12, 27, 29
12, 34, 42
12, 36, 31
12, 39, 16
12, 45, 27
12, 45, 39
12, 51, 26
12, 53, 24
12, 58, 9
12, 58, 51
12, 59, 12
12, 60, 54
12, 61, 25
12, 68, 9
12, 72, 2
12, 72, 43
12, 74, 58
12, 82, 21
12, 86, 49
12, 88, 15
12, 89, 7
12, 92, 14
12, 95, 35
12, 96, 59
12, 101, 3
12, 110, 11
12, 120, 33
12, 120, 38
12, 121, 26
12, 123, 47
12, 124, 19
12, 124, 52
12, 126, 24
12, 127, 5
12, 128, 41
12, 131, 48
12, 134, 35
12, 137, 44
12, 138, 46
12, 140, 13
12, 146, 27
12, 147, 5
12, 147, 10
12, 148, 4
12, 149, 12
12, 150, 6
12, 153, 17
12, 154, 37
12, 160, 10
12, 161, 15
12, 162, 31
12, 163, 56
12, 165, 32
12, 175, 51
12, 178, 33
12, 183, 57
12, 186, 43
12, 194, 28
12, 194, 36
12, 200, 26
12, 201, 21
12, 202, 8
12, 204, 29
12, 204, 34
12, 205, 63
12, 206, 45
12, 207, 2
12, 209, 42
12, 210, 7
12, 219, 30
12, 221, 5
12, 225, 52
12, 226, 27
12, 231, 19
12, 232, 39
12, 232, 55
12, 240, 9
12, 242, 54
12, 243, 28
12, 250, 3
12, 256, 16
12, 261, 13
12, 264, 50
12, 266, 53
12, 271, 14
12, 271, 20
12, 276, 22
12, 278, 15
12, 284, 37
12, 287, 18
12, 293, 25
12, 297, 12
12, 307, 38
12, 310, 41
12, 311, 35
12, 318, 32
12, 325, 58
12, 331, 24
12, 335, 49
12, 341, 33
12, 345, 55
12, 346, 60
12, 348, 31
12, 350, 44
12, 355, 58
12, 360, 24
12, 361, 43
12, 361, 54
12, 363, 29
12, 366, 36
12, 371, 46
12, 372, 39
12, 376, 59
12, 378, 26
12, 384, 45
12, 387, 42
12, 389, 47
12, 393, 48
12, 407, 27
12, 415, 28
12, 419, 34
12, 429, 20
12, 432, 30
12, 448, 46
12, 449, 60
12, 453, 29
12, 457, 31
12, 458, 37
12, 466, 49
12, 467, 26
12, 482, 25
12, 483, 32
12, 491, 56
12, 492, 21
12, 496, 57
12, 497, 47
12, 502, 51
12, 504, 30
12, 506, 44
12, 509, 19
12, 512, 2
12, 516, 39
12, 519, 43
12, 521, 5
12, 525, 37
12, 529, 17
12, 531, 34
12, 536, 11
12, 538, 6
12, 543, 7
12, 544, 41
12, 545, 50
12, 547, 10
12, 547, 57
12, 549, 13
12, 552, 4
12, 555, 15
12, 557, 18
12, 557, 53
12, 562, 22
12, 564, 19
12, 565, 16
12, 567, 34
12, 570, 24
12, 570, 28
12, 576, 27
12, 581, 38
12, 582, 12
12, 582, 54
12, 583, 39
12, 587, 17
12, 590, 8
12, 593, 52
12, 594, 21
12, 601, 42
12, 605, 5
12, 606, 26
12, 606, 59
12, 614, 3
12, 628, 36
12, 628, 49
12, 629, 11
12, 639, 8
12, 641, 46
12, 645, 5
12, 646, 58
12, 647, 25
12, 669, 11
12, 669, 30
12, 679, 15
12, 686, 26
12, 688, 29
12, 691, 20
12, 694, 32
12, 695, 55
12, 697, 4
12, 699, 6
12, 700, 28
12, 709, 37
12, 716, 24
12, 717, 14
12, 717, 28
12, 718, 50
12, 721, 59
12, 724, 27
12, 727, 17
12, 728, 43
12, 733, 32
12, 740, 47
12, 743, 16
12, 750, 7
12, 753, 34
12, 757, 21
12, 758, 30
12, 760, 17
12, 761, 39
12, 762, 60
12, 763, 28
12, 769, 42
12, 770, 5
12, 773, 26
12, 780, 36
12, 781, 10
12, 786, 14
12, 790, 10
12, 791, 6
12, 794, 22
13, 1, 4
13, 1, 45
13, 2, 13
13, 2, 34
13, 4, 23
13, 9, 16
13, 12, 43
13, 18, 25
13, 20, 37
13, 23, 15
13, 27, 13
13, 29, 3
13, 30, 25
13, 36, 34
13, 37, 59
13, 39, 18
13, 39, 29
13, 43, 31
13, 43, 39
13, 43, 40
13, 43, 41
13, 47, 12
13, 51, 32
13, 55, 46
13, 55, 56
13, 56, 17
13, 57, 19
13, 60, 6
13, 61, 42
13, 74, 26
13, 74, 60
13, 76, 1
13, 77, 34
13, 79, 23
13, 85, 24
13, 87, 51
13, 88, 54
13, 92, 11
13, 96, 48
13, 97, 55
13, 105, 20
13, 107, 28
13, 112, 26
13, 113, 3
13, 116, 24
13, 117, 4
13, 118, 41
13, 120, 56
13, 121, 44
13, 121, 45
13, 125, 38
13, 127, 26
13, 128, 10
13, 130, 20
13, 132, 22
13, 135, 28
13, 139, 7
13, 140, 7
13, 140, 17
13, 142, 47
13, 148, 12
13, 149, 34
13, 153, 29
13, 159, 40
13, 163, 5
13, 165, 18
13, 165, 43
13, 166, 15
13, 170, 54
13, 174, 3
13, 178, 10
13, 179, 4
13, 182, 1
13, 184, 14
13, 184, 30
13, 189, 35
13, 191, 36
13, 195, 48
13, 200, 13
13, 203, 58
13, 206, 25
13, 213, 11
13, 216, 27
13, 218, 16
13, 226, 21
13, 230, 23
13, 235, 37
13, 238, 41
13, 240, 49
13, 242, 31
13, 247, 60
13, 257, 40
13, 258, 59
13, 259, 6
13, 263, 38
13, 264, 47
13, 266, 26
13, 268, 29
13, 275, 48
13, 276, 33
13, 276, 47
13, 278, 28
13, 280, 9
13, 283, 2
13, 285, 32
13, 286, 17
13, 288, 38
13, 290, 21
13, 292, 10
13, 292, 42
13, 294, 26
13, 297, 24
13, 298, 45
13, 311, 46
13, 317, 33
13, 334, 30
13, 338, 35
13, 341, 34
13, 343, 33
13, 346, 51
13, 351, 29
13, 358, 15
13, 359, 49
13, 360, 22
13, 361, 60
13, 363, 34
13, 364, 46
13, 365, 41
13, 377, 39
13, 379, 27
13, 394, 31
13, 396, 54
13, 397, 25
13, 399, 33
13, 401, 45
13, 411, 55
13, 414, 23
13, 420, 53
13, 424, 32
13, 432, 37
13, 445, 35
13, 453, 48
13, 459, 49
13, 471, 24
13, 472, 20
13, 473, 40
13, 474, 43
13, 495, 24
13, 496, 44
13, 502, 3
13, 502, 28
13, 505, 26
13, 506, 47
13, 509, 12
13, 510, 9
13, 511, 7
13, 511, 13
13, 513, 33
13, 516, 28
13, 522, 14
13, 525, 23
13, 528, 5
13, 528, 16
13, 533, 38
13, 534, 4
13, 536, 1
13, 538, 36
13, 539, 51
13, 540, 26
13, 543, 27
13, 546, 11
13, 548, 19
13, 551, 58
13, 553, 41
13, 554, 22
13, 560, 15
13, 563, 37
13, 563, 53
13, 565, 55
13, 569, 59
13, 570, 21
13, 576, 21
13, 577, 12
13, 580, 42
13, 582, 49
13, 584, 53
13, 588, 42
13, 588, 59
13, 592, 34
13, 599, 43
13, 600, 21
13, 605, 30
13, 606, 17
13, 606, 47
13, 608, 5
13, 609, 45
13, 611, 54
13, 614, 14
13, 614, 31
13, 615, 50
13, 616, 2
13, 616, 38
13, 616, 40
13, 618, 25
13, 622, 46
13, 625, 48
13, 635, 21
13, 639, 2
13, 641, 17
13, 642, 27
13, 643, 31
13, 644, 51
13, 645, 10
13, 645, 29
13, 649, 35
13, 650, 49
13, 651, 44
13, 658, 20
13, 663, 32
13, 664, 24
13, 668, 9
13, 673, 36
13, 676, 43
13, 678, 5
13, 678, 23
13, 680, 27
13, 681, 56
13, 688, 2
13, 696, 3
13, 702, 11
13, 710, 30
13, 711, 6
13, 715, 7
13, 719, 26
13, 722, 29
13, 722, 43
13, 730, 12
13, 733, 3
13, 736, 27
13, 739, 1
13, 744, 34
13, 747, 10
13, 747, 13
13, 747, 44
13, 747, 53
13, 751, 33
13, 753, 25
13, 758, 14
13, 768, 5
13, 770, 24
13, 773, 1
13, 773, 51
13, 774, 13
13, 782, 42
13, 784, 47
13, 785, 46
13, 786, 35
13, 786, 50
13, 787, 38
13, 788, 2
13, 796, 21
13, 796, 43
13, 799, 19
14, 4, 60
14, 5, 14
14, 8, 40
14, 9, 28
14, 12, 8
14, 14, 37
14, 18, 16
14, 18, 38
14, 31, 14
14, 33, 56
14, 40, 35
14, 41, 55
14, 50, 20
14, 50, 26
14, 56, 43
14, 60, 47
14, 65, 12
14, 65, 41
14, 67, 6
14, 72, 18
14, 74, 24
14, 77, 3
14, 78, 34
14, 80, 11
14, 90, 6
14, 91, 23
14, 102, 61
14, 109, 2
14, 110, 55
14, 111, 48
14, 112, 7
14, 114, 18
14, 115, 38
14, 118, 2
14, 119, 50
14, 122, 18
14, 123, 52
14, 125, 10
14, 126, 44
14, 130, 28
14, 132, 16
14, 132, 51
14, 134, 1
14, 137, 59
14, 140, 37
14, 143, 56
14, 146, 52
14, 147, 20
14, 151, 26
14, 153, 46
14, 159, 8
14, 162, 13
14, 164, 24
14, 167, 19
14, 174, 29
14, 175, 53
14, 180, 17
14, 180, 25
14, 184, 40
14, 185, 41
14, 192, 12
14, 200, 51
14, 201, 3
14, 202, 14
14, 202, 54
14, 214, 21
14, 214, 22
14, 216, 5
14, 216, 8
14, 218, 41
14, 221, 34
14, 223, 35
14, 231, 50
14, 233, 55
14, 237, 52
14, 237, 60
14, 250, 44
14, 255, 34
14, 256, 26
14, 259, 32
14, 260, 18
14, 262, 10
14, 266, 2
14, 267, 57
14, 269, 16
14, 269, 23
14, 269, 45
14, 272, 35
14, 282, 47
14, 285, 43
14, 287, 11
14, 289, 1
14, 295, 37
14, 295, 51
14, 301, 15
14, 302, 6
14, 307, 52
14, 310, 48
14, 315, 49
14, 320, 22
14, 322, 24
14, 329, 23
14, 335, 28
14, 338, 56
14, 342, 24
14, 344, 46
14, 346, 44
14, 353, 28
14, 364, 40
14, 368, 53
14, 369, 20
14, 372, 29
14, 373, 25
14, 390, 46
14, 392, 52
14, 401, 58
14, 403, 22
14, 403, 38
14, 406, 19
14, 416, 26
14, 422, 34
14, 427, 29
14, 432, 55
14, 433, 41
14, 438, 27
14, 440, 46
14, 443, 58
14, 450, 27
14, 453, 50
14, 454, 35
14, 459, 44
14, 460, 43
14, 465, 31
14, 472, 49
14, 473, 48
14, 477, 50
14, 482, 51
14, 483, 57
14, 491, 32
14, 495, 37
14, 501, 22
14, 509, 37
14, 510, 55
14, 511, 24
14, 515, 43
14, 516, 12
14, 516, 53
14, 519, 61
14, 522, 24
14, 522, 45
14, 522, 52
14, 523, 5
14, 528, 49
14, 529, 40
14, 543, 57
14, 545, 3
14, 551, 13
14, 555, 14
14, 556, 10
14, 558, 8
14, 561, 17
14, 562, 26
14, 565, 28
14, 566, 6
14, 566, 7
14, 567, 2
14, 570, 18
14, 572, 41
14, 586, 3
14, 590, 38
14, 591, 60
14, 592, 15
14, 594, 35
14, 596, 59
14, 598, 47
14, 605, 25
14, 609, 12
14, 612, 23
14, 615, 16
14, 619, 1
14, 620, 22
14, 624, 20
14, 625, 51
14, 626, 57
14, 627, 5
14, 628, 1
14, 628, 16
14, 630, 12
14, 630, 34
14, 631, 11
14, 635, 38
14, 642, 37
14, 642, 52
14, 646, 24
14, 647, 44
14, 652, 50
14, 656, 43
14, 660, 24
14, 665, 10
14, 665, 13
14, 665, 24
14, 666, 14
14, 667, 19
14, 667, 53
14, 669, 27
14, 678, 23
14, 685, 8
14, 691, 57
14, 696, 15
14, 696, 35
14, 698, 26
14, 700, 56
14, 702, 45
14, 702, 48
14, 706, 27
14, 707, 48
14, 709, 24
14, 717, 46
14, 721, 31
14, 723, 44
14, 727, 51
14, 732, 3
14, 736, 43
14, 741, 2
14, 753, 1
14, 753, 41
14, 754, 5
14, 757, 22
14, 760, 11
14, 766, 15
14, 767, 20
14, 779, 29
14, 779, 61
14, 789, 7
14, 799, 25
15, 3, 18
15, 3, 58
15, 4, 6
15, 12, 20
15, 16, 5
15, 17, 28
15, 21, 26
15, 23, 17
15, 24, 3
15, 25, 2
15, 26, 15
15, 27, 8
15, 28, 25
15, 28, 41
15, 40, 19
15, 45, 43
15, 62, 52
15, 67, 29
15, 70, 24
15, 74, 24
15, 74, 28
15, 82, 27
15, 82, 38
15, 84, 7
15, 86, 36
15, 90, 23
15, 91, 32
15, 98, 12
15, 99, 16
15, 100, 39
15, 101, 56
15, 102, 48
15, 103, 40
15, 105, 30
15, 116, 20
15, 118, 26
15, 126, 34
15, 131, 52
15, 137, 21
15, 138, 2
15, 138, 4
15, 142, 33
15, 147, 11
15, 158, 54
15, 160, 52
15, 161, 10
15, 162, 55
15, 168, 17
15, 168, 42
15, 171, 7
15, 176, 26
15, 181, 5
15, 182, 22
15, 185, 9
15, 186, 23
15, 187, 49
15, 188, 20
15, 196, 2
15, 200, 2
15, 201, 27
15, 202, 6
15, 202, 22
15, 203, 47
15, 208, 50
15, 209, 40
15, 213, 40
15, 216, 14
15, 218, 27
15, 221, 3
15, 226, 12
15, 229, 52
15, 230, 41
15, 235, 31
15, 237, 48
15, 238, 35
15, 239, 8
15, 240, 11
15, 242, 25
15, 242, 46
15, 248, 8
15, 252, 21
15, 255, 16
15, 255, 58
15, 257, 4
15, 260, 58
15, 264, 21
15, 270, 7
15, 272, 28
15, 276, 32
15, 277, 19
15, 279, 19
15, 281, 1
15, 282, 15
15, 286, 43
15, 291, 9
15, 296, 56
15, 301, 25
15, 304, 27
15, 308, 44
15, 311, 29
15, 326, 22
15, 330, 32
15, 334, 18
15, 338, 36
15, 339, 24
15, 339, 32
15, 343, 36
15, 351, 28
15, 353, 61
15, 355, 20
15, 363, 34
15, 370, 51
15, 377, 54
15, 385, 55
15, 393, 23
15, 394, 61
15, 407, 46
15, 407, 47
15, 410, 41
15, 415, 16
15, 415, 17
15, 415, 38
15, 418, 39
15, 422, 24
15, 422, 49
15, 436, 41
15, 444, 33
15, 448, 26
15, 448, 48
15, 450, 43
15, 459, 50
15, 467, 25
15, 468, 52
15, 481, 21
15, 485, 31
15, 487, 54
15, 488, 40
15, 492, 43
15, 499, 51
15, 501, 38
15, 516, 15
15, 517, 30
15, 530, 5
15, 536, 40
15, 541, 12
15, 541, 35
15, 542, 44
15, 544, 5
15, 546, 20
15, 553, 43
15, 564, 2
15, 568, 1
15, 569, 19
15, 569, 55
15, 573, 32
15, 575, 22
15, 579, 56
15, 584, 3
15, 585, 34
15, 585, 58
15, 589, 36
15, 591, 27
15, 592, 18
15, 592, 26
15, 596, 4
15, 596, 7
15, 600, 10
15, 602, 5
15, 602, 52
15, 603, 25
15, 604, 49
15, 608, 33
15, 610, 39
15, 613, 60
15, 618, 24
15, 619, 54
15, 622, 46
15, 625, 28
15, 628, 40
15, 630, 21
15, 631, 41
15, 635, 28
15, 635, 29
15, 642, 26
15, 646, 32
15, 647, 16
15, 648, 16
15, 649, 23
15, 651, 29
15, 654, 9
15, 655, 8
15, 664, 1
15, 665, 3
15, 670, 11
15, 679, 48
15, 679, 61
15, 682, 42
15, 692, 7
15, 694, 12
15, 697, 47
15, 706, 43
15, 712, 3
15, 716, 51
15, 719, 50
15, 719, 55
15, 721, 15
15, 723, 5
15, 723, 34
15, 723, 42
15, 725, 18
15, 726, 22
15, 729, 39
15, 730, 5
15, 732, 55
15, 735, 17
15, 737, 56
15, 744, 54
15, 747, 61
15, 749, 20
15, 750, 10
15, 754, 15
15, 754, 19
15, 764, 46
15, 770, 3
15, 770, 22
15, 771, 30
15, 773, 40
15, 776, 21
15, 777, 36
15, 778, 34
15, 787, 52
15, 793, 42
15, 793, 52
15, 794, 33
15, 795, 26
16, 1, 12
16, 3, 13
16, 3, 29
16, 6, 3
16, 8, 22
16, 9, 38
16, 9, 58
16, 13, 53
16, 15, 6
16, 16, 15
16, 21, 49
16, 26, 45
16, 26, 57
16, 29, 8
16, 35, 12
16, 44, 41
16, 49, 20
16, 50, 26
16, 51, 15
16, 54, 35
16, 55, 5
16, 60, 54
16, 74, 49
16, 75, 60
16, 80, 20
16, 82, 1
16, 82, 13
16, 82, 50
16, 92, 6
16, 92, 40
16, 98, 2
16, 101, 43
16, 104, 8
16, 117, 51
16, 127, 8
16, 127, 25
16, 127, 32
16, 128, 24
16, 128, 38
16, 129, 3
16, 135, 52
16, 137, 17
16, 143, 1
16, 143, 39
16, 147, 47
16, 148, 15
16, 148, 33
16, 148, 45
16, 149, 46
16, 150, 42
16, 150, 55
16, 152, 4
16, 153, 16
16, 159, 34
16, 160, 5
16, 160, 53
16, 163, 48
16, 164, 56
16, 166, 8
16, 169, 33
16, 171, 22
16, 172, 38
16, 174, 12
16, 174, 19
16, 175, 9
16, 176, 27
16, 178, 23
16, 184, 29
16, 186, 30
16, 190, 8
16, 198, 18
16, 201, 40
16, 206, 28
16, 206, 35
16, 209, 38
16, 209, 58
16, 215, 7
16, 224, 11
16, 224, 14
16, 227, 9
16, 233, 46
16, 241, 29
16, 249, 13
16, 262, 31
16, 269, 32
16, 275, 54
16, 279, 34
16, 283, 3
16, 283, 45
16, 286, 15
16, 288, 20
16, 292, 22
16, 295, 43
16, 298, 41
16, 303, 6
16, 305, 8
16, 305, 26
16, 305, 44
16, 309, 50
16, 310, 58
16, 311, 60
16, 313, 47
16, 315, 57
16, 318, 26
16, 319, 41
16, 321, 39
16, 323, 30
16, 333, 55
16, 336, 39
16, 342, 40
16, 347, 54
16, 353, 56
16, 354, 23
16, 354, 52
16, 358, 49
16, 361, 51
16, 365, 38
16, 373, 27
16, 373, 36
16, 375, 27
16, 375, 41
16, 377, 16
16, 383, 24
16, 390, 33
16, 397, 42
16, 399, 52
16, 408, 44
16, 414, 48
16, 417, 43
16, 427, 45
16, 428, 24
16, 434, 24
16, 436, 35
16, 439, 28
16, 444, 32
16, 450, 28
16, 452, 46
16, 460, 34
16, 460, 53
16, 462, 46
16, 474, 46
16, 477, 50
16, 478, 31
16, 488, 39
16, 489, 29
16, 494, 38
16, 506, 47
16, 507, 10
16, 510, 7
16, 514, 25
16, 519, 40
16, 524, 11
16, 524, 42
16, 528, 35
16, 529, 48
16, 530, 14
16, 532, 9
16, 534, 56
16, 535, 60
16, 539, 17
16, 543, 12
16, 545, 40
16, 550, 41
16, 553, 57
16, 554, 1
16, 554, 12
16, 557, 15
16, 557, 22
16, 557, 55
16, 559, 36
16, 560, 45
16, 564, 4
16, 564, 19
16, 564, 49
16, 567, 43
16, 568, 44
16, 570, 6
16, 571, 16
16, 574, 38
16, 574, 54
16, 578, 8
16, 580, 33
16, 581, 4
16, 581, 7
16, 581, 44
16, 583, 17
16, 585, 18
16, 587, 53
16, 590, 42
16, 592, 52
16, 596, 26
16, 599, 13
16, 599, 30
16, 600, 1
16, 604, 29
16, 605, 40
16, 606, 2
16, 613, 58
16, 625, 51
16, 635, 48
16, 638, 34
16, 638, 50
16, 640, 3
16, 645, 6
16, 645, 7
16, 650, 36
16, 654, 25
16, 654, 57
16, 658, 27
16, 661, 57
16, 675, 20
16, 677, 25
16, 679, 33
16, 682, 26
16, 683, 8
16, 685, 16
16, 685, 50
16, 686, 46
16, 688, 10
16, 690, 39
16, 692, 43
16, 699, 14
16, 704, 20
16, 710, 11
16, 714, 47
16, 717, 56
16, 726, 9
16, 730, 20
16, 732, 53
16, 735, 26
16, 735, 34
16, 737, 38
16, 740, 9
16, 743, 28
16, 746, 7
16, 746, 33
16, 748, 4
16, 750, 43
16, 750, 54
16, 751, 42
16, 757, 51
16, 763, 39
16, 771, 13
16, 773, 46
16, 775, 29
16, 778, 40
16, 779, 52
16, 783, 57
16, 785, 5
16, 793, 29
17, 3, 58
17, 6, 20
17, 10, 11
17, 11, 31
17, 16, 25
17, 20, 30
17, 26, 19
17, 33, 31
17, 34, 2
17, 36, 14
17, 37, 46
17, 40, 44
17, 42, 33
17, 47, 22
17, 56, 48
17, 58, 25
17, 58, 36
17, 61, 28
17, 65, 12
17, 65, 49
17, 67, 14
17, 70, 39
17, 76, 32
17, 82, 24
17, 84, 53
17, 85, 52
17, 95, 55
17, 98, 13
17, 100, 20
17, 101, 11
17, 105, 10
17, 106, 28
17, 112, 15
17, 115, 5
17, 121, 17
17, 122, 5
17, 123, 9
17, 128, 23
17, 131, 55
17, 132, 4
17, 132, 32
17, 134, 16
17, 136, 1
17, 147, 30
17, 157, 30
17, 158, 6
17, 158, 45
17, 160, 17
17, 164, 34
17, 167, 29
17, 167, 57
17, 170, 7
17, 176, 50
17, 185, 37
17, 190, 12
17, 198, 19
17, 204, 8
17, 205, 44
17, 206, 36
17, 207, 19
17, 214, 58
17, 218, 25
17, 224, 33
17, 224, 53
17, 227, 11
17, 229, 5
17, 232, 56
17, 237, 48
17, 238, 54
17, 241, 16
17, 244, 56
17, 247, 21
17, 247, 38
17, 250, 25
17, 252, 23
17, 253, 36
17, 253, 47
17, 254, 2
17, 263, 4
17, 264, 15
17, 266, 9
17, 267, 14
17, 268, 6
17, 268, 18
17, 270, 7
17, 272, 44
17, 274, 22
17, 276, 10
17, 281, 60
17, 283, 49
17, 286, 20
17, 294, 1
17, 297, 52
17, 302, 42
17, 323, 38
17, 324, 17
17, 326, 31
17, 331, 26
17, 334, 46
17, 344, 39
17, 346, 52
17, 354, 33
17, 366, 37
17, 367, 33
17, 372, 45
17, 377, 34
17, 378, 26
17, 380, 34
17, 381, 56
17, 383, 55
17, 385, 32
17, 385, 35
17, 396, 50
17, 396, 58
17, 400, 28
17, 402, 31
17, 403, 50
17, 406, 24
17, 407, 27
17, 411, 36
17, 417, 42
17, 420, 45
17, 421, 41
17, 423, 23
17, 423, 41
17, 424, 44
17, 438, 30
17, 441, 57
17, 457, 47
17, 464, 36
17, 469, 55
17, 470, 47
17, 471, 54
17, 478, 57
17, 480, 25
17, 481, 29
17, 482, 19
17, 488, 48
17, 491, 22
17, 510, 49
17, 512, 26
17, 513, 15
17, 516, 38
17, 517, 53
17, 518, 58
17, 519, 2
17, 523, 35
17, 530, 30
17, 530, 60
17, 531, 5
17, 543, 8
17, 549, 33
17, 549, 47
17, 550, 6
17, 553, 24
17, 555, 13
17, 561, 34
17, 563, 9
17, 565, 46
17, 570, 24
17, 570, 39
17, 571, 44
17, 574, 20
17, 577, 12
17, 578, 31
17, 581, 28
17, 581, 37
17, 582, 23
17, 589, 60
17, 594, 21
17, 596, 14
17, 598, 6
17, 613, 49
17, 614, 23
17, 616, 31
17, 617, 10
17, 617, 17
17, 618, 38
17, 619, 18
17, 624, 53
17, 625, 27
17, 626, 7
17, 627, 23
17, 633, 42
17, 633, 52
17, 634, 45
17, 635, 15
17, 638, 12
17, 640, 16
17, 640, 41
17, 641, 48
17, 648, 11
17, 649, 45
17, 649, 55
17, 651, 26
17, 653, 29
17, 660, 30
17, 661, 6
17, 663, 48
17, 668, 38
17, 670, 36
17, 673, 33
17, 674, 16
17, 676, 25
17, 678, 11
17, 680, 56
17, 684, 44
17, 687, 24
17, 693, 7
17, 694, 8
17, 698, 28
17, 699, 12
17, 717, 1
17, 717, 36
17, 719, 8
17, 720, 50
17, 721, 10
17, 724, 41
17, 725, 34
17, 725, 35
17, 725, 54
17, 726, 47
17, 727, 2
17, 727, 47
17, 729, 60
17, 731, 9
17, 732, 58
17, 735, 18
17, 738, 22
17, 741, 35
17, 741, 57
17, 742, 19
17, 746, 5
17, 751, 32
17, 758, 37
17, 764, 24
17, 765, 30
17, 769, 54
17, 770, 12
17, 770, 50
17, 781, 52
17, 784, 15
17, 784, 42
17, 785, 6
17, 788, 11
17, 790, 33
17, 792, 16
17, 792, 38
17, 796, 14
18, 2, 42
18, 3, 56
18, 9, 2
18, 9, 15
18, 14, 44
18, 21, 48
18, 23, 41
18, 25, 1
18, 25, 15
18, 27, 14
18, 30, 27
18, 36, 19
18, 36, 24
18, 39, 50
18, 43, 28
18, 48, 46
18, 49, 31
18, 52, 53
18, 53, 53
18, 54, 22
18, 56, 45
18, 57, 11
18, 62, 30
18, 64, 10
18, 65, 47
18, 66, 12
18, 66, 34
18, 70, 51
18, 76, 23
18, 82, 27
18, 85, 58
18, 86, 54
18, 91, 14
18, 93, 47
18, 97, 13
18, 99, 42
18, 104, 31
18, 110, 32
18, 110, 40
18, 111, 2
18, 114, 36
18, 122, 6
18, 122, 29
18, 126, 11
18, 127, 24
18, 131, 39
18, 132, 18
18, 138, 22
18, 139, 48
18, 148, 25
18, 150, 21
18, 150, 22
18, 151, 52
18, 153, 16
18, 154, 15
18, 170, 1
18, 175, 30
18, 178, 11
18, 178, 38
18, 181, 19
18, 187, 14
18, 198, 9
18, 207, 23
18, 209, 20
18, 211, 56
18, 211, 57
18, 216, 47
18, 220, 38
18, 221, 3
18, 221, 18
18, 225, 8
18, 227, 26
18, 231, 21
18, 233, 7
18, 234, 33
18, 238, 57
18, 244, 16
18, 246, 18
18, 254, 45
18, 256, 51
18, 260, 44
18, 263, 36
18, 265, 12
18, 269, 2
18, 271, 28
18, 272, 13
18, 276, 28
18, 276, 34
18, 276, 54
18, 277, 46
18, 279, 51
18, 281, 4
18, 282, 10
18, 284, 11
18, 290, 39
18, 293, 53
18, 294, 32
18, 299, 27
18, 299, 58
18, 300, 35
18, 306, 45
18, 308, 27
18, 310, 46
18, 322, 31
18, 327, 25
18, 329, 42
18, 330, 48
18, 331, 47
18, 335, 47
18, 346, 29
18, 351, 24
18, 352, 22
18, 356, 50
18, 372, 54
18, 373, 57
18, 377, 55
18, 379, 41
18, 379, 44
18, 384, 19
18, 395, 29
18, 399, 44
18, 400, 31
18, 412, 25
18, 416, 51
18, 417, 49
18, 425, 33
18, 435, 27
18, 437, 52
18, 440, 39
18, 452, 33
18, 455, 38
18, 458, 51
18, 460, 38
18, 473, 56
18, 486, 54
18, 491, 23
18, 492, 40
18, 499, 19
18, 501, 50
18, 501, 58
18, 506, 34
18, 507, 11
18, 514, 28
18, 516, 12
18, 519, 36
18, 520, 14
18, 520, 15
18, 523, 48
18, 526, 13
18, 527, 6
18, 527, 27
18, 530, 31
18, 533, 31
18, 534, 15
18, 540, 42
18, 541, 18
18, 545, 35
18, 545, 55
18, 546, 46
18, 547, 30
18, 548, 32
18, 551, 53
18, 555, 3
18, 555, 39
18, 556, 42
18, 561, 28
18, 570, 1
18, 570, 57
18, 573, 54
18, 577, 21
18, 579, 41
18, 580, 53
18, 584, 7
18, 586, 1
18, 587, 13
18, 590, 54
18, 597, 29
18, 597, 42
18, 598, 13
18, 598, 24
18, 600, 44
18, 602, 47
18, 604, 4
18, 605, 25
18, 606, 9
18, 613, 26
18, 616, 4
18, 617, 4
18, 619, 38
18, 620, 16
18, 622, 39
18, 629, 18
18, 641, 27
18, 648, 21
18, 650, 42
18, 652, 6
18, 658, 15
18, 663, 2
18, 665, 49
18, 666, 58
18, 667, 10
18, 669, 40
18, 671, 33
18, 681, 34
18, 681, 47
18, 695, 29
18, 695, 52
18, 698, 24
18, 699, 27
18, 707, 43
18, 719, 1
18, 719, 46
18, 720, 36
18, 721, 31
18, 727, 23
18, 728, 12
18, 728, 14
18, 732, 11
18, 735, 16
18, 739, 6
18, 741, 42
18, 746, 18
18, 746, 57
18, 748, 45
18, 752, 42
18, 753, 48
18, 754, 7
18, 756, 30
18, 757, 40
18, 757, 56
18, 774, 44
18, 775, 20
18, 777, 38
18, 777, 51
18, 781, 58
18, 788, 54
18, 793, 36
18, 794, 31
18, 796, 8
18, 798, 11
18, 799, 4
19, 3, 10
19, 10, 50
19, 14, 41
19, 16, 52
19, 22, 3
19, 22, 33
19, 22, 49
19, 38, 21
19, 43, 22
19, 47, 4
19, 53, 48
19, 54, 20
19, 54, 34
19, 57, 14
19, 59, 3
19, 62, 40
19, 75, 11
19, 77, 7
19, 86, 15
19, 86, 27
19, 88, 31
19, 88, 39
19, 89, 35
19, 101, 43
19, 105, 29
19, 107, 19
19, 108, 8
19, 111, 47
19, 118, 2
19, 118, 13
19, 119, 21
19, 123, 43
19, 125, 30
19, 130, 33
19, 137, 38
19, 150, 32
19, 157, 42
19, 158, 10
19, 164, 34
19, 166, 21
19, 170, 16
19, 172, 43
19, 174, 16
19, 174, 25
19, 174, 36
19, 180, 22
19, 181, 41
19, 182, 14
19, 182, 29
19, 186, 52
19, 187, 29
19, 188, 3
19, 200, 53
19, 203, 12
19, 203, 53
19, 208, 27
19, 213, 7
19, 217, 20
19, 219, 58
19, 222, 31
19, 223, 53
19, 223, 56
19, 225, 20
19, 228, 49
19, 230, 39
19, 232, 30
19, 234, 22
19, 235, 5
19, 238, 4
19, 240, 1
19, 240, 33
19, 242, 44
19, 244, 50
19, 247, 8
19, 248, 2
19, 252, 12
19, 261, 17
19, 261, 44
19, 262, 31
19, 273, 9
19, 274, 54
19, 278, 40
19, 279, 16
19, 284, 35
19, 285, 51
19, 288, 11
19, 288, 13
19, 289, 40
19, 289, 46
19, 290, 24
19, 297, 27
19, 297, 40
19, 299, 34
19, 305, 43
19, 323, 29
19, 326, 56
19, 332, 24
19, 333, 38
19, 334, 32
19, 338, 37
19, 338, 56
19, 352, 28
19, 357, 36
19, 359, 19
19, 367, 35
19, 370, 48
19, 372, 23
19, 375, 21
19, 376, 27
19, 381, 50
19, 388, 55
19, 390, 39
19, 390, 46
19, 401, 42
19, 406, 51
19, 412, 30
19, 413, 53
19, 418, 21
19, 426, 28
19, 429, 52
19, 431, 46
19, 438, 47
19, 439, 25
19, 448, 20
19, 448, 53
19, 467, 33
19, 467, 38
19, 470, 18
19, 471, 45
19, 472, 37
19, 475, 24
19, 479, 40
19, 504, 30
19, 505, 24
19, 506, 54
19, 508, 49
19, 509, 22
19, 512, 44
19, 515, 15
19, 515, 32
19, 519, 29
19, 521, 3
19, 523, 27
19, 524, 43
19, 527, 40
19, 528, 29
19, 530, 7
19, 530, 36
19, 531, 46
19, 537, 4
19, 540, 38
19, 543, 12
19, 546, 49
19, 553, 1
19, 553, 41
19, 556, 52
19, 558, 18
19, 567, 34
19, 571, 37
19, 575, 17
19, 575, 20
19, 584, 42
19, 587, 56
19, 588, 13
19, 591, 58
19, 597, 2
19, 609, 35
19, 615, 8
19, 615, 41
19, 622, 32
19, 625, 47
19, 631, 25
19, 634, 31
19, 638, 33
19, 638, 45
19, 645, 54
19, 647, 9
19, 648, 48
19, 661, 28
19, 663, 7
19, 667, 16
19, 668, 19
19, 669, 34
19, 672, 23
19, 676, 47
19, 679, 25
19, 685, 30
19, 690, 42
19, 707, 38
19, 707, 44
19, 708, 55
19, 710, 21
19, 710, 45
19, 712, 4
19, 717, 15
19, 723, 58
19, 726, 40
19, 728, 33
19, 728, 46
19, 733, 48
19, 737, 8
19, 742, 36
19, 750, 18
19, 752, 3
19, 758, 10
19, 759, 17
19, 766, 28
19, 766, 41
19, 769, 2
19, 769, 30
19, 771, 21
19, 774, 42
19, 775, 27
19, 777, 46
19, 777, 49
19, 782, 1
19, 787, 22
19, 789, 11
19, 795, 2
19, 795, 54
19, 796, 24
