1, 6, 57
1, 27, 14
1, 28, 19
1, 29, 22
1, 34, 29
1, 40, 46
1, 42, 5
1, 52, 25
1, 53, 21
1, 53, 30
1, 54, 16
1, 61, 44
1, 69, 14
1, 77, 6
1, 84, 40
1, 85, 57
1, 87, 38
1, 90, 23
1, 91, 3
1, 93, 10
1, 98, 28
1, 98, 47
1, 100, 18
1, 101, 39
1, 104, 36
1, 104, 44
1, 106, 32
1, 111, 4
1, 122, 24
1, 122, 51
1, 126, 33
1, 133, 37
1, 133, 41
1, 139, 27
1, 144, 43
1, 145, 19
1, 147, 15
1, 151, 26
1, 159, 34
1, 165, 52
1, 177, 46
1, 178, 25
1, 190, 54
1, 193, 9
1, 195, 29
1, 195, 34
1, 207, 2
1, 209, 29
1, 210, 23
1, 211, 22
1, 213, 23
1, 219, 5
1, 227, 3
1, 232, 32
1, 236, 47
1, 238, 7
1, 239, 21
1, 244, 44
1, 246, 1
1, 253, 10
1, 253, 47
1, 255, 29
1, 260, 14
1, 269, 28
1, 273, 19
1, 276, 27
1, 278, 43
1, 281, 38
1, 282, 19
1, 296, 36
1, 304, 41
1, 304, 57
1, 305, 6
1, 310, 38
1, 317, 16
1, 318, 44
1, 319, 24
1, 320, 33
1, 320, 53
1, 324, 20
1, 324, 30
1, 331, 58
1, 333, 42
1, 340, 37
1, 347, 26
1, 347, 29
1, 348, 39
1, 352, 18
1, 358, 46
1, 361, 32
1, 393, 44
1, 416, 25
1, 428, 29
1, 430, 52
1, 437, 51
1, 448, 43
1, 450, 22
1, 450, 52
1, 451, 34
1, 458, 46
1, 464, 42
1, 477, 19
1, 480, 36
1, 480, 42
1, 482, 28
1, 484, 27
1, 488, 54
1, 495, 2
1, 496, 9
1, 497, 30
1, 497, 48
1, 499, 29
1, 505, 52
1, 514, 33
1, 522, 18
1, 522, 40
1, 523, 21
1, 532, 27
1, 534, 58
1, 536, 41
1, 542, 24
1, 543, 15
1, 544, 32
1, 546, 40
1, 556, 27
1, 557, 23
1, 562, 38
1, 563, 29
1, 565, 10
1, 565, 20
1, 567, 16
1, 569, 7
1, 570, 5
1, 575, 23
1, 577, 44
1, 581, 28
1, 582, 24
1, 584, 39
1, 585, 15
1, 590, 1
1, 590, 37
1, 593, 57
1, 607, 53
1, 617, 4
1, 621, 34
1, 624, 3
1, 628, 54
1, 633, 19
1, 635, 22
1, 644, 6
1, 644, 45
1, 648, 14
1, 652, 43
1, 655, 58
1, 659, 36
1, 666, 15
1, 672, 28
1, 673, 34
1, 680, 42
1, 682, 20
1, 684, 2
1, 686, 15
1, 702, 38
1, 713, 24
1, 717, 6
1, 720, 18
1, 728, 37
1, 728, 41
1, 730, 9
1, 730, 33
1, 733, 29
1, 738, 51
1, 740, 47
1, 746, 37
1, 749, 24
1, 753, 3
1, 754, 10
1, 756, 21
1, 760, 52
1, 761, 52
1, 765, 15
1, 773, 23
1, 786, 23
1, 798, 46
2, 7, 38
2, 16, 25
2, 19, 55
2, 32, 24
2, 34, 15
2, 41, 9
2, 44, 20
2, 44, 37
2, 48, 2
2, 67, 57
2, 70, 16
2, 73, 33
2, 73, 56
2, 76, 46
2, 80, 13
2, 81, 40
2, 82, 31
2, 98, 4
2, 99, 23
2, 106, 41
2, 109, 22
2, 120, 47
2, 128, 62
2, 132, 12
2, 133, 52
2, 134, 16
2, 138, 2
2, 141, 34
2, 141, 42
2, 143, 30
2, 149, 60
2, 152, 11
2, 153, 59
2, 154, 20
2, 157, 48
2, 160, 18
2, 161, 35
2, 162, 25
2, 165, 6
2, 174, 62
2, 176, 3
2, 183, 46
2, 189, 2
2, 191, 26
2, 193, 17
2, 194, 1
2, 200, 9
2, 213, 16
2, 216, 36
2, 222, 9
2, 225, 24
2, 230, 60
2, 231, 20
2, 232, 21
2, 234, 18
2, 239, 38
2, 240, 29
2, 241, 33
2, 242, 23
2, 246, 20
2, 250, 18
2, 255, 40
2, 260, 27
2, 263, 11
2, 270, 50
2, 277, 6
2, 279, 6
2, 280, 15
2, 281, 13
2, 285, 37
2, 293, 48
2, 294, 42
2, 299, 55
2, 302, 3
2, 306, 31
2, 311, 43
2, 321, 46
2, 329, 49
2, 333, 22
2, 336, 34
2, 345, 56
2, 347, 25
2, 349, 56
2, 354, 58
2, 356, 52
2, 371, 38
2, 371, 45
2, 378, 30
2, 385, 26
2, 386, 41
2, 390, 51
2, 395, 36
2, 397, 21
2, 405, 27
2, 414, 35
2, 421, 33
2, 422, 47
2, 439, 35
2, 439, 43
2, 443, 59
2, 444, 31
2, 450, 34
2, 463, 37
2, 471, 60
2, 478, 33
2, 481, 20
2, 481, 48
2, 483, 55
2, 485, 29
2, 491, 26
2, 492, 24
2, 501, 17
2, 504, 46
2, 505, 22
2, 508, 40
2, 514, 43
2, 531, 31
2, 532, 1
2, 534, 36
2, 537, 36
2, 537, 42
2, 538, 16
2, 538, 50
2, 543, 18
2, 545, 23
2, 550, 15
2, 554, 17
2, 556, 34
2, 563, 45
2, 564, 56
2, 567, 6
2, 569, 25
2, 570, 3
2, 573, 18
2, 573, 52
2, 579, 35
2, 585, 9
2, 585, 13
2, 587, 21
2, 590, 21
2, 598, 2
2, 598, 8
2, 600, 55
2, 601, 15
2, 605, 18
2, 608, 34
2, 621, 20
2, 623, 11
2, 623, 58
2, 631, 49
2, 632, 15
2, 636, 1
2, 639, 30
2, 639, 38
2, 644, 22
2, 644, 33
2, 657, 55
2, 665, 8
2, 665, 24
2, 666, 48
2, 668, 51
2, 668, 59
2, 669, 37
2, 672, 41
2, 675, 49
2, 676, 21
2, 678, 47
2, 681, 43
2, 683, 16
2, 686, 11
2, 700, 3
2, 700, 56
2, 705, 20
2, 708, 27
2, 712, 60
2, 717, 2
2, 723, 40
2, 729, 23
2, 733, 62
2, 737, 17
2, 745, 36
2, 745, 42
2, 747, 4
2, 749, 1
2, 755, 11
2, 755, 23
2, 755, 25
2, 759, 33
2, 763, 8
2, 765, 35
2, 767, 50
2, 768, 37
2, 769, 49
2, 774, 57
2, 775, 6
2, 782, 55
2, 785, 34
2, 786, 2
2, 786, 21
2, 786, 33
2, 788, 18
2, 789, 26
2, 794, 20
2, 797, 45
2, 798, 60
3, 1, 26
3, 2, 5
3, 2, 53
3, 13, 11
3, 17, 5
3, 18, 40
3, 24, 57
3, 25, 30
3, 31, 44
3, 32, 41
3, 38, 19
3, 40, 33
3, 46, 33
3, 47, 47
3, 54, 46
3, 63, 1
3, 64, 35
3, 72, 22
3, 73, 3
3, 75, 33
3, 83, 26
3, 87, 19
3, 88, 27
3, 91, 18
3, 92, 24
3, 103, 39
3, 104, 2
3, 105, 22
3, 117, 32
3, 117, 46
3, 118, 21
3, 118, 53
3, 120, 50
3, 125, 3
3, 128, 12
3, 128, 40
3, 129, 20
3, 129, 58
3, 132, 43
3, 136, 49
3, 137, 5
3, 141, 60
3, 146, 25
3, 150, 16
3, 151, 57
3, 158, 42
3, 163, 22
3, 163, 46
3, 166, 3
3, 169, 35
3, 187, 24
3, 195, 32
3, 200, 50
3, 204, 12
3, 217, 11
3, 217, 48
3, 218, 6
3, 222, 38
3, 226, 8
3, 227, 41
3, 230, 39
3, 233, 29
3, 234, 17
3, 235, 44
3, 240, 17
3, 247, 59
3, 251, 23
3, 257, 3
3, 265, 1
3, 268, 33
3, 273, 45
3, 278, 58
3, 283, 43
3, 284, 26
3, 285, 43
3, 293, 19
3, 298, 45
3, 306, 21
3, 309, 35
3, 312, 19
3, 315, 40
3, 315, 55
3, 332, 32
3, 340, 39
3, 350, 35
3, 353, 57
3, 363, 50
3, 366, 24
3, 368, 44
3, 371, 22
3, 381, 27
3, 390, 38
3, 392, 53
3, 393, 55
3, 397, 42
3, 403, 46
3, 405, 46
3, 414, 43
3, 416, 49
3, 418, 30
3, 419, 25
3, 422, 33
3, 427, 49
3, 452, 40
3, 455, 50
3, 457, 60
3, 475, 38
3, 482, 20
3, 487, 22
3, 495, 41
3, 498, 23
3, 501, 5
3, 504, 2
3, 506, 12
3, 507, 46
3, 518, 35
3, 525, 33
3, 527, 30
3, 528, 18
3, 531, 11
3, 531, 16
3, 533, 21
3, 540, 35
3, 541, 48
3, 545, 8
3, 545, 22
3, 548, 2
3, 549, 19
3, 567, 45
3, 568, 36
3, 570, 59
3, 573, 8
3, 574, 39
3, 581, 58
3, 588, 32
3, 593, 29
3, 598, 60
3, 599, 18
3, 606, 5
3, 606, 57
3, 613, 17
3, 614, 55
3, 625, 40
3, 626, 49
3, 627, 3
3, 628, 2
3, 629, 27
3, 635, 55
3, 636, 11
3, 642, 21
3, 642, 32
3, 643, 25
3, 645, 24
3, 646, 44
3, 648, 43
3, 654, 42
3, 663, 30
3, 664, 40
3, 671, 2
3, 671, 8
3, 678, 22
3, 678, 47
3, 687, 38
3, 701, 33
3, 702, 38
3, 704, 23
3, 708, 6
3, 712, 44
3, 715, 49
3, 720, 60
3, 726, 5
3, 726, 58
3, 733, 46
3, 735, 55
3, 751, 41
3, 756, 48
3, 759, 48
3, 766, 36
3, 770, 22
3, 770, 35
3, 770, 44
3, 772, 3
3, 776, 53
3, 780, 50
3, 782, 29
3, 787, 60
3, 788, 11
3, 792, 36
3, 793, 17
3, 797, 1
3, 797, 59
4, 2, 15
4, 9, 60
4, 24, 16
4, 24, 21
4, 25, 58
4, 30, 4
4, 33, 35
4, 51, 32
4, 51, 52
4, 53, 38
4, 57, 27
4, 62, 14
4, 63, 40
4, 64, 30
4, 66, 17
4, 67, 55
4, 72, 7
4, 73, 18
4, 73, 37
4, 74, 25
4, 76, 42
4, 84, 18
4, 85, 20
4, 88, 20
4, 89, 41
4, 91, 26
4, 97, 7
4, 97, 37
4, 99, 54
4, 113, 24
4, 121, 39
4, 124, 4
4, 137, 2
4, 138, 57
4, 139, 55
4, 150, 34
4, 150, 51
4, 153, 9
4, 154, 43
4, 161, 3
4, 169, 46
4, 170, 56
4, 174, 4
4, 174, 17
4, 175, 39
4, 175, 46
4, 176, 8
4, 181, 12
4, 181, 23
4, 182, 28
4, 186, 7
4, 194, 22
4, 205, 44
4, 206, 52
4, 207, 31
4, 208, 35
4, 210, 15
4, 213, 10
4, 216, 29
4, 220, 58
4, 221, 18
4, 221, 30
4, 221, 33
4, 224, 53
4, 230, 27
4, 245, 40
4, 245, 60
4, 246, 7
4, 248, 28
4, 249, 51
4, 252, 49
4, 260, 36
4, 264, 14
4, 268, 6
4, 269, 15
4, 273, 32
4, 282, 38
4, 285, 9
4, 285, 21
4, 290, 8
4, 290, 57
4, 296, 54
4, 300, 34
4, 302, 39
4, 307, 41
4, 308, 24
4, 311, 36
4, 319, 35
4, 321, 26
4, 324, 43
4, 335, 37
4, 339, 20
4, 339, 50
4, 342, 16
4, 363, 49
4, 366, 25
4, 381, 13
4, 389, 27
4, 394, 39
4, 395, 60
4, 397, 52
4, 403, 38
4, 408, 52
4, 412, 31
4, 419, 41
4, 427, 33
4, 431, 49
4, 436, 46
4, 442, 46
4, 451, 38
4, 451, 47
4, 457, 42
4, 460, 30
4, 462, 23
4, 464, 44
4, 482, 40
4, 486, 32
4, 488, 31
4, 490, 53
4, 494, 34
4, 503, 29
4, 506, 37
4, 510, 2
4, 510, 17
4, 512, 36
4, 515, 29
4, 515, 51
4, 515, 60
4, 516, 21
4, 517, 24
4, 519, 30
4, 522, 47
4, 523, 2
4, 529, 58
4, 532, 12
4, 537, 10
4, 538, 57
4, 540, 7
4, 549, 21
4, 550, 56
4, 552, 28
4, 558, 54
4, 566, 20
4, 583, 41
4, 586, 26
4, 588, 9
4, 590, 27
4, 596, 46
4, 597, 18
4, 600, 39
4, 602, 14
4, 608, 13
4, 608, 16
4, 614, 25
4, 616, 50
4, 621, 3
4, 621, 8
4, 621, 22
4, 627, 36
4, 628, 38
4, 647, 7
4, 654, 28
4, 655, 52
4, 659, 12
4, 660, 40
4, 661, 18
4, 666, 4
4, 668, 30
4, 669, 15
4, 675, 29
4, 680, 57
4, 682, 42
4, 685, 47
4, 692, 35
4, 699, 53
4, 704, 28
4, 711, 27
4, 711, 52
4, 717, 6
4, 719, 60
4, 729, 44
4, 729, 50
4, 732, 51
4, 738, 10
4, 745, 21
4, 747, 7
4, 747, 37
4, 750, 16
4, 757, 10
4, 759, 33
4, 760, 32
4, 761, 43
4, 762, 30
4, 767, 40
4, 768, 58
4, 772, 22
4, 779, 18
4, 780, 49
4, 792, 41
4, 799, 36
5, 4, 10
5, 4, 55
5, 6, 17
5, 8, 22
5, 17, 30
5, 17, 32
5, 19, 50
5, 21, 31
5, 24, 24
5, 24, 51
5, 26, 11
5, 27, 27
5, 35, 15
5, 38, 14
5, 53, 61
5, 59, 27
5, 59, 56
5, 65, 24
5, 67, 3
5, 67, 13
5, 75, 52
5, 78, 2
5, 78, 41
5, 86, 26
5, 93, 32
5, 95, 16
5, 98, 35
5, 99, 47
5, 109, 30
5, 119, 25
5, 121, 44
5, 122, 7
5, 127, 14
5, 132, 30
5, 137, 9
5, 144, 49
5, 147, 4
5, 158, 15
5, 160, 43
5, 165, 5
5, 168, 41
5, 175, 2
5, 177, 27
5, 180, 48
5, 182, 10
5, 183, 3
5, 183, 40
5, 183, 52
5, 184, 12
5, 189, 24
5, 192, 38
5, 193, 34
5, 202, 31
5, 204, 1
5, 205, 64
5, 209, 40
5, 226, 47
5, 230, 22
5, 231, 28
5, 238, 7
5, 244, 11
5, 249, 38
5, 253, 32
5, 253, 55
5, 254, 4
5, 254, 13
5, 255, 19
5, 256, 17
5, 261, 59
5, 262, 33
5, 264, 31
5, 270, 30
5, 274, 43
5, 281, 12
5, 282, 42
5, 283, 2
5, 292, 19
5, 299, 14
5, 299, 56
5, 314, 45
5, 316, 35
5, 317, 25
5, 327, 31
5, 339, 39
5, 339, 41
5, 342, 38
5, 344, 41
5, 354, 26
5, 355, 52
5, 357, 49
5, 369, 48
5, 369, 52
5, 371, 34
5, 372, 32
5, 379, 47
5, 385, 20
5, 394, 24
5, 395, 40
5, 397, 44
5, 402, 33
5, 409, 26
5, 420, 43
5, 436, 59
5, 437, 16
5, 439, 43
5, 441, 59
5, 445, 61
5, 448, 24
5, 450, 35
5, 456, 63
5, 459, 52
5, 470, 16
5, 480, 31
5, 484, 47
5, 484, 49
5, 484, 55
5, 487, 27
5, 491, 52
5, 493, 28
5, 493, 59
5, 496, 15
5, 503, 31
5, 506, 22
5, 511, 50
5, 512, 51
5, 515, 32
5, 524, 38
5, 535, 1
5, 541, 48
5, 544, 33
5, 546, 56
5, 547, 41
5, 550, 25
5, 556, 45
5, 565, 19
5, 569, 42
5, 574, 52
5, 579, 3
5, 584, 4
5, 585, 30
5, 585, 39
5, 586, 45
5, 586, 51
5, 595, 44
5, 596, 5
5, 598, 30
5, 605, 35
5, 608, 11
5, 612, 47
5, 613, 40
5, 619, 13
5, 621, 15
5, 625, 5
5, 630, 38
5, 632, 13
5, 632, 20
5, 635, 52
5, 649, 56
5, 650, 27
5, 653, 22
5, 657, 2
5, 667, 42
5, 668, 23
5, 673, 31
5, 676, 17
5, 677, 35
5, 685, 1
5, 686, 49
5, 692, 48
5, 694, 20
5, 696, 3
5, 704, 30
5, 706, 34
5, 707, 12
5, 711, 14
5, 715, 24
5, 716, 22
5, 717, 13
5, 718, 11
5, 718, 59
5, 719, 31
5, 733, 49
5, 737, 7
5, 750, 41
5, 757, 55
5, 758, 11
5, 759, 25
5, 763, 32
5, 766, 17
5, 769, 26
5, 770, 20
5, 771, 41
5, 773, 27
5, 775, 15
5, 779, 3
5, 782, 5
5, 786, 43
5, 797, 40
5, 797, 44
6, 13, 8
6, 14, 25
6, 17, 52
6, 22, 49
6, 27, 51
6, 29, 32
6, 30, 37
6, 31, 28
6, 40, 17
6, 49, 50
6, 60, 32
6, 68, 26
6, 69, 50
6, 74, 14
6, 74, 22
6, 78, 50
6, 80, 56
6, 85, 44
6, 87, 43
6, 93, 4
6, 94, 47
6, 99, 24
6, 101, 44
6, 103, 53
6, 106, 19
6, 112, 14
6, 112, 54
6, 115, 3
6, 120, 23
6, 120, 28
6, 127, 8
6, 131, 35
6, 142, 53
6, 148, 27
6, 149, 1
6, 149, 15
6, 149, 20
6, 149, 29
6, 158, 46
6, 164, 22
6, 167, 51
6, 171, 18
6, 172, 25
6, 174, 30
6, 176, 19
6, 184, 12
6, 190, 52
6, 192, 10
6, 192, 13
6, 194, 40
6, 197, 25
6, 201, 10
6, 206, 20
6, 213, 21
6, 213, 50
6, 217, 9
6, 232, 18
6, 236, 26
6, 236, 51
6, 239, 49
6, 240, 13
6, 240, 41
6, 242, 45
6, 247, 6
6, 248, 42
6, 249, 26
6, 258, 27
6, 259, 39
6, 260, 15
6, 261, 58
6, 265, 8
6, 268, 47
6, 270, 57
6, 276, 28
6, 277, 3
6, 286, 22
6, 289, 17
6, 289, 36
6, 289, 43
6, 290, 24
6, 291, 10
6, 293, 33
6, 297, 4
6, 301, 14
6, 303, 40
6, 305, 29
6, 307, 45
6, 333, 31
6, 362, 53
6, 363, 35
6, 371, 50
6, 376, 49
6, 390, 52
6, 392, 50
6, 399, 29
6, 407, 54
6, 413, 56
6, 416, 33
6, 424, 32
6, 428, 54
6, 443, 37
6, 444, 20
6, 457, 21
6, 457, 25
6, 460, 42
6, 460, 52
6, 464, 46
6, 467, 27
6, 468, 39
6, 470, 51
6, 472, 23
6, 472, 30
6, 472, 46
6, 475, 37
6, 476, 24
6, 476, 57
6, 490, 12
6, 504, 26
6, 507, 53
6, 512, 13
6, 518, 50
6, 518, 54
6, 519, 28
6, 523, 7
6, 527, 31
6, 535, 22
6, 535, 32
6, 538, 8
6, 543, 35
6, 544, 10
6, 554, 19
6, 567, 4
6, 570, 33
6, 571, 29
6, 571, 45
6, 573, 18
6, 576, 40
6, 577, 42
6, 577, 57
6, 585, 15
6, 586, 35
6, 588, 9
6, 591, 17
6, 591, 58
6, 595, 58
6, 598, 14
6, 607, 49
6, 608, 19
6, 608, 27
6, 608, 53
6, 611, 9
6, 614, 47
6, 623, 36
6, 627, 32
6, 643, 25
6, 645, 52
6, 647, 28
6, 656, 56
6, 661, 51
6, 664, 1
6, 665, 23
6, 667, 1
6, 667, 3
6, 667, 23
6, 669, 20
6, 670, 41
6, 672, 15
6, 674, 56
6, 676, 54
6, 691, 21
6, 692, 40
6, 695, 6
6, 698, 18
6, 706, 47
6, 710, 50
6, 712, 39
6, 718, 30
6, 723, 58
6, 725, 17
6, 725, 37
6, 725, 43
6, 729, 4
6, 731, 35
6, 733, 8
6, 738, 4
6, 739, 63
6, 748, 36
6, 749, 14
6, 761, 46
6, 766, 25
6, 769, 20
6, 771, 29
6, 773, 49
6, 779, 35
6, 779, 39
6, 781, 26
6, 787, 56
6, 795, 13
6, 798, 18
7, 1, 29
7, 2, 11
7, 3, 17
7, 4, 21
7, 8, 23
7, 13, 57
7, 14, 18
7, 25, 6
7, 28, 30
7, 34, 13
7, 44, 33
7, 47, 26
7, 48, 3
7, 54, 41
7, 61, 54
7, 62, 9
7, 64, 22
7, 64, 37
7, 65, 23
7, 71, 11
7, 77, 14
7, 83, 12
7, 84, 18
7, 88, 45
7, 89, 16
7, 96, 25
7, 98, 47
7, 101, 53
7, 106, 11
7, 106, 31
7, 107, 7
7, 110, 42
7, 111, 59
7, 126, 17
7, 126, 19
7, 132, 17
7, 136, 8
7, 144, 5
7, 147, 4
7, 150, 41
7, 151, 14
7, 152, 18
7, 152, 29
7, 153, 21
7, 159, 2
7, 160, 42
7, 167, 29
7, 169, 16
7, 169, 37
7, 172, 28
7, 180, 11
7, 180, 43
7, 181, 57
7, 183, 50
7, 186, 17
7, 192, 60
7, 197, 9
7, 207, 14
7, 207, 35
7, 210, 49
7, 218, 41
7, 223, 44
7, 230, 33
7, 231, 40
7, 232, 31
7, 239, 6
7, 246, 21
7, 249, 52
7, 250, 3
7, 257, 53
7, 258, 34
7, 259, 9
7, 264, 42
7, 274, 1
7, 281, 45
7, 283, 30
7, 284, 45
7, 288, 59
7, 289, 13
7, 290, 23
7, 293, 31
7, 295, 37
7, 296, 7
7, 298, 47
7, 303, 28
7, 304, 36
7, 305, 22
7, 316, 26
7, 332, 36
7, 335, 57
7, 345, 23
7, 347, 33
7, 348, 35
7, 351, 55
7, 366, 43
7, 377, 47
7, 380, 23
7, 386, 19
7, 389, 50
7, 396, 40
7, 399, 29
7, 400, 60
7, 405, 46
7, 411, 34
7, 412, 54
7, 413, 58
7, 419, 29
7, 425, 47
7, 431, 17
7, 434, 25
7, 434, 55
7, 438, 27
7, 447, 42
7, 460, 49
7, 462, 37
7, 467, 33
7, 473, 31
7, 481, 28
7, 483, 22
7, 483, 41
7, 488, 30
7, 490, 59
7, 492, 43
7, 496, 2
7, 498, 39
7, 503, 5
7, 509, 35
7, 511, 34
7, 513, 8
7, 513, 18
7, 517, 21
7, 522, 59
7, 523, 14
7, 524, 52
7, 526, 44
7, 528, 55
7, 534, 53
7, 535, 36
7, 537, 42
7, 543, 6
7, 545, 11
7, 547, 18
7, 548, 54
7, 551, 4
7, 554, 12
7, 555, 60
7, 566, 57
7, 575, 35
7, 576, 23
7, 578, 7
7, 581, 45
7, 586, 40
7, 591, 11
7, 597, 41
7, 605, 45
7, 608, 50
7, 611, 37
7, 615, 57
7, 619, 34
7, 622, 26
7, 626, 16
7, 630, 27
7, 634, 49
7, 635, 7
7, 637, 14
7, 638, 60
7, 647, 3
7, 648, 22
7, 654, 36
7, 657, 9
7, 657, 31
7, 663, 52
7, 664, 46
7, 665, 33
7, 667, 31
7, 669, 37
7, 673, 5
7, 675, 16
7, 675, 45
7, 676, 53
7, 680, 28
7, 681, 13
7, 685, 55
7, 689, 29
7, 689, 49
7, 691, 1
7, 692, 58
7, 701, 8
7, 701, 23
7, 706, 39
7, 710, 59
7, 715, 54
7, 716, 11
7, 724, 45
7, 726, 19
7, 726, 53
7, 728, 6
7, 730, 8
7, 731, 58
7, 735, 18
7, 736, 47
7, 737, 8
7, 737, 25
7, 745, 7
7, 747, 5
7, 749, 28
7, 752, 2
7, 754, 1
7, 757, 12
7, 759, 4
7, 763, 23
7, 768, 27
7, 770, 14
7, 784, 55
7, 788, 54
7, 788, 57
8, 11, 8
8, 14, 32
8, 16, 38
8, 17, 13
8, 20, 48
8, 21, 2
8, 26, 28
8, 31, 22
8, 34, 39
8, 41, 4
8, 42, 54
8, 46, 18
8, 46, 29
8, 46, 44
8, 47, 7
8, 48, 25
8, 60, 46
8, 66, 18
8, 67, 32
8, 70, 22
8, 74, 10
8, 75, 41
8, 79, 37
8, 80, 30
8, 92, 40
8, 100, 52
8, 102, 26
8, 108, 2
8, 110, 31
8, 112, 15
8, 113, 57
8, 115, 4
8, 116, 24
8, 124, 42
8, 128, 22
8, 130, 51
8, 136, 31
8, 139, 56
8, 143, 9
8, 151, 33
8, 151, 41
8, 159, 24
8, 161, 33
8, 163, 16
8, 164, 9
8, 164, 18
8, 170, 8
8, 171, 62
8, 179, 49
8, 181, 25
8, 182, 3
8, 183, 11
8, 184, 32
8, 188, 20
8, 189, 1
8, 190, 45
8, 192, 15
8, 192, 16
8, 196, 6
8, 203, 8
8, 206, 39
8, 209, 44
8, 212, 46
8, 217, 18
8, 221, 25
8, 226, 53
8, 227, 42
8, 229, 7
8, 238, 54
8, 244, 40
8, 247, 52
8, 248, 10
8, 249, 19
8, 251, 12
8, 261, 2
8, 261, 23
8, 266, 38
8, 270, 22
8, 272, 11
8, 277, 29
8, 278, 56
8, 280, 32
8, 282, 40
8, 284, 3
8, 292, 48
8, 295, 10
8, 299, 17
8, 308, 7
8, 308, 57
8, 314, 29
8, 333, 51
8, 338, 26
8, 343, 37
8, 346, 57
8, 347, 39
8, 349, 28
8, 354, 48
8, 355, 24
8, 358, 41
8, 366, 16
8, 372, 30
8, 372, 49
8, 382, 19
8, 384, 19
8, 384, 40
8, 388, 31
8, 391, 23
8, 391, 53
8, 392, 33
8, 394, 38
8, 404, 46
8, 405, 20
8, 406, 46
8, 411, 20
8, 414, 39
8, 417, 42
8, 431, 36
8, 437, 53
8, 445, 33
8, 445, 56
8, 450, 32
8, 452, 47
8, 457, 44
8, 465, 38
8, 471, 25
8, 471, 55
8, 473, 40
8, 480, 52
8, 483, 37
8, 484, 48
8, 495, 42
8, 499, 45
8, 503, 54
8, 514, 17
8, 517, 41
8, 526, 29
8, 532, 9
8, 534, 30
8, 535, 44
8, 535, 57
8, 537, 37
8, 545, 41
8, 549, 45
8, 551, 10
8, 552, 6
8, 552, 11
8, 553, 26
8, 553, 48
8, 559, 36
8, 561, 31
8, 566, 15
8, 572, 12
8, 578, 45
8, 580, 44
8, 582, 16
8, 582, 57
8, 588, 47
8, 595, 22
8, 596, 3
8, 613, 62
8, 619, 1
8, 619, 24
8, 633, 39
8, 637, 1
8, 640, 19
8, 645, 37
8, 652, 54
8, 655, 52
8, 660, 19
8, 675, 47
8, 681, 4
8, 681, 7
8, 681, 51
8, 684, 4
8, 685, 9
8, 689, 25
8, 690, 32
8, 690, 53
8, 693, 20
8, 696, 33
8, 698, 8
8, 704, 40
8, 713, 37
8, 714, 28
8, 717, 38
8, 718, 28
8, 719, 48
8, 724, 18
8, 725, 15
8, 725, 23
8, 737, 23
8, 737, 38
8, 741, 3
8, 743, 16
8, 745, 19
8, 745, 25
8, 745, 56
8, 748, 22
8, 749, 38
8, 749, 53
8, 762, 41
8, 766, 52
8, 769, 38
8, 771, 46
8, 774, 2
8, 775, 9
8, 781, 31
8, 785, 36
8, 794, 24
8, 796, 16
9, 3, 36
9, 5, 38
9, 6, 27
9, 9, 42
9, 13, 4
9, 13, 53
9, 19, 41
9, 19, 58
9, 20, 31
9, 25, 6
9, 29, 9
9, 39, 49
9, 45, 5
9, 48, 26
9, 49, 22
9, 53, 57
9, 56, 12
9, 64, 1
9, 68, 24
9, 68, 46
9, 69, 36
9, 70, 50
9, 81, 22
9, 98, 1
9, 98, 4
9, 99, 16
9, 108, 6
9, 109, 38
9, 109, 49
9, 130, 28
9, 131, 13
9, 137, 47
9, 144, 56
9, 159, 28
9, 166, 52
9, 171, 41
9, 177, 44
9, 181, 22
9, 184, 60
9, 190, 22
9, 194, 21
9, 194, 32
9, 197, 29
9, 207, 14
9, 209, 5
9, 225, 5
9, 229, 27
9, 229, 30
9, 232, 57
9, 240, 12
9, 241, 46
9, 242, 3
9, 249, 28
9, 254, 31
9, 254, 42
9, 257, 11
9, 258, 43
9, 262, 10
9, 268, 24
9, 270, 4
9, 270, 28
9, 270, 58
9, 274, 16
9, 277, 47
9, 281, 6
9, 293, 26
9, 305, 38
9, 309, 38
9, 310, 24
9, 320, 37
9, 321, 39
9, 329, 49
9, 330, 33
9, 330, 60
9, 331, 44
9, 338, 29
9, 346, 33
9, 346, 54
9, 348, 47
9, 354, 17
9, 358, 53
9, 370, 52
9, 372, 39
9, 381, 27
9, 381, 32
9, 387, 48
9, 388, 47
9, 389, 42
9, 402, 27
9, 404, 56
9, 410, 36
9, 417, 26
9, 426, 41
9, 434, 52
9, 440, 58
9, 456, 25
9, 457, 44
9, 460, 31
9, 464, 43
9, 467, 22
9, 469, 43
9, 484, 28
9, 493, 50
9, 498, 60
9, 499, 20
9, 501, 24
9, 503, 46
9, 508, 12
9, 509, 30
9, 511, 21
9, 513, 53
9, 513, 57
9, 518, 5
9, 522, 33
9, 522, 36
9, 525, 16
9, 526, 1
9, 540, 12
9, 545, 28
9, 547, 47
9, 551, 11
9, 557, 54
9, 562, 28
9, 569, 49
9, 571, 12
9, 581, 50
9, 587, 58
9, 595, 50
9, 597, 3
9, 602, 10
9, 606, 22
9, 616, 24
9, 619, 13
9, 630, 17
9, 633, 52
9, 634, 21
9, 635, 50
9, 639, 9
9, 643, 42
9, 643, 58
9, 655, 27
9, 659, 37
9, 664, 14
9, 665, 32
9, 676, 52
9, 677, 13
9, 679, 11
9, 690, 39
9, 691, 6
9, 697, 31
9, 700, 47
9, 701, 33
9, 711, 16
9, 712, 50
9, 714, 43
9, 721, 54
9, 722, 38
9, 723, 44
9, 726, 53
9, 738, 17
9, 738, 24
9, 752, 3
9, 752, 24
9, 768, 20
9, 770, 4
9, 771, 28
9, 775, 26
9, 788, 52
9, 794, 5
10, 1, 13
10, 1, 25
10, 6, 17
10, 9, 24
10, 13, 12
10, 25, 5
10, 29, 59
10, 31, 27
10, 34, 42
10, 38, 42
10, 41, 24
10, 44, 58
10, 44, 61
10, 45, 3
10, 45, 47
10, 54, 49
10, 56, 46
10, 60, 13
10, 65, 35
10, 72, 41
10, 75, 38
10, 76, 20
10, 80, 55
10, 81, 37
10, 82, 14
10, 83, 28
10, 87, 23
10, 92, 55
10, 96, 24
10, 98, 51
10, 104, 28
10, 112, 32
10, 114, 44
10, 116, 48
10, 122, 3
10, 122, 42
10, 124, 51
10, 130, 31
10, 132, 49
10, 132, 54
10, 139, 45
10, 145, 48
10, 147, 53
10, 154, 19
10, 157, 12
10, 162, 35
10, 162, 54
10, 162, 57
10, 165, 5
10, 171, 11
10, 172, 7
10, 173, 54
10, 175, 26
10, 177, 39
10, 181, 39
10, 181, 58
10, 184, 1
10, 185, 73
10, 186, 49
10, 195, 35
10, 195, 40
10, 199, 20
10, 203, 2
10, 206, 22
10, 218, 8
10, 222, 47
10, 226, 2
10, 228, 22
10, 228, 36
10, 231, 14
10, 238, 25
10, 240, 27
10, 242, 30
10, 248, 1
10, 254, 11
10, 254, 59
10, 257, 7
10, 262, 20
10, 264, 5
10, 269, 19
10, 272, 17
10, 278, 14
10, 279, 46
10, 282, 13
10, 284, 11
10, 290, 17
10, 291, 37
10, 292, 55
10, 295, 34
10, 297, 34
10, 298, 46
10, 304, 24
10, 305, 48
10, 306, 42
10, 311, 55
10, 312, 31
10, 314, 51
10, 315, 58
10, 321, 16
10, 326, 44
10, 331, 53
10, 336, 46
10, 338, 54
10, 339, 23
10, 342, 47
10, 344, 61
10, 350, 51
10, 359, 32
10, 359, 52
10, 360, 35
10, 364, 41
10, 371, 47
10, 373, 25
10, 375, 20
10, 406, 39
10, 414, 26
10, 414, 45
10, 423, 57
10, 427, 36
10, 428, 19
10, 449, 28
10, 453, 30
10, 464, 59
10, 470, 51
10, 477, 27
10, 481, 37
10, 481, 49
10, 493, 28
10, 498, 58
10, 500, 25
10, 502, 55
10, 515, 48
10, 518, 20
10, 521, 35
10, 523, 42
10, 526, 12
10, 530, 40
10, 532, 58
10, 534, 11
10, 544, 36
10, 547, 53
10, 548, 38
10, 553, 24
10, 561, 19
10, 564, 3
10, 566, 44
10, 568, 23
10, 569, 22
10, 571, 46
10, 572, 13
10, 575, 26
10, 580, 17
10, 591, 5
10, 593, 42
10, 598, 25
10, 602, 52
10, 608, 7
10, 608, 14
10, 609, 59
10, 610, 31
10, 613, 51
10, 615, 2
10, 617, 13
10, 619, 48
10, 621, 39
10, 632, 22
10, 648, 32
10, 648, 48
10, 672, 27
10, 672, 42
10, 675, 11
10, 675, 30
10, 677, 27
10, 678, 45
10, 678, 47
10, 682, 28
10, 683, 36
10, 684, 25
10, 689, 16
10, 689, 57
10, 698, 61
10, 703, 40
10, 705, 17
10, 713, 49
10, 713, 52
10, 714, 31
10, 718, 26
10, 718, 38
10, 719, 14
10, 720, 35
10, 720, 41
10, 721, 53
10, 725, 3
10, 725, 25
10, 727, 47
10, 728, 28
10, 731, 12
10, 732, 13
10, 737, 1
10, 738, 35
10, 741, 44
10, 755, 8
10, 757, 55
10, 762, 57
10, 772, 42
10, 777, 16
10, 782, 11
10, 783, 7
10, 792, 34
10, 796, 5
10, 798, 57
11, 1, 54
11, 11, 24
11, 15, 2
11, 22, 15
11, 22, 35
11, 30, 4
11, 30, 15
11, 35, 3
11, 41, 31
11, 44, 13
11, 46, 50
11, 47, 13
11, 51, 24
11, 52, 46
11, 56, 6
11, 56, 53
11, 58, 15
11, 59, 8
11, 62, 14
11, 66, 5
11, 68, 4
11, 71, 57
11, 74, 27
11, 86, 3
11, 89, 42
11, 91, 37
11, 93, 43
11, 94, 50
11, 97, 45
11, 99, 33
11, 102, 22
11, 111, 35
11, 119, 12
11, 124, 45
11, 128, 6
11, 128, 10
11, 128, 20
11, 128, 32
11, 129, 13
11, 131, 18
11, 131, 23
11, 144, 24
11, 157, 49
11, 159, 27
11, 160, 26
11, 173, 7
11, 174, 35
11, 174, 40
11, 179, 20
11, 188, 47
11, 189, 29
11, 198, 15
11, 199, 14
11, 200, 46
11, 208, 55
11, 209, 6
11, 217, 1
11, 217, 8
11, 220, 31
11, 225, 8
11, 231, 18
11, 238, 43
11, 244, 39
11, 245, 50
11, 249, 23
11, 253, 31
11, 268, 29
11, 271, 15
11, 272, 42
11, 273, 50
11, 283, 57
11, 286, 32
11, 297, 13
11, 297, 40
11, 308, 10
11, 317, 33
11, 321, 48
11, 322, 27
11, 334, 49
11, 350, 22
11, 362, 26
11, 365, 18
11, 371, 12
11, 371, 39
11, 378, 47
11, 385, 56
11, 394, 30
11, 397, 43
11, 400, 55
11, 401, 40
11, 404, 24
11, 405, 21
11, 406, 35
11, 406, 42
11, 420, 34
11, 423, 55
11, 431, 20
11, 431, 53
11, 433, 33
11, 437, 39
11, 438, 37
11, 471, 50
11, 473, 48
11, 477, 35
11, 480, 26
11, 485, 4
11, 488, 31
11, 497, 45
11, 502, 32
11, 509, 9
11, 512, 35
11, 516, 5
11, 517, 4
11, 523, 3
11, 529, 7
11, 534, 46
11, 538, 49
11, 542, 6
11, 545, 56
11, 551, 10
11, 557, 57
11, 559, 15
11, 562, 39
11, 569, 4
11, 569, 23
11, 571, 1
11, 571, 54
11, 574, 34
11, 577, 29
11, 577, 53
11, 579, 14
11, 580, 27
11, 585, 13
11, 593, 42
11, 599, 50
11, 614, 8
11, 618, 31
11, 618, 37
11, 620, 1
11, 620, 33
11, 624, 21
11, 633, 30
11, 634, 47
11, 638, 37
11, 639, 55
11, 649, 48
11, 653, 9
11, 655, 40
11, 660, 5
11, 662, 4
11, 662, 12
11, 662, 22
11, 666, 43
11, 668, 26
11, 668, 35
11, 669, 15
11, 676, 45
11, 678, 1
11, 679, 34
11, 680, 5
11, 685, 18
11, 685, 24
11, 688, 24
11, 704, 63
11, 705, 21
11, 709, 34
11, 711, 32
11, 712, 53
11, 714, 10
11, 731, 29
11, 731, 57
11, 734, 27
11, 738, 56
11, 742, 49
11, 745, 14
11, 766, 33
11, 771, 3
11, 779, 7
11, 779, 45
11, 782, 15
11, 785, 23
11, 785, 37
11, 787, 4
11, 796, 39
12, 3, 29
12, 4, 38
12, 8, 35
12, 9, 8
12, 18, 23
12, 20, 2
12, 28, 34
12, 31, 12
12, 41, 33
12, 41, 40
12, 44, 26
12, 50, 11
12, 52, 55
12, 57, 12
12, 61, 47
12, 66, 32
12, 73, 16
12, 76, 44
12, 80, 9
12, 80, 14
12, 88, 6
12, 98, 50
12, 105, 21
12, 110, 50
12, 112, 8
12, 113, 25
12, 120, 42
12, 120, 58
12, 125, 59
12, 126, 39
12, 126, 47
12, 131, 28
12, 132, 52
12, 133, 27
12, 140, 38
12, 141, 22
12, 141, 25
12, 143, 23
12, 145, 14
12, 150, 2
12, 151, 4
12, 153, 43
12, 153, 46
12, 154, 2
12, 156, 41
12, 165, 3
12, 168, 51
12, 170, 20
12, 176, 6
12, 176, 16
12, 176, 29
12, 182, 35
12, 193, 33
12, 194, 22
12, 195, 26
12, 201, 18
12, 209, 39
12, 211, 26
12, 213, 32
12, 216, 48
12, 218, 6
12, 219, 33
12, 222, 50
12, 225, 40
12, 229, 34
12, 235, 24
12, 236, 8
12, 241, 44
12, 242, 58
12, 243, 38
12, 244, 24
12, 249, 12
12, 254, 27
12, 256, 47
12, 259, 13
12, 261, 56
12, 262, 35
12, 263, 58
12, 267, 10
12, 268, 49
12, 274, 35
12, 277, 33
12, 286, 42
12, 286, 55
12, 289, 21
12, 301, 36
12, 306, 15
12, 311, 59
12, 313, 48
12, 320, 51
12, 327, 29
12, 345, 46
12, 356, 58
12, 357, 23
12, 357, 43
12, 373, 50
12, 376, 28
12, 376, 55
12, 386, 22
12, 387, 53
12, 397, 39
12, 398, 60
12, 407, 22
12, 420, 23
12, 421, 16
12, 425, 26
12, 430, 40
12, 432, 16
12, 433, 47
12, 436, 33
12, 448, 44
12, 448, 49
12, 459, 25
12, 462, 32
12, 464, 43
12, 477, 28
12, 484, 27
12, 490, 25
12, 491, 32
12, 497, 41
12, 499, 24
12, 501, 14
12, 503, 4
12, 509, 59
12, 515, 35
12, 519, 4
12, 528, 34
12, 531, 46
12, 535, 8
12, 537, 11
12, 538, 42
12, 542, 10
12, 542, 20
12, 547, 9
12, 553, 38
12, 554, 29
12, 564, 51
12, 565, 8
12, 568, 44
12, 572, 18
12, 572, 21
12, 572, 60
12, 577, 40
12, 580, 50
12, 586, 25
12, 587, 6
12, 587, 15
12, 596, 2
12, 599, 6
12, 600, 12
12, 601, 48
12, 605, 58
12, 608, 44
12, 609, 16
12, 615, 33
12, 616, 14
12, 617, 41
12, 628, 36
12, 629, 3
12, 633, 49
12, 633, 50
12, 636, 34
12, 639, 35
12, 640, 12
12, 641, 32
12, 655, 9
12, 656, 28
12, 664, 23
12, 669, 4
12, 670, 24
12, 672, 29
12, 684, 26
12, 686, 35
12, 686, 46
12, 686, 47
12, 692, 26
12, 693, 15
12, 697, 56
12, 702, 10
12, 703, 4
12, 717, 39
12, 718, 42
12, 720, 13
12, 722, 59
12, 727, 47
12, 729, 47
12, 730, 40
12, 737, 43
12, 737, 53
12, 740, 27
12, 751, 6
12, 752, 12
12, 753, 22
12, 762, 60
12, 763, 3
12, 764, 44
12, 770, 9
12, 772, 15
12, 773, 18
12, 777, 42
12, 777, 60
12, 784, 20
12, 796, 10
12, 799, 6
12, 799, 16
13, 6, 62
13, 9, 57
13, 11, 1
13, 11, 45
13, 18, 20
13, 23, 19
13, 25, 29
13, 34, 61
13, 37, 35
13, 38, 53
13, 49, 56
13, 50, 26
13, 54, 22
13, 57, 36
13, 65, 46
13, 82, 55
13, 84, 43
13, 88, 24
13, 89, 10
13, 92, 60
13, 99, 55
13, 113, 7
13, 114, 20
13, 121, 3
13, 121, 40
13, 124, 8
13, 124, 18
13, 135, 23
13, 135, 33
13, 135, 41
13, 140, 59
13, 143, 4
13, 144, 57
13, 146, 3
13, 148, 19
13, 154, 45
13, 156, 35
13, 161, 8
13, 164, 36
13, 169, 13
13, 176, 2
13, 179, 22
13, 179, 53
13, 184, 46
13, 185, 27
13, 188, 61
13, 189, 1
13, 189, 57
13, 211, 37
13, 213, 51
13, 217, 52
13, 228, 25
13, 240, 46
13, 245, 10
13, 245, 47
13, 248, 34
13, 257, 7
13, 258, 10
13, 265, 27
13, 274, 56
13, 281, 12
13, 281, 32
13, 285, 3
13, 288, 29
13, 289, 41
13, 294, 27
13, 294, 45
13, 304, 23
13, 306, 43
13, 311, 55
13, 324, 33
13, 326, 24
13, 329, 20
13, 336, 59
13, 344, 60
13, 349, 37
13, 360, 19
13, 361, 22
13, 369, 37
13, 374, 26
13, 374, 60
13, 377, 55
13, 378, 29
13, 378, 33
13, 379, 31
13, 380, 35
13, 395, 33
13, 400, 40
13, 407, 57
13, 408, 56
13, 409, 53
13, 423, 33
13, 424, 52
13, 425, 35
13, 425, 36
13, 439, 18
13, 452, 59
13, 456, 43
13, 457, 14
13, 457, 29
13, 460, 53
13, 466, 33
13, 470, 51
13, 471, 46
13, 474, 41
13, 490, 37
13, 495, 32
13, 498, 13
13, 507, 40
13, 509, 37
13, 512, 27
13, 514, 57
13, 520, 14
13, 529, 58
13, 532, 9
13, 532, 41
13, 541, 47
13, 562, 4
13, 562, 23
13, 565, 20
13, 574, 17
13, 579, 34
13, 586, 10
13, 588, 24
13, 588, 60
13, 594, 20
13, 596, 51
13, 598, 14
13, 598, 45
13, 601, 56
13, 607, 2
13, 611, 25
13, 621, 2
13, 622, 55
13, 622, 58
13, 623, 18
13, 626, 52
13, 632, 20
13, 632, 43
13, 636, 32
13, 638, 12
13, 645, 3
13, 649, 56
13, 650, 40
13, 651, 14
13, 661, 31
13, 667, 29
13, 671, 22
13, 686, 55
13, 688, 14
13, 690, 60
13, 709, 27
13, 713, 45
13, 713, 46
13, 717, 59
13, 724, 35
13, 728, 41
13, 734, 24
13, 738, 56
13, 745, 33
13, 746, 3
13, 752, 7
13, 762, 31
13, 765, 58
13, 766, 19
13, 767, 9
13, 771, 37
13, 773, 27
13, 780, 43
13, 785, 1
13, 792, 32
13, 799, 9
13, 799, 41
14, 3, 41
14, 5, 21
14, 15, 27
14, 16, 38
14, 16, 42
14, 17, 1
14, 17, 26
14, 17, 57
14, 18, 15
14, 31, 15
14, 32, 28
14, 41, 44
14, 44, 40
14, 48, 9
14, 59, 13
14, 62, 29
14, 63, 56
14, 71, 57
14, 76, 50
14, 77, 54
14, 79, 45
14, 80, 43
14, 89, 2
14, 89, 49
14, 95, 3
14, 102, 6
14, 104, 35
14, 110, 51
14, 116, 38
14, 117, 20
14, 119, 18
14, 119, 34
14, 126, 22
14, 126, 47
14, 127, 19
14, 128, 12
14, 138, 40
14, 144, 29
14, 145, 60
14, 148, 41
14, 149, 17
14, 154, 27
14, 156, 5
14, 172, 25
14, 173, 8
14, 175, 1
14, 178, 15
14, 179, 28
14, 180, 54
14, 182, 23
14, 182, 24
14, 182, 26
14, 185, 18
14, 202, 10
14, 204, 6
14, 205, 10
14, 219, 18
14, 219, 26
14, 220, 2
14, 222, 14
14, 227, 12
14, 231, 44
14, 233, 6
14, 241, 13
14, 242, 33
14, 244, 13
14, 244, 17
14, 250, 21
14, 259, 22
14, 260, 15
14, 263, 3
14, 264, 10
14, 268, 31
14, 272, 15
14, 286, 50
14, 289, 48
14, 297, 57
14, 313, 49
14, 314, 25
14, 316, 33
14, 319, 46
14, 319, 57
14, 320, 41
14, 330, 56
14, 336, 43
14, 337, 19
14, 338, 40
14, 341, 27
14, 341, 34
14, 351, 44
14, 354, 43
14, 360, 28
14, 372, 19
14, 376, 47
14, 382, 41
14, 388, 51
14, 397, 45
14, 398, 29
14, 403, 23
14, 410, 40
14, 416, 33
14, 420, 20
14, 420, 24
14, 421, 26
14, 423, 29
14, 433, 28
14, 433, 35
14, 442, 38
14, 444, 20
14, 474, 46
14, 477, 51
14, 481, 60
14, 484, 48
14, 492, 14
14, 502, 8
14, 502, 50
14, 510, 42
14, 510, 56
14, 516, 21
14, 516, 43
14, 524, 1
14, 532, 18
14, 537, 19
14, 539, 9
14, 544, 41
14, 547, 25
14, 552, 3
14, 553, 15
14, 555, 5
14, 556, 22
14, 561, 17
14, 590, 27
14, 591, 44
14, 594, 10
14, 598, 29
14, 598, 57
14, 599, 31
14, 601, 19
14, 608, 14
14, 609, 21
14, 611, 49
14, 621, 13
14, 624, 24
14, 625, 46
14, 627, 40
14, 633, 49
14, 636, 2
14, 636, 45
14, 641, 51
14, 654, 12
14, 659, 48
14, 674, 15
14, 677, 15
14, 677, 20
14, 678, 12
14, 685, 33
14, 689, 1
14, 692, 8
14, 697, 20
14, 706, 19
14, 708, 26
14, 710, 31
14, 716, 49
14, 720, 28
14, 721, 26
14, 728, 6
14, 735, 17
14, 746, 5
14, 746, 13
14, 746, 41
14, 751, 17
14, 751, 49
14, 752, 24
14, 753, 15
14, 753, 27
14, 756, 13
14, 757, 45
14, 774, 50
14, 775, 43
14, 778, 8
14, 780, 27
14, 781, 42
14, 784, 46
14, 789, 56
14, 790, 3
14, 790, 29
14, 792, 44
14, 796, 25
15, 1, 21
15, 2, 49
15, 7, 12
15, 8, 37
15, 12, 58
15, 19, 13
15, 20, 25
15, 22, 29
15, 24, 8
15, 26, 50
15, 28, 7
15, 29, 33
15, 29, 45
15, 31, 23
15, 31, 48
15, 34, 11
15, 44, 38
15, 46, 53
15, 52, 19
15, 57, 25
15, 63, 51
15, 72, 5
15, 77, 39
15, 86, 34
15, 88, 30
15, 91, 16
15, 92, 25
15, 93, 14
15, 94, 36
15, 94, 52
15, 98, 13
15, 98, 26
15, 100, 14
15, 100, 58
15, 100, 61
15, 104, 18
15, 115, 24
15, 117, 29
15, 123, 44
15, 125, 40
15, 127, 54
15, 131, 42
15, 138, 22
15, 140, 20
15, 145, 11
15, 154, 45
15, 155, 1
15, 157, 46
15, 161, 49
15, 162, 51
15, 165, 2
15, 165, 37
15, 171, 49
15, 174, 36
15, 184, 28
15, 186, 12
15, 193, 33
15, 194, 51
15, 203, 32
15, 206, 7
15, 209, 12
15, 209, 55
15, 210, 6
15, 211, 42
15, 216, 4
15, 217, 45
15, 220, 41
15, 223, 8
15, 223, 48
15, 224, 50
15, 229, 39
15, 234, 21
15, 235, 23
15, 243, 8
15, 243, 58
15, 249, 11
15, 252, 23
15, 255, 27
15, 256, 25
15, 258, 43
15, 260, 18
15, 261, 49
15, 265, 13
15, 271, 3
15, 272, 42
15, 279, 17
15, 281, 19
15, 283, 44
15, 287, 38
15, 289, 48
15, 293, 26
15, 294, 7
15, 294, 30
15, 300, 40
15, 316, 22
15, 319, 29
15, 321, 38
15, 325, 61
15, 328, 53
15, 330, 33
15, 334, 37
15, 336, 14
15, 342, 52
15, 346, 34
15, 356, 52
15, 361, 24
15, 363, 28
15, 372, 30
15, 385, 14
15, 385, 46
15, 393, 32
15, 400, 35
15, 419, 53
15, 420, 54
15, 422, 49
15, 425, 49
15, 427, 41
15, 434, 20
15, 440, 25
15, 447, 36
15, 452, 42
15, 455, 27
15, 457, 44
15, 467, 51
15, 476, 52
15, 479, 18
15, 484, 54
15, 487, 43
15, 491, 36
15, 492, 48
15, 493, 21
15, 494, 30
15, 499, 5
15, 509, 13
15, 509, 34
15, 512, 26
15, 517, 45
15, 521, 40
15, 523, 58
15, 524, 50
15, 535, 38
15, 536, 12
15, 539, 16
15, 539, 42
15, 547, 39
15, 550, 53
15, 556, 14
15, 558, 49
15, 560, 1
15, 562, 35
15, 562, 47
15, 569, 4
15, 570, 43
15, 583, 29
15, 585, 8
15, 588, 30
15, 591, 17
15, 592, 37
15, 601, 23
15, 613, 2
15, 613, 36
15, 622, 22
15, 622, 33
15, 627, 27
15, 629, 28
15, 634, 39
15, 636, 48
15, 644, 7
15, 644, 33
15, 646, 21
15, 647, 50
15, 648, 5
15, 648, 34
15, 655, 17
15, 659, 41
15, 665, 3
15, 665, 36
15, 667, 53
15, 669, 40
15, 670, 34
15, 680, 42
15, 686, 13
15, 686, 20
15, 686, 51
15, 687, 48
15, 697, 11
15, 720, 2
15, 721, 38
15, 722, 4
15, 733, 18
15, 735, 52
15, 740, 6
15, 741, 8
15, 742, 26
15, 745, 44
15, 746, 58
15, 747, 17
15, 751, 30
15, 754, 53
15, 758, 5
15, 766, 54
15, 768, 43
15, 778, 48
15, 779, 37
15, 781, 39
15, 782, 16
15, 787, 35
15, 792, 22
15, 793, 58
15, 795, 34
15, 796, 29
16, 3, 19
16, 6, 51
16, 8, 42
16, 9, 8
16, 10, 6
16, 11, 2
16, 24, 33
16, 29, 43
16, 31, 25
16, 32, 54
16, 42, 3
16, 45, 40
16, 47, 23
16, 49, 41
16, 57, 28
16, 57, 32
16, 63, 11
16, 65, 9
16, 66, 39
16, 70, 15
16, 74, 30
16, 83, 27
16, 85, 42
16, 88, 20
16, 92, 38
16, 94, 35
16, 97, 2
16, 103, 29
16, 104, 15
16, 105, 8
16, 105, 45
16, 111, 26
16, 112, 32
16, 113, 14
16, 113, 56
16, 116, 5
16, 124, 16
16, 131, 53
16, 133, 47
16, 136, 40
16, 136, 46
16, 141, 55
16, 142, 28
16, 144, 10
16, 147, 50
16, 153, 17
16, 153, 18
16, 153, 26
16, 162, 13
16, 166, 15
16, 169, 37
16, 169, 39
16, 171, 21
16, 171, 33
16, 174, 2
16, 175, 3
16, 179, 14
16, 182, 47
16, 186, 1
16, 186, 34
16, 188, 12
16, 188, 30
16, 192, 9
16, 197, 46
16, 198, 31
16, 199, 19
16, 199, 57
16, 200, 4
16, 201, 58
16, 202, 42
16, 207, 36
16, 208, 26
16, 210, 17
16, 217, 29
16, 217, 56
16, 218, 12
16, 221, 33
16, 222, 53
16, 226, 38
16, 227, 20
16, 227, 54
16, 235, 25
16, 240, 3
16, 255, 51
16, 263, 11
16, 264, 44
16, 265, 59
16, 269, 24
16, 271, 13
16, 273, 8
16, 275, 56
16, 281, 41
16, 283, 1
16, 283, 55
16, 286, 52
16, 288, 45
16, 301, 39
16, 302, 32
16, 303, 40
16, 309, 59
16, 310, 42
16, 321, 37
16, 322, 28
16, 325, 18
16, 330, 16
16, 332, 23
16, 347, 22
16, 351, 27
16, 354, 51
16, 363, 34
16, 366, 13
16, 368, 54
16, 370, 43
16, 371, 50
16, 373, 45
16, 379, 26
16, 389, 35
16, 389, 44
16, 389, 53
16, 403, 21
16, 406, 58
16, 407, 17
16, 409, 45
16, 414, 32
16, 420, 15
16, 427, 42
16, 433, 30
16, 448, 57
16, 450, 36
16, 455, 54
16, 459, 29
16, 463, 23
16, 463, 52
16, 465, 38
16, 465, 39
16, 469, 14
16, 469, 40
16, 471, 57
16, 473, 47
16, 478, 54
16, 487, 19
16, 496, 25
16, 502, 55
16, 506, 12
16, 508, 6
16, 508, 53
16, 511, 52
16, 517, 10
16, 519, 30
16, 522, 4
16, 527, 46
16, 531, 37
16, 533, 41
16, 536, 9
16, 536, 51
16, 539, 13
16, 560, 5
16, 561, 59
16, 566, 20
16, 567, 2
16, 568, 43
16, 570, 58
16, 571, 57
16, 572, 22
16, 572, 54
16, 573, 20
16, 591, 11
16, 592, 50
16, 593, 27
16, 595, 22
16, 596, 18
16, 600, 16
16, 601, 24
16, 604, 5
16, 604, 19
16, 607, 13
16, 611, 41
16, 612, 25
16, 628, 45
16, 629, 30
16, 635, 23
16, 638, 29
16, 639, 8
16, 642, 33
16, 643, 55
16, 647, 47
16, 653, 15
16, 653, 26
16, 654, 10
16, 657, 6
16, 664, 3
16, 675, 19
16, 680, 9
16, 683, 17
16, 683, 57
16, 684, 2
16, 692, 19
16, 692, 51
16, 694, 4
16, 696, 35
16, 696, 43
16, 697, 19
16, 703, 32
16, 713, 19
16, 716, 38
16, 720, 24
16, 727, 13
16, 729, 17
16, 731, 39
16, 733, 34
16, 736, 25
16, 738, 41
16, 745, 36
16, 748, 53
16, 750, 51
16, 757, 4
16, 757, 50
16, 769, 10
16, 772, 1
16, 792, 5
16, 792, 11
17, 3, 49
17, 5, 10
17, 7, 19
17, 15, 57
17, 16, 29
17, 16, 38
17, 20, 22
17, 21, 13
17, 22, 16
17, 25, 42
17, 27, 5
17, 33, 18
17, 34, 20
17, 44, 26
17, 49, 57
17, 52, 9
17, 57, 48
17, 65, 48
17, 71, 4
17, 76, 13
17, 78, 25
17, 79, 34
17, 80, 33
17, 86, 2
17, 93, 55
17, 94, 11
17, 94, 24
17, 95, 45
17, 103, 5
17, 106, 43
17, 121, 50
17, 128, 22
17, 129, 30
17, 133, 10
17, 133, 27
17, 145, 23
17, 151, 46
17, 154, 44
17, 161, 29
17, 167, 21
17, 168, 10
17, 179, 19
17, 186, 38
17, 199, 51
17, 202, 16
17, 202, 36
17, 203, 26
17, 222, 42
17, 223, 20
17, 228, 27
17, 232, 31
17, 233, 7
17, 233, 10
17, 234, 55
17, 236, 37
17, 238, 57
17, 239, 7
17, 252, 17
17, 253, 3
17, 258, 34
17, 261, 45
17, 264, 11
17, 269, 13
17, 273, 30
17, 273, 60
17, 274, 36
17, 275, 38
17, 279, 18
17, 289, 11
17, 292, 22
17, 293, 39
17, 299, 4
17, 299, 25
17, 306, 43
17, 309, 49
17, 314, 48
17, 336, 26
17, 341, 21
17, 341, 56
17, 346, 56
17, 349, 55
17, 349, 60
17, 351, 34
17, 373, 24
17, 375, 20
17, 379, 33
17, 380, 28
17, 382, 43
17, 383, 29
17, 388, 51
17, 408, 16
17, 414, 29
17, 433, 39
17, 436, 25
17, 436, 53
17, 438, 25
17, 440, 38
17, 449, 31
17, 456, 30
17, 470, 48
17, 477, 54
17, 491, 50
17, 497, 19
17, 501, 37
17, 501, 44
17, 509, 23
17, 509, 57
17, 512, 22
17, 518, 33
17, 520, 27
17, 522, 44
17, 523, 39
17, 529, 49
17, 530, 2
17, 530, 26
17, 533, 60
17, 534, 10
17, 535, 17
17, 539, 36
17, 545, 9
17, 547, 21
17, 549, 44
17, 550, 33
17, 554, 18
17, 556, 3
17, 556, 42
17, 557, 13
17, 557, 16
17, 563, 39
17, 564, 45
17, 572, 44
17, 579, 10
17, 579, 55
17, 585, 4
17, 585, 43
17, 587, 46
17, 594, 29
17, 595, 48
17, 598, 25
17, 602, 49
17, 604, 30
17, 604, 56
17, 606, 7
17, 607, 21
17, 610, 30
17, 613, 39
17, 615, 20
17, 615, 42
17, 621, 27
17, 621, 30
17, 621, 60
17, 622, 17
17, 624, 49
17, 641, 56
17, 642, 38
17, 642, 54
17, 649, 45
17, 652, 24
17, 661, 11
17, 663, 54
17, 665, 5
17, 675, 53
17, 677, 26
17, 677, 27
17, 700, 5
17, 706, 51
17, 709, 28
17, 717, 2
17, 717, 10
17, 719, 21
17, 721, 7
17, 722, 23
17, 724, 39
17, 726, 57
17, 728, 59
17, 733, 46
17, 739, 36
17, 748, 9
17, 750, 28
17, 750, 53
17, 751, 42
17, 761, 25
17, 763, 22
17, 763, 44
17, 768, 24
17, 775, 13
17, 785, 53
17, 789, 39
17, 789, 55
17, 791, 3
17, 792, 33
17, 793, 50
17, 795, 5
18, 3, 37
18, 17, 46
18, 19, 1
18, 24, 9
18, 26, 56
18, 27, 24
18, 27, 51
18, 30, 52
18, 31, 2
18, 43, 23
18, 46, 35
18, 52, 3
18, 53, 39
18, 60, 1
18, 61, 34
18, 65, 6
18, 65, 12
18, 68, 26
18, 71, 15
18, 75, 32
18, 81, 58
18, 82, 30
18, 86, 12
18, 87, 44
18, 90, 33
18, 92, 16
18, 94, 35
18, 102, 50
18, 111, 15
18, 111, 47
18, 114, 3
18, 118, 29
18, 124, 13
18, 126, 4
18, 130, 33
18, 141, 19
18, 144, 8
18, 155, 1
18, 156, 31
18, 156, 45
18, 156, 55
18, 158, 25
18, 161, 24
18, 164, 14
18, 170, 61
18, 171, 27
18, 175, 9
18, 175, 43
18, 176, 34
18, 182, 51
18, 183, 11
18, 202, 2
18, 204, 41
18, 208, 13
18, 219, 27
18, 221, 55
18, 222, 46
18, 250, 4
18, 253, 16
18, 254, 1
18, 259, 30
18, 261, 57
18, 266, 29
18, 269, 8
18, 274, 22
18, 279, 60
18, 281, 12
18, 281, 48
18, 282, 23
18, 287, 31
18, 291, 6
18, 292, 21
18, 294, 45
18, 297, 46
18, 297, 56
18, 298, 37
18, 322, 15
18, 327, 35
18, 329, 33
18, 338, 40
18, 338, 43
18, 339, 47
18, 347, 34
18, 348, 31
18, 351, 26
18, 352, 58
18, 354, 39
18, 355, 32
18, 357, 50
18, 363, 52
18, 365, 25
18, 367, 19
18, 372, 44
18, 372, 60
18, 373, 27
18, 394, 43
18, 397, 29
18, 404, 46
18, 405, 40
18, 408, 55
18, 410, 45
18, 413, 50
18, 414, 24
18, 435, 41
18, 442, 35
18, 446, 26
18, 451, 27
18, 473, 21
18, 481, 51
18, 483, 22
18, 484, 28
18, 487, 47
18, 500, 58
18, 501, 48
18, 503, 13
18, 505, 30
18, 509, 32
18, 511, 8
18, 511, 14
18, 513, 4
18, 513, 10
18, 516, 19
18, 517, 1
18, 528, 11
18, 530, 34
18, 530, 52
18, 536, 7
18, 537, 12
18, 541, 57
18, 544, 29
18, 554, 2
18, 560, 26
18, 562, 60
18, 564, 7
18, 567, 19
18, 571, 40
18, 572, 56
18, 578, 16
18, 579, 31
18, 581, 37
18, 581, 52
18, 583, 11
18, 587, 38
18, 597, 7
18, 598, 35
18, 603, 46
18, 604, 23
18, 616, 21
18, 617, 57
18, 619, 60
18, 625, 9
18, 627, 44
18, 631, 9
18, 637, 26
18, 657, 41
18, 660, 24
18, 660, 45
18, 664, 51
18, 665, 21
18, 670, 15
18, 676, 61
18, 677, 28
18, 687, 27
18, 687, 34
18, 688, 41
18, 702, 12
18, 710, 10
18, 716, 1
18, 718, 33
18, 721, 48
18, 723, 43
18, 727, 19
18, 728, 55
18, 733, 11
18, 735, 56
18, 739, 25
18, 742, 2
18, 748, 47
18, 757, 14
18, 763, 29
18, 765, 57
18, 767, 26
18, 772, 35
18, 777, 28
18, 778, 56
18, 779, 37
18, 785, 50
18, 791, 7
18, 794, 39
18, 795, 13
19, 1, 55
19, 3, 11
19, 14, 36
19, 19, 10
19, 23, 1
19, 26, 57
19, 31, 13
19, 40, 12
19, 42, 36
19, 53, 24
19, 58, 48
19, 59, 15
19, 60, 32
19, 62, 21
19, 66, 7
19, 72, 16
19, 74, 7
19, 74, 58
19, 87, 50
19, 93, 56
19, 99, 22
19, 100, 17
19, 105, 1
19, 107, 46
19, 108, 14
19, 112, 47
19, 114, 4
19, 121, 31
19, 122, 44
19, 138, 5
19, 162, 49
19, 168, 11
19, 175, 38
19, 179, 41
19, 186, 38
19, 194, 18
19, 206, 43
19, 211, 25
19, 213, 15
19, 215, 13
19, 217, 54
19, 223, 58
19, 225, 11
19, 226, 4
19, 230, 27
19, 230, 32
19, 248, 35
19, 248, 50
19, 249, 25
19, 249, 46
19, 251, 48
19, 253, 16
19, 266, 33
19, 268, 6
19, 268, 31
19, 270, 7
19, 274, 57
19, 278, 21
19, 278, 46
19, 282, 4
19, 289, 1
19, 292, 12
19, 297, 36
19, 303, 30
19, 308, 6
19, 311, 55
19, 314, 5
19, 318, 44
19, 320, 22
19, 331, 56
19, 335, 48
19, 337, 45
19, 339, 22
19, 349, 30
19, 367, 36
19, 370, 54
19, 380, 47
19, 382, 50
19, 387, 41
19, 388, 37
19, 388, 58
19, 391, 18
19, 392, 50
19, 396, 33
19, 410, 49
19, 414, 24
19, 414, 33
19, 449, 39
19, 449, 58
19, 459, 35
19, 463, 36
19, 463, 46
19, 472, 14
19, 502, 31
19, 503, 25
19, 507, 17
19, 508, 48
19, 516, 6
19, 516, 25
19, 520, 13
19, 526, 27
19, 532, 7
19, 537, 35
19, 537, 43
19, 541, 41
19, 546, 15
19, 548, 33
19, 550, 58
19, 553, 22
19, 553, 57
19, 564, 32
19, 569, 50
19, 574, 6
19, 575, 21
19, 576, 18
19, 576, 30
19, 576, 38
19, 582, 56
19, 585, 16
19, 585, 45
19, 587, 31
19, 588, 1
19, 588, 12
19, 589, 6
19, 590, 55
19, 594, 54
19, 608, 1
19, 619, 38
19, 621, 48
19, 623, 30
19, 627, 4
19, 627, 41
19, 639, 15
19, 644, 50
19, 645, 15
19, 646, 14
19, 652, 58
19, 657, 50
19, 661, 7
19, 664, 31
19, 665, 18
19, 666, 60
19, 673, 14
19, 674, 39
19, 690, 35
19, 696, 5
19, 699, 17
19, 700, 36
19, 704, 57
19, 715, 31
19, 721, 13
19, 726, 12
19, 733, 16
19, 737, 33
19, 738, 37
19, 742, 6
19, 742, 41
19, 747, 35
19, 753, 22
19, 756, 54
19, 758, 33
19, 759, 50
19, 762, 1
19, 778, 1
19, 788, 55
19, 794, 18
19, 795, 13
19, 799, 30
