1, 3, 29
1, 7, 31
1, 7, 35
1, 16, 5
1, 16, 6
1, 16, 52
1, 19, 54
1, 22, 15
1, 22, 21
1, 26, 12
1, 26, 26
1, 27, 8
1, 32, 5
1, 42, 49
1, 44, 48
1, 48, 9
1, 51, 27
1, 56, 46
1, 56, 59
1, 57, 30
1, 59, 4
1, 62, 39
1, 63, 41
1, 64, 49
1, 65, 13
1, 66, 4
1, 66, 45
1, 69, 52
1, 70, 19
1, 70, 53
1, 71, 27
1, 74, 18
1, 75, 20
1, 80, 34
1, 82, 23
1, 83, 3
1, 84, 24
1, 92, 22
1, 92, 25
1, 92, 51
1, 94, 1
1, 98, 16
1, 100, 44
1, 101, 6
1, 104, 11
1, 105, 31
1, 108, 30
1, 109, 6
1, 111, 29
1, 115, 36
1, 119, 2
1, 119, 35
1, 120, 47
1, 124, 1
1, 128, 40
1, 128, 51
1, 131, 7
1, 135, 39
1, 137, 14
1, 137, 30
1, 141, 28
1, 146, 19
1, 147, 42
1, 148, 10
1, 153, 48
1, 154, 38
1, 158, 8
1, 158, 42
1, 162, 4
1, 163, 5
1, 170, 47
1, 172, 23
1, 175, 53
1, 176, 58
1, 184, 39
1, 186, 49
1, 191, 17
1, 193, 31
1, 200, 41
1, 203, 31
1, 204, 43
1, 206, 33
1, 208, 18
1, 208, 57
1, 225, 9
1, 226, 29
1, 227, 46
1, 230, 21
1, 230, 41
1, 235, 6
1, 237, 39
1, 242, 27
1, 243, 46
1, 245, 26
1, 247, 12
1, 247, 20
1, 257, 48
1, 259, 19
1, 259, 24
1, 261, 2
1, 268, 3
1, 270, 42
1, 272, 7
1, 272, 25
1, 272, 28
1, 275, 38
1, 282, 45
1, 287, 58
1, 288, 33
1, 289, 11
1, 291, 10
1, 291, 37
1, 293, 15
1, 294, 5
1, 294, 25
1, 295, 22
1, 296, 52
1, 298, 40
1, 299, 30
1, 302, 16
1, 303, 8
1, 303, 46
1, 307, 11
1, 308, 27
1, 310, 2
1, 311, 51
1, 313, 4
1, 313, 35
1, 313, 52
1, 316, 26
1, 317, 50
1, 318, 31
1, 323, 13
1, 323, 34
1, 324, 44
1, 328, 23
1, 331, 41
1, 335, 1
1, 336, 43
1, 340, 9
1, 342, 29
1, 345, 1
1, 349, 18
1, 351, 17
1, 352, 54
1, 354, 17
1, 355, 29
1, 355, 36
1, 358, 47
1, 359, 24
1, 366, 21
1, 376, 48
1, 380, 14
1, 381, 28
1, 381, 39
1, 390, 37
1, 391, 6
1, 393, 42
1, 397, 45
1, 404, 58
1, 405, 6
1, 408, 38
1, 409, 44
1, 409, 54
1, 411, 20
1, 412, 12
1, 413, 40
1, 415, 14
1, 417, 33
1, 418, 23
1, 421, 4
1, 422, 8
1, 429, 53
1, 434, 30
1, 434, 49
1, 436, 25
1, 437, 41
1, 438, 15
1, 440, 10
1, 440, 19
1, 444, 32
1, 446, 57
1, 452, 13
1, 453, 22
1, 458, 43
1, 460, 26
1, 461, 11
1, 461, 32
1, 462, 16
1, 464, 19
1, 464, 35
1, 464, 58
1, 466, 39
1, 468, 2
1, 468, 22
1, 470, 24
1, 471, 46
1, 474, 26
1, 479, 34
1, 482, 3
1, 482, 31
1, 486, 29
1, 489, 7
1, 490, 50
1, 491, 9
1, 494, 34
1, 497, 13
1, 497, 18
1, 498, 47
1, 499, 6
1, 501, 1
1, 502, 4
1, 502, 12
1, 505, 5
1, 505, 17
1, 506, 28
1, 507, 52
1, 514, 47
1, 514, 52
1, 516, 25
1, 518, 42
1, 519, 25
1, 530, 21
1, 530, 58
1, 534, 37
1, 535, 15
1, 535, 20
1, 537, 27
1, 538, 36
1, 539, 52
1, 540, 35
1, 542, 21
1, 544, 33
1, 544, 37
1, 547, 44
1, 548, 2
1, 552, 40
1, 557, 30
1, 557, 43
1, 559, 41
1, 561, 38
1, 564, 19
1, 568, 23
1, 571, 5
1, 571, 59
1, 572, 48
1, 574, 6
1, 583, 28
1, 583, 36
1, 583, 45
1, 584, 24
1, 588, 8
1, 588, 10
1, 589, 14
1, 592, 18
1, 595, 32
1, 598, 49
1, 600, 46
1, 602, 17
1, 603, 16
1, 609, 12
1, 615, 9
1, 616, 29
1, 619, 54
1, 622, 11
1, 624, 22
1, 628, 3
1, 628, 19
1, 629, 7
1, 631, 31
1, 632, 9
1, 633, 26
1, 637, 1
1, 637, 52
1, 646, 50
1, 647, 15
1, 648, 40
1, 650, 34
1, 652, 21
1, 655, 7
1, 656, 24
1, 658, 11
1, 661, 13
1, 661, 27
1, 662, 47
1, 664, 50
1, 665, 17
1, 670, 47
1, 672, 39
1, 676, 2
1, 680, 28
1, 681, 52
1, 686, 41
1, 693, 28
1, 696, 17
1, 696, 37
1, 697, 6
1, 697, 31
1, 698, 33
1, 703, 14
1, 706, 32
1, 708, 40
1, 713, 16
1, 713, 35
1, 720, 50
1, 725, 49
1, 732, 4
1, 732, 27
1, 733, 37
1, 735, 10
1, 736, 21
1, 738, 45
1, 740, 18
1, 742, 34
1, 744, 40
1, 745, 3
1, 745, 46
1, 749, 22
1, 754, 20
1, 755, 9
1, 759, 17
1, 762, 8
1, 763, 28
1, 764, 44
1, 765, 15
1, 767, 7
1, 768, 17
1, 770, 10
1, 770, 25
1, 771, 45
1, 775, 22
1, 777, 23
1, 781, 27
1, 781, 49
1, 783, 38
1, 786, 33
1, 789, 6
1, 789, 28
1, 792, 36
1, 797, 15
2, 1, 22
2, 2, 19
2, 3, 38
2, 7, 3
2, 9, 16
2, 12, 9
2, 14, 21
2, 14, 55
2, 15, 2
2, 22, 4
2, 23, 6
2, 31, 40
2, 31, 50
2, 34, 51
2, 35, 5
2, 41, 13
2, 41, 29
2, 42, 17
2, 42, 41
2, 42, 45
2, 44, 23
2, 49, 17
2, 49, 18
2, 49, 24
2, 52, 23
2, 54, 26
2, 56, 47
2, 57, 20
2, 59, 30
2, 60, 14
2, 61, 1
2, 64, 21
2, 70, 15
2, 73, 44
2, 74, 9
2, 75, 34
2, 76, 44
2, 76, 51
2, 81, 22
2, 83, 32
2, 83, 41
2, 83, 48
2, 86, 49
2, 93, 35
2, 95, 45
2, 99, 46
2, 107, 52
2, 108, 19
2, 110, 8
2, 110, 20
2, 111, 40
2, 113, 31
2, 115, 33
2, 116, 37
2, 118, 18
2, 118, 45
2, 120, 54
2, 121, 7
2, 125, 37
2, 126, 10
2, 128, 44
2, 132, 27
2, 132, 31
2, 133, 4
2, 133, 35
2, 136, 50
2, 139, 11
2, 143, 58
2, 145, 47
2, 151, 57
2, 154, 43
2, 155, 6
2, 155, 16
2, 158, 39
2, 163, 38
2, 164, 39
2, 165, 19
2, 165, 22
2, 165, 42
2, 166, 48
2, 169, 5
2, 170, 13
2, 170, 24
2, 171, 17
2, 173, 32
2, 176, 28
2, 178, 35
2, 181, 25
2, 182, 12
2, 182, 29
2, 182, 53
2, 183, 24
2, 184, 36
2, 188, 17
2, 188, 36
2, 189, 30
2, 189, 53
2, 190, 8
2, 191, 3
2, 194, 1
2, 201, 55
2, 206, 3
2, 208, 13
2, 213, 2
2, 214, 4
2, 214, 56
2, 217, 52
2, 219, 45
2, 220, 29
2, 222, 9
2, 228, 47
2, 231, 34
2, 232, 13
2, 237, 45
2, 242, 40
2, 244, 21
2, 246, 46
2, 247, 23
2, 249, 18
2, 250, 23
2, 252, 18
2, 252, 49
2, 255, 10
2, 258, 43
2, 261, 57
2, 262, 29
2, 262, 54
2, 263, 13
2, 266, 29
2, 267, 9
2, 267, 41
2, 269, 44
2, 269, 46
2, 273, 49
2, 274, 33
2, 274, 51
2, 275, 20
2, 275, 44
2, 276, 28
2, 282, 17
2, 282, 18
2, 282, 37
2, 283, 26
2, 284, 2
2, 284, 31
2, 287, 11
2, 287, 34
2, 288, 27
2, 288, 42
2, 299, 7
2, 305, 20
2, 307, 26
2, 307, 47
2, 316, 21
2, 319, 7
2, 320, 6
2, 320, 15
2, 320, 32
2, 321, 25
2, 327, 14
2, 328, 4
2, 328, 5
2, 328, 17
2, 331, 48
2, 342, 35
2, 343, 19
2, 344, 50
2, 345, 36
2, 347, 10
2, 351, 11
2, 352, 5
2, 352, 30
2, 356, 32
2, 358, 16
2, 359, 58
2, 362, 12
2, 364, 3
2, 364, 31
2, 365, 39
2, 367, 29
2, 372, 6
2, 376, 18
2, 383, 10
2, 384, 39
2, 385, 51
2, 386, 17
2, 386, 54
2, 387, 23
2, 387, 55
2, 388, 38
2, 390, 8
2, 394, 26
2, 394, 33
2, 397, 37
2, 398, 11
2, 401, 9
2, 402, 9
2, 402, 14
2, 403, 24
2, 405, 27
2, 406, 38
2, 408, 40
2, 408, 45
2, 409, 13
2, 411, 17
2, 418, 15
2, 420, 41
2, 421, 4
2, 427, 5
2, 427, 25
2, 428, 22
2, 437, 56
2, 440, 15
2, 440, 34
2, 442, 17
2, 444, 52
2, 447, 7
2, 448, 24
2, 449, 43
2, 452, 28
2, 455, 8
2, 455, 51
2, 457, 46
2, 459, 12
2, 459, 32
2, 460, 1
2, 465, 50
2, 466, 33
2, 467, 18
2, 468, 16
2, 469, 49
2, 471, 20
2, 472, 55
2, 473, 21
2, 473, 42
2, 475, 36
2, 476, 13
2, 478, 33
2, 479, 3
2, 480, 6
2, 484, 19
2, 484, 57
2, 486, 12
2, 488, 32
2, 491, 47
2, 501, 45
2, 503, 9
2, 504, 37
2, 507, 35
2, 509, 6
2, 509, 30
2, 511, 14
2, 511, 35
2, 514, 2
2, 514, 44
2, 515, 36
2, 521, 40
2, 523, 29
2, 524, 3
2, 524, 26
2, 525, 44
2, 526, 11
2, 527, 4
2, 528, 24
2, 528, 51
2, 529, 29
2, 530, 15
2, 531, 53
2, 532, 14
2, 532, 42
2, 533, 38
2, 537, 4
2, 540, 20
2, 540, 31
2, 546, 8
2, 546, 15
2, 547, 24
2, 550, 48
2, 553, 9
2, 553, 29
2, 553, 39
2, 555, 17
2, 556, 16
2, 556, 27
2, 559, 10
2, 560, 7
2, 564, 47
2, 566, 20
2, 567, 33
2, 567, 54
2, 568, 49
2, 569, 9
2, 576, 34
2, 580, 18
2, 582, 43
2, 582, 56
2, 584, 19
2, 585, 10
2, 586, 23
2, 589, 5
2, 590, 19
2, 590, 41
2, 590, 43
2, 597, 26
2, 599, 7
2, 599, 41
2, 599, 46
2, 603, 1
2, 604, 40
2, 604, 42
2, 605, 3
2, 606, 2
2, 606, 12
2, 613, 7
2, 615, 11
2, 618, 35
2, 621, 13
2, 623, 53
2, 625, 49
2, 627, 14
2, 627, 20
2, 627, 57
2, 630, 42
2, 633, 45
2, 635, 17
2, 639, 21
2, 641, 13
2, 642, 23
2, 642, 45
2, 647, 24
2, 647, 30
2, 648, 24
2, 656, 31
2, 656, 37
2, 657, 40
2, 660, 8
2, 661, 6
2, 661, 28
2, 661, 55
2, 662, 12
2, 665, 29
2, 665, 46
2, 666, 36
2, 668, 25
2, 669, 15
2, 670, 10
2, 670, 58
2, 671, 32
2, 675, 28
2, 675, 36
2, 678, 6
2, 679, 39
2, 680, 2
2, 683, 18
2, 683, 53
2, 687, 55
2, 687, 56
2, 688, 16
2, 689, 32
2, 691, 14
2, 693, 22
2, 693, 52
2, 693, 54
2, 695, 9
2, 697, 17
2, 699, 44
2, 701, 41
2, 704, 43
2, 705, 31
2, 709, 27
2, 715, 19
2, 715, 41
2, 718, 10
2, 720, 30
2, 721, 35
2, 723, 22
2, 723, 46
2, 729, 50
2, 730, 34
2, 733, 49
2, 734, 4
2, 740, 28
2, 742, 16
2, 742, 23
2, 743, 51
2, 744, 8
2, 745, 26
2, 747, 5
2, 750, 5
2, 753, 20
2, 754, 12
2, 757, 11
2, 757, 37
2, 757, 47
2, 759, 6
2, 761, 11
2, 765, 30
2, 766, 32
2, 768, 30
2, 777, 13
2, 781, 30
2, 787, 45
2, 790, 55
2, 791, 23
2, 792, 52
3, 2, 11
3, 2, 47
3, 10, 29
3, 12, 26
3, 15, 41
3, 16, 39
3, 17, 37
3, 20, 58
3, 23, 16
3, 23, 43
3, 24, 8
3, 25, 33
3, 27, 31
3, 35, 5
3, 40, 8
3, 41, 14
3, 44, 28
3, 48, 28
3, 48, 34
3, 60, 42
3, 63, 30
3, 64, 1
3, 65, 27
3, 69, 25
3, 69, 43
3, 69, 48
3, 70, 53
3, 72, 22
3, 74, 7
3, 74, 47
3, 76, 16
3, 78, 3
3, 90, 2
3, 93, 7
3, 93, 22
3, 93, 45
3, 95, 37
3, 97, 6
3, 100, 27
3, 100, 39
3, 100, 46
3, 102, 38
3, 102, 44
3, 104, 51
3, 106, 49
3, 108, 33
3, 109, 10
3, 111, 45
3, 113, 13
3, 115, 39
3, 123, 3
3, 124, 25
3, 128, 54
3, 132, 25
3, 135, 12
3, 140, 15
3, 140, 29
3, 141, 24
3, 141, 36
3, 146, 1
3, 146, 45
3, 148, 42
3, 149, 19
3, 153, 17
3, 157, 30
3, 160, 23
3, 160, 26
3, 160, 51
3, 163, 29
3, 169, 7
3, 169, 33
3, 172, 12
3, 172, 24
3, 177, 13
3, 179, 31
3, 183, 53
3, 188, 50
3, 189, 2
3, 189, 5
3, 189, 21
3, 189, 34
3, 189, 42
3, 193, 6
3, 195, 27
3, 196, 27
3, 197, 14
3, 197, 20
3, 199, 28
3, 200, 22
3, 202, 48
3, 208, 8
3, 209, 31
3, 215, 52
3, 217, 47
3, 218, 48
3, 219, 11
3, 222, 28
3, 227, 41
3, 229, 10
3, 229, 43
3, 230, 21
3, 230, 25
3, 230, 32
3, 231, 11
3, 232, 57
3, 236, 18
3, 237, 34
3, 238, 26
3, 239, 37
3, 242, 8
3, 242, 30
3, 242, 49
3, 244, 1
3, 246, 3
3, 249, 4
3, 249, 33
3, 250, 31
3, 253, 46
3, 255, 39
3, 257, 3
3, 260, 36
3, 261, 16
3, 262, 34
3, 262, 58
3, 264, 14
3, 267, 27
3, 269, 19
3, 271, 55
3, 276, 23
3, 276, 51
3, 277, 41
3, 279, 1
3, 286, 56
3, 287, 17
3, 288, 40
3, 291, 21
3, 291, 55
3, 292, 53
3, 294, 48
3, 296, 42
3, 298, 17
3, 301, 29
3, 302, 54
3, 303, 37
3, 303, 38
3, 303, 54
3, 305, 39
3, 305, 45
3, 309, 35
3, 311, 40
3, 315, 24
3, 321, 52
3, 322, 33
3, 323, 5
3, 323, 57
3, 328, 9
3, 328, 54
3, 331, 21
3, 331, 38
3, 332, 12
3, 343, 20
3, 344, 10
3, 344, 24
3, 348, 45
3, 350, 7
3, 350, 44
3, 355, 4
3, 356, 56
3, 360, 17
3, 363, 43
3, 364, 49
3, 367, 11
3, 367, 27
3, 371, 11
3, 373, 3
3, 374, 16
3, 375, 51
3, 377, 2
3, 377, 6
3, 382, 18
3, 383, 13
3, 385, 15
3, 388, 30
3, 388, 34
3, 392, 46
3, 393, 50
3, 395, 8
3, 397, 42
3, 402, 32
3, 407, 14
3, 407, 22
3, 409, 3
3, 411, 42
3, 414, 13
3, 415, 11
3, 415, 33
3, 416, 28
3, 421, 31
3, 423, 29
3, 425, 36
3, 426, 26
3, 429, 39
3, 429, 47
3, 429, 50
3, 431, 10
3, 435, 6
3, 436, 13
3, 436, 26
3, 438, 19
3, 440, 40
3, 440, 48
3, 443, 55
3, 447, 53
3, 449, 18
3, 453, 48
3, 456, 23
3, 463, 37
3, 464, 37
3, 464, 41
3, 468, 14
3, 471, 9
3, 471, 11
3, 471, 16
3, 477, 34
3, 478, 20
3, 481, 22
3, 482, 8
3, 487, 3
3, 488, 42
3, 488, 53
3, 489, 17
3, 493, 1
3, 493, 9
3, 493, 25
3, 494, 5
3, 496, 21
3, 497, 5
3, 499, 54
3, 502, 38
3, 505, 35
3, 506, 7
3, 506, 30
3, 507, 29
3, 511, 10
3, 512, 7
3, 512, 15
3, 512, 44
3, 515, 16
3, 515, 24
3, 518, 18
3, 518, 45
3, 520, 23
3, 520, 33
3, 521, 27
3, 521, 43
3, 526, 41
3, 529, 12
3, 531, 16
3, 531, 31
3, 535, 2
3, 537, 26
3, 541, 6
3, 544, 28
3, 547, 4
3, 547, 46
3, 548, 58
3, 549, 52
3, 550, 51
3, 554, 5
3, 557, 49
3, 558, 48
3, 559, 19
3, 565, 11
3, 565, 36
3, 566, 40
3, 567, 33
3, 568, 38
3, 570, 16
3, 573, 47
3, 574, 27
3, 575, 32
3, 576, 40
3, 586, 9
3, 586, 24
3, 586, 39
3, 587, 17
3, 588, 37
3, 591, 54
3, 596, 20
3, 600, 12
3, 601, 8
3, 602, 15
3, 604, 21
3, 611, 16
3, 612, 21
3, 614, 30
3, 616, 8
3, 619, 3
3, 621, 25
3, 622, 1
3, 622, 25
3, 622, 43
3, 624, 3
3, 624, 14
3, 624, 22
3, 624, 49
3, 625, 34
3, 627, 44
3, 627, 48
3, 632, 40
3, 634, 13
3, 637, 32
3, 637, 47
3, 639, 29
3, 648, 27
3, 648, 50
3, 650, 10
3, 653, 55
3, 655, 2
3, 655, 56
3, 656, 46
3, 659, 11
3, 659, 31
3, 669, 20
3, 671, 6
3, 671, 43
3, 674, 26
3, 675, 7
3, 676, 48
3, 679, 41
3, 684, 18
3, 685, 50
3, 686, 23
3, 687, 27
3, 690, 2
3, 691, 17
3, 692, 37
3, 694, 47
3, 695, 2
3, 696, 6
3, 696, 33
3, 697, 26
3, 699, 24
3, 703, 8
3, 703, 58
3, 707, 4
3, 707, 23
3, 707, 45
3, 712, 39
3, 715, 49
3, 718, 39
3, 719, 3
3, 720, 28
3, 721, 36
3, 721, 52
3, 722, 38
3, 723, 12
3, 723, 14
3, 724, 44
3, 727, 5
3, 732, 23
3, 734, 13
3, 737, 39
3, 739, 14
3, 739, 21
3, 742, 18
3, 745, 30
3, 745, 41
3, 746, 29
3, 747, 27
3, 748, 15
3, 748, 20
3, 748, 51
3, 749, 5
3, 750, 30
3, 751, 25
3, 753, 40
3, 756, 8
3, 756, 41
3, 758, 22
3, 758, 28
3, 759, 54
3, 762, 55
3, 766, 6
3, 769, 31
3, 771, 13
3, 771, 28
3, 774, 32
3, 775, 4
3, 776, 9
3, 779, 43
3, 779, 48
3, 780, 57
3, 781, 10
3, 781, 39
3, 782, 16
3, 783, 3
3, 785, 2
3, 789, 1
3, 791, 37
3, 798, 23
4, 14, 16
4, 15, 34
4, 18, 22
4, 20, 32
4, 20, 58
4, 23, 28
4, 27, 1
4, 28, 17
4, 29, 19
4, 30, 36
4, 32, 17
4, 36, 39
4, 37, 16
4, 37, 21
4, 39, 29
4, 40, 10
4, 40, 31
4, 41, 23
4, 41, 42
4, 44, 2
4, 44, 43
4, 47, 46
4, 49, 48
4, 51, 14
4, 53, 49
4, 62, 20
4, 63, 7
4, 67, 12
4, 67, 27
4, 72, 37
4, 73, 8
4, 73, 53
4, 77, 9
4, 78, 32
4, 86, 13
4, 87, 14
4, 88, 29
4, 89, 33
4, 90, 6
4, 92, 42
4, 95, 5
4, 100, 13
4, 100, 44
4, 101, 29
4, 102, 19
4, 104, 31
4, 106, 24
4, 108, 26
4, 112, 7
4, 112, 22
4, 121, 15
4, 121, 18
4, 123, 3
4, 123, 15
4, 128, 10
4, 132, 39
4, 134, 47
4, 140, 55
4, 141, 46
4, 143, 45
4, 146, 35
4, 147, 23
4, 147, 38
4, 148, 1
4, 149, 21
4, 150, 16
4, 150, 23
4, 150, 36
4, 150, 46
4, 155, 58
4, 157, 39
4, 158, 7
4, 163, 42
4, 164, 2
4, 164, 56
4, 165, 24
4, 166, 3
4, 173, 1
4, 173, 6
4, 174, 29
4, 176, 50
4, 177, 43
4, 178, 21
4, 178, 40
4, 179, 8
4, 180, 27
4, 182, 4
4, 182, 13
4, 183, 41
4, 184, 44
4, 187, 28
4, 192, 49
4, 193, 10
4, 194, 51
4, 196, 31
4, 196, 32
4, 197, 29
4, 199, 12
4, 200, 14
4, 204, 35
4, 205, 20
4, 212, 43
4, 213, 37
4, 215, 15
4, 219, 9
4, 225, 31
4, 232, 17
4, 232, 19
4, 232, 38
4, 233, 59
4, 234, 52
4, 238, 5
4, 241, 14
4, 243, 24
4, 244, 9
4, 260, 33
4, 261, 45
4, 264, 48
4, 267, 30
4, 270, 23
4, 272, 18
4, 275, 16
4, 277, 39
4, 280, 18
4, 282, 12
4, 284, 44
4, 285, 20
4, 285, 47
4, 287, 41
4, 291, 42
4, 293, 35
4, 294, 33
4, 297, 40
4, 299, 14
4, 302, 13
4, 304, 1
4, 308, 2
4, 309, 2
4, 310, 24
4, 312, 15
4, 315, 32
4, 315, 36
4, 316, 7
4, 318, 4
4, 318, 49
4, 319, 48
4, 321, 50
4, 323, 47
4, 325, 25
4, 329, 2
4, 329, 18
4, 330, 42
4, 332, 16
4, 332, 22
4, 333, 53
4, 334, 15
4, 334, 17
4, 337, 46
4, 337, 55
4, 339, 7
4, 340, 48
4, 345, 3
4, 346, 45
4, 348, 29
4, 348, 37
4, 352, 49
4, 358, 20
4, 358, 30
4, 360, 10
4, 364, 34
4, 365, 53
4, 366, 38
4, 366, 50
4, 367, 23
4, 367, 56
4, 368, 51
4, 370, 31
4, 371, 16
4, 374, 6
4, 375, 5
4, 375, 30
4, 378, 26
4, 379, 28
4, 379, 41
4, 381, 19
4, 384, 5
4, 384, 47
4, 385, 8
4, 385, 43
4, 391, 23
4, 391, 37
4, 395, 11
4, 396, 28
4, 402, 4
4, 403, 26
4, 410, 21
4, 411, 9
4, 412, 45
4, 415, 8
4, 415, 13
4, 415, 27
4, 416, 5
4, 417, 53
4, 417, 56
4, 419, 43
4, 422, 24
4, 424, 39
4, 425, 10
4, 426, 56
4, 427, 44
4, 430, 40
4, 436, 22
4, 442, 14
4, 442, 17
4, 443, 30
4, 444, 3
4, 444, 35
4, 449, 12
4, 456, 20
4, 462, 13
4, 466, 2
4, 468, 29
4, 469, 26
4, 470, 6
4, 470, 18
4, 473, 32
4, 474, 48
4, 477, 12
4, 477, 47
4, 478, 29
4, 478, 30
4, 481, 28
4, 483, 23
4, 483, 37
4, 484, 52
4, 487, 25
4, 490, 34
4, 491, 44
4, 492, 52
4, 494, 38
4, 495, 31
4, 496, 39
4, 496, 48
4, 496, 49
4, 502, 1
4, 503, 7
4, 503, 19
4, 505, 15
4, 509, 42
4, 516, 53
4, 518, 14
4, 518, 36
4, 520, 2
4, 520, 46
4, 522, 21
4, 522, 58
4, 530, 53
4, 531, 21
4, 533, 15
4, 537, 55
4, 537, 58
4, 542, 4
4, 542, 24
4, 544, 51
4, 548, 13
4, 549, 11
4, 551, 46
4, 554, 20
4, 555, 4
4, 556, 43
4, 557, 39
4, 565, 26
4, 565, 45
4, 566, 7
4, 568, 31
4, 570, 22
4, 574, 8
4, 575, 47
4, 578, 5
4, 579, 10
4, 579, 29
4, 580, 37
4, 581, 37
4, 581, 41
4, 583, 23
4, 583, 34
4, 584, 2
4, 590, 24
4, 591, 16
4, 591, 38
4, 592, 11
4, 592, 30
4, 592, 33
4, 592, 35
4, 594, 41
4, 595, 26
4, 597, 6
4, 599, 50
4, 601, 32
4, 604, 17
4, 604, 42
4, 606, 14
4, 606, 44
4, 607, 20
4, 611, 27
4, 612, 35
4, 618, 29
4, 620, 35
4, 629, 5
4, 629, 31
4, 631, 11
4, 632, 18
4, 634, 10
4, 634, 25
4, 635, 11
4, 639, 5
4, 639, 32
4, 640, 14
4, 642, 8
4, 644, 15
4, 646, 10
4, 652, 36
4, 658, 19
4, 660, 4
4, 662, 42
4, 662, 50
4, 672, 21
4, 674, 48
4, 675, 28
4, 679, 1
4, 680, 17
4, 681, 56
4, 685, 42
4, 686, 6
4, 690, 34
4, 693, 46
4, 694, 26
4, 696, 2
4, 698, 48
4, 701, 1
4, 702, 16
4, 703, 41
4, 707, 43
4, 708, 7
4, 712, 22
4, 712, 38
4, 714, 53
4, 715, 6
4, 717, 20
4, 717, 59
4, 718, 11
4, 719, 32
4, 722, 55
4, 723, 45
4, 724, 30
4, 725, 35
4, 726, 15
4, 728, 2
4, 729, 43
4, 741, 9
4, 741, 32
4, 748, 13
4, 748, 27
4, 748, 52
4, 752, 23
4, 753, 44
4, 758, 29
4, 762, 50
4, 763, 24
4, 772, 21
4, 773, 37
4, 774, 19
4, 775, 28
4, 775, 47
4, 776, 5
4, 780, 47
4, 781, 41
4, 787, 23
4, 787, 48
4, 790, 36
4, 794, 7
4, 794, 25
4, 795, 18
4, 796, 46
4, 799, 31
5, 3, 23
5, 5, 27
5, 5, 48
5, 8, 27
5, 9, 58
5, 11, 7
5, 13, 13
5, 13, 18
5, 13, 22
5, 17, 20
5, 17, 31
5, 17, 41
5, 24, 20
5, 24, 45
5, 28, 9
5, 28, 55
5, 30, 46
5, 31, 35
5, 32, 32
5, 33, 7
5, 33, 51
5, 34, 9
5, 34, 26
5, 39, 3
5, 42, 4
5, 42, 30
5, 45, 38
5, 47, 25
5, 52, 5
5, 53, 51
5, 53, 52
5, 56, 33
5, 61, 17
5, 61, 26
5, 66, 34
5, 67, 40
5, 67, 42
5, 68, 31
5, 73, 2
5, 76, 30
5, 77, 14
5, 78, 27
5, 81, 59
5, 83, 40
5, 84, 8
5, 86, 14
5, 89, 32
5, 89, 42
5, 89, 46
5, 90, 23
5, 91, 7
5, 92, 52
5, 95, 18
5, 100, 12
5, 103, 28
5, 105, 19
5, 105, 37
5, 107, 43
5, 108, 45
5, 109, 13
5, 110, 11
5, 110, 25
5, 111, 9
5, 111, 18
5, 112, 36
5, 117, 30
5, 119, 6
5, 119, 21
5, 119, 41
5, 125, 44
5, 127, 10
5, 128, 26
5, 131, 14
5, 141, 1
5, 141, 22
5, 141, 34
5, 143, 35
5, 146, 7
5, 148, 4
5, 151, 49
5, 156, 20
5, 157, 39
5, 157, 51
5, 159, 8
5, 160, 18
5, 161, 15
5, 163, 33
5, 164, 16
5, 168, 33
5, 174, 37
5, 182, 26
5, 184, 47
5, 188, 15
5, 189, 31
5, 189, 55
5, 191, 51
5, 192, 5
5, 194, 25
5, 194, 34
5, 194, 38
5, 195, 8
5, 197, 16
5, 199, 32
5, 200, 3
5, 201, 53
5, 203, 14
5, 203, 24
5, 204, 2
5, 205, 7
5, 205, 36
5, 210, 31
5, 211, 54
5, 212, 7
5, 215, 5
5, 217, 30
5, 217, 43
5, 218, 26
5, 219, 45
5, 220, 6
5, 222, 49
5, 224, 40
5, 227, 52
5, 230, 12
5, 231, 27
5, 233, 10
5, 235, 9
5, 235, 13
5, 238, 23
5, 240, 46
5, 241, 22
5, 242, 41
5, 244, 48
5, 248, 44
5, 249, 58
5, 250, 41
5, 251, 13
5, 251, 37
5, 252, 8
5, 253, 11
5, 254, 28
5, 255, 39
5, 264, 21
5, 264, 45
5, 265, 28
5, 266, 33
5, 267, 1
5, 269, 38
5, 269, 47
5, 271, 48
5, 272, 21
5, 273, 13
5, 274, 56
5, 275, 12
5, 275, 29
5, 276, 42
5, 277, 24
5, 277, 40
5, 278, 34
5, 280, 4
5, 281, 17
5, 281, 58
5, 285, 54
5, 286, 48
5, 291, 25
5, 293, 21
5, 294, 27
5, 295, 55
5, 297, 19
5, 307, 59
5, 311, 51
5, 312, 16
5, 313, 15
5, 314, 11
5, 318, 32
5, 320, 15
5, 332, 18
5, 332, 38
5, 334, 35
5, 336, 20
5, 336, 41
5, 339, 34
5, 342, 47
5, 344, 53
5, 350, 6
5, 352, 35
5, 355, 14
5, 356, 3
5, 356, 54
5, 359, 39
5, 360, 30
5, 361, 58
5, 362, 20
5, 366, 22
5, 367, 1
5, 367, 5
5, 368, 49
5, 371, 12
5, 376, 36
5, 380, 2
5, 380, 9
5, 381, 19
5, 381, 23
5, 382, 30
5, 382, 52
5, 383, 4
5, 385, 28
5, 385, 44
5, 388, 3
5, 390, 35
5, 392, 4
5, 394, 17
5, 396, 23
5, 398, 45
5, 399, 10
5, 399, 13
5, 400, 7
5, 403, 16
5, 403, 31
5, 403, 51
5, 407, 46
5, 413, 18
5, 413, 43
5, 414, 40
5, 422, 24
5, 429, 2
5, 429, 40
5, 438, 6
5, 438, 35
5, 441, 33
5, 443, 26
5, 445, 5
5, 445, 38
5, 447, 8
5, 448, 29
5, 448, 37
5, 451, 48
5, 452, 51
5, 452, 56
5, 453, 38
5, 458, 21
5, 458, 53
5, 460, 34
5, 463, 10
5, 464, 12
5, 470, 3
5, 470, 36
5, 472, 31
5, 473, 56
5, 476, 24
5, 476, 41
5, 477, 54
5, 479, 6
5, 479, 51
5, 482, 39
5, 485, 11
5, 485, 27
5, 489, 43
5, 490, 12
5, 491, 28
5, 493, 33
5, 494, 15
5, 495, 48
5, 496, 22
5, 496, 28
5, 498, 1
5, 498, 20
5, 502, 14
5, 507, 25
5, 510, 4
5, 512, 1
5, 513, 9
5, 513, 20
5, 516, 40
5, 517, 32
5, 521, 35
5, 523, 47
5, 527, 27
5, 527, 46
5, 528, 17
5, 528, 56
5, 534, 35
5, 536, 7
5, 537, 36
5, 540, 21
5, 540, 23
5, 543, 42
5, 546, 43
5, 548, 45
5, 549, 17
5, 555, 10
5, 555, 30
5, 556, 14
5, 560, 44
5, 561, 37
5, 562, 7
5, 565, 49
5, 571, 18
5, 571, 33
5, 572, 41
5, 577, 31
5, 580, 4
5, 586, 49
5, 590, 52
5, 595, 29
5, 597, 34
5, 598, 20
5, 599, 9
5, 602, 19
5, 606, 48
5, 607, 59
5, 608, 1
5, 613, 19
5, 614, 13
5, 614, 31
5, 615, 23
5, 616, 3
5, 617, 22
5, 618, 39
5, 619, 47
5, 621, 26
5, 622, 17
5, 623, 49
5, 626, 27
5, 630, 18
5, 635, 25
5, 636, 53
5, 638, 26
5, 639, 40
5, 640, 47
5, 642, 38
5, 643, 21
5, 645, 35
5, 646, 16
5, 646, 20
5, 646, 33
5, 648, 8
5, 651, 58
5, 656, 28
5, 656, 37
5, 657, 55
5, 658, 30
5, 663, 25
5, 664, 51
5, 667, 15
5, 667, 47
5, 669, 54
5, 673, 2
5, 673, 6
5, 675, 9
5, 675, 19
5, 678, 27
5, 678, 42
5, 680, 8
5, 682, 18
5, 683, 45
5, 684, 22
5, 686, 6
5, 688, 5
5, 688, 34
5, 691, 19
5, 693, 12
5, 695, 1
5, 697, 41
5, 700, 31
5, 701, 15
5, 702, 32
5, 704, 21
5, 707, 32
5, 713, 1
5, 714, 37
5, 718, 21
5, 721, 20
5, 727, 22
5, 728, 31
5, 728, 33
5, 733, 56
5, 734, 27
5, 735, 12
5, 737, 14
5, 739, 12
5, 744, 59
5, 746, 41
5, 747, 38
5, 747, 52
5, 750, 2
5, 754, 62
5, 757, 29
5, 758, 13
5, 758, 44
5, 758, 47
5, 765, 17
5, 767, 12
5, 767, 21
5, 768, 1
5, 770, 19
5, 773, 35
5, 775, 39
5, 776, 2
5, 776, 19
5, 776, 32
5, 776, 51
5, 781, 26
5, 783, 37
5, 783, 39
5, 783, 51
5, 785, 7
5, 785, 11
5, 785, 44
5, 786, 4
5, 786, 11
5, 786, 31
5, 786, 55
5, 787, 27
5, 791, 49
5, 792, 28
5, 792, 30
5, 793, 38
5, 794, 56
5, 799, 43
6, 2, 22
6, 2, 44
6, 3, 2
6, 4, 33
6, 4, 38
6, 8, 5
6, 8, 41
6, 14, 10
6, 16, 7
6, 17, 24
6, 18, 17
6, 20, 45
6, 24, 1
6, 26, 59
6, 28, 36
6, 34, 43
6, 44, 6
6, 45, 16
6, 45, 57
6, 46, 17
6, 51, 8
6, 53, 51
6, 54, 12
6, 54, 42
6, 63, 13
6, 65, 10
6, 70, 24
6, 70, 29
6, 75, 37
6, 78, 7
6, 79, 25
6, 83, 31
6, 84, 50
6, 87, 41
6, 90, 3
6, 90, 49
6, 97, 21
6, 97, 44
6, 101, 9
6, 101, 38
6, 102, 26
6, 103, 40
6, 110, 54
6, 113, 6
6, 123, 7
6, 123, 58
6, 124, 4
6, 124, 52
6, 126, 9
6, 126, 49
6, 127, 1
6, 128, 33
6, 129, 14
6, 129, 48
6, 131, 24
6, 133, 20
6, 134, 44
6, 137, 18
6, 137, 28
6, 138, 5
6, 138, 22
6, 139, 8
6, 143, 2
6, 143, 45
6, 149, 19
6, 153, 40
6, 153, 51
6, 156, 41
6, 160, 14
6, 163, 43
6, 164, 11
6, 169, 29
6, 169, 57
6, 170, 5
6, 170, 13
6, 170, 59
6, 172, 54
6, 173, 30
6, 174, 7
6, 174, 45
6, 176, 46
6, 178, 3
6, 178, 11
6, 179, 7
6, 180, 36
6, 187, 17
6, 192, 39
6, 193, 28
6, 194, 47
6, 197, 42
6, 200, 31
6, 202, 10
6, 207, 22
6, 211, 35
6, 211, 39
6, 213, 25
6, 214, 53
6, 215, 56
6, 216, 20
6, 218, 33
6, 224, 37
6, 224, 49
6, 227, 32
6, 230, 6
6, 231, 38
6, 232, 27
6, 232, 50
6, 233, 4
6, 233, 23
6, 233, 55
6, 235, 1
6, 236, 21
6, 241, 23
6, 247, 36
6, 250, 20
6, 256, 6
6, 257, 7
6, 260, 26
6, 260, 52
6, 263, 22
6, 263, 24
6, 263, 26
6, 265, 43
6, 267, 44
6, 269, 12
6, 272, 51
6, 273, 9
6, 277, 49
6, 281, 25
6, 283, 26
6, 284, 5
6, 295, 3
6, 297, 12
6, 299, 41
6, 301, 30
6, 303, 18
6, 304, 34
6, 306, 58
6, 307, 14
6, 307, 29
6, 308, 31
6, 309, 37
6, 311, 40
6, 313, 46
6, 320, 19
6, 321, 31
6, 322, 2
6, 323, 59
6, 327, 44
6, 331, 39
6, 331, 47
6, 332, 25
6, 334, 8
6, 334, 29
6, 340, 15
6, 342, 13
6, 343, 16
6, 343, 17
6, 344, 38
6, 346, 28
6, 348, 42
6, 348, 49
6, 349, 10
6, 351, 3
6, 352, 24
6, 353, 51
6, 358, 45
6, 364, 35
6, 371, 11
6, 374, 1
6, 374, 32
6, 374, 45
6, 375, 21
6, 379, 40
6, 381, 33
6, 384, 35
6, 386, 27
6, 388, 26
6, 390, 55
6, 392, 48
6, 394, 16
6, 394, 24
6, 396, 21
6, 396, 52
6, 401, 6
6, 402, 34
6, 402, 43
6, 402, 56
6, 405, 12
6, 408, 48
6, 409, 57
6, 410, 20
6, 412, 15
6, 414, 2
6, 416, 7
6, 420, 19
6, 421, 57
6, 423, 4
6, 423, 7
6, 426, 49
6, 432, 32
6, 434, 7
6, 434, 44
6, 435, 5
6, 440, 46
6, 443, 58
6, 446, 50
6, 447, 9
6, 447, 41
6, 448, 49
6, 450, 25
6, 457, 11
6, 461, 17
6, 464, 13
6, 464, 41
6, 466, 50
6, 467, 54
6, 468, 1
6, 468, 14
6, 468, 18
6, 469, 10
6, 472, 29
6, 474, 11
6, 475, 45
6, 480, 29
6, 480, 31
6, 487, 43
6, 488, 38
6, 489, 22
6, 491, 30
6, 493, 9
6, 495, 27
6, 495, 31
6, 495, 33
6, 495, 43
6, 497, 47
6, 500, 21
6, 502, 3
6, 502, 54
6, 503, 42
6, 504, 20
6, 509, 53
6, 511, 19
6, 511, 23
6, 515, 56
6, 520, 4
6, 521, 44
6, 522, 2
6, 523, 22
6, 523, 39
6, 524, 16
6, 526, 42
6, 529, 33
6, 532, 8
6, 533, 17
6, 535, 26
6, 535, 34
6, 540, 27
6, 547, 13
6, 548, 3
6, 550, 37
6, 551, 58
6, 560, 28
6, 561, 50
6, 562, 6
6, 565, 40
6, 565, 48
6, 566, 49
6, 567, 52
6, 572, 16
6, 575, 51
6, 578, 12
6, 578, 46
6, 580, 8
6, 580, 28
6, 584, 1
6, 587, 36
6, 589, 55
6, 594, 5
6, 595, 15
6, 595, 35
6, 599, 5
6, 600, 8
6, 602, 33
6, 603, 59
6, 608, 18
6, 609, 20
6, 609, 53
6, 612, 55
6, 626, 47
6, 627, 34
6, 629, 25
6, 631, 24
6, 632, 7
6, 632, 18
6, 632, 38
6, 633, 47
6, 635, 22
6, 640, 43
6, 643, 27
6, 649, 14
6, 650, 18
6, 656, 23
6, 656, 40
6, 656, 54
6, 658, 45
6, 659, 26
6, 664, 21
6, 665, 38
6, 667, 9
6, 669, 35
6, 671, 31
6, 675, 10
6, 676, 41
6, 678, 24
6, 680, 11
6, 682, 3
6, 686, 56
6, 689, 28
6, 689, 37
6, 690, 4
6, 692, 2
6, 693, 12
6, 695, 8
6, 700, 13
6, 700, 52
6, 701, 34
6, 702, 50
6, 704, 53
6, 706, 17
6, 706, 36
6, 709, 37
6, 712, 20
6, 714, 16
6, 715, 35
6, 715, 44
6, 718, 4
6, 718, 58
6, 719, 30
6, 719, 33
6, 719, 45
6, 724, 49
6, 726, 59
6, 728, 6
6, 728, 42
6, 730, 18
6, 731, 1
6, 736, 31
6, 736, 50
6, 737, 47
6, 739, 51
6, 740, 3
6, 740, 48
6, 742, 43
6, 742, 47
6, 746, 22
6, 747, 29
6, 750, 38
6, 751, 3
6, 755, 7
6, 762, 18
6, 764, 45
6, 765, 40
6, 768, 15
6, 770, 7
6, 770, 56
6, 778, 14
6, 781, 5
6, 781, 28
6, 782, 13
6, 785, 41
6, 785, 47
6, 788, 38
6, 794, 38
6, 798, 1
7, 2, 19
7, 2, 36
7, 6, 17
7, 7, 20
7, 7, 23
7, 8, 54
7, 9, 15
7, 9, 21
7, 11, 12
7, 11, 26
7, 17, 8
7, 18, 35
7, 18, 53
7, 21, 6
7, 23, 59
7, 30, 2
7, 31, 36
7, 31, 41
7, 33, 13
7, 34, 48
7, 35, 18
7, 42, 20
7, 43, 51
7, 48, 34
7, 48, 42
7, 51, 12
7, 53, 32
7, 54, 26
7, 54, 43
7, 58, 20
7, 59, 38
7, 60, 25
7, 62, 7
7, 62, 43
7, 65, 11
7, 65, 44
7, 65, 50
7, 71, 28
7, 72, 15
7, 73, 49
7, 77, 2
7, 81, 6
7, 82, 45
7, 84, 8
7, 84, 22
7, 86, 21
7, 86, 38
7, 86, 52
7, 87, 26
7, 92, 32
7, 93, 17
7, 96, 57
7, 98, 27
7, 101, 24
7, 101, 58
7, 102, 6
7, 103, 24
7, 104, 1
7, 106, 29
7, 107, 41
7, 111, 13
7, 112, 25
7, 114, 20
7, 115, 31
7, 120, 44
7, 121, 3
7, 126, 37
7, 130, 24
7, 132, 32
7, 133, 35
7, 133, 55
7, 134, 11
7, 134, 18
7, 141, 19
7, 144, 7
7, 145, 30
7, 147, 12
7, 150, 41
7, 151, 34
7, 152, 5
7, 157, 5
7, 161, 53
7, 164, 46
7, 165, 11
7, 168, 23
7, 170, 45
7, 173, 58
7, 174, 51
7, 175, 4
7, 176, 38
7, 177, 13
7, 177, 16
7, 177, 17
7, 180, 36
7, 180, 41
7, 181, 41
7, 185, 31
7, 187, 9
7, 187, 48
7, 190, 6
7, 190, 21
7, 193, 15
7, 197, 5
7, 197, 36
7, 200, 26
7, 204, 18
7, 205, 55
7, 207, 32
7, 208, 10
7, 208, 42
7, 209, 47
7, 211, 33
7, 212, 10
7, 212, 13
7, 214, 19
7, 217, 8
7, 218, 25
7, 219, 34
7, 223, 14
7, 227, 25
7, 229, 49
7, 230, 12
7, 231, 44
7, 232, 43
7, 235, 15
7, 237, 5
7, 239, 20
7, 242, 52
7, 243, 22
7, 246, 17
7, 246, 28
7, 247, 57
7, 249, 6
7, 252, 24
7, 253, 16
7, 254, 22
7, 254, 29
7, 255, 2
7, 255, 9
7, 256, 42
7, 260, 49
7, 260, 59
7, 262, 11
7, 262, 13
7, 266, 30
7, 267, 24
7, 272, 2
7, 275, 37
7, 277, 7
7, 279, 32
7, 280, 14
7, 286, 34
7, 288, 3
7, 289, 8
7, 289, 23
7, 291, 2
7, 296, 37
7, 296, 52
7, 300, 16
7, 301, 39
7, 303, 54
7, 304, 8
7, 305, 7
7, 309, 18
7, 310, 48
7, 311, 12
7, 312, 17
7, 315, 17
7, 315, 54
7, 322, 31
7, 322, 38
7, 324, 39
7, 324, 46
7, 328, 45
7, 332, 50
7, 333, 10
7, 334, 42
7, 334, 55
7, 337, 24
7, 339, 26
7, 339, 27
7, 341, 33
7, 343, 4
7, 345, 38
7, 347, 8
7, 348, 40
7, 350, 3
7, 351, 40
7, 353, 9
7, 355, 31
7, 358, 50
7, 366, 37
7, 366, 44
7, 366, 50
7, 367, 4
7, 367, 16
7, 367, 35
7, 369, 1
7, 373, 53
7, 376, 10
7, 379, 23
7, 382, 1
7, 384, 14
7, 384, 21
7, 385, 27
7, 386, 15
7, 387, 25
7, 387, 47
7, 388, 19
7, 389, 20
7, 389, 41
7, 392, 5
7, 392, 43
7, 400, 11
7, 400, 18
7, 405, 51
7, 415, 2
7, 415, 22
7, 417, 13
7, 421, 49
7, 422, 32
7, 424, 29
7, 425, 51
7, 428, 6
7, 440, 1
7, 442, 2
7, 442, 5
7, 443, 39
7, 444, 5
7, 446, 26
7, 449, 13
7, 450, 8
7, 452, 37
7, 456, 19
7, 458, 36
7, 459, 24
7, 465, 17
7, 466, 7
7, 466, 14
7, 472, 45
7, 472, 49
7, 474, 30
7, 474, 38
7, 474, 42
7, 477, 33
7, 478, 44
7, 481, 33
7, 484, 48
7, 485, 16
7, 485, 40
7, 487, 34
7, 490, 10
7, 490, 52
7, 492, 36
7, 494, 26
7, 495, 2
7, 499, 46
7, 500, 12
7, 504, 4
7, 504, 57
7, 507, 11
7, 508, 37
7, 511, 42
7, 511, 59
7, 514, 12
7, 515, 47
7, 520, 36
7, 524, 4
7, 524, 6
7, 524, 15
7, 526, 28
7, 527, 2
7, 527, 31
7, 530, 4
7, 530, 47
7, 532, 58
7, 533, 55
7, 536, 14
7, 537, 50
7, 539, 22
7, 539, 35
7, 540, 14
7, 542, 9
7, 542, 34
7, 544, 41
7, 544, 51
7, 545, 13
7, 548, 17
7, 549, 24
7, 549, 35
7, 550, 21
7, 556, 29
7, 557, 5
7, 559, 21
7, 560, 23
7, 561, 22
7, 563, 20
7, 563, 34
7, 566, 22
7, 571, 54
7, 572, 18
7, 572, 37
7, 576, 19
7, 578, 53
7, 581, 37
7, 582, 3
7, 582, 56
7, 583, 6
7, 583, 10
7, 583, 13
7, 583, 45
7, 586, 41
7, 587, 9
7, 592, 51
7, 598, 43
7, 599, 47
7, 605, 52
7, 606, 27
7, 606, 38
7, 610, 33
7, 616, 11
7, 620, 44
7, 622, 20
7, 622, 30
7, 623, 49
7, 624, 48
7, 631, 8
7, 635, 2
7, 635, 21
7, 638, 40
7, 639, 1
7, 641, 12
7, 641, 49
7, 642, 2
7, 642, 11
7, 643, 34
7, 645, 32
7, 645, 46
7, 646, 59
7, 649, 16
7, 650, 48
7, 652, 29
7, 654, 7
7, 655, 26
7, 663, 17
7, 664, 33
7, 665, 7
7, 668, 25
7, 669, 28
7, 672, 3
7, 673, 39
7, 674, 50
7, 677, 2
7, 679, 37
7, 682, 49
7, 683, 4
7, 683, 25
7, 684, 3
7, 684, 18
7, 686, 26
7, 686, 30
7, 688, 57
7, 689, 14
7, 689, 29
7, 690, 6
7, 693, 38
7, 694, 42
7, 695, 15
7, 698, 22
7, 698, 37
7, 705, 27
7, 706, 24
7, 707, 50
7, 708, 5
7, 709, 35
7, 712, 3
7, 714, 1
7, 719, 43
7, 720, 19
7, 721, 39
7, 722, 53
7, 725, 47
7, 727, 12
7, 728, 41
7, 730, 52
7, 733, 49
7, 734, 10
7, 734, 26
7, 734, 33
7, 734, 56
7, 736, 51
7, 739, 4
7, 741, 49
7, 743, 20
7, 746, 3
7, 749, 31
7, 753, 22
7, 755, 20
7, 756, 8
7, 758, 33
7, 760, 8
7, 761, 22
7, 770, 6
7, 770, 11
7, 771, 13
7, 774, 34
7, 781, 34
7, 788, 16
7, 790, 52
7, 793, 20
7, 793, 30
7, 793, 52
7, 794, 17
7, 795, 56
7, 797, 14
7, 797, 47
7, 798, 35
7, 799, 1
8, 7, 28
8, 11, 8
8, 11, 24
8, 13, 22
8, 13, 40
8, 17, 37
8, 20, 43
8, 21, 28
8, 23, 46
8, 26, 31
8, 27, 20
8, 28, 34
8, 29, 16
8, 30, 18
8, 32, 7
8, 32, 19
8, 32, 53
8, 39, 3
8, 39, 40
8, 41, 24
8, 41, 46
8, 42, 2
8, 44, 39
8, 47, 5
8, 47, 45
8, 57, 33
8, 62, 11
8, 64, 45
8, 66, 15
8, 70, 53
8, 76, 39
8, 77, 47
8, 79, 4
8, 80, 17
8, 81, 13
8, 85, 58
8, 87, 35
8, 88, 27
8, 93, 4
8, 95, 50
8, 96, 27
8, 100, 5
8, 101, 60
8, 103, 10
8, 108, 38
8, 112, 7
8, 113, 30
8, 113, 45
8, 115, 49
8, 120, 8
8, 120, 42
8, 121, 1
8, 121, 28
8, 125, 6
8, 126, 17
8, 128, 5
8, 130, 16
8, 134, 10
8, 135, 8
8, 138, 2
8, 139, 26
8, 139, 36
8, 144, 2
8, 146, 13
8, 146, 21
8, 148, 3
8, 149, 31
8, 151, 12
8, 151, 32
8, 154, 53
8, 156, 25
8, 158, 57
8, 160, 47
8, 161, 9
8, 161, 11
8, 161, 29
8, 164, 51
8, 165, 8
8, 172, 43
8, 175, 5
8, 178, 45
8, 180, 20
8, 181, 31
8, 182, 18
8, 182, 23
8, 182, 30
8, 188, 60
8, 189, 2
8, 190, 7
8, 195, 40
8, 198, 42
8, 199, 24
8, 200, 20
8, 202, 10
8, 202, 24
8, 209, 36
8, 210, 51
8, 212, 15
8, 218, 44
8, 223, 41
8, 230, 26
8, 231, 39
8, 233, 46
8, 235, 3
8, 238, 19
8, 239, 33
8, 241, 22
8, 242, 27
8, 242, 54
8, 249, 21
8, 254, 6
8, 258, 17
8, 259, 58
8, 260, 18
8, 262, 38
8, 266, 9
8, 280, 13
8, 281, 49
8, 282, 37
8, 282, 49
8, 284, 15
8, 287, 31
8, 289, 15
8, 294, 1
8, 295, 8
8, 297, 14
8, 297, 30
8, 299, 48
8, 300, 56
8, 301, 10
8, 303, 42
8, 304, 11
8, 304, 26
8, 304, 32
8, 305, 1
8, 307, 12
8, 307, 38
8, 309, 47
8, 311, 53
8, 312, 34
8, 312, 45
8, 316, 35
8, 317, 50
8, 318, 41
8, 319, 2
8, 322, 53
8, 326, 16
8, 326, 41
8, 333, 9
8, 336, 16
8, 337, 7
8, 337, 23
8, 338, 4
8, 340, 29
8, 342, 57
8, 344, 40
8, 345, 14
8, 350, 43
8, 351, 5
8, 353, 20
8, 356, 23
8, 357, 21
8, 358, 4
8, 363, 44
8, 371, 36
8, 376, 13
8, 379, 22
8, 381, 20
8, 382, 30
8, 383, 39
8, 384, 3
8, 388, 31
8, 390, 33
8, 390, 51
8, 392, 25
8, 393, 46
8, 396, 3
8, 398, 19
8, 401, 31
8, 404, 36
8, 406, 4
8, 407, 17
8, 408, 35
8, 409, 26
8, 411, 8
8, 412, 11
8, 412, 26
8, 414, 1
8, 417, 37
8, 420, 24
8, 422, 12
8, 422, 28
8, 422, 48
8, 427, 16
8, 429, 32
8, 434, 39
8, 436, 36
8, 437, 38
8, 439, 6
8, 444, 10
8, 444, 35
8, 444, 52
8, 445, 2
8, 446, 58
8, 447, 27
8, 449, 42
8, 450, 43
8, 452, 47
8, 453, 7
8, 455, 7
8, 459, 41
8, 460, 28
8, 463, 45
8, 464, 54
8, 465, 29
8, 476, 21
8, 477, 49
8, 478, 14
8, 482, 18
8, 482, 33
8, 484, 18
8, 486, 13
8, 491, 30
8, 493, 18
8, 500, 40
8, 504, 50
8, 507, 56
8, 517, 23
8, 520, 22
8, 522, 32
8, 525, 53
8, 528, 37
8, 533, 19
8, 535, 9
8, 535, 51
8, 538, 3
8, 541, 1
8, 542, 48
8, 544, 8
8, 553, 42
8, 556, 5
8, 556, 8
8, 556, 20
8, 559, 12
8, 561, 37
8, 564, 7
8, 564, 14
8, 564, 21
8, 566, 26
8, 567, 47
8, 571, 16
8, 578, 37
8, 579, 15
8, 583, 24
8, 583, 28
8, 587, 31
8, 594, 43
8, 595, 2
8, 595, 49
8, 596, 34
8, 598, 39
8, 600, 31
8, 600, 44
8, 601, 19
8, 601, 26
8, 604, 36
8, 606, 45
8, 606, 57
8, 609, 9
8, 609, 56
8, 613, 28
8, 613, 38
8, 616, 4
8, 618, 45
8, 623, 11
8, 623, 25
8, 625, 46
8, 630, 10
8, 630, 29
8, 630, 30
8, 634, 13
8, 635, 6
8, 635, 52
8, 639, 13
8, 639, 54
8, 643, 3
8, 644, 41
8, 645, 40
8, 647, 27
8, 652, 7
8, 652, 22
8, 652, 41
8, 654, 21
8, 655, 17
8, 657, 12
8, 660, 42
8, 663, 20
8, 665, 43
8, 666, 33
8, 669, 51
8, 670, 49
8, 677, 23
8, 678, 18
8, 681, 53
8, 682, 9
8, 685, 22
8, 685, 35
8, 687, 18
8, 687, 21
8, 694, 6
8, 694, 50
8, 697, 24
8, 704, 32
8, 706, 4
8, 708, 25
8, 708, 29
8, 711, 14
8, 718, 3
8, 720, 44
8, 721, 50
8, 722, 13
8, 729, 58
8, 730, 31
8, 731, 8
8, 735, 39
8, 735, 41
8, 736, 4
8, 739, 28
8, 741, 54
8, 743, 25
8, 745, 32
8, 749, 33
8, 750, 53
8, 751, 16
8, 754, 31
8, 756, 58
8, 757, 17
8, 759, 45
8, 761, 20
8, 770, 41
8, 772, 60
8, 773, 44
8, 773, 51
8, 774, 5
8, 776, 12
8, 778, 51
8, 783, 15
8, 784, 19
8, 785, 19
8, 786, 22
8, 788, 32
8, 789, 30
8, 791, 1
8, 792, 49
8, 794, 47
8, 796, 7
8, 796, 31
8, 797, 34
8, 797, 47
8, 798, 2
9, 1, 13
9, 4, 12
9, 6, 21
9, 9, 23
9, 11, 31
9, 11, 51
9, 16, 40
9, 17, 46
9, 19, 45
9, 21, 13
9, 22, 32
9, 23, 16
9, 25, 6
9, 28, 41
9, 33, 36
9, 34, 30
9, 34, 33
9, 34, 51
9, 35, 27
9, 38, 10
9, 44, 54
9, 49, 20
9, 54, 18
9, 54, 24
9, 54, 34
9, 56, 27
9, 61, 39
9, 62, 10
9, 63, 19
9, 64, 42
9, 65, 13
9, 65, 26
9, 70, 12
9, 71, 52
9, 73, 2
9, 73, 15
9, 73, 43
9, 75, 31
9, 75, 36
9, 75, 58
9, 80, 16
9, 88, 9
9, 88, 33
9, 92, 49
9, 96, 20
9, 97, 38
9, 98, 11
9, 98, 23
9, 103, 45
9, 106, 48
9, 108, 40
9, 110, 28
9, 112, 36
9, 113, 6
9, 114, 4
9, 114, 54
9, 115, 25
9, 118, 18
9, 120, 17
9, 122, 41
9, 122, 47
9, 124, 26
9, 124, 46
9, 125, 17
9, 128, 53
9, 130, 23
9, 133, 51
9, 137, 58
9, 138, 44
9, 144, 22
9, 148, 20
9, 148, 31
9, 149, 27
9, 152, 28
9, 152, 29
9, 154, 24
9, 157, 5
9, 160, 48
9, 162, 14
9, 167, 13
9, 168, 2
9, 169, 39
9, 170, 22
9, 174, 1
9, 175, 52
9, 176, 3
9, 178, 24
9, 179, 18
9, 181, 10
9, 181, 13
9, 181, 32
9, 183, 15
9, 189, 9
9, 189, 37
9, 189, 40
9, 189, 55
9, 190, 45
9, 191, 13
9, 195, 17
9, 195, 35
9, 196, 44
9, 200, 50
9, 202, 21
9, 206, 57
9, 210, 27
9, 212, 12
9, 213, 9
9, 214, 1
9, 214, 36
9, 216, 39
9, 218, 12
9, 219, 30
9, 221, 43
9, 222, 34
9, 225, 5
9, 225, 58
9, 230, 35
9, 230, 47
9, 235, 20
9, 236, 8
9, 236, 11
9, 236, 39
9, 240, 23
9, 240, 42
9, 241, 12
9, 241, 16
9, 243, 51
9, 245, 11
9, 246, 30
9, 246, 38
9, 248, 15
9, 248, 33
9, 249, 45
9, 249, 54
9, 252, 10
9, 256, 3
9, 256, 13
9, 257, 48
9, 258, 41
9, 267, 42
9, 269, 8
9, 271, 19
9, 271, 25
9, 273, 1
9, 274, 4
9, 275, 49
9, 279, 33
9, 280, 44
9, 281, 6
9, 283, 29
9, 287, 57
9, 288, 37
9, 289, 6
9, 293, 40
9, 294, 28
9, 294, 31
9, 295, 23
9, 296, 17
9, 297, 24
9, 298, 40
9, 301, 25
9, 303, 46
9, 304, 53
9, 305, 9
9, 305, 26
9, 309, 18
9, 309, 32
9, 312, 52
9, 314, 38
9, 315, 33
9, 322, 14
9, 325, 20
9, 325, 24
9, 325, 29
9, 328, 52
9, 329, 22
9, 332, 2
9, 332, 36
9, 333, 30
9, 333, 47
9, 335, 13
9, 340, 4
9, 344, 10
9, 347, 13
9, 347, 18
9, 351, 43
9, 352, 21
9, 354, 46
9, 354, 57
9, 356, 26
9, 358, 9
9, 358, 27
9, 361, 23
9, 364, 39
9, 366, 15
9, 369, 5
9, 369, 50
9, 371, 11
9, 372, 37
9, 372, 41
9, 373, 6
9, 377, 16
9, 381, 35
9, 381, 58
9, 383, 34
9, 385, 10
9, 385, 17
9, 385, 44
9, 388, 2
9, 390, 20
9, 391, 56
9, 392, 27
9, 395, 55
9, 397, 23
9, 397, 39
9, 399, 56
9, 400, 3
9, 400, 36
9, 402, 1
9, 402, 12
9, 402, 35
9, 404, 16
9, 405, 2
9, 405, 42
9, 408, 31
9, 411, 48
9, 414, 33
9, 414, 45
9, 419, 15
9, 419, 58
9, 422, 49
9, 423, 7
9, 424, 35
9, 425, 43
9, 426, 31
9, 427, 30
9, 428, 12
9, 430, 38
9, 432, 24
9, 437, 17
9, 437, 28
9, 442, 19
9, 448, 29
9, 450, 19
9, 451, 40
9, 452, 14
9, 455, 46
9, 456, 22
9, 456, 34
9, 456, 39
9, 458, 6
9, 459, 33
9, 462, 47
9, 464, 1
9, 466, 27
9, 466, 42
9, 471, 25
9, 474, 49
9, 477, 54
9, 479, 6
9, 479, 13
9, 481, 48
9, 482, 44
9, 483, 51
9, 484, 3
9, 485, 29
9, 490, 36
9, 492, 16
9, 493, 12
9, 502, 7
9, 504, 8
9, 505, 17
9, 509, 53
9, 510, 20
9, 511, 46
9, 513, 22
9, 514, 9
9, 516, 31
9, 517, 53
9, 520, 23
9, 522, 4
9, 523, 26
9, 525, 8
9, 525, 47
9, 526, 18
9, 530, 25
9, 534, 41
9, 535, 37
9, 535, 43
9, 537, 27
9, 541, 29
9, 543, 45
9, 546, 32
9, 548, 26
9, 555, 3
9, 556, 52
9, 559, 42
9, 560, 17
9, 561, 38
9, 563, 58
9, 564, 19
9, 565, 56
9, 571, 6
9, 574, 50
9, 578, 10
9, 578, 28
9, 578, 40
9, 583, 21
9, 584, 25
9, 584, 30
9, 585, 39
9, 586, 57
9, 590, 14
9, 590, 24
9, 590, 50
9, 591, 28
9, 595, 38
9, 596, 33
9, 597, 50
9, 598, 2
9, 598, 7
9, 598, 20
9, 598, 23
9, 600, 58
9, 601, 5
9, 602, 1
9, 605, 11
9, 608, 26
9, 609, 35
9, 612, 8
9, 612, 15
9, 612, 44
9, 613, 22
9, 614, 12
9, 614, 34
9, 616, 3
9, 617, 9
9, 617, 49
9, 619, 22
9, 620, 18
9, 622, 37
9, 623, 34
9, 623, 41
9, 624, 37
9, 626, 10
9, 627, 36
9, 630, 28
9, 640, 13
9, 642, 45
9, 644, 4
9, 644, 23
9, 646, 1
9, 646, 44
9, 650, 17
9, 650, 51
9, 651, 45
9, 662, 11
9, 663, 27
9, 664, 6
9, 664, 25
9, 665, 3
9, 665, 10
9, 667, 46
9, 669, 41
9, 670, 2
9, 670, 16
9, 670, 43
9, 673, 33
9, 673, 55
9, 674, 15
9, 677, 17
9, 679, 21
9, 682, 38
9, 683, 42
9, 683, 57
9, 684, 1
9, 685, 9
9, 686, 32
9, 692, 13
9, 694, 31
9, 697, 53
9, 698, 29
9, 699, 22
9, 701, 48
9, 707, 6
9, 708, 52
9, 711, 51
9, 714, 5
9, 715, 54
9, 716, 8
9, 716, 10
9, 716, 58
9, 717, 20
9, 719, 11
9, 720, 7
9, 723, 15
9, 727, 9
9, 728, 23
9, 730, 16
9, 736, 30
9, 738, 24
9, 743, 4
9, 743, 43
9, 745, 19
9, 747, 20
9, 747, 28
9, 750, 37
9, 757, 45
9, 760, 15
9, 762, 40
9, 762, 54
9, 764, 2
9, 764, 44
9, 765, 5
9, 767, 42
9, 768, 50
9, 772, 34
9, 773, 31
9, 773, 52
9, 775, 42
9, 779, 10
9, 781, 32
9, 782, 38
9, 783, 5
9, 783, 12
9, 783, 29
9, 783, 34
9, 785, 45
9, 787, 36
9, 787, 57
9, 788, 27
9, 789, 1
9, 792, 13
9, 794, 17
9, 794, 28
9, 796, 1
9, 798, 11
9, 798, 16
9, 798, 25
10, 1, 24
10, 8, 53
10, 9, 13
10, 9, 52
10, 11, 3
10, 14, 33
10, 17, 47
10, 18, 20
10, 24, 33
10, 25, 3
10, 28, 58
10, 29, 26
10, 37, 47
10, 38, 9
10, 38, 19
10, 38, 25
10, 41, 55
10, 46, 38
10, 50, 7
10, 50, 43
10, 51, 45
10, 52, 7
10, 52, 39
10, 54, 34
10, 56, 52
10, 59, 37
10, 60, 32
10, 60, 46
10, 61, 30
10, 67, 2
10, 67, 17
10, 67, 18
10, 68, 59
10, 78, 28
10, 78, 36
10, 79, 48
10, 83, 19
10, 88, 2
10, 90, 49
10, 91, 23
10, 96, 20
10, 101, 18
10, 102, 29
10, 107, 5
10, 109, 14
10, 111, 57
10, 113, 21
10, 118, 13
10, 118, 39
10, 124, 15
10, 129, 17
10, 130, 3
10, 132, 24
10, 135, 30
10, 140, 8
10, 141, 9
10, 144, 43
10, 145, 55
10, 146, 26
10, 146, 45
10, 147, 16
10, 147, 33
10, 149, 23
10, 152, 44
10, 153, 42
10, 154, 10
10, 154, 31
10, 157, 20
10, 157, 51
10, 159, 12
10, 160, 4
10, 173, 56
10, 177, 18
10, 177, 47
10, 180, 11
10, 182, 11
10, 186, 44
10, 187, 25
10, 188, 37
10, 192, 7
10, 195, 46
10, 197, 36
10, 198, 12
10, 198, 40
10, 198, 47
10, 201, 1
10, 202, 30
10, 202, 46
10, 206, 10
10, 208, 22
10, 209, 34
10, 212, 5
10, 212, 9
10, 221, 32
10, 221, 38
10, 231, 49
10, 234, 54
10, 236, 35
10, 238, 14
10, 238, 26
10, 238, 58
10, 241, 50
10, 244, 17
10, 247, 21
10, 249, 2
10, 249, 35
10, 249, 38
10, 249, 57
10, 250, 19
10, 252, 57
10, 263, 41
10, 264, 48
10, 265, 24
10, 265, 47
10, 270, 25
10, 270, 52
10, 274, 27
10, 277, 34
10, 278, 2
10, 278, 17
10, 279, 33
10, 281, 24
10, 283, 8
10, 284, 39
10, 287, 20
10, 290, 13
10, 290, 26
10, 290, 56
10, 293, 54
10, 298, 12
10, 301, 36
10, 301, 42
10, 301, 45
10, 310, 10
10, 313, 23
10, 318, 28
10, 320, 16
10, 324, 32
10, 326, 7
10, 329, 43
10, 330, 27
10, 331, 11
10, 331, 18
10, 335, 44
10, 336, 43
10, 339, 37
10, 344, 13
10, 347, 29
10, 349, 18
10, 350, 4
10, 352, 39
10, 353, 10
10, 355, 55
10, 356, 38
10, 357, 6
10, 358, 12
10, 359, 9
10, 361, 43
10, 364, 3
10, 364, 28
10, 367, 1
10, 371, 31
10, 373, 38
10, 375, 30
10, 376, 23
10, 376, 40
10, 376, 46
10, 384, 34
10, 385, 21
10, 388, 19
10, 389, 5
10, 394, 27
10, 398, 25
10, 398, 34
10, 399, 36
10, 400, 25
10, 404, 19
10, 404, 22
10, 404, 50
10, 413, 26
10, 414, 17
10, 414, 51
10, 414, 52
10, 418, 4
10, 418, 56
10, 419, 36
10, 422, 33
10, 423, 11
10, 424, 47
10, 428, 5
10, 433, 42
10, 436, 15
10, 440, 15
10, 442, 20
10, 442, 35
10, 442, 41
10, 443, 45
10, 445, 16
10, 446, 39
10, 447, 53
10, 452, 16
10, 454, 32
10, 456, 2
10, 457, 26
10, 463, 20
10, 466, 14
10, 466, 46
10, 468, 24
10, 469, 6
10, 478, 7
10, 479, 26
10, 480, 29
10, 483, 57
10, 488, 54
10, 489, 21
10, 491, 48
10, 495, 13
10, 496, 10
10, 496, 46
10, 501, 25
10, 502, 19
10, 502, 30
10, 503, 40
10, 504, 18
10, 505, 23
10, 506, 37
10, 509, 43
10, 513, 3
10, 517, 44
10, 522, 44
10, 524, 9
10, 530, 31
10, 532, 1
10, 532, 8
10, 535, 18
10, 537, 47
10, 541, 22
10, 542, 9
10, 542, 16
10, 542, 49
10, 543, 38
10, 550, 12
10, 550, 28
10, 551, 50
10, 551, 53
10, 552, 17
10, 554, 17
10, 556, 33
10, 557, 27
10, 557, 32
10, 558, 24
10, 561, 8
10, 562, 2
10, 564, 52
10, 572, 20
10, 574, 21
10, 574, 26
10, 576, 15
10, 576, 36
10, 577, 39
10, 580, 11
10, 582, 4
10, 604, 41
10, 604, 55
10, 606, 34
10, 609, 29
10, 612, 56
10, 615, 3
10, 615, 51
10, 618, 1
10, 621, 5
10, 624, 17
10, 625, 35
10, 627, 14
10, 628, 10
10, 629, 13
10, 630, 24
10, 631, 19
10, 631, 42
10, 633, 54
10, 634, 30
10, 634, 37
10, 637, 18
10, 637, 45
10, 638, 40
10, 648, 9
10, 653, 46
10, 655, 5
10, 657, 8
10, 659, 7
10, 663, 43
10, 664, 39
10, 667, 53
10, 668, 4
10, 670, 12
10, 670, 23
10, 672, 35
10, 672, 51
10, 675, 14
10, 678, 40
10, 680, 16
10, 681, 3
10, 681, 24
10, 681, 42
10, 683, 18
10, 686, 54
10, 688, 27
10, 690, 25
10, 692, 11
10, 693, 15
10, 699, 44
10, 701, 33
10, 702, 27
10, 703, 6
10, 703, 14
10, 704, 31
10, 706, 28
10, 715, 20
10, 719, 38
10, 721, 17
10, 722, 28
10, 725, 26
10, 733, 31
10, 736, 28
10, 736, 36
10, 739, 24
10, 740, 52
10, 744, 8
10, 747, 13
10, 748, 37
10, 749, 11
10, 756, 41
10, 762, 1
10, 763, 32
10, 767, 25
10, 768, 35
10, 769, 51
10, 771, 5
10, 773, 44
10, 775, 40
10, 775, 57
10, 776, 7
10, 788, 9
10, 789, 4
10, 789, 12
10, 791, 51
10, 795, 13
10, 797, 18
11, 2, 6
11, 2, 23
11, 6, 15
11, 7, 32
11, 8, 40
11, 17, 35
11, 25, 42
11, 27, 17
11, 27, 25
11, 27, 49
11, 30, 6
11, 30, 12
11, 35, 51
11, 36, 43
11, 37, 34
11, 39, 46
11, 40, 46
11, 42, 55
11, 43, 34
11, 45, 57
11, 47, 14
11, 48, 22
11, 52, 19
11, 54, 55
11, 56, 9
11, 59, 3
11, 59, 45
11, 62, 40
11, 62, 57
11, 64, 33
11, 65, 4
11, 68, 4
11, 69, 7
11, 70, 2
11, 71, 10
11, 71, 30
11, 75, 16
11, 78, 8
11, 78, 44
11, 79, 20
11, 84, 52
11, 89, 29
11, 89, 60
11, 90, 2
11, 97, 15
11, 104, 25
11, 107, 49
11, 109, 20
11, 110, 13
11, 110, 44
11, 113, 47
11, 117, 49
11, 121, 34
11, 122, 36
11, 124, 6
11, 126, 48
11, 127, 18
11, 128, 41
11, 132, 41
11, 134, 35
11, 135, 43
11, 138, 5
11, 141, 30
11, 142, 35
11, 143, 17
11, 143, 50
11, 145, 23
11, 145, 54
11, 146, 5
11, 148, 12
11, 149, 25
11, 150, 28
11, 150, 32
11, 154, 17
11, 154, 21
11, 156, 24
11, 159, 40
11, 161, 17
11, 162, 16
11, 163, 6
11, 164, 51
11, 171, 21
11, 174, 38
11, 177, 45
11, 182, 31
11, 184, 33
11, 190, 21
11, 192, 14
11, 192, 30
11, 193, 49
11, 194, 36
11, 194, 55
11, 195, 9
11, 200, 25
11, 202, 20
11, 203, 7
11, 205, 7
11, 206, 34
11, 206, 42
11, 207, 6
11, 207, 48
11, 209, 43
11, 210, 24
11, 212, 10
11, 212, 51
11, 214, 25
11, 214, 37
11, 217, 11
11, 217, 54
11, 219, 53
11, 223, 13
11, 223, 43
11, 225, 29
11, 227, 16
11, 228, 22
11, 230, 19
11, 230, 46
11, 233, 19
11, 235, 12
11, 239, 47
11, 242, 13
11, 242, 42
11, 244, 1
11, 245, 32
11, 251, 18
11, 251, 45
11, 251, 49
11, 253, 57
11, 255, 37
11, 256, 33
11, 258, 26
11, 260, 2
11, 264, 34
11, 268, 24
11, 268, 40
11, 269, 30
11, 271, 16
11, 271, 27
11, 274, 14
11, 275, 22
11, 284, 41
11, 285, 5
11, 285, 10
11, 287, 48
11, 287, 56
11, 290, 11
11, 290, 31
11, 293, 36
11, 296, 4
11, 296, 44
11, 299, 46
11, 300, 38
11, 300, 44
11, 304, 45
11, 305, 15
11, 306, 40
11, 310, 36
11, 312, 28
11, 312, 39
11, 322, 9
11, 324, 55
11, 326, 26
11, 327, 38
11, 328, 6
11, 331, 3
11, 331, 19
11, 331, 29
11, 337, 17
11, 340, 7
11, 341, 32
11, 346, 5
11, 348, 23
11, 349, 2
11, 349, 13
11, 350, 52
11, 353, 48
11, 355, 15
11, 355, 50
11, 358, 43
11, 359, 14
11, 361, 7
11, 362, 41
11, 363, 35
11, 364, 41
11, 365, 12
11, 366, 21
11, 366, 47
11, 371, 5
11, 371, 27
11, 372, 37
11, 373, 20
11, 375, 3
11, 377, 33
11, 377, 46
11, 377, 58
11, 379, 16
11, 379, 38
11, 380, 25
11, 385, 34
11, 388, 42
11, 393, 40
11, 393, 53
11, 394, 12
11, 394, 51
11, 397, 47
11, 400, 33
11, 400, 50
11, 402, 4
11, 402, 45
11, 402, 54
11, 404, 17
11, 405, 28
11, 405, 34
11, 405, 39
11, 406, 13
11, 406, 37
11, 408, 7
11, 411, 49
11, 412, 6
11, 412, 23
11, 412, 27
11, 412, 49
11, 414, 1
11, 415, 26
11, 419, 32
11, 420, 13
11, 420, 51
11, 424, 8
11, 426, 8
11, 426, 30
11, 432, 11
11, 433, 44
11, 434, 20
11, 434, 24
11, 436, 18
11, 436, 36
11, 438, 54
11, 440, 22
11, 446, 10
11, 448, 10
11, 448, 38
11, 451, 8
11, 452, 32
11, 454, 6
11, 454, 46
11, 458, 11
11, 458, 35
11, 461, 9
11, 461, 31
11, 464, 49
11, 468, 56
11, 471, 41
11, 474, 17
11, 475, 28
11, 476, 39
11, 477, 25
11, 478, 3
11, 484, 7
11, 484, 18
11, 485, 29
11, 488, 19
11, 489, 10
11, 490, 39
11, 494, 55
11, 495, 2
11, 495, 27
11, 497, 26
11, 497, 28
11, 499, 12
11, 499, 55
11, 501, 45
11, 505, 16
11, 505, 20
11, 505, 47
11, 507, 28
11, 508, 8
11, 508, 42
11, 510, 15
11, 512, 9
11, 513, 48
11, 521, 4
11, 521, 14
11, 525, 43
11, 530, 5
11, 530, 32
11, 531, 34
11, 535, 29
11, 535, 30
11, 540, 40
11, 542, 23
11, 544, 51
11, 544, 57
11, 545, 46
11, 546, 24
11, 549, 41
11, 549, 51
11, 551, 27
11, 553, 7
11, 554, 56
11, 555, 8
11, 558, 15
11, 561, 44
11, 567, 48
11, 568, 37
11, 568, 52
11, 570, 20
11, 573, 4
11, 573, 16
11, 576, 8
11, 577, 47
11, 580, 50
11, 580, 54
11, 581, 1
11, 581, 33
11, 583, 51
11, 583, 58
11, 584, 17
11, 586, 11
11, 586, 58
11, 596, 6
11, 596, 13
11, 597, 49
11, 597, 53
11, 605, 25
11, 605, 38
11, 607, 31
11, 612, 54
11, 616, 34
11, 623, 57
11, 627, 2
11, 627, 11
11, 627, 36
11, 628, 16
11, 633, 19
11, 634, 3
11, 636, 34
11, 636, 42
11, 644, 20
11, 645, 55
11, 648, 28
11, 648, 36
11, 650, 12
11, 653, 7
11, 658, 6
11, 658, 22
11, 660, 35
11, 661, 14
11, 662, 11
11, 669, 12
11, 669, 29
11, 669, 39
11, 671, 13
11, 673, 10
11, 673, 17
11, 674, 24
11, 675, 29
11, 676, 28
11, 681, 5
11, 685, 29
11, 685, 37
11, 688, 9
11, 690, 46
11, 691, 23
11, 692, 21
11, 694, 16
11, 697, 40
11, 697, 47
11, 701, 57
11, 704, 1
11, 704, 15
11, 704, 56
11, 707, 41
11, 708, 49
11, 709, 47
11, 711, 26
11, 712, 4
11, 713, 20
11, 715, 8
11, 717, 25
11, 722, 32
11, 725, 30
11, 725, 35
11, 727, 5
11, 727, 39
11, 735, 13
11, 736, 2
11, 738, 14
11, 738, 42
11, 740, 10
11, 743, 48
11, 744, 36
11, 745, 32
11, 748, 8
11, 748, 31
11, 751, 6
11, 753, 40
11, 755, 7
11, 755, 51
11, 756, 46
11, 759, 24
11, 759, 28
11, 767, 11
11, 767, 38
11, 768, 15
11, 769, 18
11, 771, 29
11, 772, 22
11, 774, 30
11, 775, 8
11, 778, 29
11, 781, 15
11, 782, 37
11, 783, 6
11, 785, 49
11, 786, 53
11, 788, 12
11, 792, 16
11, 792, 36
11, 799, 37
12, 1, 27
12, 1, 54
12, 4, 47
12, 5, 21
12, 12, 22
12, 14, 45
12, 15, 39
12, 16, 26
12, 17, 44
12, 21, 18
12, 23, 30
12, 27, 52
12, 34, 43
12, 36, 40
12, 38, 10
12, 45, 34
12, 45, 47
12, 47, 31
12, 47, 46
12, 53, 29
12, 53, 32
12, 54, 45
12, 60, 16
12, 62, 4
12, 68, 49
12, 70, 24
12, 76, 2
12, 76, 44
12, 77, 3
12, 77, 55
12, 81, 28
12, 86, 15
12, 88, 36
12, 90, 35
12, 92, 19
12, 93, 15
12, 93, 57
12, 94, 9
12, 96, 27
12, 101, 2
12, 110, 7
12, 110, 13
12, 114, 32
12, 114, 38
12, 118, 26
12, 120, 31
12, 132, 16
12, 137, 45
12, 138, 6
12, 138, 11
12, 138, 24
12, 139, 25
12, 140, 22
12, 141, 12
12, 146, 41
12, 147, 13
12, 150, 46
12, 157, 46
12, 158, 10
12, 158, 17
12, 160, 43
12, 160, 50
12, 162, 51
12, 165, 25
12, 167, 7
12, 167, 52
12, 168, 48
12, 169, 21
12, 169, 34
12, 170, 36
12, 176, 20
12, 178, 39
12, 186, 19
12, 186, 30
12, 186, 54
12, 193, 37
12, 194, 3
12, 194, 13
12, 197, 4
12, 202, 47
12, 203, 1
12, 203, 36
12, 206, 49
12, 208, 40
12, 209, 1
12, 211, 5
12, 213, 14
12, 216, 52
12, 217, 22
12, 224, 8
12, 228, 21
12, 234, 43
12, 237, 2
12, 240, 9
12, 243, 4
12, 244, 15
12, 244, 56
12, 248, 29
12, 249, 28
12, 250, 41
12, 255, 11
12, 256, 41
12, 257, 18
12, 260, 50
12, 261, 26
12, 262, 6
12, 262, 38
12, 264, 5
12, 266, 19
12, 266, 27
12, 267, 38
12, 267, 44
12, 268, 6
12, 269, 19
12, 270, 35
12, 270, 45
12, 274, 18
12, 275, 52
12, 277, 24
12, 280, 5
12, 287, 44
12, 288, 26
12, 290, 20
12, 294, 24
12, 301, 17
12, 304, 25
12, 305, 8
12, 307, 55
12, 309, 16
12, 309, 55
12, 312, 27
12, 312, 42
12, 318, 10
12, 321, 57
12, 322, 1
12, 324, 48
12, 326, 12
12, 329, 26
12, 334, 10
12, 336, 31
12, 340, 3
12, 342, 7
12, 343, 34
12, 343, 37
12, 348, 13
12, 352, 14
12, 353, 58
12, 355, 4
12, 356, 24
12, 356, 28
12, 359, 40
12, 364, 29
12, 364, 46
12, 365, 39
12, 368, 36
12, 368, 47
12, 368, 57
12, 372, 23
12, 373, 54
12, 375, 11
12, 381, 43
12, 387, 21
12, 388, 30
12, 391, 2
12, 391, 41
12, 396, 32
12, 397, 51
12, 402, 15
12, 406, 18
12, 408, 19
12, 408, 51
12, 410, 33
12, 415, 38
12, 417, 9
12, 420, 16
12, 423, 26
12, 424, 36
12, 424, 53
12, 425, 22
12, 425, 29
12, 427, 25
12, 427, 45
12, 428, 13
12, 428, 35
12, 432, 4
12, 436, 5
12, 436, 17
12, 436, 46
12, 439, 6
12, 440, 2
12, 443, 12
12, 443, 30
12, 453, 2
12, 453, 18
12, 454, 48
12, 455, 7
12, 460, 20
12, 468, 24
12, 469, 1
12, 471, 27
12, 472, 52
12, 473, 5
12, 476, 49
12, 482, 39
12, 484, 3
12, 485, 8
12, 485, 34
12, 493, 44
12, 497, 4
12, 500, 35
12, 500, 40
12, 501, 37
12, 504, 44
12, 507, 23
12, 510, 56
12, 511, 50
12, 514, 31
12, 514, 50
12, 516, 28
12, 517, 6
12, 517, 16
12, 518, 41
12, 518, 49
12, 520, 42
12, 520, 55
12, 521, 29
12, 524, 21
12, 530, 10
12, 536, 9
12, 537, 43
12, 538, 11
12, 538, 24
12, 540, 33
12, 545, 47
12, 546, 15
12, 550, 16
12, 550, 45
12, 553, 7
12, 555, 1
12, 555, 7
12, 557, 44
12, 558, 54
12, 559, 4
12, 559, 23
12, 562, 38
12, 562, 50
12, 565, 51
12, 566, 19
12, 568, 12
12, 568, 18
12, 570, 14
12, 573, 26
12, 579, 22
12, 581, 9
12, 582, 17
12, 589, 2
12, 589, 27
12, 590, 19
12, 590, 36
12, 590, 38
12, 591, 30
12, 595, 6
12, 595, 21
12, 596, 32
12, 598, 5
12, 599, 40
12, 602, 8
12, 607, 37
12, 611, 14
12, 611, 19
12, 611, 25
12, 620, 17
12, 620, 24
12, 620, 44
12, 621, 46
12, 626, 39
12, 628, 22
12, 630, 34
12, 631, 48
12, 634, 53
12, 637, 43
12, 640, 27
12, 641, 41
12, 642, 28
12, 645, 50
12, 647, 40
12, 651, 16
12, 653, 17
12, 654, 9
12, 656, 41
12, 657, 42
12, 659, 3
12, 659, 30
12, 659, 55
12, 661, 49
12, 663, 56
12, 667, 33
12, 667, 53
12, 673, 49
12, 675, 35
12, 675, 37
12, 680, 48
12, 683, 15
12, 683, 23
12, 684, 52
12, 687, 28
12, 688, 20
12, 690, 11
12, 692, 52
12, 694, 4
12, 695, 2
12, 695, 4
12, 696, 3
12, 698, 22
12, 700, 45
12, 701, 7
12, 701, 29
12, 704, 32
12, 708, 14
12, 712, 19
12, 713, 12
12, 714, 15
12, 715, 1
12, 721, 39
12, 724, 37
12, 725, 8
12, 729, 27
12, 730, 18
12, 732, 6
12, 735, 51
12, 737, 46
12, 741, 36
12, 743, 17
12, 754, 32
12, 755, 3
12, 758, 44
12, 763, 30
12, 764, 52
12, 765, 56
12, 766, 5
12, 770, 15
12, 776, 29
12, 776, 50
12, 779, 9
12, 780, 2
12, 781, 40
12, 786, 28
12, 787, 29
12, 788, 8
12, 788, 47
12, 790, 43
12, 791, 18
12, 795, 41
13, 1, 57
13, 2, 4
13, 10, 54
13, 12, 35
13, 13, 40
13, 14, 1
13, 15, 19
13, 16, 6
13, 16, 17
13, 19, 46
13, 20, 12
13, 24, 58
13, 26, 7
13, 27, 25
13, 28, 14
13, 33, 27
13, 34, 39
13, 38, 34
13, 39, 16
13, 41, 24
13, 42, 29
13, 45, 45
13, 49, 49
13, 51, 51
13, 54, 26
13, 58, 13
13, 62, 2
13, 62, 32
13, 63, 43
13, 65, 5
13, 68, 28
13, 70, 50
13, 74, 17
13, 76, 30
13, 76, 61
13, 80, 10
13, 84, 19
13, 84, 21
13, 84, 27
13, 87, 45
13, 89, 1
13, 90, 34
13, 95, 18
13, 97, 42
13, 103, 54
13, 109, 39
13, 112, 56
13, 115, 6
13, 115, 44
13, 116, 17
13, 119, 25
13, 119, 37
13, 122, 9
13, 124, 2
13, 124, 6
13, 124, 38
13, 126, 46
13, 129, 46
13, 134, 32
13, 134, 52
13, 135, 10
13, 135, 19
13, 138, 48
13, 143, 35
13, 144, 36
13, 145, 48
13, 146, 26
13, 148, 41
13, 152, 4
13, 158, 22
13, 164, 58
13, 167, 34
13, 170, 7
13, 176, 3
13, 177, 28
13, 179, 53
13, 181, 14
13, 186, 35
13, 186, 38
13, 188, 25
13, 190, 16
13, 192, 3
13, 192, 59
13, 194, 12
13, 197, 37
13, 199, 16
13, 199, 43
13, 201, 9
13, 201, 31
13, 202, 20
13, 206, 11
13, 206, 16
13, 207, 21
13, 212, 5
13, 213, 42
13, 217, 18
13, 217, 27
13, 218, 45
13, 220, 49
13, 224, 32
13, 229, 7
13, 233, 15
13, 235, 45
13, 237, 51
13, 237, 54
13, 238, 38
13, 239, 40
13, 240, 6
13, 240, 56
13, 241, 19
13, 242, 30
13, 243, 27
13, 244, 46
13, 247, 51
13, 250, 39
13, 252, 13
13, 252, 30
13, 252, 33
13, 254, 1
13, 254, 35
13, 256, 13
13, 259, 55
13, 261, 24
13, 265, 8
13, 265, 17
13, 266, 2
13, 266, 33
13, 268, 29
13, 269, 10
13, 272, 57
13, 274, 10
13, 277, 1
13, 279, 8
13, 279, 48
13, 280, 20
13, 281, 28
13, 281, 42
13, 282, 47
13, 282, 53
13, 285, 6
13, 286, 29
13, 287, 14
13, 288, 18
13, 290, 14
13, 291, 13
13, 291, 42
13, 295, 5
13, 301, 43
13, 305, 1
13, 305, 35
13, 309, 25
13, 310, 41
13, 312, 21
13, 313, 7
13, 314, 59
13, 316, 6
13, 318, 50
13, 319, 49
13, 324, 34
13, 326, 3
13, 326, 16
13, 326, 51
13, 328, 44
13, 329, 17
13, 330, 46
13, 332, 26
13, 332, 37
13, 334, 53
13, 336, 11
13, 337, 4
13, 337, 23
13, 346, 52
13, 347, 57
13, 349, 3
13, 349, 27
13, 350, 31
13, 351, 15
13, 353, 48
13, 355, 43
13, 356, 8
13, 357, 12
13, 357, 53
13, 360, 45
13, 362, 4
13, 365, 27
13, 366, 40
13, 367, 9
13, 368, 20
13, 368, 24
13, 369, 28
13, 371, 24
13, 374, 28
13, 375, 22
13, 375, 33
13, 376, 21
13, 379, 30
13, 382, 55
13, 389, 38
13, 390, 8
13, 400, 57
13, 403, 13
13, 406, 18
13, 410, 36
13, 412, 36
13, 412, 39
13, 412, 42
13, 413, 47
13, 416, 50
13, 418, 32
13, 418, 48
13, 422, 16
13, 423, 10
13, 426, 44
13, 427, 2
13, 428, 17
13, 428, 36
13, 433, 23
13, 436, 2
13, 437, 25
13, 438, 42
13, 438, 52
13, 441, 5
13, 444, 7
13, 451, 19
13, 454, 13
13, 455, 38
13, 457, 54
13, 458, 38
13, 458, 51
13, 459, 14
13, 460, 52
13, 464, 48
13, 465, 41
13, 471, 37
13, 471, 40
13, 471, 43
13, 473, 9
13, 475, 4
13, 476, 12
13, 477, 9
13, 479, 24
13, 481, 26
13, 483, 3
13, 486, 31
13, 488, 31
13, 489, 21
13, 491, 33
13, 494, 21
13, 495, 34
13, 496, 15
13, 499, 11
13, 504, 16
13, 504, 58
13, 505, 46
13, 513, 23
13, 513, 46
13, 514, 1
13, 514, 5
13, 514, 29
13, 515, 34
13, 518, 25
13, 519, 34
13, 520, 2
13, 520, 40
13, 523, 5
13, 527, 58
13, 529, 35
13, 529, 49
13, 530, 11
13, 533, 49
13, 539, 2
13, 540, 27
13, 540, 50
13, 544, 18
13, 545, 20
13, 545, 45
13, 547, 53
13, 549, 8
13, 550, 20
13, 550, 22
13, 553, 33
13, 554, 6
13, 555, 32
13, 556, 28
13, 556, 51
13, 559, 19
13, 560, 11
13, 566, 14
13, 567, 16
13, 569, 31
13, 570, 55
13, 573, 43
13, 573, 52
13, 576, 7
13, 579, 25
13, 579, 39
13, 581, 32
13, 581, 42
13, 586, 4
13, 586, 21
13, 589, 48
13, 595, 44
13, 601, 13
13, 601, 40
13, 602, 56
13, 604, 38
13, 606, 3
13, 606, 36
13, 612, 23
13, 612, 41
13, 612, 45
13, 620, 16
13, 620, 22
13, 620, 26
13, 630, 46
13, 633, 54
13, 634, 4
13, 634, 17
13, 636, 10
13, 637, 37
13, 639, 26
13, 642, 20
13, 642, 34
13, 648, 33
13, 649, 21
13, 649, 30
13, 655, 18
13, 664, 10
13, 664, 31
13, 667, 5
13, 675, 59
13, 676, 9
13, 678, 5
13, 684, 29
13, 685, 14
13, 692, 19
13, 693, 34
13, 694, 8
13, 696, 28
13, 699, 26
13, 700, 40
13, 701, 18
13, 702, 1
13, 703, 48
13, 705, 37
13, 707, 57
13, 708, 42
13, 709, 28
13, 710, 58
13, 713, 51
13, 717, 35
13, 718, 4
13, 718, 47
13, 718, 56
13, 720, 18
13, 720, 22
13, 720, 49
13, 721, 12
13, 724, 17
13, 728, 21
13, 730, 43
13, 731, 11
13, 731, 46
13, 733, 39
13, 738, 22
13, 739, 17
13, 739, 44
13, 740, 29
13, 746, 22
13, 747, 32
13, 750, 11
13, 750, 27
13, 750, 52
13, 751, 35
13, 753, 23
13, 754, 8
13, 758, 50
13, 760, 36
13, 762, 46
13, 762, 57
13, 763, 41
13, 767, 20
13, 771, 53
13, 773, 33
13, 773, 43
13, 774, 47
13, 775, 17
13, 776, 57
13, 777, 45
13, 779, 50
13, 779, 54
13, 780, 26
13, 781, 20
13, 781, 48
13, 782, 4
13, 783, 15
13, 796, 7
13, 797, 38
13, 799, 39
14, 1, 40
14, 1, 56
14, 2, 8
14, 2, 30
14, 5, 23
14, 6, 39
14, 7, 20
14, 11, 41
14, 13, 11
14, 14, 45
14, 17, 1
14, 18, 26
14, 18, 54
14, 19, 32
14, 23, 1
14, 24, 43
14, 29, 7
14, 29, 8
14, 29, 17
14, 29, 43
14, 29, 49
14, 30, 5
14, 30, 13
14, 36, 33
14, 38, 6
14, 39, 15
14, 42, 25
14, 42, 31
14, 42, 44
14, 43, 19
14, 43, 45
14, 52, 46
14, 53, 2
14, 54, 17
14, 55, 41
14, 60, 34
14, 64, 29
14, 65, 47
14, 66, 16
14, 68, 25
14, 68, 42
14, 70, 24
14, 70, 48
14, 71, 21
14, 73, 29
14, 74, 56
14, 75, 31
14, 78, 59
14, 79, 19
14, 82, 34
14, 88, 10
14, 91, 8
14, 93, 36
14, 95, 20
14, 95, 51
14, 101, 9
14, 103, 31
14, 104, 31
14, 105, 38
14, 106, 12
14, 107, 40
14, 110, 44
14, 113, 18
14, 113, 42
14, 114, 1
14, 115, 27
14, 116, 20
14, 117, 29
14, 119, 52
14, 122, 11
14, 124, 14
14, 126, 52
14, 127, 7
14, 127, 26
14, 127, 49
14, 132, 33
14, 133, 5
14, 136, 13
14, 137, 1
14, 139, 54
14, 140, 6
14, 145, 57
14, 147, 19
14, 149, 2
14, 149, 27
14, 149, 37
14, 149, 48
14, 151, 15
14, 151, 45
14, 152, 16
14, 153, 47
14, 157, 13
14, 157, 41
14, 164, 32
14, 167, 10
14, 167, 49
14, 168, 4
14, 168, 28
14, 171, 38
14, 178, 30
14, 178, 39
14, 178, 46
14, 179, 52
14, 181, 42
14, 183, 5
14, 183, 30
14, 186, 44
14, 187, 42
14, 188, 6
14, 189, 41
14, 190, 21
14, 192, 23
14, 194, 43
14, 195, 17
14, 196, 11
14, 201, 8
14, 202, 1
14, 203, 9
14, 203, 16
14, 207, 43
14, 207, 50
14, 219, 42
14, 223, 26
14, 225, 12
14, 225, 21
14, 227, 35
14, 227, 42
14, 232, 2
14, 233, 34
14, 236, 18
14, 237, 24
14, 238, 17
14, 238, 52
14, 239, 11
14, 241, 5
14, 241, 40
14, 244, 25
14, 245, 34
14, 246, 2
14, 250, 13
14, 253, 32
14, 254, 45
14, 256, 47
14, 256, 59
14, 261, 10
14, 261, 14
14, 263, 1
14, 263, 13
14, 263, 37
14, 266, 51
14, 268, 49
14, 270, 22
14, 272, 52
14, 277, 16
14, 277, 33
14, 278, 19
14, 278, 43
14, 279, 22
14, 279, 31
14, 280, 20
14, 282, 7
14, 282, 13
14, 284, 1
14, 286, 46
14, 290, 2
14, 297, 32
14, 298, 29
14, 302, 28
14, 306, 9
14, 307, 15
14, 309, 3
14, 311, 8
14, 311, 45
14, 313, 6
14, 313, 44
14, 316, 23
14, 316, 25
14, 317, 29
14, 318, 23
14, 318, 36
14, 319, 2
14, 319, 18
14, 319, 38
14, 323, 26
14, 324, 39
14, 326, 39
14, 327, 27
14, 331, 33
14, 332, 20
14, 341, 9
14, 342, 19
14, 344, 31
14, 347, 18
14, 347, 26
14, 352, 54
14, 353, 37
14, 356, 23
14, 356, 28
14, 356, 59
14, 360, 4
14, 360, 15
14, 361, 35
14, 363, 48
14, 367, 8
14, 368, 56
14, 374, 21
14, 374, 34
14, 375, 14
14, 375, 24
14, 377, 57
14, 378, 7
14, 380, 51
14, 381, 40
14, 384, 1
14, 384, 49
14, 385, 11
14, 388, 29
14, 391, 20
14, 394, 42
14, 396, 21
14, 396, 47
14, 397, 17
14, 397, 49
14, 398, 10
14, 403, 5
14, 406, 50
14, 408, 17
14, 410, 13
14, 414, 43
14, 421, 41
14, 423, 25
14, 423, 54
14, 426, 2
14, 426, 28
14, 429, 12
14, 429, 47
14, 437, 15
14, 438, 22
14, 441, 16
14, 443, 52
14, 444, 45
14, 446, 33
14, 450, 44
14, 451, 46
14, 452, 26
14, 454, 38
14, 456, 3
14, 457, 13
14, 457, 37
14, 458, 18
14, 460, 19
14, 462, 27
14, 464, 23
14, 465, 7
14, 468, 11
14, 469, 14
14, 472, 5
14, 472, 26
14, 473, 6
14, 478, 32
14, 480, 16
14, 483, 30
14, 487, 17
14, 487, 48
14, 491, 19
14, 497, 7
14, 498, 27
14, 505, 3
14, 505, 29
14, 505, 52
14, 506, 1
14, 507, 23
14, 507, 51
14, 510, 39
14, 515, 51
14, 516, 20
14, 517, 9
14, 517, 10
14, 517, 56
14, 518, 14
14, 518, 20
14, 518, 39
14, 519, 2
14, 520, 31
14, 522, 21
14, 523, 42
14, 524, 36
14, 525, 54
14, 526, 34
14, 528, 16
14, 532, 4
14, 532, 8
14, 538, 40
14, 541, 35
14, 542, 30
14, 542, 49
14, 544, 40
14, 551, 42
14, 551, 43
14, 556, 15
14, 557, 11
14, 563, 5
14, 567, 44
14, 567, 45
14, 570, 38
14, 571, 37
14, 572, 3
14, 573, 41
14, 577, 3
14, 578, 41
14, 580, 49
14, 583, 32
14, 585, 24
14, 591, 10
14, 592, 44
14, 593, 12
14, 594, 2
14, 598, 33
14, 599, 23
14, 606, 25
14, 606, 47
14, 607, 22
14, 614, 7
14, 616, 6
14, 616, 32
14, 618, 32
14, 618, 52
14, 619, 18
14, 622, 9
14, 624, 17
14, 626, 36
14, 627, 14
14, 627, 17
14, 628, 22
14, 628, 26
14, 632, 19
14, 637, 57
14, 640, 34
14, 640, 39
14, 641, 29
14, 641, 54
14, 642, 48
14, 646, 33
14, 651, 4
14, 652, 50
14, 654, 9
14, 654, 53
14, 656, 26
14, 656, 42
14, 660, 11
14, 660, 13
14, 661, 7
14, 663, 46
14, 666, 8
14, 668, 13
14, 669, 21
14, 673, 27
14, 681, 4
14, 683, 30
14, 686, 40
14, 687, 44
14, 688, 57
14, 689, 45
14, 690, 25
14, 692, 16
14, 692, 51
14, 694, 25
14, 694, 41
14, 695, 20
14, 696, 4
14, 696, 40
14, 697, 18
14, 700, 46
14, 701, 5
14, 701, 14
14, 703, 6
14, 703, 24
14, 706, 35
14, 706, 49
14, 708, 41
14, 710, 10
14, 711, 43
14, 714, 43
14, 714, 56
14, 715, 3
14, 718, 2
14, 718, 52
14, 719, 35
14, 720, 45
14, 720, 59
14, 722, 23
14, 724, 20
14, 725, 28
14, 727, 47
14, 730, 25
14, 730, 39
14, 731, 15
14, 731, 34
14, 733, 42
14, 736, 39
14, 737, 22
14, 737, 49
14, 742, 17
14, 743, 4
14, 745, 52
14, 746, 44
14, 749, 48
14, 753, 12
14, 753, 40
14, 755, 7
14, 755, 48
14, 755, 54
14, 756, 30
14, 760, 7
14, 766, 16
14, 767, 46
14, 768, 35
14, 769, 1
14, 769, 46
14, 772, 27
14, 773, 40
14, 774, 9
14, 774, 21
14, 779, 17
14, 779, 41
14, 783, 44
14, 786, 26
14, 786, 49
14, 788, 47
14, 789, 32
14, 790, 9
14, 794, 26
14, 794, 30
14, 799, 42
15, 2, 2
15, 7, 16
15, 8, 43
15, 8, 46
15, 13, 53
15, 15, 28
15, 15, 55
15, 16, 5
15, 18, 29
15, 20, 38
15, 21, 31
15, 23, 9
15, 25, 4
15, 25, 28
15, 27, 32
15, 30, 12
15, 34, 26
15, 34, 56
15, 40, 13
15, 47, 6
15, 49, 15
15, 49, 47
15, 50, 45
15, 53, 44
15, 60, 9
15, 60, 16
15, 64, 18
15, 64, 20
15, 64, 51
15, 66, 7
15, 66, 41
15, 69, 52
15, 70, 48
15, 74, 44
15, 77, 11
15, 81, 56
15, 84, 27
15, 84, 58
15, 90, 3
15, 91, 34
15, 91, 54
15, 93, 32
15, 101, 12
15, 101, 39
15, 101, 50
15, 103, 33
15, 103, 41
15, 111, 3
15, 112, 27
15, 120, 25
15, 120, 46
15, 122, 35
15, 124, 48
15, 126, 24
15, 132, 3
15, 133, 41
15, 134, 5
15, 134, 29
15, 134, 30
15, 135, 23
15, 136, 17
15, 139, 31
15, 143, 49
15, 143, 57
15, 145, 32
15, 148, 22
15, 149, 36
15, 155, 19
15, 157, 28
15, 161, 26
15, 163, 28
15, 165, 7
15, 165, 47
15, 168, 13
15, 172, 14
15, 172, 43
15, 173, 8
15, 176, 45
15, 176, 49
15, 179, 25
15, 185, 20
15, 186, 10
15, 188, 4
15, 189, 10
15, 192, 53
15, 198, 12
15, 203, 21
15, 207, 37
15, 211, 37
15, 215, 18
15, 218, 2
15, 222, 11
15, 224, 50
15, 225, 30
15, 225, 46
15, 227, 44
15, 228, 47
15, 228, 54
15, 230, 6
15, 231, 13
15, 231, 51
15, 234, 1
15, 234, 22
15, 236, 4
15, 241, 8
15, 242, 33
15, 245, 21
15, 246, 27
15, 247, 7
15, 250, 16
15, 256, 55
15, 257, 18
15, 257, 34
15, 257, 52
15, 263, 3
15, 268, 5
15, 271, 39
15, 272, 29
15, 272, 56
15, 273, 53
15, 274, 15
15, 280, 38
15, 283, 12
15, 285, 43
15, 286, 16
15, 287, 45
15, 289, 32
15, 290, 57
15, 291, 19
15, 294, 35
15, 298, 13
15, 299, 23
15, 300, 58
15, 301, 51
15, 304, 4
15, 313, 58
15, 318, 14
15, 318, 54
15, 323, 7
15, 323, 36
15, 323, 41
15, 324, 4
15, 325, 47
15, 329, 11
15, 329, 17
15, 332, 36
15, 332, 38
15, 335, 28
15, 337, 55
15, 339, 40
15, 341, 25
15, 344, 42
15, 345, 9
15, 347, 2
15, 347, 18
15, 349, 33
15, 351, 26
15, 352, 12
15, 354, 1
15, 361, 6
15, 366, 44
15, 368, 10
15, 368, 21
15, 371, 11
15, 372, 31
15, 373, 49
15, 374, 30
15, 374, 54
15, 381, 43
15, 387, 52
15, 388, 32
15, 390, 27
15, 390, 48
15, 391, 22
15, 391, 45
15, 392, 24
15, 392, 34
15, 395, 60
15, 397, 46
15, 398, 5
15, 398, 51
15, 401, 16
15, 404, 20
15, 409, 50
15, 411, 27
15, 412, 2
15, 412, 9
15, 414, 19
15, 414, 22
15, 424, 37
15, 429, 17
15, 432, 13
15, 433, 39
15, 434, 23
15, 434, 40
15, 440, 43
15, 442, 3
15, 443, 50
15, 445, 41
15, 447, 18
15, 449, 31
15, 449, 36
15, 450, 28
15, 450, 47
15, 452, 3
15, 454, 29
15, 455, 4
15, 455, 8
15, 457, 22
15, 458, 1
15, 460, 42
15, 463, 35
15, 464, 2
15, 469, 53
15, 470, 14
15, 470, 48
15, 474, 56
15, 475, 34
15, 478, 38
15, 484, 43
15, 486, 20
15, 487, 44
15, 491, 21
15, 497, 19
15, 497, 24
15, 497, 44
15, 498, 45
15, 499, 9
15, 506, 39
15, 507, 16
15, 508, 38
15, 516, 5
15, 517, 25
15, 518, 55
15, 526, 12
15, 527, 16
15, 530, 46
15, 532, 15
15, 533, 33
15, 535, 29
15, 536, 11
15, 541, 7
15, 541, 32
15, 546, 26
15, 548, 52
15, 549, 11
15, 553, 35
15, 554, 54
15, 555, 37
15, 559, 2
15, 561, 26
15, 562, 57
15, 563, 49
15, 564, 37
15, 565, 55
15, 567, 7
15, 569, 28
15, 571, 17
15, 572, 42
15, 573, 22
15, 578, 19
15, 578, 47
15, 580, 58
15, 586, 13
15, 590, 20
15, 592, 12
15, 593, 34
15, 593, 53
15, 594, 40
15, 599, 5
15, 599, 21
15, 601, 13
15, 602, 23
15, 607, 6
15, 607, 18
15, 612, 10
15, 613, 43
15, 615, 26
15, 618, 25
15, 620, 30
15, 620, 47
15, 624, 33
15, 627, 32
15, 627, 36
15, 627, 58
15, 628, 11
15, 630, 45
15, 634, 4
15, 635, 42
15, 637, 3
15, 643, 51
15, 646, 16
15, 646, 53
15, 648, 39
15, 649, 27
15, 649, 44
15, 650, 24
15, 652, 33
15, 654, 5
15, 654, 19
15, 655, 35
15, 656, 22
15, 658, 38
15, 659, 2
15, 659, 23
15, 662, 25
15, 665, 17
15, 666, 9
15, 671, 28
15, 671, 44
15, 673, 30
15, 674, 50
15, 676, 40
15, 678, 31
15, 685, 18
15, 685, 60
15, 687, 29
15, 693, 10
15, 697, 24
15, 697, 47
15, 700, 8
15, 701, 44
15, 707, 54
15, 717, 34
15, 718, 6
15, 720, 22
15, 723, 27
15, 724, 39
15, 728, 7
15, 732, 49
15, 733, 12
15, 736, 42
15, 738, 20
15, 738, 28
15, 741, 29
15, 742, 33
15, 744, 60
15, 746, 10
15, 746, 46
15, 748, 55
15, 750, 53
15, 751, 5
15, 760, 16
15, 760, 20
15, 761, 23
15, 765, 34
15, 765, 36
15, 774, 41
15, 774, 51
15, 780, 55
15, 781, 32
15, 784, 5
15, 785, 7
15, 793, 14
15, 796, 44
15, 799, 35
16, 4, 15
16, 6, 9
16, 6, 26
16, 7, 35
16, 11, 47
16, 12, 8
16, 12, 41
16, 13, 41
16, 13, 48
16, 14, 10
16, 15, 57
16, 20, 6
16, 23, 23
16, 23, 52
16, 26, 5
16, 27, 30
16, 31, 11
16, 32, 14
16, 32, 27
16, 32, 38
16, 41, 35
16, 44, 27
16, 49, 31
16, 53, 25
16, 53, 32
16, 53, 34
16, 57, 20
16, 59, 12
16, 59, 40
16, 62, 22
16, 62, 29
16, 76, 12
16, 78, 36
16, 81, 1
16, 81, 33
16, 84, 43
16, 85, 46
16, 90, 1
16, 90, 5
16, 94, 9
16, 95, 42
16, 97, 18
16, 98, 4
16, 101, 8
16, 103, 9
16, 103, 16
16, 103, 56
16, 104, 51
16, 108, 13
16, 109, 8
16, 109, 19
16, 109, 45
16, 110, 32
16, 114, 23
16, 115, 37
16, 117, 20
16, 118, 42
16, 121, 26
16, 122, 51
16, 126, 44
16, 130, 14
16, 131, 3
16, 132, 42
16, 134, 15
16, 136, 38
16, 139, 7
16, 139, 8
16, 141, 43
16, 150, 22
16, 150, 52
16, 151, 56
16, 152, 52
16, 156, 10
16, 156, 53
16, 157, 36
16, 159, 6
16, 160, 34
16, 160, 47
16, 162, 14
16, 162, 26
16, 164, 37
16, 167, 25
16, 167, 46
16, 170, 35
16, 171, 30
16, 177, 31
16, 180, 50
16, 183, 47
16, 183, 49
16, 187, 27
16, 189, 29
16, 192, 4
16, 192, 24
16, 195, 15
16, 200, 3
16, 200, 9
16, 200, 20
16, 200, 23
16, 201, 11
16, 204, 57
16, 205, 29
16, 209, 13
16, 210, 16
16, 210, 17
16, 210, 57
16, 212, 52
16, 216, 12
16, 217, 39
16, 217, 59
16, 218, 5
16, 223, 41
16, 224, 55
16, 231, 33
16, 232, 41
16, 238, 48
16, 240, 38
16, 242, 41
16, 243, 31
16, 245, 9
16, 247, 16
16, 255, 28
16, 261, 44
16, 262, 16
16, 263, 19
16, 264, 13
16, 265, 25
16, 265, 45
16, 267, 15
16, 269, 11
16, 271, 13
16, 274, 36
16, 275, 14
16, 275, 30
16, 276, 34
16, 277, 32
16, 278, 47
16, 282, 24
16, 282, 40
16, 286, 48
16, 287, 22
16, 288, 40
16, 289, 17
16, 290, 28
16, 293, 6
16, 293, 8
16, 294, 45
16, 297, 45
16, 302, 10
16, 305, 10
16, 308, 51
16, 312, 26
16, 313, 25
16, 313, 54
16, 315, 4
16, 315, 43
16, 316, 3
16, 321, 7
16, 322, 35
16, 323, 1
16, 323, 42
16, 325, 32
16, 325, 50
16, 326, 52
16, 328, 12
16, 329, 1
16, 330, 8
16, 331, 19
16, 331, 46
16, 332, 27
16, 338, 11
16, 339, 53
16, 343, 23
16, 343, 54
16, 344, 22
16, 345, 33
16, 345, 35
16, 349, 29
16, 350, 18
16, 358, 17
16, 362, 40
16, 363, 20
16, 364, 31
16, 365, 29
16, 370, 49
16, 371, 57
16, 372, 13
16, 372, 37
16, 375, 53
16, 377, 5
16, 379, 34
16, 380, 16
16, 381, 4
16, 381, 56
16, 385, 26
16, 390, 9
16, 390, 16
16, 390, 51
16, 393, 3
16, 396, 25
16, 397, 7
16, 398, 4
16, 398, 23
16, 398, 41
16, 399, 39
16, 402, 27
16, 402, 34
16, 409, 6
16, 414, 5
16, 414, 15
16, 416, 13
16, 418, 13
16, 419, 30
16, 420, 32
16, 421, 18
16, 421, 55
16, 424, 33
16, 428, 49
16, 428, 51
16, 431, 2
16, 431, 12
16, 431, 24
16, 431, 28
16, 432, 52
16, 434, 22
16, 434, 36
16, 435, 14
16, 436, 21
16, 438, 57
16, 440, 45
16, 441, 44
16, 448, 19
16, 452, 10
16, 459, 18
16, 460, 38
16, 462, 8
16, 463, 47
16, 463, 48
16, 464, 40
16, 464, 43
16, 465, 15
16, 465, 46
16, 468, 28
16, 477, 1
16, 478, 25
16, 480, 18
16, 481, 17
16, 484, 53
16, 489, 5
16, 489, 39
16, 492, 34
16, 493, 46
16, 494, 1
16, 499, 23
16, 499, 41
16, 500, 56
16, 502, 3
16, 504, 2
16, 504, 38
16, 506, 42
16, 507, 26
16, 512, 29
16, 513, 41
16, 516, 11
16, 519, 22
16, 520, 19
16, 527, 38
16, 528, 13
16, 532, 35
16, 534, 3
16, 535, 9
16, 537, 21
16, 539, 25
16, 543, 1
16, 544, 10
16, 545, 4
16, 552, 51
16, 557, 43
16, 558, 42
16, 562, 1
16, 564, 5
16, 565, 20
16, 569, 9
16, 569, 54
16, 570, 38
16, 572, 24
16, 574, 17
16, 579, 8
16, 580, 55
16, 581, 12
16, 581, 27
16, 581, 31
16, 583, 6
16, 583, 36
16, 583, 39
16, 585, 59
16, 588, 45
16, 589, 31
16, 594, 7
16, 595, 17
16, 595, 41
16, 596, 44
16, 598, 15
16, 603, 50
16, 605, 47
16, 607, 40
16, 608, 14
16, 610, 41
16, 610, 51
16, 612, 2
16, 612, 19
16, 615, 30
16, 617, 27
16, 618, 4
16, 620, 10
16, 623, 22
16, 624, 6
16, 627, 18
16, 634, 46
16, 637, 28
16, 639, 18
16, 640, 45
16, 642, 43
16, 647, 29
16, 648, 2
16, 648, 14
16, 649, 25
16, 650, 42
16, 655, 23
16, 656, 31
16, 658, 35
16, 658, 49
16, 665, 4
16, 665, 29
16, 669, 57
16, 671, 20
16, 673, 13
16, 673, 44
16, 675, 32
16, 676, 34
16, 677, 21
16, 682, 56
16, 683, 38
16, 684, 21
16, 686, 53
16, 687, 48
16, 689, 28
16, 692, 57
16, 695, 4
16, 698, 10
16, 698, 34
16, 707, 48
16, 714, 3
16, 714, 51
16, 715, 27
16, 717, 39
16, 720, 30
16, 723, 28
16, 724, 59
16, 725, 35
16, 725, 39
16, 728, 42
16, 728, 44
16, 730, 47
16, 735, 7
16, 738, 22
16, 739, 1
16, 746, 6
16, 747, 24
16, 747, 33
16, 750, 8
16, 756, 40
16, 757, 17
16, 757, 29
16, 761, 41
16, 763, 43
16, 764, 28
16, 765, 14
16, 765, 41
16, 770, 49
16, 771, 7
16, 774, 23
16, 775, 22
16, 777, 29
16, 782, 48
16, 783, 2
16, 788, 17
16, 791, 53
16, 792, 32
16, 797, 4
17, 2, 15
17, 5, 2
17, 6, 47
17, 7, 46
17, 8, 52
17, 9, 15
17, 9, 32
17, 12, 10
17, 16, 54
17, 17, 26
17, 20, 43
17, 21, 27
17, 23, 16
17, 26, 9
17, 26, 52
17, 30, 24
17, 32, 23
17, 35, 14
17, 36, 13
17, 36, 35
17, 39, 27
17, 42, 3
17, 44, 22
17, 45, 25
17, 47, 49
17, 50, 8
17, 50, 57
17, 51, 51
17, 53, 4
17, 53, 48
17, 55, 12
17, 57, 17
17, 62, 5
17, 68, 36
17, 73, 47
17, 74, 30
17, 74, 49
17, 75, 15
17, 76, 33
17, 81, 44
17, 82, 34
17, 88, 30
17, 93, 19
17, 95, 15
17, 97, 28
17, 98, 27
17, 99, 1
17, 100, 35
17, 101, 28
17, 103, 4
17, 105, 23
17, 105, 57
17, 109, 9
17, 110, 14
17, 111, 17
17, 113, 10
17, 116, 14
17, 121, 32
17, 123, 23
17, 123, 51
17, 128, 38
17, 131, 6
17, 132, 39
17, 133, 37
17, 134, 52
17, 135, 25
17, 135, 36
17, 139, 6
17, 140, 10
17, 143, 5
17, 146, 40
17, 149, 7
17, 152, 27
17, 154, 37
17, 156, 26
17, 159, 24
17, 161, 26
17, 163, 17
17, 163, 29
17, 163, 54
17, 173, 33
17, 175, 2
17, 175, 16
17, 178, 9
17, 179, 8
17, 180, 11
17, 184, 3
17, 185, 6
17, 186, 20
17, 191, 45
17, 191, 57
17, 192, 20
17, 195, 46
17, 198, 17
17, 198, 21
17, 199, 31
17, 205, 30
17, 208, 42
17, 208, 46
17, 209, 37
17, 211, 1
17, 211, 32
17, 211, 35
17, 211, 47
17, 214, 8
17, 217, 12
17, 218, 4
17, 222, 25
17, 225, 1
17, 227, 9
17, 229, 5
17, 229, 36
17, 230, 44
17, 232, 18
17, 233, 45
17, 234, 36
17, 234, 43
17, 236, 3
17, 236, 24
17, 241, 43
17, 244, 48
17, 246, 13
17, 252, 15
17, 256, 26
17, 257, 32
17, 259, 8
17, 265, 19
17, 267, 11
17, 267, 14
17, 271, 51
17, 273, 10
17, 273, 24
17, 275, 47
17, 278, 23
17, 280, 28
17, 281, 35
17, 283, 32
17, 283, 52
17, 284, 34
17, 285, 2
17, 293, 11
17, 299, 6
17, 302, 7
17, 302, 27
17, 305, 30
17, 307, 25
17, 307, 41
17, 309, 28
17, 309, 31
17, 310, 31
17, 311, 32
17, 315, 16
17, 316, 37
17, 316, 40
17, 318, 12
17, 318, 54
17, 319, 45
17, 328, 38
17, 330, 17
17, 331, 20
17, 332, 13
17, 335, 39
17, 339, 24
17, 339, 30
17, 345, 39
17, 345, 49
17, 347, 43
17, 347, 50
17, 351, 57
17, 355, 19
17, 356, 14
17, 361, 15
17, 363, 9
17, 363, 13
17, 363, 33
17, 364, 32
17, 365, 1
17, 366, 35
17, 366, 55
17, 370, 21
17, 370, 29
17, 371, 40
17, 373, 44
17, 375, 3
17, 379, 18
17, 380, 38
17, 382, 5
17, 382, 18
17, 385, 14
17, 385, 22
17, 386, 56
17, 387, 12
17, 390, 42
17, 394, 24
17, 395, 26
17, 396, 8
17, 399, 2
17, 400, 42
17, 401, 17
17, 402, 46
17, 404, 33
17, 408, 33
17, 408, 51
17, 409, 4
17, 412, 48
17, 414, 36
17, 414, 52
17, 419, 10
17, 422, 6
17, 424, 44
17, 425, 28
17, 426, 46
17, 427, 4
17, 431, 20
17, 432, 9
17, 439, 37
17, 440, 16
17, 440, 31
17, 442, 7
17, 450, 10
17, 450, 30
17, 453, 45
17, 455, 40
17, 460, 35
17, 462, 27
17, 465, 39
17, 466, 52
17, 472, 18
17, 473, 13
17, 473, 29
17, 478, 19
17, 478, 57
17, 481, 34
17, 482, 5
17, 485, 26
17, 486, 32
17, 488, 12
17, 489, 11
17, 490, 41
17, 491, 16
17, 492, 25
17, 494, 41
17, 495, 49
17, 497, 56
17, 500, 17
17, 500, 54
17, 507, 13
17, 510, 3
17, 510, 47
17, 510, 49
17, 513, 23
17, 516, 29
17, 516, 37
17, 517, 40
17, 521, 49
17, 523, 43
17, 524, 18
17, 529, 21
17, 530, 8
17, 532, 32
17, 534, 14
17, 535, 47
17, 536, 55
17, 537, 11
17, 538, 30
17, 539, 17
17, 542, 33
17, 546, 6
17, 546, 12
17, 548, 26
17, 549, 2
17, 552, 15
17, 554, 27
17, 561, 38
17, 561, 44
17, 564, 28
17, 565, 22
17, 565, 33
17, 566, 20
17, 570, 24
17, 571, 2
17, 571, 38
17, 576, 4
17, 577, 5
17, 578, 48
17, 579, 12
17, 585, 20
17, 586, 32
17, 587, 43
17, 592, 20
17, 593, 40
17, 594, 51
17, 596, 36
17, 597, 55
17, 598, 46
17, 599, 7
17, 600, 35
17, 603, 9
17, 605, 7
17, 605, 28
17, 605, 45
17, 610, 42
17, 612, 37
17, 614, 16
17, 619, 18
17, 620, 24
17, 622, 45
17, 634, 52
17, 637, 17
17, 638, 54
17, 641, 8
17, 650, 11
17, 651, 37
17, 655, 10
17, 655, 44
17, 659, 3
17, 661, 28
17, 662, 5
17, 664, 54
17, 669, 21
17, 673, 15
17, 674, 19
17, 675, 39
17, 678, 5
17, 680, 25
17, 683, 57
17, 686, 22
17, 688, 47
17, 694, 23
17, 695, 22
17, 695, 48
17, 697, 2
17, 698, 46
17, 700, 56
17, 701, 4
17, 702, 29
17, 703, 49
17, 705, 41
17, 706, 25
17, 706, 38
17, 712, 36
17, 713, 12
17, 721, 7
17, 721, 34
17, 721, 40
17, 724, 2
17, 727, 20
17, 727, 31
17, 728, 13
17, 732, 18
17, 733, 33
17, 738, 12
17, 739, 21
17, 739, 52
17, 741, 55
17, 745, 3
17, 746, 15
17, 748, 30
17, 752, 32
17, 760, 25
17, 763, 36
17, 767, 14
17, 770, 4
17, 770, 8
17, 773, 3
17, 773, 35
17, 775, 37
17, 778, 7
17, 778, 38
17, 780, 17
17, 783, 18
17, 786, 40
17, 789, 9
17, 789, 10
17, 791, 56
17, 793, 24
17, 794, 23
17, 797, 22
17, 798, 6
18, 3, 47
18, 4, 13
18, 5, 26
18, 7, 1
18, 14, 19
18, 15, 9
18, 18, 20
18, 20, 33
18, 23, 16
18, 24, 28
18, 25, 18
18, 29, 25
18, 36, 52
18, 38, 5
18, 41, 42
18, 42, 6
18, 42, 34
18, 46, 41
18, 49, 47
18, 50, 37
18, 52, 35
18, 53, 23
18, 55, 30
18, 56, 50
18, 57, 48
18, 61, 39
18, 67, 14
18, 68, 31
18, 68, 47
18, 68, 51
18, 77, 7
18, 80, 39
18, 82, 17
18, 85, 24
18, 86, 6
18, 92, 26
18, 93, 1
18, 93, 11
18, 95, 38
18, 98, 42
18, 100, 30
18, 100, 56
18, 101, 15
18, 101, 46
18, 103, 3
18, 103, 40
18, 112, 20
18, 112, 28
18, 114, 9
18, 115, 1
18, 116, 47
18, 118, 25
18, 120, 20
18, 121, 22
18, 122, 8
18, 123, 38
18, 124, 44
18, 127, 43
18, 133, 19
18, 133, 51
18, 134, 45
18, 136, 9
18, 136, 33
18, 137, 21
18, 138, 16
18, 140, 56
18, 145, 54
18, 149, 14
18, 150, 49
18, 154, 4
18, 155, 35
18, 159, 35
18, 159, 53
18, 160, 35
18, 165, 19
18, 171, 44
18, 171, 52
18, 172, 29
18, 176, 42
18, 178, 37
18, 179, 15
18, 181, 17
18, 185, 49
18, 186, 9
18, 186, 47
18, 193, 2
18, 195, 20
18, 196, 50
18, 199, 26
18, 199, 48
18, 201, 40
18, 204, 39
18, 205, 13
18, 205, 31
18, 205, 45
18, 208, 30
18, 210, 28
18, 211, 6
18, 213, 59
18, 216, 24
18, 216, 39
18, 217, 34
18, 218, 18
18, 219, 39
18, 219, 56
18, 220, 14
18, 222, 34
18, 224, 23
18, 230, 27
18, 235, 42
18, 236, 15
18, 237, 50
18, 238, 22
18, 239, 55
18, 240, 12
18, 240, 31
18, 246, 25
18, 247, 2
18, 247, 33
18, 247, 57
18, 250, 1
18, 255, 11
18, 262, 16
18, 263, 5
18, 265, 7
18, 265, 45
18, 267, 37
18, 270, 8
18, 273, 38
18, 274, 18
18, 277, 5
18, 277, 32
18, 279, 17
18, 287, 28
18, 288, 29
18, 288, 36
18, 297, 51
18, 298, 23
18, 300, 43
18, 303, 3
18, 305, 22
18, 306, 8
18, 306, 21
18, 307, 13
18, 311, 10
18, 315, 36
18, 324, 26
18, 328, 20
18, 329, 54
18, 333, 26
18, 333, 32
18, 334, 11
18, 334, 49
18, 336, 15
18, 336, 41
18, 338, 9
18, 339, 44
18, 343, 22
18, 344, 14
18, 347, 35
18, 349, 50
18, 351, 31
18, 352, 49
18, 353, 31
18, 357, 24
18, 358, 47
18, 359, 4
18, 360, 30
18, 365, 13
18, 366, 42
18, 369, 4
18, 369, 29
18, 372, 1
18, 373, 40
18, 374, 46
18, 375, 56
18, 377, 26
18, 379, 15
18, 379, 48
18, 384, 34
18, 388, 2
18, 388, 6
18, 393, 16
18, 393, 52
18, 395, 34
18, 403, 39
18, 409, 27
18, 410, 18
18, 413, 22
18, 416, 33
18, 418, 6
18, 418, 27
18, 418, 38
18, 420, 5
18, 421, 19
18, 422, 20
18, 422, 40
18, 427, 7
18, 429, 17
18, 429, 46
18, 430, 48
18, 431, 32
18, 432, 18
18, 432, 51
18, 433, 28
18, 434, 45
18, 439, 5
18, 440, 3
18, 440, 14
18, 441, 25
18, 442, 53
18, 443, 2
18, 448, 15
18, 449, 57
18, 450, 36
18, 451, 30
18, 455, 19
18, 457, 52
18, 460, 53
18, 463, 55
18, 467, 12
18, 468, 37
18, 471, 37
18, 471, 50
18, 474, 23
18, 477, 26
18, 477, 41
18, 478, 1
18, 480, 31
18, 480, 57
18, 487, 21
18, 490, 10
18, 491, 11
18, 491, 13
18, 495, 20
18, 496, 47
18, 497, 32
18, 498, 15
18, 499, 4
18, 510, 43
18, 512, 4
18, 513, 21
18, 514, 8
18, 515, 29
18, 518, 16
18, 518, 45
18, 519, 24
18, 519, 25
18, 521, 24
18, 524, 51
18, 526, 6
18, 527, 29
18, 527, 34
18, 527, 54
18, 530, 59
18, 532, 44
18, 534, 9
18, 535, 4
18, 536, 42
18, 543, 23
18, 545, 33
18, 547, 40
18, 548, 2
18, 551, 33
18, 552, 56
18, 555, 16
18, 555, 49
18, 556, 44
18, 559, 26
18, 559, 35
18, 562, 17
18, 565, 12
18, 576, 13
18, 579, 19
18, 580, 15
18, 580, 17
18, 581, 5
18, 581, 18
18, 583, 1
18, 584, 47
18, 586, 46
18, 587, 7
18, 590, 14
18, 592, 21
18, 592, 25
18, 594, 52
18, 596, 22
18, 596, 36
18, 598, 3
18, 599, 13
18, 606, 24
18, 607, 38
18, 607, 49
18, 608, 29
18, 609, 28
18, 611, 38
18, 614, 31
18, 614, 54
18, 615, 41
18, 616, 15
18, 619, 21
18, 620, 8
18, 620, 27
18, 621, 51
18, 623, 5
18, 623, 39
18, 625, 54
18, 626, 36
18, 628, 7
18, 629, 51
18, 632, 24
18, 632, 53
18, 640, 32
18, 646, 50
18, 647, 20
18, 648, 11
18, 648, 26
18, 650, 9
18, 653, 51
18, 654, 52
18, 660, 32
18, 660, 37
18, 663, 2
18, 667, 28
18, 670, 30
18, 673, 23
18, 679, 4
18, 680, 24
18, 680, 44
18, 683, 13
18, 683, 30
18, 687, 3
18, 687, 6
18, 689, 5
18, 689, 35
18, 700, 9
18, 700, 33
18, 706, 8
18, 707, 19
18, 708, 49
18, 709, 38
18, 710, 37
18, 714, 10
18, 714, 47
18, 716, 7
18, 716, 18
18, 726, 43
18, 727, 57
18, 731, 48
18, 740, 29
18, 745, 12
18, 745, 22
18, 754, 42
18, 756, 20
18, 757, 17
18, 758, 54
18, 759, 3
18, 762, 6
18, 769, 45
18, 770, 24
18, 775, 19
18, 775, 42
18, 777, 33
18, 780, 52
18, 782, 4
18, 784, 51
18, 788, 18
18, 789, 50
18, 790, 14
18, 790, 36
18, 793, 32
18, 793, 51
18, 793, 54
18, 796, 5
18, 797, 56
18, 798, 27
19, 1, 24
19, 2, 37
19, 6, 52
19, 7, 18
19, 7, 29
19, 11, 20
19, 14, 30
19, 16, 34
19, 16, 41
19, 23, 53
19, 28, 23
19, 29, 1
19, 31, 8
19, 33, 31
19, 35, 42
19, 38, 17
19, 39, 25
19, 40, 47
19, 45, 12
19, 49, 9
19, 49, 54
19, 55, 7
19, 58, 51
19, 59, 16
19, 60, 26
19, 64, 36
19, 67, 11
19, 69, 29
19, 70, 43
19, 72, 28
19, 73, 22
19, 73, 35
19, 78, 13
19, 80, 15
19, 80, 55
19, 83, 4
19, 83, 50
19, 86, 11
19, 86, 18
19, 87, 23
19, 98, 4
19, 98, 45
19, 99, 35
19, 100, 5
19, 100, 32
19, 104, 49
19, 106, 31
19, 108, 26
19, 109, 51
19, 110, 33
19, 112, 3
19, 113, 13
19, 117, 24
19, 118, 15
19, 118, 17
19, 122, 2
19, 124, 57
19, 128, 44
19, 130, 37
19, 134, 34
19, 136, 47
19, 138, 34
19, 139, 27
19, 146, 46
19, 146, 50
19, 148, 6
19, 151, 40
19, 152, 19
19, 154, 38
19, 155, 34
19, 156, 20
19, 156, 52
19, 157, 9
19, 157, 14
19, 162, 1
19, 162, 36
19, 165, 12
19, 170, 45
19, 176, 27
19, 179, 22
19, 181, 33
19, 184, 7
19, 193, 25
19, 198, 7
19, 198, 35
19, 202, 16
19, 205, 30
19, 205, 41
19, 206, 14
19, 208, 33
19, 210, 11
19, 210, 23
19, 210, 48
19, 218, 32
19, 218, 42
19, 222, 55
19, 224, 28
19, 224, 52
19, 232, 41
19, 234, 11
19, 234, 13
19, 237, 29
19, 241, 26
19, 241, 51
19, 243, 21
19, 244, 37
19, 250, 9
19, 251, 41
19, 252, 25
19, 252, 34
19, 254, 43
19, 255, 47
19, 259, 18
19, 262, 16
19, 264, 36
19, 268, 4
19, 268, 31
19, 270, 24
19, 272, 10
19, 277, 49
19, 281, 5
19, 281, 38
19, 281, 50
19, 283, 8
19, 284, 34
19, 285, 14
19, 285, 39
19, 285, 57
19, 286, 10
19, 289, 19
19, 290, 47
19, 295, 3
19, 295, 54
19, 300, 13
19, 302, 40
19, 304, 23
19, 307, 35
19, 309, 17
19, 309, 22
19, 309, 46
19, 311, 15
19, 317, 6
19, 318, 11
19, 321, 31
19, 323, 17
19, 323, 56
19, 325, 2
19, 325, 9
19, 331, 8
19, 335, 23
19, 337, 32
19, 343, 33
19, 343, 53
19, 344, 1
19, 344, 28
19, 344, 39
19, 349, 20
19, 355, 12
19, 358, 20
19, 358, 26
19, 365, 14
19, 366, 19
19, 371, 36
19, 374, 44
19, 375, 41
19, 377, 7
19, 381, 7
19, 381, 28
19, 382, 42
19, 382, 48
19, 383, 15
19, 384, 52
19, 389, 4
19, 390, 1
19, 391, 51
19, 392, 5
19, 392, 30
19, 396, 28
19, 397, 54
19, 397, 56
19, 398, 38
19, 400, 51
19, 402, 13
19, 405, 17
19, 408, 2
19, 410, 3
19, 414, 37
19, 418, 49
19, 420, 45
19, 423, 29
19, 424, 42
19, 424, 55
19, 425, 24
19, 425, 25
19, 426, 25
19, 436, 21
19, 436, 31
19, 436, 34
19, 437, 10
19, 438, 26
19, 443, 15
19, 448, 5
19, 451, 21
19, 456, 1
19, 456, 47
19, 458, 14
19, 461, 44
19, 462, 6
19, 464, 16
19, 465, 27
19, 468, 7
19, 471, 31
19, 472, 1
19, 473, 35
19, 474, 32
19, 476, 12
19, 478, 9
19, 480, 46
19, 481, 23
19, 483, 50
19, 487, 22
19, 493, 24
19, 497, 8
19, 505, 2
19, 506, 19
19, 510, 33
19, 515, 6
19, 515, 11
19, 515, 54
19, 517, 40
19, 521, 17
19, 521, 32
19, 521, 57
19, 524, 3
19, 525, 2
19, 525, 11
19, 527, 18
19, 529, 41
19, 530, 34
19, 532, 8
19, 535, 25
19, 539, 20
19, 539, 30
19, 541, 4
19, 544, 13
19, 546, 48
19, 548, 55
19, 549, 5
19, 554, 44
19, 555, 38
19, 556, 58
19, 559, 36
19, 560, 49
19, 561, 10
19, 562, 28
19, 566, 45
19, 567, 43
19, 572, 52
19, 579, 23
19, 580, 26
19, 582, 4
19, 584, 39
19, 586, 46
19, 589, 56
19, 592, 7
19, 592, 9
19, 593, 31
19, 594, 10
19, 595, 35
19, 596, 51
19, 602, 21
19, 607, 18
19, 607, 24
19, 610, 6
19, 610, 57
19, 611, 16
19, 617, 29
19, 621, 33
19, 621, 40
19, 623, 47
19, 624, 37
19, 624, 41
19, 626, 45
19, 627, 1
19, 628, 22
19, 628, 35
19, 632, 30
19, 639, 12
19, 641, 3
19, 648, 5
19, 648, 19
19, 650, 4
19, 651, 27
19, 654, 14
19, 654, 18
19, 657, 19
19, 658, 26
19, 662, 34
19, 663, 48
19, 667, 31
19, 668, 28
19, 673, 17
19, 675, 2
19, 676, 38
19, 679, 8
19, 679, 20
19, 679, 39
19, 683, 36
19, 684, 5
19, 687, 34
19, 690, 25
19, 690, 42
19, 691, 43
19, 692, 37
19, 693, 11
19, 693, 28
19, 698, 32
19, 709, 23
19, 716, 46
19, 719, 49
19, 721, 1
19, 721, 22
19, 722, 15
19, 722, 24
19, 724, 54
19, 725, 7
19, 727, 10
19, 730, 1
19, 730, 40
19, 734, 7
19, 734, 55
19, 738, 26
19, 739, 52
19, 741, 32
19, 742, 33
19, 742, 35
19, 746, 4
19, 746, 10
19, 748, 17
19, 749, 30
19, 751, 6
19, 753, 11
19, 753, 37
19, 754, 57
19, 755, 46
19, 758, 9
19, 761, 13
19, 765, 7
19, 772, 21
19, 774, 31
19, 776, 18
19, 778, 45
19, 780, 39
19, 781, 56
19, 788, 16
19, 793, 14
19, 798, 51
19, 799, 5
