1, 11, 44
1, 14, 62
1, 18, 33
1, 27, 58
1, 29, 5
1, 29, 11
1, 38, 51
1, 39, 42
1, 44, 1
1, 58, 60
1, 61, 6
1, 81, 29
1, 87, 50
1, 94, 27
1, 101, 21
1, 102, 10
1, 103, 22
1, 109, 9
1, 118, 28
1, 128, 35
1, 139, 18
1, 143, 5
1, 165, 9
1, 166, 21
1, 187, 1
1, 204, 37
1, 212, 11
1, 242, 12
1, 245, 15
1, 251, 20
1, 269, 44
1, 272, 5
1, 273, 33
1, 281, 10
1, 283, 54
1, 303, 62
1, 304, 18
1, 318, 40
1, 323, 29
1, 328, 42
1, 331, 18
1, 332, 64
1, 338, 51
1, 350, 35
1, 368, 50
1, 377, 24
1, 379, 27
1, 398, 16
1, 403, 14
1, 409, 28
1, 410, 34
1, 434, 58
1, 446, 62
1, 447, 44
1, 466, 60
1, 475, 54
1, 485, 51
1, 489, 34
1, 503, 1
1, 511, 29
1, 536, 15
1, 543, 29
1, 546, 24
1, 548, 11
1, 551, 37
1, 552, 20
1, 554, 27
1, 562, 9
1, 564, 40
1, 570, 59
1, 584, 54
1, 591, 12
1, 591, 28
1, 592, 21
1, 595, 35
1, 598, 22
1, 609, 14
1, 619, 42
1, 624, 54
1, 630, 5
1, 633, 21
1, 639, 50
1, 668, 62
1, 676, 24
1, 678, 33
1, 685, 10
1, 687, 51
1, 693, 16
1, 696, 40
1, 711, 54
1, 718, 1
1, 721, 5
1, 725, 58
1, 726, 37
1, 738, 29
1, 744, 42
1, 745, 62
1, 748, 11
1, 756, 27
1, 757, 18
1, 765, 50
1, 770, 54
1, 773, 28
1, 778, 12
1, 780, 9
1, 789, 64
1, 792, 60
1, 795, 20
1, 796, 34
2, 3, 39
2, 5, 33
2, 8, 24
2, 13, 42
2, 17, 19
2, 18, 45
2, 22, 10
2, 22, 52
2, 31, 26
2, 35, 28
2, 41, 41
2, 48, 15
2, 68, 30
2, 82, 37
2, 85, 40
2, 90, 20
2, 94, 56
2, 109, 6
2, 118, 29
2, 122, 62
2, 128, 3
2, 128, 19
2, 139, 16
2, 150, 31
2, 155, 44
2, 166, 7
2, 166, 24
2, 173, 61
2, 175, 8
2, 179, 58
2, 185, 39
2, 193, 33
2, 197, 35
2, 199, 43
2, 203, 49
2, 206, 15
2, 207, 42
2, 219, 26
2, 224, 20
2, 229, 3
2, 229, 43
2, 240, 41
2, 244, 31
2, 253, 16
2, 255, 52
2, 259, 10
2, 268, 44
2, 282, 15
2, 283, 24
2, 283, 35
2, 287, 58
2, 298, 3
2, 300, 52
2, 303, 56
2, 319, 16
2, 320, 37
2, 328, 23
2, 336, 32
2, 360, 20
2, 362, 26
2, 363, 33
2, 363, 45
2, 364, 49
2, 381, 24
2, 385, 42
2, 386, 40
2, 392, 45
2, 396, 28
2, 399, 37
2, 410, 39
2, 419, 32
2, 423, 25
2, 430, 62
2, 446, 43
2, 455, 19
2, 455, 29
2, 462, 25
2, 477, 31
2, 479, 35
2, 484, 45
2, 502, 26
2, 507, 25
2, 520, 16
2, 523, 30
2, 533, 29
2, 535, 30
2, 542, 45
2, 545, 24
2, 547, 25
2, 560, 16
2, 560, 61
2, 567, 33
2, 572, 41
2, 573, 3
2, 577, 28
2, 580, 20
2, 592, 23
2, 598, 15
2, 599, 8
2, 600, 24
2, 614, 8
2, 617, 52
2, 620, 37
2, 623, 42
2, 628, 49
2, 634, 16
2, 638, 39
2, 639, 15
2, 657, 56
2, 659, 42
2, 668, 52
2, 669, 31
2, 673, 26
2, 677, 10
2, 678, 25
2, 683, 29
2, 684, 19
2, 688, 23
2, 691, 3
2, 692, 40
2, 699, 6
2, 699, 24
2, 702, 32
2, 713, 40
2, 727, 20
2, 744, 35
2, 746, 7
2, 747, 44
2, 750, 26
2, 751, 6
2, 759, 58
2, 766, 33
2, 766, 45
2, 771, 41
2, 775, 28
2, 782, 26
2, 783, 56
2, 788, 8
3, 2, 5
3, 4, 57
3, 10, 9
3, 18, 31
3, 23, 51
3, 24, 19
3, 52, 30
3, 55, 44
3, 60, 35
3, 72, 32
3, 73, 47
3, 76, 17
3, 87, 20
3, 89, 10
3, 91, 2
3, 93, 55
3, 99, 26
3, 113, 7
3, 124, 41
3, 136, 31
3, 143, 16
3, 144, 13
3, 146, 59
3, 147, 49
3, 163, 1
3, 167, 46
3, 174, 35
3, 175, 19
3, 192, 4
3, 193, 9
3, 204, 2
3, 214, 13
3, 225, 57
3, 227, 1
3, 227, 11
3, 232, 32
3, 244, 29
3, 249, 35
3, 249, 59
3, 259, 37
3, 267, 17
3, 270, 19
3, 273, 49
3, 307, 51
3, 308, 30
3, 324, 47
3, 337, 15
3, 347, 55
3, 366, 31
3, 406, 50
3, 438, 44
3, 441, 57
3, 448, 59
3, 450, 59
3, 463, 30
3, 466, 32
3, 475, 41
3, 482, 49
3, 484, 10
3, 488, 20
3, 493, 37
3, 493, 46
3, 497, 16
3, 497, 57
3, 505, 35
3, 507, 5
3, 515, 46
3, 546, 49
3, 546, 59
3, 567, 2
3, 571, 19
3, 571, 47
3, 574, 35
3, 576, 15
3, 591, 4
3, 598, 1
3, 601, 55
3, 606, 59
3, 619, 9
3, 621, 49
3, 627, 11
3, 642, 29
3, 647, 17
3, 651, 7
3, 651, 41
3, 661, 26
3, 667, 57
3, 668, 51
3, 673, 5
3, 674, 32
3, 675, 44
3, 687, 2
3, 687, 16
3, 697, 11
3, 705, 13
3, 711, 30
3, 717, 20
3, 718, 37
3, 728, 57
3, 743, 2
3, 759, 35
3, 785, 46
3, 797, 1
4, 16, 34
4, 17, 6
4, 19, 19
4, 39, 35
4, 59, 23
4, 63, 7
4, 69, 52
4, 70, 5
4, 73, 28
4, 78, 13
4, 80, 42
4, 83, 4
4, 83, 45
4, 86, 49
4, 103, 33
4, 112, 55
4, 116, 35
4, 125, 51
4, 127, 13
4, 131, 2
4, 131, 23
4, 138, 25
4, 139, 50
4, 143, 13
4, 148, 40
4, 150, 18
4, 153, 5
4, 159, 19
4, 160, 54
4, 191, 52
4, 226, 29
4, 228, 42
4, 234, 7
4, 237, 48
4, 249, 56
4, 250, 22
4, 262, 23
4, 263, 19
4, 264, 34
4, 265, 38
4, 276, 50
4, 283, 18
4, 286, 49
4, 298, 2
4, 298, 17
4, 308, 42
4, 319, 30
4, 335, 59
4, 356, 19
4, 357, 51
4, 387, 24
4, 390, 42
4, 403, 45
4, 419, 48
4, 425, 26
4, 434, 50
4, 446, 63
4, 459, 29
4, 465, 23
4, 466, 28
4, 470, 20
4, 485, 38
4, 492, 59
4, 500, 33
4, 506, 40
4, 507, 26
4, 513, 25
4, 516, 52
4, 518, 55
4, 529, 18
4, 530, 17
4, 532, 13
4, 543, 54
4, 550, 45
4, 555, 34
4, 560, 49
4, 573, 45
4, 587, 6
4, 590, 51
4, 596, 40
4, 603, 19
4, 611, 25
4, 623, 24
4, 635, 7
4, 643, 38
4, 643, 48
4, 645, 34
4, 650, 63
4, 652, 33
4, 668, 2
4, 669, 40
4, 669, 50
4, 669, 59
4, 672, 42
4, 682, 26
4, 692, 55
4, 694, 54
4, 700, 51
4, 701, 30
4, 711, 33
4, 716, 24
4, 732, 5
4, 732, 22
4, 742, 18
4, 742, 63
4, 744, 29
4, 753, 48
4, 753, 56
4, 758, 42
4, 760, 20
4, 763, 13
4, 763, 49
4, 764, 17
4, 764, 28
4, 776, 26
4, 782, 19
4, 785, 55
4, 793, 18
4, 799, 5
5, 5, 6
5, 5, 41
5, 10, 25
5, 13, 19
5, 26, 61
5, 30, 23
5, 32, 9
5, 41, 29
5, 50, 10
5, 54, 48
5, 57, 25
5, 72, 16
5, 75, 33
5, 76, 19
5, 93, 1
5, 102, 49
5, 106, 7
5, 108, 34
5, 111, 4
5, 118, 16
5, 123, 32
5, 134, 55
5, 140, 2
5, 140, 62
5, 147, 48
5, 154, 29
5, 157, 26
5, 166, 34
5, 171, 43
5, 171, 58
5, 172, 10
5, 176, 21
5, 178, 41
5, 178, 49
5, 181, 2
5, 182, 53
5, 184, 30
5, 191, 9
5, 193, 37
5, 202, 19
5, 207, 63
5, 211, 61
5, 220, 18
5, 223, 1
5, 226, 36
5, 229, 7
5, 230, 60
5, 242, 33
5, 245, 26
5, 257, 45
5, 274, 4
5, 282, 3
5, 286, 7
5, 289, 25
5, 291, 55
5, 294, 7
5, 352, 41
5, 352, 48
5, 364, 19
5, 365, 8
5, 371, 21
5, 381, 61
5, 388, 29
5, 413, 37
5, 417, 53
5, 423, 34
5, 428, 49
5, 439, 37
5, 443, 53
5, 452, 36
5, 452, 48
5, 455, 39
5, 455, 62
5, 467, 43
5, 474, 45
5, 483, 34
5, 485, 34
5, 496, 60
5, 499, 49
5, 506, 18
5, 510, 2
5, 522, 26
5, 522, 63
5, 525, 33
5, 530, 16
5, 551, 41
5, 555, 55
5, 559, 21
5, 573, 58
5, 581, 30
5, 586, 19
5, 589, 4
5, 595, 25
5, 597, 10
5, 606, 29
5, 610, 48
5, 620, 39
5, 621, 53
5, 622, 25
5, 627, 1
5, 638, 41
5, 641, 3
5, 641, 40
5, 659, 7
5, 667, 45
5, 668, 9
5, 678, 2
5, 682, 19
5, 687, 60
5, 687, 61
5, 701, 37
5, 712, 23
5, 716, 62
5, 719, 43
5, 725, 49
5, 726, 8
5, 732, 36
5, 738, 63
5, 741, 21
5, 744, 26
5, 765, 2
5, 767, 4
5, 779, 48
5, 785, 18
5, 785, 29
5, 791, 19
5, 791, 23
5, 792, 34
6, 11, 2
6, 14, 5
6, 16, 60
6, 21, 53
6, 24, 9
6, 25, 45
6, 34, 15
6, 49, 11
6, 54, 22
6, 55, 6
6, 56, 49
6, 69, 42
6, 76, 53
6, 81, 15
6, 90, 28
6, 91, 24
6, 98, 56
6, 105, 54
6, 112, 47
6, 120, 40
6, 134, 45
6, 141, 4
6, 143, 11
6, 145, 36
6, 146, 9
6, 170, 26
6, 172, 32
6, 175, 13
6, 180, 15
6, 190, 8
6, 203, 56
6, 211, 5
6, 212, 53
6, 213, 57
6, 214, 15
6, 222, 25
6, 223, 12
6, 232, 30
6, 243, 49
6, 247, 6
6, 247, 22
6, 268, 47
6, 269, 24
6, 274, 33
6, 274, 39
6, 281, 4
6, 282, 26
6, 284, 42
6, 287, 38
6, 289, 2
6, 294, 31
6, 298, 28
6, 305, 39
6, 307, 54
6, 310, 24
6, 316, 40
6, 319, 36
6, 322, 42
6, 328, 60
6, 337, 26
6, 345, 32
6, 346, 15
6, 352, 45
6, 352, 50
6, 353, 39
6, 381, 25
6, 390, 52
6, 399, 47
6, 401, 40
6, 418, 56
6, 421, 39
6, 423, 11
6, 433, 13
6, 442, 45
6, 444, 55
6, 450, 39
6, 460, 50
6, 486, 53
6, 486, 54
6, 487, 28
6, 493, 8
6, 501, 60
6, 503, 38
6, 504, 57
6, 510, 18
6, 515, 31
6, 522, 24
6, 522, 45
6, 527, 12
6, 528, 6
6, 538, 12
6, 538, 36
6, 538, 56
6, 541, 5
6, 548, 52
6, 553, 30
6, 555, 55
6, 585, 9
6, 599, 18
6, 609, 33
6, 620, 2
6, 625, 4
6, 625, 22
6, 631, 32
6, 634, 57
6, 637, 45
6, 638, 26
6, 640, 60
6, 652, 38
6, 652, 40
6, 664, 42
6, 666, 55
6, 667, 57
6, 669, 5
6, 676, 11
6, 692, 49
6, 698, 6
6, 701, 45
6, 708, 28
6, 713, 22
6, 714, 39
6, 723, 8
6, 724, 53
6, 728, 13
6, 729, 42
6, 735, 50
6, 746, 3
6, 751, 12
6, 761, 57
6, 782, 2
6, 792, 9
6, 793, 52
7, 9, 16
7, 12, 3
7, 27, 40
7, 31, 28
7, 40, 21
7, 42, 14
7, 44, 42
7, 49, 17
7, 51, 16
7, 51, 23
7, 57, 25
7, 60, 49
7, 65, 8
7, 75, 43
7, 87, 41
7, 88, 44
7, 99, 47
7, 102, 36
7, 111, 40
7, 113, 37
7, 113, 53
7, 122, 24
7, 124, 51
7, 152, 56
7, 153, 52
7, 156, 43
7, 164, 29
7, 179, 24
7, 180, 42
7, 181, 18
7, 182, 48
7, 183, 31
7, 189, 23
7, 194, 18
7, 216, 38
7, 218, 37
7, 220, 47
7, 232, 25
7, 240, 55
7, 246, 67
7, 255, 10
7, 257, 7
7, 258, 19
7, 258, 36
7, 259, 28
7, 260, 3
7, 267, 20
7, 270, 33
7, 281, 14
7, 286, 41
7, 289, 43
7, 298, 53
7, 321, 34
7, 321, 42
7, 323, 44
7, 342, 48
7, 357, 21
7, 370, 8
7, 379, 52
7, 380, 56
7, 382, 47
7, 383, 37
7, 403, 18
7, 409, 51
7, 414, 11
7, 414, 31
7, 421, 17
7, 425, 24
7, 426, 46
7, 429, 19
7, 436, 49
7, 445, 40
7, 456, 51
7, 457, 47
7, 466, 29
7, 473, 20
7, 473, 36
7, 479, 21
7, 484, 28
7, 499, 55
7, 507, 25
7, 511, 7
7, 528, 10
7, 530, 56
7, 550, 23
7, 558, 3
7, 558, 43
7, 559, 1
7, 560, 11
7, 569, 21
7, 571, 16
7, 579, 48
7, 582, 42
7, 590, 43
7, 592, 37
7, 592, 44
7, 593, 41
7, 614, 47
7, 624, 34
7, 636, 40
7, 644, 8
7, 654, 31
7, 663, 52
7, 671, 24
7, 674, 42
7, 677, 19
7, 683, 51
7, 686, 20
7, 690, 53
7, 705, 10
7, 708, 1
7, 714, 33
7, 719, 21
7, 734, 25
7, 735, 7
7, 742, 3
7, 743, 55
7, 744, 16
7, 750, 28
7, 752, 11
7, 753, 20
7, 764, 19
7, 773, 56
7, 788, 67
7, 792, 31
8, 3, 50
8, 30, 3
8, 32, 12
8, 32, 21
8, 36, 36
8, 42, 35
8, 45, 41
8, 47, 31
8, 49, 40
8, 49, 58
8, 52, 5
8, 59, 56
8, 74, 56
8, 90, 55
8, 92, 38
8, 96, 18
8, 97, 42
8, 103, 31
8, 105, 40
8, 106, 37
8, 114, 12
8, 114, 61
8, 117, 51
8, 118, 29
8, 136, 44
8, 136, 60
8, 151, 38
8, 158, 51
8, 162, 31
8, 174, 9
8, 188, 30
8, 188, 40
8, 199, 13
8, 208, 35
8, 231, 21
8, 248, 48
8, 250, 3
8, 264, 50
8, 266, 5
8, 276, 54
8, 279, 9
8, 290, 13
8, 303, 36
8, 307, 18
8, 308, 55
8, 324, 27
8, 342, 31
8, 347, 51
8, 375, 16
8, 376, 44
8, 380, 44
8, 384, 35
8, 393, 38
8, 395, 30
8, 404, 29
8, 407, 21
8, 412, 56
8, 415, 58
8, 419, 40
8, 431, 30
8, 491, 42
8, 502, 54
8, 504, 61
8, 517, 38
8, 522, 48
8, 523, 22
8, 537, 21
8, 544, 48
8, 551, 31
8, 556, 18
8, 562, 38
8, 574, 51
8, 581, 31
8, 588, 54
8, 597, 5
8, 603, 40
8, 603, 58
8, 605, 48
8, 612, 36
8, 616, 3
8, 619, 27
8, 624, 60
8, 633, 21
8, 646, 30
8, 651, 44
8, 666, 42
8, 671, 58
8, 674, 56
8, 679, 13
8, 681, 16
8, 699, 9
8, 705, 56
8, 713, 61
8, 717, 5
8, 719, 50
8, 724, 49
8, 733, 31
8, 736, 38
8, 741, 36
8, 757, 21
8, 762, 48
8, 764, 29
8, 782, 55
8, 784, 60
8, 786, 40
8, 787, 49
8, 789, 37
8, 797, 50
9, 26, 25
9, 33, 19
9, 33, 24
9, 39, 27
9, 44, 30
9, 47, 3
9, 50, 1
9, 54, 33
9, 65, 53
9, 66, 31
9, 70, 61
9, 89, 5
9, 96, 29
9, 104, 47
9, 116, 59
9, 119, 38
9, 124, 42
9, 125, 31
9, 132, 52
9, 138, 50
9, 146, 53
9, 160, 19
9, 164, 15
9, 165, 6
9, 171, 31
9, 179, 46
9, 181, 23
9, 181, 90
9, 188, 56
9, 191, 34
9, 192, 21
9, 197, 11
9, 205, 30
9, 208, 21
9, 218, 36
9, 258, 42
9, 263, 15
9, 268, 61
9, 271, 20
9, 284, 26
9, 290, 31
9, 293, 52
9, 295, 38
9, 309, 61
9, 312, 15
9, 316, 27
9, 320, 33
9, 320, 43
9, 321, 25
9, 323, 36
9, 331, 59
9, 338, 28
9, 358, 47
9, 368, 24
9, 377, 46
9, 393, 50
9, 397, 15
9, 398, 43
9, 420, 34
9, 421, 46
9, 430, 29
9, 439, 36
9, 442, 50
9, 446, 21
9, 461, 31
9, 476, 56
9, 483, 26
9, 489, 62
9, 509, 1
9, 517, 11
9, 520, 23
9, 526, 5
9, 533, 42
9, 543, 3
9, 546, 33
9, 550, 33
9, 553, 42
9, 559, 19
9, 565, 36
9, 570, 6
9, 574, 53
9, 576, 11
9, 576, 25
9, 582, 15
9, 582, 47
9, 584, 38
9, 589, 21
9, 589, 27
9, 603, 20
9, 611, 59
9, 617, 31
9, 618, 52
9, 623, 27
9, 635, 61
9, 646, 3
9, 649, 30
9, 654, 43
9, 657, 24
9, 658, 11
9, 658, 62
9, 680, 34
9, 695, 1
9, 697, 25
9, 701, 23
9, 712, 28
9, 716, 47
9, 718, 29
9, 726, 46
9, 726, 50
9, 732, 42
9, 768, 33
9, 768, 38
9, 769, 6
9, 774, 20
9, 774, 26
9, 775, 23
9, 786, 15
9, 799, 15
9, 799, 62
10, 16, 2
10, 20, 56
10, 32, 47
10, 36, 6
10, 45, 21
10, 55, 40
10, 60, 54
10, 67, 12
10, 70, 21
10, 75, 35
10, 78, 2
10, 82, 39
10, 101, 40
10, 108, 18
10, 118, 22
10, 120, 10
10, 127, 30
10, 142, 52
10, 148, 35
10, 170, 19
10, 170, 48
10, 174, 13
10, 175, 31
10, 176, 24
10, 190, 2
10, 208, 34
10, 213, 38
10, 220, 63
10, 227, 20
10, 230, 41
10, 243, 50
10, 245, 56
10, 249, 14
10, 272, 10
10, 277, 6
10, 282, 32
10, 296, 23
10, 300, 39
10, 301, 10
10, 326, 24
10, 328, 52
10, 331, 63
10, 332, 3
10, 349, 38
10, 353, 21
10, 356, 39
10, 356, 56
10, 364, 22
10, 371, 35
10, 377, 19
10, 386, 49
10, 390, 18
10, 412, 54
10, 414, 31
10, 421, 38
10, 434, 49
10, 438, 34
10, 446, 31
10, 450, 20
10, 462, 30
10, 466, 30
10, 470, 10
10, 489, 32
10, 498, 13
10, 505, 52
10, 514, 41
10, 519, 49
10, 520, 38
10, 521, 56
10, 524, 2
10, 524, 10
10, 529, 40
10, 533, 14
10, 536, 12
10, 544, 24
10, 548, 22
10, 551, 19
10, 552, 2
10, 568, 39
10, 580, 32
10, 585, 48
10, 591, 22
10, 596, 47
10, 620, 3
10, 623, 19
10, 630, 12
10, 639, 56
10, 641, 49
10, 652, 63
10, 658, 6
10, 664, 31
10, 670, 24
10, 673, 21
10, 686, 40
10, 687, 39
10, 689, 14
10, 692, 35
10, 693, 30
10, 701, 18
10, 711, 13
10, 722, 41
10, 729, 38
10, 729, 52
10, 730, 10
10, 765, 12
10, 774, 13
10, 778, 2
10, 789, 32
10, 791, 6
10, 797, 47
11, 3, 26
11, 3, 44
11, 6, 28
11, 10, 30
11, 25, 59
11, 27, 46
11, 29, 56
11, 30, 21
11, 32, 22
11, 36, 47
11, 37, 25
11, 45, 3
11, 46, 14
11, 50, 45
11, 53, 40
11, 54, 15
11, 58, 31
11, 71, 23
11, 74, 13
11, 84, 60
11, 85, 1
11, 94, 5
11, 99, 5
11, 106, 21
11, 110, 27
11, 123, 16
11, 126, 54
11, 127, 9
11, 132, 56
11, 133, 19
11, 135, 8
11, 135, 30
11, 136, 42
11, 141, 14
11, 145, 14
11, 145, 53
11, 153, 2
11, 166, 38
11, 169, 44
11, 174, 8
11, 179, 27
11, 182, 46
11, 186, 20
11, 187, 3
11, 188, 13
11, 194, 7
11, 196, 1
11, 216, 31
11, 218, 15
11, 220, 53
11, 225, 21
11, 229, 32
11, 232, 28
11, 236, 18
11, 240, 22
11, 246, 58
11, 248, 47
11, 258, 45
11, 262, 41
11, 263, 53
11, 276, 54
11, 290, 58
11, 312, 46
11, 325, 19
11, 328, 6
11, 333, 26
11, 335, 38
11, 340, 59
11, 350, 56
11, 370, 23
11, 373, 44
11, 375, 47
11, 378, 14
11, 384, 27
11, 386, 60
11, 402, 38
11, 403, 53
11, 406, 45
11, 414, 42
11, 414, 53
11, 418, 16
11, 423, 20
11, 428, 30
11, 441, 32
11, 447, 40
11, 468, 18
11, 479, 45
11, 486, 37
11, 487, 1
11, 487, 25
11, 494, 4
11, 494, 21
11, 498, 18
11, 501, 41
11, 502, 8
11, 503, 31
11, 503, 38
11, 505, 28
11, 510, 41
11, 521, 2
11, 533, 19
11, 533, 58
11, 538, 4
11, 550, 1
11, 552, 27
11, 556, 56
11, 558, 7
11, 561, 46
11, 586, 15
11, 601, 3
11, 602, 20
11, 605, 9
11, 612, 59
11, 627, 7
11, 633, 4
11, 637, 30
11, 639, 40
11, 650, 23
11, 654, 13
11, 654, 26
11, 656, 38
11, 665, 8
11, 668, 44
11, 679, 16
11, 679, 22
11, 682, 60
11, 686, 2
11, 696, 42
11, 702, 54
11, 704, 26
11, 724, 37
11, 730, 18
11, 731, 28
11, 737, 6
11, 746, 25
11, 746, 58
11, 748, 45
11, 755, 53
11, 756, 15
11, 787, 41
11, 791, 5
11, 793, 59
11, 796, 7
12, 6, 41
12, 22, 9
12, 36, 10
12, 36, 23
12, 62, 25
12, 63, 11
12, 67, 26
12, 70, 41
12, 75, 2
12, 76, 2
12, 79, 34
12, 88, 9
12, 94, 30
12, 96, 22
12, 100, 18
12, 103, 46
12, 108, 51
12, 110, 28
12, 113, 38
12, 136, 5
12, 141, 7
12, 143, 37
12, 149, 48
12, 154, 34
12, 163, 31
12, 163, 36
12, 168, 55
12, 174, 34
12, 183, 45
12, 186, 15
12, 191, 42
12, 208, 46
12, 223, 9
12, 223, 17
12, 228, 20
12, 246, 3
12, 254, 48
12, 255, 9
12, 271, 2
12, 273, 43
12, 277, 16
12, 278, 42
12, 279, 12
12, 281, 57
12, 291, 51
12, 303, 18
12, 304, 30
12, 304, 37
12, 305, 61
12, 311, 23
12, 330, 45
12, 346, 30
12, 355, 25
12, 357, 41
12, 357, 48
12, 367, 46
12, 376, 48
12, 380, 36
12, 384, 18
12, 400, 26
12, 406, 34
12, 419, 31
12, 424, 17
12, 430, 22
12, 435, 55
12, 441, 42
12, 444, 36
12, 445, 28
12, 472, 38
12, 480, 46
12, 498, 48
12, 499, 22
12, 514, 3
12, 517, 45
12, 521, 7
12, 522, 37
12, 523, 5
12, 534, 10
12, 536, 20
12, 540, 9
12, 552, 15
12, 555, 18
12, 556, 30
12, 556, 57
12, 562, 25
12, 576, 23
12, 577, 55
12, 581, 30
12, 581, 61
12, 584, 11
12, 594, 25
12, 598, 31
12, 599, 31
12, 606, 36
12, 611, 51
12, 611, 57
12, 618, 50
12, 622, 52
12, 623, 15
12, 625, 2
12, 631, 42
12, 639, 34
12, 658, 48
12, 661, 17
12, 664, 45
12, 666, 50
12, 669, 26
12, 681, 28
12, 692, 3
12, 695, 32
12, 696, 18
12, 696, 41
12, 698, 12
12, 699, 36
12, 704, 2
12, 727, 18
12, 727, 55
12, 727, 57
12, 731, 22
12, 733, 43
12, 734, 18
12, 739, 23
12, 766, 7
12, 768, 48
12, 776, 38
12, 782, 5
12, 785, 30
12, 787, 12
12, 791, 25
13, 2, 7
13, 2, 51
13, 19, 8
13, 24, 31
13, 27, 4
13, 30, 45
13, 42, 41
13, 43, 3
13, 54, 43
13, 60, 27
13, 75, 17
13, 75, 31
13, 77, 11
13, 82, 59
13, 88, 20
13, 110, 8
13, 110, 46
13, 111, 54
13, 115, 20
13, 116, 17
13, 117, 51
13, 121, 47
13, 124, 10
13, 128, 39
13, 145, 29
13, 159, 46
13, 171, 27
13, 179, 56
13, 185, 13
13, 188, 22
13, 194, 23
13, 200, 51
13, 213, 55
13, 216, 43
13, 217, 7
13, 223, 45
13, 228, 13
13, 233, 5
13, 239, 4
13, 241, 54
13, 244, 46
13, 252, 24
13, 256, 27
13, 257, 21
13, 258, 2
13, 259, 39
13, 278, 54
13, 280, 31
13, 283, 52
13, 292, 3
13, 303, 11
13, 311, 17
13, 323, 27
13, 323, 41
13, 339, 59
13, 341, 31
13, 344, 47
13, 346, 50
13, 364, 50
13, 368, 10
13, 372, 30
13, 389, 45
13, 393, 20
13, 409, 59
13, 429, 29
13, 464, 51
13, 465, 46
13, 467, 56
13, 470, 52
13, 479, 13
13, 499, 8
13, 502, 43
13, 516, 22
13, 519, 55
13, 520, 4
13, 525, 39
13, 526, 11
13, 526, 52
13, 529, 47
13, 535, 5
13, 542, 2
13, 546, 11
13, 548, 50
13, 549, 23
13, 549, 51
13, 552, 7
13, 558, 59
13, 562, 21
13, 566, 13
13, 567, 31
13, 568, 56
13, 574, 59
13, 583, 10
13, 583, 24
13, 592, 41
13, 596, 3
13, 601, 20
13, 601, 45
13, 607, 17
13, 610, 50
13, 628, 54
13, 634, 5
13, 659, 27
13, 670, 43
13, 677, 54
13, 686, 52
13, 686, 59
13, 727, 52
13, 728, 13
13, 739, 29
13, 740, 4
13, 755, 17
13, 758, 51
13, 766, 2
13, 766, 7
13, 777, 24
13, 778, 29
13, 779, 59
13, 788, 50
13, 789, 22
13, 798, 30
14, 11, 17
14, 18, 34
14, 40, 8
14, 43, 44
14, 44, 49
14, 57, 14
14, 69, 38
14, 87, 43
14, 101, 25
14, 107, 30
14, 121, 1
14, 128, 42
14, 128, 54
14, 138, 34
14, 149, 41
14, 151, 38
14, 166, 34
14, 168, 57
14, 169, 32
14, 187, 25
14, 188, 8
14, 188, 21
14, 200, 17
14, 200, 31
14, 201, 52
14, 209, 8
14, 214, 44
14, 227, 39
14, 227, 53
14, 231, 32
14, 246, 5
14, 260, 25
14, 266, 14
14, 269, 38
14, 286, 46
14, 288, 27
14, 294, 66
14, 304, 17
14, 325, 54
14, 332, 54
14, 348, 30
14, 355, 42
14, 359, 21
14, 379, 47
14, 384, 50
14, 398, 57
14, 401, 5
14, 422, 39
14, 446, 57
14, 448, 31
14, 448, 38
14, 451, 52
14, 453, 44
14, 460, 41
14, 461, 27
14, 471, 46
14, 505, 25
14, 520, 49
14, 525, 53
14, 530, 34
14, 534, 14
14, 555, 32
14, 557, 43
14, 585, 31
14, 600, 47
14, 608, 11
14, 608, 44
14, 623, 57
14, 625, 17
14, 640, 54
14, 641, 32
14, 656, 25
14, 671, 1
14, 698, 27
14, 702, 50
14, 704, 52
14, 721, 30
14, 726, 41
14, 731, 44
14, 733, 21
14, 739, 39
14, 741, 5
14, 743, 14
14, 746, 53
14, 748, 39
14, 758, 54
14, 791, 8
15, 4, 60
15, 9, 6
15, 11, 16
15, 12, 20
15, 23, 34
15, 39, 30
15, 41, 57
15, 45, 15
15, 45, 39
15, 50, 53
15, 52, 17
15, 57, 60
15, 72, 57
15, 85, 3
15, 86, 58
15, 93, 47
15, 96, 10
15, 96, 44
15, 98, 22
15, 100, 35
15, 108, 27
15, 111, 12
15, 118, 7
15, 133, 14
15, 140, 16
15, 143, 31
15, 150, 52
15, 157, 43
15, 158, 14
15, 158, 20
15, 159, 37
15, 162, 50
15, 164, 54
15, 165, 51
15, 166, 2
15, 167, 33
15, 174, 62
15, 180, 40
15, 182, 10
15, 184, 16
15, 186, 13
15, 188, 58
15, 198, 45
15, 198, 47
15, 204, 12
15, 215, 50
15, 219, 41
15, 220, 40
15, 225, 17
15, 228, 46
15, 230, 6
15, 230, 22
15, 237, 23
15, 238, 31
15, 239, 27
15, 242, 53
15, 244, 12
15, 249, 3
15, 250, 7
15, 256, 10
15, 260, 30
15, 264, 41
15, 266, 6
15, 269, 58
15, 281, 30
15, 287, 2
15, 290, 15
15, 301, 47
15, 301, 57
15, 303, 51
15, 305, 8
15, 311, 43
15, 319, 14
15, 319, 17
15, 322, 54
15, 325, 53
15, 327, 37
15, 328, 34
15, 335, 39
15, 336, 29
15, 364, 60
15, 373, 22
15, 375, 45
15, 379, 27
15, 384, 62
15, 386, 23
15, 398, 52
15, 414, 15
15, 423, 58
15, 431, 30
15, 434, 20
15, 435, 33
15, 443, 44
15, 443, 46
15, 450, 16
15, 472, 50
15, 480, 31
15, 496, 17
15, 499, 33
15, 499, 58
15, 512, 35
15, 537, 13
15, 542, 46
15, 549, 60
15, 553, 37
15, 554, 40
15, 565, 62
15, 568, 12
15, 568, 40
15, 571, 14
15, 572, 46
15, 578, 20
15, 578, 23
15, 586, 53
15, 599, 34
15, 603, 27
15, 606, 2
15, 607, 14
15, 611, 55
15, 626, 57
15, 629, 52
15, 632, 16
15, 635, 40
15, 645, 17
15, 646, 6
15, 651, 47
15, 653, 39
15, 654, 29
15, 658, 22
15, 661, 33
15, 669, 53
15, 677, 50
15, 680, 10
15, 705, 30
15, 709, 2
15, 714, 8
15, 716, 62
15, 721, 60
15, 724, 12
15, 731, 31
15, 738, 13
15, 760, 46
15, 767, 54
15, 777, 6
15, 787, 10
15, 787, 37
15, 788, 30
16, 1, 15
16, 4, 42
16, 6, 45
16, 18, 11
16, 18, 20
16, 28, 22
16, 33, 57
16, 38, 5
16, 38, 51
16, 41, 32
16, 52, 36
16, 60, 52
16, 62, 21
16, 78, 9
16, 84, 15
16, 84, 33
16, 87, 19
16, 92, 60
16, 95, 8
16, 101, 40
16, 104, 5
16, 104, 6
16, 110, 34
16, 120, 28
16, 124, 53
16, 132, 4
16, 133, 2
16, 161, 54
16, 165, 52
16, 170, 16
16, 171, 6
16, 171, 40
16, 172, 23
16, 172, 37
16, 177, 21
16, 182, 49
16, 189, 11
16, 193, 56
16, 205, 2
16, 205, 38
16, 234, 45
16, 235, 22
16, 240, 20
16, 243, 38
16, 244, 44
16, 251, 42
16, 252, 11
16, 255, 33
16, 257, 32
16, 261, 57
16, 265, 8
16, 276, 4
16, 277, 28
16, 280, 22
16, 281, 62
16, 286, 15
16, 288, 19
16, 289, 52
16, 319, 20
16, 329, 34
16, 330, 21
16, 340, 51
16, 343, 21
16, 358, 53
16, 374, 57
16, 385, 62
16, 391, 40
16, 412, 56
16, 439, 36
16, 440, 19
16, 440, 51
16, 450, 28
16, 461, 49
16, 462, 54
16, 464, 60
16, 465, 44
16, 476, 23
16, 478, 9
16, 480, 28
16, 482, 42
16, 484, 49
16, 492, 57
16, 493, 11
16, 495, 34
16, 498, 2
16, 505, 16
16, 508, 20
16, 508, 37
16, 510, 51
16, 511, 15
16, 520, 22
16, 520, 52
16, 536, 22
16, 542, 42
16, 543, 60
16, 552, 5
16, 562, 45
16, 579, 6
16, 583, 32
16, 584, 5
16, 584, 33
16, 589, 53
16, 591, 21
16, 594, 2
16, 598, 36
16, 600, 44
16, 613, 62
16, 619, 8
16, 626, 44
16, 627, 19
16, 627, 37
16, 629, 28
16, 636, 55
16, 642, 32
16, 656, 38
16, 674, 9
16, 678, 22
16, 684, 4
16, 692, 11
16, 702, 23
16, 707, 20
16, 715, 56
16, 719, 2
16, 721, 16
16, 722, 51
16, 737, 49
16, 750, 60
16, 756, 42
16, 759, 40
16, 759, 52
16, 762, 23
16, 770, 36
16, 775, 2
16, 775, 57
16, 780, 47
16, 783, 53
16, 784, 34
16, 793, 33
17, 10, 12
17, 22, 4
17, 24, 9
17, 43, 2
17, 45, 18
17, 53, 33
17, 54, 19
17, 55, 31
17, 61, 44
17, 65, 45
17, 65, 56
17, 66, 33
17, 75, 34
17, 80, 39
17, 81, 46
17, 92, 49
17, 101, 58
17, 108, 19
17, 108, 37
17, 115, 33
17, 116, 4
17, 117, 13
17, 117, 22
17, 119, 48
17, 120, 41
17, 123, 6
17, 123, 21
17, 133, 25
17, 133, 35
17, 133, 38
17, 141, 44
17, 148, 23
17, 170, 18
17, 181, 41
17, 191, 39
17, 195, 4
17, 197, 28
17, 201, 5
17, 221, 12
17, 223, 11
17, 228, 9
17, 247, 47
17, 251, 30
17, 263, 60
17, 264, 6
17, 264, 23
17, 270, 2
17, 270, 54
17, 277, 2
17, 285, 38
17, 288, 5
17, 292, 14
17, 300, 25
17, 317, 45
17, 323, 32
17, 330, 13
17, 330, 58
17, 332, 45
17, 339, 58
17, 341, 33
17, 341, 49
17, 348, 56
17, 351, 31
17, 351, 34
17, 354, 19
17, 373, 44
17, 381, 34
17, 386, 48
17, 388, 46
17, 391, 56
17, 403, 25
17, 415, 31
17, 417, 18
17, 418, 41
17, 421, 35
17, 441, 28
17, 442, 22
17, 448, 30
17, 448, 39
17, 464, 35
17, 489, 21
17, 502, 11
17, 507, 19
17, 510, 60
17, 512, 30
17, 515, 38
17, 526, 4
17, 527, 41
17, 541, 58
17, 558, 45
17, 560, 54
17, 563, 6
17, 565, 12
17, 567, 18
17, 569, 59
17, 572, 22
17, 577, 46
17, 581, 47
17, 584, 2
17, 584, 5
17, 589, 25
17, 593, 47
17, 600, 21
17, 600, 49
17, 607, 32
17, 616, 2
17, 618, 9
17, 625, 44
17, 629, 18
17, 632, 48
17, 640, 14
17, 640, 19
17, 641, 4
17, 642, 13
17, 646, 30
17, 672, 56
17, 674, 33
17, 679, 60
17, 686, 31
17, 686, 41
17, 696, 45
17, 699, 44
17, 706, 5
17, 711, 34
17, 722, 35
17, 727, 46
17, 728, 30
17, 729, 58
17, 739, 4
17, 739, 21
17, 739, 28
17, 750, 11
17, 764, 38
17, 766, 23
17, 769, 47
17, 773, 6
17, 773, 60
17, 784, 41
17, 799, 33
18, 3, 46
18, 10, 13
18, 10, 38
18, 10, 56
18, 14, 17
18, 14, 44
18, 15, 59
18, 16, 16
18, 19, 34
18, 26, 48
18, 44, 5
18, 44, 42
18, 49, 45
18, 59, 57
18, 68, 26
18, 71, 18
18, 71, 26
18, 76, 29
18, 86, 15
18, 89, 34
18, 96, 22
18, 126, 47
18, 126, 56
18, 128, 43
18, 137, 20
18, 138, 41
18, 151, 38
18, 155, 11
18, 156, 53
18, 157, 6
18, 165, 25
18, 167, 8
18, 174, 26
18, 179, 30
18, 182, 13
18, 184, 30
18, 186, 1
18, 188, 22
18, 196, 57
18, 214, 52
18, 217, 2
18, 217, 5
18, 231, 46
18, 237, 43
18, 241, 42
18, 249, 5
18, 257, 40
18, 265, 32
18, 276, 48
18, 277, 18
18, 279, 11
18, 282, 29
18, 282, 45
18, 296, 1
18, 302, 42
18, 313, 29
18, 334, 17
18, 334, 52
18, 339, 22
18, 349, 47
18, 360, 53
18, 371, 57
18, 376, 20
18, 376, 34
18, 381, 26
18, 386, 25
18, 395, 56
18, 398, 30
18, 408, 15
18, 410, 41
18, 421, 53
18, 426, 38
18, 448, 26
18, 462, 61
18, 480, 22
18, 484, 16
18, 494, 45
18, 496, 32
18, 496, 47
18, 501, 8
18, 501, 46
18, 503, 56
18, 504, 34
18, 509, 25
18, 510, 52
18, 513, 43
18, 515, 6
18, 531, 17
18, 537, 13
18, 542, 40
18, 543, 59
18, 552, 29
18, 558, 11
18, 559, 18
18, 561, 2
18, 562, 38
18, 562, 48
18, 569, 40
18, 586, 15
18, 593, 6
18, 596, 20
18, 596, 57
18, 608, 42
18, 613, 41
18, 621, 45
18, 629, 30
18, 633, 53
18, 646, 26
18, 646, 59
18, 648, 47
18, 664, 17
18, 673, 13
18, 681, 5
18, 681, 43
18, 698, 48
18, 698, 61
18, 699, 1
18, 702, 40
18, 703, 46
18, 707, 16
18, 716, 52
18, 719, 46
18, 724, 29
18, 725, 41
18, 747, 18
18, 747, 47
18, 748, 15
18, 754, 56
18, 755, 25
18, 771, 6
18, 775, 2
18, 779, 41
18, 796, 11
18, 798, 45
19, 3, 54
19, 5, 57
19, 8, 30
19, 19, 36
19, 22, 31
19, 34, 24
19, 40, 43
19, 43, 24
19, 58, 3
19, 66, 60
19, 70, 36
19, 80, 26
19, 83, 12
19, 89, 42
19, 96, 54
19, 107, 31
19, 108, 40
19, 131, 8
19, 134, 19
19, 147, 29
19, 151, 24
19, 160, 54
19, 161, 51
19, 164, 47
19, 175, 14
19, 186, 55
19, 208, 15
19, 214, 26
19, 222, 55
19, 222, 57
19, 225, 27
19, 233, 10
19, 234, 17
19, 235, 19
19, 238, 33
19, 245, 46
19, 255, 60
19, 257, 12
19, 259, 8
19, 262, 27
19, 269, 52
19, 279, 26
19, 295, 31
19, 300, 28
19, 305, 30
19, 309, 5
19, 317, 10
19, 318, 60
19, 345, 54
19, 346, 27
19, 369, 23
19, 376, 42
19, 383, 29
19, 400, 55
19, 402, 24
19, 414, 14
19, 421, 46
19, 431, 26
19, 447, 36
19, 448, 47
19, 486, 43
19, 488, 12
19, 500, 40
19, 501, 51
19, 513, 30
19, 518, 36
19, 523, 43
19, 529, 55
19, 531, 28
19, 543, 46
19, 543, 60
19, 570, 57
19, 578, 5
19, 591, 12
19, 591, 47
19, 593, 17
19, 601, 10
19, 601, 19
19, 607, 33
19, 628, 26
19, 637, 57
19, 643, 40
19, 645, 14
19, 645, 42
19, 655, 24
19, 665, 30
19, 671, 8
19, 673, 52
19, 679, 29
19, 703, 10
19, 704, 57
19, 709, 28
19, 728, 23
19, 736, 5
19, 749, 54
19, 771, 3
19, 776, 30
19, 776, 54
19, 785, 24
19, 794, 51
19, 796, 43
19, 798, 52
