1, 3, 6
1, 9, 8
1, 18, 48
1, 22, 23
1, 27, 9
1, 30, 53
1, 32, 35
1, 32, 59
1, 40, 34
1, 45, 40
1, 55, 26
1, 59, 5
1, 64, 56
1, 69, 51
1, 77, 37
1, 91, 8
1, 94, 40
1, 99, 30
1, 104, 42
1, 116, 28
1, 121, 24
1, 142, 21
1, 143, 16
1, 150, 32
1, 155, 35
1, 160, 6
1, 164, 48
1, 171, 43
1, 174, 9
1, 176, 51
1, 180, 35
1, 187, 53
1, 193, 9
1, 207, 3
1, 213, 57
1, 226, 8
1, 234, 37
1, 237, 43
1, 239, 57
1, 241, 11
1, 244, 48
1, 245, 50
1, 246, 33
1, 247, 37
1, 249, 15
1, 276, 48
1, 277, 19
1, 280, 59
1, 282, 39
1, 293, 23
1, 295, 23
1, 299, 5
1, 302, 26
1, 311, 56
1, 319, 41
1, 335, 64
1, 366, 53
1, 386, 24
1, 386, 30
1, 386, 42
1, 387, 28
1, 395, 21
1, 401, 34
1, 401, 51
1, 415, 26
1, 418, 40
1, 424, 32
1, 439, 44
1, 441, 57
1, 446, 31
1, 451, 35
1, 457, 16
1, 478, 59
1, 479, 42
1, 488, 28
1, 498, 21
1, 502, 50
1, 504, 28
1, 511, 19
1, 522, 31
1, 525, 48
1, 530, 15
1, 546, 26
1, 548, 50
1, 549, 9
1, 557, 8
1, 565, 15
1, 569, 56
1, 578, 23
1, 586, 8
1, 589, 39
1, 597, 2
1, 602, 30
1, 604, 21
1, 613, 11
1, 619, 41
1, 620, 8
1, 626, 3
1, 631, 6
1, 636, 24
1, 641, 16
1, 648, 44
1, 653, 2
1, 655, 37
1, 664, 43
1, 665, 51
1, 667, 30
1, 668, 40
1, 672, 33
1, 674, 34
1, 688, 44
1, 693, 5
1, 695, 21
1, 697, 9
1, 697, 53
1, 703, 8
1, 711, 32
1, 711, 35
1, 716, 2
1, 727, 31
1, 730, 5
1, 745, 6
1, 745, 48
1, 749, 42
1, 751, 26
1, 753, 31
1, 756, 32
1, 769, 56
1, 773, 21
1, 774, 28
1, 775, 11
1, 776, 59
1, 781, 64
1, 787, 15
1, 788, 57
1, 791, 16
1, 795, 23
1, 796, 33
1, 798, 30
2, 1, 27
2, 6, 42
2, 7, 5
2, 9, 22
2, 9, 62
2, 25, 1
2, 27, 39
2, 31, 51
2, 39, 40
2, 48, 23
2, 54, 31
2, 54, 34
2, 63, 48
2, 74, 32
2, 78, 36
2, 79, 17
2, 84, 51
2, 88, 32
2, 90, 6
2, 92, 3
2, 96, 56
2, 97, 22
2, 106, 4
2, 109, 32
2, 116, 27
2, 119, 5
2, 119, 38
2, 126, 61
2, 130, 26
2, 134, 59
2, 142, 10
2, 145, 12
2, 150, 31
2, 160, 31
2, 163, 33
2, 167, 18
2, 168, 62
2, 191, 29
2, 198, 48
2, 203, 55
2, 209, 42
2, 213, 17
2, 223, 10
2, 224, 39
2, 226, 39
2, 227, 30
2, 228, 27
2, 232, 14
2, 234, 26
2, 236, 18
2, 238, 6
2, 243, 12
2, 246, 4
2, 249, 49
2, 256, 40
2, 259, 4
2, 275, 29
2, 278, 10
2, 279, 3
2, 283, 56
2, 299, 21
2, 301, 59
2, 313, 22
2, 314, 51
2, 324, 56
2, 333, 36
2, 335, 17
2, 338, 53
2, 340, 42
2, 342, 20
2, 345, 32
2, 354, 49
2, 361, 36
2, 361, 46
2, 368, 14
2, 380, 23
2, 394, 38
2, 419, 32
2, 433, 61
2, 435, 48
2, 448, 62
2, 455, 39
2, 466, 40
2, 473, 31
2, 485, 55
2, 486, 36
2, 494, 56
2, 495, 18
2, 497, 30
2, 506, 1
2, 517, 34
2, 519, 29
2, 521, 27
2, 527, 5
2, 533, 10
2, 536, 40
2, 541, 12
2, 547, 33
2, 549, 34
2, 557, 27
2, 558, 21
2, 564, 46
2, 567, 38
2, 577, 59
2, 580, 55
2, 585, 21
2, 587, 18
2, 594, 53
2, 595, 22
2, 596, 20
2, 609, 49
2, 613, 17
2, 628, 20
2, 629, 10
2, 650, 17
2, 653, 26
2, 661, 61
2, 663, 42
2, 664, 59
2, 665, 36
2, 671, 21
2, 672, 39
2, 678, 4
2, 680, 6
2, 681, 48
2, 686, 18
2, 693, 40
2, 701, 29
2, 721, 27
2, 729, 56
2, 733, 23
2, 735, 12
2, 742, 33
2, 743, 1
2, 744, 62
2, 753, 40
2, 759, 30
2, 768, 38
2, 779, 20
2, 780, 3
2, 781, 18
2, 784, 29
2, 788, 49
2, 790, 70
2, 793, 5
2, 796, 33
3, 1, 23
3, 8, 32
3, 15, 43
3, 15, 57
3, 21, 20
3, 23, 9
3, 23, 14
3, 33, 21
3, 33, 32
3, 40, 28
3, 41, 15
3, 42, 33
3, 49, 59
3, 50, 6
3, 53, 35
3, 57, 2
3, 57, 50
3, 60, 19
3, 65, 36
3, 68, 15
3, 75, 33
3, 81, 42
3, 85, 4
3, 85, 45
3, 94, 16
3, 98, 54
3, 110, 9
3, 119, 50
3, 122, 21
3, 128, 45
3, 129, 56
3, 132, 25
3, 142, 3
3, 145, 6
3, 145, 51
3, 150, 27
3, 153, 37
3, 155, 48
3, 160, 41
3, 177, 28
3, 179, 22
3, 188, 59
3, 191, 8
3, 194, 9
3, 218, 20
3, 224, 1
3, 228, 54
3, 229, 28
3, 232, 32
3, 240, 20
3, 249, 8
3, 251, 57
3, 252, 32
3, 253, 15
3, 256, 54
3, 259, 23
3, 265, 18
3, 265, 43
3, 273, 42
3, 278, 36
3, 279, 16
3, 282, 4
3, 298, 50
3, 314, 41
3, 315, 21
3, 322, 48
3, 325, 33
3, 328, 19
3, 328, 23
3, 330, 37
3, 346, 14
3, 347, 35
3, 352, 35
3, 357, 56
3, 359, 25
3, 366, 45
3, 374, 44
3, 395, 51
3, 399, 19
3, 405, 41
3, 418, 57
3, 420, 25
3, 428, 22
3, 442, 54
3, 444, 59
3, 447, 56
3, 449, 43
3, 454, 42
3, 465, 59
3, 467, 27
3, 476, 28
3, 487, 48
3, 490, 32
3, 494, 43
3, 496, 57
3, 526, 16
3, 527, 45
3, 532, 33
3, 540, 15
3, 541, 50
3, 542, 36
3, 551, 59
3, 553, 20
3, 562, 34
3, 570, 21
3, 573, 2
3, 579, 6
3, 597, 3
3, 599, 19
3, 599, 35
3, 609, 44
3, 610, 2
3, 613, 41
3, 619, 48
3, 620, 20
3, 622, 8
3, 657, 1
3, 657, 56
3, 670, 43
3, 670, 45
3, 672, 9
3, 673, 35
3, 675, 20
3, 689, 28
3, 690, 18
3, 698, 4
3, 698, 22
3, 700, 16
3, 703, 2
3, 711, 34
3, 721, 54
3, 730, 42
3, 734, 35
3, 744, 14
3, 751, 37
3, 762, 59
3, 763, 41
3, 763, 44
3, 765, 30
3, 768, 50
3, 778, 57
3, 780, 25
3, 792, 36
3, 794, 9
3, 795, 23
4, 9, 18
4, 11, 14
4, 12, 1
4, 21, 30
4, 22, 4
4, 29, 9
4, 30, 20
4, 34, 55
4, 39, 39
4, 55, 12
4, 64, 7
4, 68, 5
4, 75, 49
4, 83, 33
4, 89, 39
4, 100, 25
4, 101, 20
4, 106, 42
4, 112, 52
4, 119, 22
4, 122, 14
4, 128, 4
4, 131, 4
4, 133, 28
4, 136, 15
4, 140, 34
4, 144, 40
4, 150, 31
4, 152, 21
4, 161, 58
4, 162, 1
4, 164, 18
4, 194, 33
4, 198, 63
4, 199, 49
4, 202, 38
4, 204, 37
4, 205, 12
4, 216, 55
4, 218, 8
4, 221, 22
4, 223, 21
4, 229, 29
4, 233, 7
4, 234, 52
4, 241, 9
4, 242, 37
4, 246, 20
4, 246, 25
4, 249, 12
4, 261, 14
4, 271, 7
4, 282, 50
4, 288, 30
4, 289, 5
4, 290, 29
4, 309, 38
4, 331, 42
4, 337, 28
4, 365, 25
4, 367, 19
4, 374, 31
4, 375, 35
4, 399, 18
4, 423, 34
4, 434, 31
4, 439, 49
4, 464, 49
4, 476, 55
4, 479, 50
4, 480, 22
4, 483, 36
4, 486, 12
4, 488, 8
4, 490, 39
4, 515, 12
4, 519, 18
4, 525, 29
4, 527, 52
4, 529, 33
4, 531, 15
4, 533, 37
4, 537, 55
4, 542, 4
4, 552, 5
4, 553, 28
4, 555, 21
4, 566, 31
4, 571, 42
4, 574, 39
4, 581, 20
4, 587, 19
4, 593, 58
4, 598, 14
4, 599, 9
4, 620, 34
4, 621, 21
4, 634, 1
4, 655, 5
4, 667, 38
4, 672, 30
4, 678, 15
4, 684, 50
4, 693, 20
4, 700, 42
4, 705, 12
4, 706, 4
4, 714, 58
4, 717, 18
4, 722, 35
4, 724, 30
4, 725, 63
4, 733, 7
4, 736, 39
4, 750, 8
4, 755, 55
4, 766, 38
4, 781, 8
4, 783, 49
4, 790, 30
5, 1, 34
5, 7, 55
5, 20, 61
5, 25, 29
5, 28, 3
5, 35, 32
5, 35, 42
5, 39, 7
5, 55, 9
5, 63, 21
5, 64, 38
5, 69, 22
5, 73, 39
5, 99, 30
5, 107, 37
5, 117, 29
5, 120, 27
5, 123, 19
5, 123, 30
5, 124, 9
5, 126, 34
5, 127, 49
5, 138, 43
5, 141, 55
5, 162, 58
5, 166, 13
5, 171, 4
5, 173, 25
5, 174, 38
5, 181, 29
5, 182, 17
5, 184, 20
5, 189, 50
5, 191, 10
5, 201, 34
5, 212, 34
5, 220, 43
5, 225, 60
5, 227, 20
5, 229, 23
5, 234, 31
5, 254, 27
5, 265, 11
5, 266, 3
5, 268, 32
5, 278, 22
5, 286, 42
5, 293, 59
5, 306, 37
5, 308, 42
5, 318, 38
5, 326, 29
5, 340, 60
5, 343, 54
5, 349, 17
5, 372, 30
5, 377, 21
5, 377, 61
5, 390, 49
5, 403, 55
5, 413, 19
5, 419, 44
5, 420, 39
5, 423, 31
5, 425, 13
5, 429, 43
5, 443, 39
5, 457, 50
5, 457, 63
5, 470, 27
5, 471, 19
5, 476, 58
5, 482, 43
5, 502, 32
5, 504, 37
5, 510, 23
5, 512, 10
5, 518, 60
5, 522, 31
5, 527, 57
5, 532, 25
5, 532, 38
5, 536, 22
5, 539, 20
5, 562, 59
5, 564, 9
5, 572, 34
5, 596, 3
5, 598, 10
5, 607, 17
5, 607, 19
5, 609, 42
5, 633, 23
5, 637, 60
5, 638, 44
5, 647, 37
5, 650, 21
5, 660, 54
5, 665, 49
5, 666, 63
5, 669, 50
5, 673, 55
5, 685, 38
5, 685, 58
5, 700, 29
5, 701, 11
5, 713, 4
5, 717, 39
5, 718, 61
5, 720, 27
5, 721, 43
5, 723, 54
5, 741, 19
5, 760, 34
5, 762, 13
5, 767, 37
5, 769, 30
5, 780, 3
5, 780, 31
5, 793, 57
5, 796, 10
6, 6, 8
6, 15, 19
6, 16, 1
6, 26, 5
6, 29, 11
6, 29, 53
6, 29, 57
6, 41, 16
6, 41, 46
6, 44, 26
6, 46, 24
6, 51, 42
6, 52, 48
6, 58, 50
6, 65, 41
6, 76, 20
6, 77, 31
6, 82, 28
6, 86, 15
6, 88, 4
6, 96, 19
6, 105, 38
6, 110, 14
6, 111, 56
6, 112, 2
6, 117, 5
6, 120, 32
6, 130, 52
6, 132, 5
6, 134, 8
6, 141, 2
6, 142, 36
6, 143, 5
6, 145, 62
6, 149, 1
6, 150, 17
6, 154, 56
6, 161, 18
6, 166, 24
6, 177, 39
6, 185, 20
6, 188, 36
6, 191, 22
6, 193, 46
6, 194, 33
6, 195, 46
6, 197, 24
6, 204, 2
6, 206, 42
6, 212, 6
6, 217, 3
6, 217, 49
6, 219, 11
6, 220, 54
6, 226, 42
6, 235, 8
6, 246, 48
6, 253, 26
6, 256, 55
6, 257, 11
6, 257, 55
6, 264, 40
6, 268, 15
6, 269, 19
6, 274, 6
6, 276, 16
6, 276, 47
6, 277, 53
6, 280, 9
6, 283, 6
6, 286, 4
6, 286, 58
6, 292, 37
6, 293, 2
6, 296, 50
6, 318, 20
6, 319, 18
6, 320, 30
6, 323, 21
6, 341, 35
6, 358, 45
6, 359, 46
6, 376, 56
6, 378, 28
6, 378, 52
6, 391, 41
6, 401, 38
6, 407, 57
6, 413, 33
6, 415, 36
6, 418, 51
6, 422, 52
6, 432, 14
6, 434, 48
6, 437, 31
6, 438, 24
6, 448, 62
6, 453, 54
6, 456, 41
6, 457, 58
6, 458, 26
6, 466, 42
6, 466, 47
6, 470, 40
6, 473, 28
6, 475, 35
6, 478, 55
6, 487, 17
6, 487, 30
6, 488, 45
6, 492, 16
6, 499, 49
6, 504, 18
6, 508, 53
6, 512, 46
6, 514, 53
6, 515, 48
6, 517, 1
6, 520, 56
6, 523, 15
6, 532, 39
6, 533, 37
6, 535, 35
6, 545, 58
6, 546, 4
6, 555, 50
6, 561, 8
6, 563, 19
6, 564, 42
6, 565, 56
6, 569, 3
6, 582, 21
6, 604, 22
6, 612, 51
6, 615, 28
6, 621, 5
6, 627, 53
6, 628, 4
6, 629, 2
6, 631, 51
6, 633, 24
6, 637, 32
6, 637, 40
6, 642, 57
6, 653, 38
6, 657, 33
6, 659, 41
6, 663, 47
6, 664, 16
6, 665, 18
6, 675, 20
6, 675, 54
6, 677, 22
6, 681, 41
6, 683, 21
6, 684, 6
6, 684, 8
6, 690, 55
6, 697, 26
6, 699, 3
6, 706, 42
6, 711, 28
6, 714, 33
6, 717, 62
6, 721, 4
6, 721, 16
6, 722, 48
6, 731, 14
6, 732, 46
6, 740, 21
6, 740, 56
6, 753, 6
6, 759, 1
6, 763, 22
6, 767, 9
6, 774, 41
6, 775, 53
6, 783, 24
6, 793, 18
6, 793, 49
6, 794, 51
6, 794, 57
7, 22, 31
7, 22, 48
7, 27, 13
7, 27, 23
7, 29, 33
7, 32, 28
7, 38, 14
7, 43, 26
7, 44, 8
7, 46, 4
7, 61, 20
7, 65, 20
7, 68, 55
7, 83, 29
7, 90, 55
7, 93, 13
7, 100, 61
7, 102, 27
7, 105, 51
7, 113, 49
7, 120, 36
7, 130, 53
7, 138, 45
7, 142, 39
7, 162, 34
7, 165, 16
7, 165, 50
7, 168, 23
7, 170, 22
7, 170, 52
7, 186, 10
7, 188, 43
7, 193, 24
7, 194, 13
7, 202, 23
7, 203, 3
7, 209, 26
7, 211, 18
7, 221, 33
7, 224, 59
7, 229, 28
7, 231, 51
7, 237, 47
7, 239, 20
7, 244, 4
7, 246, 40
7, 252, 49
7, 258, 47
7, 277, 43
7, 278, 8
7, 279, 14
7, 279, 31
7, 283, 26
7, 287, 36
7, 291, 10
7, 302, 20
7, 302, 31
7, 303, 55
7, 306, 31
7, 317, 45
7, 334, 61
7, 340, 39
7, 347, 29
7, 349, 51
7, 352, 27
7, 367, 48
7, 370, 16
7, 382, 13
7, 384, 36
7, 392, 32
7, 396, 43
7, 409, 19
7, 411, 50
7, 419, 40
7, 425, 34
7, 426, 23
7, 437, 22
7, 448, 51
7, 462, 33
7, 469, 51
7, 471, 22
7, 480, 24
7, 480, 53
7, 495, 61
7, 502, 3
7, 504, 34
7, 506, 39
7, 513, 18
7, 513, 20
7, 524, 53
7, 539, 39
7, 545, 45
7, 552, 39
7, 554, 49
7, 563, 18
7, 565, 4
7, 565, 16
7, 572, 40
7, 574, 55
7, 575, 3
7, 578, 31
7, 580, 27
7, 582, 28
7, 583, 31
7, 595, 52
7, 597, 10
7, 613, 51
7, 617, 26
7, 617, 52
7, 620, 32
7, 622, 27
7, 627, 59
7, 628, 19
7, 630, 48
7, 636, 23
7, 647, 61
7, 657, 14
7, 663, 48
7, 666, 36
7, 674, 24
7, 674, 29
7, 676, 53
7, 688, 50
7, 693, 54
7, 697, 33
7, 701, 59
7, 713, 39
7, 715, 16
7, 720, 51
7, 730, 34
7, 734, 8
7, 736, 19
7, 744, 22
7, 750, 13
7, 750, 20
7, 762, 16
7, 762, 55
7, 763, 40
7, 764, 10
7, 765, 31
7, 779, 36
7, 789, 51
7, 796, 40
8, 1, 43
8, 2, 6
8, 7, 37
8, 14, 17
8, 19, 10
8, 24, 24
8, 25, 36
8, 32, 29
8, 35, 11
8, 36, 54
8, 51, 19
8, 67, 10
8, 71, 3
8, 71, 9
8, 71, 62
8, 74, 12
8, 78, 2
8, 78, 49
8, 87, 5
8, 89, 32
8, 103, 53
8, 112, 8
8, 122, 25
8, 127, 60
8, 128, 11
8, 144, 48
8, 147, 50
8, 150, 59
8, 153, 44
8, 154, 54
8, 158, 2
8, 159, 6
8, 161, 30
8, 162, 28
8, 162, 56
8, 169, 26
8, 172, 48
8, 173, 1
8, 177, 12
8, 181, 29
8, 182, 5
8, 186, 29
8, 189, 31
8, 194, 9
8, 195, 37
8, 200, 12
8, 200, 24
8, 226, 16
8, 229, 9
8, 231, 3
8, 238, 17
8, 238, 43
8, 244, 3
8, 249, 32
8, 257, 63
8, 263, 17
8, 268, 33
8, 282, 10
8, 284, 11
8, 285, 54
8, 291, 43
8, 298, 62
8, 313, 25
8, 313, 37
8, 316, 37
8, 326, 38
8, 338, 28
8, 344, 30
8, 346, 60
8, 351, 56
8, 353, 49
8, 373, 49
8, 376, 49
8, 378, 48
8, 380, 19
8, 387, 29
8, 390, 22
8, 405, 31
8, 412, 59
8, 421, 31
8, 429, 26
8, 433, 47
8, 435, 50
8, 442, 54
8, 444, 36
8, 452, 19
8, 455, 24
8, 465, 56
8, 474, 28
8, 492, 48
8, 499, 8
8, 507, 12
8, 509, 25
8, 514, 8
8, 517, 53
8, 518, 44
8, 521, 2
8, 534, 9
8, 542, 10
8, 542, 48
8, 546, 17
8, 552, 37
8, 555, 3
8, 555, 16
8, 566, 24
8, 586, 37
8, 587, 43
8, 594, 1
8, 594, 12
8, 595, 11
8, 599, 44
8, 607, 62
8, 620, 33
8, 629, 1
8, 640, 60
8, 642, 11
8, 642, 36
8, 643, 53
8, 644, 30
8, 646, 30
8, 653, 24
8, 656, 54
8, 660, 22
8, 663, 47
8, 670, 17
8, 673, 56
8, 676, 59
8, 679, 2
8, 686, 38
8, 688, 62
8, 700, 38
8, 708, 10
8, 712, 43
8, 716, 24
8, 721, 11
8, 723, 49
8, 727, 54
8, 729, 6
8, 732, 5
8, 733, 38
8, 736, 3
8, 742, 19
8, 747, 9
8, 769, 48
8, 773, 31
8, 781, 28
8, 787, 26
9, 6, 6
9, 7, 4
9, 19, 42
9, 23, 44
9, 39, 18
9, 41, 13
9, 41, 30
9, 48, 48
9, 49, 32
9, 50, 58
9, 51, 15
9, 51, 24
9, 59, 26
9, 81, 49
9, 82, 54
9, 90, 60
9, 93, 20
9, 93, 22
9, 94, 5
9, 96, 27
9, 98, 9
9, 98, 55
9, 108, 40
9, 109, 7
9, 113, 56
9, 122, 36
9, 140, 25
9, 142, 26
9, 143, 21
9, 144, 6
9, 160, 36
9, 166, 2
9, 172, 45
9, 173, 30
9, 173, 37
9, 178, 58
9, 198, 14
9, 198, 20
9, 202, 60
9, 226, 42
9, 227, 40
9, 228, 48
9, 242, 58
9, 250, 30
9, 257, 51
9, 258, 7
9, 259, 37
9, 263, 32
9, 264, 24
9, 276, 6
9, 276, 27
9, 278, 29
9, 290, 21
9, 297, 36
9, 299, 13
9, 302, 15
9, 302, 28
9, 307, 26
9, 311, 4
9, 311, 56
9, 318, 46
9, 320, 58
9, 328, 24
9, 331, 18
9, 331, 25
9, 345, 54
9, 383, 49
9, 393, 44
9, 397, 29
9, 410, 22
9, 421, 42
9, 422, 54
9, 430, 46
9, 442, 55
9, 443, 37
9, 448, 40
9, 456, 29
9, 464, 20
9, 481, 32
9, 485, 5
9, 492, 24
9, 494, 36
9, 502, 60
9, 505, 2
9, 505, 27
9, 521, 58
9, 523, 25
9, 539, 48
9, 547, 14
9, 549, 30
9, 552, 56
9, 560, 54
9, 561, 18
9, 567, 18
9, 569, 55
9, 589, 24
9, 590, 51
9, 593, 20
9, 593, 22
9, 600, 28
9, 601, 7
9, 609, 21
9, 626, 37
9, 628, 5
9, 634, 44
9, 634, 46
9, 644, 20
9, 646, 4
9, 650, 15
9, 650, 36
9, 656, 6
9, 660, 45
9, 665, 7
9, 666, 18
9, 678, 13
9, 679, 29
9, 686, 13
9, 694, 22
9, 695, 40
9, 697, 5
9, 703, 48
9, 713, 27
9, 719, 54
9, 723, 49
9, 741, 28
9, 742, 58
9, 744, 29
9, 753, 2
9, 767, 28
9, 777, 5
9, 791, 24
9, 794, 60
10, 9, 26
10, 10, 15
10, 15, 5
10, 16, 44
10, 17, 25
10, 31, 45
10, 36, 47
10, 37, 39
10, 46, 12
10, 64, 10
10, 67, 35
10, 82, 56
10, 83, 40
10, 90, 6
10, 92, 21
10, 97, 30
10, 100, 50
10, 103, 52
10, 114, 42
10, 116, 23
10, 117, 27
10, 118, 51
10, 121, 43
10, 138, 46
10, 144, 56
10, 150, 39
10, 156, 33
10, 161, 17
10, 167, 4
10, 167, 17
10, 171, 11
10, 171, 14
10, 173, 52
10, 179, 41
10, 197, 13
10, 197, 24
10, 204, 44
10, 211, 1
10, 212, 18
10, 215, 38
10, 218, 7
10, 226, 25
10, 241, 32
10, 250, 15
10, 254, 5
10, 254, 21
10, 254, 40
10, 256, 12
10, 265, 62
10, 279, 37
10, 284, 32
10, 289, 45
10, 296, 56
10, 302, 39
10, 304, 35
10, 321, 30
10, 322, 27
10, 326, 23
10, 330, 42
10, 332, 59
10, 335, 23
10, 338, 41
10, 343, 50
10, 352, 43
10, 381, 43
10, 383, 51
10, 385, 46
10, 409, 33
10, 413, 47
10, 434, 26
10, 449, 52
10, 455, 24
10, 458, 32
10, 470, 50
10, 471, 10
10, 480, 45
10, 485, 18
10, 490, 14
10, 493, 38
10, 498, 30
10, 504, 4
10, 510, 40
10, 515, 27
10, 521, 42
10, 528, 39
10, 530, 6
10, 534, 11
10, 541, 23
10, 541, 25
10, 543, 16
10, 544, 1
10, 546, 33
10, 556, 43
10, 566, 41
10, 568, 21
10, 570, 12
10, 582, 46
10, 584, 15
10, 584, 39
10, 584, 56
10, 586, 35
10, 588, 13
10, 589, 32
10, 590, 59
10, 597, 37
10, 600, 44
10, 618, 33
10, 625, 62
10, 635, 47
10, 635, 50
10, 641, 51
10, 647, 40
10, 652, 15
10, 657, 42
10, 659, 50
10, 673, 21
10, 676, 30
10, 679, 52
10, 686, 38
10, 700, 23
10, 718, 17
10, 729, 24
10, 729, 37
10, 730, 7
10, 732, 1
10, 733, 59
10, 736, 10
10, 747, 5
10, 751, 4
10, 757, 12
10, 760, 11
10, 770, 50
10, 777, 39
10, 784, 10
10, 794, 43
11, 1, 9
11, 8, 10
11, 9, 14
11, 14, 20
11, 18, 28
11, 21, 12
11, 24, 54
11, 35, 33
11, 36, 43
11, 40, 6
11, 40, 24
11, 42, 21
11, 50, 3
11, 50, 41
11, 55, 44
11, 60, 16
11, 61, 23
11, 65, 28
11, 69, 49
11, 70, 45
11, 71, 13
11, 79, 1
11, 79, 51
11, 83, 8
11, 87, 18
11, 95, 27
11, 97, 57
11, 99, 19
11, 109, 40
11, 111, 31
11, 112, 17
11, 118, 18
11, 121, 52
11, 127, 9
11, 127, 42
11, 128, 43
11, 133, 58
11, 135, 47
11, 147, 54
11, 154, 42
11, 155, 48
11, 156, 51
11, 160, 50
11, 162, 49
11, 170, 41
11, 170, 55
11, 173, 45
11, 175, 23
11, 184, 2
11, 197, 31
11, 199, 21
11, 199, 50
11, 201, 35
11, 216, 28
11, 225, 10
11, 231, 45
11, 234, 24
11, 237, 5
11, 241, 52
11, 244, 33
11, 245, 20
11, 248, 8
11, 258, 47
11, 260, 1
11, 267, 16
11, 274, 6
11, 276, 56
11, 278, 26
11, 279, 3
11, 280, 12
11, 281, 54
11, 297, 53
11, 312, 48
11, 317, 42
11, 322, 40
11, 322, 44
11, 331, 52
11, 344, 57
11, 351, 31
11, 361, 23
11, 363, 28
11, 364, 47
11, 372, 35
11, 375, 33
11, 375, 49
11, 376, 47
11, 379, 42
11, 382, 13
11, 382, 35
11, 389, 31
11, 390, 23
11, 393, 41
11, 399, 14
11, 402, 55
11, 406, 55
11, 414, 27
11, 420, 45
11, 424, 26
11, 428, 51
11, 439, 19
11, 439, 42
11, 442, 21
11, 457, 30
11, 465, 50
11, 476, 28
11, 494, 20
11, 508, 14
11, 510, 2
11, 510, 24
11, 514, 57
11, 517, 19
11, 518, 47
11, 527, 43
11, 528, 51
11, 530, 9
11, 535, 17
11, 535, 43
11, 536, 53
11, 538, 8
11, 538, 26
11, 540, 33
11, 547, 31
11, 547, 54
11, 556, 12
11, 556, 18
11, 562, 56
11, 563, 52
11, 568, 16
11, 569, 44
11, 572, 5
11, 572, 27
11, 579, 58
11, 593, 5
11, 600, 47
11, 610, 1
11, 612, 6
11, 612, 20
11, 616, 23
11, 616, 40
11, 617, 49
11, 623, 45
11, 625, 13
11, 627, 58
11, 632, 53
11, 637, 33
11, 638, 49
11, 641, 45
11, 645, 3
11, 651, 41
11, 662, 28
11, 666, 42
11, 677, 44
11, 681, 55
11, 686, 43
11, 698, 26
11, 702, 20
11, 710, 13
11, 714, 10
11, 714, 35
11, 731, 44
11, 735, 21
11, 735, 30
11, 736, 26
11, 740, 47
11, 741, 53
11, 748, 52
11, 755, 19
11, 756, 17
11, 757, 45
11, 769, 56
11, 773, 56
11, 774, 2
11, 775, 8
11, 779, 58
11, 786, 8
11, 786, 17
11, 791, 14
11, 791, 33
11, 792, 27
12, 6, 18
12, 8, 17
12, 11, 46
12, 35, 57
12, 40, 58
12, 50, 11
12, 50, 55
12, 54, 5
12, 60, 53
12, 63, 54
12, 66, 32
12, 71, 48
12, 75, 25
12, 94, 50
12, 109, 28
12, 109, 35
12, 110, 8
12, 111, 41
12, 120, 20
12, 122, 46
12, 130, 55
12, 150, 60
12, 155, 39
12, 177, 54
12, 187, 82
12, 188, 21
12, 190, 23
12, 195, 26
12, 199, 7
12, 219, 50
12, 220, 33
12, 227, 14
12, 231, 46
12, 246, 17
12, 253, 32
12, 255, 25
12, 255, 39
12, 261, 35
12, 280, 5
12, 284, 14
12, 287, 11
12, 289, 55
12, 290, 32
12, 295, 26
12, 298, 19
12, 302, 25
12, 308, 48
12, 312, 53
12, 314, 61
12, 317, 20
12, 322, 46
12, 334, 36
12, 342, 54
12, 363, 37
12, 368, 60
12, 369, 27
12, 385, 49
12, 386, 28
12, 388, 41
12, 395, 57
12, 409, 8
12, 423, 21
12, 425, 19
12, 429, 31
12, 436, 33
12, 448, 46
12, 450, 23
12, 468, 41
12, 473, 48
12, 485, 32
12, 489, 58
12, 499, 50
12, 503, 11
12, 506, 35
12, 523, 54
12, 525, 41
12, 527, 7
12, 532, 14
12, 535, 55
12, 540, 49
12, 542, 57
12, 547, 31
12, 552, 18
12, 559, 26
12, 572, 26
12, 572, 61
12, 584, 20
12, 586, 24
12, 600, 21
12, 605, 46
12, 605, 50
12, 611, 57
12, 614, 35
12, 617, 17
12, 623, 53
12, 626, 28
12, 627, 5
12, 634, 14
12, 636, 55
12, 639, 8
12, 640, 33
12, 640, 39
12, 640, 48
12, 649, 31
12, 657, 46
12, 660, 37
12, 672, 11
12, 684, 18
12, 692, 20
12, 694, 7
12, 720, 58
12, 733, 32
12, 741, 57
12, 742, 39
12, 744, 19
12, 757, 26
12, 769, 54
12, 772, 20
12, 777, 23
12, 780, 28
12, 781, 26
12, 791, 58
13, 6, 43
13, 13, 59
13, 29, 4
13, 41, 25
13, 56, 29
13, 64, 3
13, 65, 23
13, 74, 23
13, 84, 12
13, 87, 1
13, 93, 35
13, 95, 40
13, 96, 46
13, 98, 2
13, 98, 14
13, 111, 38
13, 116, 32
13, 118, 47
13, 121, 34
13, 123, 4
13, 125, 55
13, 133, 31
13, 139, 9
13, 140, 43
13, 146, 17
13, 146, 57
13, 147, 43
13, 152, 37
13, 152, 59
13, 156, 2
13, 157, 25
13, 159, 38
13, 163, 15
13, 163, 20
13, 169, 1
13, 174, 14
13, 176, 7
13, 187, 8
13, 192, 13
13, 199, 59
13, 227, 9
13, 236, 29
13, 241, 48
13, 241, 55
13, 242, 19
13, 255, 28
13, 264, 3
13, 269, 42
13, 274, 7
13, 283, 35
13, 284, 46
13, 286, 43
13, 290, 53
13, 304, 12
13, 312, 29
13, 315, 37
13, 332, 20
13, 336, 32
13, 351, 50
13, 355, 34
13, 357, 22
13, 364, 10
13, 367, 25
13, 373, 31
13, 373, 42
13, 389, 55
13, 396, 59
13, 400, 55
13, 408, 17
13, 410, 17
13, 412, 53
13, 413, 14
13, 426, 47
13, 440, 38
13, 460, 35
13, 474, 43
13, 476, 15
13, 476, 57
13, 481, 43
13, 487, 28
13, 498, 46
13, 511, 8
13, 511, 25
13, 518, 48
13, 520, 2
13, 520, 42
13, 523, 29
13, 524, 40
13, 526, 31
13, 532, 42
13, 538, 38
13, 540, 20
13, 543, 4
13, 550, 13
13, 552, 9
13, 555, 7
13, 556, 23
13, 558, 50
13, 562, 32
13, 564, 37
13, 569, 22
13, 570, 54
13, 574, 43
13, 580, 38
13, 586, 13
13, 598, 48
13, 601, 10
13, 602, 4
13, 610, 7
13, 612, 1
13, 615, 20
13, 633, 37
13, 633, 55
13, 635, 43
13, 654, 53
13, 663, 42
13, 665, 31
13, 665, 38
13, 677, 35
13, 679, 34
13, 684, 8
13, 685, 53
13, 691, 59
13, 695, 19
13, 699, 46
13, 701, 34
13, 703, 55
13, 704, 3
13, 705, 10
13, 713, 47
13, 720, 50
13, 729, 40
13, 730, 32
13, 730, 37
13, 732, 17
13, 734, 12
13, 747, 23
13, 761, 48
13, 762, 20
13, 774, 3
13, 775, 14
13, 776, 14
13, 778, 38
13, 792, 54
13, 795, 34
14, 17, 5
14, 20, 22
14, 22, 54
14, 29, 51
14, 36, 16
14, 45, 31
14, 48, 48
14, 52, 25
14, 54, 53
14, 58, 11
14, 62, 45
14, 69, 32
14, 73, 21
14, 75, 42
14, 97, 41
14, 114, 22
14, 124, 38
14, 146, 22
14, 148, 28
14, 157, 24
14, 160, 6
14, 165, 21
14, 168, 32
14, 170, 39
14, 174, 35
14, 175, 55
14, 197, 44
14, 199, 38
14, 201, 1
14, 209, 42
14, 212, 47
14, 214, 52
14, 216, 34
14, 221, 10
14, 221, 49
14, 221, 53
14, 223, 48
14, 228, 16
14, 243, 11
14, 257, 54
14, 260, 31
14, 261, 5
14, 281, 11
14, 286, 31
14, 296, 25
14, 299, 39
14, 303, 49
14, 323, 30
14, 324, 42
14, 339, 40
14, 340, 29
14, 344, 51
14, 362, 41
14, 364, 47
14, 369, 53
14, 375, 35
14, 377, 45
14, 387, 22
14, 411, 57
14, 417, 28
14, 427, 30
14, 443, 21
14, 444, 24
14, 444, 34
14, 448, 32
14, 448, 48
14, 449, 59
14, 450, 55
14, 461, 44
14, 478, 52
14, 483, 34
14, 487, 38
14, 489, 11
14, 495, 54
14, 498, 10
14, 501, 42
14, 502, 22
14, 505, 29
14, 508, 57
14, 512, 2
14, 518, 31
14, 524, 6
14, 527, 32
14, 551, 21
14, 554, 42
14, 562, 39
14, 566, 45
14, 573, 49
14, 589, 38
14, 592, 28
14, 599, 28
14, 600, 53
14, 609, 38
14, 617, 30
14, 647, 47
14, 650, 16
14, 651, 35
14, 655, 1
14, 667, 5
14, 667, 51
14, 675, 22
14, 679, 47
14, 681, 31
14, 689, 44
14, 693, 35
14, 694, 59
14, 696, 29
14, 696, 45
14, 699, 35
14, 706, 32
14, 707, 25
14, 708, 28
14, 712, 21
14, 714, 57
14, 716, 40
14, 717, 1
14, 717, 51
14, 721, 16
14, 721, 41
14, 738, 11
14, 742, 55
14, 748, 29
14, 760, 25
14, 762, 2
14, 763, 35
14, 769, 42
14, 770, 52
14, 777, 31
14, 779, 21
14, 783, 5
14, 786, 49
14, 796, 6
15, 1, 13
15, 9, 60
15, 18, 50
15, 21, 29
15, 28, 38
15, 34, 19
15, 34, 47
15, 37, 44
15, 39, 42
15, 42, 8
15, 45, 12
15, 53, 9
15, 61, 27
15, 62, 18
15, 63, 56
15, 68, 30
15, 68, 46
15, 69, 54
15, 72, 20
15, 85, 24
15, 86, 41
15, 89, 14
15, 89, 57
15, 92, 50
15, 97, 56
15, 100, 52
15, 102, 9
15, 102, 51
15, 104, 31
15, 104, 59
15, 114, 23
15, 121, 4
15, 125, 17
15, 130, 22
15, 137, 34
15, 153, 15
15, 153, 50
15, 158, 12
15, 163, 38
15, 164, 6
15, 168, 47
15, 169, 54
15, 170, 49
15, 172, 24
15, 173, 36
15, 174, 20
15, 177, 40
15, 179, 13
15, 185, 53
15, 197, 52
15, 216, 41
15, 221, 19
15, 234, 33
15, 236, 31
15, 242, 19
15, 246, 44
15, 246, 48
15, 249, 41
15, 257, 22
15, 258, 59
15, 259, 14
15, 262, 9
15, 264, 21
15, 265, 46
15, 280, 4
15, 280, 60
15, 286, 3
15, 286, 47
15, 303, 51
15, 308, 34
15, 311, 58
15, 326, 17
15, 326, 61
15, 330, 33
15, 333, 61
15, 334, 57
15, 336, 51
15, 337, 38
15, 349, 34
15, 355, 50
15, 361, 18
15, 363, 53
15, 368, 36
15, 379, 29
15, 381, 30
15, 383, 49
15, 390, 35
15, 390, 59
15, 400, 50
15, 402, 23
15, 409, 20
15, 409, 42
15, 420, 52
15, 425, 56
15, 454, 40
15, 455, 60
15, 456, 34
15, 465, 27
15, 465, 35
15, 476, 47
15, 483, 31
15, 490, 44
15, 496, 13
15, 498, 47
15, 500, 15
15, 500, 21
15, 501, 48
15, 506, 33
15, 511, 38
15, 515, 30
15, 530, 41
15, 531, 18
15, 541, 46
15, 542, 42
15, 543, 54
15, 546, 61
15, 551, 47
15, 553, 6
15, 560, 14
15, 565, 35
15, 568, 4
15, 572, 53
15, 573, 18
15, 575, 9
15, 575, 36
15, 580, 22
15, 583, 3
15, 589, 27
15, 590, 57
15, 600, 19
15, 605, 48
15, 607, 49
15, 610, 57
15, 614, 53
15, 617, 19
15, 622, 42
15, 624, 58
15, 629, 20
15, 630, 29
15, 637, 34
15, 638, 60
15, 659, 24
15, 663, 20
15, 670, 24
15, 671, 40
15, 676, 18
15, 678, 15
15, 683, 33
15, 692, 3
15, 699, 31
15, 701, 30
15, 701, 35
15, 703, 27
15, 713, 29
15, 726, 40
15, 726, 53
15, 727, 60
15, 729, 48
15, 730, 21
15, 730, 50
15, 742, 61
15, 748, 44
15, 752, 49
15, 764, 55
15, 773, 47
15, 777, 3
15, 777, 59
15, 797, 35
16, 7, 30
16, 9, 33
16, 15, 13
16, 15, 56
16, 18, 14
16, 19, 6
16, 20, 37
16, 23, 44
16, 26, 31
16, 32, 57
16, 33, 41
16, 39, 39
16, 43, 9
16, 57, 23
16, 64, 60
16, 68, 19
16, 71, 6
16, 78, 13
16, 78, 43
16, 82, 55
16, 90, 14
16, 92, 16
16, 93, 17
16, 93, 24
16, 102, 7
16, 106, 15
16, 108, 10
16, 108, 31
16, 130, 9
16, 134, 59
16, 136, 4
16, 136, 21
16, 150, 1
16, 152, 23
16, 158, 52
16, 166, 60
16, 167, 7
16, 173, 10
16, 173, 54
16, 174, 34
16, 175, 13
16, 175, 30
16, 178, 26
16, 178, 30
16, 188, 45
16, 189, 46
16, 193, 56
16, 194, 37
16, 198, 5
16, 198, 9
16, 203, 41
16, 204, 45
16, 207, 5
16, 208, 6
16, 232, 14
16, 236, 15
16, 237, 5
16, 238, 23
16, 243, 21
16, 243, 29
16, 250, 14
16, 262, 31
16, 266, 10
16, 271, 10
16, 275, 13
16, 277, 34
16, 286, 1
16, 286, 42
16, 289, 49
16, 293, 17
16, 294, 12
16, 297, 31
16, 298, 16
16, 301, 29
16, 311, 42
16, 329, 52
16, 329, 55
16, 339, 55
16, 350, 57
16, 359, 24
16, 361, 21
16, 369, 35
16, 375, 59
16, 380, 47
16, 380, 52
16, 407, 43
16, 407, 54
16, 411, 39
16, 419, 26
16, 424, 30
16, 440, 60
16, 446, 45
16, 457, 46
16, 463, 19
16, 467, 39
16, 472, 50
16, 476, 23
16, 483, 34
16, 496, 14
16, 496, 17
16, 497, 29
16, 503, 33
16, 505, 59
16, 512, 23
16, 514, 56
16, 527, 4
16, 528, 9
16, 530, 49
16, 544, 46
16, 550, 59
16, 555, 15
16, 556, 45
16, 558, 13
16, 559, 4
16, 566, 1
16, 569, 31
16, 571, 15
16, 575, 5
16, 581, 7
16, 586, 44
16, 593, 37
16, 595, 24
16, 596, 35
16, 600, 56
16, 604, 34
16, 606, 55
16, 612, 19
16, 615, 13
16, 616, 47
16, 626, 4
16, 629, 31
16, 638, 6
16, 639, 29
16, 640, 43
16, 642, 12
16, 643, 42
16, 644, 30
16, 646, 12
16, 651, 21
16, 653, 59
16, 655, 17
16, 660, 34
16, 667, 23
16, 671, 50
16, 677, 52
16, 679, 60
16, 680, 15
16, 685, 10
16, 689, 15
16, 692, 54
16, 693, 39
16, 697, 45
16, 707, 1
16, 717, 37
16, 720, 4
16, 720, 41
16, 724, 49
16, 735, 33
16, 737, 50
16, 738, 57
16, 741, 49
16, 742, 26
16, 747, 31
16, 747, 54
16, 751, 46
16, 759, 14
16, 766, 4
16, 767, 24
16, 769, 44
16, 773, 12
16, 777, 52
16, 783, 35
16, 783, 59
16, 784, 34
16, 791, 6
16, 793, 57
16, 794, 21
16, 797, 29
16, 798, 30
16, 799, 9
17, 1, 43
17, 2, 42
17, 3, 20
17, 10, 31
17, 13, 5
17, 14, 14
17, 16, 23
17, 28, 7
17, 36, 56
17, 44, 6
17, 50, 40
17, 53, 28
17, 54, 43
17, 55, 53
17, 67, 2
17, 71, 48
17, 74, 35
17, 82, 29
17, 83, 47
17, 95, 17
17, 100, 8
17, 111, 18
17, 112, 58
17, 125, 7
17, 127, 42
17, 128, 20
17, 128, 30
17, 134, 36
17, 139, 32
17, 158, 19
17, 161, 8
17, 164, 23
17, 166, 56
17, 168, 43
17, 178, 36
17, 182, 53
17, 186, 13
17, 186, 28
17, 189, 8
17, 200, 42
17, 204, 28
17, 207, 14
17, 210, 20
17, 211, 22
17, 212, 47
17, 215, 1
17, 219, 55
17, 226, 2
17, 228, 35
17, 230, 46
17, 233, 23
17, 236, 28
17, 249, 48
17, 252, 5
17, 253, 55
17, 259, 6
17, 260, 23
17, 276, 65
17, 277, 17
17, 296, 58
17, 302, 40
17, 316, 6
17, 319, 56
17, 327, 58
17, 329, 13
17, 334, 40
17, 346, 35
17, 351, 23
17, 355, 47
17, 358, 29
17, 361, 31
17, 365, 23
17, 374, 19
17, 378, 22
17, 380, 28
17, 392, 53
17, 404, 35
17, 422, 43
17, 423, 53
17, 431, 31
17, 436, 20
17, 441, 27
17, 444, 54
17, 447, 36
17, 449, 32
17, 450, 40
17, 461, 46
17, 473, 18
17, 494, 1
17, 495, 42
17, 506, 2
17, 514, 20
17, 515, 12
17, 523, 5
17, 533, 7
17, 538, 48
17, 538, 55
17, 543, 56
17, 549, 17
17, 549, 47
17, 556, 1
17, 573, 58
17, 575, 22
17, 576, 1
17, 583, 14
17, 584, 59
17, 592, 23
17, 594, 19
17, 595, 27
17, 599, 20
17, 599, 53
17, 621, 36
17, 622, 29
17, 627, 12
17, 629, 53
17, 632, 30
17, 638, 40
17, 668, 8
17, 669, 28
17, 675, 54
17, 677, 2
17, 689, 13
17, 691, 6
17, 708, 19
17, 720, 32
17, 729, 7
17, 731, 18
17, 734, 8
17, 735, 31
17, 741, 43
17, 744, 5
17, 749, 23
17, 753, 46
17, 755, 30
17, 757, 53
17, 768, 29
17, 774, 19
17, 775, 42
17, 796, 40
18, 2, 55
18, 3, 59
18, 4, 27
18, 7, 6
18, 7, 10
18, 10, 36
18, 15, 42
18, 16, 48
18, 36, 3
18, 36, 50
18, 40, 25
18, 45, 4
18, 49, 21
18, 54, 41
18, 71, 6
18, 78, 44
18, 83, 34
18, 88, 38
18, 100, 41
18, 101, 3
18, 104, 41
18, 104, 60
18, 106, 9
18, 106, 20
18, 108, 37
18, 111, 27
18, 114, 11
18, 118, 48
18, 120, 21
18, 128, 5
18, 130, 23
18, 132, 14
18, 133, 33
18, 136, 8
18, 138, 29
18, 140, 47
18, 142, 40
18, 146, 42
18, 147, 54
18, 156, 3
18, 159, 31
18, 161, 6
18, 166, 16
18, 176, 23
18, 198, 34
18, 205, 31
18, 209, 11
18, 212, 51
18, 214, 56
18, 217, 24
18, 219, 25
18, 223, 7
18, 227, 19
18, 236, 42
18, 237, 51
18, 246, 50
18, 247, 10
18, 258, 38
18, 258, 41
18, 262, 1
18, 263, 21
18, 263, 44
18, 264, 9
18, 275, 24
18, 277, 59
18, 279, 20
18, 279, 28
18, 288, 4
18, 293, 52
18, 294, 11
18, 296, 47
18, 299, 6
18, 319, 12
18, 323, 37
18, 323, 40
18, 331, 55
18, 332, 33
18, 334, 21
18, 335, 53
18, 341, 23
18, 342, 16
18, 342, 48
18, 347, 19
18, 356, 29
18, 360, 60
18, 368, 51
18, 372, 33
18, 378, 44
18, 379, 40
18, 388, 27
18, 389, 60
18, 398, 34
18, 407, 40
18, 408, 20
18, 415, 14
18, 420, 36
18, 430, 40
18, 435, 34
18, 446, 27
18, 461, 50
18, 463, 8
18, 472, 47
18, 473, 27
18, 490, 55
18, 493, 3
18, 502, 47
18, 503, 24
18, 513, 52
18, 529, 38
18, 533, 56
18, 539, 14
18, 541, 31
18, 544, 41
18, 551, 42
18, 553, 21
18, 554, 53
18, 561, 59
18, 565, 57
18, 571, 23
18, 572, 37
18, 573, 7
18, 580, 10
18, 581, 54
18, 582, 20
18, 585, 48
18, 586, 19
18, 587, 4
18, 594, 9
18, 594, 38
18, 595, 25
18, 600, 34
18, 601, 9
18, 603, 40
18, 611, 38
18, 612, 1
18, 614, 44
18, 618, 5
18, 638, 51
18, 639, 26
18, 659, 28
18, 670, 16
18, 671, 24
18, 672, 11
18, 681, 4
18, 690, 59
18, 693, 21
18, 693, 40
18, 695, 8
18, 698, 29
18, 698, 47
18, 699, 53
18, 701, 42
18, 706, 5
18, 720, 34
18, 723, 27
18, 724, 12
18, 732, 24
18, 743, 3
18, 750, 14
18, 756, 1
18, 775, 53
18, 776, 7
18, 780, 42
18, 790, 38
18, 793, 26
18, 796, 50
18, 798, 12
19, 4, 51
19, 23, 14
19, 34, 33
19, 37, 2
19, 41, 41
19, 43, 45
19, 53, 4
19, 61, 60
19, 76, 10
19, 79, 29
19, 83, 47
19, 86, 40
19, 87, 57
19, 92, 7
19, 92, 19
19, 102, 26
19, 106, 42
19, 116, 13
19, 121, 33
19, 121, 46
19, 136, 44
19, 164, 9
19, 165, 18
19, 178, 15
19, 178, 32
19, 178, 48
19, 181, 5
19, 182, 45
19, 184, 30
19, 188, 41
19, 196, 56
19, 207, 12
19, 227, 11
19, 246, 60
19, 249, 7
19, 257, 29
19, 260, 2
19, 272, 51
19, 274, 26
19, 277, 14
19, 280, 51
19, 282, 33
19, 285, 4
19, 288, 2
19, 293, 40
19, 295, 44
19, 307, 30
19, 321, 47
19, 322, 13
19, 323, 41
19, 327, 19
19, 343, 51
19, 373, 26
19, 374, 20
19, 379, 46
19, 380, 23
19, 390, 57
19, 399, 25
19, 400, 45
19, 413, 33
19, 438, 40
19, 452, 29
19, 453, 26
19, 456, 32
19, 486, 49
19, 493, 45
19, 501, 2
19, 507, 51
19, 508, 12
19, 514, 40
19, 525, 23
19, 528, 15
19, 530, 19
19, 532, 42
19, 533, 27
19, 540, 48
19, 561, 18
19, 565, 25
19, 572, 44
19, 582, 46
19, 586, 7
19, 588, 47
19, 591, 5
19, 592, 14
19, 605, 10
19, 606, 11
19, 609, 60
19, 635, 9
19, 637, 23
19, 638, 4
19, 638, 41
19, 642, 15
19, 651, 51
19, 653, 33
19, 654, 44
19, 666, 20
19, 670, 13
19, 673, 57
19, 678, 32
19, 690, 19
19, 690, 40
19, 692, 49
19, 693, 20
19, 697, 4
19, 700, 11
19, 717, 56
19, 721, 29
19, 721, 60
19, 725, 45
19, 727, 2
19, 727, 9
19, 742, 18
19, 755, 51
19, 756, 49
19, 781, 4
19, 783, 44
19, 787, 12
19, 797, 46
