1, 3, 37
1, 4, 34
1, 7, 17
1, 9, 5
1, 10, 13
1, 16, 7
1, 17, 57
1, 20, 47
1, 24, 1
1, 25, 15
1, 25, 32
1, 26, 16
1, 32, 1
1, 32, 10
1, 34, 52
1, 37, 23
1, 39, 8
1, 39, 48
1, 40, 39
1, 53, 10
1, 54, 11
1, 55, 22
1, 60, 22
1, 61, 3
1, 62, 6
1, 63, 28
1, 66, 13
1, 66, 47
1, 69, 24
1, 69, 40
1, 71, 36
1, 73, 4
1, 75, 18
1, 75, 49
1, 76, 42
1, 77, 20
1, 80, 35
1, 85, 45
1, 91, 38
1, 97, 26
1, 101, 33
1, 102, 34
1, 106, 52
1, 109, 37
1, 111, 29
1, 118, 30
1, 118, 41
1, 118, 46
1, 119, 37
1, 120, 19
1, 120, 39
1, 124, 10
1, 126, 51
1, 128, 49
1, 129, 55
1, 133, 15
1, 137, 43
1, 137, 54
1, 139, 10
1, 141, 17
1, 144, 14
1, 147, 18
1, 149, 58
1, 150, 47
1, 152, 54
1, 155, 7
1, 158, 20
1, 158, 35
1, 159, 44
1, 160, 13
1, 165, 27
1, 166, 4
1, 167, 23
1, 171, 26
1, 178, 13
1, 178, 25
1, 178, 53
1, 180, 22
1, 181, 7
1, 181, 38
1, 182, 21
1, 183, 1
1, 184, 40
1, 185, 8
1, 188, 4
1, 189, 36
1, 193, 23
1, 195, 29
1, 198, 12
1, 199, 45
1, 201, 21
1, 203, 32
1, 205, 57
1, 209, 15
1, 210, 9
1, 210, 48
1, 214, 3
1, 218, 20
1, 222, 31
1, 236, 14
1, 237, 59
1, 240, 16
1, 242, 44
1, 245, 50
1, 250, 18
1, 250, 25
1, 254, 12
1, 258, 28
1, 261, 11
1, 264, 33
1, 265, 1
1, 265, 6
1, 277, 49
1, 282, 19
1, 284, 43
1, 288, 17
1, 291, 37
1, 292, 41
1, 293, 59
1, 294, 11
1, 295, 27
1, 295, 52
1, 297, 40
1, 301, 42
1, 301, 57
1, 311, 24
1, 313, 40
1, 315, 34
1, 317, 29
1, 320, 22
1, 321, 29
1, 324, 31
1, 331, 39
1, 334, 46
1, 339, 55
1, 349, 49
1, 355, 35
1, 358, 22
1, 359, 45
1, 359, 58
1, 370, 22
1, 371, 38
1, 379, 47
1, 379, 49
1, 380, 32
1, 380, 35
1, 388, 36
1, 388, 48
1, 391, 30
1, 391, 54
1, 403, 26
1, 413, 35
1, 416, 46
1, 419, 28
1, 420, 21
1, 423, 54
1, 431, 51
1, 438, 34
1, 438, 44
1, 438, 59
1, 441, 53
1, 449, 53
1, 450, 25
1, 456, 36
1, 462, 37
1, 466, 47
1, 468, 26
1, 469, 41
1, 473, 50
1, 481, 18
1, 482, 50
1, 488, 40
1, 489, 31
1, 495, 24
1, 497, 33
1, 500, 33
1, 502, 39
1, 504, 23
1, 509, 10
1, 513, 13
1, 519, 43
1, 522, 42
1, 525, 34
1, 528, 25
1, 535, 7
1, 535, 35
1, 538, 15
1, 538, 27
1, 539, 8
1, 541, 48
1, 542, 49
1, 544, 45
1, 549, 38
1, 550, 32
1, 551, 35
1, 553, 14
1, 559, 43
1, 564, 40
1, 566, 46
1, 575, 47
1, 578, 29
1, 579, 55
1, 580, 16
1, 581, 19
1, 583, 34
1, 584, 6
1, 586, 44
1, 588, 37
1, 590, 26
1, 593, 17
1, 595, 28
1, 598, 9
1, 598, 13
1, 605, 58
1, 607, 12
1, 612, 16
1, 613, 3
1, 614, 31
1, 616, 4
1, 620, 52
1, 631, 41
1, 631, 55
1, 634, 20
1, 636, 39
1, 637, 12
1, 639, 13
1, 647, 52
1, 655, 27
1, 657, 7
1, 665, 35
1, 665, 49
1, 667, 1
1, 669, 59
1, 675, 50
1, 676, 36
1, 676, 49
1, 680, 55
1, 681, 43
1, 682, 21
1, 683, 53
1, 684, 39
1, 688, 15
1, 693, 5
1, 695, 8
1, 701, 24
1, 702, 9
1, 703, 27
1, 704, 11
1, 709, 7
1, 710, 22
1, 710, 30
1, 715, 40
1, 717, 48
1, 720, 48
1, 722, 41
1, 724, 33
1, 726, 25
1, 726, 42
1, 732, 43
1, 733, 28
1, 734, 31
1, 734, 33
1, 734, 58
1, 738, 35
1, 743, 12
1, 744, 3
1, 745, 18
1, 748, 25
1, 748, 34
1, 751, 16
1, 752, 39
1, 754, 59
1, 758, 10
1, 758, 29
1, 760, 16
1, 762, 14
1, 762, 38
1, 763, 1
1, 763, 20
1, 772, 37
1, 772, 53
1, 776, 14
1, 783, 28
1, 783, 39
1, 795, 27
1, 796, 11
1, 798, 47
2, 1, 36
2, 16, 51
2, 18, 32
2, 18, 56
2, 23, 19
2, 26, 15
2, 27, 36
2, 27, 41
2, 28, 49
2, 32, 38
2, 35, 16
2, 40, 23
2, 43, 42
2, 44, 37
2, 46, 1
2, 46, 11
2, 48, 29
2, 49, 35
2, 49, 57
2, 50, 24
2, 51, 3
2, 51, 30
2, 55, 28
2, 57, 10
2, 60, 47
2, 63, 39
2, 73, 22
2, 74, 27
2, 76, 36
2, 79, 12
2, 80, 29
2, 81, 25
2, 87, 4
2, 87, 33
2, 92, 24
2, 95, 46
2, 95, 48
2, 101, 42
2, 102, 22
2, 103, 9
2, 105, 15
2, 106, 54
2, 108, 48
2, 112, 2
2, 117, 52
2, 120, 7
2, 123, 6
2, 123, 29
2, 127, 32
2, 132, 35
2, 140, 29
2, 144, 12
2, 149, 41
2, 149, 43
2, 150, 26
2, 150, 30
2, 152, 20
2, 152, 53
2, 153, 26
2, 159, 49
2, 162, 38
2, 164, 42
2, 167, 14
2, 170, 23
2, 170, 51
2, 182, 28
2, 183, 5
2, 183, 37
2, 191, 46
2, 192, 39
2, 197, 27
2, 198, 8
2, 204, 18
2, 204, 31
2, 211, 13
2, 231, 11
2, 234, 20
2, 234, 25
2, 234, 27
2, 235, 11
2, 236, 7
2, 241, 29
2, 243, 33
2, 244, 21
2, 246, 1
2, 250, 44
2, 253, 26
2, 256, 3
2, 257, 42
2, 258, 17
2, 259, 24
2, 261, 10
2, 261, 52
2, 262, 59
2, 268, 41
2, 271, 45
2, 272, 15
2, 278, 53
2, 280, 12
2, 284, 21
2, 285, 21
2, 289, 55
2, 291, 4
2, 293, 54
2, 295, 13
2, 300, 38
2, 305, 22
2, 305, 46
2, 314, 23
2, 314, 26
2, 316, 32
2, 316, 36
2, 321, 48
2, 323, 43
2, 326, 58
2, 331, 20
2, 333, 34
2, 338, 41
2, 338, 43
2, 338, 44
2, 340, 31
2, 347, 27
2, 347, 40
2, 349, 35
2, 362, 30
2, 363, 56
2, 364, 49
2, 367, 51
2, 394, 39
2, 401, 37
2, 402, 25
2, 407, 28
2, 408, 32
2, 410, 42
2, 424, 28
2, 431, 24
2, 434, 41
2, 438, 46
2, 450, 51
2, 456, 29
2, 462, 33
2, 465, 41
2, 468, 59
2, 471, 41
2, 475, 23
2, 481, 19
2, 484, 48
2, 485, 21
2, 490, 52
2, 497, 24
2, 502, 6
2, 505, 30
2, 506, 1
2, 507, 5
2, 509, 26
2, 509, 38
2, 510, 18
2, 510, 31
2, 510, 36
2, 511, 47
2, 512, 53
2, 518, 2
2, 519, 49
2, 520, 7
2, 523, 37
2, 524, 51
2, 525, 45
2, 527, 9
2, 532, 55
2, 533, 14
2, 534, 18
2, 536, 34
2, 539, 41
2, 541, 35
2, 547, 3
2, 550, 36
2, 551, 20
2, 554, 10
2, 554, 39
2, 557, 19
2, 557, 27
2, 563, 9
2, 567, 17
2, 567, 43
2, 569, 5
2, 574, 16
2, 578, 44
2, 584, 22
2, 584, 35
2, 587, 54
2, 592, 15
2, 597, 42
2, 598, 10
2, 609, 10
2, 612, 17
2, 615, 55
2, 617, 12
2, 622, 24
2, 625, 4
2, 625, 20
2, 626, 2
2, 626, 9
2, 627, 3
2, 627, 48
2, 628, 47
2, 634, 34
2, 635, 4
2, 637, 31
2, 645, 13
2, 649, 36
2, 650, 40
2, 651, 23
2, 652, 51
2, 658, 46
2, 665, 21
2, 666, 6
2, 670, 45
2, 672, 16
2, 674, 37
2, 677, 21
2, 677, 30
2, 679, 1
2, 680, 32
2, 684, 33
2, 685, 58
2, 686, 6
2, 689, 3
2, 693, 45
2, 697, 18
2, 697, 25
2, 698, 2
2, 702, 5
2, 711, 22
2, 715, 54
2, 719, 43
2, 723, 30
2, 729, 4
2, 729, 28
2, 729, 42
2, 730, 52
2, 734, 8
2, 737, 20
2, 740, 27
2, 742, 35
2, 743, 44
2, 745, 39
2, 748, 51
2, 749, 26
2, 751, 12
2, 752, 41
2, 755, 21
2, 757, 55
2, 759, 48
2, 761, 47
2, 762, 27
2, 767, 34
2, 770, 28
2, 773, 14
2, 774, 23
2, 775, 1
2, 780, 33
2, 784, 40
2, 787, 17
2, 791, 31
2, 791, 37
2, 792, 1
2, 794, 56
3, 6, 36
3, 9, 12
3, 9, 19
3, 14, 3
3, 15, 25
3, 16, 37
3, 17, 25
3, 25, 21
3, 25, 47
3, 26, 9
3, 29, 33
3, 37, 7
3, 41, 14
3, 41, 28
3, 41, 31
3, 45, 44
3, 49, 46
3, 56, 54
3, 60, 41
3, 67, 8
3, 67, 30
3, 69, 27
3, 71, 39
3, 77, 48
3, 79, 30
3, 83, 1
3, 83, 6
3, 83, 20
3, 83, 56
3, 104, 7
3, 104, 37
3, 106, 5
3, 106, 28
3, 108, 17
3, 111, 22
3, 115, 37
3, 120, 24
3, 124, 42
3, 125, 25
3, 128, 48
3, 137, 27
3, 141, 23
3, 143, 45
3, 152, 35
3, 152, 39
3, 153, 3
3, 153, 44
3, 156, 19
3, 158, 8
3, 165, 33
3, 166, 25
3, 170, 2
3, 173, 32
3, 173, 58
3, 175, 4
3, 182, 16
3, 184, 36
3, 187, 38
3, 189, 11
3, 192, 25
3, 194, 15
3, 197, 7
3, 197, 30
3, 199, 21
3, 200, 42
3, 208, 34
3, 211, 31
3, 212, 10
3, 215, 55
3, 215, 57
3, 217, 6
3, 217, 29
3, 221, 8
3, 222, 11
3, 223, 14
3, 228, 18
3, 230, 43
3, 236, 39
3, 237, 47
3, 238, 54
3, 240, 17
3, 246, 46
3, 249, 5
3, 249, 38
3, 254, 37
3, 256, 1
3, 260, 58
3, 262, 12
3, 262, 28
3, 272, 34
3, 272, 46
3, 274, 20
3, 274, 22
3, 283, 31
3, 283, 50
3, 284, 49
3, 288, 36
3, 289, 30
3, 291, 48
3, 294, 2
3, 294, 26
3, 296, 56
3, 297, 25
3, 301, 9
3, 301, 58
3, 303, 29
3, 305, 35
3, 305, 41
3, 311, 53
3, 314, 50
3, 316, 40
3, 325, 24
3, 335, 38
3, 340, 56
3, 342, 35
3, 344, 24
3, 345, 36
3, 351, 53
3, 356, 42
3, 359, 27
3, 372, 23
3, 373, 36
3, 385, 34
3, 386, 47
3, 390, 26
3, 390, 52
3, 394, 40
3, 397, 21
3, 397, 47
3, 404, 40
3, 405, 57
3, 409, 31
3, 409, 46
3, 411, 60
3, 419, 48
3, 427, 25
3, 427, 44
3, 428, 37
3, 435, 27
3, 441, 33
3, 444, 28
3, 449, 44
3, 450, 54
3, 459, 19
3, 459, 22
3, 459, 32
3, 463, 39
3, 465, 36
3, 468, 57
3, 471, 30
3, 478, 34
3, 484, 55
3, 487, 29
3, 496, 19
3, 501, 11
3, 501, 46
3, 505, 49
3, 507, 23
3, 508, 7
3, 509, 43
3, 511, 15
3, 511, 43
3, 515, 49
3, 524, 42
3, 528, 35
3, 531, 7
3, 537, 24
3, 538, 38
3, 540, 25
3, 543, 50
3, 544, 42
3, 546, 14
3, 546, 40
3, 547, 29
3, 548, 6
3, 549, 45
3, 552, 40
3, 553, 3
3, 553, 5
3, 561, 8
3, 564, 28
3, 566, 8
3, 566, 37
3, 570, 60
3, 572, 48
3, 575, 21
3, 582, 33
3, 586, 31
3, 587, 44
3, 589, 43
3, 591, 10
3, 593, 15
3, 595, 17
3, 600, 16
3, 605, 30
3, 616, 9
3, 623, 36
3, 626, 20
3, 626, 52
3, 627, 32
3, 628, 4
3, 633, 11
3, 639, 40
3, 642, 11
3, 647, 24
3, 651, 6
3, 654, 26
3, 657, 2
3, 660, 25
3, 663, 42
3, 665, 56
3, 669, 21
3, 672, 6
3, 673, 16
3, 676, 12
3, 680, 16
3, 681, 43
3, 683, 5
3, 684, 3
3, 686, 20
3, 686, 27
3, 686, 53
3, 689, 23
3, 693, 36
3, 693, 52
3, 704, 39
3, 708, 35
3, 708, 46
3, 710, 1
3, 712, 10
3, 712, 25
3, 716, 38
3, 716, 40
3, 718, 22
3, 721, 29
3, 723, 24
3, 724, 11
3, 724, 37
3, 724, 49
3, 726, 20
3, 727, 36
3, 732, 29
3, 736, 45
3, 738, 9
3, 739, 14
3, 743, 48
3, 750, 16
3, 753, 44
3, 756, 15
3, 756, 32
3, 757, 8
3, 758, 28
3, 761, 54
3, 762, 19
3, 765, 43
3, 772, 7
3, 775, 50
3, 775, 60
3, 776, 25
3, 779, 20
3, 780, 56
3, 785, 42
3, 790, 42
3, 791, 3
3, 792, 55
4, 3, 33
4, 4, 48
4, 10, 9
4, 14, 60
4, 18, 52
4, 22, 28
4, 26, 10
4, 28, 14
4, 29, 15
4, 29, 35
4, 39, 5
4, 39, 12
4, 40, 46
4, 44, 43
4, 45, 4
4, 47, 31
4, 57, 2
4, 59, 22
4, 60, 20
4, 68, 11
4, 70, 45
4, 73, 49
4, 75, 16
4, 76, 7
4, 80, 9
4, 80, 42
4, 81, 6
4, 83, 25
4, 85, 28
4, 87, 49
4, 88, 5
4, 90, 29
4, 95, 6
4, 97, 3
4, 98, 15
4, 98, 44
4, 100, 15
4, 101, 23
4, 102, 16
4, 102, 26
4, 103, 22
4, 106, 18
4, 106, 41
4, 110, 37
4, 111, 13
4, 111, 56
4, 114, 19
4, 120, 2
4, 123, 11
4, 123, 47
4, 124, 33
4, 129, 36
4, 131, 10
4, 131, 21
4, 135, 12
4, 135, 14
4, 140, 30
4, 146, 45
4, 152, 7
4, 155, 59
4, 158, 38
4, 158, 42
4, 161, 8
4, 163, 3
4, 165, 39
4, 167, 12
4, 167, 18
4, 171, 3
4, 172, 5
4, 172, 16
4, 172, 28
4, 174, 6
4, 175, 25
4, 175, 34
4, 175, 49
4, 182, 28
4, 183, 37
4, 185, 52
4, 187, 50
4, 189, 52
4, 191, 56
4, 192, 4
4, 193, 32
4, 200, 14
4, 200, 51
4, 205, 13
4, 211, 33
4, 217, 10
4, 217, 34
4, 219, 49
4, 220, 35
4, 220, 46
4, 225, 53
4, 227, 28
4, 229, 31
4, 229, 60
4, 231, 2
4, 231, 29
4, 233, 23
4, 237, 36
4, 238, 26
4, 240, 17
4, 240, 37
4, 241, 24
4, 243, 7
4, 243, 19
4, 247, 8
4, 250, 15
4, 250, 20
4, 253, 4
4, 258, 26
4, 260, 60
4, 265, 53
4, 267, 1
4, 269, 22
4, 271, 39
4, 276, 43
4, 277, 5
4, 277, 11
4, 280, 21
4, 280, 34
4, 282, 27
4, 284, 48
4, 286, 30
4, 287, 35
4, 290, 9
4, 291, 41
4, 292, 18
4, 293, 25
4, 293, 44
4, 296, 55
4, 309, 26
4, 310, 46
4, 326, 45
4, 327, 38
4, 329, 41
4, 338, 56
4, 346, 41
4, 357, 52
4, 364, 33
4, 364, 44
4, 372, 25
4, 376, 49
4, 378, 56
4, 379, 28
4, 384, 47
4, 387, 29
4, 390, 44
4, 394, 28
4, 400, 23
4, 405, 43
4, 407, 36
4, 409, 22
4, 413, 51
4, 415, 59
4, 424, 48
4, 432, 31
4, 432, 32
4, 435, 42
4, 440, 34
4, 443, 37
4, 444, 59
4, 446, 50
4, 447, 22
4, 451, 39
4, 451, 46
4, 461, 24
4, 476, 31
4, 478, 52
4, 479, 35
4, 485, 30
4, 488, 33
4, 490, 35
4, 494, 33
4, 496, 53
4, 499, 16
4, 500, 44
4, 505, 26
4, 507, 3
4, 513, 23
4, 514, 38
4, 515, 14
4, 517, 41
4, 518, 20
4, 518, 24
4, 519, 27
4, 521, 34
4, 524, 6
4, 525, 46
4, 528, 29
4, 530, 15
4, 532, 45
4, 534, 60
4, 538, 25
4, 539, 53
4, 541, 32
4, 550, 27
4, 552, 2
4, 554, 12
4, 557, 10
4, 560, 43
4, 561, 12
4, 562, 21
4, 569, 55
4, 570, 47
4, 571, 41
4, 575, 13
4, 584, 11
4, 584, 23
4, 587, 47
4, 590, 8
4, 595, 36
4, 595, 43
4, 597, 49
4, 599, 47
4, 601, 16
4, 603, 1
4, 603, 7
4, 607, 51
4, 609, 46
4, 611, 6
4, 613, 35
4, 616, 22
4, 617, 18
4, 620, 50
4, 621, 33
4, 623, 44
4, 624, 31
4, 626, 56
4, 627, 19
4, 637, 5
4, 637, 14
4, 639, 39
4, 640, 17
4, 641, 32
4, 642, 28
4, 649, 9
4, 650, 25
4, 654, 12
4, 655, 52
4, 660, 48
4, 661, 7
4, 672, 33
4, 677, 3
4, 684, 9
4, 684, 59
4, 690, 20
4, 693, 31
4, 694, 34
4, 695, 42
4, 700, 16
4, 707, 13
4, 718, 10
4, 720, 14
4, 724, 46
4, 731, 21
4, 732, 6
4, 733, 7
4, 733, 45
4, 734, 50
4, 736, 20
4, 742, 60
4, 744, 2
4, 744, 12
4, 748, 35
4, 749, 43
4, 750, 5
4, 750, 23
4, 751, 25
4, 754, 2
4, 755, 16
4, 756, 6
4, 759, 31
4, 772, 18
4, 774, 37
4, 775, 23
4, 776, 8
4, 776, 38
4, 778, 27
4, 778, 32
4, 779, 53
4, 780, 44
4, 781, 28
4, 783, 22
4, 784, 52
4, 788, 12
4, 788, 49
4, 789, 22
4, 791, 12
5, 4, 24
5, 4, 29
5, 12, 55
5, 15, 18
5, 16, 17
5, 19, 47
5, 29, 10
5, 35, 49
5, 36, 40
5, 40, 25
5, 42, 12
5, 42, 28
5, 44, 28
5, 46, 42
5, 55, 51
5, 56, 25
5, 56, 28
5, 56, 58
5, 58, 12
5, 62, 38
5, 64, 32
5, 65, 34
5, 70, 20
5, 72, 2
5, 74, 24
5, 77, 21
5, 77, 45
5, 78, 54
5, 80, 10
5, 81, 15
5, 83, 18
5, 84, 26
5, 84, 41
5, 84, 42
5, 85, 1
5, 86, 50
5, 89, 46
5, 95, 44
5, 102, 40
5, 103, 3
5, 109, 8
5, 109, 26
5, 112, 10
5, 116, 18
5, 116, 37
5, 118, 7
5, 124, 14
5, 126, 52
5, 127, 6
5, 128, 29
5, 130, 7
5, 133, 53
5, 135, 15
5, 137, 4
5, 137, 59
5, 139, 36
5, 144, 8
5, 150, 22
5, 152, 23
5, 153, 54
5, 157, 25
5, 158, 13
5, 162, 21
5, 165, 33
5, 166, 30
5, 170, 15
5, 170, 19
5, 170, 27
5, 171, 39
5, 172, 29
5, 175, 43
5, 176, 50
5, 181, 16
5, 183, 44
5, 187, 48
5, 192, 1
5, 194, 49
5, 196, 18
5, 197, 6
5, 197, 52
5, 199, 5
5, 207, 12
5, 210, 2
5, 211, 42
5, 213, 54
5, 223, 20
5, 225, 38
5, 230, 37
5, 233, 53
5, 237, 28
5, 237, 40
5, 239, 45
5, 241, 28
5, 241, 41
5, 242, 1
5, 244, 8
5, 245, 46
5, 246, 23
5, 250, 9
5, 251, 54
5, 253, 21
5, 254, 41
5, 256, 51
5, 257, 18
5, 257, 49
5, 257, 56
5, 258, 30
5, 262, 35
5, 268, 29
5, 268, 40
5, 269, 50
5, 275, 26
5, 276, 33
5, 279, 47
5, 281, 17
5, 281, 31
5, 285, 4
5, 286, 10
5, 290, 13
5, 300, 37
5, 301, 24
5, 303, 24
5, 306, 36
5, 310, 32
5, 312, 27
5, 315, 52
5, 322, 25
5, 323, 34
5, 325, 46
5, 327, 43
5, 338, 33
5, 343, 30
5, 344, 42
5, 350, 44
5, 360, 53
5, 361, 26
5, 361, 28
5, 364, 39
5, 365, 44
5, 366, 20
5, 367, 22
5, 370, 38
5, 386, 33
5, 389, 40
5, 390, 42
5, 392, 37
5, 397, 48
5, 400, 35
5, 403, 58
5, 412, 36
5, 414, 25
5, 419, 51
5, 420, 29
5, 423, 42
5, 425, 41
5, 425, 54
5, 435, 24
5, 451, 45
5, 459, 25
5, 466, 39
5, 466, 49
5, 472, 34
5, 474, 21
5, 475, 43
5, 478, 47
5, 479, 56
5, 480, 23
5, 482, 38
5, 487, 57
5, 489, 37
5, 496, 57
5, 500, 26
5, 502, 1
5, 505, 41
5, 507, 23
5, 507, 31
5, 509, 14
5, 515, 27
5, 516, 3
5, 517, 59
5, 519, 52
5, 525, 2
5, 526, 16
5, 526, 32
5, 526, 35
5, 527, 44
5, 530, 56
5, 531, 18
5, 531, 53
5, 533, 33
5, 533, 46
5, 536, 28
5, 539, 15
5, 544, 6
5, 548, 19
5, 550, 50
5, 552, 12
5, 553, 10
5, 554, 48
5, 557, 52
5, 561, 45
5, 562, 29
5, 565, 6
5, 566, 22
5, 569, 39
5, 571, 30
5, 572, 19
5, 575, 3
5, 578, 41
5, 578, 44
5, 581, 24
5, 584, 8
5, 584, 40
5, 589, 12
5, 589, 36
5, 595, 23
5, 599, 20
5, 599, 40
5, 602, 48
5, 611, 46
5, 613, 13
5, 614, 4
5, 617, 5
5, 620, 58
5, 623, 34
5, 624, 29
5, 626, 26
5, 628, 31
5, 630, 51
5, 631, 27
5, 637, 26
5, 642, 1
5, 644, 33
5, 645, 21
5, 646, 5
5, 652, 43
5, 653, 45
5, 655, 15
5, 658, 39
5, 660, 22
5, 662, 5
5, 666, 28
5, 666, 30
5, 672, 38
5, 675, 9
5, 677, 49
5, 678, 18
5, 678, 25
5, 680, 7
5, 682, 41
5, 683, 16
5, 686, 24
5, 688, 37
5, 690, 32
5, 693, 20
5, 693, 23
5, 694, 8
5, 694, 29
5, 698, 9
5, 698, 57
5, 699, 56
5, 702, 19
5, 702, 36
5, 703, 42
5, 706, 43
5, 711, 32
5, 715, 21
5, 716, 3
5, 718, 48
5, 720, 54
5, 721, 15
5, 728, 10
5, 729, 6
5, 733, 13
5, 734, 4
5, 735, 24
5, 737, 52
5, 740, 33
5, 750, 29
5, 755, 14
5, 755, 18
5, 758, 17
5, 758, 47
5, 763, 31
5, 766, 19
5, 770, 34
5, 771, 9
5, 771, 35
5, 772, 16
5, 772, 27
5, 772, 44
5, 773, 21
5, 774, 29
5, 782, 45
5, 785, 10
5, 791, 31
5, 792, 59
5, 794, 3
5, 794, 38
5, 796, 30
5, 797, 49
6, 1, 27
6, 2, 20
6, 5, 31
6, 11, 39
6, 15, 34
6, 17, 2
6, 20, 38
6, 28, 34
6, 28, 35
6, 29, 20
6, 31, 42
6, 32, 4
6, 33, 27
6, 37, 39
6, 39, 17
6, 40, 18
6, 41, 52
6, 41, 55
6, 45, 5
6, 47, 22
6, 49, 29
6, 51, 41
6, 54, 14
6, 59, 39
6, 62, 21
6, 64, 12
6, 70, 36
6, 71, 1
6, 77, 51
6, 81, 19
6, 82, 11
6, 85, 43
6, 91, 36
6, 92, 4
6, 93, 6
6, 93, 26
6, 94, 20
6, 97, 3
6, 98, 13
6, 98, 25
6, 102, 6
6, 109, 44
6, 113, 24
6, 122, 1
6, 122, 11
6, 125, 2
6, 131, 50
6, 133, 42
6, 136, 12
6, 136, 52
6, 139, 30
6, 140, 46
6, 150, 28
6, 151, 17
6, 152, 5
6, 153, 27
6, 154, 40
6, 159, 14
6, 162, 57
6, 164, 18
6, 165, 59
6, 166, 2
6, 168, 7
6, 170, 4
6, 170, 44
6, 176, 16
6, 176, 57
6, 177, 42
6, 180, 38
6, 181, 53
6, 185, 27
6, 186, 34
6, 191, 19
6, 192, 31
6, 192, 51
6, 195, 18
6, 195, 39
6, 197, 13
6, 202, 2
6, 202, 22
6, 205, 47
6, 210, 49
6, 211, 20
6, 217, 41
6, 220, 50
6, 225, 6
6, 225, 14
6, 228, 34
6, 229, 43
6, 232, 3
6, 236, 18
6, 240, 25
6, 243, 20
6, 248, 52
6, 251, 55
6, 253, 35
6, 257, 26
6, 258, 16
6, 258, 29
6, 264, 29
6, 268, 48
6, 269, 43
6, 271, 24
6, 271, 44
6, 273, 21
6, 276, 29
6, 278, 56
6, 281, 51
6, 286, 1
6, 291, 40
6, 295, 11
6, 295, 33
6, 297, 5
6, 299, 28
6, 299, 42
6, 316, 31
6, 319, 35
6, 322, 49
6, 325, 53
6, 335, 19
6, 337, 50
6, 340, 50
6, 351, 38
6, 354, 25
6, 358, 27
6, 358, 47
6, 360, 46
6, 370, 22
6, 371, 34
6, 373, 46
6, 378, 28
6, 378, 39
6, 384, 20
6, 392, 56
6, 401, 40
6, 411, 26
6, 415, 32
6, 417, 41
6, 419, 58
6, 435, 33
6, 439, 43
6, 443, 38
6, 445, 36
6, 446, 48
6, 447, 59
6, 449, 57
6, 454, 44
6, 456, 42
6, 456, 52
6, 457, 22
6, 472, 24
6, 477, 32
6, 477, 37
6, 478, 30
6, 480, 42
6, 482, 36
6, 485, 27
6, 488, 21
6, 499, 29
6, 499, 52
6, 505, 7
6, 510, 47
6, 511, 17
6, 512, 4
6, 519, 9
6, 520, 12
6, 525, 51
6, 529, 25
6, 530, 24
6, 533, 2
6, 534, 18
6, 534, 40
6, 534, 44
6, 536, 26
6, 537, 28
6, 538, 34
6, 541, 58
6, 542, 40
6, 547, 3
6, 548, 13
6, 548, 50
6, 550, 58
6, 557, 16
6, 558, 35
6, 562, 19
6, 564, 49
6, 568, 6
6, 569, 51
6, 575, 31
6, 575, 55
6, 578, 50
6, 590, 22
6, 593, 7
6, 594, 41
6, 603, 38
6, 605, 37
6, 605, 46
6, 608, 30
6, 610, 56
6, 615, 51
6, 619, 14
6, 623, 26
6, 623, 29
6, 628, 24
6, 632, 11
6, 633, 1
6, 634, 13
6, 634, 43
6, 635, 33
6, 637, 7
6, 640, 42
6, 647, 2
6, 647, 53
6, 648, 27
6, 651, 14
6, 651, 57
6, 652, 35
6, 653, 19
6, 655, 44
6, 659, 4
6, 660, 35
6, 664, 44
6, 667, 28
6, 669, 39
6, 674, 11
6, 676, 20
6, 680, 33
6, 681, 27
6, 682, 22
6, 686, 57
6, 689, 7
6, 690, 6
6, 698, 49
6, 703, 12
6, 709, 43
6, 712, 32
6, 714, 36
6, 716, 4
6, 716, 52
6, 716, 58
6, 718, 3
6, 721, 18
6, 722, 26
6, 722, 31
6, 723, 17
6, 729, 2
6, 730, 40
6, 731, 18
6, 732, 37
6, 739, 19
6, 744, 19
6, 750, 22
6, 763, 24
6, 765, 6
6, 776, 5
6, 777, 36
6, 779, 50
6, 785, 7
6, 785, 13
6, 787, 29
6, 787, 51
6, 789, 9
6, 791, 22
6, 791, 27
6, 792, 55
6, 793, 27
6, 794, 35
6, 796, 33
6, 799, 38
7, 6, 10
7, 6, 28
7, 10, 12
7, 11, 5
7, 11, 19
7, 12, 34
7, 13, 2
7, 16, 27
7, 20, 52
7, 24, 33
7, 26, 39
7, 26, 56
7, 27, 25
7, 28, 1
7, 28, 9
7, 28, 24
7, 35, 32
7, 43, 14
7, 44, 16
7, 47, 38
7, 52, 4
7, 53, 54
7, 61, 4
7, 64, 40
7, 69, 16
7, 70, 42
7, 74, 12
7, 75, 23
7, 80, 35
7, 81, 38
7, 86, 14
7, 87, 52
7, 91, 19
7, 94, 45
7, 102, 53
7, 105, 37
7, 106, 27
7, 111, 8
7, 114, 29
7, 114, 49
7, 116, 34
7, 122, 59
7, 124, 30
7, 129, 26
7, 133, 43
7, 136, 48
7, 137, 3
7, 137, 40
7, 145, 15
7, 146, 21
7, 149, 29
7, 153, 31
7, 154, 19
7, 161, 43
7, 164, 50
7, 166, 10
7, 170, 9
7, 170, 37
7, 176, 32
7, 177, 39
7, 181, 51
7, 185, 24
7, 186, 33
7, 188, 41
7, 189, 20
7, 190, 50
7, 191, 4
7, 192, 17
7, 195, 7
7, 197, 24
7, 200, 2
7, 202, 36
7, 204, 23
7, 206, 29
7, 208, 12
7, 209, 35
7, 211, 18
7, 215, 9
7, 216, 46
7, 219, 11
7, 219, 27
7, 220, 17
7, 224, 26
7, 224, 28
7, 227, 52
7, 228, 35
7, 229, 53
7, 232, 42
7, 232, 47
7, 234, 38
7, 236, 23
7, 245, 34
7, 245, 58
7, 248, 16
7, 253, 44
7, 257, 7
7, 260, 37
7, 261, 14
7, 265, 3
7, 265, 8
7, 271, 34
7, 271, 45
7, 281, 19
7, 281, 43
7, 284, 1
7, 284, 13
7, 284, 25
7, 295, 34
7, 295, 36
7, 295, 49
7, 304, 30
7, 307, 52
7, 308, 54
7, 310, 40
7, 313, 49
7, 325, 59
7, 326, 48
7, 335, 44
7, 349, 31
7, 353, 39
7, 353, 51
7, 357, 20
7, 357, 31
7, 359, 56
7, 361, 29
7, 364, 41
7, 364, 45
7, 375, 28
7, 376, 41
7, 378, 27
7, 384, 38
7, 386, 24
7, 388, 33
7, 391, 23
7, 393, 38
7, 395, 24
7, 395, 40
7, 398, 37
7, 399, 50
7, 407, 42
7, 411, 35
7, 413, 43
7, 414, 50
7, 415, 31
7, 421, 31
7, 441, 48
7, 446, 41
7, 448, 25
7, 452, 21
7, 456, 47
7, 461, 31
7, 461, 33
7, 464, 53
7, 465, 46
7, 469, 32
7, 478, 34
7, 479, 27
7, 482, 28
7, 485, 32
7, 489, 23
7, 490, 37
7, 494, 39
7, 500, 47
7, 502, 3
7, 504, 5
7, 508, 16
7, 508, 44
7, 509, 44
7, 513, 15
7, 515, 58
7, 516, 49
7, 517, 26
7, 518, 56
7, 524, 19
7, 525, 2
7, 525, 10
7, 526, 53
7, 528, 29
7, 529, 14
7, 530, 4
7, 535, 54
7, 545, 12
7, 547, 45
7, 552, 38
7, 552, 52
7, 554, 59
7, 555, 32
7, 556, 34
7, 560, 28
7, 566, 51
7, 567, 43
7, 572, 49
7, 574, 32
7, 576, 18
7, 577, 30
7, 578, 54
7, 580, 9
7, 580, 28
7, 584, 18
7, 586, 24
7, 586, 36
7, 590, 53
7, 592, 8
7, 593, 35
7, 597, 8
7, 600, 19
7, 600, 47
7, 601, 2
7, 602, 12
7, 603, 35
7, 603, 56
7, 607, 14
7, 609, 20
7, 613, 27
7, 613, 31
7, 617, 11
7, 617, 36
7, 622, 33
7, 623, 13
7, 624, 25
7, 627, 11
7, 635, 50
7, 635, 52
7, 636, 17
7, 639, 13
7, 639, 17
7, 645, 27
7, 647, 4
7, 650, 37
7, 651, 1
7, 655, 23
7, 655, 58
7, 666, 12
7, 666, 14
7, 666, 28
7, 667, 7
7, 671, 48
7, 673, 3
7, 673, 34
7, 677, 38
7, 678, 21
7, 680, 24
7, 680, 39
7, 681, 20
7, 683, 2
7, 696, 33
7, 697, 26
7, 700, 53
7, 702, 36
7, 702, 44
7, 720, 40
7, 723, 46
7, 724, 19
7, 724, 59
7, 730, 5
7, 730, 15
7, 731, 8
7, 731, 45
7, 732, 32
7, 739, 51
7, 740, 5
7, 740, 41
7, 742, 38
7, 742, 56
7, 743, 14
7, 744, 43
7, 745, 29
7, 748, 5
7, 753, 44
7, 754, 21
7, 763, 40
7, 764, 51
7, 769, 13
7, 775, 37
7, 777, 11
7, 783, 15
7, 784, 49
7, 788, 40
7, 789, 2
7, 789, 28
7, 791, 16
7, 794, 32
7, 795, 10
7, 795, 36
7, 799, 1
8, 3, 47
8, 9, 52
8, 10, 60
8, 11, 43
8, 14, 43
8, 15, 12
8, 17, 34
8, 22, 37
8, 22, 44
8, 26, 14
8, 29, 2
8, 29, 23
8, 29, 31
8, 32, 1
8, 41, 39
8, 43, 18
8, 51, 33
8, 54, 25
8, 54, 26
8, 55, 11
8, 58, 48
8, 69, 43
8, 70, 22
8, 71, 32
8, 76, 13
8, 77, 50
8, 78, 44
8, 81, 42
8, 84, 40
8, 85, 51
8, 87, 27
8, 95, 7
8, 96, 56
8, 105, 36
8, 107, 21
8, 108, 38
8, 114, 30
8, 114, 46
8, 118, 9
8, 121, 4
8, 124, 7
8, 129, 7
8, 133, 16
8, 141, 43
8, 142, 5
8, 143, 22
8, 144, 1
8, 147, 12
8, 148, 3
8, 148, 20
8, 153, 57
8, 154, 34
8, 155, 24
8, 166, 46
8, 172, 18
8, 174, 47
8, 180, 30
8, 181, 10
8, 183, 31
8, 183, 50
8, 185, 42
8, 186, 13
8, 189, 26
8, 191, 14
8, 195, 39
8, 195, 54
8, 198, 18
8, 198, 28
8, 199, 52
8, 200, 25
8, 203, 11
8, 204, 10
8, 208, 37
8, 211, 33
8, 213, 5
8, 216, 40
8, 216, 49
8, 222, 4
8, 225, 47
8, 228, 13
8, 228, 36
8, 229, 23
8, 232, 14
8, 233, 6
8, 234, 48
8, 248, 38
8, 250, 31
8, 251, 41
8, 254, 16
8, 255, 2
8, 261, 12
8, 269, 1
8, 269, 27
8, 273, 19
8, 275, 44
8, 275, 55
8, 275, 56
8, 276, 9
8, 280, 8
8, 282, 15
8, 287, 19
8, 288, 21
8, 292, 28
8, 292, 57
8, 298, 52
8, 302, 26
8, 302, 60
8, 303, 43
8, 304, 39
8, 305, 29
8, 309, 50
8, 310, 22
8, 319, 42
8, 326, 40
8, 329, 51
8, 334, 57
8, 338, 32
8, 345, 43
8, 353, 46
8, 353, 60
8, 362, 37
8, 368, 57
8, 369, 34
8, 380, 24
8, 382, 27
8, 382, 49
8, 389, 33
8, 389, 36
8, 399, 46
8, 402, 34
8, 403, 53
8, 404, 26
8, 410, 47
8, 414, 30
8, 422, 50
8, 422, 53
8, 436, 23
8, 439, 34
8, 441, 25
8, 445, 38
8, 457, 38
8, 458, 31
8, 464, 48
8, 464, 52
8, 467, 29
8, 468, 20
8, 472, 49
8, 475, 48
8, 477, 37
8, 477, 54
8, 481, 44
8, 482, 24
8, 487, 54
8, 494, 27
8, 498, 11
8, 498, 43
8, 498, 51
8, 500, 32
8, 500, 56
8, 505, 28
8, 506, 13
8, 506, 21
8, 506, 36
8, 507, 10
8, 510, 18
8, 511, 22
8, 519, 37
8, 523, 39
8, 527, 9
8, 530, 14
8, 530, 37
8, 530, 59
8, 536, 19
8, 537, 36
8, 540, 5
8, 541, 12
8, 547, 5
8, 547, 24
8, 553, 42
8, 566, 41
8, 569, 31
8, 581, 42
8, 582, 3
8, 582, 8
8, 582, 40
8, 583, 30
8, 584, 2
8, 587, 16
8, 587, 44
8, 589, 25
8, 597, 55
8, 601, 18
8, 603, 34
8, 608, 57
8, 610, 38
8, 611, 33
8, 613, 25
8, 618, 1
8, 619, 4
8, 621, 12
8, 622, 20
8, 623, 37
8, 625, 26
8, 628, 6
8, 629, 37
8, 638, 11
8, 641, 50
8, 642, 24
8, 642, 60
8, 644, 49
8, 646, 29
8, 648, 22
8, 653, 51
8, 654, 12
8, 656, 13
8, 661, 43
8, 662, 2
8, 662, 15
8, 662, 57
8, 663, 9
8, 666, 52
8, 667, 53
8, 668, 34
8, 668, 50
8, 671, 19
8, 672, 39
8, 674, 6
8, 675, 8
8, 680, 54
8, 698, 41
8, 699, 56
8, 701, 29
8, 705, 5
8, 705, 21
8, 706, 11
8, 707, 40
8, 710, 50
8, 713, 13
8, 713, 27
8, 714, 7
8, 717, 26
8, 718, 18
8, 722, 44
8, 728, 3
8, 732, 31
8, 733, 28
8, 739, 36
8, 741, 42
8, 745, 36
8, 747, 22
8, 757, 33
8, 757, 44
8, 757, 54
8, 759, 9
8, 763, 38
8, 764, 25
8, 774, 26
8, 775, 51
8, 777, 10
8, 779, 1
8, 779, 57
8, 785, 2
8, 785, 46
8, 793, 30
8, 794, 10
8, 795, 2
8, 799, 50
9, 2, 35
9, 3, 11
9, 9, 19
9, 9, 40
9, 9, 53
9, 11, 11
9, 14, 37
9, 18, 56
9, 20, 47
9, 21, 33
9, 25, 16
9, 32, 36
9, 33, 3
9, 34, 30
9, 34, 54
9, 36, 8
9, 38, 25
9, 39, 52
9, 43, 50
9, 46, 12
9, 48, 56
9, 49, 7
9, 49, 20
9, 51, 52
9, 52, 2
9, 55, 13
9, 58, 42
9, 60, 51
9, 62, 43
9, 64, 38
9, 64, 48
9, 67, 7
9, 70, 59
9, 71, 15
9, 73, 44
9, 75, 7
9, 81, 9
9, 88, 34
9, 90, 58
9, 99, 16
9, 99, 25
9, 99, 45
9, 100, 19
9, 101, 28
9, 108, 22
9, 108, 49
9, 109, 37
9, 110, 10
9, 110, 20
9, 111, 39
9, 115, 14
9, 117, 23
9, 125, 19
9, 125, 40
9, 126, 13
9, 129, 18
9, 131, 33
9, 132, 40
9, 134, 30
9, 134, 45
9, 135, 5
9, 135, 21
9, 138, 19
9, 138, 28
9, 138, 58
9, 139, 17
9, 141, 1
9, 143, 39
9, 148, 55
9, 149, 31
9, 153, 21
9, 158, 11
9, 160, 47
9, 162, 29
9, 165, 6
9, 170, 32
9, 172, 59
9, 174, 2
9, 174, 10
9, 176, 53
9, 184, 11
9, 185, 12
9, 185, 44
9, 188, 59
9, 190, 35
9, 192, 26
9, 193, 33
9, 194, 43
9, 199, 27
9, 200, 41
9, 202, 9
9, 204, 48
9, 216, 30
9, 218, 12
9, 218, 54
9, 223, 42
9, 225, 25
9, 229, 37
9, 234, 3
9, 235, 9
9, 236, 12
9, 236, 20
9, 242, 48
9, 242, 56
9, 245, 14
9, 245, 18
9, 245, 24
9, 248, 58
9, 249, 28
9, 250, 40
9, 253, 55
9, 254, 8
9, 254, 17
9, 254, 24
9, 260, 11
9, 262, 38
9, 263, 7
9, 268, 51
9, 269, 47
9, 270, 46
9, 271, 35
9, 273, 15
9, 277, 12
9, 280, 39
9, 282, 5
9, 283, 33
9, 287, 9
9, 289, 1
9, 291, 30
9, 294, 16
9, 294, 45
9, 295, 13
9, 295, 19
9, 304, 53
9, 305, 37
9, 311, 34
9, 317, 31
9, 324, 30
9, 325, 41
9, 325, 58
9, 326, 22
9, 329, 49
9, 332, 31
9, 333, 26
9, 334, 28
9, 340, 59
9, 344, 50
9, 349, 43
9, 354, 23
9, 359, 36
9, 360, 21
9, 361, 35
9, 369, 25
9, 369, 54
9, 370, 39
9, 374, 33
9, 379, 27
9, 379, 35
9, 379, 43
9, 383, 31
9, 388, 26
9, 389, 23
9, 390, 56
9, 391, 29
9, 394, 27
9, 394, 51
9, 402, 51
9, 404, 22
9, 409, 52
9, 411, 32
9, 414, 37
9, 414, 46
9, 416, 40
9, 416, 48
9, 424, 34
9, 430, 38
9, 439, 42
9, 444, 56
9, 448, 55
9, 454, 56
9, 456, 40
9, 456, 45
9, 471, 24
9, 486, 34
9, 486, 35
9, 487, 30
9, 489, 45
9, 503, 36
9, 505, 8
9, 512, 47
9, 515, 38
9, 517, 43
9, 521, 35
9, 525, 6
9, 525, 31
9, 528, 41
9, 537, 12
9, 538, 27
9, 538, 49
9, 540, 23
9, 541, 18
9, 541, 53
9, 542, 48
9, 548, 13
9, 550, 7
9, 550, 26
9, 550, 45
9, 551, 4
9, 552, 43
9, 556, 10
9, 560, 19
9, 564, 9
9, 565, 37
9, 568, 20
9, 568, 28
9, 575, 15
9, 576, 39
9, 582, 53
9, 583, 15
9, 584, 51
9, 585, 11
9, 585, 33
9, 587, 54
9, 589, 2
9, 589, 40
9, 589, 58
9, 591, 54
9, 592, 5
9, 592, 21
9, 597, 24
9, 598, 23
9, 598, 30
9, 601, 22
9, 601, 48
9, 608, 7
9, 612, 48
9, 614, 41
9, 615, 9
9, 617, 46
9, 622, 17
9, 626, 16
9, 628, 25
9, 629, 50
9, 633, 27
9, 635, 27
9, 637, 56
9, 638, 46
9, 642, 35
9, 648, 13
9, 650, 44
9, 651, 8
9, 656, 27
9, 658, 1
9, 659, 3
9, 661, 29
9, 664, 52
9, 667, 12
9, 668, 19
9, 672, 2
9, 672, 38
9, 673, 40
9, 677, 56
9, 679, 30
9, 679, 31
9, 679, 42
9, 681, 16
9, 681, 50
9, 682, 5
9, 687, 49
9, 688, 6
9, 688, 12
9, 690, 38
9, 691, 13
9, 692, 15
9, 692, 16
9, 692, 24
9, 693, 11
9, 694, 28
9, 699, 4
9, 699, 34
9, 702, 22
9, 702, 50
9, 704, 50
9, 705, 20
9, 708, 55
9, 710, 32
9, 712, 3
9, 717, 54
9, 720, 2
9, 724, 14
9, 729, 42
9, 736, 3
9, 737, 48
9, 740, 32
9, 741, 17
9, 746, 10
9, 752, 31
9, 755, 17
9, 755, 46
9, 755, 58
9, 761, 15
9, 763, 34
9, 766, 36
9, 768, 35
9, 770, 25
9, 774, 28
9, 774, 41
9, 775, 9
9, 775, 39
9, 775, 55
9, 779, 17
9, 787, 11
9, 791, 8
9, 791, 16
9, 792, 44
9, 797, 20
10, 2, 55
10, 3, 17
10, 3, 23
10, 4, 6
10, 4, 22
10, 5, 49
10, 7, 25
10, 9, 20
10, 18, 50
10, 19, 25
10, 22, 18
10, 25, 44
10, 29, 37
10, 29, 58
10, 30, 13
10, 37, 51
10, 39, 33
10, 40, 16
10, 43, 59
10, 44, 9
10, 44, 51
10, 46, 41
10, 48, 45
10, 50, 48
10, 55, 17
10, 57, 11
10, 58, 26
10, 60, 27
10, 62, 36
10, 62, 46
10, 69, 38
10, 75, 40
10, 75, 53
10, 77, 3
10, 77, 22
10, 77, 54
10, 78, 32
10, 80, 60
10, 81, 34
10, 85, 20
10, 89, 2
10, 96, 46
10, 101, 57
10, 104, 11
10, 113, 3
10, 114, 40
10, 116, 17
10, 116, 42
10, 117, 39
10, 118, 44
10, 120, 49
10, 121, 10
10, 128, 49
10, 129, 47
10, 133, 8
10, 134, 26
10, 136, 23
10, 136, 25
10, 140, 53
10, 145, 24
10, 146, 12
10, 147, 7
10, 147, 56
10, 149, 37
10, 150, 41
10, 158, 38
10, 168, 2
10, 168, 19
10, 172, 52
10, 174, 27
10, 174, 50
10, 193, 40
10, 194, 42
10, 199, 35
10, 206, 6
10, 209, 32
10, 211, 28
10, 212, 7
10, 214, 33
10, 217, 45
10, 219, 20
10, 219, 51
10, 222, 29
10, 224, 47
10, 232, 21
10, 234, 48
10, 236, 33
10, 237, 15
10, 238, 11
10, 238, 14
10, 238, 51
10, 239, 8
10, 241, 22
10, 247, 16
10, 250, 42
10, 251, 27
10, 252, 44
10, 263, 28
10, 264, 44
10, 270, 49
10, 277, 6
10, 278, 36
10, 279, 9
10, 286, 13
10, 287, 19
10, 287, 54
10, 288, 26
10, 290, 56
10, 292, 18
10, 293, 11
10, 294, 39
10, 295, 41
10, 297, 43
10, 301, 45
10, 305, 30
10, 307, 59
10, 315, 60
10, 321, 33
10, 321, 57
10, 326, 40
10, 330, 19
10, 338, 34
10, 340, 35
10, 345, 55
10, 347, 29
10, 347, 60
10, 349, 53
10, 353, 24
10, 358, 54
10, 360, 23
10, 367, 30
10, 371, 37
10, 373, 53
10, 375, 20
10, 377, 46
10, 391, 38
10, 391, 56
10, 391, 59
10, 400, 48
10, 400, 53
10, 408, 51
10, 413, 49
10, 424, 25
10, 425, 27
10, 428, 44
10, 435, 32
10, 439, 50
10, 442, 28
10, 444, 49
10, 448, 21
10, 450, 26
10, 451, 35
10, 454, 34
10, 455, 36
10, 457, 47
10, 457, 59
10, 472, 26
10, 473, 42
10, 481, 46
10, 482, 32
10, 483, 43
10, 484, 36
10, 486, 57
10, 491, 45
10, 493, 52
10, 495, 39
10, 503, 29
10, 510, 23
10, 512, 22
10, 513, 41
10, 517, 7
10, 517, 30
10, 517, 31
10, 518, 22
10, 518, 33
10, 521, 16
10, 522, 15
10, 530, 12
10, 532, 8
10, 532, 33
10, 532, 51
10, 537, 3
10, 538, 17
10, 540, 40
10, 540, 56
10, 544, 28
10, 548, 53
10, 549, 23
10, 549, 24
10, 555, 2
10, 556, 6
10, 562, 19
10, 563, 51
10, 564, 44
10, 569, 48
10, 574, 11
10, 576, 55
10, 583, 45
10, 585, 59
10, 593, 19
10, 593, 38
10, 595, 55
10, 597, 12
10, 598, 32
10, 601, 23
10, 603, 9
10, 606, 14
10, 607, 27
10, 609, 42
10, 618, 20
10, 618, 43
10, 631, 37
10, 632, 25
10, 633, 39
10, 633, 49
10, 635, 16
10, 636, 21
10, 638, 2
10, 643, 18
10, 643, 31
10, 648, 35
10, 649, 20
10, 651, 53
10, 653, 47
10, 657, 46
10, 658, 41
10, 671, 21
10, 671, 26
10, 672, 16
10, 672, 17
10, 677, 38
10, 678, 38
10, 681, 29
10, 685, 24
10, 685, 42
10, 688, 44
10, 690, 29
10, 690, 45
10, 695, 15
10, 700, 30
10, 703, 3
10, 709, 9
10, 710, 46
10, 711, 8
10, 713, 13
10, 716, 13
10, 718, 58
10, 723, 42
10, 723, 60
10, 728, 14
10, 729, 55
10, 731, 52
10, 733, 23
10, 733, 33
10, 741, 51
10, 747, 7
10, 757, 43
10, 761, 25
10, 771, 32
10, 775, 59
10, 776, 39
10, 785, 11
10, 786, 22
10, 790, 25
10, 790, 37
10, 792, 19
10, 799, 12
11, 2, 52
11, 3, 28
11, 4, 20
11, 4, 41
11, 11, 6
11, 12, 40
11, 15, 3
11, 19, 3
11, 23, 27
11, 23, 50
11, 27, 32
11, 28, 12
11, 28, 25
11, 29, 60
11, 32, 55
11, 33, 44
11, 34, 19
11, 42, 20
11, 45, 2
11, 45, 31
11, 55, 32
11, 59, 36
11, 62, 1
11, 63, 26
11, 68, 11
11, 70, 9
11, 70, 30
11, 76, 8
11, 78, 55
11, 78, 57
11, 92, 35
11, 100, 4
11, 100, 19
11, 107, 27
11, 110, 17
11, 110, 20
11, 111, 44
11, 114, 31
11, 115, 24
11, 115, 40
11, 115, 47
11, 117, 43
11, 123, 51
11, 127, 24
11, 128, 52
11, 129, 28
11, 130, 1
11, 130, 25
11, 130, 46
11, 132, 16
11, 135, 46
11, 136, 7
11, 139, 11
11, 144, 7
11, 145, 32
11, 145, 47
11, 146, 58
11, 148, 23
11, 153, 48
11, 154, 49
11, 155, 45
11, 155, 54
11, 159, 10
11, 162, 19
11, 163, 22
11, 163, 50
11, 176, 2
11, 176, 16
11, 179, 41
11, 180, 3
11, 180, 20
11, 181, 33
11, 183, 21
11, 185, 35
11, 195, 12
11, 195, 26
11, 197, 3
11, 197, 43
11, 203, 11
11, 203, 12
11, 208, 2
11, 208, 44
11, 208, 57
11, 209, 54
11, 211, 42
11, 211, 44
11, 212, 40
11, 213, 56
11, 217, 5
11, 220, 30
11, 222, 34
11, 222, 52
11, 227, 36
11, 228, 37
11, 229, 39
11, 234, 58
11, 237, 27
11, 237, 41
11, 238, 38
11, 243, 44
11, 245, 17
11, 246, 10
11, 246, 20
11, 247, 14
11, 248, 47
11, 252, 38
11, 256, 60
11, 258, 18
11, 260, 13
11, 264, 6
11, 264, 29
11, 266, 42
11, 269, 24
11, 270, 36
11, 270, 42
11, 272, 21
11, 279, 7
11, 282, 9
11, 284, 34
11, 286, 26
11, 286, 39
11, 286, 51
11, 291, 4
11, 291, 45
11, 293, 26
11, 298, 33
11, 303, 28
11, 306, 25
11, 306, 55
11, 312, 48
11, 316, 32
11, 317, 38
11, 324, 23
11, 325, 19
11, 328, 37
11, 331, 43
11, 335, 39
11, 341, 49
11, 342, 31
11, 352, 32
11, 352, 50
11, 356, 24
11, 358, 41
11, 359, 46
11, 361, 26
11, 365, 35
11, 372, 41
11, 381, 52
11, 388, 46
11, 389, 35
11, 389, 41
11, 393, 31
11, 394, 25
11, 404, 38
11, 409, 54
11, 413, 44
11, 414, 23
11, 421, 30
11, 433, 47
11, 434, 34
11, 436, 27
11, 439, 22
11, 441, 54
11, 443, 44
11, 444, 40
11, 446, 59
11, 455, 26
11, 455, 29
11, 455, 30
11, 455, 52
11, 457, 28
11, 458, 45
11, 460, 33
11, 472, 59
11, 473, 28
11, 473, 51
11, 475, 50
11, 484, 36
11, 489, 33
11, 489, 49
11, 498, 16
11, 499, 56
11, 500, 21
11, 500, 27
11, 502, 17
11, 503, 1
11, 503, 20
11, 509, 36
11, 510, 37
11, 515, 26
11, 519, 45
11, 519, 50
11, 521, 3
11, 527, 39
11, 535, 8
11, 539, 10
11, 540, 42
11, 542, 13
11, 543, 12
11, 545, 41
11, 547, 6
11, 553, 11
11, 553, 22
11, 555, 32
11, 555, 48
11, 560, 55
11, 561, 18
11, 562, 13
11, 566, 24
11, 567, 20
11, 573, 18
11, 576, 24
11, 576, 29
11, 577, 32
11, 579, 14
11, 584, 38
11, 588, 60
11, 590, 35
11, 591, 12
11, 591, 58
11, 592, 34
11, 599, 43
11, 601, 18
11, 601, 25
11, 602, 26
11, 602, 48
11, 606, 36
11, 610, 57
11, 611, 51
11, 611, 54
11, 613, 42
11, 614, 13
11, 615, 41
11, 616, 46
11, 618, 48
11, 619, 23
11, 622, 19
11, 624, 17
11, 625, 31
11, 627, 45
11, 629, 11
11, 629, 40
11, 633, 8
11, 635, 9
11, 635, 30
11, 637, 12
11, 640, 2
11, 642, 44
11, 647, 31
11, 648, 21
11, 654, 18
11, 654, 52
11, 656, 5
11, 658, 4
11, 660, 6
11, 662, 22
11, 662, 27
11, 664, 9
11, 664, 54
11, 664, 55
11, 669, 28
11, 675, 47
11, 680, 7
11, 682, 16
11, 686, 46
11, 687, 18
11, 699, 23
11, 699, 24
11, 702, 3
11, 702, 37
11, 704, 56
11, 705, 36
11, 705, 59
11, 710, 29
11, 711, 10
11, 711, 33
11, 713, 8
11, 719, 11
11, 721, 26
11, 722, 9
11, 725, 24
11, 729, 48
11, 735, 14
11, 735, 48
11, 738, 50
11, 739, 30
11, 742, 34
11, 746, 22
11, 751, 3
11, 751, 5
11, 751, 28
11, 754, 35
11, 757, 39
11, 760, 17
11, 761, 54
11, 762, 4
11, 762, 27
11, 766, 57
11, 767, 38
11, 770, 22
11, 772, 51
11, 775, 18
11, 777, 13
11, 781, 12
11, 789, 36
11, 792, 44
11, 795, 40
11, 798, 16
12, 1, 3
12, 2, 35
12, 3, 18
12, 13, 28
12, 25, 8
12, 26, 13
12, 30, 54
12, 31, 42
12, 32, 1
12, 33, 26
12, 38, 9
12, 38, 53
12, 41, 31
12, 43, 2
12, 45, 23
12, 48, 40
12, 53, 27
12, 54, 11
12, 62, 22
12, 63, 50
12, 66, 15
12, 67, 6
12, 75, 31
12, 75, 37
12, 76, 52
12, 80, 28
12, 81, 12
12, 85, 14
12, 89, 1
12, 89, 30
12, 91, 33
12, 91, 41
12, 95, 6
12, 102, 5
12, 102, 37
12, 110, 2
12, 114, 54
12, 115, 23
12, 116, 50
12, 120, 7
12, 123, 30
12, 127, 48
12, 129, 25
12, 138, 3
12, 138, 18
12, 140, 51
12, 144, 10
12, 144, 34
12, 149, 17
12, 150, 44
12, 153, 14
12, 153, 26
12, 154, 15
12, 156, 42
12, 165, 11
12, 167, 15
12, 168, 36
12, 169, 20
12, 170, 59
12, 171, 56
12, 176, 5
12, 180, 31
12, 183, 20
12, 183, 39
12, 183, 44
12, 187, 52
12, 189, 8
12, 189, 13
12, 194, 18
12, 197, 11
12, 198, 28
12, 199, 27
12, 199, 45
12, 200, 21
12, 200, 24
12, 205, 23
12, 206, 9
12, 216, 1
12, 217, 7
12, 226, 37
12, 228, 3
12, 230, 22
12, 231, 25
12, 236, 47
12, 240, 40
12, 240, 50
12, 244, 6
12, 253, 31
12, 254, 2
12, 258, 55
12, 261, 35
12, 267, 16
12, 269, 3
12, 269, 5
12, 269, 19
12, 272, 53
12, 273, 29
12, 274, 15
12, 275, 49
12, 278, 43
12, 283, 10
12, 285, 40
12, 288, 51
12, 290, 11
12, 290, 13
12, 295, 4
12, 297, 36
12, 298, 18
12, 298, 31
12, 304, 41
12, 305, 56
12, 319, 24
12, 319, 50
12, 324, 54
12, 334, 24
12, 344, 38
12, 349, 46
12, 351, 32
12, 357, 30
12, 360, 52
12, 361, 34
12, 361, 39
12, 369, 19
12, 369, 42
12, 371, 28
12, 373, 59
12, 374, 29
12, 374, 59
12, 383, 37
12, 384, 44
12, 391, 39
12, 395, 30
12, 395, 35
12, 400, 21
12, 400, 48
12, 402, 26
12, 407, 43
12, 411, 37
12, 415, 45
12, 416, 23
12, 419, 33
12, 421, 47
12, 423, 57
12, 424, 27
12, 424, 43
12, 430, 51
12, 446, 36
12, 458, 53
12, 463, 56
12, 465, 23
12, 482, 22
12, 486, 27
12, 487, 25
12, 487, 50
12, 488, 44
12, 494, 53
12, 497, 28
12, 497, 38
12, 504, 31
12, 506, 32
12, 508, 44
12, 512, 52
12, 513, 49
12, 519, 42
12, 520, 40
12, 521, 33
12, 523, 18
12, 524, 14
12, 532, 9
12, 535, 20
12, 537, 5
12, 538, 12
12, 539, 16
12, 540, 17
12, 544, 48
12, 550, 26
12, 552, 8
12, 552, 46
12, 555, 29
12, 559, 6
12, 562, 54
12, 565, 41
12, 567, 14
12, 574, 24
12, 575, 16
12, 578, 3
12, 578, 30
12, 579, 19
12, 580, 20
12, 589, 10
12, 597, 43
12, 598, 3
12, 602, 59
12, 605, 49
12, 606, 4
12, 606, 47
12, 611, 60
12, 617, 11
12, 618, 39
12, 626, 45
12, 629, 53
12, 630, 6
12, 631, 7
12, 631, 35
12, 631, 39
12, 633, 37
12, 634, 56
12, 637, 20
12, 642, 18
12, 642, 30
12, 645, 15
12, 648, 29
12, 648, 40
12, 651, 9
12, 651, 42
12, 661, 23
12, 665, 13
12, 666, 2
12, 667, 9
12, 674, 28
12, 677, 34
12, 678, 44
12, 679, 49
12, 683, 5
12, 684, 10
12, 688, 25
12, 692, 1
12, 692, 21
12, 700, 36
12, 702, 17
12, 704, 3
12, 705, 40
12, 710, 43
12, 711, 48
12, 715, 31
12, 717, 26
12, 721, 33
12, 721, 52
12, 721, 56
12, 726, 22
12, 729, 37
12, 729, 47
12, 729, 53
12, 730, 24
12, 735, 10
12, 736, 43
12, 738, 2
12, 744, 30
12, 747, 12
12, 747, 54
12, 752, 3
12, 753, 7
12, 757, 35
12, 760, 56
12, 761, 1
12, 769, 46
12, 771, 8
12, 772, 4
12, 776, 49
12, 782, 14
12, 783, 38
12, 786, 29
12, 789, 41
12, 790, 39
12, 792, 6
12, 796, 52
12, 798, 23
13, 2, 25
13, 2, 41
13, 7, 49
13, 10, 11
13, 16, 19
13, 19, 4
13, 20, 3
13, 22, 14
13, 25, 5
13, 25, 20
13, 25, 51
13, 27, 22
13, 29, 32
13, 31, 7
13, 32, 52
13, 37, 13
13, 38, 11
13, 43, 26
13, 44, 20
13, 45, 14
13, 49, 39
13, 50, 38
13, 51, 42
13, 51, 50
13, 56, 46
13, 57, 27
13, 57, 36
13, 59, 15
13, 59, 53
13, 61, 17
13, 63, 6
13, 67, 21
13, 67, 57
13, 70, 23
13, 85, 55
13, 86, 11
13, 86, 33
13, 89, 3
13, 90, 43
13, 90, 45
13, 93, 9
13, 94, 18
13, 95, 13
13, 98, 53
13, 103, 46
13, 105, 30
13, 107, 40
13, 112, 52
13, 114, 23
13, 115, 24
13, 117, 3
13, 117, 58
13, 118, 3
13, 119, 45
13, 120, 37
13, 122, 48
13, 123, 36
13, 126, 41
13, 128, 16
13, 131, 34
13, 133, 50
13, 137, 43
13, 140, 8
13, 144, 40
13, 145, 26
13, 146, 6
13, 150, 27
13, 150, 31
13, 151, 5
13, 151, 43
13, 154, 35
13, 155, 50
13, 163, 12
13, 169, 25
13, 172, 41
13, 174, 7
13, 179, 28
13, 180, 46
13, 182, 19
13, 183, 4
13, 187, 22
13, 187, 29
13, 190, 37
13, 191, 2
13, 191, 13
13, 192, 32
13, 193, 50
13, 194, 11
13, 196, 2
13, 202, 47
13, 204, 22
13, 205, 8
13, 217, 13
13, 220, 38
13, 221, 34
13, 222, 13
13, 228, 48
13, 231, 15
13, 231, 20
13, 234, 17
13, 234, 32
13, 234, 44
13, 234, 51
13, 237, 17
13, 238, 19
13, 238, 44
13, 242, 6
13, 242, 47
13, 243, 49
13, 245, 30
13, 247, 10
13, 248, 33
13, 248, 44
13, 250, 15
13, 253, 6
13, 256, 16
13, 263, 21
13, 263, 44
13, 265, 3
13, 268, 9
13, 268, 11
13, 269, 36
13, 271, 15
13, 271, 55
13, 275, 23
13, 281, 18
13, 284, 45
13, 284, 53
13, 286, 4
13, 290, 38
13, 290, 39
13, 296, 43
13, 303, 29
13, 311, 58
13, 312, 31
13, 318, 59
13, 321, 38
13, 324, 24
13, 324, 48
13, 333, 49
13, 334, 42
13, 338, 27
13, 346, 46
13, 350, 38
13, 353, 40
13, 354, 58
13, 362, 35
13, 362, 50
13, 364, 23
13, 364, 37
13, 365, 29
13, 369, 52
13, 373, 25
13, 376, 21
13, 376, 43
13, 377, 32
13, 377, 55
13, 388, 54
13, 392, 51
13, 394, 26
13, 398, 30
13, 399, 42
13, 406, 46
13, 409, 29
13, 411, 28
13, 415, 52
13, 415, 57
13, 416, 21
13, 417, 34
13, 419, 44
13, 422, 57
13, 423, 25
13, 425, 22
13, 429, 20
13, 429, 33
13, 431, 41
13, 446, 40
13, 452, 45
13, 453, 35
13, 458, 49
13, 461, 31
13, 461, 36
13, 462, 38
13, 467, 53
13, 470, 23
13, 471, 44
13, 477, 29
13, 486, 55
13, 495, 48
13, 497, 33
13, 499, 50
13, 505, 2
13, 505, 10
13, 508, 51
13, 509, 7
13, 509, 46
13, 510, 57
13, 517, 48
13, 518, 59
13, 520, 47
13, 523, 23
13, 523, 40
13, 527, 48
13, 529, 12
13, 533, 5
13, 533, 8
13, 534, 17
13, 534, 32
13, 537, 40
13, 538, 13
13, 542, 44
13, 543, 9
13, 543, 24
13, 544, 30
13, 551, 43
13, 555, 42
13, 558, 15
13, 560, 26
13, 561, 11
13, 562, 34
13, 564, 37
13, 565, 43
13, 568, 58
13, 579, 15
13, 581, 22
13, 585, 54
13, 586, 45
13, 587, 6
13, 589, 19
13, 589, 28
13, 592, 22
13, 594, 4
13, 598, 25
13, 599, 39
13, 600, 16
13, 605, 16
13, 605, 47
13, 606, 36
13, 607, 12
13, 610, 21
13, 614, 9
13, 615, 20
13, 618, 33
13, 620, 18
13, 621, 27
13, 623, 52
13, 627, 13
13, 629, 49
13, 633, 39
13, 634, 10
13, 641, 17
13, 643, 32
13, 644, 38
13, 652, 31
13, 652, 45
13, 652, 50
13, 662, 35
13, 669, 18
13, 669, 24
13, 671, 30
13, 671, 57
13, 676, 27
13, 678, 32
13, 678, 41
13, 679, 23
13, 689, 3
13, 689, 8
13, 694, 41
13, 695, 48
13, 695, 57
13, 696, 7
13, 699, 7
13, 699, 21
13, 700, 50
13, 702, 32
13, 709, 24
13, 709, 46
13, 711, 29
13, 712, 43
13, 714, 55
13, 716, 2
13, 716, 35
13, 718, 6
13, 720, 53
13, 722, 11
13, 724, 38
13, 727, 8
13, 730, 26
13, 731, 9
13, 732, 18
13, 732, 36
13, 739, 12
13, 741, 27
13, 742, 2
13, 742, 19
13, 744, 8
13, 745, 40
13, 753, 15
13, 753, 31
13, 753, 50
13, 754, 44
13, 756, 20
13, 756, 46
13, 756, 59
13, 757, 54
13, 758, 33
13, 758, 59
13, 764, 45
13, 765, 15
13, 765, 37
13, 765, 49
13, 767, 26
13, 770, 14
13, 771, 45
13, 772, 30
13, 773, 22
13, 774, 48
13, 775, 4
13, 775, 21
13, 776, 37
13, 780, 5
13, 780, 25
13, 780, 42
13, 781, 4
13, 787, 13
13, 787, 55
13, 789, 7
13, 789, 52
13, 791, 40
13, 798, 12
14, 3, 51
14, 7, 42
14, 9, 20
14, 10, 33
14, 14, 5
14, 15, 32
14, 19, 18
14, 29, 48
14, 30, 43
14, 38, 34
14, 38, 44
14, 39, 37
14, 42, 41
14, 43, 50
14, 46, 6
14, 52, 33
14, 55, 6
14, 56, 38
14, 59, 48
14, 61, 19
14, 62, 1
14, 71, 30
14, 72, 27
14, 74, 2
14, 75, 40
14, 75, 45
14, 75, 47
14, 85, 32
14, 89, 23
14, 91, 26
14, 95, 21
14, 99, 25
14, 100, 29
14, 102, 17
14, 105, 60
14, 106, 26
14, 110, 31
14, 112, 46
14, 116, 11
14, 119, 11
14, 124, 33
14, 126, 1
14, 126, 43
14, 128, 45
14, 129, 1
14, 132, 32
14, 137, 16
14, 138, 5
14, 138, 37
14, 140, 23
14, 143, 8
14, 148, 18
14, 149, 22
14, 152, 14
14, 152, 18
14, 152, 34
14, 157, 7
14, 157, 44
14, 162, 6
14, 162, 55
14, 162, 57
14, 174, 51
14, 175, 3
14, 176, 54
14, 181, 6
14, 182, 13
14, 186, 52
14, 188, 27
14, 188, 48
14, 196, 17
14, 199, 50
14, 206, 2
14, 206, 42
14, 208, 9
14, 211, 42
14, 214, 30
14, 228, 35
14, 232, 29
14, 238, 52
14, 241, 4
14, 241, 24
14, 242, 30
14, 243, 19
14, 244, 26
14, 250, 38
14, 257, 18
14, 261, 20
14, 262, 33
14, 263, 14
14, 263, 25
14, 264, 51
14, 267, 21
14, 270, 13
14, 271, 5
14, 271, 32
14, 272, 27
14, 279, 11
14, 281, 14
14, 281, 43
14, 283, 47
14, 288, 6
14, 289, 37
14, 290, 15
14, 291, 1
14, 293, 46
14, 296, 7
14, 299, 23
14, 300, 8
14, 301, 42
14, 303, 45
14, 305, 40
14, 307, 27
14, 310, 40
14, 324, 22
14, 324, 37
14, 333, 34
14, 340, 34
14, 340, 44
14, 345, 23
14, 345, 55
14, 346, 32
14, 347, 45
14, 351, 26
14, 358, 60
14, 361, 50
14, 364, 26
14, 375, 41
14, 377, 31
14, 379, 29
14, 381, 44
14, 392, 48
14, 395, 28
14, 398, 38
14, 401, 57
14, 414, 20
14, 414, 24
14, 415, 41
14, 417, 30
14, 420, 35
14, 420, 55
14, 423, 30
14, 425, 36
14, 428, 42
14, 436, 24
14, 447, 21
14, 448, 35
14, 451, 46
14, 455, 28
14, 457, 33
14, 471, 47
14, 473, 37
14, 479, 52
14, 486, 32
14, 490, 54
14, 495, 34
14, 512, 32
14, 513, 2
14, 515, 44
14, 516, 3
14, 520, 40
14, 520, 45
14, 521, 19
14, 521, 25
14, 521, 51
14, 523, 23
14, 523, 52
14, 524, 60
14, 526, 42
14, 540, 9
14, 542, 33
14, 543, 50
14, 552, 16
14, 556, 7
14, 562, 17
14, 564, 57
14, 565, 19
14, 566, 29
14, 569, 27
14, 571, 9
14, 575, 13
14, 575, 38
14, 577, 43
14, 579, 41
14, 580, 46
14, 581, 40
14, 583, 22
14, 590, 36
14, 595, 5
14, 599, 33
14, 600, 8
14, 603, 7
14, 604, 28
14, 606, 7
14, 606, 37
14, 608, 31
14, 610, 1
14, 611, 18
14, 615, 6
14, 616, 54
14, 617, 33
14, 617, 47
14, 625, 55
14, 627, 2
14, 632, 14
14, 633, 29
14, 634, 20
14, 637, 48
14, 637, 55
14, 638, 8
14, 647, 30
14, 647, 50
14, 651, 4
14, 652, 8
14, 660, 9
14, 662, 51
14, 664, 54
14, 665, 42
14, 666, 15
14, 666, 30
14, 668, 11
14, 671, 21
14, 675, 45
14, 683, 24
14, 683, 26
14, 684, 20
14, 684, 36
14, 688, 37
14, 693, 13
14, 697, 44
14, 709, 23
14, 712, 38
14, 715, 28
14, 718, 30
14, 721, 50
14, 722, 2
14, 722, 52
14, 727, 24
14, 728, 16
14, 729, 22
14, 731, 60
14, 733, 43
14, 735, 33
14, 737, 46
14, 740, 3
14, 743, 37
14, 746, 62
14, 750, 44
14, 753, 5
14, 755, 27
14, 772, 29
14, 776, 52
14, 779, 7
14, 779, 18
14, 781, 36
14, 782, 30
14, 787, 55
14, 791, 40
14, 797, 11
14, 797, 19
15, 2, 4
15, 3, 28
15, 8, 26
15, 12, 23
15, 13, 9
15, 18, 50
15, 21, 36
15, 22, 58
15, 25, 18
15, 26, 54
15, 30, 11
15, 31, 29
15, 41, 40
15, 43, 30
15, 49, 40
15, 49, 57
15, 55, 6
15, 55, 49
15, 59, 40
15, 61, 3
15, 69, 47
15, 70, 17
15, 70, 31
15, 76, 8
15, 76, 24
15, 79, 30
15, 81, 1
15, 82, 14
15, 82, 52
15, 83, 28
15, 85, 20
15, 88, 23
15, 88, 48
15, 92, 54
15, 93, 54
15, 97, 2
15, 102, 6
15, 103, 56
15, 106, 3
15, 106, 13
15, 109, 55
15, 111, 16
15, 112, 14
15, 113, 3
15, 114, 25
15, 115, 10
15, 116, 19
15, 120, 23
15, 123, 38
15, 124, 32
15, 128, 38
15, 129, 22
15, 129, 24
15, 132, 7
15, 134, 14
15, 135, 35
15, 136, 53
15, 143, 7
15, 143, 10
15, 148, 5
15, 151, 37
15, 155, 27
15, 155, 54
15, 156, 17
15, 157, 18
15, 157, 21
15, 159, 6
15, 159, 22
15, 165, 30
15, 170, 24
15, 172, 33
15, 177, 9
15, 184, 7
15, 185, 6
15, 194, 50
15, 196, 60
15, 197, 12
15, 197, 17
15, 199, 10
15, 200, 50
15, 202, 49
15, 204, 47
15, 205, 13
15, 208, 4
15, 208, 58
15, 209, 15
15, 212, 26
15, 214, 42
15, 226, 46
15, 232, 42
15, 234, 39
15, 235, 21
15, 235, 40
15, 238, 11
15, 241, 14
15, 245, 1
15, 247, 23
15, 250, 59
15, 256, 28
15, 257, 28
15, 257, 56
15, 260, 44
15, 268, 57
15, 270, 45
15, 271, 31
15, 271, 35
15, 279, 3
15, 281, 14
15, 281, 48
15, 282, 19
15, 282, 21
15, 282, 43
15, 284, 29
15, 287, 2
15, 291, 10
15, 295, 16
15, 301, 52
15, 305, 25
15, 305, 32
15, 315, 55
15, 316, 30
15, 317, 24
15, 317, 49
15, 320, 38
15, 323, 40
15, 328, 53
15, 333, 20
15, 333, 46
15, 338, 37
15, 347, 36
15, 349, 27
15, 349, 54
15, 356, 50
15, 358, 18
15, 365, 27
15, 366, 51
15, 386, 47
15, 389, 48
15, 393, 60
15, 394, 36
15, 396, 22
15, 396, 28
15, 397, 42
15, 401, 52
15, 402, 35
15, 403, 24
15, 407, 33
15, 409, 41
15, 419, 31
15, 419, 40
15, 421, 31
15, 425, 23
15, 428, 45
15, 432, 26
15, 434, 38
15, 438, 22
15, 438, 56
15, 443, 28
15, 444, 34
15, 446, 32
15, 451, 43
15, 454, 49
15, 455, 30
15, 465, 46
15, 467, 39
15, 469, 29
15, 471, 42
15, 471, 45
15, 472, 58
15, 481, 53
15, 487, 38
15, 489, 23
15, 507, 5
15, 507, 13
15, 507, 47
15, 508, 7
15, 509, 52
15, 510, 50
15, 511, 52
15, 519, 55
15, 525, 3
15, 526, 28
15, 528, 37
15, 531, 33
15, 536, 34
15, 536, 44
15, 540, 43
15, 546, 6
15, 546, 46
15, 547, 55
15, 552, 23
15, 555, 51
15, 556, 12
15, 557, 21
15, 557, 31
15, 558, 15
15, 561, 59
15, 563, 20
15, 564, 9
15, 564, 48
15, 565, 4
15, 567, 25
15, 567, 29
15, 568, 17
15, 569, 57
15, 570, 27
15, 570, 44
15, 573, 1
15, 575, 41
15, 578, 35
15, 579, 37
15, 580, 1
15, 587, 10
15, 587, 18
15, 589, 36
15, 590, 54
15, 596, 56
15, 598, 32
15, 605, 11
15, 606, 2
15, 606, 6
15, 609, 14
15, 613, 49
15, 620, 3
15, 621, 22
15, 621, 47
15, 628, 19
15, 629, 26
15, 630, 29
15, 632, 40
15, 633, 14
15, 637, 7
15, 637, 39
15, 640, 13
15, 640, 30
15, 643, 3
15, 644, 2
15, 645, 43
15, 647, 30
15, 648, 11
15, 648, 33
15, 650, 56
15, 651, 13
15, 652, 17
15, 654, 16
15, 662, 39
15, 663, 24
15, 665, 16
15, 668, 34
15, 675, 12
15, 684, 60
15, 689, 44
15, 690, 12
15, 691, 33
15, 693, 39
15, 694, 42
15, 695, 28
15, 696, 9
15, 697, 2
15, 697, 15
15, 700, 5
15, 702, 45
15, 703, 41
15, 711, 5
15, 723, 29
15, 726, 51
15, 727, 25
15, 729, 21
15, 729, 33
15, 730, 50
15, 731, 7
15, 732, 38
15, 734, 47
15, 736, 51
15, 739, 18
15, 740, 27
15, 741, 28
15, 744, 9
15, 746, 1
15, 746, 14
15, 750, 11
15, 751, 6
15, 752, 26
15, 754, 52
15, 760, 39
15, 765, 7
15, 768, 37
15, 772, 3
15, 776, 11
15, 776, 20
15, 781, 5
15, 781, 31
15, 781, 44
15, 791, 12
15, 793, 21
15, 793, 46
15, 796, 43
15, 798, 23
16, 1, 5
16, 1, 8
16, 5, 23
16, 8, 1
16, 11, 15
16, 14, 41
16, 14, 55
16, 18, 35
16, 21, 21
16, 24, 26
16, 24, 28
16, 28, 30
16, 30, 26
16, 31, 31
16, 32, 36
16, 33, 15
16, 35, 7
16, 35, 48
16, 42, 32
16, 43, 13
16, 43, 14
16, 43, 40
16, 45, 56
16, 50, 46
16, 52, 29
16, 54, 34
16, 56, 20
16, 60, 16
16, 64, 16
16, 68, 48
16, 69, 11
16, 69, 39
16, 70, 49
16, 71, 42
16, 75, 13
16, 75, 60
16, 80, 52
16, 82, 24
16, 83, 18
16, 84, 24
16, 86, 10
16, 90, 43
16, 94, 5
16, 94, 23
16, 94, 34
16, 95, 7
16, 103, 35
16, 106, 9
16, 119, 50
16, 121, 44
16, 123, 4
16, 123, 24
16, 124, 19
16, 124, 27
16, 125, 43
16, 127, 7
16, 134, 47
16, 135, 57
16, 139, 3
16, 139, 25
16, 139, 52
16, 145, 14
16, 145, 28
16, 145, 56
16, 146, 6
16, 148, 22
16, 149, 8
16, 150, 41
16, 151, 21
16, 153, 16
16, 160, 21
16, 162, 49
16, 162, 54
16, 162, 58
16, 163, 47
16, 167, 28
16, 168, 17
16, 169, 32
16, 172, 5
16, 174, 30
16, 175, 25
16, 177, 15
16, 193, 1
16, 195, 49
16, 196, 2
16, 198, 2
16, 199, 37
16, 203, 40
16, 205, 20
16, 205, 32
16, 206, 9
16, 210, 11
16, 210, 56
16, 214, 26
16, 221, 4
16, 221, 13
16, 225, 34
16, 226, 46
16, 228, 31
16, 229, 57
16, 230, 25
16, 230, 52
16, 232, 36
16, 234, 1
16, 236, 29
16, 241, 10
16, 242, 48
16, 243, 26
16, 245, 35
16, 252, 3
16, 253, 23
16, 260, 19
16, 261, 32
16, 264, 18
16, 265, 20
16, 268, 40
16, 269, 53
16, 271, 36
16, 272, 6
16, 275, 53
16, 276, 21
16, 277, 54
16, 281, 35
16, 281, 37
16, 283, 50
16, 284, 46
16, 285, 19
16, 285, 38
16, 286, 11
16, 286, 41
16, 288, 45
16, 290, 16
16, 290, 43
16, 291, 36
16, 292, 32
16, 293, 7
16, 302, 56
16, 307, 23
16, 308, 60
16, 314, 42
16, 322, 27
16, 324, 31
16, 326, 49
16, 328, 39
16, 328, 52
16, 330, 24
16, 333, 48
16, 333, 52
16, 339, 55
16, 361, 30
16, 363, 34
16, 364, 45
16, 368, 61
16, 369, 28
16, 371, 54
16, 373, 35
16, 377, 23
16, 378, 49
16, 381, 29
16, 381, 47
16, 382, 21
16, 391, 25
16, 397, 29
16, 400, 53
16, 407, 47
16, 423, 20
16, 428, 25
16, 431, 37
16, 432, 28
16, 438, 44
16, 440, 34
16, 446, 39
16, 450, 48
16, 455, 50
16, 457, 38
16, 457, 40
16, 463, 43
16, 465, 44
16, 467, 26
16, 469, 50
16, 470, 52
16, 471, 45
16, 486, 58
16, 488, 39
16, 495, 42
16, 496, 57
16, 503, 43
16, 504, 3
16, 510, 14
16, 511, 41
16, 512, 18
16, 512, 27
16, 513, 28
16, 515, 24
16, 516, 31
16, 517, 8
16, 518, 36
16, 523, 57
16, 524, 40
16, 525, 17
16, 526, 29
16, 529, 6
16, 530, 10
16, 530, 34
16, 530, 46
16, 532, 47
16, 533, 7
16, 533, 30
16, 534, 2
16, 540, 7
16, 540, 56
16, 544, 1
16, 545, 4
16, 545, 35
16, 549, 21
16, 549, 23
16, 551, 13
16, 555, 18
16, 555, 54
16, 556, 32
16, 562, 38
16, 568, 56
16, 570, 5
16, 570, 34
16, 573, 54
16, 579, 29
16, 580, 55
16, 581, 32
16, 585, 35
16, 586, 16
16, 592, 40
16, 595, 17
16, 597, 19
16, 598, 11
16, 599, 5
16, 602, 24
16, 607, 47
16, 610, 16
16, 617, 60
16, 623, 31
16, 623, 48
16, 624, 41
16, 627, 7
16, 631, 34
16, 638, 37
16, 640, 46
16, 647, 26
16, 652, 15
16, 653, 9
16, 654, 36
16, 654, 44
16, 655, 25
16, 655, 49
16, 658, 24
16, 659, 8
16, 660, 21
16, 662, 3
16, 662, 42
16, 664, 20
16, 666, 30
16, 669, 11
16, 670, 27
16, 671, 16
16, 672, 39
16, 675, 43
16, 679, 45
16, 679, 54
16, 682, 14
16, 683, 50
16, 687, 28
16, 689, 2
16, 689, 6
16, 690, 58
16, 692, 52
16, 700, 6
16, 701, 41
16, 702, 29
16, 708, 44
16, 713, 57
16, 719, 8
16, 721, 1
16, 726, 58
16, 729, 43
16, 730, 5
16, 730, 17
16, 734, 6
16, 734, 38
16, 737, 21
16, 738, 31
16, 738, 37
16, 743, 10
16, 750, 40
16, 755, 30
16, 755, 50
16, 760, 35
16, 761, 32
16, 762, 54
16, 764, 24
16, 769, 47
16, 770, 20
16, 773, 19
16, 773, 41
16, 775, 43
16, 776, 12
16, 778, 29
16, 780, 56
16, 783, 28
16, 784, 39
16, 787, 5
16, 789, 2
16, 795, 9
16, 795, 28
16, 797, 55
17, 3, 16
17, 6, 44
17, 9, 44
17, 10, 37
17, 12, 14
17, 15, 45
17, 18, 15
17, 18, 46
17, 20, 30
17, 20, 53
17, 26, 9
17, 31, 32
17, 34, 19
17, 43, 23
17, 44, 20
17, 44, 48
17, 45, 29
17, 48, 11
17, 48, 13
17, 49, 25
17, 58, 33
17, 59, 44
17, 60, 52
17, 67, 57
17, 79, 1
17, 91, 41
17, 97, 19
17, 98, 40
17, 102, 8
17, 104, 30
17, 112, 47
17, 114, 15
17, 115, 33
17, 119, 26
17, 125, 6
17, 128, 37
17, 132, 6
17, 134, 38
17, 140, 38
17, 141, 33
17, 142, 58
17, 147, 10
17, 147, 56
17, 161, 2
17, 162, 19
17, 165, 28
17, 166, 47
17, 170, 22
17, 170, 27
17, 172, 44
17, 175, 23
17, 175, 45
17, 176, 35
17, 178, 41
17, 181, 29
17, 185, 13
17, 185, 49
17, 188, 24
17, 194, 20
17, 195, 46
17, 198, 21
17, 208, 36
17, 213, 59
17, 216, 18
17, 218, 48
17, 221, 31
17, 222, 9
17, 223, 45
17, 224, 7
17, 225, 40
17, 226, 55
17, 228, 52
17, 234, 43
17, 237, 14
17, 238, 30
17, 239, 1
17, 240, 4
17, 241, 15
17, 244, 30
17, 250, 25
17, 251, 23
17, 251, 44
17, 252, 16
17, 253, 12
17, 254, 32
17, 263, 42
17, 264, 11
17, 267, 8
17, 268, 9
17, 277, 60
17, 278, 2
17, 279, 32
17, 287, 6
17, 288, 22
17, 291, 9
17, 291, 58
17, 297, 39
17, 300, 25
17, 300, 49
17, 301, 43
17, 308, 45
17, 312, 53
17, 315, 41
17, 317, 19
17, 323, 22
17, 323, 29
17, 330, 20
17, 332, 38
17, 337, 29
17, 341, 24
17, 345, 57
17, 346, 27
17, 351, 28
17, 352, 26
17, 359, 35
17, 368, 47
17, 370, 37
17, 372, 48
17, 373, 23
17, 376, 29
17, 376, 37
17, 376, 55
17, 386, 60
17, 387, 56
17, 388, 31
17, 395, 30
17, 396, 57
17, 397, 26
17, 416, 39
17, 419, 36
17, 420, 48
17, 421, 44
17, 428, 46
17, 429, 33
17, 431, 47
17, 436, 52
17, 449, 52
17, 458, 42
17, 462, 35
17, 468, 49
17, 470, 34
17, 474, 40
17, 476, 45
17, 481, 23
17, 481, 32
17, 487, 25
17, 488, 43
17, 499, 31
17, 501, 42
17, 506, 27
17, 506, 33
17, 510, 7
17, 512, 9
17, 515, 4
17, 515, 16
17, 517, 21
17, 522, 8
17, 525, 13
17, 526, 59
17, 528, 28
17, 530, 59
17, 531, 12
17, 536, 18
17, 546, 10
17, 547, 41
17, 549, 53
17, 556, 48
17, 558, 38
17, 560, 46
17, 565, 22
17, 569, 21
17, 569, 37
17, 573, 2
17, 575, 1
17, 580, 40
17, 582, 6
17, 583, 20
17, 584, 19
17, 585, 59
17, 589, 58
17, 591, 35
17, 593, 22
17, 594, 27
17, 594, 32
17, 598, 37
17, 598, 39
17, 601, 49
17, 603, 16
17, 603, 26
17, 606, 15
17, 607, 24
17, 609, 7
17, 610, 56
17, 612, 30
17, 617, 36
17, 618, 11
17, 619, 7
17, 623, 15
17, 626, 23
17, 626, 33
17, 631, 29
17, 636, 47
17, 637, 9
17, 639, 3
17, 639, 17
17, 647, 45
17, 649, 52
17, 651, 44
17, 656, 39
17, 661, 13
17, 663, 28
17, 667, 13
17, 667, 34
17, 674, 2
17, 677, 24
17, 684, 7
17, 684, 57
17, 694, 43
17, 698, 3
17, 699, 32
17, 700, 21
17, 705, 55
17, 706, 48
17, 707, 53
17, 710, 37
17, 712, 20
17, 713, 35
17, 714, 46
17, 715, 30
17, 720, 1
17, 721, 25
17, 722, 14
17, 722, 60
17, 727, 31
17, 728, 4
17, 730, 38
17, 730, 59
17, 732, 35
17, 734, 17
17, 745, 26
17, 750, 9
17, 755, 3
17, 755, 8
17, 761, 10
17, 762, 6
17, 769, 30
17, 771, 37
17, 776, 42
17, 777, 15
17, 778, 52
17, 779, 2
17, 787, 33
17, 789, 13
17, 790, 49
17, 796, 29
17, 797, 32
18, 2, 56
18, 5, 7
18, 5, 54
18, 12, 18
18, 12, 42
18, 13, 52
18, 14, 9
18, 19, 14
18, 23, 26
18, 24, 47
18, 28, 28
18, 40, 46
18, 43, 11
18, 44, 57
18, 45, 28
18, 48, 43
18, 48, 51
18, 53, 54
18, 56, 17
18, 57, 8
18, 58, 23
18, 58, 36
18, 59, 28
18, 60, 49
18, 63, 12
18, 65, 5
18, 65, 16
18, 65, 37
18, 68, 33
18, 68, 34
18, 69, 6
18, 70, 20
18, 78, 11
18, 81, 2
18, 86, 16
18, 86, 38
18, 88, 58
18, 92, 18
18, 102, 31
18, 102, 44
18, 104, 42
18, 107, 14
18, 108, 25
18, 108, 56
18, 109, 3
18, 109, 33
18, 112, 10
18, 114, 18
18, 117, 1
18, 120, 5
18, 125, 5
18, 127, 9
18, 127, 35
18, 128, 4
18, 128, 51
18, 131, 19
18, 132, 15
18, 133, 24
18, 135, 21
18, 146, 31
18, 147, 23
18, 150, 49
18, 153, 32
18, 159, 52
18, 161, 35
18, 162, 9
18, 162, 37
18, 169, 43
18, 172, 13
18, 174, 44
18, 177, 9
18, 177, 13
18, 179, 28
18, 189, 54
18, 192, 5
18, 200, 12
18, 201, 26
18, 202, 45
18, 204, 41
18, 207, 27
18, 207, 30
18, 209, 50
18, 210, 26
18, 214, 20
18, 215, 23
18, 216, 22
18, 219, 1
18, 220, 29
18, 221, 55
18, 223, 20
18, 224, 24
18, 224, 51
18, 227, 3
18, 228, 14
18, 228, 51
18, 231, 8
18, 232, 21
18, 234, 54
18, 236, 10
18, 237, 43
18, 240, 47
18, 241, 57
18, 243, 15
18, 245, 18
18, 245, 35
18, 246, 52
18, 248, 6
18, 248, 8
18, 248, 12
18, 253, 34
18, 255, 16
18, 266, 10
18, 267, 46
18, 272, 33
18, 273, 7
18, 278, 30
18, 280, 28
18, 282, 38
18, 283, 53
18, 285, 11
18, 286, 14
18, 290, 55
18, 294, 43
18, 299, 32
18, 303, 36
18, 306, 43
18, 310, 49
18, 318, 31
18, 327, 34
18, 330, 44
18, 333, 23
18, 333, 31
18, 338, 36
18, 339, 34
18, 342, 54
18, 344, 39
18, 348, 29
18, 348, 46
18, 349, 54
18, 351, 51
18, 352, 22
18, 362, 58
18, 368, 37
18, 368, 41
18, 373, 57
18, 376, 39
18, 377, 40
18, 380, 42
18, 380, 56
18, 387, 30
18, 401, 44
18, 403, 47
18, 406, 35
18, 406, 45
18, 407, 50
18, 410, 27
18, 410, 44
18, 413, 52
18, 414, 26
18, 428, 38
18, 430, 49
18, 433, 44
18, 442, 33
18, 451, 42
18, 456, 33
18, 460, 49
18, 465, 30
18, 465, 46
18, 474, 35
18, 478, 31
18, 479, 18
18, 486, 21
18, 489, 20
18, 493, 28
18, 498, 23
18, 500, 25
18, 500, 45
18, 503, 24
18, 508, 52
18, 510, 20
18, 512, 34
18, 512, 42
18, 514, 58
18, 515, 36
18, 517, 18
18, 517, 25
18, 518, 17
18, 519, 29
18, 522, 38
18, 522, 50
18, 524, 3
18, 527, 6
18, 532, 32
18, 533, 13
18, 541, 16
18, 543, 33
18, 547, 11
18, 547, 37
18, 548, 52
18, 552, 9
18, 554, 26
18, 555, 53
18, 557, 43
18, 560, 12
18, 560, 37
18, 562, 2
18, 562, 35
18, 566, 21
18, 566, 44
18, 567, 39
18, 570, 27
18, 571, 8
18, 572, 22
18, 576, 4
18, 577, 45
18, 580, 50
18, 580, 55
18, 583, 55
18, 586, 10
18, 586, 48
18, 588, 10
18, 591, 19
18, 593, 4
18, 593, 6
18, 593, 57
18, 595, 13
18, 600, 38
18, 603, 4
18, 605, 46
18, 609, 5
18, 611, 28
18, 613, 9
18, 614, 28
18, 615, 20
18, 615, 35
18, 615, 44
18, 618, 3
18, 621, 41
18, 625, 16
18, 626, 39
18, 626, 40
18, 626, 56
18, 628, 40
18, 634, 42
18, 635, 49
18, 639, 29
18, 641, 31
18, 643, 25
18, 645, 54
18, 648, 3
18, 649, 21
18, 655, 53
18, 665, 1
18, 665, 48
18, 666, 55
18, 667, 36
18, 670, 26
18, 671, 7
18, 671, 58
18, 674, 15
18, 679, 6
18, 679, 57
18, 681, 35
18, 682, 29
18, 684, 35
18, 685, 18
18, 685, 32
18, 690, 44
18, 691, 45
18, 692, 12
18, 692, 50
18, 694, 20
18, 694, 23
18, 697, 35
18, 707, 14
18, 714, 9
18, 718, 52
18, 722, 21
18, 726, 5
18, 730, 25
18, 730, 33
18, 730, 42
18, 732, 12
18, 740, 13
18, 740, 34
18, 741, 21
18, 741, 50
18, 748, 5
18, 748, 17
18, 752, 19
18, 752, 57
18, 753, 7
18, 754, 40
18, 754, 53
18, 755, 16
18, 757, 22
18, 757, 30
18, 768, 9
18, 769, 2
18, 770, 39
18, 773, 4
18, 773, 27
18, 773, 58
18, 775, 33
18, 777, 35
18, 780, 37
18, 781, 39
18, 781, 45
18, 781, 48
18, 790, 38
18, 791, 55
18, 792, 36
18, 795, 7
18, 798, 3
19, 1, 15
19, 10, 25
19, 11, 22
19, 15, 27
19, 15, 46
19, 24, 3
19, 28, 1
19, 28, 17
19, 30, 9
19, 34, 42
19, 41, 39
19, 47, 44
19, 50, 52
19, 51, 32
19, 59, 35
19, 63, 49
19, 66, 29
19, 70, 14
19, 74, 32
19, 76, 48
19, 80, 54
19, 81, 34
19, 83, 30
19, 84, 14
19, 87, 24
19, 92, 51
19, 98, 18
19, 101, 56
19, 102, 47
19, 104, 12
19, 108, 31
19, 115, 15
19, 115, 23
19, 117, 28
19, 117, 50
19, 120, 27
19, 136, 19
19, 136, 35
19, 137, 46
19, 139, 23
19, 141, 53
19, 150, 41
19, 150, 45
19, 153, 10
19, 153, 39
19, 154, 48
19, 158, 8
19, 161, 5
19, 161, 26
19, 163, 13
19, 167, 36
19, 168, 6
19, 169, 21
19, 169, 39
19, 170, 42
19, 171, 14
19, 175, 13
19, 184, 2
19, 186, 4
19, 187, 8
19, 188, 18
19, 188, 34
19, 188, 52
19, 195, 37
19, 209, 22
19, 209, 30
19, 209, 54
19, 211, 29
19, 211, 40
19, 214, 33
19, 214, 57
19, 217, 23
19, 222, 42
19, 231, 35
19, 231, 41
19, 231, 52
19, 235, 24
19, 246, 55
19, 248, 1
19, 251, 47
19, 254, 34
19, 255, 49
19, 260, 29
19, 261, 28
19, 263, 16
19, 264, 9
19, 268, 7
19, 268, 10
19, 268, 34
19, 271, 38
19, 275, 5
19, 278, 12
19, 278, 31
19, 279, 25
19, 280, 7
19, 281, 19
19, 282, 51
19, 285, 30
19, 288, 44
19, 291, 22
19, 291, 52
19, 321, 56
19, 324, 27
19, 326, 39
19, 327, 24
19, 335, 49
19, 339, 53
19, 354, 24
19, 354, 35
19, 356, 48
19, 364, 21
19, 364, 31
19, 366, 45
19, 373, 29
19, 376, 50
19, 381, 51
19, 390, 36
19, 393, 42
19, 403, 43
19, 413, 34
19, 415, 45
19, 423, 22
19, 424, 46
19, 429, 30
19, 435, 32
19, 435, 47
19, 437, 23
19, 437, 26
19, 438, 26
19, 455, 46
19, 465, 28
19, 472, 27
19, 476, 52
19, 478, 33
19, 478, 37
19, 485, 57
19, 491, 40
19, 494, 41
19, 500, 20
19, 500, 49
19, 515, 11
19, 521, 31
19, 524, 17
19, 524, 35
19, 527, 42
19, 527, 54
19, 531, 35
19, 535, 55
19, 537, 16
19, 537, 43
19, 542, 38
19, 545, 47
19, 546, 29
19, 549, 48
19, 550, 6
19, 550, 28
19, 552, 14
19, 554, 44
19, 557, 2
19, 562, 56
19, 563, 8
19, 563, 15
19, 566, 9
19, 571, 3
19, 571, 36
19, 573, 18
19, 579, 1
19, 579, 54
19, 580, 19
19, 586, 53
19, 593, 45
19, 598, 1
19, 598, 42
19, 605, 26
19, 610, 38
19, 611, 8
19, 613, 22
19, 616, 49
19, 618, 30
19, 621, 5
19, 621, 34
19, 624, 32
19, 626, 22
19, 627, 50
19, 629, 51
19, 633, 16
19, 635, 21
19, 639, 41
19, 643, 4
19, 647, 57
19, 648, 17
19, 651, 31
19, 655, 27
19, 661, 28
19, 667, 35
19, 669, 52
19, 671, 22
19, 676, 21
19, 677, 37
19, 681, 7
19, 689, 40
19, 690, 6
19, 695, 30
19, 698, 10
19, 698, 25
19, 700, 53
19, 703, 29
19, 703, 44
19, 704, 44
19, 707, 20
19, 713, 4
19, 720, 15
19, 720, 45
19, 723, 19
19, 724, 50
19, 730, 12
19, 738, 56
19, 739, 9
19, 739, 55
19, 740, 5
19, 741, 36
19, 745, 48
19, 748, 2
19, 751, 44
19, 753, 42
19, 756, 14
19, 758, 10
19, 760, 19
19, 764, 8
19, 765, 8
19, 767, 24
19, 769, 21
19, 772, 17
19, 773, 47
19, 780, 54
19, 782, 3
19, 783, 27
19, 786, 49
19, 788, 7
19, 790, 4
19, 794, 34
19, 797, 25
