1, 12, 18
1, 20, 45
1, 24, 17
1, 29, 59
1, 30, 36
1, 32, 50
1, 39, 35
1, 44, 43
1, 48, 44
1, 49, 21
1, 52, 32
1, 54, 24
1, 79, 50
1, 83, 37
1, 93, 9
1, 93, 29
1, 96, 24
1, 111, 42
1, 123, 23
1, 124, 1
1, 127, 51
1, 137, 2
1, 143, 15
1, 147, 19
1, 148, 48
1, 153, 31
1, 166, 9
1, 169, 41
1, 180, 33
1, 190, 59
1, 206, 18
1, 214, 11
1, 223, 38
1, 227, 43
1, 228, 6
1, 238, 57
1, 243, 50
1, 243, 51
1, 247, 31
1, 269, 3
1, 274, 37
1, 277, 33
1, 277, 48
1, 279, 32
1, 281, 59
1, 292, 24
1, 300, 5
1, 305, 29
1, 311, 40
1, 315, 56
1, 319, 21
1, 330, 17
1, 337, 51
1, 337, 64
1, 358, 34
1, 375, 23
1, 381, 24
1, 391, 44
1, 402, 34
1, 421, 30
1, 432, 42
1, 441, 50
1, 443, 54
1, 456, 35
1, 461, 59
1, 472, 31
1, 482, 54
1, 483, 43
1, 486, 59
1, 496, 57
1, 500, 56
1, 513, 29
1, 517, 19
1, 525, 48
1, 544, 32
1, 546, 9
1, 549, 19
1, 557, 33
1, 559, 9
1, 575, 21
1, 575, 38
1, 578, 54
1, 582, 24
1, 586, 41
1, 588, 6
1, 591, 57
1, 593, 20
1, 598, 1
1, 603, 23
1, 614, 17
1, 620, 9
1, 631, 24
1, 649, 5
1, 655, 36
1, 656, 3
1, 667, 45
1, 672, 30
1, 673, 35
1, 680, 51
1, 685, 42
1, 690, 24
1, 703, 5
1, 713, 35
1, 724, 6
1, 728, 34
1, 729, 56
1, 735, 23
1, 749, 33
1, 750, 40
1, 752, 48
1, 753, 29
1, 758, 42
1, 759, 59
1, 766, 50
1, 770, 54
1, 774, 19
1, 779, 64
1, 787, 57
1, 788, 15
1, 792, 9
1, 797, 17
1, 799, 32
2, 1, 6
2, 4, 42
2, 5, 30
2, 12, 40
2, 14, 62
2, 17, 43
2, 18, 23
2, 22, 31
2, 26, 52
2, 35, 10
2, 47, 59
2, 48, 48
2, 55, 5
2, 58, 51
2, 63, 55
2, 68, 35
2, 81, 18
2, 86, 41
2, 89, 29
2, 91, 1
2, 91, 5
2, 93, 15
2, 95, 25
2, 114, 29
2, 124, 61
2, 133, 56
2, 142, 6
2, 147, 34
2, 148, 11
2, 151, 21
2, 152, 27
2, 159, 33
2, 165, 48
2, 166, 6
2, 167, 3
2, 170, 19
2, 171, 62
2, 173, 22
2, 183, 4
2, 183, 29
2, 183, 51
2, 189, 30
2, 191, 1
2, 200, 40
2, 209, 43
2, 212, 2
2, 221, 38
2, 223, 42
2, 228, 28
2, 235, 31
2, 240, 12
2, 248, 35
2, 254, 40
2, 257, 18
2, 274, 10
2, 277, 55
2, 285, 41
2, 293, 3
2, 302, 21
2, 303, 59
2, 308, 52
2, 322, 23
2, 354, 19
2, 357, 46
2, 366, 51
2, 378, 34
2, 386, 39
2, 393, 29
2, 396, 19
2, 410, 41
2, 416, 34
2, 417, 25
2, 434, 61
2, 440, 48
2, 443, 56
2, 448, 62
2, 450, 43
2, 455, 33
2, 461, 18
2, 462, 27
2, 472, 38
2, 477, 31
2, 485, 52
2, 489, 43
2, 491, 42
2, 496, 15
2, 499, 33
2, 500, 22
2, 500, 48
2, 506, 28
2, 509, 1
2, 521, 30
2, 528, 5
2, 529, 12
2, 530, 39
2, 533, 15
2, 539, 12
2, 553, 23
2, 558, 27
2, 558, 35
2, 566, 46
2, 574, 6
2, 575, 55
2, 575, 59
2, 577, 42
2, 598, 29
2, 610, 11
2, 628, 4
2, 629, 10
2, 633, 55
2, 634, 21
2, 636, 23
2, 637, 3
2, 656, 41
2, 662, 4
2, 664, 62
2, 665, 43
2, 671, 34
2, 671, 52
2, 672, 38
2, 673, 18
2, 673, 30
2, 677, 22
2, 683, 17
2, 684, 6
2, 687, 19
2, 689, 51
2, 690, 40
2, 691, 5
2, 695, 18
2, 700, 15
2, 701, 25
2, 702, 51
2, 717, 43
2, 721, 2
2, 724, 27
2, 738, 39
2, 739, 35
2, 743, 61
2, 744, 33
2, 745, 2
2, 747, 3
2, 752, 29
2, 757, 31
2, 765, 38
2, 775, 12
2, 778, 30
2, 779, 1
2, 779, 59
2, 782, 29
2, 786, 48
2, 789, 6
2, 789, 23
3, 10, 56
3, 17, 4
3, 22, 49
3, 28, 9
3, 36, 22
3, 49, 42
3, 55, 35
3, 59, 46
3, 60, 1
3, 70, 32
3, 82, 14
3, 96, 56
3, 115, 16
3, 124, 20
3, 128, 27
3, 130, 4
3, 135, 15
3, 136, 26
3, 136, 28
3, 141, 59
3, 158, 41
3, 160, 31
3, 178, 24
3, 186, 18
3, 194, 9
3, 199, 49
3, 205, 20
3, 207, 36
3, 209, 56
3, 209, 57
3, 214, 55
3, 217, 18
3, 224, 1
3, 224, 11
3, 224, 28
3, 229, 17
3, 233, 51
3, 234, 14
3, 239, 6
3, 240, 33
3, 241, 11
3, 242, 25
3, 244, 16
3, 246, 17
3, 246, 37
3, 252, 56
3, 253, 54
3, 255, 16
3, 257, 22
3, 259, 9
3, 272, 44
3, 275, 49
3, 282, 15
3, 285, 35
3, 313, 42
3, 315, 27
3, 321, 31
3, 322, 36
3, 324, 32
3, 324, 39
3, 325, 17
3, 334, 35
3, 341, 41
3, 347, 31
3, 352, 55
3, 357, 49
3, 363, 26
3, 371, 32
3, 373, 44
3, 419, 57
3, 422, 24
3, 422, 39
3, 424, 25
3, 448, 41
3, 448, 53
3, 450, 59
3, 475, 36
3, 480, 51
3, 483, 28
3, 487, 35
3, 521, 32
3, 525, 53
3, 529, 37
3, 532, 33
3, 533, 27
3, 535, 17
3, 542, 24
3, 548, 16
3, 549, 59
3, 553, 27
3, 571, 4
3, 573, 15
3, 573, 18
3, 588, 57
3, 590, 20
3, 596, 31
3, 597, 22
3, 606, 1
3, 613, 44
3, 614, 42
3, 616, 35
3, 616, 49
3, 626, 53
3, 629, 9
3, 629, 18
3, 630, 39
3, 646, 41
3, 647, 16
3, 651, 55
3, 657, 25
3, 668, 59
3, 671, 37
3, 673, 42
3, 679, 6
3, 687, 15
3, 705, 28
3, 715, 5
3, 715, 54
3, 729, 42
3, 739, 11
3, 750, 36
3, 764, 28
3, 764, 44
3, 769, 11
3, 780, 57
3, 786, 37
3, 789, 24
3, 794, 18
3, 799, 32
4, 10, 13
4, 11, 33
4, 22, 3
4, 28, 28
4, 43, 33
4, 45, 15
4, 51, 1
4, 52, 12
4, 54, 10
4, 70, 49
4, 80, 50
4, 83, 5
4, 84, 45
4, 91, 10
4, 104, 39
4, 106, 32
4, 110, 48
4, 112, 3
4, 113, 7
4, 116, 30
4, 118, 18
4, 127, 34
4, 131, 45
4, 133, 1
4, 141, 48
4, 165, 12
4, 167, 20
4, 176, 51
4, 184, 38
4, 195, 34
4, 195, 48
4, 198, 3
4, 204, 63
4, 211, 11
4, 219, 21
4, 222, 20
4, 225, 8
4, 227, 29
4, 227, 55
4, 228, 32
4, 232, 10
4, 238, 49
4, 241, 49
4, 243, 15
4, 247, 13
4, 253, 33
4, 256, 54
4, 263, 45
4, 264, 3
4, 274, 7
4, 276, 18
4, 289, 5
4, 295, 30
4, 297, 50
4, 301, 39
4, 303, 39
4, 320, 48
4, 326, 28
4, 361, 12
4, 377, 20
4, 393, 48
4, 394, 15
4, 408, 51
4, 417, 38
4, 422, 33
4, 429, 13
4, 436, 51
4, 452, 63
4, 453, 42
4, 462, 39
4, 463, 49
4, 483, 11
4, 483, 32
4, 487, 34
4, 488, 8
4, 502, 1
4, 502, 29
4, 516, 10
4, 523, 45
4, 526, 18
4, 540, 54
4, 543, 50
4, 549, 51
4, 563, 39
4, 580, 30
4, 586, 15
4, 600, 21
4, 604, 15
4, 609, 49
4, 625, 3
4, 642, 30
4, 660, 51
4, 660, 63
4, 665, 42
4, 672, 7
4, 674, 32
4, 677, 15
4, 696, 11
4, 698, 33
4, 701, 28
4, 709, 34
4, 718, 5
4, 728, 63
4, 736, 10
4, 742, 20
4, 744, 15
4, 744, 18
4, 753, 8
4, 757, 54
4, 761, 12
4, 764, 55
4, 765, 39
4, 768, 11
4, 781, 7
4, 782, 49
5, 4, 22
5, 6, 27
5, 20, 4
5, 20, 61
5, 21, 44
5, 29, 59
5, 30, 29
5, 36, 17
5, 37, 6
5, 40, 31
5, 58, 23
5, 58, 37
5, 65, 3
5, 69, 16
5, 78, 21
5, 86, 57
5, 91, 40
5, 92, 20
5, 93, 55
5, 95, 58
5, 107, 9
5, 111, 54
5, 122, 26
5, 122, 52
5, 125, 18
5, 132, 56
5, 141, 10
5, 159, 33
5, 179, 45
5, 181, 33
5, 191, 17
5, 205, 38
5, 207, 27
5, 215, 50
5, 222, 40
5, 223, 59
5, 225, 23
5, 225, 61
5, 232, 21
5, 233, 22
5, 234, 9
5, 254, 26
5, 260, 16
5, 267, 31
5, 274, 21
5, 281, 6
5, 288, 3
5, 291, 5
5, 291, 57
5, 293, 29
5, 304, 44
5, 336, 35
5, 338, 54
5, 339, 58
5, 341, 31
5, 344, 20
5, 350, 37
5, 359, 45
5, 375, 55
5, 377, 61
5, 383, 29
5, 398, 44
5, 409, 18
5, 425, 50
5, 428, 45
5, 455, 59
5, 463, 27
5, 467, 26
5, 472, 22
5, 472, 39
5, 479, 55
5, 481, 40
5, 487, 17
5, 490, 33
5, 502, 18
5, 506, 23
5, 508, 39
5, 517, 16
5, 517, 26
5, 521, 56
5, 521, 61
5, 530, 57
5, 541, 17
5, 547, 37
5, 550, 21
5, 551, 57
5, 555, 5
5, 557, 10
5, 569, 31
5, 570, 58
5, 582, 20
5, 598, 9
5, 602, 5
5, 614, 20
5, 615, 52
5, 619, 40
5, 629, 6
5, 640, 61
5, 647, 57
5, 656, 37
5, 660, 54
5, 667, 40
5, 669, 44
5, 681, 59
5, 683, 4
5, 685, 38
5, 693, 50
5, 694, 4
5, 695, 10
5, 698, 45
5, 705, 29
5, 717, 17
5, 717, 27
5, 718, 61
5, 719, 55
5, 720, 40
5, 722, 16
5, 726, 26
5, 728, 38
5, 729, 50
5, 731, 35
5, 738, 3
5, 739, 23
5, 739, 57
5, 748, 9
5, 760, 16
5, 764, 39
5, 767, 29
5, 768, 37
5, 777, 18
5, 787, 20
5, 789, 33
5, 791, 20
6, 2, 4
6, 3, 44
6, 6, 54
6, 8, 8
6, 27, 6
6, 36, 21
6, 37, 35
6, 47, 24
6, 49, 7
6, 62, 14
6, 67, 10
6, 76, 31
6, 77, 35
6, 85, 27
6, 85, 43
6, 91, 2
6, 91, 53
6, 103, 41
6, 116, 35
6, 117, 13
6, 123, 32
6, 129, 8
6, 138, 44
6, 140, 7
6, 140, 50
6, 145, 62
6, 147, 36
6, 150, 14
6, 152, 3
6, 155, 56
6, 158, 39
6, 159, 22
6, 160, 1
6, 163, 26
6, 163, 54
6, 163, 57
6, 164, 58
6, 167, 3
6, 174, 13
6, 178, 21
6, 185, 36
6, 187, 42
6, 188, 47
6, 201, 24
6, 208, 37
6, 232, 6
6, 250, 8
6, 251, 32
6, 257, 53
6, 268, 11
6, 270, 16
6, 275, 35
6, 276, 47
6, 280, 43
6, 282, 7
6, 289, 41
6, 291, 26
6, 302, 50
6, 320, 37
6, 335, 44
6, 348, 15
6, 357, 47
6, 371, 22
6, 376, 14
6, 389, 54
6, 399, 39
6, 400, 27
6, 408, 56
6, 410, 16
6, 410, 31
6, 413, 57
6, 416, 36
6, 434, 13
6, 437, 33
6, 448, 62
6, 458, 47
6, 462, 36
6, 469, 50
6, 471, 30
6, 472, 42
6, 476, 58
6, 483, 21
6, 519, 19
6, 521, 32
6, 528, 53
6, 531, 37
6, 532, 31
6, 533, 39
6, 542, 39
6, 555, 16
6, 556, 47
6, 557, 57
6, 563, 11
6, 564, 4
6, 570, 6
6, 581, 43
6, 593, 3
6, 597, 8
6, 600, 15
6, 604, 21
6, 605, 37
6, 609, 2
6, 629, 2
6, 630, 50
6, 633, 22
6, 635, 44
6, 636, 39
6, 641, 1
6, 644, 11
6, 644, 35
6, 646, 21
6, 648, 36
6, 668, 41
6, 672, 15
6, 677, 33
6, 678, 24
6, 678, 54
6, 683, 7
6, 683, 53
6, 691, 37
6, 692, 30
6, 694, 42
6, 694, 56
6, 697, 27
6, 697, 58
6, 704, 41
6, 716, 62
6, 717, 6
6, 717, 32
6, 722, 57
6, 727, 47
6, 731, 13
6, 754, 2
6, 761, 37
6, 780, 31
6, 789, 57
6, 799, 10
7, 16, 19
7, 29, 2
7, 29, 55
7, 30, 54
7, 37, 14
7, 37, 41
7, 39, 42
7, 43, 7
7, 43, 36
7, 44, 26
7, 46, 51
7, 60, 40
7, 62, 48
7, 63, 9
7, 63, 18
7, 71, 7
7, 84, 34
7, 98, 4
7, 98, 25
7, 104, 20
7, 108, 12
7, 110, 61
7, 114, 3
7, 118, 36
7, 120, 27
7, 135, 37
7, 137, 45
7, 145, 54
7, 155, 7
7, 162, 29
7, 163, 31
7, 167, 33
7, 174, 24
7, 177, 2
7, 180, 28
7, 188, 50
7, 191, 8
7, 192, 12
7, 193, 26
7, 214, 34
7, 217, 2
7, 223, 39
7, 224, 2
7, 243, 48
7, 243, 59
7, 244, 51
7, 249, 40
7, 254, 48
7, 258, 42
7, 263, 4
7, 269, 18
7, 269, 23
7, 269, 33
7, 273, 7
7, 274, 20
7, 281, 14
7, 283, 9
7, 284, 12
7, 285, 36
7, 298, 17
7, 311, 20
7, 312, 31
7, 322, 45
7, 331, 29
7, 331, 59
7, 333, 61
7, 376, 18
7, 379, 24
7, 383, 37
7, 384, 29
7, 392, 27
7, 418, 50
7, 427, 19
7, 427, 25
7, 427, 37
7, 428, 45
7, 429, 34
7, 431, 55
7, 444, 48
7, 454, 39
7, 454, 51
7, 472, 49
7, 475, 20
7, 476, 23
7, 487, 45
7, 494, 51
7, 496, 61
7, 497, 28
7, 502, 26
7, 506, 3
7, 509, 48
7, 510, 8
7, 511, 51
7, 521, 24
7, 539, 40
7, 543, 4
7, 543, 49
7, 550, 45
7, 556, 17
7, 564, 36
7, 566, 1
7, 566, 41
7, 567, 20
7, 577, 31
7, 580, 54
7, 587, 37
7, 590, 7
7, 590, 25
7, 592, 50
7, 599, 30
7, 607, 24
7, 617, 33
7, 619, 29
7, 621, 3
7, 633, 26
7, 645, 27
7, 654, 61
7, 657, 51
7, 663, 51
7, 669, 18
7, 675, 9
7, 678, 19
7, 699, 2
7, 703, 12
7, 731, 8
7, 737, 20
7, 750, 12
7, 758, 18
7, 765, 9
7, 766, 50
7, 774, 1
7, 774, 24
7, 779, 34
7, 784, 42
7, 789, 24
7, 795, 40
7, 796, 48
8, 20, 11
8, 22, 53
8, 35, 25
8, 36, 13
8, 45, 16
8, 51, 59
8, 54, 23
8, 56, 18
8, 58, 25
8, 70, 39
8, 73, 62
8, 86, 6
8, 96, 30
8, 102, 46
8, 103, 54
8, 107, 28
8, 115, 50
8, 115, 55
8, 130, 60
8, 134, 11
8, 136, 27
8, 143, 40
8, 158, 33
8, 162, 16
8, 168, 52
8, 169, 57
8, 171, 26
8, 171, 48
8, 174, 22
8, 179, 35
8, 183, 20
8, 188, 31
8, 194, 13
8, 195, 11
8, 197, 22
8, 211, 30
8, 214, 37
8, 234, 46
8, 238, 44
8, 250, 50
8, 252, 68
8, 254, 31
8, 255, 10
8, 257, 21
8, 277, 25
8, 286, 54
8, 291, 28
8, 294, 62
8, 305, 54
8, 309, 27
8, 317, 20
8, 325, 26
8, 330, 39
8, 341, 30
8, 347, 55
8, 369, 46
8, 378, 16
8, 378, 37
8, 387, 18
8, 390, 35
8, 396, 40
8, 396, 44
8, 406, 60
8, 413, 23
8, 418, 52
8, 426, 31
8, 428, 44
8, 436, 48
8, 439, 22
8, 439, 35
8, 439, 48
8, 446, 37
8, 455, 27
8, 469, 57
8, 482, 53
8, 486, 31
8, 488, 46
8, 497, 30
8, 509, 39
8, 510, 11
8, 515, 22
8, 516, 53
8, 530, 20
8, 532, 10
8, 536, 20
8, 543, 33
8, 544, 54
8, 547, 16
8, 547, 26
8, 553, 50
8, 558, 21
8, 562, 28
8, 563, 54
8, 577, 23
8, 597, 6
8, 606, 62
8, 618, 28
8, 619, 59
8, 628, 18
8, 634, 60
8, 636, 55
8, 649, 37
8, 649, 40
8, 652, 32
8, 654, 44
8, 662, 18
8, 667, 48
8, 667, 54
8, 670, 23
8, 674, 46
8, 678, 13
8, 680, 31
8, 685, 39
8, 689, 62
8, 691, 52
8, 701, 33
8, 712, 35
8, 713, 30
8, 734, 6
8, 734, 48
8, 737, 20
8, 740, 27
8, 741, 59
8, 746, 22
8, 749, 31
8, 763, 32
8, 763, 54
8, 764, 21
8, 768, 26
8, 790, 50
8, 796, 70
9, 15, 2
9, 25, 42
9, 27, 28
9, 27, 36
9, 30, 23
9, 33, 28
9, 37, 44
9, 40, 22
9, 47, 41
9, 51, 15
9, 53, 4
9, 63, 19
9, 66, 57
9, 82, 50
9, 84, 46
9, 85, 40
9, 89, 30
9, 104, 51
9, 126, 25
9, 138, 5
9, 147, 57
9, 153, 41
9, 154, 60
9, 167, 15
9, 170, 57
9, 175, 33
9, 178, 41
9, 187, 9
9, 190, 38
9, 194, 23
9, 200, 57
9, 223, 25
9, 225, 6
9, 225, 59
9, 231, 20
9, 244, 4
9, 244, 50
9, 247, 2
9, 258, 15
9, 259, 50
9, 265, 40
9, 270, 6
9, 275, 30
9, 284, 44
9, 292, 42
9, 303, 14
9, 308, 27
9, 318, 36
9, 320, 33
9, 321, 42
9, 324, 58
9, 326, 18
9, 328, 53
9, 332, 23
9, 344, 51
9, 345, 42
9, 376, 36
9, 379, 15
9, 380, 33
9, 380, 46
9, 393, 51
9, 395, 31
9, 421, 22
9, 438, 57
9, 450, 22
9, 453, 36
9, 464, 19
9, 466, 41
9, 472, 9
9, 485, 20
9, 489, 59
9, 499, 38
9, 501, 60
9, 508, 27
9, 515, 2
9, 518, 40
9, 531, 36
9, 533, 44
9, 542, 25
9, 547, 30
9, 555, 42
9, 565, 5
9, 567, 50
9, 580, 59
9, 581, 46
9, 584, 49
9, 586, 31
9, 588, 14
9, 588, 23
9, 592, 25
9, 595, 44
9, 600, 38
9, 607, 18
9, 608, 28
9, 609, 4
9, 610, 51
9, 621, 59
9, 622, 33
9, 633, 20
9, 645, 19
9, 649, 6
9, 652, 14
9, 656, 58
9, 658, 53
9, 716, 44
9, 724, 2
9, 726, 18
9, 726, 38
9, 732, 22
9, 737, 51
9, 739, 40
9, 752, 6
9, 756, 2
9, 759, 46
9, 768, 31
9, 782, 60
10, 9, 18
10, 11, 27
10, 14, 37
10, 14, 39
10, 21, 49
10, 22, 25
10, 28, 46
10, 33, 20
10, 42, 12
10, 48, 1
10, 55, 33
10, 61, 26
10, 67, 36
10, 71, 6
10, 84, 49
10, 85, 35
10, 87, 21
10, 87, 27
10, 101, 8
10, 107, 28
10, 109, 48
10, 114, 9
10, 114, 41
10, 119, 40
10, 126, 51
10, 137, 42
10, 138, 20
10, 143, 25
10, 145, 38
10, 147, 49
10, 151, 54
10, 155, 34
10, 161, 46
10, 170, 4
10, 170, 13
10, 176, 30
10, 177, 14
10, 179, 39
10, 182, 25
10, 189, 28
10, 194, 5
10, 198, 34
10, 200, 23
10, 207, 1
10, 214, 18
10, 236, 20
10, 237, 18
10, 249, 15
10, 254, 8
10, 255, 38
10, 260, 7
10, 260, 11
10, 269, 62
10, 271, 41
10, 278, 9
10, 279, 37
10, 291, 33
10, 295, 26
10, 297, 12
10, 297, 21
10, 298, 35
10, 301, 39
10, 308, 58
10, 328, 26
10, 328, 42
10, 342, 37
10, 349, 27
10, 349, 33
10, 353, 51
10, 358, 26
10, 364, 27
10, 371, 48
10, 381, 49
10, 385, 23
10, 402, 35
10, 415, 34
10, 445, 42
10, 449, 46
10, 456, 35
10, 458, 30
10, 477, 25
10, 494, 14
10, 496, 23
10, 498, 9
10, 507, 20
10, 508, 18
10, 513, 34
10, 513, 40
10, 517, 1
10, 519, 43
10, 528, 57
10, 529, 7
10, 531, 6
10, 532, 11
10, 536, 9
10, 541, 1
10, 544, 13
10, 544, 41
10, 555, 4
10, 568, 28
10, 570, 35
10, 571, 54
10, 576, 12
10, 577, 41
10, 582, 30
10, 585, 33
10, 587, 39
10, 595, 22
10, 598, 49
10, 613, 25
10, 613, 46
10, 622, 48
10, 622, 62
10, 632, 14
10, 638, 42
10, 640, 51
10, 648, 49
10, 649, 34
10, 651, 28
10, 657, 13
10, 658, 21
10, 678, 26
10, 680, 58
10, 688, 18
10, 691, 15
10, 691, 22
10, 695, 41
10, 697, 27
10, 698, 5
10, 711, 26
10, 720, 23
10, 721, 9
10, 721, 54
10, 727, 7
10, 728, 48
10, 729, 43
10, 739, 58
10, 750, 5
10, 776, 38
10, 778, 57
10, 781, 25
10, 787, 34
10, 791, 48
10, 792, 11
10, 795, 62
10, 798, 22
11, 5, 5
11, 5, 13
11, 9, 15
11, 13, 6
11, 17, 10
11, 26, 14
11, 31, 23
11, 36, 49
11, 40, 40
11, 47, 24
11, 57, 54
11, 61, 40
11, 64, 12
11, 64, 16
11, 65, 47
11, 67, 33
11, 69, 15
11, 84, 4
11, 89, 1
11, 91, 48
11, 91, 50
11, 92, 19
11, 101, 40
11, 102, 56
11, 111, 9
11, 116, 16
11, 121, 26
11, 121, 46
11, 122, 20
11, 124, 12
11, 131, 52
11, 134, 5
11, 140, 33
11, 141, 8
11, 148, 48
11, 155, 43
11, 160, 49
11, 171, 18
11, 172, 45
11, 183, 2
11, 189, 47
11, 198, 14
11, 201, 31
11, 217, 26
11, 220, 9
11, 224, 26
11, 237, 33
11, 246, 18
11, 256, 57
11, 259, 1
11, 261, 16
11, 278, 4
11, 278, 10
11, 278, 15
11, 278, 51
11, 278, 56
11, 284, 11
11, 288, 54
11, 298, 19
11, 300, 9
11, 314, 48
11, 319, 6
11, 321, 40
11, 328, 23
11, 343, 53
11, 346, 59
11, 355, 23
11, 359, 50
11, 369, 24
11, 375, 33
11, 375, 49
11, 376, 43
11, 387, 50
11, 392, 47
11, 395, 53
11, 404, 54
11, 415, 24
11, 420, 43
11, 428, 31
11, 434, 52
11, 441, 20
11, 444, 45
11, 445, 57
11, 469, 46
11, 482, 26
11, 484, 46
11, 488, 5
11, 508, 26
11, 513, 2
11, 513, 57
11, 520, 26
11, 522, 4
11, 522, 51
11, 533, 14
11, 533, 23
11, 535, 48
11, 545, 47
11, 546, 8
11, 547, 27
11, 549, 10
11, 549, 33
11, 553, 18
11, 557, 56
11, 558, 19
11, 559, 16
11, 560, 31
11, 565, 40
11, 568, 16
11, 568, 46
11, 572, 54
11, 584, 12
11, 605, 4
11, 606, 9
11, 613, 56
11, 615, 1
11, 619, 50
11, 628, 6
11, 631, 53
11, 666, 43
11, 673, 24
11, 691, 9
11, 692, 20
11, 700, 4
11, 700, 51
11, 706, 19
11, 712, 15
11, 713, 11
11, 713, 46
11, 721, 47
11, 722, 53
11, 730, 20
11, 737, 57
11, 744, 20
11, 751, 27
11, 758, 10
11, 760, 26
11, 761, 49
11, 764, 43
11, 770, 56
11, 771, 16
11, 773, 2
11, 778, 31
11, 789, 50
11, 791, 59
11, 792, 8
12, 4, 19
12, 6, 7
12, 9, 45
12, 11, 14
12, 12, 47
12, 27, 28
12, 32, 3
12, 34, 58
12, 35, 20
12, 38, 25
12, 38, 42
12, 43, 4
12, 45, 8
12, 72, 14
12, 74, 55
12, 83, 18
12, 83, 57
12, 98, 39
12, 104, 7
12, 110, 26
12, 113, 16
12, 115, 37
12, 118, 25
12, 123, 3
12, 125, 43
12, 129, 58
12, 136, 48
12, 148, 16
12, 156, 50
12, 159, 38
12, 163, 19
12, 174, 18
12, 176, 35
12, 177, 55
12, 180, 51
12, 184, 21
12, 184, 93
12, 193, 51
12, 197, 53
12, 217, 41
12, 218, 31
12, 221, 42
12, 230, 41
12, 235, 25
12, 237, 49
12, 241, 5
12, 241, 20
12, 256, 39
12, 257, 32
12, 264, 47
12, 275, 7
12, 283, 4
12, 293, 54
12, 294, 55
12, 295, 57
12, 312, 61
12, 313, 44
12, 322, 45
12, 324, 41
12, 352, 51
12, 353, 26
12, 363, 28
12, 369, 22
12, 371, 61
12, 373, 54
12, 376, 37
12, 383, 28
12, 390, 43
12, 395, 14
12, 406, 48
12, 410, 53
12, 412, 8
12, 420, 30
12, 425, 26
12, 450, 35
12, 468, 48
12, 475, 31
12, 493, 38
12, 493, 49
12, 498, 18
12, 501, 5
12, 513, 21
12, 522, 54
12, 523, 41
12, 530, 45
12, 536, 55
12, 540, 20
12, 545, 18
12, 545, 32
12, 548, 58
12, 550, 57
12, 551, 7
12, 564, 53
12, 568, 43
12, 572, 25
12, 574, 16
12, 578, 61
12, 583, 39
12, 590, 22
12, 600, 3
12, 607, 58
12, 621, 28
12, 623, 19
12, 625, 16
12, 633, 44
12, 636, 55
12, 639, 30
12, 656, 37
12, 657, 28
12, 665, 5
12, 666, 10
12, 670, 50
12, 699, 48
12, 709, 26
12, 710, 41
12, 714, 51
12, 723, 57
12, 730, 25
12, 731, 32
12, 734, 30
12, 735, 20
12, 740, 7
12, 740, 31
12, 745, 45
12, 750, 49
12, 757, 14
12, 768, 7
12, 774, 18
12, 779, 5
12, 784, 16
12, 784, 28
12, 787, 26
12, 791, 10
12, 796, 22
13, 17, 20
13, 38, 19
13, 39, 33
13, 44, 12
13, 45, 2
13, 58, 1
13, 59, 7
13, 60, 29
13, 62, 13
13, 68, 24
13, 72, 38
13, 76, 24
13, 77, 4
13, 77, 45
13, 78, 29
13, 87, 3
13, 87, 39
13, 93, 45
13, 94, 51
13, 102, 17
13, 103, 50
13, 105, 31
13, 110, 42
13, 113, 37
13, 117, 21
13, 118, 52
13, 125, 48
13, 129, 38
13, 141, 33
13, 143, 17
13, 146, 44
13, 153, 53
13, 155, 26
13, 157, 3
13, 159, 17
13, 166, 36
13, 177, 9
13, 191, 7
13, 197, 20
13, 200, 25
13, 205, 2
13, 211, 43
13, 214, 44
13, 223, 7
13, 224, 8
13, 241, 33
13, 250, 24
13, 254, 29
13, 256, 2
13, 262, 52
13, 266, 4
13, 266, 38
13, 280, 43
13, 289, 48
13, 295, 51
13, 303, 12
13, 322, 46
13, 328, 19
13, 333, 53
13, 337, 29
13, 345, 59
13, 361, 35
13, 362, 21
13, 366, 9
13, 366, 45
13, 374, 31
13, 376, 42
13, 385, 21
13, 389, 36
13, 395, 55
13, 397, 26
13, 400, 50
13, 401, 44
13, 406, 41
13, 413, 59
13, 416, 13
13, 417, 52
13, 431, 17
13, 437, 25
13, 437, 51
13, 439, 19
13, 443, 39
13, 446, 53
13, 448, 26
13, 454, 40
13, 477, 13
13, 482, 33
13, 489, 37
13, 509, 7
13, 519, 1
13, 520, 46
13, 529, 8
13, 530, 38
13, 540, 7
13, 544, 3
13, 549, 50
13, 554, 2
13, 555, 24
13, 557, 20
13, 576, 43
13, 577, 17
13, 582, 47
13, 586, 12
13, 590, 45
13, 595, 45
13, 598, 9
13, 604, 29
13, 614, 21
13, 614, 47
13, 619, 14
13, 630, 55
13, 634, 55
13, 637, 51
13, 638, 42
13, 639, 31
13, 641, 40
13, 641, 42
13, 645, 35
13, 647, 4
13, 652, 41
13, 661, 47
13, 664, 33
13, 668, 26
13, 672, 21
13, 677, 33
13, 678, 8
13, 687, 55
13, 690, 29
13, 690, 59
13, 691, 2
13, 694, 36
13, 696, 39
13, 699, 19
13, 700, 48
13, 702, 52
13, 706, 25
13, 712, 3
13, 718, 17
13, 727, 44
13, 728, 13
13, 728, 40
13, 736, 14
13, 736, 55
13, 754, 43
13, 757, 50
13, 758, 22
13, 773, 20
13, 775, 3
13, 791, 31
13, 796, 9
14, 3, 43
14, 6, 30
14, 19, 6
14, 23, 20
14, 24, 38
14, 26, 30
14, 36, 48
14, 39, 44
14, 39, 57
14, 42, 23
14, 46, 13
14, 60, 22
14, 61, 56
14, 66, 21
14, 70, 4
14, 72, 28
14, 81, 15
14, 86, 29
14, 96, 1
14, 106, 14
14, 111, 22
14, 112, 37
14, 115, 32
14, 116, 44
14, 127, 28
14, 130, 33
14, 133, 42
14, 145, 53
14, 146, 38
14, 152, 58
14, 155, 31
14, 156, 42
14, 174, 54
14, 180, 13
14, 188, 11
14, 189, 25
14, 192, 56
14, 195, 12
14, 206, 46
14, 207, 52
14, 210, 2
14, 226, 46
14, 228, 13
14, 231, 45
14, 237, 14
14, 239, 47
14, 241, 50
14, 254, 25
14, 264, 5
14, 271, 20
14, 277, 23
14, 283, 15
14, 291, 1
14, 292, 40
14, 303, 48
14, 306, 55
14, 307, 20
14, 313, 28
14, 318, 21
14, 322, 15
14, 324, 30
14, 326, 34
14, 329, 54
14, 333, 52
14, 350, 32
14, 360, 22
14, 368, 41
14, 396, 57
14, 404, 37
14, 405, 53
14, 420, 29
14, 422, 42
14, 445, 23
14, 447, 37
14, 453, 46
14, 458, 41
14, 465, 45
14, 466, 56
14, 474, 43
14, 476, 46
14, 483, 38
14, 489, 31
14, 491, 11
14, 492, 54
14, 493, 14
14, 501, 44
14, 504, 33
14, 508, 55
14, 518, 45
14, 524, 28
14, 525, 6
14, 533, 57
14, 534, 44
14, 559, 40
14, 564, 43
14, 578, 11
14, 585, 58
14, 593, 28
14, 595, 20
14, 596, 40
14, 598, 47
14, 600, 11
14, 604, 52
14, 606, 21
14, 606, 34
14, 606, 37
14, 611, 2
14, 630, 32
14, 635, 33
14, 643, 13
14, 644, 30
14, 646, 29
14, 649, 15
14, 650, 1
14, 656, 20
14, 666, 4
14, 668, 42
14, 668, 45
14, 674, 43
14, 678, 28
14, 701, 53
14, 706, 31
14, 713, 56
14, 717, 55
14, 721, 12
14, 723, 48
14, 723, 50
14, 729, 41
14, 740, 40
14, 747, 22
14, 750, 30
14, 750, 46
14, 765, 23
14, 772, 56
14, 777, 57
14, 779, 33
14, 783, 6
14, 784, 5
14, 784, 56
14, 796, 29
14, 799, 46
15, 4, 53
15, 6, 41
15, 12, 14
15, 29, 55
15, 33, 55
15, 34, 38
15, 40, 8
15, 53, 54
15, 63, 27
15, 66, 46
15, 69, 44
15, 71, 54
15, 80, 11
15, 82, 33
15, 86, 58
15, 92, 16
15, 93, 19
15, 93, 23
15, 94, 5
15, 102, 15
15, 110, 9
15, 127, 8
15, 131, 19
15, 134, 3
15, 137, 20
15, 164, 6
15, 167, 52
15, 169, 35
15, 170, 41
15, 174, 59
15, 179, 37
15, 181, 49
15, 188, 4
15, 204, 45
15, 211, 34
15, 212, 3
15, 216, 56
15, 219, 53
15, 228, 30
15, 233, 32
15, 246, 7
15, 256, 49
15, 259, 43
15, 262, 9
15, 267, 16
15, 276, 14
15, 278, 46
15, 298, 38
15, 308, 54
15, 312, 58
15, 313, 44
15, 320, 44
15, 327, 55
15, 331, 33
15, 348, 20
15, 352, 46
15, 361, 19
15, 366, 33
15, 374, 45
15, 377, 51
15, 379, 23
15, 409, 15
15, 426, 30
15, 432, 55
15, 457, 58
15, 459, 35
15, 460, 34
15, 463, 27
15, 468, 36
15, 480, 49
15, 484, 29
15, 496, 53
15, 498, 46
15, 502, 11
15, 502, 59
15, 505, 8
15, 508, 23
15, 508, 38
15, 517, 35
15, 525, 33
15, 525, 38
15, 528, 3
15, 528, 43
15, 540, 55
15, 544, 49
15, 567, 37
15, 586, 32
15, 586, 58
15, 587, 27
15, 589, 5
15, 590, 20
15, 601, 49
15, 602, 19
15, 603, 9
15, 608, 14
15, 610, 52
15, 614, 30
15, 616, 43
15, 631, 44
15, 631, 56
15, 640, 6
15, 650, 45
15, 657, 23
15, 663, 37
15, 669, 51
15, 686, 15
15, 699, 29
15, 701, 27
15, 702, 7
15, 709, 32
15, 721, 38
15, 723, 33
15, 724, 43
15, 725, 49
15, 744, 59
15, 752, 51
15, 765, 4
15, 766, 14
15, 769, 53
15, 775, 55
15, 792, 35
15, 795, 5
16, 4, 16
16, 7, 33
16, 8, 61
16, 13, 57
16, 16, 60
16, 19, 46
16, 20, 32
16, 26, 7
16, 37, 51
16, 43, 4
16, 46, 50
16, 64, 59
16, 70, 55
16, 73, 19
16, 78, 29
16, 80, 33
16, 82, 39
16, 99, 40
16, 100, 41
16, 104, 57
16, 107, 34
16, 110, 30
16, 115, 17
16, 124, 54
16, 134, 22
16, 138, 42
16, 139, 35
16, 146, 19
16, 150, 32
16, 153, 53
16, 156, 16
16, 157, 2
16, 162, 51
16, 162, 52
16, 167, 23
16, 169, 51
16, 171, 55
16, 172, 40
16, 180, 23
16, 181, 26
16, 182, 28
16, 183, 40
16, 187, 42
16, 195, 43
16, 209, 7
16, 220, 51
16, 226, 24
16, 228, 48
16, 232, 8
16, 232, 50
16, 234, 50
16, 236, 28
16, 245, 61
16, 246, 42
16, 250, 4
16, 251, 14
16, 252, 5
16, 259, 31
16, 261, 20
16, 261, 56
16, 270, 46
16, 278, 34
16, 278, 59
16, 279, 11
16, 279, 20
16, 289, 29
16, 296, 29
16, 297, 41
16, 298, 16
16, 302, 16
16, 305, 32
16, 321, 57
16, 322, 4
16, 329, 59
16, 329, 60
16, 332, 37
16, 333, 22
16, 335, 39
16, 344, 55
16, 347, 35
16, 349, 48
16, 349, 51
16, 358, 54
16, 383, 30
16, 394, 60
16, 395, 53
16, 410, 19
16, 414, 40
16, 424, 26
16, 447, 23
16, 447, 33
16, 450, 32
16, 457, 52
16, 458, 31
16, 472, 50
16, 475, 19
16, 475, 28
16, 493, 46
16, 497, 32
16, 499, 43
16, 502, 47
16, 506, 24
16, 522, 48
16, 541, 30
16, 546, 16
16, 549, 41
16, 550, 11
16, 556, 14
16, 556, 37
16, 561, 61
16, 570, 50
16, 572, 7
16, 576, 8
16, 576, 17
16, 577, 29
16, 584, 43
16, 592, 23
16, 592, 34
16, 596, 51
16, 597, 22
16, 601, 20
16, 602, 56
16, 605, 35
16, 618, 2
16, 620, 59
16, 621, 54
16, 632, 42
16, 640, 40
16, 640, 42
16, 641, 24
16, 650, 53
16, 651, 60
16, 655, 16
16, 664, 14
16, 667, 28
16, 669, 22
16, 674, 11
16, 676, 37
16, 676, 52
16, 678, 32
16, 689, 4
16, 692, 17
16, 706, 31
16, 707, 5
16, 710, 33
16, 731, 32
16, 731, 48
16, 736, 26
16, 736, 50
16, 736, 55
16, 738, 16
16, 742, 43
16, 744, 51
16, 753, 46
16, 761, 24
16, 770, 8
16, 776, 37
16, 779, 29
16, 782, 14
16, 784, 61
16, 789, 11
16, 796, 42
17, 1, 59
17, 10, 29
17, 13, 39
17, 19, 22
17, 20, 12
17, 25, 47
17, 35, 5
17, 36, 25
17, 38, 4
17, 38, 41
17, 41, 40
17, 45, 46
17, 47, 55
17, 51, 1
17, 52, 39
17, 57, 44
17, 78, 20
17, 82, 45
17, 93, 35
17, 94, 12
17, 96, 9
17, 96, 21
17, 102, 61
17, 104, 5
17, 106, 47
17, 111, 20
17, 112, 28
17, 113, 18
17, 113, 40
17, 117, 3
17, 118, 14
17, 123, 58
17, 133, 32
17, 148, 5
17, 154, 24
17, 155, 13
17, 156, 30
17, 157, 2
17, 163, 8
17, 163, 49
17, 171, 33
17, 176, 31
17, 178, 52
17, 179, 46
17, 183, 13
17, 187, 4
17, 192, 56
17, 193, 59
17, 208, 1
17, 210, 43
17, 221, 18
17, 225, 14
17, 229, 21
17, 244, 11
17, 244, 29
17, 245, 51
17, 252, 41
17, 258, 3
17, 262, 9
17, 262, 27
17, 270, 25
17, 271, 4
17, 281, 12
17, 282, 28
17, 284, 33
17, 286, 44
17, 287, 30
17, 296, 24
17, 297, 52
17, 298, 5
17, 301, 32
17, 316, 39
17, 317, 39
17, 322, 60
17, 323, 43
17, 334, 40
17, 336, 58
17, 351, 35
17, 357, 31
17, 369, 23
17, 376, 39
17, 379, 29
17, 379, 61
17, 383, 45
17, 385, 59
17, 386, 49
17, 387, 25
17, 392, 41
17, 395, 61
17, 414, 13
17, 417, 43
17, 428, 47
17, 441, 35
17, 445, 28
17, 448, 33
17, 449, 58
17, 453, 18
17, 465, 9
17, 481, 22
17, 494, 1
17, 498, 20
17, 499, 41
17, 504, 30
17, 508, 52
17, 512, 2
17, 513, 51
17, 516, 14
17, 522, 9
17, 542, 41
17, 552, 60
17, 554, 44
17, 555, 4
17, 558, 56
17, 559, 40
17, 559, 43
17, 562, 24
17, 564, 3
17, 564, 18
17, 572, 12
17, 574, 58
17, 576, 21
17, 577, 2
17, 578, 6
17, 590, 23
17, 608, 39
17, 609, 44
17, 613, 60
17, 623, 3
17, 630, 27
17, 631, 13
17, 631, 22
17, 634, 52
17, 640, 58
17, 641, 32
17, 642, 14
17, 643, 5
17, 643, 25
17, 651, 20
17, 655, 31
17, 656, 35
17, 656, 47
17, 668, 14
17, 668, 29
17, 671, 51
17, 672, 49
17, 683, 4
17, 685, 59
17, 692, 39
17, 694, 41
17, 695, 46
17, 705, 2
17, 707, 40
17, 714, 21
17, 719, 61
17, 720, 5
17, 723, 6
17, 723, 28
17, 725, 11
17, 726, 60
17, 736, 30
17, 737, 5
17, 743, 27
17, 746, 21
17, 746, 56
17, 747, 12
17, 758, 1
17, 761, 35
17, 762, 2
17, 768, 45
17, 773, 45
17, 775, 30
17, 776, 3
17, 797, 9
17, 797, 58
18, 1, 5
18, 4, 18
18, 13, 36
18, 17, 7
18, 19, 14
18, 24, 54
18, 49, 57
18, 56, 29
18, 67, 24
18, 77, 48
18, 82, 52
18, 84, 42
18, 86, 22
18, 88, 37
18, 95, 56
18, 119, 31
18, 122, 11
18, 134, 7
18, 134, 36
18, 137, 15
18, 144, 45
18, 148, 38
18, 161, 8
18, 168, 19
18, 170, 26
18, 177, 29
18, 180, 13
18, 183, 16
18, 188, 45
18, 191, 2
18, 195, 28
18, 197, 57
18, 198, 34
18, 203, 41
18, 211, 14
18, 214, 48
18, 214, 52
18, 218, 55
18, 228, 15
18, 229, 6
18, 233, 18
18, 239, 29
18, 241, 22
18, 242, 23
18, 260, 24
18, 262, 7
18, 272, 53
18, 276, 52
18, 278, 20
18, 280, 3
18, 294, 13
18, 294, 42
18, 294, 46
18, 316, 11
18, 325, 13
18, 325, 37
18, 326, 16
18, 339, 54
18, 341, 14
18, 348, 26
18, 357, 56
18, 360, 54
18, 374, 34
18, 375, 48
18, 377, 28
18, 378, 18
18, 389, 54
18, 395, 31
18, 407, 22
18, 426, 36
18, 427, 56
18, 432, 19
18, 446, 41
18, 477, 42
18, 488, 41
18, 490, 13
18, 502, 45
18, 504, 26
18, 513, 5
18, 519, 46
18, 521, 38
18, 530, 15
18, 533, 29
18, 533, 48
18, 535, 57
18, 538, 46
18, 540, 16
18, 542, 57
18, 556, 16
18, 561, 55
18, 562, 14
18, 567, 3
18, 569, 20
18, 575, 37
18, 576, 22
18, 580, 52
18, 581, 6
18, 587, 8
18, 599, 28
18, 600, 56
18, 602, 31
18, 619, 7
18, 630, 36
18, 641, 16
18, 650, 53
18, 666, 7
18, 671, 26
18, 671, 54
18, 676, 13
18, 677, 5
18, 698, 29
18, 701, 2
18, 707, 19
18, 718, 41
18, 746, 7
18, 751, 18
18, 758, 48
18, 778, 38
18, 781, 56
18, 783, 3
18, 785, 52
18, 786, 34
19, 6, 11
19, 6, 54
19, 7, 48
19, 11, 30
19, 32, 33
19, 37, 3
19, 43, 39
19, 45, 41
19, 49, 32
19, 53, 20
19, 60, 60
19, 73, 8
19, 74, 42
19, 78, 12
19, 82, 48
19, 85, 57
19, 102, 24
19, 104, 5
19, 110, 10
19, 111, 39
19, 117, 5
19, 117, 19
19, 127, 2
19, 127, 47
19, 129, 59
19, 132, 23
19, 141, 39
19, 141, 40
19, 166, 9
19, 171, 55
19, 182, 33
19, 190, 11
19, 199, 43
19, 201, 30
19, 205, 18
19, 211, 20
19, 214, 25
19, 215, 14
19, 226, 12
19, 226, 46
19, 232, 5
19, 233, 41
19, 243, 40
19, 244, 48
19, 260, 32
19, 265, 8
19, 271, 64
19, 279, 67
19, 280, 24
19, 281, 6
19, 283, 3
19, 287, 3
19, 295, 63
19, 297, 10
19, 306, 33
19, 310, 39
19, 318, 42
19, 324, 13
19, 336, 32
19, 338, 51
19, 346, 23
19, 352, 59
19, 355, 46
19, 364, 33
19, 382, 57
19, 397, 43
19, 402, 24
19, 409, 39
19, 411, 19
19, 412, 33
19, 430, 32
19, 430, 40
19, 435, 30
19, 446, 25
19, 459, 60
19, 460, 47
19, 474, 46
19, 494, 18
19, 506, 5
19, 509, 14
19, 510, 32
19, 513, 55
19, 514, 18
19, 519, 23
19, 522, 41
19, 526, 20
19, 529, 2
19, 548, 60
19, 564, 2
19, 569, 48
19, 570, 3
19, 570, 18
19, 578, 59
19, 587, 48
19, 588, 47
19, 591, 12
19, 595, 9
19, 596, 11
19, 596, 13
19, 603, 3
19, 606, 41
19, 610, 33
19, 627, 28
19, 637, 8
19, 637, 10
19, 664, 24
19, 665, 19
19, 689, 39
19, 691, 59
19, 694, 20
19, 696, 46
19, 697, 47
19, 698, 6
19, 698, 14
19, 699, 60
19, 704, 9
19, 708, 51
19, 713, 57
19, 721, 32
19, 723, 28
19, 725, 43
19, 732, 25
19, 738, 5
19, 752, 30
19, 765, 54
19, 770, 40
19, 780, 41
19, 782, 39
19, 788, 23
19, 799, 51
