1, 8, 41
1, 14, 62
1, 26, 56
1, 49, 45
1, 51, 62
1, 57, 32
1, 58, 10
1, 70, 3
1, 70, 49
1, 73, 46
1, 90, 2
1, 94, 36
1, 97, 57
1, 105, 4
1, 111, 10
1, 118, 40
1, 130, 15
1, 132, 17
1, 137, 52
1, 183, 22
1, 184, 19
1, 188, 44
1, 193, 59
1, 194, 3
1, 195, 13
1, 204, 49
1, 210, 8
1, 229, 6
1, 232, 41
1, 239, 19
1, 240, 62
1, 252, 10
1, 264, 52
1, 266, 37
1, 268, 56
1, 275, 30
1, 277, 45
1, 294, 15
1, 295, 2
1, 304, 52
1, 308, 22
1, 308, 25
1, 311, 46
1, 324, 15
1, 326, 46
1, 327, 64
1, 330, 32
1, 331, 30
1, 356, 52
1, 363, 49
1, 376, 45
1, 381, 40
1, 408, 49
1, 414, 44
1, 427, 54
1, 429, 37
1, 430, 57
1, 435, 62
1, 460, 56
1, 485, 54
1, 486, 56
1, 488, 46
1, 491, 4
1, 495, 59
1, 503, 36
1, 511, 22
1, 541, 15
1, 553, 10
1, 554, 30
1, 556, 24
1, 557, 17
1, 560, 45
1, 562, 57
1, 573, 3
1, 578, 2
1, 598, 6
1, 601, 37
1, 612, 59
1, 614, 8
1, 615, 30
1, 616, 41
1, 620, 52
1, 646, 62
1, 648, 13
1, 648, 44
1, 662, 25
1, 672, 19
1, 674, 4
1, 685, 15
1, 686, 56
1, 704, 3
1, 713, 54
1, 719, 4
1, 726, 36
1, 735, 40
1, 740, 6
1, 742, 46
1, 744, 17
1, 761, 57
1, 766, 59
1, 773, 52
1, 773, 64
1, 787, 37
2, 9, 4
2, 16, 22
2, 20, 30
2, 23, 32
2, 35, 34
2, 36, 1
2, 37, 9
2, 41, 11
2, 56, 44
2, 61, 21
2, 70, 5
2, 91, 47
2, 96, 13
2, 107, 27
2, 112, 31
2, 120, 61
2, 134, 40
2, 140, 29
2, 142, 12
2, 153, 22
2, 166, 9
2, 170, 43
2, 170, 62
2, 201, 61
2, 205, 1
2, 215, 36
2, 216, 19
2, 217, 35
2, 249, 32
2, 269, 53
2, 276, 13
2, 279, 4
2, 286, 11
2, 289, 25
2, 295, 44
2, 297, 92
2, 318, 21
2, 338, 62
2, 344, 43
2, 358, 34
2, 369, 40
2, 388, 31
2, 402, 27
2, 420, 29
2, 421, 30
2, 431, 27
2, 432, 43
2, 446, 22
2, 450, 44
2, 456, 9
2, 457, 42
2, 467, 36
2, 467, 61
2, 472, 35
2, 477, 25
2, 493, 41
2, 494, 27
2, 528, 12
2, 533, 43
2, 535, 31
2, 541, 32
2, 556, 5
2, 557, 31
2, 563, 41
2, 588, 29
2, 596, 42
2, 597, 21
2, 601, 53
2, 607, 4
2, 616, 19
2, 627, 53
2, 633, 62
2, 645, 22
2, 659, 44
2, 659, 61
2, 667, 1
2, 670, 34
2, 671, 47
2, 673, 13
2, 683, 42
2, 690, 21
2, 700, 11
2, 708, 41
2, 730, 5
2, 736, 35
2, 742, 40
2, 756, 9
2, 757, 12
2, 757, 47
2, 768, 53
2, 774, 29
2, 783, 42
2, 786, 19
2, 793, 1
2, 797, 62
2, 799, 25
3, 3, 56
3, 13, 19
3, 18, 58
3, 25, 27
3, 25, 39
3, 26, 48
3, 28, 47
3, 52, 49
3, 66, 47
3, 70, 24
3, 71, 30
3, 82, 17
3, 94, 20
3, 98, 12
3, 103, 33
3, 108, 52
3, 111, 58
3, 132, 29
3, 137, 1
3, 161, 14
3, 170, 29
3, 170, 39
3, 173, 9
3, 174, 51
3, 188, 12
3, 195, 39
3, 200, 45
3, 201, 18
3, 208, 56
3, 227, 50
3, 232, 19
3, 241, 52
3, 255, 39
3, 259, 16
3, 259, 27
3, 276, 34
3, 295, 46
3, 301, 49
3, 312, 20
3, 325, 61
3, 344, 24
3, 351, 39
3, 361, 1
3, 371, 19
3, 377, 51
3, 406, 17
3, 408, 30
3, 408, 48
3, 411, 33
3, 421, 24
3, 444, 58
3, 460, 29
3, 482, 31
3, 495, 37
3, 495, 52
3, 512, 56
3, 515, 18
3, 518, 47
3, 529, 20
3, 532, 14
3, 539, 39
3, 542, 49
3, 543, 24
3, 547, 27
3, 549, 47
3, 551, 16
3, 573, 46
3, 573, 61
3, 577, 17
3, 582, 12
3, 587, 34
3, 591, 19
3, 612, 51
3, 631, 45
3, 641, 52
3, 648, 18
3, 660, 58
3, 670, 39
3, 672, 56
3, 678, 45
3, 692, 27
3, 696, 14
3, 704, 30
3, 706, 19
3, 707, 9
3, 709, 30
3, 711, 1
3, 729, 33
3, 733, 61
3, 738, 58
3, 753, 20
3, 754, 17
3, 767, 50
3, 768, 34
3, 784, 9
4, 3, 14
4, 15, 22
4, 22, 42
4, 40, 31
4, 41, 2
4, 43, 29
4, 44, 57
4, 46, 1
4, 51, 4
4, 59, 8
4, 80, 27
4, 85, 38
4, 99, 56
4, 100, 53
4, 103, 22
4, 122, 29
4, 128, 33
4, 129, 16
4, 131, 60
4, 132, 12
4, 155, 4
4, 159, 29
4, 184, 31
4, 199, 40
4, 213, 47
4, 227, 2
4, 238, 38
4, 243, 56
4, 249, 53
4, 251, 4
4, 268, 42
4, 272, 1
4, 274, 12
4, 285, 5
4, 290, 53
4, 350, 27
4, 353, 57
4, 388, 38
4, 393, 16
4, 394, 22
4, 398, 14
4, 403, 38
4, 415, 31
4, 434, 27
4, 438, 40
4, 457, 22
4, 484, 27
4, 502, 60
4, 514, 40
4, 527, 4
4, 591, 8
4, 599, 47
4, 605, 14
4, 606, 22
4, 606, 56
4, 614, 5
4, 614, 42
4, 617, 2
4, 630, 33
4, 636, 1
4, 639, 12
4, 660, 60
4, 664, 53
4, 668, 38
4, 668, 57
4, 679, 31
4, 705, 56
4, 711, 16
4, 715, 57
4, 726, 38
4, 733, 4
4, 734, 40
4, 757, 62
4, 763, 53
4, 784, 47
4, 787, 27
4, 790, 5
5, 14, 27
5, 43, 19
5, 51, 23
5, 56, 6
5, 67, 10
5, 69, 54
5, 85, 7
5, 90, 31
5, 101, 17
5, 112, 49
5, 123, 25
5, 148, 34
5, 162, 36
5, 166, 6
5, 168, 54
5, 174, 48
5, 181, 1
5, 203, 27
5, 221, 42
5, 242, 17
5, 244, 46
5, 256, 25
5, 261, 21
5, 282, 3
5, 290, 37
5, 297, 37
5, 298, 54
5, 309, 23
5, 310, 49
5, 311, 19
5, 333, 31
5, 334, 33
5, 406, 21
5, 421, 54
5, 426, 10
5, 443, 27
5, 451, 48
5, 465, 46
5, 470, 21
5, 492, 36
5, 501, 7
5, 502, 21
5, 502, 34
5, 505, 42
5, 518, 49
5, 522, 19
5, 531, 37
5, 560, 1
5, 567, 35
5, 572, 31
5, 573, 17
5, 574, 19
5, 577, 23
5, 588, 6
5, 599, 46
5, 614, 10
5, 617, 21
5, 621, 6
5, 625, 21
5, 635, 25
5, 640, 48
5, 649, 7
5, 651, 31
5, 651, 33
5, 659, 42
5, 696, 3
5, 721, 49
5, 738, 19
5, 747, 1
5, 753, 54
5, 765, 10
5, 765, 31
5, 788, 48
5, 789, 21
6, 7, 10
6, 16, 24
6, 22, 14
6, 30, 53
6, 31, 27
6, 32, 32
6, 35, 16
6, 44, 58
6, 50, 43
6, 54, 56
6, 79, 38
6, 88, 37
6, 92, 40
6, 99, 36
6, 104, 13
6, 104, 22
6, 106, 8
6, 111, 42
6, 115, 53
6, 134, 29
6, 139, 35
6, 141, 45
6, 151, 50
6, 161, 4
6, 168, 14
6, 168, 24
6, 178, 28
6, 179, 7
6, 188, 37
6, 193, 11
6, 194, 40
6, 196, 16
6, 208, 10
6, 211, 63
6, 214, 50
6, 215, 67
6, 216, 58
6, 229, 28
6, 244, 38
6, 252, 16
6, 259, 38
6, 264, 20
6, 273, 35
6, 281, 13
6, 282, 58
6, 287, 27
6, 295, 56
6, 302, 36
6, 313, 11
6, 318, 38
6, 335, 32
6, 351, 16
6, 363, 43
6, 364, 29
6, 366, 53
6, 374, 22
6, 377, 20
6, 382, 36
6, 382, 40
6, 385, 20
6, 403, 10
6, 409, 53
6, 418, 42
6, 432, 50
6, 456, 35
6, 463, 10
6, 468, 56
6, 472, 45
6, 482, 24
6, 484, 63
6, 503, 27
6, 504, 8
6, 504, 63
6, 507, 14
6, 507, 28
6, 511, 58
6, 512, 27
6, 523, 16
6, 528, 13
6, 530, 37
6, 536, 11
6, 536, 42
6, 545, 4
6, 547, 22
6, 552, 43
6, 558, 7
6, 558, 32
6, 580, 20
6, 589, 24
6, 605, 35
6, 617, 13
6, 624, 4
6, 634, 58
6, 636, 37
6, 639, 22
6, 639, 53
6, 651, 42
6, 662, 20
6, 671, 7
6, 681, 28
6, 685, 10
6, 689, 14
6, 692, 43
6, 698, 53
6, 718, 40
6, 719, 63
6, 722, 16
6, 730, 50
6, 735, 13
6, 742, 38
6, 757, 8
6, 758, 29
6, 775, 11
6, 782, 67
6, 789, 32
6, 791, 4
6, 792, 28
6, 794, 36
7, 6, 55
7, 7, 60
7, 17, 35
7, 21, 31
7, 22, 1
7, 52, 48
7, 56, 18
7, 65, 44
7, 69, 9
7, 71, 55
7, 76, 6
7, 79, 29
7, 104, 43
7, 113, 29
7, 125, 32
7, 139, 13
7, 146, 46
7, 159, 2
7, 159, 60
7, 167, 27
7, 170, 6
7, 181, 44
7, 182, 9
7, 203, 18
7, 215, 25
7, 235, 29
7, 244, 55
7, 251, 1
7, 271, 48
7, 282, 9
7, 286, 6
7, 287, 60
7, 322, 60
7, 342, 46
7, 357, 31
7, 363, 55
7, 401, 13
7, 407, 43
7, 419, 46
7, 441, 35
7, 449, 32
7, 451, 18
7, 478, 44
7, 498, 2
7, 499, 29
7, 509, 35
7, 518, 55
7, 525, 48
7, 540, 1
7, 540, 60
7, 564, 6
7, 591, 31
7, 592, 6
7, 595, 25
7, 599, 48
7, 613, 44
7, 640, 60
7, 669, 6
7, 674, 18
7, 675, 32
7, 687, 2
7, 699, 9
7, 709, 29
7, 710, 25
7, 721, 31
7, 760, 13
7, 761, 35
7, 766, 44
7, 769, 2
7, 775, 18
7, 791, 35
7, 791, 48
7, 798, 6
8, 8, 16
8, 9, 38
8, 16, 62
8, 32, 8
8, 35, 26
8, 41, 39
8, 46, 11
8, 46, 47
8, 52, 20
8, 79, 21
8, 84, 57
8, 94, 55
8, 97, 38
8, 108, 61
8, 118, 12
8, 124, 20
8, 147, 39
8, 150, 20
8, 155, 59
8, 159, 38
8, 172, 10
8, 182, 30
8, 186, 11
8, 193, 12
8, 195, 25
8, 197, 50
8, 209, 39
8, 223, 16
8, 235, 57
8, 238, 10
8, 259, 8
8, 267, 27
8, 267, 55
8, 269, 22
8, 309, 62
8, 310, 47
8, 356, 50
8, 357, 20
8, 357, 61
8, 360, 59
8, 365, 16
8, 372, 26
8, 403, 22
8, 406, 38
8, 444, 39
8, 448, 12
8, 451, 39
8, 461, 55
8, 484, 11
8, 486, 50
8, 492, 21
8, 516, 59
8, 534, 25
8, 540, 50
8, 569, 22
8, 571, 30
8, 579, 8
8, 584, 39
8, 587, 55
8, 600, 27
8, 623, 62
8, 632, 26
8, 635, 57
8, 652, 25
8, 655, 39
8, 660, 50
8, 668, 16
8, 678, 22
8, 680, 30
8, 701, 61
8, 712, 10
8, 718, 67
8, 721, 57
8, 724, 21
8, 733, 20
8, 740, 11
8, 775, 20
8, 777, 62
8, 783, 47
9, 12, 8
9, 15, 14
9, 38, 12
9, 41, 3
9, 51, 52
9, 57, 21
9, 62, 27
9, 66, 46
9, 70, 16
9, 76, 63
9, 87, 54
9, 105, 56
9, 110, 31
9, 114, 35
9, 122, 52
9, 133, 53
9, 134, 17
9, 151, 32
9, 168, 8
9, 176, 11
9, 183, 6
9, 183, 27
9, 193, 3
9, 205, 3
9, 215, 35
9, 217, 1
9, 226, 8
9, 259, 1
9, 261, 48
9, 266, 20
9, 267, 14
9, 268, 16
9, 268, 31
9, 271, 3
9, 277, 27
9, 289, 63
9, 292, 12
9, 306, 28
9, 311, 19
9, 316, 16
9, 316, 58
9, 318, 41
9, 335, 56
9, 352, 17
9, 371, 54
9, 377, 14
9, 390, 11
9, 391, 46
9, 399, 52
9, 419, 32
9, 431, 46
9, 471, 21
9, 490, 27
9, 492, 53
9, 495, 31
9, 498, 46
9, 502, 3
9, 520, 1
9, 522, 58
9, 530, 14
9, 532, 28
9, 545, 12
9, 547, 8
9, 557, 35
9, 561, 14
9, 564, 56
9, 567, 35
9, 572, 41
9, 574, 20
9, 577, 45
9, 582, 16
9, 600, 19
9, 618, 17
9, 625, 48
9, 629, 32
9, 639, 11
9, 656, 46
9, 658, 63
9, 667, 52
9, 675, 56
9, 684, 6
9, 692, 21
9, 693, 56
9, 695, 35
9, 717, 28
9, 723, 54
9, 745, 3
9, 745, 53
9, 759, 45
9, 772, 54
9, 774, 14
9, 777, 27
9, 783, 1
9, 787, 8
9, 795, 16
9, 796, 28
9, 798, 11
10, 6, 51
10, 18, 18
10, 31, 47
10, 35, 25
10, 54, 3
10, 70, 32
10, 75, 42
10, 75, 59
10, 82, 24
10, 89, 6
10, 99, 51
10, 108, 1
10, 108, 40
10, 108, 57
10, 111, 63
10, 143, 45
10, 147, 30
10, 151, 48
10, 158, 6
10, 176, 20
10, 188, 25
10, 199, 57
10, 215, 50
10, 229, 59
10, 230, 19
10, 233, 29
10, 246, 23
10, 257, 51
10, 257, 59
10, 261, 1
10, 277, 25
10, 278, 4
10, 291, 24
10, 296, 39
10, 300, 42
10, 304, 32
10, 331, 23
10, 344, 3
10, 366, 40
10, 375, 63
10, 378, 57
10, 379, 47
10, 401, 57
10, 409, 25
10, 419, 56
10, 423, 56
10, 437, 30
10, 442, 50
10, 443, 45
10, 471, 24
10, 480, 51
10, 484, 20
10, 498, 6
10, 500, 63
10, 515, 42
10, 515, 45
10, 522, 59
10, 527, 4
10, 536, 23
10, 541, 25
10, 548, 58
10, 564, 32
10, 573, 48
10, 574, 19
10, 588, 56
10, 595, 3
10, 602, 39
10, 609, 1
10, 612, 24
10, 627, 32
10, 628, 47
10, 641, 50
10, 643, 40
10, 662, 29
10, 666, 23
10, 691, 51
10, 695, 25
10, 701, 30
10, 704, 45
10, 709, 1
10, 715, 59
10, 718, 4
10, 718, 24
10, 745, 50
10, 750, 30
10, 755, 18
10, 766, 29
10, 782, 6
10, 796, 30
10, 796, 63
10, 799, 25
11, 24, 58
11, 43, 15
11, 57, 10
11, 61, 54
11, 75, 12
11, 78, 31
11, 80, 7
11, 93, 25
11, 95, 22
11, 113, 9
11, 139, 16
11, 148, 50
11, 149, 7
11, 152, 41
11, 155, 5
11, 161, 10
11, 161, 46
11, 161, 54
11, 162, 52
11, 175, 32
11, 183, 38
11, 189, 17
11, 208, 90
11, 213, 15
11, 218, 58
11, 228, 64
11, 240, 38
11, 243, 21
11, 249, 7
11, 256, 25
11, 278, 40
11, 290, 16
11, 301, 30
11, 314, 9
11, 316, 54
11, 320, 21
11, 327, 12
11, 331, 54
11, 345, 42
11, 357, 20
11, 368, 46
11, 369, 50
11, 382, 25
11, 392, 19
11, 397, 58
11, 409, 52
11, 428, 15
11, 441, 34
11, 447, 41
11, 467, 10
11, 470, 41
11, 473, 10
11, 473, 31
11, 490, 17
11, 494, 38
11, 510, 18
11, 524, 50
11, 539, 32
11, 541, 16
11, 544, 30
11, 560, 5
11, 563, 22
11, 566, 40
11, 573, 12
11, 581, 19
11, 586, 42
11, 587, 20
11, 593, 25
11, 607, 46
11, 626, 52
11, 628, 42
11, 637, 9
11, 649, 45
11, 669, 58
11, 673, 34
11, 674, 7
11, 676, 64
11, 681, 41
11, 682, 21
11, 693, 31
11, 712, 42
11, 715, 54
11, 724, 12
11, 727, 46
11, 727, 50
11, 729, 30
11, 730, 45
11, 745, 17
11, 758, 17
11, 759, 40
11, 764, 10
11, 766, 38
11, 798, 46
12, 5, 4
12, 5, 24
12, 29, 8
12, 44, 34
12, 51, 36
12, 53, 40
12, 56, 28
12, 62, 55
12, 64, 44
12, 67, 3
12, 72, 18
12, 89, 46
12, 91, 40
12, 91, 61
12, 94, 30
12, 115, 37
12, 116, 44
12, 120, 10
12, 121, 48
12, 129, 55
12, 136, 2
12, 147, 47
12, 152, 8
12, 171, 34
12, 188, 38
12, 194, 24
12, 197, 28
12, 201, 6
12, 212, 39
12, 220, 53
12, 222, 45
12, 270, 24
12, 284, 3
12, 288, 10
12, 290, 4
12, 291, 61
12, 295, 8
12, 298, 44
12, 307, 46
12, 311, 9
12, 314, 21
12, 325, 46
12, 329, 37
12, 334, 30
12, 364, 8
12, 375, 24
12, 379, 40
12, 388, 34
12, 396, 36
12, 404, 25
12, 415, 40
12, 417, 18
12, 418, 53
12, 438, 21
12, 449, 38
12, 452, 10
12, 519, 6
12, 519, 8
12, 521, 34
12, 523, 38
12, 524, 61
12, 532, 2
12, 534, 47
12, 551, 28
12, 568, 55
12, 577, 34
12, 582, 61
12, 589, 36
12, 590, 39
12, 592, 30
12, 593, 45
12, 607, 48
12, 611, 47
12, 624, 36
12, 635, 38
12, 644, 44
12, 651, 3
12, 657, 2
12, 663, 24
12, 672, 40
12, 675, 10
12, 695, 28
12, 711, 53
12, 716, 9
12, 718, 18
12, 720, 45
12, 722, 39
12, 743, 46
12, 760, 36
12, 777, 38
12, 783, 4
12, 788, 61
12, 790, 34
13, 3, 27
13, 14, 42
13, 43, 23
13, 44, 46
13, 62, 37
13, 64, 19
13, 68, 17
13, 85, 33
13, 86, 58
13, 138, 49
13, 158, 27
13, 161, 1
13, 177, 10
13, 177, 58
13, 178, 54
13, 187, 29
13, 191, 19
13, 196, 41
13, 218, 49
13, 224, 38
13, 226, 33
13, 229, 12
13, 244, 44
13, 251, 18
13, 251, 53
13, 254, 35
13, 272, 27
13, 287, 22
13, 309, 26
13, 330, 28
13, 346, 58
13, 371, 56
13, 373, 42
13, 380, 23
13, 384, 17
13, 393, 10
13, 397, 41
13, 405, 29
13, 435, 19
13, 441, 49
13, 448, 46
13, 461, 41
13, 463, 33
13, 463, 52
13, 486, 46
13, 503, 26
13, 506, 54
13, 526, 37
13, 529, 42
13, 537, 28
13, 539, 12
13, 546, 1
13, 555, 56
13, 566, 35
13, 574, 38
13, 582, 46
13, 588, 44
13, 592, 28
13, 593, 22
13, 601, 18
13, 607, 53
13, 629, 12
13, 632, 19
13, 632, 41
13, 652, 17
13, 660, 27
13, 661, 49
13, 665, 42
13, 675, 18
13, 696, 12
13, 701, 44
13, 733, 41
13, 738, 35
13, 739, 58
13, 746, 26
13, 746, 56
13, 754, 23
13, 760, 28
13, 786, 54
13, 789, 52
14, 2, 24
14, 28, 26
14, 33, 55
14, 39, 44
14, 63, 24
14, 71, 57
14, 95, 38
14, 104, 22
14, 115, 12
14, 119, 24
14, 128, 18
14, 135, 31
14, 139, 8
14, 145, 28
14, 154, 3
14, 154, 45
14, 155, 27
14, 160, 33
14, 164, 48
14, 166, 15
14, 194, 40
14, 195, 35
14, 198, 23
14, 212, 27
14, 216, 26
14, 217, 20
14, 220, 14
14, 240, 24
14, 241, 26
14, 245, 57
14, 248, 20
14, 250, 6
14, 260, 29
14, 262, 12
14, 262, 38
14, 282, 26
14, 290, 44
14, 291, 45
14, 296, 29
14, 310, 4
14, 316, 50
14, 318, 31
14, 320, 35
14, 346, 55
14, 348, 18
14, 355, 44
14, 381, 33
14, 393, 55
14, 415, 57
14, 428, 29
14, 438, 20
14, 440, 24
14, 442, 22
14, 467, 29
14, 475, 15
14, 477, 48
14, 480, 8
14, 486, 57
14, 490, 18
14, 490, 28
14, 492, 45
14, 498, 3
14, 499, 51
14, 504, 33
14, 507, 14
14, 519, 6
14, 528, 40
14, 538, 27
14, 548, 33
14, 573, 23
14, 578, 8
14, 580, 12
14, 586, 57
14, 640, 44
14, 648, 35
14, 654, 38
14, 656, 14
14, 662, 26
14, 667, 55
14, 671, 50
14, 678, 45
14, 699, 33
14, 708, 4
14, 712, 31
14, 720, 14
14, 726, 24
14, 729, 18
14, 730, 8
14, 731, 27
14, 732, 28
14, 737, 6
14, 745, 40
14, 748, 20
14, 749, 51
14, 750, 48
14, 751, 3
14, 760, 23
14, 767, 18
14, 767, 22
14, 775, 35
14, 787, 50
14, 794, 4
14, 795, 31
15, 7, 24
15, 8, 43
15, 9, 51
15, 26, 32
15, 33, 37
15, 37, 62
15, 49, 5
15, 58, 25
15, 63, 33
15, 80, 41
15, 81, 53
15, 83, 2
15, 120, 31
15, 130, 9
15, 147, 56
15, 172, 1
15, 172, 38
15, 191, 32
15, 200, 24
15, 202, 33
15, 203, 43
15, 221, 41
15, 230, 9
15, 232, 51
15, 254, 37
15, 256, 5
15, 274, 53
15, 275, 62
15, 276, 31
15, 278, 56
15, 288, 17
15, 291, 58
15, 317, 2
15, 317, 53
15, 324, 9
15, 345, 38
15, 365, 25
15, 365, 41
15, 389, 56
15, 410, 37
15, 423, 48
15, 428, 49
15, 434, 32
15, 448, 51
15, 449, 33
15, 452, 38
15, 472, 53
15, 476, 17
15, 509, 5
15, 513, 24
15, 516, 38
15, 546, 31
15, 549, 37
15, 554, 56
15, 562, 1
15, 581, 53
15, 582, 58
15, 591, 41
15, 608, 49
15, 644, 32
15, 658, 25
15, 670, 5
15, 674, 31
15, 674, 56
15, 688, 2
15, 700, 48
15, 706, 51
15, 754, 9
15, 774, 1
15, 776, 43
15, 784, 49
15, 791, 5
16, 6, 47
16, 14, 14
16, 16, 17
16, 29, 54
16, 34, 2
16, 52, 13
16, 52, 27
16, 74, 58
16, 82, 3
16, 82, 23
16, 85, 47
16, 89, 43
16, 91, 48
16, 99, 32
16, 108, 22
16, 118, 45
16, 121, 12
16, 121, 38
16, 131, 2
16, 140, 51
16, 162, 30
16, 173, 28
16, 176, 63
16, 177, 11
16, 179, 25
16, 180, 16
16, 185, 47
16, 200, 38
16, 209, 20
16, 213, 45
16, 216, 20
16, 220, 24
16, 224, 14
16, 227, 27
16, 228, 7
16, 230, 35
16, 233, 13
16, 242, 29
16, 260, 14
16, 263, 12
16, 263, 20
16, 267, 30
16, 268, 3
16, 271, 20
16, 309, 32
16, 311, 17
16, 318, 13
16, 324, 58
16, 331, 61
16, 338, 35
16, 341, 54
16, 344, 19
16, 366, 54
16, 369, 45
16, 372, 32
16, 385, 23
16, 385, 28
16, 396, 58
16, 408, 16
16, 410, 20
16, 418, 14
16, 428, 13
16, 439, 27
16, 444, 48
16, 451, 35
16, 454, 25
16, 466, 51
16, 470, 38
16, 475, 43
16, 493, 11
16, 494, 20
16, 510, 16
16, 512, 14
16, 521, 29
16, 527, 54
16, 545, 30
16, 552, 7
16, 557, 63
16, 563, 22
16, 566, 12
16, 567, 61
16, 583, 2
16, 596, 30
16, 610, 32
16, 617, 3
16, 617, 18
16, 617, 58
16, 622, 47
16, 627, 11
16, 634, 45
16, 643, 23
16, 654, 30
16, 678, 47
16, 679, 7
16, 684, 51
16, 692, 38
16, 700, 13
16, 705, 25
16, 711, 17
16, 711, 20
16, 722, 28
16, 748, 22
16, 750, 13
16, 758, 27
16, 762, 2
16, 785, 24
16, 789, 7
16, 789, 48
16, 799, 43
17, 1, 59
17, 4, 55
17, 15, 6
17, 17, 34
17, 26, 18
17, 35, 63
17, 38, 45
17, 38, 49
17, 59, 58
17, 74, 42
17, 77, 59
17, 81, 2
17, 84, 28
17, 90, 10
17, 98, 3
17, 100, 37
17, 104, 17
17, 115, 21
17, 119, 18
17, 129, 47
17, 134, 51
17, 144, 37
17, 147, 12
17, 164, 56
17, 183, 57
17, 185, 8
17, 196, 1
17, 229, 21
17, 229, 29
17, 243, 58
17, 250, 45
17, 270, 42
17, 275, 34
17, 293, 51
17, 307, 34
17, 309, 23
17, 322, 12
17, 333, 2
17, 335, 6
17, 340, 37
17, 346, 28
17, 356, 49
17, 357, 17
17, 357, 47
17, 359, 57
17, 365, 37
17, 377, 10
17, 384, 63
17, 406, 8
17, 417, 34
17, 426, 59
17, 430, 55
17, 436, 34
17, 465, 49
17, 473, 47
17, 485, 56
17, 496, 29
17, 498, 45
17, 504, 34
17, 519, 55
17, 526, 55
17, 529, 12
17, 534, 3
17, 558, 51
17, 562, 42
17, 579, 58
17, 590, 18
17, 596, 49
17, 597, 10
17, 603, 21
17, 608, 23
17, 608, 42
17, 609, 1
17, 630, 30
17, 648, 2
17, 653, 17
17, 657, 8
17, 659, 57
17, 666, 3
17, 666, 37
17, 669, 17
17, 670, 47
17, 678, 63
17, 679, 29
17, 691, 23
17, 696, 1
17, 717, 18
17, 738, 28
17, 741, 47
17, 751, 56
17, 757, 12
17, 758, 29
17, 762, 17
17, 766, 59
17, 770, 51
17, 785, 42
18, 4, 38
18, 7, 12
18, 14, 35
18, 33, 17
18, 36, 9
18, 46, 47
18, 49, 22
18, 49, 30
18, 53, 50
18, 60, 53
18, 71, 62
18, 109, 30
18, 122, 22
18, 124, 9
18, 130, 24
18, 133, 32
18, 148, 17
18, 160, 26
18, 164, 35
18, 168, 38
18, 179, 12
18, 186, 43
18, 197, 45
18, 198, 55
18, 204, 52
18, 212, 47
18, 227, 8
18, 229, 47
18, 238, 20
18, 247, 57
18, 250, 38
18, 258, 50
18, 273, 64
18, 278, 9
18, 282, 24
18, 286, 22
18, 310, 35
18, 352, 30
18, 361, 48
18, 364, 62
18, 374, 46
18, 399, 53
18, 437, 50
18, 443, 47
18, 450, 24
18, 453, 62
18, 455, 38
18, 462, 45
18, 479, 48
18, 482, 43
18, 495, 35
18, 498, 22
18, 501, 32
18, 508, 45
18, 509, 8
18, 514, 38
18, 519, 20
18, 520, 50
18, 521, 52
18, 547, 12
18, 552, 50
18, 567, 46
18, 579, 17
18, 594, 64
18, 597, 53
18, 602, 6
18, 614, 57
18, 616, 46
18, 621, 9
18, 625, 55
18, 638, 26
18, 640, 20
18, 641, 62
18, 643, 38
18, 673, 45
18, 682, 35
18, 683, 53
18, 687, 8
18, 696, 24
18, 704, 64
18, 728, 48
18, 734, 52
18, 745, 55
18, 756, 32
18, 766, 50
18, 767, 43
19, 5, 15
19, 11, 2
19, 21, 1
19, 34, 28
19, 38, 23
19, 42, 36
19, 55, 33
19, 60, 39
19, 61, 58
19, 76, 27
19, 80, 6
19, 85, 15
19, 85, 52
19, 103, 61
19, 104, 56
19, 108, 41
19, 112, 15
19, 114, 36
19, 129, 2
19, 133, 7
19, 142, 23
19, 146, 54
19, 163, 18
19, 167, 21
19, 168, 25
19, 193, 33
19, 210, 18
19, 229, 11
19, 239, 41
19, 246, 11
19, 258, 56
19, 261, 33
19, 263, 28
19, 277, 6
19, 277, 39
19, 281, 46
19, 283, 1
19, 287, 52
19, 313, 60
19, 323, 27
19, 336, 33
19, 340, 58
19, 341, 60
19, 364, 27
19, 366, 39
19, 377, 58
19, 378, 39
19, 385, 25
19, 389, 25
19, 406, 41
19, 407, 21
19, 413, 15
19, 433, 23
19, 437, 42
19, 468, 28
19, 468, 46
19, 493, 25
19, 495, 60
19, 509, 2
19, 540, 56
19, 554, 60
19, 558, 18
19, 559, 54
19, 569, 6
19, 576, 1
19, 576, 15
19, 578, 61
19, 579, 6
19, 590, 27
19, 594, 52
19, 611, 33
19, 615, 7
19, 619, 36
19, 630, 25
19, 638, 58
19, 641, 41
19, 645, 23
19, 654, 42
19, 664, 60
19, 672, 28
19, 689, 6
19, 689, 33
19, 696, 11
19, 710, 56
19, 711, 21
19, 713, 11
19, 722, 61
19, 733, 41
19, 748, 46
19, 750, 39
19, 752, 27
19, 754, 7
19, 763, 11
19, 767, 58
19, 789, 6
