1, 1, 31
1, 9, 42
1, 16, 41
1, 25, 62
1, 31, 29
1, 35, 5
1, 41, 43
1, 48, 16
1, 53, 30
1, 55, 1
1, 55, 60
1, 62, 6
1, 73, 27
1, 78, 50
1, 80, 37
1, 92, 24
1, 94, 27
1, 100, 11
1, 113, 14
1, 123, 13
1, 137, 18
1, 139, 5
1, 149, 12
1, 167, 23
1, 172, 41
1, 173, 15
1, 179, 35
1, 184, 59
1, 187, 1
1, 196, 33
1, 196, 42
1, 203, 17
1, 211, 9
1, 211, 43
1, 229, 31
1, 240, 10
1, 245, 24
1, 246, 29
1, 248, 16
1, 252, 31
1, 255, 11
1, 255, 20
1, 269, 6
1, 275, 54
1, 285, 60
1, 287, 18
1, 288, 35
1, 303, 18
1, 316, 41
1, 322, 30
1, 331, 64
1, 337, 51
1, 344, 37
1, 367, 50
1, 376, 27
1, 382, 23
1, 396, 17
1, 403, 14
1, 413, 33
1, 431, 42
1, 445, 62
1, 456, 18
1, 462, 59
1, 472, 39
1, 479, 54
1, 482, 33
1, 482, 54
1, 484, 51
1, 487, 43
1, 492, 59
1, 502, 35
1, 505, 1
1, 508, 31
1, 514, 16
1, 520, 31
1, 529, 13
1, 530, 17
1, 545, 11
1, 554, 29
1, 555, 20
1, 560, 10
1, 563, 35
1, 569, 3
1, 574, 60
1, 581, 54
1, 584, 17
1, 584, 23
1, 586, 13
1, 594, 30
1, 597, 15
1, 600, 24
1, 613, 9
1, 621, 41
1, 628, 54
1, 637, 5
1, 657, 39
1, 658, 23
1, 676, 33
1, 680, 9
1, 684, 14
1, 684, 50
1, 690, 20
1, 691, 6
1, 691, 24
1, 695, 39
1, 697, 42
1, 702, 27
1, 716, 41
1, 718, 1
1, 719, 5
1, 748, 41
1, 753, 59
1, 755, 17
1, 763, 43
1, 766, 54
1, 768, 51
1, 772, 11
1, 775, 10
1, 783, 64
1, 784, 17
1, 786, 23
1, 791, 9
2, 4, 39
2, 9, 7
2, 12, 62
2, 13, 25
2, 15, 20
2, 17, 45
2, 20, 29
2, 20, 34
2, 21, 52
2, 29, 10
2, 36, 50
2, 44, 43
2, 58, 23
2, 62, 48
2, 66, 47
2, 68, 33
2, 80, 19
2, 82, 13
2, 91, 41
2, 93, 56
2, 100, 24
2, 111, 8
2, 114, 31
2, 116, 42
2, 121, 3
2, 122, 32
2, 123, 28
2, 126, 61
2, 127, 50
2, 136, 15
2, 158, 37
2, 163, 10
2, 170, 47
2, 170, 62
2, 173, 25
2, 185, 29
2, 195, 35
2, 216, 27
2, 223, 39
2, 223, 42
2, 227, 2
2, 241, 43
2, 243, 14
2, 249, 13
2, 249, 52
2, 258, 22
2, 270, 36
2, 275, 33
2, 280, 10
2, 281, 48
2, 284, 41
2, 289, 23
2, 297, 3
2, 303, 52
2, 306, 59
2, 310, 56
2, 317, 15
2, 324, 35
2, 324, 39
2, 348, 32
2, 358, 20
2, 362, 31
2, 365, 34
2, 367, 24
2, 380, 22
2, 384, 45
2, 407, 37
2, 416, 34
2, 422, 24
2, 428, 61
2, 442, 50
2, 443, 42
2, 451, 43
2, 452, 47
2, 458, 28
2, 462, 30
2, 485, 36
2, 500, 22
2, 507, 32
2, 508, 2
2, 509, 39
2, 521, 29
2, 522, 48
2, 530, 33
2, 530, 42
2, 532, 34
2, 542, 13
2, 544, 25
2, 547, 23
2, 554, 37
2, 555, 14
2, 570, 47
2, 575, 43
2, 576, 35
2, 589, 7
2, 591, 32
2, 598, 59
2, 604, 3
2, 608, 15
2, 609, 22
2, 618, 10
2, 627, 25
2, 633, 24
2, 640, 50
2, 642, 41
2, 655, 8
2, 660, 45
2, 661, 2
2, 661, 56
2, 667, 27
2, 669, 52
2, 669, 62
2, 670, 32
2, 674, 31
2, 676, 45
2, 688, 50
2, 704, 13
2, 707, 34
2, 711, 37
2, 720, 39
2, 728, 36
2, 731, 23
2, 743, 13
2, 743, 61
2, 746, 30
2, 748, 32
2, 749, 47
2, 750, 7
2, 750, 27
2, 750, 45
2, 754, 2
2, 756, 28
2, 757, 31
2, 767, 35
2, 768, 39
2, 771, 19
2, 778, 29
2, 783, 8
2, 786, 27
2, 790, 59
2, 794, 36
3, 22, 18
3, 28, 9
3, 50, 48
3, 54, 5
3, 56, 36
3, 64, 4
3, 70, 51
3, 74, 5
3, 84, 28
3, 85, 41
3, 93, 11
3, 95, 1
3, 103, 19
3, 105, 39
3, 115, 1
3, 129, 2
3, 130, 23
3, 141, 25
3, 141, 47
3, 146, 59
3, 147, 46
3, 150, 32
3, 153, 26
3, 154, 56
3, 158, 43
3, 168, 5
3, 184, 3
3, 188, 39
3, 194, 9
3, 202, 36
3, 216, 55
3, 220, 16
3, 228, 12
3, 230, 1
3, 232, 5
3, 233, 32
3, 239, 57
3, 249, 36
3, 260, 16
3, 263, 18
3, 273, 44
3, 274, 4
3, 290, 51
3, 304, 31
3, 326, 22
3, 327, 19
3, 351, 41
3, 363, 47
3, 372, 18
3, 385, 39
3, 386, 48
3, 388, 26
3, 396, 32
3, 406, 41
3, 411, 25
3, 421, 36
3, 432, 57
3, 439, 55
3, 449, 59
3, 450, 43
3, 459, 32
3, 463, 23
3, 470, 24
3, 489, 18
3, 490, 11
3, 493, 16
3, 498, 46
3, 501, 57
3, 532, 28
3, 548, 31
3, 549, 51
3, 560, 39
3, 566, 3
3, 567, 18
3, 573, 55
3, 584, 22
3, 589, 19
3, 596, 56
3, 597, 5
3, 615, 36
3, 619, 44
3, 619, 47
3, 625, 4
3, 627, 51
3, 632, 9
3, 637, 2
3, 661, 57
3, 664, 39
3, 669, 59
3, 670, 41
3, 681, 25
3, 697, 5
3, 702, 32
3, 707, 26
3, 715, 59
3, 718, 25
3, 726, 41
3, 730, 55
3, 749, 36
3, 764, 43
3, 775, 56
3, 776, 56
3, 783, 46
3, 787, 19
3, 788, 1
3, 788, 16
3, 797, 32
3, 799, 16
4, 6, 56
4, 9, 20
4, 13, 8
4, 16, 17
4, 17, 32
4, 20, 45
4, 24, 51
4, 36, 23
4, 36, 34
4, 51, 43
4, 54, 11
4, 66, 6
4, 73, 17
4, 75, 16
4, 86, 1
4, 103, 8
4, 109, 2
4, 113, 34
4, 116, 30
4, 134, 53
4, 142, 13
4, 143, 48
4, 151, 18
4, 154, 6
4, 160, 4
4, 164, 6
4, 168, 26
4, 171, 21
4, 182, 1
4, 184, 52
4, 190, 50
4, 192, 38
4, 200, 49
4, 209, 63
4, 212, 26
4, 213, 13
4, 217, 4
4, 226, 20
4, 230, 29
4, 235, 34
4, 241, 51
4, 244, 34
4, 254, 54
4, 261, 45
4, 272, 20
4, 273, 32
4, 278, 23
4, 293, 30
4, 296, 18
4, 317, 28
4, 322, 59
4, 330, 15
4, 347, 16
4, 366, 43
4, 376, 56
4, 389, 29
4, 403, 50
4, 407, 17
4, 422, 26
4, 422, 51
4, 423, 39
4, 426, 11
4, 429, 48
4, 435, 45
4, 436, 52
4, 443, 54
4, 446, 63
4, 462, 49
4, 463, 49
4, 466, 21
4, 466, 32
4, 482, 8
4, 482, 34
4, 488, 34
4, 503, 56
4, 509, 2
4, 524, 53
4, 533, 13
4, 538, 18
4, 549, 59
4, 555, 26
4, 576, 6
4, 577, 18
4, 578, 28
4, 582, 20
4, 591, 4
4, 592, 38
4, 606, 1
4, 615, 49
4, 624, 23
4, 627, 54
4, 634, 39
4, 640, 17
4, 647, 34
4, 650, 63
4, 664, 52
4, 667, 32
4, 669, 8
4, 679, 1
4, 682, 59
4, 687, 15
4, 695, 53
4, 697, 16
4, 698, 45
4, 701, 30
4, 713, 38
4, 713, 56
4, 716, 17
4, 718, 6
4, 719, 26
4, 724, 21
4, 730, 63
4, 742, 20
4, 758, 13
4, 760, 29
4, 764, 39
4, 767, 2
4, 779, 49
4, 782, 56
4, 791, 26
4, 793, 4
5, 8, 26
5, 9, 3
5, 14, 61
5, 16, 1
5, 18, 5
5, 29, 59
5, 34, 28
5, 41, 43
5, 46, 16
5, 47, 33
5, 49, 11
5, 70, 40
5, 72, 35
5, 79, 18
5, 79, 45
5, 85, 28
5, 87, 19
5, 94, 55
5, 97, 58
5, 104, 49
5, 111, 54
5, 118, 35
5, 121, 20
5, 125, 30
5, 131, 21
5, 131, 44
5, 136, 3
5, 143, 29
5, 147, 4
5, 156, 19
5, 169, 59
5, 170, 12
5, 174, 43
5, 185, 17
5, 213, 2
5, 217, 56
5, 219, 59
5, 221, 18
5, 222, 8
5, 223, 28
5, 224, 1
5, 224, 56
5, 226, 61
5, 242, 50
5, 245, 17
5, 245, 58
5, 251, 33
5, 254, 59
5, 267, 16
5, 269, 39
5, 275, 5
5, 276, 49
5, 280, 42
5, 287, 5
5, 292, 26
5, 296, 7
5, 297, 3
5, 298, 29
5, 307, 38
5, 315, 37
5, 321, 48
5, 336, 58
5, 339, 45
5, 348, 20
5, 351, 55
5, 354, 50
5, 357, 48
5, 358, 45
5, 367, 11
5, 376, 21
5, 377, 61
5, 397, 40
5, 397, 44
5, 425, 54
5, 454, 59
5, 456, 40
5, 469, 30
5, 472, 43
5, 478, 48
5, 479, 39
5, 483, 28
5, 492, 33
5, 506, 49
5, 511, 26
5, 515, 17
5, 520, 61
5, 521, 12
5, 523, 44
5, 525, 58
5, 526, 4
5, 526, 19
5, 534, 39
5, 548, 50
5, 550, 35
5, 552, 19
5, 562, 55
5, 565, 59
5, 586, 8
5, 602, 21
5, 607, 29
5, 620, 37
5, 621, 33
5, 624, 2
5, 631, 16
5, 632, 7
5, 637, 45
5, 639, 28
5, 641, 40
5, 641, 49
5, 646, 10
5, 646, 61
5, 650, 20
5, 651, 35
5, 659, 42
5, 666, 42
5, 672, 17
5, 682, 56
5, 684, 18
5, 687, 1
5, 692, 54
5, 696, 37
5, 699, 50
5, 701, 5
5, 703, 11
5, 722, 48
5, 723, 26
5, 724, 8
5, 733, 10
5, 741, 3
5, 742, 21
5, 755, 56
5, 759, 4
5, 759, 56
5, 761, 19
5, 761, 49
5, 790, 20
6, 5, 7
6, 6, 43
6, 27, 55
6, 31, 15
6, 36, 24
6, 39, 31
6, 48, 41
6, 55, 26
6, 57, 23
6, 67, 9
6, 69, 18
6, 72, 32
6, 91, 2
6, 93, 25
6, 111, 31
6, 111, 47
6, 119, 15
6, 119, 37
6, 123, 52
6, 144, 41
6, 144, 62
6, 146, 16
6, 153, 54
6, 162, 53
6, 168, 6
6, 172, 13
6, 180, 30
6, 180, 49
6, 194, 24
6, 197, 2
6, 197, 18
6, 206, 18
6, 214, 15
6, 218, 47
6, 221, 36
6, 225, 39
6, 226, 12
6, 232, 10
6, 236, 23
6, 239, 52
6, 246, 7
6, 253, 25
6, 258, 10
6, 265, 33
6, 267, 49
6, 275, 39
6, 278, 16
6, 282, 8
6, 282, 37
6, 288, 58
6, 292, 2
6, 303, 49
6, 308, 41
6, 310, 43
6, 322, 41
6, 333, 26
6, 346, 55
6, 347, 32
6, 380, 25
6, 384, 52
6, 409, 15
6, 410, 31
6, 434, 47
6, 438, 12
6, 448, 36
6, 451, 62
6, 465, 36
6, 468, 42
6, 495, 58
6, 500, 18
6, 509, 23
6, 514, 24
6, 521, 54
6, 528, 39
6, 529, 33
6, 539, 55
6, 542, 6
6, 547, 32
6, 550, 47
6, 550, 53
6, 553, 55
6, 554, 30
6, 555, 22
6, 587, 30
6, 588, 49
6, 592, 43
6, 607, 18
6, 608, 39
6, 610, 25
6, 610, 33
6, 611, 26
6, 611, 49
6, 625, 2
6, 635, 41
6, 636, 31
6, 641, 22
6, 644, 37
6, 646, 32
6, 659, 8
6, 661, 54
6, 663, 56
6, 668, 9
6, 668, 42
6, 689, 33
6, 691, 52
6, 700, 10
6, 714, 31
6, 716, 62
6, 727, 7
6, 727, 37
6, 730, 13
6, 734, 6
6, 739, 55
6, 744, 18
6, 749, 12
6, 776, 25
6, 782, 31
6, 787, 49
6, 788, 32
6, 789, 41
6, 797, 9
6, 798, 16
7, 18, 10
7, 21, 52
7, 25, 40
7, 27, 3
7, 30, 8
7, 32, 21
7, 36, 29
7, 38, 14
7, 45, 34
7, 50, 47
7, 51, 25
7, 57, 38
7, 61, 55
7, 64, 46
7, 81, 59
7, 91, 36
7, 101, 40
7, 103, 41
7, 104, 60
7, 105, 53
7, 111, 10
7, 132, 9
7, 132, 55
7, 133, 35
7, 141, 6
7, 146, 7
7, 147, 38
7, 151, 37
7, 153, 42
7, 171, 29
7, 177, 28
7, 178, 23
7, 178, 35
7, 183, 10
7, 185, 41
7, 185, 47
7, 186, 52
7, 193, 11
7, 213, 38
7, 235, 20
7, 249, 50
7, 251, 67
7, 257, 29
7, 262, 3
7, 270, 21
7, 276, 47
7, 281, 14
7, 282, 8
7, 288, 7
7, 303, 18
7, 308, 53
7, 309, 25
7, 318, 45
7, 326, 27
7, 327, 34
7, 332, 36
7, 359, 46
7, 369, 10
7, 382, 38
7, 385, 35
7, 390, 52
7, 393, 42
7, 408, 28
7, 414, 55
7, 425, 40
7, 426, 23
7, 435, 34
7, 439, 37
7, 456, 21
7, 457, 47
7, 468, 38
7, 471, 20
7, 482, 59
7, 488, 53
7, 491, 50
7, 496, 52
7, 498, 29
7, 503, 37
7, 506, 6
7, 506, 60
7, 521, 23
7, 523, 21
7, 526, 10
7, 529, 7
7, 536, 46
7, 550, 18
7, 554, 45
7, 561, 11
7, 564, 20
7, 566, 1
7, 585, 41
7, 592, 11
7, 592, 25
7, 598, 40
7, 608, 47
7, 611, 3
7, 615, 27
7, 621, 26
7, 633, 40
7, 638, 55
7, 643, 3
7, 653, 42
7, 655, 59
7, 665, 8
7, 674, 7
7, 687, 25
7, 688, 18
7, 688, 53
7, 693, 35
7, 700, 10
7, 705, 1
7, 712, 35
7, 716, 23
7, 716, 60
7, 717, 53
7, 719, 47
7, 720, 6
7, 726, 21
7, 738, 38
7, 741, 23
7, 747, 11
7, 748, 3
7, 763, 8
7, 770, 37
7, 775, 34
7, 783, 60
7, 785, 20
7, 787, 67
8, 14, 18
8, 25, 30
8, 36, 13
8, 36, 35
8, 38, 45
8, 44, 16
8, 50, 5
8, 52, 18
8, 59, 24
8, 60, 31
8, 73, 62
8, 79, 42
8, 80, 52
8, 84, 48
8, 87, 44
8, 96, 55
8, 111, 40
8, 120, 51
8, 131, 60
8, 138, 45
8, 159, 32
8, 164, 5
8, 171, 13
8, 171, 16
8, 173, 25
8, 177, 16
8, 177, 48
8, 186, 40
8, 190, 29
8, 191, 13
8, 198, 56
8, 202, 22
8, 204, 30
8, 204, 36
8, 211, 35
8, 226, 22
8, 226, 25
8, 228, 19
8, 237, 51
8, 247, 19
8, 253, 10
8, 262, 52
8, 265, 6
8, 272, 19
8, 275, 55
8, 277, 24
8, 282, 31
8, 286, 10
8, 287, 42
8, 307, 62
8, 314, 32
8, 333, 62
8, 343, 33
8, 344, 28
8, 350, 38
8, 378, 16
8, 382, 45
8, 383, 48
8, 389, 18
8, 393, 29
8, 400, 44
8, 410, 22
8, 414, 56
8, 415, 51
8, 419, 35
8, 433, 48
8, 446, 40
8, 459, 30
8, 465, 28
8, 486, 29
8, 503, 60
8, 505, 25
8, 516, 33
8, 521, 38
8, 538, 16
8, 543, 24
8, 547, 55
8, 557, 6
8, 558, 56
8, 570, 42
8, 572, 5
8, 578, 51
8, 579, 32
8, 585, 31
8, 585, 48
8, 596, 45
8, 619, 62
8, 621, 35
8, 624, 19
8, 628, 61
8, 634, 55
8, 637, 22
8, 643, 5
8, 652, 30
8, 668, 25
8, 671, 55
8, 672, 18
8, 679, 13
8, 679, 24
8, 682, 33
8, 685, 42
8, 688, 60
8, 714, 29
8, 733, 25
8, 742, 36
8, 744, 16
8, 745, 60
8, 758, 18
8, 761, 31
8, 767, 19
8, 780, 56
8, 799, 38
9, 4, 52
9, 10, 2
9, 36, 5
9, 42, 23
9, 47, 57
9, 49, 15
9, 56, 38
9, 61, 22
9, 63, 18
9, 67, 12
9, 70, 58
9, 96, 49
9, 98, 5
9, 103, 46
9, 109, 24
9, 111, 30
9, 113, 50
9, 117, 59
9, 121, 26
9, 125, 42
9, 135, 45
9, 142, 48
9, 149, 56
9, 156, 18
9, 167, 15
9, 172, 31
9, 191, 50
9, 195, 11
9, 203, 23
9, 223, 62
9, 233, 44
9, 249, 2
9, 253, 8
9, 254, 48
9, 259, 15
9, 259, 36
9, 286, 45
9, 289, 12
9, 292, 43
9, 293, 27
9, 297, 52
9, 302, 38
9, 303, 15
9, 310, 57
9, 323, 46
9, 326, 58
9, 329, 24
9, 329, 52
9, 346, 42
9, 354, 22
9, 363, 48
9, 369, 46
9, 375, 18
9, 387, 19
9, 402, 30
9, 412, 38
9, 414, 59
9, 416, 20
9, 418, 52
9, 426, 44
9, 429, 30
9, 440, 56
9, 442, 49
9, 470, 57
9, 477, 26
9, 486, 20
9, 496, 45
9, 515, 11
9, 519, 2
9, 525, 58
9, 526, 49
9, 531, 5
9, 532, 45
9, 535, 23
9, 541, 19
9, 542, 2
9, 550, 43
9, 556, 31
9, 564, 32
9, 576, 12
9, 580, 15
9, 580, 46
9, 587, 56
9, 589, 22
9, 598, 48
9, 603, 62
9, 608, 48
9, 611, 59
9, 622, 50
9, 643, 24
9, 654, 42
9, 655, 26
9, 661, 49
9, 662, 57
9, 664, 11
9, 666, 43
9, 687, 38
9, 700, 32
9, 722, 2
9, 724, 45
9, 726, 19
9, 730, 44
9, 738, 18
9, 752, 30
9, 770, 22
9, 778, 24
9, 781, 38
9, 793, 8
9, 793, 48
9, 796, 46
9, 796, 62
10, 5, 6
10, 15, 34
10, 19, 9
10, 24, 49
10, 29, 26
10, 39, 20
10, 42, 42
10, 47, 23
10, 53, 1
10, 53, 3
10, 55, 35
10, 55, 42
10, 58, 54
10, 63, 14
10, 63, 51
10, 85, 18
10, 85, 37
10, 90, 6
10, 98, 30
10, 100, 4
10, 103, 34
10, 121, 39
10, 139, 48
10, 145, 38
10, 146, 14
10, 151, 32
10, 157, 41
10, 161, 30
10, 172, 34
10, 172, 46
10, 172, 50
10, 174, 12
10, 177, 18
10, 181, 29
10, 192, 19
10, 192, 22
10, 192, 49
10, 195, 34
10, 197, 1
10, 216, 9
10, 216, 38
10, 228, 40
10, 230, 5
10, 238, 18
10, 243, 49
10, 257, 42
10, 257, 51
10, 264, 6
10, 277, 10
10, 277, 39
10, 278, 6
10, 281, 54
10, 291, 33
10, 299, 10
10, 299, 24
10, 301, 37
10, 308, 23
10, 318, 35
10, 320, 26
10, 320, 41
10, 323, 4
10, 325, 26
10, 330, 40
10, 340, 37
10, 348, 51
10, 348, 52
10, 352, 22
10, 369, 48
10, 378, 14
10, 390, 51
10, 391, 38
10, 402, 52
10, 403, 38
10, 408, 45
10, 417, 22
10, 419, 34
10, 432, 19
10, 439, 35
10, 442, 21
10, 443, 32
10, 452, 30
10, 453, 37
10, 457, 50
10, 458, 33
10, 499, 37
10, 503, 30
10, 508, 20
10, 509, 39
10, 513, 34
10, 515, 1
10, 515, 48
10, 528, 9
10, 533, 19
10, 538, 12
10, 540, 3
10, 547, 49
10, 548, 23
10, 558, 40
10, 563, 26
10, 563, 35
10, 566, 18
10, 567, 42
10, 578, 24
10, 581, 39
10, 585, 37
10, 587, 38
10, 588, 27
10, 597, 23
10, 601, 4
10, 603, 6
10, 605, 20
10, 619, 26
10, 628, 51
10, 650, 33
10, 653, 52
10, 656, 49
10, 657, 62
10, 661, 14
10, 664, 9
10, 669, 21
10, 673, 45
10, 701, 54
10, 702, 42
10, 708, 19
10, 717, 51
10, 720, 10
10, 722, 50
10, 727, 45
10, 731, 39
10, 731, 41
10, 733, 33
10, 740, 20
10, 740, 52
10, 749, 5
10, 755, 22
10, 762, 48
10, 763, 12
10, 765, 1
10, 765, 27
10, 778, 37
10, 784, 39
10, 786, 29
10, 789, 30
10, 795, 24
11, 1, 46
11, 13, 4
11, 27, 33
11, 28, 58
11, 31, 22
11, 32, 21
11, 32, 23
11, 34, 50
11, 36, 26
11, 36, 27
11, 46, 14
11, 54, 2
11, 77, 15
11, 78, 3
11, 82, 59
11, 84, 23
11, 86, 7
11, 88, 41
11, 91, 1
11, 103, 53
11, 107, 47
11, 113, 25
11, 114, 10
11, 117, 8
11, 119, 33
11, 125, 56
11, 128, 18
11, 131, 54
11, 132, 6
11, 132, 40
11, 139, 53
11, 140, 32
11, 144, 52
11, 153, 41
11, 155, 44
11, 156, 4
11, 160, 50
11, 168, 45
11, 169, 56
11, 177, 10
11, 180, 24
11, 182, 42
11, 182, 90
11, 189, 7
11, 191, 14
11, 194, 4
11, 199, 22
11, 207, 46
11, 236, 33
11, 244, 47
11, 251, 15
11, 251, 40
11, 255, 25
11, 255, 58
11, 256, 1
11, 257, 13
11, 271, 62
11, 273, 15
11, 284, 53
11, 292, 58
11, 295, 54
11, 305, 56
11, 318, 44
11, 328, 18
11, 331, 2
11, 331, 26
11, 343, 59
11, 357, 50
11, 367, 25
11, 370, 23
11, 379, 33
11, 385, 50
11, 387, 45
11, 393, 20
11, 394, 46
11, 409, 54
11, 436, 21
11, 447, 46
11, 449, 41
11, 465, 20
11, 469, 10
11, 479, 26
11, 479, 47
11, 488, 45
11, 494, 14
11, 497, 8
11, 497, 25
11, 505, 27
11, 511, 3
11, 511, 56
11, 515, 44
11, 516, 23
11, 516, 42
11, 530, 40
11, 538, 7
11, 540, 13
11, 541, 9
11, 543, 33
11, 543, 58
11, 545, 15
11, 556, 6
11, 567, 50
11, 574, 33
11, 575, 53
11, 579, 56
11, 588, 10
11, 613, 59
11, 617, 20
11, 621, 1
11, 626, 15
11, 628, 7
11, 641, 41
11, 645, 32
11, 660, 24
11, 674, 25
11, 683, 13
11, 683, 22
11, 683, 62
11, 688, 9
11, 693, 2
11, 697, 4
11, 698, 25
11, 698, 41
11, 702, 26
11, 714, 46
11, 723, 47
11, 725, 45
11, 730, 54
11, 732, 7
11, 741, 58
11, 770, 13
11, 771, 56
11, 784, 14
11, 786, 33
11, 790, 50
11, 790, 59
12, 2, 42
12, 6, 25
12, 8, 52
12, 13, 19
12, 29, 46
12, 49, 2
12, 50, 6
12, 57, 12
12, 58, 41
12, 62, 30
12, 73, 6
12, 75, 5
12, 77, 34
12, 81, 3
12, 91, 20
12, 91, 29
12, 99, 18
12, 102, 40
12, 103, 10
12, 105, 24
12, 110, 21
12, 110, 28
12, 110, 38
12, 116, 15
12, 127, 16
12, 134, 4
12, 142, 14
12, 149, 51
12, 165, 37
12, 176, 34
12, 185, 2
12, 185, 12
12, 201, 30
12, 205, 46
12, 215, 42
12, 220, 30
12, 221, 24
12, 221, 52
12, 227, 27
12, 238, 19
12, 239, 21
12, 241, 3
12, 254, 37
12, 256, 46
12, 258, 10
12, 262, 29
12, 280, 57
12, 282, 41
12, 291, 27
12, 293, 38
12, 300, 12
12, 308, 61
12, 320, 40
12, 344, 32
12, 353, 24
12, 370, 32
12, 378, 44
12, 379, 37
12, 379, 61
12, 380, 45
12, 380, 47
12, 389, 28
12, 392, 15
12, 403, 6
12, 411, 51
12, 414, 42
12, 416, 14
12, 419, 29
12, 421, 28
12, 429, 30
12, 436, 52
12, 446, 28
12, 458, 51
12, 466, 38
12, 477, 30
12, 481, 24
12, 488, 2
12, 499, 18
12, 503, 5
12, 517, 20
12, 542, 10
12, 549, 27
12, 550, 20
12, 559, 32
12, 562, 19
12, 562, 57
12, 563, 40
12, 571, 46
12, 577, 18
12, 578, 24
12, 579, 14
12, 579, 61
12, 591, 21
12, 597, 41
12, 601, 3
12, 602, 20
12, 604, 19
12, 606, 37
12, 613, 2
12, 613, 57
12, 617, 16
12, 629, 57
12, 630, 52
12, 634, 32
12, 634, 44
12, 636, 41
12, 641, 51
12, 642, 34
12, 652, 4
12, 657, 25
12, 658, 37
12, 663, 47
12, 670, 28
12, 671, 20
12, 672, 45
12, 674, 29
12, 695, 15
12, 701, 52
12, 718, 16
12, 722, 38
12, 724, 57
12, 727, 12
12, 730, 27
12, 730, 30
12, 743, 6
12, 743, 51
12, 746, 46
12, 747, 28
12, 756, 16
12, 775, 19
12, 777, 2
12, 782, 29
12, 788, 12
12, 790, 6
12, 790, 20
12, 795, 7
13, 4, 8
13, 7, 13
13, 8, 29
13, 27, 21
13, 27, 23
13, 30, 11
13, 43, 32
13, 45, 43
13, 47, 47
13, 60, 52
13, 68, 30
13, 69, 24
13, 79, 33
13, 92, 19
13, 106, 49
13, 110, 53
13, 112, 40
13, 116, 44
13, 121, 20
13, 127, 31
13, 128, 39
13, 129, 10
13, 140, 29
13, 145, 7
13, 162, 36
13, 162, 50
13, 180, 13
13, 185, 20
13, 187, 14
13, 195, 12
13, 195, 26
13, 195, 49
13, 209, 4
13, 217, 8
13, 221, 41
13, 223, 46
13, 223, 47
13, 251, 2
13, 254, 32
13, 256, 24
13, 260, 43
13, 265, 52
13, 266, 6
13, 275, 11
13, 281, 30
13, 288, 53
13, 296, 41
13, 300, 10
13, 302, 21
13, 303, 55
13, 307, 19
13, 309, 29
13, 312, 46
13, 315, 43
13, 322, 13
13, 325, 43
13, 325, 52
13, 325, 54
13, 332, 33
13, 337, 56
13, 339, 59
13, 361, 39
13, 366, 11
13, 372, 20
13, 401, 26
13, 406, 36
13, 410, 58
13, 426, 32
13, 432, 30
13, 443, 40
13, 443, 58
13, 444, 29
13, 444, 43
13, 451, 39
13, 454, 31
13, 485, 33
13, 486, 36
13, 504, 39
13, 516, 7
13, 518, 50
13, 520, 55
13, 522, 36
13, 524, 6
13, 532, 53
13, 535, 7
13, 537, 47
13, 551, 24
13, 552, 2
13, 552, 8
13, 553, 31
13, 554, 50
13, 554, 59
13, 562, 14
13, 566, 54
13, 579, 58
13, 584, 12
13, 591, 44
13, 602, 49
13, 603, 10
13, 606, 29
13, 608, 11
13, 623, 46
13, 623, 52
13, 632, 13
13, 635, 33
13, 638, 52
13, 647, 41
13, 660, 21
13, 683, 59
13, 687, 2
13, 694, 30
13, 695, 36
13, 704, 26
13, 709, 29
13, 712, 11
13, 722, 56
13, 727, 12
13, 728, 32
13, 731, 20
13, 740, 50
13, 741, 19
13, 750, 43
13, 754, 55
13, 756, 47
13, 757, 6
13, 759, 53
13, 762, 46
13, 767, 7
13, 776, 58
13, 782, 6
13, 782, 30
14, 9, 47
14, 15, 60
14, 33, 3
14, 40, 41
14, 42, 47
14, 43, 4
14, 61, 13
14, 63, 44
14, 67, 56
14, 68, 25
14, 71, 38
14, 88, 41
14, 99, 15
14, 102, 22
14, 102, 32
14, 119, 53
14, 122, 47
14, 123, 49
14, 126, 1
14, 128, 23
14, 130, 40
14, 146, 45
14, 146, 48
14, 150, 38
14, 150, 55
14, 153, 25
14, 157, 31
14, 167, 54
14, 171, 56
14, 175, 15
14, 190, 25
14, 199, 44
14, 208, 43
14, 209, 15
14, 224, 46
14, 230, 33
14, 238, 25
14, 239, 15
14, 246, 3
14, 258, 20
14, 268, 22
14, 270, 38
14, 277, 22
14, 278, 3
14, 289, 48
14, 297, 17
14, 303, 47
14, 304, 56
14, 335, 53
14, 346, 20
14, 346, 49
14, 347, 32
14, 352, 56
14, 357, 55
14, 358, 45
14, 373, 44
14, 382, 23
14, 399, 50
14, 402, 55
14, 417, 54
14, 421, 41
14, 437, 50
14, 459, 40
14, 462, 46
14, 473, 46
14, 475, 43
14, 476, 49
14, 497, 45
14, 499, 31
14, 506, 33
14, 509, 38
14, 519, 3
14, 527, 38
14, 532, 48
14, 562, 15
14, 562, 22
14, 568, 43
14, 569, 60
14, 577, 20
14, 577, 45
14, 582, 44
14, 600, 46
14, 605, 53
14, 610, 45
14, 630, 56
14, 642, 4
14, 642, 13
14, 660, 17
14, 663, 50
14, 673, 1
14, 676, 40
14, 679, 54
14, 685, 55
14, 692, 15
14, 702, 48
14, 703, 23
14, 704, 3
14, 704, 25
14, 709, 32
14, 722, 49
14, 724, 4
14, 724, 41
14, 725, 50
14, 741, 45
14, 742, 38
14, 758, 17
14, 793, 32
15, 2, 14
15, 2, 60
15, 4, 7
15, 4, 19
15, 8, 15
15, 19, 6
15, 19, 45
15, 22, 34
15, 29, 53
15, 31, 36
15, 32, 55
15, 39, 22
15, 45, 58
15, 52, 13
15, 55, 52
15, 56, 27
15, 58, 27
15, 63, 20
15, 68, 43
15, 68, 54
15, 77, 16
15, 77, 44
15, 80, 10
15, 85, 59
15, 87, 2
15, 87, 50
15, 88, 47
15, 89, 48
15, 93, 30
15, 94, 21
15, 104, 3
15, 106, 7
15, 109, 29
15, 114, 15
15, 114, 28
15, 115, 8
15, 139, 34
15, 158, 14
15, 161, 44
15, 162, 53
15, 165, 22
15, 165, 36
15, 168, 17
15, 168, 32
15, 169, 48
15, 174, 27
15, 181, 11
15, 181, 55
15, 185, 45
15, 189, 6
15, 201, 29
15, 213, 8
15, 213, 16
15, 213, 45
15, 214, 50
15, 222, 15
15, 222, 24
15, 226, 15
15, 237, 55
15, 240, 43
15, 257, 10
15, 260, 7
15, 270, 58
15, 284, 30
15, 285, 65
15, 288, 29
15, 291, 2
15, 299, 16
15, 326, 44
15, 331, 36
15, 332, 60
15, 334, 30
15, 350, 48
15, 354, 59
15, 355, 19
15, 358, 21
15, 365, 22
15, 374, 28
15, 376, 47
15, 382, 28
15, 409, 14
15, 425, 34
15, 432, 17
15, 436, 20
15, 450, 55
15, 457, 45
15, 458, 27
15, 459, 58
15, 460, 52
15, 465, 53
15, 465, 60
15, 469, 53
15, 479, 13
15, 493, 11
15, 493, 30
15, 494, 15
15, 499, 58
15, 502, 8
15, 504, 22
15, 504, 24
15, 512, 3
15, 512, 60
15, 517, 44
15, 520, 48
15, 529, 50
15, 532, 13
15, 541, 16
15, 548, 6
15, 552, 36
15, 572, 21
15, 583, 28
15, 595, 29
15, 597, 21
15, 600, 19
15, 602, 30
15, 608, 14
15, 612, 53
15, 617, 7
15, 617, 60
15, 625, 28
15, 633, 6
15, 641, 29
15, 644, 8
15, 645, 52
15, 652, 15
15, 656, 43
15, 659, 24
15, 663, 34
15, 669, 50
15, 670, 27
15, 677, 10
15, 688, 2
15, 693, 17
15, 714, 22
15, 733, 55
15, 739, 29
15, 744, 58
15, 748, 19
15, 762, 53
15, 764, 20
15, 776, 6
15, 781, 11
15, 785, 34
15, 789, 32
16, 18, 11
16, 22, 8
16, 26, 36
16, 42, 15
16, 44, 6
16, 68, 55
16, 71, 8
16, 76, 32
16, 77, 19
16, 79, 40
16, 92, 36
16, 98, 46
16, 108, 23
16, 111, 17
16, 118, 38
16, 125, 53
16, 130, 8
16, 131, 56
16, 133, 19
16, 135, 2
16, 135, 36
16, 137, 42
16, 158, 21
16, 160, 53
16, 166, 48
16, 167, 38
16, 168, 6
16, 171, 51
16, 173, 61
16, 178, 49
16, 185, 37
16, 186, 41
16, 191, 60
16, 205, 4
16, 210, 54
16, 215, 36
16, 224, 49
16, 226, 7
16, 229, 22
16, 233, 46
16, 237, 42
16, 241, 50
16, 242, 29
16, 244, 11
16, 246, 38
16, 246, 52
16, 250, 40
16, 251, 8
16, 253, 3
16, 254, 31
16, 262, 25
16, 269, 4
16, 281, 15
16, 285, 5
16, 291, 20
16, 292, 39
16, 308, 6
16, 312, 43
16, 318, 30
16, 320, 19
16, 320, 56
16, 327, 31
16, 336, 40
16, 380, 61
16, 383, 30
16, 383, 53
16, 393, 62
16, 402, 53
16, 416, 42
16, 426, 60
16, 436, 21
16, 444, 37
16, 446, 22
16, 446, 23
16, 446, 32
16, 449, 32
16, 465, 46
16, 470, 49
16, 474, 43
16, 487, 55
16, 507, 30
16, 512, 17
16, 512, 51
16, 516, 29
16, 516, 36
16, 521, 23
16, 531, 4
16, 538, 21
16, 539, 31
16, 548, 41
16, 558, 42
16, 562, 60
16, 571, 28
16, 575, 8
16, 581, 2
16, 582, 32
16, 589, 20
16, 591, 7
16, 592, 3
16, 594, 17
16, 597, 38
16, 598, 50
16, 599, 15
16, 600, 52
16, 622, 4
16, 622, 19
16, 624, 61
16, 627, 32
16, 630, 37
16, 640, 7
16, 640, 55
16, 643, 40
16, 656, 36
16, 672, 56
16, 673, 49
16, 675, 30
16, 676, 23
16, 678, 11
16, 682, 60
16, 696, 51
16, 700, 40
16, 702, 54
16, 703, 29
16, 707, 8
16, 712, 3
16, 714, 54
16, 715, 6
16, 716, 62
16, 717, 17
16, 720, 63
16, 727, 32
16, 738, 50
16, 742, 15
16, 748, 53
16, 770, 28
16, 771, 53
16, 773, 43
16, 778, 61
16, 779, 55
16, 791, 38
16, 797, 6
17, 4, 42
17, 6, 41
17, 9, 17
17, 12, 56
17, 35, 34
17, 48, 35
17, 52, 40
17, 59, 60
17, 79, 30
17, 86, 12
17, 91, 57
17, 96, 40
17, 98, 37
17, 99, 9
17, 105, 39
17, 107, 34
17, 112, 23
17, 113, 11
17, 115, 14
17, 117, 3
17, 117, 31
17, 120, 3
17, 141, 20
17, 153, 52
17, 165, 8
17, 172, 48
17, 175, 13
17, 178, 25
17, 178, 36
17, 179, 22
17, 183, 56
17, 190, 56
17, 191, 30
17, 191, 45
17, 208, 18
17, 214, 4
17, 217, 57
17, 228, 12
17, 239, 28
17, 255, 42
17, 262, 16
17, 263, 57
17, 265, 60
17, 274, 3
17, 279, 33
17, 280, 5
17, 284, 17
17, 288, 44
17, 296, 25
17, 296, 52
17, 298, 14
17, 313, 41
17, 324, 37
17, 332, 13
17, 336, 39
17, 337, 16
17, 352, 35
17, 355, 34
17, 377, 42
17, 384, 30
17, 387, 50
17, 398, 31
17, 405, 23
17, 420, 40
17, 428, 45
17, 450, 18
17, 465, 36
17, 471, 9
17, 481, 28
17, 482, 22
17, 498, 20
17, 499, 40
17, 507, 11
17, 508, 14
17, 509, 20
17, 520, 42
17, 522, 9
17, 524, 35
17, 526, 4
17, 530, 57
17, 539, 41
17, 541, 44
17, 542, 60
17, 543, 56
17, 559, 43
17, 560, 48
17, 565, 17
17, 568, 13
17, 569, 37
17, 573, 23
17, 575, 36
17, 579, 48
17, 581, 5
17, 583, 52
17, 600, 33
17, 602, 44
17, 606, 3
17, 606, 33
17, 614, 39
17, 622, 9
17, 630, 39
17, 633, 20
17, 643, 25
17, 647, 22
17, 647, 30
17, 648, 45
17, 655, 30
17, 655, 35
17, 660, 16
17, 672, 36
17, 688, 42
17, 690, 44
17, 697, 44
17, 698, 14
17, 700, 28
17, 702, 20
17, 715, 45
17, 723, 48
17, 726, 40
17, 732, 4
17, 739, 8
17, 741, 7
17, 741, 17
17, 750, 16
17, 758, 39
17, 763, 5
17, 764, 23
17, 775, 3
17, 788, 50
17, 793, 33
18, 11, 12
18, 12, 30
18, 17, 13
18, 20, 15
18, 21, 17
18, 24, 22
18, 25, 7
18, 26, 53
18, 28, 47
18, 38, 43
18, 43, 4
18, 44, 45
18, 48, 25
18, 49, 34
18, 53, 56
18, 57, 2
18, 57, 20
18, 57, 44
18, 70, 24
18, 82, 36
18, 85, 15
18, 89, 23
18, 93, 11
18, 96, 56
18, 107, 29
18, 112, 38
18, 121, 46
18, 122, 57
18, 128, 32
18, 130, 7
18, 131, 34
18, 135, 17
18, 135, 43
18, 139, 19
18, 143, 33
18, 147, 38
18, 156, 24
18, 157, 1
18, 157, 5
18, 161, 51
18, 166, 26
18, 167, 19
18, 168, 31
18, 168, 55
18, 188, 2
18, 191, 12
18, 191, 42
18, 211, 53
18, 214, 26
18, 221, 7
18, 225, 8
18, 227, 44
18, 231, 20
18, 240, 31
18, 243, 22
18, 245, 41
18, 258, 26
18, 260, 30
18, 262, 6
18, 262, 33
18, 272, 53
18, 274, 47
18, 275, 4
18, 280, 11
18, 281, 25
18, 288, 45
18, 294, 67
18, 295, 30
18, 299, 6
18, 303, 30
18, 323, 16
18, 334, 22
18, 340, 58
18, 341, 32
18, 348, 48
18, 348, 56
18, 349, 24
18, 352, 46
18, 367, 24
18, 368, 57
18, 369, 34
18, 373, 33
18, 375, 43
18, 378, 20
18, 380, 46
18, 383, 26
18, 387, 44
18, 393, 53
18, 395, 55
18, 395, 57
18, 411, 19
18, 413, 18
18, 417, 31
18, 426, 38
18, 439, 41
18, 442, 36
18, 449, 26
18, 461, 61
18, 473, 22
18, 485, 12
18, 492, 47
18, 498, 1
18, 499, 51
18, 501, 29
18, 501, 45
18, 502, 41
18, 503, 8
18, 505, 32
18, 509, 53
18, 514, 5
18, 522, 48
18, 530, 15
18, 531, 13
18, 544, 46
18, 553, 11
18, 556, 59
18, 560, 16
18, 563, 2
18, 566, 38
18, 567, 46
18, 570, 15
18, 571, 56
18, 577, 17
18, 582, 43
18, 583, 18
18, 588, 25
18, 593, 6
18, 595, 48
18, 602, 55
18, 607, 31
18, 625, 44
18, 630, 17
18, 636, 13
18, 636, 46
18, 637, 29
18, 643, 58
18, 645, 20
18, 645, 30
18, 661, 26
18, 666, 18
18, 669, 12
18, 673, 53
18, 677, 33
18, 679, 4
18, 698, 44
18, 698, 61
18, 701, 32
18, 702, 1
18, 705, 55
18, 707, 17
18, 707, 51
18, 708, 56
18, 721, 4
18, 725, 11
18, 727, 34
18, 733, 25
18, 738, 57
18, 746, 13
18, 760, 43
18, 762, 41
18, 767, 47
18, 770, 38
18, 772, 45
18, 781, 24
18, 782, 58
18, 785, 42
18, 786, 41
18, 798, 5
19, 1, 32
19, 3, 55
19, 6, 57
19, 7, 47
19, 10, 32
19, 15, 36
19, 37, 25
19, 39, 3
19, 46, 43
19, 47, 5
19, 64, 27
19, 65, 60
19, 69, 17
19, 80, 30
19, 87, 43
19, 92, 54
19, 129, 25
19, 157, 29
19, 163, 8
19, 164, 40
19, 179, 14
19, 180, 32
19, 182, 47
19, 187, 23
19, 193, 3
19, 196, 57
19, 199, 32
19, 221, 12
19, 221, 55
19, 223, 19
19, 223, 27
19, 226, 10
19, 242, 30
19, 248, 47
19, 249, 6
19, 250, 60
19, 256, 12
19, 268, 54
19, 277, 5
19, 282, 29
19, 295, 2
19, 298, 29
19, 302, 32
19, 306, 43
19, 318, 10
19, 325, 60
19, 335, 51
19, 342, 54
19, 343, 27
19, 365, 51
19, 376, 57
19, 388, 43
19, 406, 23
19, 406, 40
19, 415, 14
19, 428, 32
19, 432, 25
19, 433, 54
19, 440, 30
19, 442, 27
19, 455, 47
19, 484, 43
19, 487, 17
19, 495, 47
19, 502, 55
19, 512, 23
19, 517, 36
19, 529, 42
19, 530, 27
19, 542, 54
19, 549, 60
19, 556, 55
19, 562, 6
19, 563, 3
19, 563, 17
19, 573, 8
19, 582, 5
19, 592, 10
19, 595, 12
19, 606, 19
19, 606, 40
19, 626, 29
19, 632, 54
19, 634, 57
19, 646, 14
19, 670, 6
19, 682, 43
19, 702, 6
19, 705, 10
19, 720, 32
19, 730, 23
19, 741, 30
19, 750, 47
19, 755, 29
19, 758, 55
19, 770, 5
19, 773, 2
19, 775, 2
19, 785, 12
19, 795, 51
19, 798, 47
19, 799, 57
