1, 7, 40
1, 14, 3
1, 17, 32
1, 25, 56
1, 29, 21
1, 38, 2
1, 43, 42
1, 46, 49
1, 52, 47
1, 58, 62
1, 75, 9
1, 85, 2
1, 89, 51
1, 106, 57
1, 108, 6
1, 122, 27
1, 128, 18
1, 154, 51
1, 156, 29
1, 178, 32
1, 204, 40
1, 211, 3
1, 212, 18
1, 217, 49
1, 219, 31
1, 221, 43
1, 242, 24
1, 247, 29
1, 253, 51
1, 256, 21
1, 283, 18
1, 284, 27
1, 289, 56
1, 298, 5
1, 299, 9
1, 301, 25
1, 311, 54
1, 332, 21
1, 336, 64
1, 350, 22
1, 351, 49
1, 352, 42
1, 366, 51
1, 399, 51
1, 426, 62
1, 432, 27
1, 447, 57
1, 455, 40
1, 458, 29
1, 462, 56
1, 467, 32
1, 486, 54
1, 491, 56
1, 499, 59
1, 512, 62
1, 531, 21
1, 545, 31
1, 546, 9
1, 554, 25
1, 559, 22
1, 565, 29
1, 574, 57
1, 580, 18
1, 588, 9
1, 588, 42
1, 589, 24
1, 598, 2
1, 603, 47
1, 610, 40
1, 611, 51
1, 623, 54
1, 632, 3
1, 656, 62
1, 667, 40
1, 679, 6
1, 680, 21
1, 690, 29
1, 694, 56
1, 696, 21
1, 704, 3
1, 706, 54
1, 721, 41
1, 724, 5
1, 731, 43
1, 751, 32
1, 760, 6
1, 761, 57
1, 779, 64
1, 781, 9
1, 781, 18
1, 785, 2
1, 798, 59
2, 4, 10
2, 12, 62
2, 13, 15
2, 22, 36
2, 25, 14
2, 30, 34
2, 47, 1
2, 51, 2
2, 68, 46
2, 69, 7
2, 71, 43
2, 73, 22
2, 93, 30
2, 94, 10
2, 99, 59
2, 115, 25
2, 118, 12
2, 122, 35
2, 123, 60
2, 127, 37
2, 147, 10
2, 150, 58
2, 162, 44
2, 163, 21
2, 170, 10
2, 171, 15
2, 172, 18
2, 172, 61
2, 181, 26
2, 183, 2
2, 183, 30
2, 186, 13
2, 186, 59
2, 199, 11
2, 199, 35
2, 209, 16
2, 212, 62
2, 230, 12
2, 233, 61
2, 238, 22
2, 246, 60
2, 253, 36
2, 255, 14
2, 260, 45
2, 261, 7
2, 272, 37
2, 274, 34
2, 277, 1
2, 278, 54
2, 287, 10
2, 299, 16
2, 304, 25
2, 325, 62
2, 331, 18
2, 359, 46
2, 371, 21
2, 378, 30
2, 387, 22
2, 395, 43
2, 404, 13
2, 414, 46
2, 414, 54
2, 419, 31
2, 426, 35
2, 431, 58
2, 437, 44
2, 442, 26
2, 457, 60
2, 468, 59
2, 477, 38
2, 482, 25
2, 491, 3
2, 494, 37
2, 527, 16
2, 533, 11
2, 552, 7
2, 555, 30
2, 560, 34
2, 571, 34
2, 575, 21
2, 578, 45
2, 581, 44
2, 589, 22
2, 591, 31
2, 593, 35
2, 598, 54
2, 609, 3
2, 610, 44
2, 612, 14
2, 612, 43
2, 619, 10
2, 626, 12
2, 637, 36
2, 645, 16
2, 660, 60
2, 663, 61
2, 677, 35
2, 693, 16
2, 695, 11
2, 699, 10
2, 704, 13
2, 709, 18
2, 710, 26
2, 711, 37
2, 722, 22
2, 732, 58
2, 742, 26
2, 745, 7
2, 746, 44
2, 750, 2
2, 751, 59
2, 759, 12
2, 760, 46
2, 769, 54
2, 778, 31
2, 788, 34
2, 797, 61
3, 7, 29
3, 8, 19
3, 17, 17
3, 20, 1
3, 23, 49
3, 37, 41
3, 43, 26
3, 51, 44
3, 59, 5
3, 62, 2
3, 82, 52
3, 118, 55
3, 127, 39
3, 136, 12
3, 136, 41
3, 141, 2
3, 151, 29
3, 151, 44
3, 154, 9
3, 168, 1
3, 171, 38
3, 172, 27
3, 172, 49
3, 188, 20
3, 196, 7
3, 196, 47
3, 220, 2
3, 226, 52
3, 243, 17
3, 256, 12
3, 257, 31
3, 262, 26
3, 266, 33
3, 271, 44
3, 272, 5
3, 281, 41
3, 284, 2
3, 292, 4
3, 299, 26
3, 303, 46
3, 305, 49
3, 313, 20
3, 313, 39
3, 314, 19
3, 319, 23
3, 343, 58
3, 351, 38
3, 362, 7
3, 364, 27
3, 374, 50
3, 387, 23
3, 401, 38
3, 403, 29
3, 421, 33
3, 463, 25
3, 475, 31
3, 478, 26
3, 488, 47
3, 492, 27
3, 494, 44
3, 504, 39
3, 508, 23
3, 515, 5
3, 518, 55
3, 540, 38
3, 546, 50
3, 547, 47
3, 551, 52
3, 558, 41
3, 562, 17
3, 564, 9
3, 575, 1
3, 593, 17
3, 605, 7
3, 608, 58
3, 611, 29
3, 612, 9
3, 623, 4
3, 625, 20
3, 625, 26
3, 632, 44
3, 638, 49
3, 654, 38
3, 670, 7
3, 670, 27
3, 670, 33
3, 673, 23
3, 679, 17
3, 689, 46
3, 690, 4
3, 699, 46
3, 708, 12
3, 708, 25
3, 721, 31
3, 738, 19
3, 742, 26
3, 754, 50
3, 756, 2
3, 760, 39
3, 761, 58
3, 774, 9
3, 779, 47
3, 794, 27
3, 797, 5
4, 4, 27
4, 4, 56
4, 15, 26
4, 23, 32
4, 25, 60
4, 31, 26
4, 46, 27
4, 73, 20
4, 78, 46
4, 80, 8
4, 82, 28
4, 85, 37
4, 85, 39
4, 87, 31
4, 87, 44
4, 91, 21
4, 96, 4
4, 97, 17
4, 100, 55
4, 110, 10
4, 119, 53
4, 127, 57
4, 136, 26
4, 142, 24
4, 150, 13
4, 152, 59
4, 158, 19
4, 163, 6
4, 165, 32
4, 168, 62
4, 173, 23
4, 190, 40
4, 195, 13
4, 203, 19
4, 210, 8
4, 221, 27
4, 228, 42
4, 246, 56
4, 251, 36
4, 256, 17
4, 285, 4
4, 299, 39
4, 303, 40
4, 303, 53
4, 309, 30
4, 321, 44
4, 329, 46
4, 332, 29
4, 338, 31
4, 351, 55
4, 362, 24
4, 367, 24
4, 405, 28
4, 426, 26
4, 428, 35
4, 433, 42
4, 434, 44
4, 445, 39
4, 460, 23
4, 460, 60
4, 464, 19
4, 465, 37
4, 474, 21
4, 475, 59
4, 488, 20
4, 493, 32
4, 500, 44
4, 506, 6
4, 513, 36
4, 514, 57
4, 517, 21
4, 539, 10
4, 541, 24
4, 543, 28
4, 546, 60
4, 551, 40
4, 560, 17
4, 560, 24
4, 566, 6
4, 569, 62
4, 587, 8
4, 603, 17
4, 606, 56
4, 610, 8
4, 610, 51
4, 613, 23
4, 622, 27
4, 622, 44
4, 631, 19
4, 636, 59
4, 640, 4
4, 641, 46
4, 644, 29
4, 659, 36
4, 664, 6
4, 675, 60
4, 678, 35
4, 678, 57
4, 686, 19
4, 697, 26
4, 702, 13
4, 704, 31
4, 730, 39
4, 731, 62
4, 742, 20
4, 745, 4
4, 757, 24
4, 766, 17
4, 770, 13
4, 772, 36
4, 781, 55
4, 787, 29
4, 789, 23
4, 791, 21
4, 798, 8
5, 14, 3
5, 22, 24
5, 32, 11
5, 42, 27
5, 46, 42
5, 57, 23
5, 59, 34
5, 60, 13
5, 66, 9
5, 68, 30
5, 78, 37
5, 79, 21
5, 90, 16
5, 91, 54
5, 93, 29
5, 100, 20
5, 104, 44
5, 109, 53
5, 118, 31
5, 136, 19
5, 144, 43
5, 151, 9
5, 163, 12
5, 166, 46
5, 182, 15
5, 190, 96
5, 193, 13
5, 196, 44
5, 229, 29
5, 231, 1
5, 235, 37
5, 236, 24
5, 238, 23
5, 243, 34
5, 247, 11
5, 258, 3
5, 267, 42
5, 278, 53
5, 280, 31
5, 285, 54
5, 295, 74
5, 322, 34
5, 370, 43
5, 403, 43
5, 405, 44
5, 405, 53
5, 406, 16
5, 418, 34
5, 421, 24
5, 459, 46
5, 462, 28
5, 467, 20
5, 468, 31
5, 474, 9
5, 482, 21
5, 484, 53
5, 494, 37
5, 501, 27
5, 503, 42
5, 509, 11
5, 511, 23
5, 513, 34
5, 514, 42
5, 523, 12
5, 532, 13
5, 532, 15
5, 554, 3
5, 554, 34
5, 555, 54
5, 570, 44
5, 571, 19
5, 593, 29
5, 601, 20
5, 607, 28
5, 622, 24
5, 635, 16
5, 636, 20
5, 640, 21
5, 643, 46
5, 644, 13
5, 658, 57
5, 668, 13
5, 697, 23
5, 712, 27
5, 720, 43
5, 728, 37
5, 729, 34
5, 737, 12
5, 738, 24
5, 767, 42
5, 770, 31
5, 779, 44
5, 784, 29
5, 787, 46
5, 788, 1
5, 797, 34
6, 6, 9
6, 7, 37
6, 13, 60
6, 23, 20
6, 43, 12
6, 45, 47
6, 47, 2
6, 49, 14
6, 58, 7
6, 59, 30
6, 61, 29
6, 64, 5
6, 72, 26
6, 79, 52
6, 113, 57
6, 118, 14
6, 123, 25
6, 129, 41
6, 141, 37
6, 145, 51
6, 148, 45
6, 153, 53
6, 160, 1
6, 162, 22
6, 163, 55
6, 184, 51
6, 186, 50
6, 188, 7
6, 191, 9
6, 193, 40
6, 201, 17
6, 205, 58
6, 214, 63
6, 220, 67
6, 237, 52
6, 240, 31
6, 242, 16
6, 253, 51
6, 265, 50
6, 274, 13
6, 279, 58
6, 280, 5
6, 285, 43
6, 286, 25
6, 287, 14
6, 312, 47
6, 314, 20
6, 315, 60
6, 318, 41
6, 330, 47
6, 349, 17
6, 362, 31
6, 372, 45
6, 374, 22
6, 376, 20
6, 377, 37
6, 386, 60
6, 389, 37
6, 414, 12
6, 423, 55
6, 430, 53
6, 432, 53
6, 435, 47
6, 446, 26
6, 449, 51
6, 454, 40
6, 459, 52
6, 475, 45
6, 488, 50
6, 489, 9
6, 495, 43
6, 498, 57
6, 502, 25
6, 513, 30
6, 515, 63
6, 521, 45
6, 522, 26
6, 531, 12
6, 547, 20
6, 553, 14
6, 553, 25
6, 567, 47
6, 577, 2
6, 578, 16
6, 591, 47
6, 594, 7
6, 614, 17
6, 625, 1
6, 626, 5
6, 626, 13
6, 628, 12
6, 629, 37
6, 632, 2
6, 637, 52
6, 639, 61
6, 640, 31
6, 649, 58
6, 653, 41
6, 657, 50
6, 665, 55
6, 671, 22
6, 680, 53
6, 680, 60
6, 683, 1
6, 693, 54
6, 694, 9
6, 694, 51
6, 712, 45
6, 717, 63
6, 718, 14
6, 720, 57
6, 722, 40
6, 722, 50
6, 727, 2
6, 728, 47
6, 735, 7
6, 750, 1
6, 752, 29
6, 758, 43
6, 778, 25
6, 781, 67
6, 783, 20
6, 785, 5
7, 18, 56
7, 21, 2
7, 22, 52
7, 30, 22
7, 37, 22
7, 38, 30
7, 65, 53
7, 67, 19
7, 88, 43
7, 93, 45
7, 99, 9
7, 101, 50
7, 103, 23
7, 105, 47
7, 108, 29
7, 135, 48
7, 142, 3
7, 154, 52
7, 183, 23
7, 186, 6
7, 190, 26
7, 190, 45
7, 192, 30
7, 212, 21
7, 212, 56
7, 213, 43
7, 213, 49
7, 223, 33
7, 227, 2
7, 233, 23
7, 242, 19
7, 246, 47
7, 246, 50
7, 250, 22
7, 264, 3
7, 269, 26
7, 278, 6
7, 280, 36
7, 296, 30
7, 307, 56
7, 310, 41
7, 326, 48
7, 333, 56
7, 345, 32
7, 372, 9
7, 383, 53
7, 392, 45
7, 394, 56
7, 402, 29
7, 406, 23
7, 406, 43
7, 409, 49
7, 417, 43
7, 427, 52
7, 430, 50
7, 459, 33
7, 464, 30
7, 466, 22
7, 475, 36
7, 484, 47
7, 489, 33
7, 499, 21
7, 504, 36
7, 515, 26
7, 530, 19
7, 533, 48
7, 542, 45
7, 549, 41
7, 554, 49
7, 567, 23
7, 576, 3
7, 581, 2
7, 604, 30
7, 614, 52
7, 616, 50
7, 629, 43
7, 639, 9
7, 650, 6
7, 671, 56
7, 675, 22
7, 681, 3
7, 710, 23
7, 711, 22
7, 715, 26
7, 719, 33
7, 727, 45
7, 730, 22
7, 730, 36
7, 757, 26
7, 762, 56
7, 771, 52
7, 778, 45
7, 781, 30
7, 799, 52
8, 8, 53
8, 16, 17
8, 21, 30
8, 23, 8
8, 27, 57
8, 36, 36
8, 47, 49
8, 55, 27
8, 66, 11
8, 67, 20
8, 81, 31
8, 85, 58
8, 87, 56
8, 94, 14
8, 96, 41
8, 105, 8
8, 110, 5
8, 114, 61
8, 119, 47
8, 123, 27
8, 130, 24
8, 136, 49
8, 152, 42
8, 168, 40
8, 191, 24
8, 198, 54
8, 214, 11
8, 217, 38
8, 218, 8
8, 218, 17
8, 237, 53
8, 240, 8
8, 242, 30
8, 261, 36
8, 268, 23
8, 276, 57
8, 277, 31
8, 280, 17
8, 289, 11
8, 306, 14
8, 311, 61
8, 314, 16
8, 320, 27
8, 358, 49
8, 359, 20
8, 359, 31
8, 366, 54
8, 376, 14
8, 377, 42
8, 378, 36
8, 381, 41
8, 387, 47
8, 421, 24
8, 424, 57
8, 436, 56
8, 441, 40
8, 447, 42
8, 452, 38
8, 465, 41
8, 487, 30
8, 490, 27
8, 491, 23
8, 503, 20
8, 512, 40
8, 520, 49
8, 521, 56
8, 527, 5
8, 540, 23
8, 551, 57
8, 562, 36
8, 568, 14
8, 569, 42
8, 571, 20
8, 576, 53
8, 579, 24
8, 585, 16
8, 590, 43
8, 592, 58
8, 601, 38
8, 606, 31
8, 627, 54
8, 627, 61
8, 634, 49
8, 641, 41
8, 651, 31
8, 652, 27
8, 658, 43
8, 671, 17
8, 689, 5
8, 698, 11
8, 698, 53
8, 714, 20
8, 721, 54
8, 736, 16
8, 743, 56
8, 743, 57
8, 747, 47
8, 748, 11
8, 757, 24
8, 763, 8
8, 767, 23
8, 790, 36
8, 791, 17
8, 791, 31
8, 791, 40
9, 3, 3
9, 29, 45
9, 34, 25
9, 36, 6
9, 37, 3
9, 42, 10
9, 50, 55
9, 51, 58
9, 57, 42
9, 68, 18
9, 79, 61
9, 80, 15
9, 89, 55
9, 90, 25
9, 98, 35
9, 99, 30
9, 111, 33
9, 112, 11
9, 118, 38
9, 128, 42
9, 130, 62
9, 136, 31
9, 141, 32
9, 145, 16
9, 154, 15
9, 159, 46
9, 161, 52
9, 168, 13
9, 184, 15
9, 185, 21
9, 210, 35
9, 224, 61
9, 235, 10
9, 237, 9
9, 245, 2
9, 245, 3
9, 247, 22
9, 255, 25
9, 259, 19
9, 262, 45
9, 280, 55
9, 281, 62
9, 288, 31
9, 294, 38
9, 311, 46
9, 317, 23
9, 323, 32
9, 324, 40
9, 324, 42
9, 340, 33
9, 355, 38
9, 357, 45
9, 358, 52
9, 364, 16
9, 372, 18
9, 386, 11
9, 388, 52
9, 395, 25
9, 396, 15
9, 408, 30
9, 409, 31
9, 492, 61
9, 496, 42
9, 502, 2
9, 510, 55
9, 518, 58
9, 524, 21
9, 527, 6
9, 532, 46
9, 533, 35
9, 538, 33
9, 560, 22
9, 562, 38
9, 565, 10
9, 570, 42
9, 572, 16
9, 575, 19
9, 579, 45
9, 581, 32
9, 582, 22
9, 591, 25
9, 614, 18
9, 621, 35
9, 630, 62
9, 631, 22
9, 643, 38
9, 650, 2
9, 650, 23
9, 653, 46
9, 657, 58
9, 661, 21
9, 669, 40
9, 670, 31
9, 672, 11
9, 673, 42
9, 688, 52
9, 690, 33
9, 704, 61
9, 712, 16
9, 713, 3
9, 714, 30
9, 754, 15
9, 758, 23
9, 762, 52
9, 781, 2
9, 792, 62
9, 796, 22
10, 3, 50
10, 4, 24
10, 5, 5
10, 6, 27
10, 30, 51
10, 46, 24
10, 55, 30
10, 59, 54
10, 62, 26
10, 68, 13
10, 72, 16
10, 76, 41
10, 89, 34
10, 102, 58
10, 125, 4
10, 127, 3
10, 128, 40
10, 144, 37
10, 145, 50
10, 159, 3
10, 164, 10
10, 184, 37
10, 190, 3
10, 190, 5
10, 208, 28
10, 220, 16
10, 231, 23
10, 236, 25
10, 239, 30
10, 248, 14
10, 255, 27
10, 291, 54
10, 299, 41
10, 312, 24
10, 316, 26
10, 321, 63
10, 328, 4
10, 345, 56
10, 349, 47
10, 373, 37
10, 377, 34
10, 383, 47
10, 394, 51
10, 396, 13
10, 397, 25
10, 444, 16
10, 455, 50
10, 495, 28
10, 506, 5
10, 522, 30
10, 524, 5
10, 524, 14
10, 524, 40
10, 533, 3
10, 534, 23
10, 537, 27
10, 545, 23
10, 545, 41
10, 546, 34
10, 550, 10
10, 552, 13
10, 553, 3
10, 555, 58
10, 560, 34
10, 571, 30
10, 571, 54
10, 586, 47
10, 592, 28
10, 614, 3
10, 624, 26
10, 637, 40
10, 642, 56
10, 644, 4
10, 651, 16
10, 655, 37
10, 657, 5
10, 658, 25
10, 660, 63
10, 686, 23
10, 693, 28
10, 705, 34
10, 710, 63
10, 729, 24
10, 732, 54
10, 761, 11
10, 763, 5
10, 768, 47
10, 782, 4
10, 785, 54
10, 789, 27
10, 789, 30
10, 793, 63
11, 17, 8
11, 23, 6
11, 26, 58
11, 44, 4
11, 47, 24
11, 59, 42
11, 60, 53
11, 68, 45
11, 72, 50
11, 77, 2
11, 82, 8
11, 84, 32
11, 90, 5
11, 106, 37
11, 107, 39
11, 109, 42
11, 113, 42
11, 114, 49
11, 117, 18
11, 122, 16
11, 124, 11
11, 132, 43
11, 137, 35
11, 138, 46
11, 146, 3
11, 146, 59
11, 162, 43
11, 164, 31
11, 176, 30
11, 185, 26
11, 191, 53
11, 201, 4
11, 205, 52
11, 208, 50
11, 262, 40
11, 263, 2
11, 277, 45
11, 281, 24
11, 289, 6
11, 292, 49
11, 293, 16
11, 304, 43
11, 315, 16
11, 328, 26
11, 329, 8
11, 337, 31
11, 350, 59
11, 358, 37
11, 358, 40
11, 359, 42
11, 375, 49
11, 377, 58
11, 379, 45
11, 380, 18
11, 400, 39
11, 412, 52
11, 418, 43
11, 421, 18
11, 428, 32
11, 436, 11
11, 442, 30
11, 442, 35
11, 443, 46
11, 451, 52
11, 475, 50
11, 495, 5
11, 501, 53
11, 504, 26
11, 511, 43
11, 513, 5
11, 513, 48
11, 516, 4
11, 539, 16
11, 550, 16
11, 560, 6
11, 569, 2
11, 578, 31
11, 580, 40
11, 590, 42
11, 599, 45
11, 605, 59
11, 610, 37
11, 618, 50
11, 619, 32
11, 627, 8
11, 628, 39
11, 644, 43
11, 659, 49
11, 669, 52
11, 679, 46
11, 680, 6
11, 707, 30
11, 722, 42
11, 724, 48
11, 725, 58
11, 733, 50
11, 734, 58
11, 735, 45
11, 739, 40
11, 744, 4
11, 756, 37
11, 761, 16
11, 765, 18
11, 778, 26
11, 799, 5
12, 6, 42
12, 40, 21
12, 42, 13
12, 52, 49
12, 69, 5
12, 71, 53
12, 77, 61
12, 80, 30
12, 110, 41
12, 112, 9
12, 113, 23
12, 114, 34
12, 119, 44
12, 130, 14
12, 155, 9
12, 155, 31
12, 160, 31
12, 164, 7
12, 167, 34
12, 184, 26
12, 192, 34
12, 194, 39
12, 196, 6
12, 196, 16
12, 196, 25
12, 204, 34
12, 225, 23
12, 228, 42
12, 231, 21
12, 233, 39
12, 240, 27
12, 242, 42
12, 254, 8
12, 255, 49
12, 263, 59
12, 271, 30
12, 276, 5
12, 285, 13
12, 286, 30
12, 290, 61
12, 308, 36
12, 324, 34
12, 330, 28
12, 365, 21
12, 366, 41
12, 368, 58
12, 370, 41
12, 371, 25
12, 373, 53
12, 377, 47
12, 388, 23
12, 407, 36
12, 407, 39
12, 408, 31
12, 427, 21
12, 428, 23
12, 429, 26
12, 430, 16
12, 449, 27
12, 459, 42
12, 469, 39
12, 477, 44
12, 491, 36
12, 492, 34
12, 499, 13
12, 502, 7
12, 515, 59
12, 521, 14
12, 526, 61
12, 529, 58
12, 530, 53
12, 538, 28
12, 539, 6
12, 539, 40
12, 552, 30
12, 581, 9
12, 589, 61
12, 595, 5
12, 598, 27
12, 606, 49
12, 608, 44
12, 635, 31
12, 655, 36
12, 662, 25
12, 675, 34
12, 676, 31
12, 678, 16
12, 690, 36
12, 691, 23
12, 698, 41
12, 710, 7
12, 710, 47
12, 725, 6
12, 727, 27
12, 731, 9
12, 733, 13
12, 736, 21
12, 740, 49
12, 741, 8
12, 743, 39
12, 759, 26
12, 759, 36
12, 782, 61
12, 785, 58
13, 11, 26
13, 20, 9
13, 23, 46
13, 30, 42
13, 46, 35
13, 46, 56
13, 49, 26
13, 60, 12
13, 61, 3
13, 64, 43
13, 72, 45
13, 75, 59
13, 109, 12
13, 118, 24
13, 126, 8
13, 131, 37
13, 136, 35
13, 138, 30
13, 165, 42
13, 169, 57
13, 178, 26
13, 182, 10
13, 183, 52
13, 188, 43
13, 193, 15
13, 222, 26
13, 228, 38
13, 234, 14
13, 243, 55
13, 252, 46
13, 254, 51
13, 273, 52
13, 281, 25
13, 308, 9
13, 312, 44
13, 314, 15
13, 316, 26
13, 329, 42
13, 338, 56
13, 342, 37
13, 347, 29
13, 349, 59
13, 365, 51
13, 388, 24
13, 394, 57
13, 400, 57
13, 403, 29
13, 424, 14
13, 442, 53
13, 449, 45
13, 456, 35
13, 461, 12
13, 463, 43
13, 478, 10
13, 482, 46
13, 498, 42
13, 535, 3
13, 536, 30
13, 551, 55
13, 556, 52
13, 558, 51
13, 564, 43
13, 566, 8
13, 575, 44
13, 594, 56
13, 595, 38
13, 595, 41
13, 604, 55
13, 613, 24
13, 622, 9
13, 629, 57
13, 632, 46
13, 640, 38
13, 642, 51
13, 645, 8
13, 653, 35
13, 655, 26
13, 656, 15
13, 656, 25
13, 657, 59
13, 667, 37
13, 668, 42
13, 685, 43
13, 690, 29
13, 706, 53
13, 707, 14
13, 712, 57
13, 728, 10
13, 733, 38
13, 734, 59
13, 749, 46
13, 768, 14
13, 780, 25
13, 780, 55
13, 782, 51
13, 785, 30
13, 786, 8
13, 789, 41
13, 792, 43
13, 798, 45
14, 3, 19
14, 15, 4
14, 30, 45
14, 35, 26
14, 54, 52
14, 64, 26
14, 65, 33
14, 67, 39
14, 69, 35
14, 86, 50
14, 91, 36
14, 93, 25
14, 105, 18
14, 112, 55
14, 130, 49
14, 144, 50
14, 158, 14
14, 162, 36
14, 163, 27
14, 169, 6
14, 173, 18
14, 180, 4
14, 187, 21
14, 197, 17
14, 219, 39
14, 222, 14
14, 239, 52
14, 241, 45
14, 245, 3
14, 258, 37
14, 261, 25
14, 263, 2
14, 280, 50
14, 282, 35
14, 289, 25
14, 300, 10
14, 304, 19
14, 321, 33
14, 342, 54
14, 344, 26
14, 346, 45
14, 355, 49
14, 360, 22
14, 377, 26
14, 384, 54
14, 396, 55
14, 408, 56
14, 412, 19
14, 422, 36
14, 468, 6
14, 472, 13
14, 472, 45
14, 474, 50
14, 481, 18
14, 500, 17
14, 504, 27
14, 511, 39
14, 518, 14
14, 528, 25
14, 533, 35
14, 538, 4
14, 553, 49
14, 562, 33
14, 572, 19
14, 579, 3
14, 582, 51
14, 592, 21
14, 601, 19
14, 653, 2
14, 666, 45
14, 674, 55
14, 682, 55
14, 695, 36
14, 701, 6
14, 701, 46
14, 715, 17
14, 718, 49
14, 722, 26
14, 726, 14
14, 727, 25
14, 734, 27
14, 735, 56
14, 741, 18
14, 751, 6
14, 755, 22
14, 757, 50
15, 7, 50
15, 10, 24
15, 15, 16
15, 24, 26
15, 26, 30
15, 32, 35
15, 38, 18
15, 39, 3
15, 63, 19
15, 73, 14
15, 81, 57
15, 83, 37
15, 85, 4
15, 89, 32
15, 119, 39
15, 121, 12
15, 123, 25
15, 123, 26
15, 131, 43
15, 134, 48
15, 151, 1
15, 154, 56
15, 157, 35
15, 171, 39
15, 173, 62
15, 175, 57
15, 179, 24
15, 186, 30
15, 187, 50
15, 192, 13
15, 193, 48
15, 206, 57
15, 209, 52
15, 219, 7
15, 222, 12
15, 233, 30
15, 234, 67
15, 244, 35
15, 261, 32
15, 263, 19
15, 266, 57
15, 267, 16
15, 269, 14
15, 292, 28
15, 298, 56
15, 304, 10
15, 313, 43
15, 333, 39
15, 351, 51
15, 372, 41
15, 373, 25
15, 375, 12
15, 378, 62
15, 394, 54
15, 404, 18
15, 429, 52
15, 434, 32
15, 440, 24
15, 453, 28
15, 465, 52
15, 473, 30
15, 473, 56
15, 498, 4
15, 500, 35
15, 504, 19
15, 508, 7
15, 510, 39
15, 517, 50
15, 519, 37
15, 529, 14
15, 534, 10
15, 537, 32
15, 540, 37
15, 554, 1
15, 574, 7
15, 577, 3
15, 578, 39
15, 588, 48
15, 589, 30
15, 589, 57
15, 629, 51
15, 642, 43
15, 649, 18
15, 649, 25
15, 657, 13
15, 658, 32
15, 659, 54
15, 660, 37
15, 667, 28
15, 680, 56
15, 681, 10
15, 681, 62
15, 683, 50
15, 690, 1
15, 690, 30
15, 700, 12
15, 714, 52
15, 719, 16
15, 742, 53
15, 757, 4
15, 764, 54
15, 790, 32
15, 793, 3
16, 2, 38
16, 9, 18
16, 13, 44
16, 15, 35
16, 16, 61
16, 35, 23
16, 43, 5
16, 47, 47
16, 53, 11
16, 55, 38
16, 63, 51
16, 67, 37
16, 76, 58
16, 93, 33
16, 94, 16
16, 97, 20
16, 113, 49
16, 114, 60
16, 122, 53
16, 136, 13
16, 146, 27
16, 152, 37
16, 157, 43
16, 164, 35
16, 165, 23
16, 166, 52
16, 168, 38
16, 170, 21
16, 175, 39
16, 184, 34
16, 197, 58
16, 203, 6
16, 203, 18
16, 204, 5
16, 208, 48
16, 229, 11
16, 232, 46
16, 250, 12
16, 254, 2
16, 266, 57
16, 269, 38
16, 270, 44
16, 272, 27
16, 281, 4
16, 285, 62
16, 288, 5
16, 291, 49
16, 296, 47
16, 299, 23
16, 306, 60
16, 308, 28
16, 311, 4
16, 315, 13
16, 323, 53
16, 324, 46
16, 336, 27
16, 341, 20
16, 342, 51
16, 346, 49
16, 349, 28
16, 352, 27
16, 371, 29
16, 371, 58
16, 374, 61
16, 376, 35
16, 392, 33
16, 393, 52
16, 398, 6
16, 419, 39
16, 434, 21
16, 450, 33
16, 457, 28
16, 488, 57
16, 490, 16
16, 493, 43
16, 494, 34
16, 499, 48
16, 499, 52
16, 506, 21
16, 507, 5
16, 508, 34
16, 510, 12
16, 515, 38
16, 515, 46
16, 520, 44
16, 529, 13
16, 550, 2
16, 550, 58
16, 552, 29
16, 558, 6
16, 564, 49
16, 566, 62
16, 567, 18
16, 570, 46
16, 579, 23
16, 590, 2
16, 596, 48
16, 599, 11
16, 602, 37
16, 605, 53
16, 612, 27
16, 619, 35
16, 626, 58
16, 653, 33
16, 659, 28
16, 661, 4
16, 661, 47
16, 672, 2
16, 689, 39
16, 695, 60
16, 699, 12
16, 703, 4
16, 705, 51
16, 714, 20
16, 725, 61
16, 728, 27
16, 734, 38
16, 741, 29
16, 746, 11
16, 747, 52
16, 750, 34
16, 751, 13
16, 752, 46
16, 753, 21
16, 759, 2
16, 770, 57
16, 776, 35
16, 788, 43
16, 789, 52
16, 790, 38
16, 795, 5
17, 2, 59
17, 17, 12
17, 22, 11
17, 30, 24
17, 30, 32
17, 50, 30
17, 55, 17
17, 57, 55
17, 85, 43
17, 86, 42
17, 87, 16
17, 90, 39
17, 91, 49
17, 98, 11
17, 99, 39
17, 103, 23
17, 109, 9
17, 110, 45
17, 112, 20
17, 127, 7
17, 132, 1
17, 149, 12
17, 161, 47
17, 177, 49
17, 187, 40
17, 188, 32
17, 196, 50
17, 206, 3
17, 217, 24
17, 219, 12
17, 220, 17
17, 222, 7
17, 223, 9
17, 233, 11
17, 248, 43
17, 256, 10
17, 258, 30
17, 261, 39
17, 261, 50
17, 266, 34
17, 295, 1
17, 316, 24
17, 321, 59
17, 340, 55
17, 342, 9
17, 364, 45
17, 368, 32
17, 372, 42
17, 385, 50
17, 390, 55
17, 412, 20
17, 426, 16
17, 431, 24
17, 457, 47
17, 466, 40
17, 472, 47
17, 472, 49
17, 482, 50
17, 497, 12
17, 499, 43
17, 503, 34
17, 513, 3
17, 519, 17
17, 548, 39
17, 569, 43
17, 573, 11
17, 580, 59
17, 581, 10
17, 595, 20
17, 600, 7
17, 613, 32
17, 619, 50
17, 621, 16
17, 642, 45
17, 673, 59
17, 676, 55
17, 679, 49
17, 681, 45
17, 690, 34
17, 709, 12
17, 725, 1
17, 735, 30
17, 744, 27
17, 760, 43
17, 763, 47
17, 767, 20
17, 772, 50
17, 775, 30
17, 785, 1
18, 4, 14
18, 7, 20
18, 13, 15
18, 17, 31
18, 24, 34
18, 27, 8
18, 40, 51
18, 52, 21
18, 58, 60
18, 71, 62
18, 79, 41
18, 85, 17
18, 85, 60
18, 86, 44
18, 95, 6
18, 101, 54
18, 106, 31
18, 109, 4
18, 117, 39
18, 138, 11
18, 139, 23
18, 141, 26
18, 160, 22
18, 161, 39
18, 166, 15
18, 170, 14
18, 185, 45
18, 191, 7
18, 196, 46
18, 197, 15
18, 216, 47
18, 219, 29
18, 219, 34
18, 220, 43
18, 242, 34
18, 244, 38
18, 247, 20
18, 251, 8
18, 257, 22
18, 259, 57
18, 268, 44
18, 271, 4
18, 272, 4
18, 281, 10
18, 282, 64
18, 297, 17
18, 299, 51
18, 314, 6
18, 327, 60
18, 333, 11
18, 352, 54
18, 371, 23
18, 375, 38
18, 383, 29
18, 396, 26
18, 411, 14
18, 415, 31
18, 419, 15
18, 420, 26
18, 422, 54
18, 427, 45
18, 442, 39
18, 456, 45
18, 462, 62
18, 473, 57
18, 477, 43
18, 485, 47
18, 488, 21
18, 508, 27
18, 509, 47
18, 529, 20
18, 529, 41
18, 533, 7
18, 550, 62
18, 551, 31
18, 552, 47
18, 568, 4
18, 572, 17
18, 572, 22
18, 575, 34
18, 577, 60
18, 584, 15
18, 589, 38
18, 596, 21
18, 596, 64
18, 601, 23
18, 601, 51
18, 608, 6
18, 609, 44
18, 614, 2
18, 617, 10
18, 619, 54
18, 632, 62
18, 641, 29
18, 646, 14
18, 662, 29
18, 663, 26
18, 670, 8
18, 677, 41
18, 703, 11
18, 708, 57
18, 733, 45
18, 741, 7
18, 742, 27
18, 749, 29
18, 750, 15
18, 767, 2
18, 769, 39
18, 788, 43
18, 791, 8
18, 797, 10
19, 3, 45
19, 3, 55
19, 3, 60
19, 40, 48
19, 43, 25
19, 46, 2
19, 48, 21
19, 59, 40
19, 60, 58
19, 81, 12
19, 83, 5
19, 84, 2
19, 84, 33
19, 86, 24
19, 87, 26
19, 88, 7
19, 104, 26
19, 110, 14
19, 127, 32
19, 129, 60
19, 135, 39
19, 157, 52
19, 161, 5
19, 165, 25
19, 170, 10
19, 181, 23
19, 187, 33
19, 210, 49
19, 222, 16
19, 229, 54
19, 233, 20
19, 239, 55
19, 246, 41
19, 253, 45
19, 261, 12
19, 264, 7
19, 264, 24
19, 280, 21
19, 290, 35
19, 306, 32
19, 317, 26
19, 331, 14
19, 342, 48
19, 344, 27
19, 351, 58
19, 354, 33
19, 386, 58
19, 388, 25
19, 395, 20
19, 397, 42
19, 432, 32
19, 432, 40
19, 438, 54
19, 443, 33
19, 443, 49
19, 445, 25
19, 453, 39
19, 463, 24
19, 476, 23
19, 491, 58
19, 504, 12
19, 506, 32
19, 519, 52
19, 534, 51
19, 544, 60
19, 545, 10
19, 546, 16
19, 558, 41
19, 561, 55
19, 574, 52
19, 578, 10
19, 583, 12
19, 590, 26
19, 591, 5
19, 600, 16
19, 607, 42
19, 608, 35
19, 610, 54
19, 624, 25
19, 634, 40
19, 636, 14
19, 645, 23
19, 645, 45
19, 648, 7
19, 655, 21
19, 656, 16
19, 679, 27
19, 703, 26
19, 706, 2
19, 706, 20
19, 729, 41
19, 729, 54
19, 730, 33
19, 737, 51
19, 745, 5
19, 755, 7
19, 771, 58
19, 787, 49
19, 789, 40
