1, 8, 23
1, 12, 35
1, 19, 1
1, 19, 53
1, 23, 22
1, 25, 59
1, 30, 34
1, 34, 39
1, 37, 29
1, 40, 41
1, 46, 7
1, 56, 26
1, 67, 3
1, 67, 21
1, 68, 52
1, 73, 57
1, 75, 32
1, 76, 36
1, 86, 25
1, 91, 2
1, 93, 20
1, 95, 40
1, 96, 17
1, 101, 30
1, 121, 28
1, 126, 27
1, 127, 4
1, 131, 23
1, 133, 22
1, 137, 59
1, 142, 38
1, 150, 29
1, 156, 43
1, 162, 1
1, 176, 9
1, 178, 34
1, 192, 54
1, 200, 8
1, 213, 10
1, 213, 57
1, 219, 44
1, 221, 17
1, 227, 19
1, 230, 26
1, 231, 20
1, 231, 32
1, 231, 41
1, 237, 7
1, 239, 53
1, 246, 2
1, 258, 28
1, 264, 48
1, 266, 10
1, 271, 18
1, 278, 59
1, 279, 23
1, 296, 21
1, 296, 52
1, 299, 16
1, 304, 39
1, 306, 30
1, 307, 29
1, 316, 45
1, 318, 54
1, 343, 63
1, 351, 48
1, 352, 32
1, 355, 34
1, 357, 52
1, 364, 44
1, 368, 36
1, 384, 27
1, 389, 38
1, 393, 21
1, 394, 53
1, 422, 36
1, 425, 30
1, 432, 32
1, 434, 43
1, 439, 48
1, 441, 57
1, 443, 34
1, 444, 40
1, 458, 30
1, 471, 23
1, 471, 59
1, 480, 17
1, 480, 54
1, 484, 49
1, 493, 26
1, 503, 25
1, 504, 20
1, 523, 19
1, 532, 3
1, 537, 22
1, 541, 8
1, 543, 18
1, 543, 28
1, 545, 16
1, 550, 23
1, 558, 29
1, 561, 36
1, 576, 57
1, 586, 1
1, 588, 39
1, 598, 20
1, 604, 27
1, 607, 17
1, 613, 21
1, 623, 41
1, 627, 32
1, 630, 48
1, 632, 2
1, 634, 19
1, 636, 45
1, 637, 22
1, 654, 25
1, 658, 37
1, 667, 44
1, 676, 43
1, 682, 4
1, 682, 24
1, 697, 23
1, 701, 1
1, 701, 52
1, 705, 10
1, 706, 2
1, 723, 40
1, 736, 34
1, 737, 7
1, 746, 21
1, 752, 26
1, 755, 45
1, 772, 59
1, 779, 37
1, 788, 63
1, 791, 19
1, 793, 3
1, 795, 36
1, 797, 44
2, 4, 12
2, 7, 62
2, 18, 40
2, 25, 10
2, 27, 13
2, 27, 55
2, 30, 37
2, 31, 23
2, 32, 29
2, 40, 21
2, 44, 39
2, 45, 18
2, 48, 56
2, 50, 25
2, 53, 37
2, 62, 36
2, 65, 21
2, 69, 31
2, 73, 33
2, 81, 5
2, 86, 38
2, 87, 46
2, 88, 20
2, 89, 35
2, 94, 42
2, 95, 7
2, 99, 30
2, 130, 11
2, 130, 23
2, 131, 63
2, 138, 40
2, 139, 26
2, 140, 13
2, 143, 52
2, 146, 1
2, 151, 18
2, 152, 27
2, 152, 35
2, 161, 22
2, 166, 38
2, 168, 46
2, 169, 5
2, 171, 24
2, 171, 61
2, 184, 50
2, 190, 19
2, 194, 26
2, 195, 7
2, 198, 43
2, 199, 48
2, 201, 9
2, 208, 55
2, 215, 12
2, 222, 1
2, 230, 14
2, 232, 30
2, 243, 21
2, 243, 35
2, 245, 58
2, 251, 25
2, 264, 31
2, 276, 34
2, 286, 11
2, 286, 39
2, 291, 33
2, 292, 22
2, 293, 56
2, 296, 36
2, 304, 33
2, 316, 18
2, 316, 35
2, 328, 46
2, 333, 36
2, 333, 53
2, 337, 58
2, 342, 38
2, 343, 20
2, 347, 37
2, 383, 24
2, 388, 52
2, 388, 56
2, 404, 30
2, 410, 27
2, 410, 42
2, 423, 37
2, 423, 50
2, 429, 48
2, 434, 36
2, 444, 52
2, 448, 23
2, 448, 49
2, 457, 41
2, 457, 62
2, 468, 58
2, 473, 31
2, 476, 37
2, 480, 19
2, 481, 40
2, 491, 55
2, 493, 46
2, 510, 26
2, 510, 30
2, 510, 38
2, 510, 48
2, 524, 30
2, 529, 31
2, 530, 43
2, 531, 13
2, 533, 35
2, 536, 14
2, 540, 44
2, 543, 33
2, 545, 5
2, 549, 49
2, 563, 35
2, 564, 21
2, 571, 33
2, 573, 7
2, 576, 25
2, 577, 39
2, 580, 33
2, 585, 22
2, 585, 23
2, 591, 53
2, 601, 18
2, 602, 12
2, 617, 24
2, 619, 10
2, 637, 1
2, 638, 49
2, 649, 58
2, 652, 21
2, 653, 5
2, 657, 63
2, 659, 19
2, 660, 50
2, 666, 20
2, 666, 61
2, 667, 56
2, 668, 30
2, 670, 36
2, 672, 46
2, 681, 48
2, 682, 27
2, 701, 42
2, 702, 11
2, 719, 38
2, 720, 44
2, 736, 40
2, 737, 49
2, 742, 62
2, 747, 13
2, 749, 7
2, 758, 52
2, 759, 35
2, 759, 46
2, 764, 34
2, 768, 37
2, 776, 14
2, 780, 33
2, 792, 34
2, 793, 63
2, 798, 18
3, 2, 23
3, 4, 11
3, 5, 32
3, 7, 41
3, 10, 22
3, 19, 23
3, 21, 57
3, 36, 26
3, 37, 42
3, 39, 8
3, 41, 5
3, 46, 15
3, 57, 29
3, 57, 59
3, 58, 13
3, 64, 54
3, 66, 21
3, 67, 18
3, 75, 2
3, 80, 17
3, 81, 23
3, 82, 59
3, 86, 32
3, 86, 42
3, 87, 3
3, 92, 25
3, 92, 34
3, 98, 32
3, 99, 58
3, 107, 22
3, 109, 3
3, 110, 6
3, 116, 16
3, 118, 38
3, 119, 50
3, 120, 46
3, 122, 27
3, 132, 57
3, 133, 45
3, 134, 1
3, 140, 7
3, 142, 4
3, 144, 9
3, 145, 11
3, 146, 18
3, 148, 38
3, 155, 48
3, 158, 29
3, 166, 19
3, 168, 39
3, 175, 50
3, 196, 18
3, 196, 37
3, 204, 5
3, 210, 10
3, 215, 40
3, 216, 8
3, 217, 54
3, 222, 42
3, 223, 25
3, 230, 22
3, 234, 9
3, 234, 29
3, 235, 36
3, 236, 24
3, 241, 23
3, 242, 13
3, 246, 19
3, 250, 43
3, 252, 8
3, 252, 17
3, 252, 37
3, 252, 58
3, 255, 15
3, 258, 20
3, 264, 36
3, 278, 20
3, 279, 28
3, 279, 43
3, 284, 15
3, 286, 22
3, 290, 30
3, 298, 50
3, 302, 5
3, 307, 25
3, 312, 17
3, 312, 41
3, 314, 23
3, 320, 58
3, 322, 40
3, 327, 46
3, 334, 21
3, 337, 54
3, 346, 32
3, 347, 25
3, 348, 27
3, 358, 48
3, 365, 54
3, 367, 42
3, 371, 16
3, 376, 26
3, 383, 50
3, 393, 22
3, 399, 34
3, 403, 38
3, 413, 37
3, 414, 22
3, 423, 32
3, 436, 59
3, 459, 49
3, 462, 48
3, 463, 18
3, 465, 45
3, 468, 39
3, 470, 29
3, 482, 37
3, 492, 24
3, 494, 30
3, 494, 37
3, 498, 2
3, 510, 46
3, 512, 11
3, 514, 28
3, 517, 36
3, 520, 22
3, 520, 27
3, 536, 6
3, 536, 35
3, 537, 40
3, 539, 25
3, 546, 9
3, 548, 10
3, 550, 26
3, 559, 58
3, 564, 45
3, 567, 16
3, 568, 17
3, 572, 25
3, 573, 54
3, 575, 32
3, 578, 4
3, 584, 23
3, 587, 9
3, 593, 21
3, 596, 2
3, 598, 12
3, 600, 5
3, 601, 54
3, 602, 13
3, 606, 43
3, 609, 50
3, 613, 37
3, 616, 24
3, 617, 19
3, 623, 3
3, 623, 8
3, 625, 48
3, 627, 49
3, 636, 22
3, 642, 29
3, 647, 39
3, 649, 20
3, 655, 7
3, 658, 41
3, 675, 38
3, 675, 40
3, 683, 11
3, 694, 37
3, 698, 10
3, 710, 4
3, 718, 18
3, 718, 48
3, 723, 28
3, 723, 39
3, 727, 59
3, 734, 20
3, 743, 19
3, 748, 5
3, 749, 42
3, 756, 30
3, 763, 25
3, 764, 10
3, 767, 29
3, 769, 26
3, 770, 57
3, 773, 38
3, 779, 4
3, 783, 27
3, 784, 50
3, 785, 17
3, 789, 13
3, 789, 32
4, 6, 2
4, 7, 59
4, 19, 11
4, 20, 8
4, 25, 23
4, 26, 15
4, 26, 51
4, 30, 21
4, 41, 18
4, 45, 28
4, 51, 5
4, 61, 3
4, 62, 45
4, 68, 46
4, 79, 14
4, 84, 26
4, 100, 23
4, 105, 23
4, 112, 14
4, 114, 54
4, 120, 26
4, 123, 36
4, 129, 16
4, 132, 1
4, 147, 15
4, 153, 58
4, 167, 53
4, 169, 9
4, 170, 46
4, 172, 51
4, 189, 32
4, 192, 4
4, 196, 28
4, 199, 44
4, 201, 63
4, 215, 24
4, 216, 33
4, 219, 29
4, 220, 5
4, 225, 11
4, 225, 36
4, 229, 52
4, 230, 21
4, 232, 3
4, 244, 46
4, 246, 23
4, 251, 48
4, 253, 8
4, 253, 16
4, 258, 14
4, 261, 2
4, 264, 45
4, 271, 3
4, 271, 59
4, 273, 28
4, 275, 17
4, 275, 45
4, 281, 10
4, 295, 51
4, 301, 56
4, 305, 59
4, 311, 54
4, 334, 18
4, 335, 32
4, 364, 21
4, 366, 53
4, 387, 16
4, 389, 46
4, 391, 60
4, 401, 59
4, 413, 57
4, 418, 51
4, 419, 26
4, 424, 45
4, 430, 53
4, 452, 58
4, 463, 23
4, 464, 63
4, 478, 32
4, 483, 36
4, 488, 9
4, 491, 17
4, 492, 10
4, 494, 46
4, 496, 5
4, 497, 33
4, 502, 31
4, 505, 48
4, 528, 54
4, 530, 33
4, 534, 18
4, 540, 32
4, 541, 14
4, 541, 52
4, 543, 14
4, 548, 56
4, 552, 8
4, 553, 57
4, 555, 29
4, 560, 45
4, 569, 11
4, 580, 1
4, 582, 20
4, 586, 59
4, 588, 44
4, 589, 60
4, 590, 52
4, 591, 10
4, 600, 24
4, 602, 23
4, 604, 5
4, 610, 2
4, 615, 1
4, 628, 15
4, 628, 16
4, 635, 10
4, 637, 4
4, 639, 32
4, 650, 46
4, 651, 2
4, 654, 53
4, 662, 5
4, 662, 56
4, 666, 31
4, 671, 36
4, 672, 17
4, 681, 21
4, 705, 9
4, 706, 26
4, 708, 60
4, 709, 8
4, 710, 33
4, 712, 17
4, 714, 54
4, 725, 28
4, 736, 48
4, 744, 1
4, 776, 17
4, 776, 21
4, 780, 9
4, 780, 48
4, 783, 3
4, 787, 23
4, 787, 52
4, 798, 59
4, 799, 46
5, 6, 36
5, 7, 51
5, 12, 18
5, 14, 56
5, 17, 2
5, 19, 23
5, 24, 3
5, 25, 54
5, 28, 20
5, 29, 30
5, 31, 25
5, 38, 16
5, 53, 15
5, 54, 53
5, 59, 8
5, 59, 37
5, 70, 13
5, 74, 10
5, 77, 22
5, 85, 10
5, 87, 22
5, 87, 31
5, 99, 6
5, 99, 15
5, 103, 9
5, 110, 44
5, 119, 18
5, 120, 11
5, 120, 23
5, 123, 7
5, 126, 3
5, 126, 28
5, 127, 40
5, 139, 54
5, 142, 62
5, 151, 60
5, 156, 31
5, 157, 47
5, 164, 39
5, 167, 42
5, 170, 32
5, 173, 16
5, 178, 30
5, 187, 5
5, 189, 8
5, 189, 13
5, 190, 32
5, 192, 51
5, 196, 24
5, 199, 15
5, 202, 36
5, 213, 15
5, 213, 53
5, 217, 62
5, 220, 19
5, 229, 43
5, 230, 39
5, 242, 47
5, 245, 6
5, 254, 9
5, 261, 52
5, 264, 38
5, 270, 30
5, 271, 20
5, 274, 56
5, 282, 10
5, 284, 7
5, 285, 28
5, 291, 45
5, 302, 13
5, 304, 25
5, 307, 15
5, 307, 41
5, 309, 47
5, 309, 54
5, 311, 32
5, 318, 35
5, 328, 36
5, 334, 36
5, 336, 18
5, 338, 23
5, 342, 51
5, 345, 22
5, 345, 40
5, 361, 37
5, 366, 30
5, 369, 33
5, 384, 37
5, 389, 42
5, 390, 20
5, 400, 44
5, 402, 44
5, 404, 43
5, 436, 22
5, 437, 19
5, 438, 52
5, 442, 40
5, 442, 62
5, 448, 35
5, 451, 38
5, 452, 51
5, 468, 39
5, 473, 23
5, 473, 34
5, 480, 28
5, 483, 45
5, 484, 56
5, 486, 24
5, 490, 16
5, 490, 54
5, 492, 36
5, 500, 25
5, 509, 15
5, 511, 51
5, 512, 25
5, 516, 8
5, 518, 60
5, 524, 2
5, 525, 31
5, 526, 41
5, 530, 56
5, 532, 28
5, 534, 3
5, 536, 51
5, 537, 42
5, 540, 54
5, 542, 38
5, 548, 47
5, 556, 5
5, 569, 38
5, 579, 60
5, 581, 36
5, 583, 32
5, 583, 37
5, 583, 42
5, 584, 55
5, 593, 53
5, 594, 6
5, 594, 45
5, 606, 18
5, 625, 3
5, 629, 52
5, 634, 24
5, 640, 39
5, 658, 2
5, 663, 31
5, 665, 40
5, 672, 20
5, 672, 54
5, 676, 22
5, 677, 20
5, 687, 5
5, 689, 47
5, 689, 51
5, 693, 16
5, 698, 10
5, 698, 41
5, 700, 6
5, 700, 31
5, 703, 30
5, 708, 28
5, 716, 41
5, 717, 24
5, 721, 7
5, 721, 43
5, 723, 31
5, 729, 32
5, 730, 18
5, 730, 45
5, 731, 55
5, 732, 37
5, 740, 2
5, 745, 38
5, 754, 37
5, 757, 23
5, 757, 54
5, 758, 33
5, 766, 9
5, 770, 52
5, 773, 25
5, 777, 39
5, 777, 51
5, 779, 41
5, 792, 40
5, 795, 16
5, 798, 51
6, 14, 56
6, 18, 36
6, 21, 18
6, 25, 9
6, 27, 11
6, 36, 33
6, 38, 22
6, 43, 50
6, 48, 2
6, 52, 41
6, 55, 25
6, 57, 14
6, 60, 27
6, 62, 31
6, 62, 53
6, 65, 46
6, 71, 58
6, 75, 3
6, 80, 9
6, 95, 53
6, 97, 1
6, 98, 21
6, 112, 40
6, 118, 56
6, 119, 6
6, 128, 8
6, 137, 4
6, 138, 35
6, 139, 57
6, 144, 53
6, 145, 51
6, 146, 30
6, 146, 39
6, 154, 17
6, 155, 55
6, 161, 20
6, 161, 22
6, 170, 3
6, 175, 28
6, 176, 32
6, 189, 43
6, 189, 47
6, 191, 12
6, 208, 2
6, 218, 16
6, 225, 18
6, 225, 41
6, 227, 29
6, 234, 44
6, 239, 14
6, 239, 57
6, 245, 33
6, 247, 9
6, 248, 50
6, 248, 58
6, 250, 53
6, 255, 8
6, 255, 36
6, 256, 2
6, 273, 18
6, 273, 30
6, 274, 17
6, 276, 27
6, 277, 46
6, 281, 9
6, 284, 3
6, 284, 4
6, 317, 25
6, 320, 40
6, 339, 41
6, 345, 18
6, 359, 23
6, 369, 23
6, 374, 47
6, 376, 55
6, 390, 31
6, 402, 33
6, 407, 56
6, 413, 53
6, 416, 39
6, 423, 51
6, 427, 25
6, 427, 48
6, 428, 39
6, 431, 11
6, 438, 35
6, 440, 27
6, 449, 46
6, 452, 62
6, 454, 35
6, 458, 57
6, 463, 36
6, 467, 43
6, 484, 30
6, 493, 39
6, 494, 50
6, 502, 16
6, 504, 56
6, 507, 50
6, 521, 6
6, 522, 14
6, 526, 28
6, 530, 58
6, 534, 17
6, 539, 20
6, 543, 55
6, 549, 14
6, 554, 44
6, 557, 1
6, 557, 40
6, 558, 8
6, 561, 21
6, 565, 4
6, 573, 47
6, 587, 32
6, 598, 10
6, 598, 47
6, 602, 17
6, 610, 21
6, 614, 53
6, 615, 51
6, 616, 48
6, 618, 22
6, 622, 9
6, 631, 3
6, 634, 38
6, 651, 18
6, 651, 31
6, 652, 56
6, 654, 6
6, 655, 14
6, 655, 25
6, 655, 57
6, 666, 35
6, 670, 12
6, 672, 39
6, 675, 29
6, 679, 58
6, 681, 23
6, 685, 43
6, 687, 50
6, 696, 20
6, 699, 30
6, 700, 8
6, 707, 41
6, 709, 4
6, 710, 16
6, 720, 62
6, 722, 2
6, 723, 11
6, 724, 51
6, 725, 1
6, 750, 21
6, 752, 14
6, 757, 35
6, 764, 22
6, 764, 44
6, 769, 55
6, 778, 40
6, 784, 47
6, 786, 27
6, 790, 57
6, 793, 6
6, 796, 25
7, 4, 7
7, 14, 28
7, 16, 16
7, 25, 34
7, 29, 46
7, 30, 50
7, 43, 4
7, 44, 28
7, 44, 56
7, 49, 49
7, 58, 3
7, 65, 10
7, 69, 39
7, 70, 57
7, 73, 42
7, 81, 19
7, 84, 47
7, 84, 52
7, 94, 51
7, 102, 36
7, 103, 44
7, 104, 44
7, 107, 26
7, 107, 54
7, 113, 29
7, 113, 37
7, 114, 53
7, 117, 35
7, 135, 61
7, 136, 31
7, 151, 4
7, 156, 40
7, 157, 28
7, 162, 17
7, 164, 46
7, 165, 23
7, 166, 13
7, 168, 58
7, 171, 43
7, 177, 1
7, 177, 31
7, 178, 19
7, 178, 49
7, 180, 52
7, 185, 19
7, 187, 27
7, 197, 59
7, 199, 39
7, 199, 47
7, 210, 32
7, 212, 13
7, 216, 48
7, 234, 48
7, 234, 53
7, 236, 51
7, 241, 36
7, 258, 34
7, 258, 60
7, 260, 31
7, 268, 14
7, 276, 7
7, 280, 24
7, 283, 40
7, 284, 38
7, 288, 10
7, 289, 2
7, 303, 38
7, 304, 16
7, 313, 43
7, 318, 36
7, 320, 26
7, 331, 28
7, 332, 56
7, 333, 39
7, 336, 35
7, 345, 58
7, 347, 42
7, 353, 47
7, 362, 44
7, 364, 49
7, 372, 31
7, 374, 19
7, 382, 28
7, 386, 40
7, 390, 46
7, 390, 52
7, 399, 59
7, 404, 43
7, 411, 37
7, 415, 46
7, 422, 26
7, 437, 49
7, 438, 23
7, 452, 44
7, 457, 17
7, 460, 47
7, 461, 43
7, 462, 29
7, 468, 53
7, 475, 26
7, 483, 53
7, 488, 61
7, 498, 48
7, 499, 4
7, 503, 3
7, 506, 32
7, 510, 13
7, 510, 48
7, 524, 56
7, 550, 16
7, 552, 29
7, 553, 49
7, 562, 60
7, 564, 19
7, 567, 57
7, 569, 17
7, 584, 58
7, 590, 46
7, 593, 36
7, 601, 37
7, 603, 38
7, 609, 42
7, 631, 51
7, 633, 59
7, 634, 24
7, 635, 35
7, 635, 52
7, 636, 56
7, 639, 14
7, 640, 23
7, 642, 40
7, 643, 10
7, 663, 47
7, 664, 47
7, 672, 31
7, 679, 48
7, 682, 1
7, 683, 7
7, 685, 52
7, 696, 4
7, 698, 19
7, 700, 27
7, 712, 32
7, 717, 17
7, 721, 61
7, 723, 49
7, 736, 13
7, 739, 26
7, 742, 60
7, 743, 24
7, 748, 7
7, 761, 36
7, 764, 3
7, 774, 29
7, 777, 2
8, 6, 54
8, 11, 11
8, 11, 25
8, 14, 31
8, 21, 56
8, 27, 13
8, 30, 3
8, 35, 45
8, 41, 30
8, 46, 17
8, 49, 21
8, 64, 33
8, 66, 3
8, 71, 10
8, 71, 26
8, 73, 52
8, 77, 59
8, 92, 17
8, 94, 41
8, 101, 5
8, 101, 36
8, 101, 52
8, 103, 50
8, 107, 31
8, 110, 4
8, 110, 40
8, 121, 37
8, 124, 60
8, 125, 9
8, 130, 56
8, 139, 49
8, 140, 9
8, 141, 1
8, 141, 41
8, 144, 46
8, 146, 26
8, 154, 24
8, 156, 34
8, 165, 11
8, 166, 16
8, 166, 49
8, 172, 27
8, 174, 8
8, 177, 31
8, 184, 36
8, 184, 62
8, 190, 11
8, 190, 25
8, 194, 23
8, 200, 7
8, 201, 13
8, 211, 18
8, 219, 50
8, 227, 35
8, 231, 30
8, 234, 36
8, 240, 21
8, 242, 5
8, 255, 29
8, 256, 52
8, 257, 47
8, 261, 38
8, 276, 56
8, 277, 22
8, 279, 44
8, 280, 54
8, 288, 9
8, 288, 13
8, 293, 3
8, 294, 27
8, 297, 4
8, 300, 26
8, 302, 33
8, 322, 40
8, 333, 39
8, 343, 29
8, 346, 33
8, 348, 62
8, 363, 17
8, 370, 49
8, 375, 23
8, 378, 45
8, 386, 17
8, 404, 37
8, 408, 34
8, 409, 30
8, 423, 45
8, 428, 24
8, 449, 35
8, 452, 60
8, 455, 31
8, 457, 44
8, 469, 21
8, 469, 56
8, 470, 30
8, 474, 27
8, 477, 35
8, 480, 36
8, 488, 52
8, 509, 18
8, 515, 54
8, 521, 52
8, 523, 21
8, 523, 41
8, 527, 38
8, 530, 25
8, 533, 10
8, 540, 47
8, 541, 39
8, 542, 26
8, 546, 59
8, 554, 33
8, 555, 3
8, 556, 50
8, 557, 23
8, 562, 16
8, 571, 2
8, 579, 17
8, 579, 23
8, 583, 37
8, 588, 11
8, 590, 8
8, 591, 7
8, 592, 13
8, 593, 40
8, 604, 5
8, 605, 49
8, 607, 62
8, 616, 39
8, 625, 46
8, 626, 22
8, 633, 33
8, 637, 24
8, 638, 40
8, 645, 31
8, 659, 21
8, 660, 9
8, 661, 32
8, 663, 16
8, 664, 37
8, 670, 30
8, 671, 2
8, 672, 11
8, 675, 56
8, 676, 54
8, 677, 29
8, 679, 25
8, 683, 52
8, 684, 22
8, 686, 41
8, 694, 32
8, 694, 62
8, 708, 60
8, 716, 50
8, 719, 34
8, 726, 18
8, 734, 39
8, 738, 11
8, 738, 24
8, 739, 23
8, 742, 13
8, 745, 4
8, 756, 45
8, 759, 17
8, 773, 8
8, 775, 40
8, 775, 49
8, 777, 21
8, 777, 36
8, 781, 56
8, 785, 22
8, 796, 9
9, 9, 21
9, 10, 4
9, 14, 31
9, 15, 45
9, 20, 47
9, 29, 26
9, 32, 39
9, 41, 51
9, 43, 27
9, 54, 57
9, 59, 48
9, 70, 11
9, 77, 41
9, 78, 40
9, 85, 52
9, 88, 13
9, 89, 56
9, 91, 53
9, 93, 38
9, 100, 59
9, 107, 8
9, 108, 5
9, 108, 20
9, 112, 10
9, 116, 46
9, 122, 24
9, 124, 55
9, 126, 21
9, 131, 25
9, 157, 16
9, 158, 42
9, 162, 1
9, 163, 48
9, 166, 51
9, 173, 59
9, 183, 27
9, 188, 23
9, 202, 43
9, 203, 4
9, 206, 9
9, 207, 40
9, 211, 30
9, 222, 39
9, 225, 2
9, 242, 44
9, 247, 52
9, 254, 8
9, 255, 26
9, 257, 45
9, 260, 20
9, 267, 11
9, 274, 31
9, 274, 62
9, 281, 33
9, 284, 36
9, 285, 13
9, 288, 10
9, 289, 18
9, 289, 27
9, 296, 38
9, 296, 59
9, 297, 62
9, 311, 24
9, 314, 25
9, 315, 47
9, 318, 57
9, 329, 27
9, 342, 43
9, 347, 40
9, 348, 28
9, 353, 51
9, 368, 35
9, 369, 46
9, 377, 41
9, 386, 23
9, 392, 62
9, 393, 23
9, 400, 56
9, 402, 31
9, 406, 13
9, 406, 16
9, 406, 21
9, 415, 44
9, 443, 54
9, 463, 39
9, 464, 21
9, 476, 42
9, 476, 45
9, 479, 47
9, 484, 30
9, 486, 20
9, 487, 33
9, 487, 45
9, 491, 5
9, 498, 48
9, 506, 38
9, 507, 29
9, 513, 4
9, 514, 6
9, 527, 26
9, 530, 43
9, 537, 36
9, 538, 9
9, 543, 9
9, 544, 38
9, 545, 1
9, 558, 53
9, 565, 28
9, 569, 21
9, 576, 55
9, 577, 56
9, 583, 59
9, 587, 31
9, 592, 2
9, 593, 25
9, 605, 8
9, 606, 1
9, 606, 57
9, 616, 27
9, 616, 39
9, 622, 62
9, 632, 30
9, 633, 11
9, 637, 54
9, 644, 52
9, 649, 13
9, 649, 16
9, 653, 33
9, 659, 28
9, 663, 44
9, 669, 29
9, 669, 51
9, 670, 35
9, 683, 18
9, 683, 41
9, 690, 47
9, 695, 42
9, 695, 57
9, 699, 40
9, 700, 21
9, 711, 23
9, 715, 48
9, 716, 36
9, 719, 40
9, 721, 5
9, 728, 62
9, 729, 46
9, 730, 6
9, 743, 24
9, 750, 31
9, 751, 28
9, 754, 25
9, 765, 51
9, 766, 9
9, 769, 45
9, 777, 42
9, 784, 2
9, 784, 30
9, 792, 38
9, 799, 59
10, 6, 12
10, 23, 55
10, 30, 8
10, 38, 13
10, 45, 46
10, 48, 3
10, 55, 49
10, 64, 21
10, 71, 17
10, 77, 25
10, 85, 33
10, 87, 2
10, 91, 26
10, 95, 15
10, 97, 48
10, 100, 14
10, 121, 32
10, 127, 57
10, 128, 50
10, 132, 44
10, 140, 9
10, 141, 56
10, 144, 22
10, 146, 26
10, 156, 40
10, 159, 30
10, 163, 31
10, 169, 44
10, 174, 39
10, 175, 11
10, 180, 20
10, 187, 76
10, 189, 17
10, 194, 29
10, 196, 12
10, 211, 2
10, 218, 48
10, 225, 8
10, 229, 19
10, 229, 41
10, 244, 15
10, 246, 3
10, 248, 29
10, 250, 11
10, 256, 24
10, 259, 33
10, 264, 6
10, 268, 21
10, 276, 20
10, 288, 41
10, 288, 46
10, 310, 17
10, 316, 54
10, 322, 33
10, 324, 49
10, 327, 58
10, 329, 55
10, 339, 22
10, 339, 25
10, 339, 50
10, 349, 57
10, 350, 44
10, 357, 30
10, 375, 32
10, 377, 44
10, 391, 14
10, 393, 46
10, 398, 39
10, 411, 40
10, 415, 50
10, 419, 26
10, 429, 15
10, 430, 36
10, 431, 54
10, 435, 33
10, 441, 57
10, 449, 31
10, 459, 41
10, 466, 11
10, 469, 28
10, 472, 29
10, 477, 44
10, 493, 20
10, 496, 12
10, 501, 40
10, 505, 21
10, 507, 26
10, 512, 56
10, 513, 48
10, 518, 40
10, 523, 49
10, 527, 9
10, 536, 13
10, 539, 41
10, 540, 11
10, 541, 29
10, 544, 50
10, 549, 13
10, 550, 17
10, 552, 46
10, 559, 19
10, 569, 26
10, 574, 39
10, 584, 24
10, 587, 15
10, 587, 30
10, 599, 55
10, 606, 13
10, 606, 54
10, 616, 3
10, 617, 31
10, 620, 44
10, 631, 1
10, 639, 6
10, 640, 58
10, 644, 32
10, 649, 36
10, 663, 20
10, 667, 14
10, 667, 41
10, 672, 8
10, 681, 33
10, 681, 48
10, 687, 2
10, 687, 9
10, 690, 49
10, 700, 28
10, 717, 12
10, 729, 30
10, 729, 57
10, 730, 40
10, 734, 26
10, 736, 34
10, 738, 56
10, 745, 56
10, 748, 21
10, 749, 22
10, 756, 11
10, 762, 24
10, 767, 46
10, 771, 3
10, 777, 9
10, 791, 15
10, 795, 55
11, 7, 43
11, 8, 20
11, 9, 38
11, 12, 6
11, 18, 13
11, 21, 5
11, 23, 27
11, 30, 58
11, 32, 46
11, 38, 28
11, 43, 42
11, 48, 2
11, 48, 21
11, 49, 44
11, 54, 14
11, 55, 30
11, 57, 23
11, 76, 40
11, 77, 24
11, 84, 52
11, 87, 16
11, 87, 22
11, 87, 35
11, 95, 20
11, 101, 2
11, 105, 35
11, 112, 5
11, 122, 36
11, 122, 50
11, 128, 14
11, 128, 43
11, 135, 26
11, 139, 19
11, 145, 59
11, 147, 15
11, 149, 29
11, 154, 38
11, 154, 45
11, 161, 6
11, 163, 4
11, 164, 1
11, 168, 61
11, 180, 47
11, 188, 59
11, 190, 37
11, 191, 23
11, 203, 6
11, 204, 21
11, 218, 3
11, 221, 44
11, 225, 30
11, 232, 9
11, 234, 25
11, 235, 33
11, 237, 32
11, 240, 46
11, 242, 38
11, 245, 10
11, 247, 28
11, 250, 13
11, 255, 15
11, 256, 42
11, 264, 27
11, 270, 48
11, 271, 26
11, 276, 9
11, 276, 43
11, 279, 28
11, 280, 4
11, 285, 5
11, 285, 28
11, 287, 37
11, 288, 2
11, 292, 12
11, 295, 24
11, 295, 40
11, 302, 36
11, 303, 29
11, 309, 5
11, 318, 42
11, 321, 20
11, 325, 52
11, 355, 50
11, 359, 52
11, 372, 52
11, 391, 24
11, 391, 42
11, 396, 45
11, 398, 47
11, 407, 58
11, 412, 18
11, 419, 44
11, 434, 21
11, 444, 47
11, 448, 23
11, 450, 38
11, 451, 29
11, 452, 30
11, 458, 34
11, 458, 46
11, 459, 19
11, 461, 33
11, 491, 30
11, 504, 35
11, 507, 40
11, 512, 1
11, 515, 22
11, 515, 34
11, 520, 48
11, 521, 4
11, 522, 43
11, 523, 29
11, 525, 32
11, 529, 15
11, 530, 8
11, 532, 10
11, 535, 40
11, 541, 37
11, 542, 14
11, 562, 6
11, 573, 57
11, 577, 20
11, 582, 35
11, 584, 10
11, 584, 25
11, 585, 61
11, 596, 50
11, 598, 40
11, 600, 12
11, 603, 26
11, 604, 5
11, 606, 24
11, 613, 15
11, 618, 52
11, 627, 42
11, 647, 44
11, 657, 30
11, 665, 23
11, 669, 36
11, 670, 14
11, 672, 45
11, 673, 59
11, 678, 55
11, 680, 18
11, 681, 15
11, 682, 14
11, 686, 38
11, 692, 40
11, 695, 33
11, 696, 19
11, 699, 47
11, 700, 26
11, 702, 42
11, 708, 34
11, 711, 32
11, 718, 58
11, 719, 28
11, 725, 9
11, 730, 15
11, 731, 46
11, 732, 2
11, 733, 37
11, 738, 8
11, 744, 43
11, 754, 3
11, 761, 25
11, 768, 12
11, 768, 15
11, 768, 57
11, 779, 1
11, 783, 21
11, 787, 35
12, 3, 19
12, 4, 17
12, 10, 32
12, 17, 41
12, 20, 40
12, 31, 30
12, 38, 61
12, 39, 4
12, 43, 55
12, 48, 17
12, 49, 29
12, 52, 6
12, 53, 12
12, 56, 2
12, 62, 54
12, 70, 14
12, 72, 56
12, 75, 13
12, 91, 20
12, 94, 3
12, 94, 43
12, 115, 19
12, 118, 41
12, 121, 34
12, 125, 46
12, 133, 50
12, 147, 33
12, 149, 27
12, 153, 4
12, 163, 40
12, 168, 53
12, 170, 51
12, 171, 21
12, 173, 41
12, 185, 22
12, 193, 57
12, 194, 2
12, 198, 48
12, 199, 13
12, 203, 5
12, 203, 20
12, 207, 44
12, 207, 55
12, 216, 47
12, 220, 19
12, 225, 8
12, 228, 50
12, 237, 4
12, 240, 53
12, 244, 6
12, 245, 45
12, 248, 55
12, 254, 16
12, 259, 3
12, 266, 7
12, 267, 2
12, 269, 53
12, 275, 11
12, 281, 32
12, 291, 50
12, 307, 35
12, 309, 14
12, 318, 46
12, 318, 56
12, 321, 25
12, 321, 29
12, 325, 40
12, 326, 43
12, 333, 29
12, 334, 17
12, 338, 27
12, 338, 53
12, 346, 41
12, 353, 20
12, 371, 33
12, 372, 19
12, 374, 48
12, 388, 30
12, 388, 34
12, 401, 28
12, 417, 22
12, 418, 21
12, 427, 51
12, 470, 44
12, 479, 30
12, 484, 29
12, 507, 8
12, 507, 50
12, 508, 61
12, 509, 40
12, 509, 57
12, 510, 12
12, 512, 41
12, 512, 55
12, 514, 13
12, 515, 56
12, 516, 35
12, 520, 5
12, 526, 48
12, 537, 47
12, 539, 45
12, 540, 11
12, 542, 40
12, 548, 17
12, 556, 55
12, 567, 21
12, 568, 14
12, 571, 25
12, 576, 25
12, 579, 47
12, 580, 19
12, 584, 4
12, 584, 11
12, 587, 23
12, 592, 17
12, 597, 6
12, 603, 48
12, 610, 19
12, 614, 22
12, 619, 7
12, 624, 57
12, 625, 51
12, 630, 29
12, 639, 48
12, 650, 2
12, 650, 40
12, 657, 27
12, 658, 46
12, 668, 51
12, 671, 12
12, 677, 30
12, 695, 61
12, 696, 8
12, 701, 7
12, 701, 28
12, 710, 48
12, 715, 47
12, 717, 34
12, 722, 43
12, 727, 5
12, 728, 16
12, 728, 49
12, 737, 54
12, 739, 56
12, 741, 3
12, 747, 13
12, 748, 51
12, 752, 21
12, 778, 47
12, 780, 20
12, 782, 23
12, 796, 6
12, 799, 41
13, 6, 24
13, 13, 8
13, 14, 44
13, 14, 56
13, 15, 60
13, 22, 2
13, 23, 47
13, 30, 41
13, 33, 10
13, 33, 49
13, 40, 43
13, 48, 33
13, 49, 15
13, 57, 29
13, 59, 3
13, 62, 9
13, 62, 52
13, 64, 53
13, 66, 1
13, 76, 46
13, 79, 45
13, 80, 50
13, 91, 4
13, 96, 42
13, 98, 10
13, 106, 24
13, 107, 36
13, 107, 39
13, 109, 20
13, 109, 30
13, 110, 41
13, 113, 21
13, 116, 10
13, 119, 24
13, 119, 58
13, 123, 23
13, 123, 24
13, 132, 34
13, 132, 38
13, 137, 56
13, 140, 56
13, 154, 44
13, 157, 52
13, 163, 30
13, 169, 12
13, 170, 17
13, 176, 40
13, 184, 9
13, 184, 50
13, 194, 18
13, 198, 25
13, 198, 50
13, 203, 36
13, 206, 35
13, 215, 29
13, 220, 15
13, 220, 38
13, 226, 12
13, 232, 16
13, 234, 3
13, 243, 10
13, 243, 46
13, 245, 14
13, 249, 31
13, 249, 47
13, 259, 8
13, 260, 2
13, 261, 60
13, 263, 27
13, 275, 55
13, 279, 7
13, 281, 15
13, 290, 41
13, 292, 52
13, 296, 43
13, 303, 42
13, 311, 40
13, 314, 60
13, 318, 25
13, 320, 46
13, 322, 34
13, 322, 49
13, 326, 38
13, 334, 58
13, 347, 43
13, 349, 23
13, 362, 14
13, 365, 24
13, 367, 21
13, 370, 53
13, 378, 34
13, 388, 47
13, 390, 15
13, 395, 33
13, 412, 60
13, 423, 32
13, 425, 34
13, 426, 30
13, 441, 39
13, 442, 31
13, 442, 35
13, 445, 23
13, 445, 44
13, 451, 45
13, 455, 40
13, 462, 25
13, 475, 50
13, 476, 31
13, 478, 42
13, 481, 33
13, 493, 9
13, 494, 38
13, 501, 20
13, 504, 41
13, 508, 58
13, 520, 1
13, 523, 17
13, 527, 4
13, 529, 8
13, 543, 56
13, 550, 7
13, 551, 27
13, 551, 55
13, 554, 46
13, 555, 12
13, 556, 41
13, 558, 49
13, 561, 18
13, 562, 50
13, 564, 10
13, 565, 2
13, 570, 34
13, 573, 58
13, 579, 60
13, 592, 2
13, 592, 27
13, 596, 58
13, 601, 21
13, 607, 29
13, 613, 3
13, 615, 17
13, 615, 36
13, 623, 24
13, 624, 40
13, 627, 31
13, 629, 52
13, 640, 43
13, 647, 45
13, 654, 46
13, 660, 30
13, 678, 38
13, 683, 1
13, 683, 27
13, 684, 8
13, 686, 44
13, 687, 20
13, 691, 15
13, 692, 35
13, 693, 45
13, 695, 58
13, 697, 27
13, 706, 25
13, 708, 23
13, 717, 14
13, 717, 49
13, 717, 60
13, 718, 29
13, 725, 40
13, 727, 55
13, 728, 12
13, 738, 12
13, 738, 33
13, 745, 16
13, 748, 56
13, 753, 53
13, 756, 3
13, 756, 21
13, 759, 4
13, 764, 18
13, 770, 34
13, 785, 4
13, 787, 8
13, 788, 32
13, 791, 49
13, 792, 29
13, 793, 43
14, 8, 42
14, 9, 11
14, 15, 5
14, 17, 12
14, 21, 14
14, 22, 43
14, 30, 26
14, 36, 19
14, 38, 21
14, 52, 23
14, 55, 27
14, 55, 55
14, 62, 34
14, 64, 13
14, 64, 30
14, 67, 37
14, 72, 39
14, 73, 2
14, 77, 32
14, 88, 19
14, 90, 4
14, 101, 41
14, 105, 47
14, 108, 53
14, 109, 44
14, 113, 25
14, 113, 46
14, 117, 6
14, 132, 11
14, 135, 52
14, 148, 50
14, 150, 42
14, 152, 50
14, 155, 27
14, 158, 9
14, 160, 31
14, 163, 18
14, 164, 3
14, 165, 8
14, 167, 14
14, 169, 12
14, 169, 15
14, 186, 28
14, 187, 40
14, 197, 5
14, 197, 21
14, 202, 38
14, 206, 15
14, 213, 16
14, 217, 44
14, 218, 51
14, 226, 41
14, 228, 22
14, 233, 43
14, 240, 12
14, 245, 22
14, 250, 15
14, 252, 8
14, 254, 48
14, 255, 34
14, 256, 17
14, 260, 23
14, 264, 27
14, 285, 4
14, 286, 57
14, 288, 30
14, 297, 55
14, 299, 9
14, 299, 26
14, 303, 47
14, 306, 46
14, 314, 32
14, 330, 19
14, 337, 34
14, 342, 38
14, 357, 31
14, 360, 53
14, 368, 39
14, 370, 27
14, 375, 42
14, 378, 52
14, 387, 54
14, 389, 44
14, 401, 57
14, 403, 40
14, 421, 46
14, 423, 16
14, 431, 49
14, 432, 37
14, 435, 28
14, 440, 21
14, 461, 50
14, 465, 13
14, 465, 34
14, 465, 41
14, 465, 50
14, 477, 51
14, 491, 30
14, 494, 55
14, 497, 2
14, 499, 14
14, 501, 52
14, 507, 48
14, 508, 30
14, 516, 22
14, 518, 11
14, 518, 23
14, 520, 53
14, 528, 43
14, 529, 32
14, 532, 18
14, 534, 42
14, 536, 40
14, 550, 25
14, 555, 57
14, 561, 25
14, 561, 39
14, 568, 28
14, 569, 15
14, 571, 35
14, 582, 49
14, 583, 12
14, 589, 17
14, 591, 38
14, 594, 47
14, 595, 31
14, 599, 13
14, 610, 6
14, 627, 40
14, 630, 19
14, 631, 5
14, 633, 9
14, 637, 41
14, 642, 47
14, 645, 27
14, 648, 46
14, 654, 50
14, 658, 50
14, 659, 42
14, 659, 57
14, 664, 37
14, 669, 18
14, 673, 21
14, 699, 4
14, 711, 57
14, 723, 39
14, 723, 49
14, 724, 44
14, 725, 8
14, 726, 5
14, 728, 19
14, 730, 30
14, 732, 26
14, 732, 32
14, 739, 54
14, 746, 31
14, 755, 16
14, 759, 51
14, 760, 14
14, 768, 50
14, 769, 55
14, 771, 52
14, 774, 13
14, 777, 15
14, 782, 46
14, 789, 35
14, 789, 49
14, 789, 57
14, 794, 25
14, 797, 9
15, 6, 20
15, 7, 61
15, 17, 41
15, 18, 6
15, 21, 14
15, 28, 37
15, 39, 47
15, 40, 8
15, 45, 4
15, 46, 50
15, 50, 25
15, 64, 21
15, 64, 59
15, 75, 49
15, 83, 32
15, 84, 34
15, 85, 13
15, 91, 45
15, 95, 18
15, 95, 58
15, 99, 55
15, 101, 29
15, 102, 31
15, 105, 52
15, 107, 48
15, 111, 57
15, 114, 23
15, 125, 6
15, 127, 39
15, 133, 24
15, 139, 50
15, 144, 30
15, 150, 60
15, 151, 3
15, 161, 8
15, 161, 38
15, 166, 44
15, 168, 35
15, 169, 6
15, 169, 34
15, 174, 19
15, 174, 54
15, 175, 26
15, 176, 51
15, 177, 12
15, 189, 11
15, 198, 1
15, 205, 43
15, 207, 31
15, 212, 25
15, 217, 15
15, 221, 47
15, 221, 52
15, 223, 17
15, 226, 5
15, 231, 33
15, 241, 21
15, 243, 54
15, 246, 14
15, 247, 40
15, 248, 3
15, 256, 41
15, 260, 8
15, 267, 32
15, 267, 50
15, 270, 33
15, 272, 61
15, 275, 19
15, 279, 37
15, 282, 1
15, 290, 39
15, 291, 56
15, 292, 4
15, 293, 20
15, 295, 48
15, 297, 45
15, 299, 27
15, 304, 58
15, 320, 38
15, 326, 21
15, 326, 59
15, 339, 45
15, 340, 23
15, 340, 26
15, 344, 61
15, 347, 18
15, 361, 24
15, 361, 52
15, 367, 49
15, 371, 29
15, 378, 60
15, 384, 57
15, 400, 24
15, 401, 34
15, 406, 55
15, 408, 25
15, 412, 30
15, 424, 15
15, 425, 47
15, 449, 29
15, 450, 40
15, 451, 41
15, 452, 61
15, 457, 33
15, 460, 44
15, 477, 23
15, 479, 57
15, 486, 17
15, 488, 51
15, 490, 56
15, 494, 44
15, 501, 32
15, 501, 37
15, 502, 20
15, 509, 59
15, 524, 1
15, 526, 10
15, 528, 54
15, 530, 43
15, 546, 31
15, 556, 3
15, 557, 6
15, 557, 48
15, 558, 41
15, 563, 18
15, 566, 48
15, 572, 49
15, 575, 1
15, 587, 27
15, 590, 57
15, 596, 8
15, 599, 40
15, 608, 19
15, 612, 35
15, 619, 21
15, 624, 5
15, 624, 52
15, 634, 50
15, 639, 52
15, 640, 8
15, 640, 12
15, 643, 54
15, 644, 60
15, 648, 13
15, 652, 6
15, 656, 35
15, 658, 45
15, 659, 4
15, 661, 14
15, 667, 47
15, 682, 11
15, 690, 57
15, 691, 61
15, 694, 59
15, 696, 32
15, 697, 37
15, 700, 15
15, 701, 26
15, 703, 29
15, 713, 3
15, 716, 24
15, 730, 17
15, 732, 14
15, 733, 10
15, 740, 25
15, 742, 31
15, 742, 55
15, 742, 60
15, 750, 48
15, 753, 11
15, 758, 34
15, 761, 18
15, 766, 50
15, 767, 44
15, 769, 39
15, 772, 54
15, 773, 23
15, 775, 59
15, 782, 12
15, 785, 6
15, 786, 1
15, 790, 25
15, 794, 58
15, 795, 4
15, 797, 56
16, 1, 30
16, 3, 15
16, 5, 58
16, 7, 33
16, 7, 52
16, 8, 39
16, 14, 37
16, 18, 53
16, 19, 18
16, 23, 44
16, 32, 16
16, 38, 56
16, 43, 7
16, 43, 39
16, 46, 51
16, 59, 18
16, 60, 34
16, 61, 32
16, 64, 37
16, 75, 1
16, 76, 11
16, 77, 44
16, 83, 23
16, 83, 53
16, 89, 49
16, 99, 23
16, 105, 25
16, 113, 60
16, 121, 18
16, 121, 44
16, 131, 31
16, 132, 5
16, 135, 43
16, 136, 36
16, 141, 50
16, 144, 2
16, 144, 9
16, 146, 14
16, 151, 7
16, 156, 43
16, 159, 19
16, 162, 34
16, 174, 42
16, 175, 29
16, 178, 33
16, 179, 20
16, 188, 16
16, 192, 30
16, 198, 53
16, 200, 13
16, 202, 40
16, 205, 52
16, 221, 1
16, 225, 9
16, 226, 41
16, 231, 32
16, 239, 19
16, 240, 20
16, 244, 11
16, 255, 37
16, 260, 18
16, 266, 32
16, 275, 60
16, 283, 24
16, 284, 3
16, 285, 51
16, 287, 9
16, 291, 27
16, 302, 30
16, 306, 31
16, 312, 32
16, 318, 39
16, 330, 55
16, 333, 60
16, 338, 52
16, 341, 25
16, 341, 37
16, 354, 44
16, 360, 60
16, 364, 15
16, 376, 36
16, 377, 36
16, 378, 26
16, 381, 52
16, 382, 27
16, 392, 50
16, 396, 33
16, 401, 41
16, 405, 23
16, 406, 56
16, 411, 19
16, 417, 14
16, 419, 51
16, 421, 30
16, 424, 43
16, 425, 29
16, 436, 32
16, 439, 26
16, 464, 42
16, 482, 16
16, 496, 33
16, 501, 34
16, 504, 49
16, 505, 58
16, 512, 33
16, 513, 25
16, 513, 34
16, 518, 30
16, 531, 20
16, 533, 27
16, 536, 41
16, 537, 18
16, 544, 37
16, 546, 15
16, 549, 39
16, 555, 5
16, 559, 15
16, 570, 56
16, 573, 11
16, 578, 36
16, 579, 13
16, 580, 9
16, 584, 2
16, 591, 21
16, 592, 56
16, 594, 7
16, 595, 13
16, 598, 53
16, 600, 24
16, 607, 51
16, 614, 9
16, 620, 39
16, 621, 44
16, 623, 55
16, 624, 60
16, 626, 31
16, 628, 34
16, 633, 7
16, 637, 16
16, 637, 29
16, 643, 30
16, 644, 43
16, 645, 15
16, 646, 32
16, 661, 20
16, 663, 14
16, 665, 5
16, 670, 51
16, 675, 14
16, 678, 39
16, 680, 19
16, 690, 50
16, 692, 42
16, 693, 11
16, 702, 41
16, 703, 1
16, 705, 14
16, 718, 37
16, 719, 30
16, 725, 7
16, 733, 33
16, 734, 2
16, 749, 11
16, 754, 55
16, 776, 13
16, 776, 58
16, 778, 20
16, 781, 11
16, 782, 9
16, 785, 25
16, 793, 27
16, 795, 3
16, 796, 32
17, 8, 56
17, 17, 15
17, 18, 41
17, 20, 22
17, 24, 28
17, 25, 51
17, 27, 6
17, 27, 55
17, 30, 5
17, 37, 23
17, 41, 11
17, 41, 25
17, 44, 45
17, 51, 21
17, 59, 8
17, 66, 49
17, 74, 30
17, 77, 7
17, 84, 24
17, 88, 31
17, 88, 38
17, 90, 39
17, 92, 4
17, 94, 40
17, 95, 30
17, 95, 58
17, 103, 36
17, 104, 2
17, 105, 53
17, 139, 28
17, 140, 19
17, 144, 32
17, 157, 3
17, 164, 10
17, 165, 53
17, 168, 48
17, 174, 2
17, 179, 5
17, 179, 16
17, 179, 26
17, 179, 35
17, 179, 40
17, 182, 47
17, 184, 41
17, 191, 2
17, 191, 29
17, 203, 22
17, 205, 8
17, 207, 55
17, 208, 56
17, 210, 38
17, 211, 19
17, 216, 25
17, 219, 25
17, 223, 55
17, 224, 11
17, 233, 24
17, 249, 34
17, 249, 58
17, 262, 31
17, 273, 14
17, 277, 21
17, 278, 17
17, 279, 45
17, 286, 53
17, 293, 46
17, 309, 28
17, 311, 49
17, 317, 46
17, 318, 4
17, 328, 39
17, 333, 15
17, 335, 48
17, 337, 19
17, 338, 26
17, 341, 55
17, 348, 32
17, 352, 30
17, 355, 33
17, 357, 51
17, 361, 33
17, 363, 23
17, 368, 35
17, 372, 55
17, 388, 40
17, 390, 41
17, 403, 31
17, 409, 36
17, 413, 29
17, 423, 39
17, 428, 38
17, 439, 22
17, 442, 58
17, 444, 51
17, 449, 53
17, 454, 34
17, 461, 25
17, 487, 2
17, 502, 22
17, 504, 3
17, 505, 16
17, 506, 53
17, 507, 24
17, 516, 10
17, 517, 6
17, 530, 49
17, 531, 36
17, 532, 5
17, 535, 10
17, 538, 48
17, 546, 41
17, 565, 5
17, 571, 46
17, 575, 21
17, 576, 30
17, 579, 14
17, 584, 19
17, 587, 28
17, 598, 49
17, 605, 30
17, 613, 47
17, 615, 17
17, 623, 14
17, 633, 25
17, 636, 33
17, 637, 33
17, 637, 40
17, 642, 35
17, 651, 16
17, 652, 26
17, 652, 48
17, 657, 25
17, 672, 55
17, 673, 3
17, 675, 14
17, 677, 29
17, 692, 11
17, 693, 19
17, 696, 23
17, 703, 51
17, 705, 58
17, 707, 2
17, 711, 36
17, 712, 7
17, 722, 39
17, 728, 22
17, 738, 34
17, 739, 53
17, 741, 38
17, 742, 8
17, 752, 31
17, 759, 51
17, 778, 45
17, 780, 39
17, 784, 5
17, 786, 58
17, 789, 10
18, 8, 3
18, 10, 1
18, 13, 19
18, 18, 17
18, 28, 9
18, 31, 8
18, 31, 22
18, 32, 4
18, 32, 57
18, 41, 40
18, 43, 22
18, 43, 28
18, 43, 36
18, 50, 53
18, 56, 61
18, 66, 46
18, 67, 48
18, 73, 13
18, 79, 24
18, 80, 60
18, 87, 25
18, 94, 9
18, 94, 11
18, 98, 16
18, 98, 18
18, 98, 54
18, 101, 51
18, 105, 18
18, 107, 6
18, 108, 56
18, 109, 7
18, 112, 17
18, 116, 2
18, 116, 49
18, 119, 35
18, 123, 50
18, 124, 10
18, 125, 10
18, 125, 49
18, 126, 19
18, 129, 32
18, 136, 31
18, 146, 14
18, 161, 6
18, 161, 8
18, 166, 61
18, 183, 48
18, 185, 22
18, 188, 28
18, 196, 45
18, 202, 36
18, 205, 3
18, 206, 39
18, 210, 11
18, 210, 13
18, 211, 34
18, 221, 46
18, 224, 42
18, 234, 54
18, 245, 28
18, 251, 9
18, 253, 49
18, 255, 7
18, 261, 47
18, 262, 15
18, 263, 22
18, 265, 10
18, 267, 1
18, 267, 7
18, 271, 24
18, 273, 7
18, 277, 60
18, 278, 14
18, 280, 26
18, 281, 19
18, 281, 35
18, 298, 23
18, 304, 4
18, 306, 40
18, 306, 59
18, 323, 18
18, 329, 53
18, 332, 36
18, 342, 36
18, 343, 17
18, 346, 54
18, 359, 61
18, 362, 32
18, 379, 34
18, 380, 46
18, 391, 26
18, 391, 53
18, 396, 57
18, 400, 48
18, 407, 43
18, 422, 31
18, 428, 36
18, 432, 25
18, 444, 25
18, 445, 37
18, 446, 43
18, 450, 28
18, 460, 45
18, 463, 16
18, 465, 47
18, 470, 50
18, 481, 49
18, 485, 31
18, 487, 49
18, 487, 51
18, 505, 47
18, 507, 11
18, 510, 35
18, 512, 15
18, 530, 39
18, 530, 54
18, 535, 8
18, 540, 3
18, 540, 54
18, 541, 13
18, 542, 15
18, 545, 60
18, 550, 58
18, 552, 20
18, 557, 46
18, 562, 2
18, 562, 56
18, 563, 61
18, 573, 37
18, 574, 14
18, 578, 11
18, 578, 45
18, 582, 44
18, 582, 48
18, 586, 3
18, 588, 13
18, 589, 17
18, 589, 59
18, 594, 20
18, 594, 37
18, 595, 7
18, 598, 34
18, 599, 23
18, 601, 32
18, 602, 47
18, 609, 4
18, 610, 7
18, 614, 57
18, 616, 36
18, 616, 60
18, 637, 16
18, 638, 35
18, 639, 40
18, 641, 15
18, 644, 6
18, 649, 53
18, 654, 9
18, 663, 24
18, 673, 60
18, 679, 59
18, 682, 49
18, 683, 4
18, 690, 19
18, 702, 10
18, 708, 50
18, 720, 11
18, 720, 43
18, 727, 28
18, 732, 59
18, 733, 42
18, 744, 34
18, 747, 26
18, 754, 53
18, 756, 2
18, 765, 3
18, 772, 36
18, 781, 46
18, 786, 31
18, 798, 37
19, 3, 39
19, 4, 18
19, 5, 9
19, 5, 55
19, 11, 13
19, 19, 54
19, 20, 18
19, 28, 26
19, 32, 41
19, 50, 8
19, 57, 45
19, 71, 20
19, 76, 29
19, 78, 12
19, 80, 16
19, 101, 24
19, 102, 17
19, 103, 44
19, 107, 23
19, 116, 10
19, 123, 1
19, 130, 5
19, 130, 25
19, 138, 39
19, 143, 53
19, 156, 29
19, 157, 18
19, 158, 48
19, 163, 22
19, 166, 40
19, 170, 13
19, 171, 54
19, 173, 31
19, 175, 33
19, 182, 41
19, 191, 9
19, 203, 27
19, 213, 8
19, 221, 20
19, 221, 51
19, 223, 24
19, 232, 13
19, 233, 34
19, 245, 48
19, 254, 45
19, 255, 15
19, 258, 2
19, 258, 5
19, 259, 7
19, 264, 59
19, 266, 56
19, 274, 10
19, 285, 1
19, 291, 13
19, 292, 41
19, 305, 39
19, 317, 12
19, 321, 55
19, 355, 54
19, 358, 25
19, 359, 21
19, 364, 29
19, 371, 44
19, 372, 23
19, 377, 28
19, 379, 48
19, 380, 18
19, 380, 26
19, 380, 58
19, 399, 22
19, 418, 56
19, 425, 53
19, 436, 27
19, 461, 33
19, 464, 59
19, 471, 27
19, 496, 31
19, 498, 44
19, 500, 40
19, 502, 8
19, 503, 55
19, 505, 5
19, 513, 7
19, 516, 12
19, 517, 9
19, 521, 20
19, 534, 41
19, 537, 54
19, 541, 39
19, 546, 34
19, 553, 17
19, 554, 22
19, 556, 1
19, 560, 33
19, 572, 45
19, 574, 53
19, 581, 51
19, 582, 13
19, 589, 5
19, 595, 23
19, 596, 48
19, 599, 10
19, 600, 54
19, 604, 26
19, 612, 39
19, 616, 21
19, 617, 18
19, 619, 51
19, 630, 29
19, 632, 20
19, 645, 56
19, 654, 24
19, 662, 15
19, 663, 8
19, 665, 5
19, 668, 54
19, 671, 27
19, 685, 39
19, 691, 40
19, 699, 1
19, 699, 25
19, 699, 55
19, 707, 12
19, 709, 34
19, 715, 2
19, 721, 20
19, 723, 58
19, 724, 59
19, 737, 48
19, 740, 26
19, 743, 59
19, 757, 44
19, 758, 48
19, 761, 23
19, 762, 54
19, 771, 29
19, 794, 51
19, 797, 22
19, 799, 13
19, 799, 39
