1, 5, 40
1, 15, 32
1, 20, 2
1, 25, 56
1, 37, 12
1, 39, 45
1, 51, 49
1, 52, 44
1, 66, 9
1, 68, 6
1, 86, 29
1, 96, 16
1, 101, 51
1, 102, 57
1, 105, 62
1, 113, 7
1, 116, 25
1, 134, 34
1, 139, 16
1, 149, 51
1, 153, 14
1, 156, 30
1, 163, 4
1, 169, 62
1, 173, 29
1, 193, 59
1, 199, 14
1, 202, 39
1, 205, 49
1, 206, 10
1, 209, 62
1, 210, 2
1, 216, 32
1, 216, 45
1, 244, 32
1, 244, 40
1, 254, 13
1, 258, 51
1, 274, 4
1, 277, 12
1, 278, 56
1, 281, 44
1, 284, 30
1, 288, 9
1, 299, 14
1, 305, 25
1, 305, 54
1, 314, 23
1, 325, 64
1, 354, 49
1, 372, 51
1, 382, 29
1, 384, 19
1, 394, 41
1, 406, 51
1, 418, 34
1, 434, 62
1, 437, 44
1, 443, 57
1, 456, 56
1, 460, 39
1, 477, 54
1, 491, 56
1, 493, 59
1, 494, 45
1, 499, 2
1, 515, 23
1, 535, 30
1, 540, 10
1, 543, 9
1, 550, 40
1, 554, 6
1, 557, 23
1, 557, 29
1, 567, 44
1, 574, 57
1, 577, 16
1, 587, 32
1, 596, 41
1, 613, 59
1, 617, 9
1, 617, 51
1, 623, 12
1, 625, 7
1, 635, 54
1, 645, 45
1, 646, 14
1, 646, 62
1, 661, 25
1, 666, 39
1, 673, 16
1, 675, 6
1, 694, 56
1, 700, 12
1, 704, 16
1, 712, 2
1, 717, 19
1, 721, 4
1, 744, 7
1, 754, 57
1, 757, 14
1, 768, 59
1, 769, 10
1, 778, 54
1, 781, 64
2, 6, 27
2, 10, 1
2, 13, 61
2, 26, 35
2, 35, 3
2, 50, 60
2, 67, 44
2, 73, 43
2, 85, 32
2, 86, 40
2, 88, 47
2, 99, 6
2, 109, 29
2, 119, 35
2, 130, 19
2, 161, 10
2, 165, 37
2, 167, 45
2, 185, 29
2, 205, 4
2, 212, 18
2, 230, 10
2, 244, 61
2, 251, 18
2, 252, 37
2, 256, 22
2, 265, 37
2, 267, 25
2, 268, 34
2, 271, 1
2, 271, 21
2, 272, 35
2, 274, 54
2, 276, 11
2, 289, 27
2, 294, 3
2, 309, 40
2, 321, 20
2, 321, 43
2, 326, 32
2, 328, 15
2, 331, 60
2, 341, 61
2, 349, 38
2, 352, 45
2, 382, 45
2, 404, 27
2, 410, 43
2, 419, 54
2, 434, 27
2, 449, 22
2, 459, 29
2, 464, 60
2, 478, 25
2, 483, 27
2, 492, 44
2, 494, 37
2, 500, 40
2, 509, 44
2, 515, 19
2, 541, 45
2, 547, 35
2, 566, 18
2, 568, 2
2, 570, 45
2, 573, 34
2, 578, 4
2, 581, 10
2, 586, 43
2, 589, 47
2, 590, 32
2, 605, 47
2, 605, 54
2, 610, 3
2, 618, 6
2, 624, 6
2, 634, 61
2, 637, 20
2, 638, 35
2, 664, 38
2, 666, 60
2, 672, 11
2, 678, 27
2, 679, 1
2, 690, 15
2, 691, 22
2, 713, 54
2, 717, 37
2, 727, 40
2, 738, 44
2, 741, 32
2, 743, 6
2, 746, 2
2, 751, 29
2, 755, 47
2, 760, 60
2, 778, 44
2, 779, 43
2, 786, 38
2, 788, 1
2, 793, 25
2, 794, 4
2, 798, 61
3, 12, 21
3, 16, 29
3, 20, 17
3, 24, 42
3, 25, 58
3, 26, 50
3, 29, 39
3, 42, 4
3, 50, 5
3, 58, 46
3, 62, 24
3, 67, 52
3, 75, 4
3, 92, 45
3, 93, 56
3, 100, 22
3, 105, 9
3, 112, 11
3, 124, 39
3, 128, 58
3, 137, 41
3, 138, 20
3, 139, 3
3, 145, 29
3, 166, 46
3, 171, 11
3, 171, 49
3, 173, 9
3, 180, 13
3, 193, 19
3, 202, 34
3, 206, 9
3, 223, 52
3, 229, 1
3, 237, 62
3, 238, 21
3, 244, 20
3, 254, 17
3, 259, 4
3, 289, 42
3, 293, 30
3, 293, 45
3, 300, 49
3, 324, 22
3, 350, 24
3, 359, 32
3, 368, 46
3, 370, 19
3, 376, 50
3, 416, 45
3, 420, 34
3, 421, 29
3, 432, 58
3, 438, 41
3, 466, 13
3, 480, 39
3, 496, 31
3, 511, 56
3, 518, 3
3, 519, 46
3, 528, 11
3, 528, 17
3, 535, 13
3, 539, 24
3, 544, 21
3, 547, 49
3, 552, 42
3, 554, 52
3, 563, 30
3, 565, 17
3, 569, 62
3, 589, 32
3, 592, 17
3, 597, 5
3, 600, 20
3, 609, 9
3, 611, 41
3, 635, 32
3, 642, 50
3, 648, 45
3, 658, 34
3, 660, 1
3, 676, 30
3, 699, 19
3, 700, 29
3, 703, 56
3, 728, 46
3, 732, 58
3, 747, 42
3, 755, 49
3, 760, 3
3, 766, 35
3, 772, 52
3, 778, 30
3, 779, 17
3, 780, 31
3, 781, 11
3, 799, 4
4, 4, 56
4, 6, 2
4, 6, 14
4, 22, 23
4, 32, 12
4, 39, 33
4, 43, 30
4, 59, 3
4, 63, 29
4, 79, 21
4, 86, 29
4, 90, 16
4, 102, 53
4, 105, 24
4, 121, 13
4, 122, 59
4, 124, 27
4, 151, 58
4, 154, 12
4, 154, 60
4, 157, 22
4, 160, 18
4, 162, 23
4, 171, 30
4, 172, 62
4, 179, 2
4, 199, 44
4, 199, 94
4, 200, 40
4, 208, 47
4, 216, 19
4, 230, 37
4, 240, 27
4, 260, 12
4, 260, 30
4, 268, 4
4, 281, 53
4, 302, 37
4, 304, 30
4, 326, 18
4, 330, 44
4, 332, 28
4, 347, 56
4, 359, 3
4, 379, 19
4, 384, 22
4, 401, 12
4, 407, 33
4, 408, 13
4, 413, 16
4, 418, 28
4, 428, 27
4, 446, 40
4, 464, 62
4, 467, 24
4, 468, 30
4, 469, 22
4, 469, 33
4, 480, 21
4, 488, 53
4, 506, 22
4, 509, 40
4, 529, 19
4, 541, 60
4, 542, 18
4, 548, 33
4, 551, 29
4, 556, 29
4, 562, 3
4, 598, 18
4, 609, 24
4, 610, 44
4, 611, 16
4, 613, 27
4, 622, 14
4, 631, 2
4, 634, 13
4, 647, 4
4, 651, 21
4, 659, 22
4, 664, 58
4, 670, 56
4, 672, 59
4, 673, 53
4, 674, 23
4, 675, 37
4, 677, 47
4, 682, 29
4, 685, 3
4, 692, 30
4, 703, 12
4, 711, 28
4, 724, 37
4, 728, 62
4, 733, 33
4, 735, 18
4, 739, 40
4, 760, 21
4, 764, 16
4, 767, 2
4, 769, 53
4, 783, 27
5, 15, 13
5, 52, 42
5, 53, 1
5, 53, 26
5, 54, 28
5, 55, 23
5, 57, 57
5, 70, 9
5, 80, 7
5, 83, 35
5, 89, 54
5, 94, 17
5, 111, 28
5, 137, 29
5, 140, 38
5, 149, 8
5, 167, 13
5, 169, 52
5, 172, 26
5, 185, 29
5, 240, 17
5, 243, 35
5, 243, 52
5, 250, 57
5, 252, 46
5, 258, 21
5, 261, 42
5, 297, 54
5, 311, 38
5, 324, 33
5, 356, 28
5, 363, 23
5, 368, 26
5, 406, 52
5, 419, 42
5, 433, 38
5, 462, 29
5, 462, 54
5, 468, 9
5, 477, 46
5, 487, 23
5, 488, 46
5, 489, 7
5, 495, 35
5, 501, 42
5, 516, 35
5, 566, 13
5, 574, 21
5, 579, 8
5, 582, 17
5, 600, 29
5, 606, 38
5, 606, 50
5, 610, 57
5, 616, 28
5, 617, 46
5, 618, 1
5, 619, 9
5, 624, 26
5, 631, 21
5, 666, 33
5, 679, 42
5, 703, 52
5, 707, 28
5, 721, 1
5, 722, 57
5, 736, 7
5, 746, 29
5, 751, 21
5, 798, 9
5, 799, 35
6, 7, 27
6, 8, 60
6, 14, 10
6, 20, 24
6, 25, 16
6, 35, 26
6, 43, 20
6, 46, 51
6, 55, 7
6, 63, 13
6, 64, 45
6, 64, 54
6, 69, 5
6, 88, 19
6, 88, 38
6, 101, 43
6, 103, 8
6, 116, 50
6, 120, 27
6, 130, 58
6, 152, 51
6, 156, 26
6, 177, 49
6, 181, 13
6, 187, 44
6, 188, 51
6, 191, 10
6, 192, 7
6, 196, 40
6, 197, 27
6, 203, 16
6, 208, 63
6, 211, 57
6, 213, 25
6, 218, 67
6, 234, 54
6, 239, 16
6, 239, 51
6, 242, 21
6, 263, 37
6, 269, 26
6, 278, 5
6, 285, 12
6, 285, 58
6, 291, 78
6, 292, 5
6, 311, 20
6, 315, 60
6, 326, 45
6, 327, 50
6, 329, 43
6, 345, 16
6, 384, 19
6, 387, 37
6, 396, 38
6, 404, 20
6, 405, 43
6, 406, 27
6, 406, 44
6, 421, 25
6, 424, 54
6, 435, 49
6, 448, 24
6, 449, 51
6, 455, 40
6, 467, 19
6, 473, 57
6, 497, 58
6, 497, 63
6, 499, 27
6, 513, 8
6, 513, 30
6, 519, 45
6, 529, 16
6, 529, 25
6, 530, 49
6, 531, 10
6, 531, 21
6, 542, 38
6, 543, 13
6, 548, 45
6, 555, 13
6, 559, 37
6, 589, 26
6, 590, 7
6, 606, 19
6, 612, 44
6, 626, 5
6, 629, 38
6, 635, 60
6, 636, 50
6, 643, 21
6, 645, 43
6, 646, 57
6, 654, 49
6, 655, 57
6, 691, 8
6, 699, 24
6, 699, 45
6, 716, 63
6, 720, 40
6, 723, 16
6, 723, 30
6, 724, 13
6, 731, 13
6, 756, 37
6, 759, 54
6, 765, 44
6, 767, 13
6, 776, 5
6, 785, 67
6, 787, 19
6, 787, 30
6, 787, 45
6, 791, 27
6, 795, 51
7, 19, 25
7, 28, 32
7, 29, 2
7, 31, 31
7, 54, 47
7, 65, 18
7, 77, 42
7, 90, 36
7, 114, 41
7, 133, 50
7, 138, 25
7, 143, 47
7, 147, 2
7, 170, 24
7, 175, 6
7, 184, 25
7, 194, 13
7, 196, 53
7, 204, 18
7, 218, 48
7, 222, 32
7, 250, 2
7, 277, 6
7, 287, 52
7, 300, 42
7, 312, 48
7, 330, 56
7, 333, 31
7, 358, 50
7, 378, 52
7, 380, 36
7, 380, 60
7, 392, 22
7, 419, 47
7, 431, 53
7, 445, 41
7, 459, 32
7, 467, 18
7, 508, 36
7, 525, 56
7, 526, 24
7, 538, 2
7, 543, 31
7, 543, 48
7, 545, 42
7, 565, 6
7, 566, 22
7, 588, 31
7, 609, 2
7, 615, 53
7, 619, 13
7, 620, 42
7, 636, 22
7, 652, 6
7, 660, 41
7, 661, 52
7, 668, 18
7, 669, 60
7, 722, 48
7, 724, 32
7, 735, 56
7, 737, 36
7, 747, 24
7, 786, 18
8, 6, 38
8, 13, 54
8, 21, 52
8, 25, 57
8, 28, 36
8, 38, 45
8, 40, 4
8, 42, 8
8, 54, 27
8, 55, 40
8, 56, 55
8, 58, 11
8, 70, 20
8, 75, 26
8, 80, 16
8, 84, 62
8, 89, 58
8, 93, 56
8, 97, 40
8, 104, 12
8, 106, 8
8, 112, 61
8, 127, 32
8, 138, 17
8, 144, 40
8, 170, 40
8, 187, 14
8, 208, 38
8, 212, 11
8, 213, 27
8, 216, 8
8, 219, 57
8, 222, 2
8, 225, 43
8, 234, 54
8, 242, 8
8, 266, 50
8, 270, 12
8, 272, 47
8, 275, 55
8, 276, 4
8, 292, 36
8, 302, 62
8, 304, 11
8, 313, 26
8, 315, 57
8, 321, 62
8, 324, 8
8, 326, 16
8, 349, 32
8, 352, 20
8, 356, 58
8, 359, 30
8, 365, 61
8, 366, 17
8, 366, 52
8, 373, 40
8, 375, 42
8, 391, 54
8, 392, 12
8, 394, 38
8, 429, 11
8, 429, 56
8, 439, 45
8, 442, 14
8, 465, 36
8, 473, 30
8, 473, 43
8, 485, 50
8, 491, 2
8, 508, 26
8, 512, 58
8, 513, 14
8, 514, 27
8, 514, 62
8, 515, 20
8, 525, 12
8, 526, 47
8, 551, 55
8, 554, 11
8, 555, 52
8, 569, 36
8, 578, 20
8, 583, 45
8, 587, 4
8, 588, 47
8, 593, 57
8, 596, 42
8, 623, 61
8, 629, 62
8, 635, 8
8, 642, 56
8, 643, 50
8, 648, 27
8, 655, 38
8, 657, 40
8, 667, 17
8, 670, 57
8, 677, 32
8, 684, 2
8, 687, 30
8, 699, 11
8, 705, 61
8, 706, 43
8, 714, 26
8, 722, 20
8, 722, 47
8, 728, 4
8, 744, 11
8, 751, 16
8, 762, 8
8, 780, 30
8, 783, 45
8, 785, 58
8, 786, 27
8, 790, 36
8, 794, 16
9, 21, 16
9, 37, 5
9, 41, 25
9, 42, 11
9, 67, 18
9, 75, 55
9, 77, 46
9, 79, 33
9, 111, 9
9, 113, 38
9, 114, 31
9, 119, 11
9, 120, 27
9, 126, 34
9, 128, 54
9, 133, 41
9, 141, 48
9, 145, 45
9, 154, 23
9, 155, 39
9, 160, 11
9, 161, 55
9, 163, 41
9, 192, 3
9, 210, 43
9, 218, 16
9, 226, 61
9, 229, 9
9, 236, 29
9, 252, 22
9, 256, 50
9, 260, 19
9, 264, 24
9, 270, 31
9, 270, 43
9, 282, 55
9, 288, 16
9, 292, 11
9, 302, 38
9, 317, 41
9, 363, 39
9, 367, 18
9, 384, 46
9, 389, 11
9, 398, 54
9, 409, 33
9, 410, 53
9, 443, 48
9, 448, 39
9, 461, 43
9, 481, 50
9, 488, 27
9, 490, 21
9, 498, 31
9, 498, 45
9, 506, 54
9, 514, 29
9, 515, 23
9, 530, 3
9, 536, 39
9, 537, 22
9, 542, 5
9, 562, 11
9, 564, 31
9, 566, 9
9, 572, 43
9, 573, 19
9, 575, 21
9, 583, 41
9, 587, 16
9, 606, 29
9, 607, 22
9, 613, 18
9, 620, 53
9, 626, 25
9, 642, 27
9, 645, 41
9, 647, 34
9, 651, 46
9, 662, 61
9, 674, 9
9, 690, 34
9, 691, 53
9, 710, 24
9, 711, 19
9, 715, 45
9, 726, 48
9, 727, 23
9, 733, 11
9, 737, 54
9, 740, 3
9, 752, 41
9, 763, 24
9, 765, 25
9, 769, 21
10, 18, 22
10, 27, 50
10, 31, 8
10, 50, 7
10, 53, 58
10, 73, 57
10, 80, 37
10, 107, 50
10, 111, 40
10, 114, 6
10, 117, 63
10, 118, 1
10, 147, 14
10, 153, 47
10, 156, 7
10, 163, 10
10, 164, 4
10, 189, 26
10, 202, 4
10, 209, 51
10, 210, 35
10, 236, 10
10, 241, 24
10, 243, 35
10, 252, 8
10, 266, 1
10, 267, 3
10, 282, 63
10, 307, 33
10, 308, 48
10, 311, 26
10, 317, 22
10, 322, 14
10, 338, 56
10, 347, 37
10, 353, 50
10, 371, 6
10, 376, 14
10, 380, 49
10, 381, 35
10, 386, 40
10, 452, 51
10, 499, 63
10, 501, 4
10, 510, 40
10, 513, 57
10, 521, 7
10, 526, 1
10, 526, 47
10, 527, 49
10, 553, 10
10, 555, 35
10, 557, 6
10, 571, 14
10, 575, 56
10, 589, 26
10, 590, 8
10, 591, 48
10, 594, 3
10, 603, 57
10, 614, 50
10, 632, 33
10, 647, 37
10, 657, 26
10, 669, 22
10, 694, 6
10, 720, 1
10, 737, 50
10, 742, 49
10, 763, 4
10, 767, 47
10, 786, 1
10, 788, 26
10, 797, 22
10, 799, 63
11, 6, 3
11, 10, 40
11, 27, 59
11, 39, 18
11, 48, 11
11, 50, 30
11, 56, 25
11, 62, 50
11, 75, 34
11, 85, 5
11, 89, 25
11, 93, 27
11, 101, 45
11, 107, 58
11, 114, 18
11, 116, 33
11, 121, 50
11, 122, 22
11, 129, 11
11, 136, 29
11, 137, 34
11, 145, 56
11, 149, 13
11, 153, 38
11, 162, 53
11, 166, 8
11, 166, 33
11, 172, 41
11, 185, 38
11, 190, 22
11, 194, 55
11, 196, 41
11, 220, 16
11, 238, 64
11, 242, 22
11, 261, 44
11, 263, 25
11, 263, 59
11, 275, 27
11, 284, 25
11, 285, 45
11, 291, 30
11, 301, 40
11, 305, 5
11, 308, 34
11, 335, 3
11, 335, 37
11, 345, 30
11, 369, 52
11, 372, 45
11, 380, 18
11, 382, 58
11, 402, 56
11, 403, 13
11, 406, 52
11, 415, 18
11, 431, 16
11, 436, 29
11, 448, 38
11, 464, 44
11, 478, 41
11, 489, 53
11, 491, 27
11, 493, 11
11, 507, 40
11, 516, 8
11, 522, 33
11, 527, 34
11, 532, 59
11, 533, 25
11, 547, 29
11, 557, 22
11, 577, 25
11, 578, 56
11, 608, 45
11, 609, 25
11, 614, 44
11, 626, 30
11, 636, 38
11, 643, 3
11, 653, 16
11, 655, 50
11, 660, 58
11, 680, 33
11, 682, 40
11, 687, 45
11, 692, 52
11, 696, 27
11, 709, 53
11, 713, 56
11, 714, 5
11, 718, 64
11, 720, 55
11, 724, 13
11, 728, 11
11, 742, 50
11, 758, 37
11, 764, 16
11, 768, 52
11, 772, 18
11, 774, 29
11, 786, 8
11, 787, 45
11, 788, 30
11, 789, 44
12, 4, 24
12, 6, 49
12, 13, 26
12, 24, 10
12, 28, 8
12, 29, 46
12, 49, 54
12, 57, 6
12, 64, 23
12, 69, 13
12, 72, 4
12, 75, 16
12, 76, 46
12, 78, 23
12, 82, 61
12, 83, 9
12, 99, 39
12, 100, 32
12, 103, 35
12, 121, 16
12, 132, 4
12, 133, 30
12, 133, 49
12, 147, 6
12, 150, 44
12, 164, 28
12, 174, 38
12, 177, 39
12, 178, 32
12, 185, 41
12, 188, 6
12, 197, 6
12, 199, 16
12, 216, 46
12, 219, 23
12, 221, 25
12, 234, 26
12, 237, 23
12, 241, 27
12, 243, 13
12, 271, 2
12, 276, 4
12, 287, 16
12, 289, 61
12, 301, 26
12, 302, 8
12, 303, 44
12, 307, 10
12, 320, 44
12, 323, 46
12, 328, 30
12, 334, 24
12, 337, 28
12, 361, 23
12, 370, 54
12, 373, 38
12, 378, 25
12, 379, 41
12, 410, 27
12, 420, 36
12, 424, 39
12, 442, 35
12, 450, 30
12, 451, 9
12, 468, 6
12, 480, 49
12, 501, 6
12, 515, 13
12, 523, 61
12, 526, 26
12, 534, 2
12, 540, 28
12, 547, 16
12, 557, 38
12, 582, 32
12, 585, 61
12, 626, 41
12, 634, 44
12, 660, 46
12, 664, 4
12, 680, 54
12, 684, 8
12, 684, 10
12, 684, 16
12, 686, 32
12, 691, 25
12, 696, 35
12, 707, 27
12, 721, 25
12, 721, 49
12, 725, 39
12, 731, 9
12, 732, 38
12, 743, 35
12, 758, 28
12, 763, 30
12, 780, 6
12, 781, 2
12, 791, 61
12, 793, 46
13, 11, 9
13, 41, 22
13, 52, 45
13, 54, 37
13, 58, 29
13, 72, 29
13, 75, 51
13, 83, 58
13, 97, 35
13, 107, 54
13, 111, 11
13, 115, 15
13, 116, 25
13, 122, 40
13, 125, 53
13, 127, 43
13, 129, 44
13, 131, 8
13, 140, 45
13, 147, 38
13, 152, 10
13, 164, 1
13, 175, 35
13, 176, 58
13, 181, 12
13, 189, 15
13, 194, 22
13, 202, 34
13, 210, 48
13, 210, 53
13, 227, 38
13, 229, 44
13, 251, 40
13, 258, 37
13, 260, 51
13, 268, 45
13, 277, 29
13, 285, 11
13, 286, 47
13, 311, 29
13, 316, 15
13, 317, 46
13, 349, 44
13, 349, 58
13, 354, 22
13, 354, 39
13, 372, 43
13, 374, 34
13, 377, 56
13, 380, 48
13, 386, 21
13, 396, 38
13, 398, 28
13, 428, 15
13, 435, 22
13, 444, 44
13, 450, 45
13, 454, 54
13, 479, 43
13, 482, 10
13, 483, 46
13, 484, 9
13, 487, 9
13, 502, 25
13, 509, 35
13, 529, 51
13, 535, 12
13, 535, 40
13, 551, 1
13, 554, 56
13, 571, 37
13, 588, 43
13, 604, 29
13, 608, 34
13, 608, 53
13, 633, 47
13, 637, 11
13, 638, 44
13, 653, 15
13, 703, 45
13, 708, 53
13, 717, 29
13, 717, 48
13, 723, 28
13, 727, 25
13, 728, 12
13, 732, 46
13, 732, 56
13, 741, 37
13, 741, 58
13, 747, 44
13, 749, 21
13, 750, 35
13, 755, 22
13, 784, 54
13, 786, 39
13, 786, 51
14, 6, 18
14, 8, 29
14, 10, 23
14, 18, 20
14, 23, 24
14, 49, 25
14, 57, 38
14, 62, 33
14, 63, 57
14, 66, 40
14, 80, 14
14, 85, 39
14, 101, 37
14, 108, 39
14, 115, 13
14, 123, 3
14, 138, 44
14, 141, 51
14, 142, 33
14, 152, 1
14, 166, 28
14, 167, 38
14, 174, 25
14, 178, 18
14, 188, 30
14, 189, 33
14, 199, 24
14, 200, 20
14, 211, 35
14, 215, 26
14, 226, 14
14, 231, 40
14, 233, 23
14, 236, 50
14, 243, 13
14, 245, 57
14, 248, 3
14, 254, 48
14, 265, 29
14, 284, 23
14, 292, 26
14, 312, 28
14, 322, 33
14, 329, 37
14, 345, 37
14, 349, 24
14, 357, 44
14, 375, 25
14, 391, 51
14, 399, 18
14, 402, 40
14, 403, 20
14, 415, 57
14, 431, 35
14, 445, 50
14, 468, 50
14, 468, 57
14, 476, 14
14, 480, 20
14, 482, 39
14, 497, 48
14, 502, 18
14, 531, 39
14, 543, 30
14, 549, 29
14, 552, 39
14, 554, 38
14, 558, 33
14, 569, 40
14, 583, 50
14, 589, 28
14, 590, 57
14, 593, 26
14, 598, 23
14, 647, 35
14, 654, 13
14, 655, 37
14, 663, 25
14, 663, 51
14, 671, 24
14, 671, 44
14, 674, 55
14, 677, 23
14, 698, 26
14, 701, 14
14, 707, 18
14, 711, 50
14, 742, 40
14, 744, 20
14, 758, 48
14, 761, 30
14, 764, 3
14, 767, 35
14, 767, 39
15, 17, 16
15, 27, 45
15, 39, 56
15, 52, 62
15, 66, 18
15, 67, 52
15, 70, 58
15, 83, 3
15, 88, 34
15, 92, 1
15, 92, 43
15, 102, 30
15, 112, 19
15, 116, 32
15, 117, 45
15, 155, 56
15, 164, 43
15, 168, 12
15, 173, 2
15, 220, 30
15, 222, 7
15, 223, 26
15, 231, 10
15, 231, 28
15, 247, 16
15, 247, 34
15, 263, 16
15, 265, 32
15, 267, 18
15, 274, 52
15, 279, 62
15, 280, 24
15, 284, 51
15, 288, 35
15, 292, 58
15, 297, 5
15, 302, 46
15, 303, 19
15, 310, 24
15, 322, 48
15, 345, 55
15, 362, 45
15, 385, 26
15, 385, 32
15, 390, 56
15, 408, 30
15, 422, 16
15, 443, 24
15, 454, 26
15, 458, 40
15, 465, 28
15, 473, 50
15, 487, 18
15, 491, 16
15, 492, 3
15, 498, 35
15, 509, 7
15, 509, 24
15, 509, 43
15, 519, 51
15, 522, 52
15, 547, 1
15, 558, 55
15, 574, 7
15, 574, 19
15, 574, 35
15, 576, 2
15, 587, 12
15, 587, 45
15, 588, 58
15, 590, 40
15, 599, 48
15, 603, 19
15, 606, 52
15, 626, 34
15, 646, 19
15, 656, 30
15, 660, 32
15, 666, 46
15, 668, 55
15, 707, 51
15, 715, 16
15, 731, 26
15, 747, 7
15, 753, 10
15, 760, 2
15, 768, 50
15, 773, 24
15, 792, 52
15, 793, 3
15, 793, 43
15, 797, 32
15, 799, 5
16, 3, 53
16, 10, 12
16, 16, 63
16, 17, 43
16, 22, 46
16, 23, 14
16, 34, 6
16, 34, 26
16, 35, 30
16, 36, 2
16, 53, 10
16, 73, 52
16, 79, 31
16, 84, 10
16, 91, 19
16, 93, 39
16, 95, 53
16, 103, 37
16, 105, 23
16, 107, 21
16, 124, 12
16, 136, 49
16, 137, 33
16, 152, 47
16, 158, 30
16, 167, 58
16, 169, 14
16, 169, 28
16, 172, 20
16, 175, 14
16, 176, 63
16, 185, 53
16, 198, 33
16, 204, 55
16, 207, 51
16, 223, 34
16, 225, 10
16, 231, 14
16, 235, 21
16, 262, 2
16, 266, 14
16, 272, 56
16, 276, 26
16, 278, 38
16, 313, 31
16, 315, 4
16, 315, 6
16, 318, 14
16, 321, 53
16, 325, 61
16, 339, 19
16, 342, 53
16, 348, 49
16, 349, 28
16, 352, 26
16, 369, 37
16, 378, 51
16, 383, 63
16, 391, 58
16, 403, 19
16, 414, 12
16, 421, 51
16, 432, 21
16, 456, 46
16, 457, 39
16, 458, 30
16, 465, 56
16, 476, 46
16, 482, 49
16, 494, 43
16, 496, 49
16, 508, 21
16, 508, 26
16, 508, 34
16, 526, 14
16, 531, 33
16, 538, 34
16, 555, 6
16, 556, 52
16, 561, 52
16, 565, 43
16, 569, 61
16, 581, 23
16, 585, 12
16, 585, 53
16, 587, 28
16, 588, 2
16, 594, 38
16, 595, 17
16, 597, 37
16, 605, 55
16, 607, 20
16, 608, 28
16, 619, 49
16, 628, 58
16, 669, 4
16, 670, 31
16, 678, 63
16, 681, 46
16, 682, 47
16, 687, 2
16, 696, 14
16, 698, 33
16, 713, 17
16, 719, 21
16, 744, 12
16, 745, 26
16, 745, 28
16, 747, 53
16, 751, 19
16, 752, 47
16, 761, 6
16, 793, 53
17, 1, 59
17, 6, 3
17, 17, 32
17, 19, 10
17, 21, 35
17, 29, 34
17, 31, 23
17, 33, 38
17, 35, 52
17, 47, 29
17, 49, 55
17, 64, 47
17, 75, 62
17, 77, 2
17, 78, 59
17, 83, 57
17, 110, 27
17, 113, 25
17, 128, 10
17, 133, 31
17, 141, 11
17, 143, 29
17, 147, 21
17, 156, 52
17, 163, 34
17, 188, 8
17, 192, 32
17, 192, 45
17, 193, 9
17, 193, 47
17, 195, 40
17, 198, 1
17, 203, 6
17, 216, 47
17, 221, 9
17, 223, 11
17, 224, 17
17, 233, 47
17, 236, 55
17, 249, 12
17, 255, 15
17, 255, 28
17, 271, 25
17, 273, 7
17, 287, 2
17, 306, 10
17, 308, 23
17, 319, 59
17, 328, 11
17, 333, 8
17, 336, 29
17, 352, 35
17, 353, 55
17, 365, 39
17, 369, 21
17, 369, 62
17, 374, 31
17, 378, 29
17, 380, 31
17, 381, 50
17, 383, 11
17, 387, 55
17, 406, 8
17, 408, 39
17, 418, 32
17, 432, 25
17, 434, 34
17, 437, 45
17, 439, 34
17, 448, 28
17, 453, 35
17, 461, 38
17, 463, 47
17, 469, 52
17, 483, 45
17, 491, 57
17, 492, 9
17, 503, 6
17, 510, 31
17, 515, 40
17, 520, 47
17, 521, 17
17, 535, 3
17, 550, 29
17, 553, 62
17, 568, 12
17, 568, 47
17, 573, 59
17, 577, 21
17, 577, 39
17, 598, 50
17, 614, 1
17, 617, 10
17, 629, 38
17, 637, 32
17, 642, 17
17, 654, 27
17, 666, 2
17, 671, 55
17, 672, 45
17, 674, 28
17, 676, 7
17, 682, 35
17, 682, 52
17, 688, 23
17, 688, 40
17, 691, 8
17, 691, 34
17, 697, 3
17, 699, 57
17, 725, 31
17, 745, 6
17, 745, 29
17, 746, 52
17, 755, 9
17, 757, 11
17, 758, 32
17, 759, 12
17, 759, 57
17, 763, 1
17, 767, 47
18, 6, 17
18, 7, 55
18, 10, 20
18, 12, 46
18, 16, 7
18, 38, 25
18, 48, 22
18, 50, 15
18, 55, 39
18, 78, 7
18, 79, 3
18, 92, 2
18, 92, 16
18, 96, 43
18, 99, 54
18, 101, 12
18, 107, 60
18, 113, 34
18, 114, 5
18, 117, 45
18, 131, 37
18, 132, 2
18, 154, 25
18, 165, 14
18, 187, 50
18, 189, 26
18, 204, 55
18, 211, 20
18, 212, 45
18, 221, 15
18, 235, 34
18, 241, 20
18, 243, 39
18, 247, 42
18, 248, 46
18, 255, 25
18, 256, 57
18, 259, 7
18, 274, 43
18, 275, 22
18, 278, 7
18, 279, 64
18, 282, 8
18, 297, 17
18, 310, 62
18, 354, 60
18, 369, 45
18, 397, 25
18, 410, 16
18, 424, 54
18, 437, 42
18, 441, 50
18, 450, 24
18, 463, 46
18, 464, 62
18, 467, 26
18, 478, 43
18, 484, 25
18, 488, 22
18, 495, 34
18, 506, 8
18, 511, 39
18, 525, 20
18, 539, 7
18, 548, 12
18, 548, 55
18, 548, 60
18, 557, 50
18, 569, 14
18, 571, 17
18, 579, 3
18, 591, 15
18, 593, 20
18, 596, 64
18, 600, 5
18, 611, 37
18, 613, 45
18, 617, 54
18, 622, 16
18, 622, 55
18, 625, 10
18, 628, 62
18, 629, 24
18, 631, 46
18, 633, 57
18, 640, 20
18, 643, 42
18, 644, 2
18, 649, 43
18, 655, 25
18, 660, 17
18, 660, 37
18, 664, 34
18, 698, 64
18, 699, 12
18, 703, 8
18, 706, 3
18, 717, 2
18, 724, 60
18, 727, 54
18, 734, 46
18, 750, 12
18, 751, 5
18, 766, 42
18, 767, 20
18, 789, 43
18, 793, 8
19, 3, 38
19, 22, 35
19, 33, 23
19, 35, 7
19, 43, 45
19, 45, 1
19, 47, 48
19, 57, 33
19, 67, 58
19, 78, 42
19, 86, 26
19, 103, 16
19, 120, 60
19, 136, 23
19, 145, 4
19, 163, 52
19, 166, 21
19, 172, 38
19, 190, 32
19, 194, 42
19, 207, 48
19, 225, 7
19, 233, 55
19, 244, 39
19, 251, 45
19, 262, 52
19, 271, 33
19, 302, 35
19, 303, 52
19, 315, 27
19, 342, 7
19, 345, 55
19, 357, 48
19, 370, 26
19, 373, 38
19, 390, 58
19, 396, 21
19, 412, 42
19, 429, 23
19, 440, 55
19, 450, 39
19, 485, 45
19, 496, 60
19, 501, 32
19, 511, 1
19, 520, 38
19, 523, 52
19, 550, 16
19, 556, 45
19, 564, 42
19, 575, 4
19, 579, 52
19, 580, 60
19, 600, 35
19, 605, 7
19, 609, 4
19, 615, 33
19, 641, 16
19, 646, 23
19, 654, 7
19, 662, 60
19, 682, 27
19, 701, 27
19, 717, 21
19, 730, 52
19, 734, 42
19, 761, 58
19, 772, 55
19, 785, 42
19, 793, 48
19, 797, 7
