45, 91, 0
46, 91, 0
47, 91, 0
48, 91, 0
49, 91, 0
50, 91, 0
51, 89, 0
51, 90, 0
51, 91, 0
51, 91, 1
51, 92, 0
51, 93, 0
51, 94, 0
51, 95, 0
51, 96, 0
51, 97, 0
51, 98, 0
51, 99, 0
51, 100, 0
51, 101, 0
51, 102, 0
51, 103, 0
51, 104, 0
51, 105, 0
51, 106, 0
51, 107, 0
51, 108, 0
51, 109, 0
51, 110, 0
52, 87, 0
52, 88, 0
52, 89, 0
52, 90, 0
52, 91, 0
52, 92, 0
52, 93, 0
52, 94, 0
52, 95, 0
52, 96, 0
52, 97, 0
52, 98, 0
52, 99, 0
52, 100, 0
52, 101, 0
52, 102, 0
52, 103, 0
52, 104, 0
52, 105, 0
52, 106, 0
52, 107, 0
52, 108, 0
52, 109, 0
52, 110, 0
52, 111, 0
52, 112, 0
52, 113, 0
53, 83, 0
53, 84, 0
53, 85, 0
53, 86, 0
53, 87, 0
53, 88, 0
53, 89, 0
53, 90, 0
53, 91, 0
53, 92, 0
53, 93, 0
53, 94, 0
53, 95, 0
53, 96, 0
53, 97, 0
53, 98, 0
53, 99, 0
53, 100, 0
53, 101, 0
53, 102, 0
53, 103, 0
53, 104, 0
53, 105, 0
53, 106, 0
53, 107, 0
53, 108, 0
53, 109, 0
53, 110, 0
53, 111, 0
53, 112, 0
53, 113, 0
53, 114, 0
53, 115, 0
53, 116, 0
53, 117, 0
54, 81, 0
54, 82, 0
54, 83, 0
54, 84, 0
54, 85, 0
54, 86, 0
54, 87, 0
54, 88, 0
54, 89, 0
54, 90, 0
54, 91, 0
54, 92, 0
54, 93, 0
54, 94, 0
54, 95, 0
54, 96, 0
54, 97, 0
54, 98, 0
54, 99, 0
54, 100, 0
54, 101, 0
54, 102, 0
54, 103, 0
54, 104, 0
54, 105, 0
54, 106, 0
54, 107, 0
54, 108, 0
54, 109, 0
54, 110, 0
54, 111, 0
54, 112, 0
54, 113, 0
54, 114, 0
54, 115, 0
54, 116, 0
54, 117, 0
54, 118, 0
54, 119, 0
55, 79, 0
55, 80, 0
55, 81, 0
55, 82, 0
55, 83, 0
55, 84, 0
55, 85, 0
55, 86, 0
55, 87, 0
55, 88, 0
55, 89, 0
55, 90, 0
55, 91, 0
55, 92, 0
55, 93, 0
55, 94, 0
55, 95, 0
55, 96, 0
55, 97, 0
55, 98, 0
55, 99, 0
55, 100, 0
55, 101, 0
55, 102, 0
55, 103, 0
55, 104, 0
55, 105, 0
55, 106, 0
55, 107, 0
55, 108, 0
55, 109, 0
55, 110, 0
55, 111, 0
55, 112, 0
55, 113, 0
55, 114, 0
55, 115, 0
55, 116, 0
55, 117, 0
55, 118, 0
55, 119, 0
55, 120, 0
55, 121, 0
56, 77, 0
56, 78, 0
56, 79, 0
56, 80, 0
56, 81, 0
56, 82, 0
56, 83, 0
56, 84, 0
56, 85, 0
56, 86, 0
56, 87, 0
56, 88, 0
56, 89, 0
56, 90, 0
56, 91, 0
56, 92, 0
56, 93, 0
56, 94, 0
56, 95, 0
56, 96, 0
56, 97, 0
56, 98, 0
56, 99, 0
56, 100, 0
56, 101, 0
56, 102, 0
56, 103, 0
56, 104, 0
56, 105, 0
56, 106, 0
56, 107, 0
56, 108, 0
56, 109, 0
56, 110, 0
56, 111, 0
56, 112, 0
56, 113, 0
56, 114, 0
56, 115, 0
56, 116, 0
56, 117, 0
56, 118, 0
56, 119, 0
56, 120, 0
56, 121, 0
56, 122, 0
56, 123, 0
57, 75, 0
57, 76, 0
57, 77, 0
57, 78, 0
57, 79, 0
57, 80, 0
57, 81, 0
57, 82, 0
57, 83, 0
57, 84, 0
57, 85, 0
57, 86, 0
57, 87, 0
57, 88, 0
57, 89, 0
57, 90, 0
57, 91, 0
57, 92, 0
57, 93, 0
57, 94, 0
57, 95, 0
57, 96, 0
57, 97, 0
57, 98, 0
57, 99, 0
57, 100, 0
57, 101, 0
57, 102, 0
57, 103, 0
57, 104, 0
57, 105, 0
57, 106, 0
57, 107, 0
57, 108, 0
57, 109, 0
57, 110, 0
57, 111, 0
57, 112, 0
57, 113, 0
57, 114, 0
57, 115, 0
57, 116, 0
57, 117, 0
57, 118, 0
57, 119, 0
57, 120, 0
57, 121, 0
57, 122, 0
57, 123, 0
57, 124, 0
57, 125, 0
58, 73, 0
58, 74, 0
58, 75, 0
58, 76, 0
58, 77, 0
58, 78, 0
58, 79, 0
58, 80, 0
58, 81, 0
58, 82, 0
58, 83, 0
58, 84, 0
58, 85, 0
58, 86, 0
58, 87, 0
58, 88, 0
58, 89, 0
58, 90, 0
58, 91, 0
58, 92, 0
58, 93, 0
58, 94, 0
58, 95, 0
58, 96, 0
58, 97, 0
58, 98, 0
58, 99, 0
58, 100, 0
58, 101, 0
58, 102, 0
58, 103, 0
58, 104, 0
58, 105, 0
58, 106, 0
58, 107, 0
58, 108, 0
58, 109, 0
58, 110, 0
58, 111, 0
58, 112, 0
58, 113, 0
58, 114, 0
58, 115, 0
58, 116, 0
58, 117, 0
58, 118, 0
58, 119, 0
58, 120, 0
58, 121, 0
58, 122, 0
58, 123, 0
58, 124, 0
58, 125, 0
58, 126, 0
58, 127, 0
59, 72, 0
59, 73, 0
59, 74, 0
59, 75, 0
59, 76, 0
59, 77, 0
59, 78, 0
59, 79, 0
59, 80, 0
59, 81, 0
59, 82, 0
59, 83, 0
59, 84, 0
59, 85, 0
59, 86, 0
59, 87, 0
59, 88, 0
59, 89, 0
59, 90, 0
59, 91, 0
59, 92, 0
59, 93, 0
59, 94, 0
59, 95, 0
59, 96, 0
59, 97, 0
59, 98, 0
59, 99, 0
59, 100, 0
59, 101, 0
59, 102, 0
59, 103, 0
59, 104, 0
59, 105, 0
59, 106, 0
59, 107, 0
59, 108, 0
59, 109, 0
59, 110, 0
59, 111, 0
59, 112, 0
59, 113, 0
59, 114, 0
59, 115, 0
59, 116, 0
59, 117, 0
59, 118, 0
59, 119, 0
59, 120, 0
59, 121, 0
59, 122, 0
59, 123, 0
59, 124, 0
59, 125, 0
59, 126, 0
59, 127, 0
59, 128, 0
60, 71, 0
60, 72, 0
60, 73, 0
60, 74, 0
60, 75, 0
60, 76, 0
60, 77, 0
60, 78, 0
60, 79, 0
60, 80, 0
60, 81, 0
60, 82, 0
60, 83, 0
60, 84, 0
60, 85, 0
60, 86, 0
60, 87, 0
60, 88, 0
60, 89, 0
60, 90, 0
60, 91, 0
60, 92, 0
60, 93, 0
60, 94, 0
60, 95, 0
60, 96, 0
60, 97, 0
60, 98, 0
60, 99, 0
60, 100, 0
60, 101, 0
60, 102, 0
60, 103, 0
60, 104, 0
60, 105, 0
60, 106, 0
60, 107, 0
60, 108, 0
60, 109, 0
60, 110, 0
60, 111, 0
60, 112, 0
60, 113, 0
60, 114, 0
60, 115, 0
60, 116, 0
60, 117, 0
60, 118, 0
60, 119, 0
60, 120, 0
60, 121, 0
60, 122, 0
60, 123, 0
60, 124, 0
60, 125, 0
60, 126, 0
60, 127, 0
60, 128, 0
60, 129, 0
61, 69, 0
61, 70, 0
61, 71, 0
61, 72, 0
61, 73, 0
61, 74, 0
61, 75, 0
61, 76, 0
61, 77, 0
61, 78, 0
61, 79, 0
61, 80, 0
61, 81, 0
61, 82, 0
61, 83, 0
61, 84, 0
61, 85, 0
61, 86, 0
61, 87, 0
61, 88, 0
61, 89, 0
61, 90, 0
61, 91, 0
61, 92, 0
61, 93, 0
61, 94, 0
61, 95, 0
61, 96, 0
61, 97, 0
61, 98, 0
61, 99, 0
61, 100, 0
61, 101, 0
61, 102, 0
61, 103, 0
61, 104, 0
61, 105, 0
61, 106, 0
61, 107, 0
61, 108, 0
61, 109, 0
61, 110, 0
61, 111, 0
61, 112, 0
61, 113, 0
61, 114, 0
61, 115, 0
61, 116, 0
61, 117, 0
61, 118, 0
61, 119, 0
61, 120, 0
61, 121, 0
61, 122, 0
61, 123, 0
61, 124, 0
61, 125, 0
61, 126, 0
61, 127, 0
61, 128, 0
61, 129, 0
61, 130, 0
61, 131, 0
62, 68, 0
62, 69, 0
62, 70, 0
62, 71, 0
62, 72, 0
62, 73, 0
62, 74, 0
62, 75, 0
62, 76, 0
62, 77, 0
62, 78, 0
62, 79, 0
62, 80, 0
62, 81, 0
62, 82, 0
62, 83, 0
62, 84, 0
62, 85, 0
62, 86, 0
62, 87, 0
62, 88, 0
62, 89, 0
62, 90, 0
62, 91, 0
62, 92, 0
62, 93, 0
62, 94, 0
62, 95, 0
62, 96, 0
62, 97, 0
62, 98, 0
62, 99, 0
62, 100, 0
62, 101, 0
62, 102, 0
62, 103, 0
62, 104, 0
62, 105, 0
62, 106, 0
62, 107, 0
62, 108, 0
62, 109, 0
62, 110, 0
62, 111, 0
62, 112, 0
62, 113, 0
62, 114, 0
62, 115, 0
62, 116, 0
62, 117, 0
62, 118, 0
62, 119, 0
62, 120, 0
62, 121, 0
62, 122, 0
62, 123, 0
62, 124, 0
62, 125, 0
62, 126, 0
62, 127, 0
62, 128, 0
62, 129, 0
62, 130, 0
62, 131, 0
62, 132, 0
63, 67, 0
63, 68, 0
63, 69, 0
63, 70, 0
63, 71, 0
63, 72, 0
63, 73, 0
63, 74, 0
63, 75, 0
63, 76, 0
63, 77, 0
63, 78, 0
63, 79, 0
63, 80, 0
63, 81, 0
63, 82, 0
63, 83, 0
63, 84, 0
63, 85, 0
63, 86, 0
63, 87, 0
63, 88, 0
63, 89, 0
63, 90, 0
63, 91, 0
63, 92, 0
63, 93, 0
63, 94, 0
63, 95, 0
63, 96, 0
63, 97, 0
63, 98, 0
63, 99, 0
63, 100, 0
63, 101, 0
63, 102, 0
63, 103, 0
63, 104, 0
63, 105, 0
63, 106, 0
63, 107, 0
63, 108, 0
63, 109, 0
63, 110, 0
63, 111, 0
63, 112, 0
63, 113, 0
63, 114, 0
63, 115, 0
63, 116, 0
63, 117, 0
63, 118, 0
63, 119, 0
63, 120, 0
63, 121, 0
63, 122, 0
63, 123, 0
63, 124, 0
63, 125, 0
63, 126, 0
63, 127, 0
63, 128, 0
63, 129, 0
63, 130, 0
63, 131, 0
63, 132, 0
63, 133, 0
64, 66, 0
64, 67, 0
64, 68, 0
64, 69, 0
64, 70, 0
64, 71, 0
64, 72, 0
64, 73, 0
64, 74, 0
64, 75, 0
64, 76, 0
64, 77, 0
64, 78, 0
64, 79, 0
64, 80, 0
64, 81, 0
64, 82, 0
64, 83, 0
64, 84, 0
64, 85, 0
64, 86, 0
64, 87, 0
64, 88, 0
64, 89, 0
64, 90, 0
64, 91, 0
64, 92, 0
64, 93, 0
64, 94, 0
64, 95, 0
64, 96, 0
64, 97, 0
64, 98, 0
64, 99, 0
64, 100, 0
64, 101, 0
64, 102, 0
64, 103, 0
64, 104, 0
64, 105, 0
64, 106, 0
64, 107, 0
64, 108, 0
64, 109, 0
64, 110, 0
64, 111, 0
64, 112, 0
64, 113, 0
64, 114, 0
64, 115, 0
64, 116, 0
64, 117, 0
64, 118, 0
64, 119, 0
64, 120, 0
64, 121, 0
64, 122, 0
64, 123, 0
64, 124, 0
64, 125, 0
64, 126, 0
64, 127, 0
64, 128, 0
64, 129, 0
64, 130, 0
64, 131, 0
64, 132, 0
64, 133, 0
64, 134, 0
65, 65, 0
65, 66, 0
65, 67, 0
65, 68, 0
65, 69, 0
65, 70, 0
65, 71, 0
65, 72, 0
65, 73, 0
65, 74, 0
65, 75, 0
65, 76, 0
65, 77, 0
65, 78, 0
65, 79, 0
65, 80, 0
65, 81, 0
65, 82, 0
65, 83, 0
65, 84, 0
65, 85, 0
65, 86, 0
65, 87, 0
65, 88, 0
65, 89, 0
65, 90, 0
65, 91, 0
65, 92, 0
65, 93, 0
65, 94, 0
65, 95, 0
65, 96, 0
65, 97, 0
65, 98, 0
65, 99, 0
65, 100, 0
65, 101, 0
65, 102, 0
65, 103, 0
65, 104, 0
65, 105, 0
65, 106, 0
65, 107, 0
65, 108, 0
65, 109, 0
65, 110, 0
65, 111, 0
65, 112, 0
65, 113, 0
65, 114, 0
65, 115, 0
65, 116, 0
65, 117, 0
65, 118, 0
65, 119, 0
65, 120, 0
65, 121, 0
65, 122, 0
65, 123, 0
65, 124, 0
65, 125, 0
65, 126, 0
65, 127, 0
65, 128, 0
65, 129, 0
65, 130, 0
65, 131, 0
65, 132, 0
65, 133, 0
65, 134, 0
65, 135, 0
66, 64, 0
66, 65, 0
66, 66, 0
66, 67, 0
66, 68, 0
66, 69, 0
66, 70, 0
66, 71, 0
66, 72, 0
66, 73, 0
66, 74, 0
66, 75, 0
66, 76, 0
66, 77, 0
66, 78, 0
66, 79, 0
66, 80, 0
66, 81, 0
66, 82, 0
66, 83, 0
66, 84, 0
66, 85, 0
66, 86, 0
66, 87, 0
66, 88, 0
66, 89, 0
66, 90, 0
66, 91, 0
66, 92, 0
66, 93, 0
66, 94, 0
66, 95, 0
66, 96, 0
66, 97, 0
66, 98, 0
66, 99, 0
66, 100, 0
66, 101, 0
66, 102, 0
66, 103, 0
66, 104, 0
66, 105, 0
66, 106, 0
66, 107, 0
66, 108, 0
66, 109, 0
66, 110, 0
66, 111, 0
66, 112, 0
66, 113, 0
66, 114, 0
66, 115, 0
66, 116, 0
66, 117, 0
66, 118, 0
66, 119, 0
66, 120, 0
66, 121, 0
66, 122, 0
66, 123, 0
66, 124, 0
66, 125, 0
66, 126, 0
66, 127, 0
66, 128, 0
66, 129, 0
66, 130, 0
66, 131, 0
66, 132, 0
66, 133, 0
66, 134, 0
66, 135, 0
66, 136, 0
67, 63, 0
67, 64, 0
67, 65, 0
67, 66, 0
67, 67, 0
67, 68, 0
67, 69, 0
67, 70, 0
67, 71, 0
67, 72, 0
67, 73, 0
67, 74, 0
67, 75, 0
67, 76, 0
67, 77, 0
67, 78, 0
67, 79, 0
67, 80, 0
67, 81, 0
67, 82, 0
67, 83, 0
67, 84, 0
67, 85, 0
67, 86, 0
67, 87, 0
67, 88, 0
67, 89, 0
67, 90, 0
67, 91, 0
67, 92, 0
67, 93, 0
67, 94, 0
67, 95, 0
67, 96, 0
67, 97, 0
67, 98, 0
67, 99, 0
67, 100, 0
67, 101, 0
67, 102, 0
67, 103, 0
67, 104, 0
67, 105, 0
67, 106, 0
67, 107, 0
67, 108, 0
67, 109, 0
67, 110, 0
67, 111, 0
67, 112, 0
67, 113, 0
67, 114, 0
67, 115, 0
67, 116, 0
67, 117, 0
67, 118, 0
67, 119, 0
67, 120, 0
67, 121, 0
67, 122, 0
67, 123, 0
67, 124, 0
67, 125, 0
67, 126, 0
67, 127, 0
67, 128, 0
67, 129, 0
67, 130, 0
67, 131, 0
67, 132, 0
67, 133, 0
67, 134, 0
67, 135, 0
67, 136, 0
67, 137, 0
68, 62, 0
68, 63, 0
68, 64, 0
68, 65, 0
68, 66, 0
68, 67, 0
68, 68, 0
68, 69, 0
68, 70, 0
68, 71, 0
68, 72, 0
68, 73, 0
68, 74, 0
68, 75, 0
68, 76, 0
68, 77, 0
68, 78, 0
68, 79, 0
68, 80, 0
68, 81, 0
68, 82, 0
68, 83, 0
68, 84, 0
68, 85, 0
68, 86, 0
68, 87, 0
68, 88, 0
68, 89, 0
68, 90, 0
68, 91, 0
68, 92, 0
68, 93, 0
68, 94, 0
68, 95, 0
68, 96, 0
68, 97, 0
68, 98, 0
68, 99, 0
68, 100, 0
68, 101, 0
68, 102, 0
68, 103, 0
68, 104, 0
68, 105, 0
68, 106, 0
68, 107, 0
68, 108, 0
68, 109, 0
68, 110, 0
68, 111, 0
68, 112, 0
68, 113, 0
68, 114, 0
68, 115, 0
68, 116, 0
68, 117, 0
68, 118, 0
68, 119, 0
68, 120, 0
68, 121, 0
68, 122, 0
68, 123, 0
68, 124, 0
68, 125, 0
68, 126, 0
68, 127, 0
68, 128, 0
68, 129, 0
68, 130, 0
68, 131, 0
68, 132, 0
68, 133, 0
68, 134, 0
68, 135, 0
68, 136, 0
68, 137, 0
68, 138, 0
69, 61, 0
69, 62, 0
69, 63, 0
69, 64, 0
69, 65, 0
69, 66, 0
69, 67, 0
69, 68, 0
69, 69, 0
69, 70, 0
69, 71, 0
69, 72, 0
69, 73, 0
69, 74, 0
69, 75, 0
69, 76, 0
69, 77, 0
69, 78, 0
69, 79, 0
69, 80, 0
69, 81, 0
69, 82, 0
69, 83, 0
69, 84, 0
69, 85, 0
69, 86, 0
69, 87, 0
69, 88, 0
69, 89, 0
69, 90, 0
69, 91, 0
69, 92, 0
69, 93, 0
69, 94, 0
69, 95, 0
69, 96, 0
69, 97, 0
69, 98, 0
69, 99, 0
69, 100, 0
69, 101, 0
69, 102, 0
69, 103, 0
69, 104, 0
69, 105, 0
69, 106, 0
69, 107, 0
69, 108, 0
69, 109, 0
69, 110, 0
69, 111, 0
69, 112, 0
69, 113, 0
69, 114, 0
69, 115, 0
69, 116, 0
69, 117, 0
69, 118, 0
69, 119, 0
69, 120, 0
69, 121, 0
69, 122, 0
69, 123, 0
69, 124, 0
69, 125, 0
69, 126, 0
69, 127, 0
69, 128, 0
69, 129, 0
69, 130, 0
69, 131, 0
69, 132, 0
69, 133, 0
69, 134, 0
69, 135, 0
69, 136, 0
69, 137, 0
69, 138, 0
69, 139, 0
70, 61, 0
70, 62, 0
70, 63, 0
70, 64, 0
70, 65, 0
70, 66, 0
70, 67, 0
70, 68, 0
70, 69, 0
70, 70, 0
70, 71, 0
70, 72, 0
70, 73, 0
70, 74, 0
70, 75, 0
70, 76, 0
70, 77, 0
70, 78, 0
70, 79, 0
70, 80, 0
70, 81, 0
70, 82, 0
70, 83, 0
70, 84, 0
70, 85, 0
70, 86, 0
70, 87, 0
70, 88, 0
70, 89, 0
70, 90, 0
70, 91, 0
70, 92, 0
70, 93, 0
70, 94, 0
70, 95, 0
70, 96, 0
70, 97, 0
70, 98, 0
70, 99, 0
70, 100, 0
70, 101, 0
70, 102, 0
70, 103, 0
70, 104, 0
70, 105, 0
70, 106, 0
70, 107, 0
70, 108, 0
70, 109, 0
70, 110, 0
70, 111, 0
70, 112, 0
70, 113, 0
70, 114, 0
70, 115, 0
70, 116, 0
70, 117, 0
70, 118, 0
70, 119, 0
70, 120, 0
70, 121, 0
70, 122, 0
70, 123, 0
70, 124, 0
70, 125, 0
70, 126, 0
70, 127, 0
70, 128, 0
70, 129, 0
70, 130, 0
70, 131, 0
70, 132, 0
70, 133, 0
70, 134, 0
70, 135, 0
70, 136, 0
70, 137, 0
70, 138, 0
70, 139, 0
71, 60, 0
71, 61, 0
71, 62, 0
71, 63, 0
71, 64, 0
71, 65, 0
71, 66, 0
71, 67, 0
71, 68, 0
71, 69, 0
71, 70, 0
71, 71, 0
71, 72, 0
71, 73, 0
71, 74, 0
71, 75, 0
71, 76, 0
71, 77, 0
71, 78, 0
71, 79, 0
71, 80, 0
71, 81, 0
71, 82, 0
71, 83, 0
71, 84, 0
71, 85, 0
71, 86, 0
71, 87, 0
71, 88, 0
71, 89, 0
71, 90, 0
71, 91, 0
71, 92, 0
71, 93, 0
71, 94, 0
71, 95, 0
71, 96, 0
71, 97, 0
71, 98, 0
71, 99, 0
71, 100, 0
71, 101, 0
71, 102, 0
71, 103, 0
71, 104, 0
71, 105, 0
71, 106, 0
71, 107, 0
71, 108, 0
71, 109, 0
71, 110, 0
71, 111, 0
71, 112, 0
71, 113, 0
71, 114, 0
71, 115, 0
71, 116, 0
71, 117, 0
71, 118, 0
71, 119, 0
71, 120, 0
71, 121, 0
71, 122, 0
71, 123, 0
71, 124, 0
71, 125, 0
71, 126, 0
71, 127, 0
71, 128, 0
71, 129, 0
71, 130, 0
71, 131, 0
71, 132, 0
71, 133, 0
71, 134, 0
71, 135, 0
71, 136, 0
71, 137, 0
71, 138, 0
71, 139, 0
71, 140, 0
72, 59, 0
72, 60, 0
72, 61, 0
72, 62, 0
72, 63, 0
72, 64, 0
72, 65, 0
72, 66, 0
72, 67, 0
72, 68, 0
72, 69, 0
72, 70, 0
72, 71, 0
72, 72, 0
72, 73, 0
72, 74, 0
72, 75, 0
72, 76, 0
72, 77, 0
72, 78, 0
72, 79, 0
72, 80, 0
72, 81, 0
72, 82, 0
72, 83, 0
72, 84, 0
72, 85, 0
72, 86, 0
72, 87, 0
72, 88, 0
72, 89, 0
72, 90, 0
72, 91, 0
72, 92, 0
72, 93, 0
72, 94, 0
72, 95, 0
72, 96, 0
72, 97, 0
72, 98, 0
72, 99, 0
72, 100, 0
72, 101, 0
72, 102, 0
72, 103, 0
72, 104, 0
72, 105, 0
72, 106, 0
72, 107, 0
72, 108, 0
72, 109, 0
72, 110, 0
72, 111, 0
72, 112, 0
72, 113, 0
72, 114, 0
72, 115, 0
72, 116, 0
72, 117, 0
72, 118, 0
72, 119, 0
72, 120, 0
72, 121, 0
72, 122, 0
72, 123, 0
72, 124, 0
72, 125, 0
72, 126, 0
72, 127, 0
72, 128, 0
72, 129, 0
72, 130, 0
72, 131, 0
72, 132, 0
72, 133, 0
72, 134, 0
72, 135, 0
72, 136, 0
72, 137, 0
72, 138, 0
72, 139, 0
72, 140, 0
72, 141, 0
73, 58, 0
73, 59, 0
73, 60, 0
73, 61, 0
73, 62, 0
73, 63, 0
73, 64, 0
73, 65, 0
73, 66, 0
73, 67, 0
73, 68, 0
73, 69, 0
73, 70, 0
73, 71, 0
73, 72, 0
73, 73, 0
73, 74, 0
73, 75, 0
73, 76, 0
73, 77, 0
73, 78, 0
73, 79, 0
73, 80, 0
73, 81, 0
73, 82, 0
73, 83, 0
73, 84, 0
73, 85, 0
73, 86, 0
73, 87, 0
73, 88, 0
73, 89, 0
73, 90, 0
73, 91, 0
73, 92, 0
73, 93, 0
73, 94, 0
73, 95, 0
73, 96, 0
73, 97, 0
73, 98, 0
73, 99, 0
73, 100, 0
73, 101, 0
73, 102, 0
73, 103, 0
73, 104, 0
73, 105, 0
73, 106, 0
73, 107, 0
73, 108, 0
73, 109, 0
73, 110, 0
73, 111, 0
73, 112, 0
73, 113, 0
73, 114, 0
73, 115, 0
73, 116, 0
73, 117, 0
73, 118, 0
73, 119, 0
73, 120, 0
73, 121, 0
73, 122, 0
73, 123, 0
73, 124, 0
73, 125, 0
73, 126, 0
73, 127, 0
73, 128, 0
73, 129, 0
73, 130, 0
73, 131, 0
73, 132, 0
73, 133, 0
73, 134, 0
73, 135, 0
73, 136, 0
73, 137, 0
73, 138, 0
73, 139, 0
73, 140, 0
73, 141, 0
73, 142, 0
74, 58, 0
74, 59, 0
74, 60, 0
74, 61, 0
74, 62, 0
74, 63, 0
74, 64, 0
74, 65, 0
74, 66, 0
74, 67, 0
74, 68, 0
74, 69, 0
74, 70, 0
74, 71, 0
74, 72, 0
74, 73, 0
74, 74, 0
74, 75, 0
74, 76, 0
74, 77, 0
74, 78, 0
74, 79, 0
74, 80, 0
74, 81, 0
74, 82, 0
74, 83, 0
74, 84, 0
74, 85, 0
74, 86, 0
74, 87, 0
74, 88, 0
74, 89, 0
74, 90, 0
74, 91, 0
74, 92, 0
74, 93, 0
74, 94, 0
74, 95, 0
74, 96, 0
74, 97, 0
74, 98, 0
74, 99, 0
74, 100, 0
74, 101, 0
74, 102, 0
74, 103, 0
74, 104, 0
74, 105, 0
74, 106, 0
74, 107, 0
74, 108, 0
74, 109, 0
74, 110, 0
74, 111, 0
74, 112, 0
74, 113, 0
74, 114, 0
74, 115, 0
74, 116, 0
74, 117, 0
74, 118, 0
74, 119, 0
74, 120, 0
74, 121, 0
74, 122, 0
74, 123, 0
74, 124, 0
74, 125, 0
74, 126, 0
74, 127, 0
74, 128, 0
74, 129, 0
74, 130, 0
74, 131, 0
74, 132, 0
74, 133, 0
74, 134, 0
74, 135, 0
74, 136, 0
74, 137, 0
74, 138, 0
74, 139, 0
74, 140, 0
74, 141, 0
74, 142, 0
75, 57, 0
75, 58, 0
75, 59, 0
75, 60, 0
75, 61, 0
75, 62, 0
75, 63, 0
75, 64, 0
75, 65, 0
75, 66, 0
75, 67, 0
75, 68, 0
75, 69, 0
75, 70, 0
75, 71, 0
75, 72, 0
75, 73, 0
75, 74, 0
75, 75, 0
75, 76, 0
75, 77, 0
75, 78, 0
75, 79, 0
75, 80, 0
75, 81, 0
75, 82, 0
75, 83, 0
75, 84, 0
75, 85, 0
75, 86, 0
75, 87, 0
75, 88, 0
75, 89, 0
75, 90, 0
75, 91, 0
75, 92, 0
75, 93, 0
75, 94, 0
75, 95, 0
75, 96, 0
75, 97, 0
75, 98, 0
75, 99, 0
75, 100, 0
75, 101, 0
75, 102, 0
75, 103, 0
75, 104, 0
75, 105, 0
75, 106, 0
75, 107, 0
75, 108, 0
75, 109, 0
75, 110, 0
75, 111, 0
75, 112, 0
75, 113, 0
75, 114, 0
75, 115, 0
75, 116, 0
75, 117, 0
75, 118, 0
75, 119, 0
75, 120, 0
75, 121, 0
75, 122, 0
75, 123, 0
75, 124, 0
75, 125, 0
75, 126, 0
75, 127, 0
75, 128, 0
75, 129, 0
75, 130, 0
75, 131, 0
75, 132, 0
75, 133, 0
75, 134, 0
75, 135, 0
75, 136, 0
75, 137, 0
75, 138, 0
75, 139, 0
75, 140, 0
75, 141, 0
75, 142, 0
75, 143, 0
76, 57, 0
76, 58, 0
76, 59, 0
76, 60, 0
76, 61, 0
76, 62, 0
76, 63, 0
76, 64, 0
76, 65, 0
76, 66, 0
76, 67, 0
76, 68, 0
76, 69, 0
76, 70, 0
76, 71, 0
76, 72, 0
76, 73, 0
76, 74, 0
76, 75, 0
76, 76, 0
76, 77, 0
76, 78, 0
76, 79, 0
76, 80, 0
76, 81, 0
76, 82, 0
76, 83, 0
76, 84, 0
76, 85, 0
76, 86, 0
76, 87, 0
76, 88, 0
76, 89, 0
76, 90, 0
76, 91, 0
76, 92, 0
76, 93, 0
76, 94, 0
76, 95, 0
76, 96, 0
76, 97, 0
76, 98, 0
76, 99, 0
76, 100, 0
76, 101, 0
76, 102, 0
76, 103, 0
76, 104, 0
76, 105, 0
76, 106, 0
76, 107, 0
76, 108, 0
76, 109, 0
76, 110, 0
76, 111, 0
76, 112, 0
76, 113, 0
76, 114, 0
76, 115, 0
76, 116, 0
76, 117, 0
76, 118, 0
76, 119, 0
76, 120, 0
76, 121, 0
76, 122, 0
76, 123, 0
76, 124, 0
76, 125, 0
76, 126, 0
76, 127, 0
76, 128, 0
76, 129, 0
76, 130, 0
76, 131, 0
76, 132, 0
76, 133, 0
76, 134, 0
76, 135, 0
76, 136, 0
76, 137, 0
76, 138, 0
76, 139, 0
76, 140, 0
76, 141, 0
76, 142, 0
76, 143, 0
77, 56, 0
77, 57, 0
77, 58, 0
77, 59, 0
77, 60, 0
77, 61, 0
77, 62, 0
77, 63, 0
77, 64, 0
77, 65, 0
77, 66, 0
77, 67, 0
77, 68, 0
77, 69, 0
77, 70, 0
77, 71, 0
77, 72, 0
77, 73, 0
77, 74, 0
77, 75, 0
77, 76, 0
77, 77, 0
77, 78, 0
77, 79, 0
77, 80, 0
77, 81, 0
77, 82, 0
77, 83, 0
77, 84, 0
77, 85, 0
77, 86, 0
77, 87, 0
77, 88, 0
77, 89, 0
77, 90, 0
77, 91, 0
77, 92, 0
77, 93, 0
77, 94, 0
77, 95, 0
77, 96, 0
77, 97, 0
77, 98, 0
77, 99, 0
77, 100, 0
77, 101, 0
77, 102, 0
77, 103, 0
77, 104, 0
77, 105, 0
77, 106, 0
77, 107, 0
77, 108, 0
77, 109, 0
77, 110, 0
77, 111, 0
77, 112, 0
77, 113, 0
77, 114, 0
77, 115, 0
77, 116, 0
77, 117, 0
77, 118, 0
77, 119, 0
77, 120, 0
77, 121, 0
77, 122, 0
77, 123, 0
77, 124, 0
77, 125, 0
77, 126, 0
77, 127, 0
77, 128, 0
77, 129, 0
77, 130, 0
77, 131, 0
77, 132, 0
77, 133, 0
77, 134, 0
77, 135, 0
77, 136, 0
77, 137, 0
77, 138, 0
77, 139, 0
77, 140, 0
77, 141, 0
77, 142, 0
77, 143, 0
77, 144, 0
78, 56, 0
78, 57, 0
78, 58, 0
78, 59, 0
78, 60, 0
78, 61, 0
78, 62, 0
78, 63, 0
78, 64, 0
78, 65, 0
78, 66, 0
78, 67, 0
78, 68, 0
78, 69, 0
78, 70, 0
78, 71, 0
78, 72, 0
78, 73, 0
78, 74, 0
78, 75, 0
78, 76, 0
78, 77, 0
78, 78, 0
78, 79, 0
78, 80, 0
78, 81, 0
78, 82, 0
78, 83, 0
78, 84, 0
78, 85, 0
78, 86, 0
78, 87, 0
78, 88, 0
78, 89, 0
78, 90, 0
78, 91, 0
78, 92, 0
78, 93, 0
78, 94, 0
78, 95, 0
78, 96, 0
78, 97, 0
78, 98, 0
78, 99, 0
78, 100, 0
78, 101, 0
78, 102, 0
78, 103, 0
78, 104, 0
78, 105, 0
78, 106, 0
78, 107, 0
78, 108, 0
78, 109, 0
78, 110, 0
78, 111, 0
78, 112, 0
78, 113, 0
78, 114, 0
78, 115, 0
78, 116, 0
78, 117, 0
78, 118, 0
78, 119, 0
78, 120, 0
78, 121, 0
78, 122, 0
78, 123, 0
78, 124, 0
78, 125, 0
78, 126, 0
78, 127, 0
78, 128, 0
78, 129, 0
78, 130, 0
78, 131, 0
78, 132, 0
78, 133, 0
78, 134, 0
78, 135, 0
78, 136, 0
78, 137, 0
78, 138, 0
78, 139, 0
78, 140, 0
78, 141, 0
78, 142, 0
78, 143, 0
78, 144, 0
79, 55, 0
79, 56, 0
79, 57, 0
79, 58, 0
79, 59, 0
79, 60, 0
79, 61, 0
79, 62, 0
79, 63, 0
79, 64, 0
79, 65, 0
79, 66, 0
79, 67, 0
79, 68, 0
79, 69, 0
79, 70, 0
79, 71, 0
79, 72, 0
79, 73, 0
79, 74, 0
79, 75, 0
79, 76, 0
79, 77, 0
79, 78, 0
79, 79, 0
79, 80, 0
79, 81, 0
79, 82, 0
79, 83, 0
79, 84, 0
79, 85, 0
79, 86, 0
79, 87, 0
79, 88, 0
79, 89, 0
79, 90, 0
79, 91, 0
79, 92, 0
79, 93, 0
79, 94, 0
79, 95, 0
79, 96, 0
79, 97, 0
79, 98, 0
79, 99, 0
79, 100, 0
79, 101, 0
79, 102, 0
79, 103, 0
79, 104, 0
79, 105, 0
79, 106, 0
79, 107, 0
79, 108, 0
79, 109, 0
79, 110, 0
79, 111, 0
79, 112, 0
79, 113, 0
79, 114, 0
79, 115, 0
79, 116, 0
79, 117, 0
79, 118, 0
79, 119, 0
79, 120, 0
79, 121, 0
79, 122, 0
79, 123, 0
79, 124, 0
79, 125, 0
79, 126, 0
79, 127, 0
79, 128, 0
79, 129, 0
79, 130, 0
79, 131, 0
79, 132, 0
79, 133, 0
79, 134, 0
79, 135, 0
79, 136, 0
79, 137, 0
79, 138, 0
79, 139, 0
79, 140, 0
79, 141, 0
79, 142, 0
79, 143, 0
79, 144, 0
79, 145, 0
80, 55, 0
80, 56, 0
80, 57, 0
80, 58, 0
80, 59, 0
80, 60, 0
80, 61, 0
80, 62, 0
80, 63, 0
80, 64, 0
80, 65, 0
80, 66, 0
80, 67, 0
80, 68, 0
80, 69, 0
80, 70, 0
80, 71, 0
80, 72, 0
80, 73, 0
80, 74, 0
80, 75, 0
80, 76, 0
80, 77, 0
80, 78, 0
80, 79, 0
80, 80, 0
80, 81, 0
80, 82, 0
80, 83, 0
80, 84, 0
80, 85, 0
80, 86, 0
80, 87, 0
80, 88, 0
80, 89, 0
80, 90, 0
80, 91, 0
80, 92, 0
80, 93, 0
80, 94, 0
80, 95, 0
80, 96, 0
80, 97, 0
80, 98, 0
80, 99, 0
80, 100, 0
80, 101, 0
80, 102, 0
80, 103, 0
80, 104, 0
80, 105, 0
80, 106, 0
80, 107, 0
80, 108, 0
80, 109, 0
80, 110, 0
80, 111, 0
80, 112, 0
80, 113, 0
80, 114, 0
80, 115, 0
80, 116, 0
80, 117, 0
80, 118, 0
80, 119, 0
80, 120, 0
80, 121, 0
80, 122, 0
80, 123, 0
80, 124, 0
80, 125, 0
80, 126, 0
80, 127, 0
80, 128, 0
80, 129, 0
80, 130, 0
80, 131, 0
80, 132, 0
80, 133, 0
80, 134, 0
80, 135, 0
80, 136, 0
80, 137, 0
80, 138, 0
80, 139, 0
80, 140, 0
80, 141, 0
80, 142, 0
80, 143, 0
80, 144, 0
80, 145, 0
81, 54, 0
81, 55, 0
81, 56, 0
81, 57, 0
81, 58, 0
81, 59, 0
81, 60, 0
81, 61, 0
81, 62, 0
81, 63, 0
81, 64, 0
81, 65, 0
81, 66, 0
81, 67, 0
81, 68, 0
81, 69, 0
81, 70, 0
81, 71, 0
81, 72, 0
81, 73, 0
81, 74, 0
81, 75, 0
81, 76, 0
81, 77, 0
81, 78, 0
81, 79, 0
81, 80, 0
81, 81, 0
81, 82, 0
81, 83, 0
81, 84, 0
81, 85, 0
81, 86, 0
81, 87, 0
81, 88, 0
81, 89, 0
81, 90, 0
81, 91, 0
81, 92, 0
81, 93, 0
81, 94, 0
81, 95, 0
81, 96, 0
81, 97, 0
81, 98, 0
81, 99, 0
81, 100, 0
81, 101, 0
81, 102, 0
81, 103, 0
81, 104, 0
81, 105, 0
81, 106, 0
81, 107, 0
81, 108, 0
81, 109, 0
81, 110, 0
81, 111, 0
81, 112, 0
81, 113, 0
81, 114, 0
81, 115, 0
81, 116, 0
81, 117, 0
81, 118, 0
81, 119, 0
81, 120, 0
81, 121, 0
81, 122, 0
81, 123, 0
81, 124, 0
81, 125, 0
81, 126, 0
81, 127, 0
81, 128, 0
81, 129, 0
81, 130, 0
81, 131, 0
81, 132, 0
81, 133, 0
81, 134, 0
81, 135, 0
81, 136, 0
81, 137, 0
81, 138, 0
81, 139, 0
81, 140, 0
81, 141, 0
81, 142, 0
81, 143, 0
81, 144, 0
81, 145, 0
81, 146, 0
82, 54, 0
82, 55, 0
82, 56, 0
82, 57, 0
82, 58, 0
82, 59, 0
82, 60, 0
82, 61, 0
82, 62, 0
82, 63, 0
82, 64, 0
82, 65, 0
82, 66, 0
82, 67, 0
82, 68, 0
82, 69, 0
82, 70, 0
82, 71, 0
82, 72, 0
82, 73, 0
82, 74, 0
82, 75, 0
82, 76, 0
82, 77, 0
82, 78, 0
82, 79, 0
82, 80, 0
82, 81, 0
82, 82, 0
82, 83, 0
82, 84, 0
82, 85, 0
82, 86, 0
82, 87, 0
82, 88, 0
82, 89, 0
82, 90, 0
82, 91, 0
82, 92, 0
82, 93, 0
82, 94, 0
82, 95, 0
82, 96, 0
82, 97, 0
82, 98, 0
82, 99, 0
82, 100, 0
82, 101, 0
82, 102, 0
82, 103, 0
82, 104, 0
82, 105, 0
82, 106, 0
82, 107, 0
82, 108, 0
82, 109, 0
82, 110, 0
82, 111, 0
82, 112, 0
82, 113, 0
82, 114, 0
82, 115, 0
82, 116, 0
82, 117, 0
82, 118, 0
82, 119, 0
82, 120, 0
82, 121, 0
82, 122, 0
82, 123, 0
82, 124, 0
82, 125, 0
82, 126, 0
82, 127, 0
82, 128, 0
82, 129, 0
82, 130, 0
82, 131, 0
82, 132, 0
82, 133, 0
82, 134, 0
82, 135, 0
82, 136, 0
82, 137, 0
82, 138, 0
82, 139, 0
82, 140, 0
82, 141, 0
82, 142, 0
82, 143, 0
82, 144, 0
82, 145, 0
82, 146, 0
83, 53, 0
83, 54, 0
83, 55, 0
83, 56, 0
83, 57, 0
83, 58, 0
83, 59, 0
83, 60, 0
83, 61, 0
83, 62, 0
83, 63, 0
83, 64, 0
83, 65, 0
83, 66, 0
83, 67, 0
83, 68, 0
83, 69, 0
83, 70, 0
83, 71, 0
83, 72, 0
83, 73, 0
83, 74, 0
83, 75, 0
83, 76, 0
83, 77, 0
83, 78, 0
83, 79, 0
83, 80, 0
83, 81, 0
83, 82, 0
83, 83, 0
83, 84, 0
83, 85, 0
83, 86, 0
83, 87, 0
83, 88, 0
83, 89, 0
83, 90, 0
83, 91, 0
83, 92, 0
83, 93, 0
83, 94, 0
83, 95, 0
83, 96, 0
83, 97, 0
83, 98, 0
83, 99, 0
83, 100, 0
83, 101, 0
83, 102, 0
83, 103, 0
83, 104, 0
83, 105, 0
83, 106, 0
83, 107, 0
83, 108, 0
83, 109, 0
83, 110, 0
83, 111, 0
83, 112, 0
83, 113, 0
83, 114, 0
83, 115, 0
83, 116, 0
83, 117, 0
83, 118, 0
83, 119, 0
83, 120, 0
83, 121, 0
83, 122, 0
83, 123, 0
83, 124, 0
83, 125, 0
83, 126, 0
83, 127, 0
83, 128, 0
83, 129, 0
83, 130, 0
83, 131, 0
83, 132, 0
83, 133, 0
83, 134, 0
83, 135, 0
83, 136, 0
83, 137, 0
83, 138, 0
83, 139, 0
83, 140, 0
83, 141, 0
83, 142, 0
83, 143, 0
83, 144, 0
83, 145, 0
83, 146, 0
83, 147, 0
84, 53, 0
84, 54, 0
84, 55, 0
84, 56, 0
84, 57, 0
84, 58, 0
84, 59, 0
84, 60, 0
84, 61, 0
84, 62, 0
84, 63, 0
84, 64, 0
84, 65, 0
84, 66, 0
84, 67, 0
84, 68, 0
84, 69, 0
84, 70, 0
84, 71, 0
84, 72, 0
84, 73, 0
84, 74, 0
84, 75, 0
84, 76, 0
84, 77, 0
84, 78, 0
84, 79, 0
84, 80, 0
84, 81, 0
84, 82, 0
84, 83, 0
84, 84, 0
84, 85, 0
84, 86, 0
84, 87, 0
84, 88, 0
84, 89, 0
84, 90, 0
84, 91, 0
84, 92, 0
84, 93, 0
84, 94, 0
84, 95, 0
84, 96, 0
84, 97, 0
84, 98, 0
84, 99, 0
84, 100, 0
84, 101, 0
84, 102, 0
84, 103, 0
84, 104, 0
84, 105, 0
84, 106, 0
84, 107, 0
84, 108, 0
84, 109, 0
84, 110, 0
84, 111, 0
84, 112, 0
84, 113, 0
84, 114, 0
84, 115, 0
84, 116, 0
84, 117, 0
84, 118, 0
84, 119, 0
84, 120, 0
84, 121, 0
84, 122, 0
84, 123, 0
84, 124, 0
84, 125, 0
84, 126, 0
84, 127, 0
84, 128, 0
84, 129, 0
84, 130, 0
84, 131, 0
84, 132, 0
84, 133, 0
84, 134, 0
84, 135, 0
84, 136, 0
84, 137, 0
84, 138, 0
84, 139, 0
84, 140, 0
84, 141, 0
84, 142, 0
84, 143, 0
84, 144, 0
84, 145, 0
84, 146, 0
84, 147, 0
85, 53, 0
85, 54, 0
85, 55, 0
85, 56, 0
85, 57, 0
85, 58, 0
85, 59, 0
85, 60, 0
85, 61, 0
85, 62, 0
85, 63, 0
85, 64, 0
85, 65, 0
85, 66, 0
85, 67, 0
85, 68, 0
85, 69, 0
85, 70, 0
85, 71, 0
85, 72, 0
85, 73, 0
85, 74, 0
85, 75, 0
85, 76, 0
85, 77, 0
85, 78, 0
85, 79, 0
85, 80, 0
85, 81, 0
85, 82, 0
85, 83, 0
85, 84, 0
85, 85, 0
85, 86, 0
85, 87, 0
85, 88, 0
85, 89, 0
85, 90, 0
85, 91, 0
85, 92, 0
85, 93, 0
85, 94, 0
85, 95, 0
85, 96, 0
85, 97, 0
85, 98, 0
85, 99, 0
85, 100, 0
85, 101, 0
85, 102, 0
85, 103, 0
85, 104, 0
85, 105, 0
85, 106, 0
85, 107, 0
85, 108, 0
85, 109, 0
85, 110, 0
85, 111, 0
85, 112, 0
85, 113, 0
85, 114, 0
85, 115, 0
85, 116, 0
85, 117, 0
85, 118, 0
85, 119, 0
85, 120, 0
85, 121, 0
85, 122, 0
85, 123, 0
85, 124, 0
85, 125, 0
85, 126, 0
85, 127, 0
85, 128, 0
85, 129, 0
85, 130, 0
85, 131, 0
85, 132, 0
85, 133, 0
85, 134, 0
85, 135, 0
85, 136, 0
85, 137, 0
85, 138, 0
85, 139, 0
85, 140, 0
85, 141, 0
85, 142, 0
85, 143, 0
85, 144, 0
85, 145, 0
85, 146, 0
85, 147, 0
86, 53, 0
86, 54, 0
86, 55, 0
86, 56, 0
86, 57, 0
86, 58, 0
86, 59, 0
86, 60, 0
86, 61, 0
86, 62, 0
86, 63, 0
86, 64, 0
86, 65, 0
86, 66, 0
86, 67, 0
86, 68, 0
86, 69, 0
86, 70, 0
86, 71, 0
86, 72, 0
86, 73, 0
86, 74, 0
86, 75, 0
86, 76, 0
86, 77, 0
86, 78, 0
86, 79, 0
86, 80, 0
86, 81, 0
86, 82, 0
86, 83, 0
86, 84, 0
86, 85, 0
86, 86, 0
86, 87, 0
86, 88, 0
86, 89, 0
86, 90, 0
86, 91, 0
86, 92, 0
86, 93, 0
86, 94, 0
86, 95, 0
86, 96, 0
86, 97, 0
86, 98, 0
86, 99, 0
86, 100, 0
86, 101, 0
86, 102, 0
86, 103, 0
86, 104, 0
86, 105, 0
86, 106, 0
86, 107, 0
86, 108, 0
86, 109, 0
86, 110, 0
86, 111, 0
86, 112, 0
86, 113, 0
86, 114, 0
86, 115, 0
86, 116, 0
86, 117, 0
86, 118, 0
86, 119, 0
86, 120, 0
86, 121, 0
86, 122, 0
86, 123, 0
86, 124, 0
86, 125, 0
86, 126, 0
86, 127, 0
86, 128, 0
86, 129, 0
86, 130, 0
86, 131, 0
86, 132, 0
86, 133, 0
86, 134, 0
86, 135, 0
86, 136, 0
86, 137, 0
86, 138, 0
86, 139, 0
86, 140, 0
86, 141, 0
86, 142, 0
86, 143, 0
86, 144, 0
86, 145, 0
86, 146, 0
86, 147, 0
87, 52, 0
87, 53, 0
87, 54, 0
87, 55, 0
87, 56, 0
87, 57, 0
87, 58, 0
87, 59, 0
87, 60, 0
87, 61, 0
87, 62, 0
87, 63, 0
87, 64, 0
87, 65, 0
87, 66, 0
87, 67, 0
87, 68, 0
87, 69, 0
87, 70, 0
87, 71, 0
87, 72, 0
87, 73, 0
87, 74, 0
87, 75, 0
87, 76, 0
87, 77, 0
87, 78, 0
87, 79, 0
87, 80, 0
87, 81, 0
87, 82, 0
87, 83, 0
87, 84, 0
87, 85, 0
87, 86, 0
87, 87, 0
87, 88, 0
87, 89, 0
87, 90, 0
87, 91, 0
87, 92, 0
87, 93, 0
87, 94, 0
87, 95, 0
87, 96, 0
87, 97, 0
87, 98, 0
87, 99, 0
87, 100, 0
87, 101, 0
87, 102, 0
87, 103, 0
87, 104, 0
87, 105, 0
87, 106, 0
87, 107, 0
87, 108, 0
87, 109, 0
87, 110, 0
87, 111, 0
87, 112, 0
87, 113, 0
87, 114, 0
87, 115, 0
87, 116, 0
87, 117, 0
87, 118, 0
87, 119, 0
87, 120, 0
87, 121, 0
87, 122, 0
87, 123, 0
87, 124, 0
87, 125, 0
87, 126, 0
87, 127, 0
87, 128, 0
87, 129, 0
87, 130, 0
87, 131, 0
87, 132, 0
87, 133, 0
87, 134, 0
87, 135, 0
87, 136, 0
87, 137, 0
87, 138, 0
87, 139, 0
87, 140, 0
87, 141, 0
87, 142, 0
87, 143, 0
87, 144, 0
87, 145, 0
87, 146, 0
87, 147, 0
87, 148, 0
88, 52, 0
88, 53, 0
88, 54, 0
88, 55, 0
88, 56, 0
88, 57, 0
88, 58, 0
88, 59, 0
88, 60, 0
88, 61, 0
88, 62, 0
88, 63, 0
88, 64, 0
88, 65, 0
88, 66, 0
88, 67, 0
88, 68, 0
88, 69, 0
88, 70, 0
88, 71, 0
88, 72, 0
88, 73, 0
88, 74, 0
88, 75, 0
88, 76, 0
88, 77, 0
88, 78, 0
88, 79, 0
88, 80, 0
88, 81, 0
88, 82, 0
88, 83, 0
88, 84, 0
88, 85, 0
88, 86, 0
88, 87, 0
88, 88, 0
88, 89, 0
88, 90, 0
88, 91, 0
88, 92, 0
88, 93, 0
88, 94, 0
88, 95, 0
88, 96, 0
88, 97, 0
88, 98, 0
88, 99, 0
88, 100, 0
88, 101, 0
88, 102, 0
88, 103, 0
88, 104, 0
88, 105, 0
88, 106, 0
88, 107, 0
88, 108, 0
88, 109, 0
88, 110, 0
88, 111, 0
88, 112, 0
88, 113, 0
88, 114, 0
88, 115, 0
88, 116, 0
88, 117, 0
88, 118, 0
88, 119, 0
88, 120, 0
88, 121, 0
88, 122, 0
88, 123, 0
88, 124, 0
88, 125, 0
88, 126, 0
88, 127, 0
88, 128, 0
88, 129, 0
88, 130, 0
88, 131, 0
88, 132, 0
88, 133, 0
88, 134, 0
88, 135, 0
88, 136, 0
88, 137, 0
88, 138, 0
88, 139, 0
88, 140, 0
88, 141, 0
88, 142, 0
88, 143, 0
88, 144, 0
88, 145, 0
88, 146, 0
88, 147, 0
88, 148, 0
89, 52, 0
89, 53, 0
89, 54, 0
89, 55, 0
89, 56, 0
89, 57, 0
89, 58, 0
89, 59, 0
89, 60, 0
89, 61, 0
89, 62, 0
89, 63, 0
89, 64, 0
89, 65, 0
89, 66, 0
89, 67, 0
89, 68, 0
89, 69, 0
89, 70, 0
89, 71, 0
89, 72, 0
89, 73, 0
89, 74, 0
89, 75, 0
89, 76, 0
89, 77, 0
89, 78, 0
89, 79, 0
89, 80, 0
89, 81, 0
89, 82, 0
89, 83, 0
89, 84, 0
89, 85, 0
89, 86, 0
89, 87, 0
89, 88, 0
89, 89, 0
89, 90, 0
89, 91, 0
89, 92, 0
89, 93, 0
89, 94, 0
89, 95, 0
89, 96, 0
89, 97, 0
89, 98, 0
89, 99, 0
89, 100, 0
89, 101, 0
89, 102, 0
89, 103, 0
89, 104, 0
89, 105, 0
89, 106, 0
89, 107, 0
89, 108, 0
89, 109, 0
89, 110, 0
89, 111, 0
89, 112, 0
89, 113, 0
89, 114, 0
89, 115, 0
89, 116, 0
89, 117, 0
89, 118, 0
89, 119, 0
89, 120, 0
89, 121, 0
89, 122, 0
89, 123, 0
89, 124, 0
89, 125, 0
89, 126, 0
89, 127, 0
89, 128, 0
89, 129, 0
89, 130, 0
89, 131, 0
89, 132, 0
89, 133, 0
89, 134, 0
89, 135, 0
89, 136, 0
89, 137, 0
89, 138, 0
89, 139, 0
89, 140, 0
89, 141, 0
89, 142, 0
89, 143, 0
89, 144, 0
89, 145, 0
89, 146, 0
89, 147, 0
89, 148, 0
90, 52, 0
90, 53, 0
90, 54, 0
90, 55, 0
90, 56, 0
90, 57, 0
90, 58, 0
90, 59, 0
90, 60, 0
90, 61, 0
90, 62, 0
90, 63, 0
90, 64, 0
90, 65, 0
90, 66, 0
90, 67, 0
90, 68, 0
90, 69, 0
90, 70, 0
90, 71, 0
90, 72, 0
90, 73, 0
90, 74, 0
90, 75, 0
90, 76, 0
90, 77, 0
90, 78, 0
90, 79, 0
90, 80, 0
90, 81, 0
90, 82, 0
90, 83, 0
90, 84, 0
90, 85, 0
90, 86, 0
90, 87, 0
90, 88, 0
90, 89, 0
90, 90, 0
90, 91, 0
90, 92, 0
90, 93, 0
90, 94, 0
90, 95, 0
90, 96, 0
90, 97, 0
90, 98, 0
90, 99, 0
90, 100, 0
90, 101, 0
90, 102, 0
90, 103, 0
90, 104, 0
90, 105, 0
90, 106, 0
90, 107, 0
90, 108, 0
90, 109, 0
90, 110, 0
90, 111, 0
90, 112, 0
90, 113, 0
90, 114, 0
90, 115, 0
90, 116, 0
90, 117, 0
90, 118, 0
90, 119, 0
90, 120, 0
90, 121, 0
90, 122, 0
90, 123, 0
90, 124, 0
90, 125, 0
90, 126, 0
90, 127, 0
90, 128, 0
90, 129, 0
90, 130, 0
90, 131, 0
90, 132, 0
90, 133, 0
90, 134, 0
90, 135, 0
90, 136, 0
90, 137, 0
90, 138, 0
90, 139, 0
90, 140, 0
90, 141, 0
90, 142, 0
90, 143, 0
90, 144, 0
90, 145, 0
90, 146, 0
90, 147, 0
90, 148, 0
91, 51, 0
91, 52, 0
91, 53, 0
91, 54, 0
91, 55, 0
91, 56, 0
91, 57, 0
91, 58, 0
91, 59, 0
91, 60, 0
91, 61, 0
91, 62, 0
91, 63, 0
91, 64, 0
91, 65, 0
91, 66, 0
91, 67, 0
91, 68, 0
91, 69, 0
91, 70, 0
91, 71, 0
91, 72, 0
91, 73, 0
91, 74, 0
91, 75, 0
91, 76, 0
91, 77, 0
91, 78, 0
91, 79, 0
91, 80, 0
91, 81, 0
91, 82, 0
91, 83, 0
91, 84, 0
91, 85, 0
91, 86, 0
91, 87, 0
91, 88, 0
91, 89, 0
91, 90, 0
91, 91, 0
91, 92, 0
91, 93, 0
91, 94, 0
91, 95, 0
91, 96, 0
91, 97, 0
91, 98, 0
91, 99, 0
91, 100, 0
91, 101, 0
91, 102, 0
91, 103, 0
91, 104, 0
91, 105, 0
91, 106, 0
91, 107, 0
91, 108, 0
91, 109, 0
91, 110, 0
91, 111, 0
91, 112, 0
91, 113, 0
91, 114, 0
91, 115, 0
91, 116, 0
91, 117, 0
91, 118, 0
91, 119, 0
91, 120, 0
91, 121, 0
91, 122, 0
91, 123, 0
91, 124, 0
91, 125, 0
91, 126, 0
91, 127, 0
91, 128, 0
91, 129, 0
91, 130, 0
91, 131, 0
91, 132, 0
91, 133, 0
91, 134, 0
91, 135, 0
91, 136, 0
91, 137, 0
91, 138, 0
91, 139, 0
91, 140, 0
91, 141, 0
91, 142, 0
91, 143, 0
91, 144, 0
91, 145, 0
91, 146, 0
91, 147, 0
91, 148, 0
91, 149, 0
92, 51, 0
92, 52, 0
92, 53, 0
92, 54, 0
92, 55, 0
92, 56, 0
92, 57, 0
92, 58, 0
92, 59, 0
92, 60, 0
92, 61, 0
92, 62, 0
92, 63, 0
92, 64, 0
92, 65, 0
92, 66, 0
92, 67, 0
92, 68, 0
92, 69, 0
92, 70, 0
92, 71, 0
92, 72, 0
92, 73, 0
92, 74, 0
92, 75, 0
92, 76, 0
92, 77, 0
92, 78, 0
92, 79, 0
92, 80, 0
92, 81, 0
92, 82, 0
92, 83, 0
92, 84, 0
92, 85, 0
92, 86, 0
92, 87, 0
92, 88, 0
92, 89, 0
92, 90, 0
92, 91, 0
92, 92, 0
92, 93, 0
92, 94, 0
92, 95, 0
92, 96, 0
92, 97, 0
92, 98, 0
92, 99, 0
92, 100, 0
92, 101, 0
92, 102, 0
92, 103, 0
92, 104, 0
92, 105, 0
92, 106, 0
92, 107, 0
92, 108, 0
92, 109, 0
92, 110, 0
92, 111, 0
92, 112, 0
92, 113, 0
92, 114, 0
92, 115, 0
92, 116, 0
92, 117, 0
92, 118, 0
92, 119, 0
92, 120, 0
92, 121, 0
92, 122, 0
92, 123, 0
92, 124, 0
92, 125, 0
92, 126, 0
92, 127, 0
92, 128, 0
92, 129, 0
92, 130, 0
92, 131, 0
92, 132, 0
92, 133, 0
92, 134, 0
92, 135, 0
92, 136, 0
92, 137, 0
92, 138, 0
92, 139, 0
92, 140, 0
92, 141, 0
92, 142, 0
92, 143, 0
92, 144, 0
92, 145, 0
92, 146, 0
92, 147, 0
92, 148, 0
92, 149, 0
93, 51, 0
93, 52, 0
93, 53, 0
93, 54, 0
93, 55, 0
93, 56, 0
93, 57, 0
93, 58, 0
93, 59, 0
93, 60, 0
93, 61, 0
93, 62, 0
93, 63, 0
93, 64, 0
93, 65, 0
93, 66, 0
93, 67, 0
93, 68, 0
93, 69, 0
93, 70, 0
93, 71, 0
93, 72, 0
93, 73, 0
93, 74, 0
93, 75, 0
93, 76, 0
93, 77, 0
93, 78, 0
93, 79, 0
93, 80, 0
93, 81, 0
93, 82, 0
93, 83, 0
93, 84, 0
93, 85, 0
93, 86, 0
93, 87, 0
93, 88, 0
93, 89, 0
93, 90, 0
93, 91, 0
93, 92, 0
93, 93, 0
93, 94, 0
93, 95, 0
93, 96, 0
93, 97, 0
93, 98, 0
93, 99, 0
93, 100, 0
93, 101, 0
93, 102, 0
93, 103, 0
93, 104, 0
93, 105, 0
93, 106, 0
93, 107, 0
93, 108, 0
93, 109, 0
93, 110, 0
93, 111, 0
93, 112, 0
93, 113, 0
93, 114, 0
93, 115, 0
93, 116, 0
93, 117, 0
93, 118, 0
93, 119, 0
93, 120, 0
93, 121, 0
93, 122, 0
93, 123, 0
93, 124, 0
93, 125, 0
93, 126, 0
93, 127, 0
93, 128, 0
93, 129, 0
93, 130, 0
93, 131, 0
93, 132, 0
93, 133, 0
93, 134, 0
93, 135, 0
93, 136, 0
93, 137, 0
93, 138, 0
93, 139, 0
93, 140, 0
93, 141, 0
93, 142, 0
93, 143, 0
93, 144, 0
93, 145, 0
93, 146, 0
93, 147, 0
93, 148, 0
93, 149, 0
94, 51, 0
94, 52, 0
94, 53, 0
94, 54, 0
94, 55, 0
94, 56, 0
94, 57, 0
94, 58, 0
94, 59, 0
94, 60, 0
94, 61, 0
94, 62, 0
94, 63, 0
94, 64, 0
94, 65, 0
94, 66, 0
94, 67, 0
94, 68, 0
94, 69, 0
94, 70, 0
94, 71, 0
94, 72, 0
94, 73, 0
94, 74, 0
94, 75, 0
94, 76, 0
94, 77, 0
94, 78, 0
94, 79, 0
94, 80, 0
94, 81, 0
94, 82, 0
94, 83, 0
94, 84, 0
94, 85, 0
94, 86, 0
94, 87, 0
94, 88, 0
94, 89, 0
94, 90, 0
94, 91, 0
94, 92, 0
94, 93, 0
94, 94, 0
94, 95, 0
94, 96, 0
94, 97, 0
94, 98, 0
94, 99, 0
94, 100, 0
94, 101, 0
94, 102, 0
94, 103, 0
94, 104, 0
94, 105, 0
94, 106, 0
94, 107, 0
94, 108, 0
94, 109, 0
94, 110, 0
94, 111, 0
94, 112, 0
94, 113, 0
94, 114, 0
94, 115, 0
94, 116, 0
94, 117, 0
94, 118, 0
94, 119, 0
94, 120, 0
94, 121, 0
94, 122, 0
94, 123, 0
94, 124, 0
94, 125, 0
94, 126, 0
94, 127, 0
94, 128, 0
94, 129, 0
94, 130, 0
94, 131, 0
94, 132, 0
94, 133, 0
94, 134, 0
94, 135, 0
94, 136, 0
94, 137, 0
94, 138, 0
94, 139, 0
94, 140, 0
94, 141, 0
94, 142, 0
94, 143, 0
94, 144, 0
94, 145, 0
94, 146, 0
94, 147, 0
94, 148, 0
94, 149, 0
95, 51, 0
95, 52, 0
95, 53, 0
95, 54, 0
95, 55, 0
95, 56, 0
95, 57, 0
95, 58, 0
95, 59, 0
95, 60, 0
95, 61, 0
95, 62, 0
95, 63, 0
95, 64, 0
95, 65, 0
95, 66, 0
95, 67, 0
95, 68, 0
95, 69, 0
95, 70, 0
95, 71, 0
95, 72, 0
95, 73, 0
95, 74, 0
95, 75, 0
95, 76, 0
95, 77, 0
95, 78, 0
95, 79, 0
95, 80, 0
95, 81, 0
95, 82, 0
95, 83, 0
95, 84, 0
95, 85, 0
95, 86, 0
95, 87, 0
95, 88, 0
95, 89, 0
95, 90, 0
95, 91, 0
95, 92, 0
95, 93, 0
95, 94, 0
95, 95, 0
95, 96, 0
95, 97, 0
95, 98, 0
95, 99, 0
95, 100, 0
95, 101, 0
95, 102, 0
95, 103, 0
95, 104, 0
95, 105, 0
95, 106, 0
95, 107, 0
95, 108, 0
95, 109, 0
95, 110, 0
95, 111, 0
95, 112, 0
95, 113, 0
95, 114, 0
95, 115, 0
95, 116, 0
95, 117, 0
95, 118, 0
95, 119, 0
95, 120, 0
95, 121, 0
95, 122, 0
95, 123, 0
95, 124, 0
95, 125, 0
95, 126, 0
95, 127, 0
95, 128, 0
95, 129, 0
95, 130, 0
95, 131, 0
95, 132, 0
95, 133, 0
95, 134, 0
95, 135, 0
95, 136, 0
95, 137, 0
95, 138, 0
95, 139, 0
95, 140, 0
95, 141, 0
95, 142, 0
95, 143, 0
95, 144, 0
95, 145, 0
95, 146, 0
95, 147, 0
95, 148, 0
95, 149, 0
96, 51, 0
96, 52, 0
96, 53, 0
96, 54, 0
96, 55, 0
96, 56, 0
96, 57, 0
96, 58, 0
96, 59, 0
96, 60, 0
96, 61, 0
96, 62, 0
96, 63, 0
96, 64, 0
96, 65, 0
96, 66, 0
96, 67, 0
96, 68, 0
96, 69, 0
96, 70, 0
96, 71, 0
96, 72, 0
96, 73, 0
96, 74, 0
96, 75, 0
96, 76, 0
96, 77, 0
96, 78, 0
96, 79, 0
96, 80, 0
96, 81, 0
96, 82, 0
96, 83, 0
96, 84, 0
96, 85, 0
96, 86, 0
96, 87, 0
96, 88, 0
96, 89, 0
96, 90, 0
96, 91, 0
96, 92, 0
96, 93, 0
96, 94, 0
96, 95, 0
96, 96, 0
96, 97, 0
96, 98, 0
96, 99, 0
96, 100, 0
96, 101, 0
96, 102, 0
96, 103, 0
96, 104, 0
96, 105, 0
96, 106, 0
96, 107, 0
96, 108, 0
96, 109, 0
96, 110, 0
96, 111, 0
96, 112, 0
96, 113, 0
96, 114, 0
96, 115, 0
96, 116, 0
96, 117, 0
96, 118, 0
96, 119, 0
96, 120, 0
96, 121, 0
96, 122, 0
96, 123, 0
96, 124, 0
96, 125, 0
96, 126, 0
96, 127, 0
96, 128, 0
96, 129, 0
96, 130, 0
96, 131, 0
96, 132, 0
96, 133, 0
96, 134, 0
96, 135, 0
96, 136, 0
96, 137, 0
96, 138, 0
96, 139, 0
96, 140, 0
96, 141, 0
96, 142, 0
96, 143, 0
96, 144, 0
96, 145, 0
96, 146, 0
96, 147, 0
96, 148, 0
96, 149, 0
97, 51, 0
97, 52, 0
97, 53, 0
97, 54, 0
97, 55, 0
97, 56, 0
97, 57, 0
97, 58, 0
97, 59, 0
97, 60, 0
97, 61, 0
97, 62, 0
97, 63, 0
97, 64, 0
97, 65, 0
97, 66, 0
97, 67, 0
97, 68, 0
97, 69, 0
97, 70, 0
97, 71, 0
97, 72, 0
97, 73, 0
97, 74, 0
97, 75, 0
97, 76, 0
97, 77, 0
97, 78, 0
97, 79, 0
97, 80, 0
97, 81, 0
97, 82, 0
97, 83, 0
97, 84, 0
97, 85, 0
97, 86, 0
97, 87, 0
97, 88, 0
97, 89, 0
97, 90, 0
97, 91, 0
97, 92, 0
97, 93, 0
97, 94, 0
97, 95, 0
97, 96, 0
97, 97, 0
97, 98, 0
97, 99, 0
97, 100, 0
97, 101, 0
97, 102, 0
97, 103, 0
97, 104, 0
97, 105, 0
97, 106, 0
97, 107, 0
97, 108, 0
97, 109, 0
97, 110, 0
97, 111, 0
97, 112, 0
97, 113, 0
97, 114, 0
97, 115, 0
97, 116, 0
97, 117, 0
97, 118, 0
97, 119, 0
97, 120, 0
97, 121, 0
97, 122, 0
97, 123, 0
97, 124, 0
97, 125, 0
97, 126, 0
97, 127, 0
97, 128, 0
97, 129, 0
97, 130, 0
97, 131, 0
97, 132, 0
97, 133, 0
97, 134, 0
97, 135, 0
97, 136, 0
97, 137, 0
97, 138, 0
97, 139, 0
97, 140, 0
97, 141, 0
97, 142, 0
97, 143, 0
97, 144, 0
97, 145, 0
97, 146, 0
97, 147, 0
97, 148, 0
97, 149, 0
98, 51, 0
98, 52, 0
98, 53, 0
98, 54, 0
98, 55, 0
98, 56, 0
98, 57, 0
98, 58, 0
98, 59, 0
98, 60, 0
98, 61, 0
98, 62, 0
98, 63, 0
98, 64, 0
98, 65, 0
98, 66, 0
98, 67, 0
98, 68, 0
98, 69, 0
98, 70, 0
98, 71, 0
98, 72, 0
98, 73, 0
98, 74, 0
98, 75, 0
98, 76, 0
98, 77, 0
98, 78, 0
98, 79, 0
98, 80, 0
98, 81, 0
98, 82, 0
98, 83, 0
98, 84, 0
98, 85, 0
98, 86, 0
98, 87, 0
98, 88, 0
98, 89, 0
98, 90, 0
98, 91, 0
98, 92, 0
98, 93, 0
98, 94, 0
98, 95, 0
98, 96, 0
98, 97, 0
98, 98, 0
98, 99, 0
98, 100, 0
98, 101, 0
98, 102, 0
98, 103, 0
98, 104, 0
98, 105, 0
98, 106, 0
98, 107, 0
98, 108, 0
98, 109, 0
98, 110, 0
98, 111, 0
98, 112, 0
98, 113, 0
98, 114, 0
98, 115, 0
98, 116, 0
98, 117, 0
98, 118, 0
98, 119, 0
98, 120, 0
98, 121, 0
98, 122, 0
98, 123, 0
98, 124, 0
98, 125, 0
98, 126, 0
98, 127, 0
98, 128, 0
98, 129, 0
98, 130, 0
98, 131, 0
98, 132, 0
98, 133, 0
98, 134, 0
98, 135, 0
98, 136, 0
98, 137, 0
98, 138, 0
98, 139, 0
98, 140, 0
98, 141, 0
98, 142, 0
98, 143, 0
98, 144, 0
98, 145, 0
98, 146, 0
98, 147, 0
98, 148, 0
98, 149, 0
99, 51, 0
99, 52, 0
99, 53, 0
99, 54, 0
99, 55, 0
99, 56, 0
99, 57, 0
99, 58, 0
99, 59, 0
99, 60, 0
99, 61, 0
99, 62, 0
99, 63, 0
99, 64, 0
99, 65, 0
99, 66, 0
99, 67, 0
99, 68, 0
99, 69, 0
99, 70, 0
99, 71, 0
99, 72, 0
99, 73, 0
99, 74, 0
99, 75, 0
99, 76, 0
99, 77, 0
99, 78, 0
99, 79, 0
99, 80, 0
99, 81, 0
99, 82, 0
99, 83, 0
99, 84, 0
99, 85, 0
99, 86, 0
99, 87, 0
99, 88, 0
99, 89, 0
99, 90, 0
99, 91, 0
99, 92, 0
99, 93, 0
99, 94, 0
99, 95, 0
99, 96, 0
99, 97, 0
99, 98, 0
99, 99, 0
99, 100, 0
99, 101, 0
99, 102, 0
99, 103, 0
99, 104, 0
99, 105, 0
99, 106, 0
99, 107, 0
99, 108, 0
99, 109, 0
99, 110, 0
99, 111, 0
99, 112, 0
99, 113, 0
99, 114, 0
99, 115, 0
99, 116, 0
99, 117, 0
99, 118, 0
99, 119, 0
99, 120, 0
99, 121, 0
99, 122, 0
99, 123, 0
99, 124, 0
99, 125, 0
99, 126, 0
99, 127, 0
99, 128, 0
99, 129, 0
99, 130, 0
99, 131, 0
99, 132, 0
99, 133, 0
99, 134, 0
99, 135, 0
99, 136, 0
99, 137, 0
99, 138, 0
99, 139, 0
99, 140, 0
99, 141, 0
99, 142, 0
99, 143, 0
99, 144, 0
99, 145, 0
99, 146, 0
99, 147, 0
99, 148, 0
99, 149, 0
100, 51, 0
100, 52, 0
100, 53, 0
100, 54, 0
100, 55, 0
100, 56, 0
100, 57, 0
100, 58, 0
100, 59, 0
100, 60, 0
100, 61, 0
100, 62, 0
100, 63, 0
100, 64, 0
100, 65, 0
100, 66, 0
100, 67, 0
100, 68, 0
100, 69, 0
100, 70, 0
100, 71, 0
100, 72, 0
100, 73, 0
100, 74, 0
100, 75, 0
100, 76, 0
100, 77, 0
100, 78, 0
100, 79, 0
100, 80, 0
100, 81, 0
100, 82, 0
100, 83, 0
100, 84, 0
100, 85, 0
100, 86, 0
100, 87, 0
100, 88, 0
100, 89, 0
100, 90, 0
100, 91, 0
100, 92, 0
100, 93, 0
100, 94, 0
100, 95, 0
100, 96, 0
100, 97, 0
100, 98, 0
100, 99, 0
100, 100, 0
100, 101, 0
100, 102, 0
100, 103, 0
100, 104, 0
100, 105, 0
100, 106, 0
100, 107, 0
100, 108, 0
100, 109, 0
100, 110, 0
100, 111, 0
100, 112, 0
100, 113, 0
100, 114, 0
100, 115, 0
100, 116, 0
100, 117, 0
100, 118, 0
100, 119, 0
100, 120, 0
100, 121, 0
100, 122, 0
100, 123, 0
100, 124, 0
100, 125, 0
100, 126, 0
100, 127, 0
100, 128, 0
100, 129, 0
100, 130, 0
100, 131, 0
100, 132, 0
100, 133, 0
100, 134, 0
100, 135, 0
100, 136, 0
100, 137, 0
100, 138, 0
100, 139, 0
100, 140, 0
100, 141, 0
100, 142, 0
100, 143, 0
100, 144, 0
100, 145, 0
100, 146, 0
100, 147, 0
100, 148, 0
100, 149, 0
101, 51, 0
101, 52, 0
101, 53, 0
101, 54, 0
101, 55, 0
101, 56, 0
101, 57, 0
101, 58, 0
101, 59, 0
101, 60, 0
101, 61, 0
101, 62, 0
101, 63, 0
101, 64, 0
101, 65, 0
101, 66, 0
101, 67, 0
101, 68, 0
101, 69, 0
101, 70, 0
101, 71, 0
101, 72, 0
101, 73, 0
101, 74, 0
101, 75, 0
101, 76, 0
101, 77, 0
101, 78, 0
101, 79, 0
101, 80, 0
101, 81, 0
101, 82, 0
101, 83, 0
101, 84, 0
101, 85, 0
101, 86, 0
101, 87, 0
101, 88, 0
101, 89, 0
101, 90, 0
101, 91, 0
101, 92, 0
101, 93, 0
101, 94, 0
101, 95, 0
101, 96, 0
101, 97, 0
101, 98, 0
101, 99, 0
101, 100, 0
101, 101, 0
101, 102, 0
101, 103, 0
101, 104, 0
101, 105, 0
101, 106, 0
101, 107, 0
101, 108, 0
101, 109, 0
101, 110, 0
101, 111, 0
101, 112, 0
101, 113, 0
101, 114, 0
101, 115, 0
101, 116, 0
101, 117, 0
101, 118, 0
101, 119, 0
101, 120, 0
101, 121, 0
101, 122, 0
101, 123, 0
101, 124, 0
101, 125, 0
101, 126, 0
101, 127, 0
101, 128, 0
101, 129, 0
101, 130, 0
101, 131, 0
101, 132, 0
101, 133, 0
101, 134, 0
101, 135, 0
101, 136, 0
101, 137, 0
101, 138, 0
101, 139, 0
101, 140, 0
101, 141, 0
101, 142, 0
101, 143, 0
101, 144, 0
101, 145, 0
101, 146, 0
101, 147, 0
101, 148, 0
101, 149, 0
102, 51, 0
102, 52, 0
102, 53, 0
102, 54, 0
102, 55, 0
102, 56, 0
102, 57, 0
102, 58, 0
102, 59, 0
102, 60, 0
102, 61, 0
102, 62, 0
102, 63, 0
102, 64, 0
102, 65, 0
102, 66, 0
102, 67, 0
102, 68, 0
102, 69, 0
102, 70, 0
102, 71, 0
102, 72, 0
102, 73, 0
102, 74, 0
102, 75, 0
102, 76, 0
102, 77, 0
102, 78, 0
102, 79, 0
102, 80, 0
102, 81, 0
102, 82, 0
102, 83, 0
102, 84, 0
102, 85, 0
102, 86, 0
102, 87, 0
102, 88, 0
102, 89, 0
102, 90, 0
102, 91, 0
102, 92, 0
102, 93, 0
102, 94, 0
102, 95, 0
102, 96, 0
102, 97, 0
102, 98, 0
102, 99, 0
102, 100, 0
102, 101, 0
102, 102, 0
102, 103, 0
102, 104, 0
102, 105, 0
102, 106, 0
102, 107, 0
102, 108, 0
102, 109, 0
102, 110, 0
102, 111, 0
102, 112, 0
102, 113, 0
102, 114, 0
102, 115, 0
102, 116, 0
102, 117, 0
102, 118, 0
102, 119, 0
102, 120, 0
102, 121, 0
102, 122, 0
102, 123, 0
102, 124, 0
102, 125, 0
102, 126, 0
102, 127, 0
102, 128, 0
102, 129, 0
102, 130, 0
102, 131, 0
102, 132, 0
102, 133, 0
102, 134, 0
102, 135, 0
102, 136, 0
102, 137, 0
102, 138, 0
102, 139, 0
102, 140, 0
102, 141, 0
102, 142, 0
102, 143, 0
102, 144, 0
102, 145, 0
102, 146, 0
102, 147, 0
102, 148, 0
102, 149, 0
103, 51, 0
103, 52, 0
103, 53, 0
103, 54, 0
103, 55, 0
103, 56, 0
103, 57, 0
103, 58, 0
103, 59, 0
103, 60, 0
103, 61, 0
103, 62, 0
103, 63, 0
103, 64, 0
103, 65, 0
103, 66, 0
103, 67, 0
103, 68, 0
103, 69, 0
103, 70, 0
103, 71, 0
103, 72, 0
103, 73, 0
103, 74, 0
103, 75, 0
103, 76, 0
103, 77, 0
103, 78, 0
103, 79, 0
103, 80, 0
103, 81, 0
103, 82, 0
103, 83, 0
103, 84, 0
103, 85, 0
103, 86, 0
103, 87, 0
103, 88, 0
103, 89, 0
103, 90, 0
103, 91, 0
103, 92, 0
103, 93, 0
103, 94, 0
103, 95, 0
103, 96, 0
103, 97, 0
103, 98, 0
103, 99, 0
103, 100, 0
103, 101, 0
103, 102, 0
103, 103, 0
103, 104, 0
103, 105, 0
103, 106, 0
103, 107, 0
103, 108, 0
103, 109, 0
103, 110, 0
103, 111, 0
103, 112, 0
103, 113, 0
103, 114, 0
103, 115, 0
103, 116, 0
103, 117, 0
103, 118, 0
103, 119, 0
103, 120, 0
103, 121, 0
103, 122, 0
103, 123, 0
103, 124, 0
103, 125, 0
103, 126, 0
103, 127, 0
103, 128, 0
103, 129, 0
103, 130, 0
103, 131, 0
103, 132, 0
103, 133, 0
103, 134, 0
103, 135, 0
103, 136, 0
103, 137, 0
103, 138, 0
103, 139, 0
103, 140, 0
103, 141, 0
103, 142, 0
103, 143, 0
103, 144, 0
103, 145, 0
103, 146, 0
103, 147, 0
103, 148, 0
103, 149, 0
104, 51, 0
104, 52, 0
104, 53, 0
104, 54, 0
104, 55, 0
104, 56, 0
104, 57, 0
104, 58, 0
104, 59, 0
104, 60, 0
104, 61, 0
104, 62, 0
104, 63, 0
104, 64, 0
104, 65, 0
104, 66, 0
104, 67, 0
104, 68, 0
104, 69, 0
104, 70, 0
104, 71, 0
104, 72, 0
104, 73, 0
104, 74, 0
104, 75, 0
104, 76, 0
104, 77, 0
104, 78, 0
104, 79, 0
104, 80, 0
104, 81, 0
104, 82, 0
104, 83, 0
104, 84, 0
104, 85, 0
104, 86, 0
104, 87, 0
104, 88, 0
104, 89, 0
104, 90, 0
104, 91, 0
104, 92, 0
104, 93, 0
104, 94, 0
104, 95, 0
104, 96, 0
104, 97, 0
104, 98, 0
104, 99, 0
104, 100, 0
104, 101, 0
104, 102, 0
104, 103, 0
104, 104, 0
104, 105, 0
104, 106, 0
104, 107, 0
104, 108, 0
104, 109, 0
104, 110, 0
104, 111, 0
104, 112, 0
104, 113, 0
104, 114, 0
104, 115, 0
104, 116, 0
104, 117, 0
104, 118, 0
104, 119, 0
104, 120, 0
104, 121, 0
104, 122, 0
104, 123, 0
104, 124, 0
104, 125, 0
104, 126, 0
104, 127, 0
104, 128, 0
104, 129, 0
104, 130, 0
104, 131, 0
104, 132, 0
104, 133, 0
104, 134, 0
104, 135, 0
104, 136, 0
104, 137, 0
104, 138, 0
104, 139, 0
104, 140, 0
104, 141, 0
104, 142, 0
104, 143, 0
104, 144, 0
104, 145, 0
104, 146, 0
104, 147, 0
104, 148, 0
104, 149, 0
105, 51, 0
105, 52, 0
105, 53, 0
105, 54, 0
105, 55, 0
105, 56, 0
105, 57, 0
105, 58, 0
105, 59, 0
105, 60, 0
105, 61, 0
105, 62, 0
105, 63, 0
105, 64, 0
105, 65, 0
105, 66, 0
105, 67, 0
105, 68, 0
105, 69, 0
105, 70, 0
105, 71, 0
105, 72, 0
105, 73, 0
105, 74, 0
105, 75, 0
105, 76, 0
105, 77, 0
105, 78, 0
105, 79, 0
105, 80, 0
105, 81, 0
105, 82, 0
105, 83, 0
105, 84, 0
105, 85, 0
105, 86, 0
105, 87, 0
105, 88, 0
105, 89, 0
105, 90, 0
105, 91, 0
105, 92, 0
105, 93, 0
105, 94, 0
105, 95, 0
105, 96, 0
105, 97, 0
105, 98, 0
105, 99, 0
105, 100, 0
105, 101, 0
105, 102, 0
105, 103, 0
105, 104, 0
105, 105, 0
105, 106, 0
105, 107, 0
105, 108, 0
105, 109, 0
105, 110, 0
105, 111, 0
105, 112, 0
105, 113, 0
105, 114, 0
105, 115, 0
105, 116, 0
105, 117, 0
105, 118, 0
105, 119, 0
105, 120, 0
105, 121, 0
105, 122, 0
105, 123, 0
105, 124, 0
105, 125, 0
105, 126, 0
105, 127, 0
105, 128, 0
105, 129, 0
105, 130, 0
105, 131, 0
105, 132, 0
105, 133, 0
105, 134, 0
105, 135, 0
105, 136, 0
105, 137, 0
105, 138, 0
105, 139, 0
105, 140, 0
105, 141, 0
105, 142, 0
105, 143, 0
105, 144, 0
105, 145, 0
105, 146, 0
105, 147, 0
105, 148, 0
105, 149, 0
106, 51, 0
106, 52, 0
106, 53, 0
106, 54, 0
106, 55, 0
106, 56, 0
106, 57, 0
106, 58, 0
106, 59, 0
106, 60, 0
106, 61, 0
106, 62, 0
106, 63, 0
106, 64, 0
106, 65, 0
106, 66, 0
106, 67, 0
106, 68, 0
106, 69, 0
106, 70, 0
106, 71, 0
106, 72, 0
106, 73, 0
106, 74, 0
106, 75, 0
106, 76, 0
106, 77, 0
106, 78, 0
106, 79, 0
106, 80, 0
106, 81, 0
106, 82, 0
106, 83, 0
106, 84, 0
106, 85, 0
106, 86, 0
106, 87, 0
106, 88, 0
106, 89, 0
106, 90, 0
106, 91, 0
106, 92, 0
106, 93, 0
106, 94, 0
106, 95, 0
106, 96, 0
106, 97, 0
106, 98, 0
106, 99, 0
106, 100, 0
106, 101, 0
106, 102, 0
106, 103, 0
106, 104, 0
106, 105, 0
106, 106, 0
106, 107, 0
106, 108, 0
106, 109, 0
106, 110, 0
106, 111, 0
106, 112, 0
106, 113, 0
106, 114, 0
106, 115, 0
106, 116, 0
106, 117, 0
106, 118, 0
106, 119, 0
106, 120, 0
106, 121, 0
106, 122, 0
106, 123, 0
106, 124, 0
106, 125, 0
106, 126, 0
106, 127, 0
106, 128, 0
106, 129, 0
106, 130, 0
106, 131, 0
106, 132, 0
106, 133, 0
106, 134, 0
106, 135, 0
106, 136, 0
106, 137, 0
106, 138, 0
106, 139, 0
106, 140, 0
106, 141, 0
106, 142, 0
106, 143, 0
106, 144, 0
106, 145, 0
106, 146, 0
106, 147, 0
106, 148, 0
106, 149, 0
107, 51, 0
107, 52, 0
107, 53, 0
107, 54, 0
107, 55, 0
107, 56, 0
107, 57, 0
107, 58, 0
107, 59, 0
107, 60, 0
107, 61, 0
107, 62, 0
107, 63, 0
107, 64, 0
107, 65, 0
107, 66, 0
107, 67, 0
107, 68, 0
107, 69, 0
107, 70, 0
107, 71, 0
107, 72, 0
107, 73, 0
107, 74, 0
107, 75, 0
107, 76, 0
107, 77, 0
107, 78, 0
107, 79, 0
107, 80, 0
107, 81, 0
107, 82, 0
107, 83, 0
107, 84, 0
107, 85, 0
107, 86, 0
107, 87, 0
107, 88, 0
107, 89, 0
107, 90, 0
107, 91, 0
107, 92, 0
107, 93, 0
107, 94, 0
107, 95, 0
107, 96, 0
107, 97, 0
107, 98, 0
107, 99, 0
107, 100, 0
107, 101, 0
107, 102, 0
107, 103, 0
107, 104, 0
107, 105, 0
107, 106, 0
107, 107, 0
107, 108, 0
107, 109, 0
107, 110, 0
107, 111, 0
107, 112, 0
107, 113, 0
107, 114, 0
107, 115, 0
107, 116, 0
107, 117, 0
107, 118, 0
107, 119, 0
107, 120, 0
107, 121, 0
107, 122, 0
107, 123, 0
107, 124, 0
107, 125, 0
107, 126, 0
107, 127, 0
107, 128, 0
107, 129, 0
107, 130, 0
107, 131, 0
107, 132, 0
107, 133, 0
107, 134, 0
107, 135, 0
107, 136, 0
107, 137, 0
107, 138, 0
107, 139, 0
107, 140, 0
107, 141, 0
107, 142, 0
107, 143, 0
107, 144, 0
107, 145, 0
107, 146, 0
107, 147, 0
107, 148, 0
107, 149, 0
108, 51, 0
108, 52, 0
108, 53, 0
108, 54, 0
108, 55, 0
108, 56, 0
108, 57, 0
108, 58, 0
108, 59, 0
108, 60, 0
108, 61, 0
108, 62, 0
108, 63, 0
108, 64, 0
108, 65, 0
108, 66, 0
108, 67, 0
108, 68, 0
108, 69, 0
108, 70, 0
108, 71, 0
108, 72, 0
108, 73, 0
108, 74, 0
108, 75, 0
108, 76, 0
108, 77, 0
108, 78, 0
108, 79, 0
108, 80, 0
108, 81, 0
108, 82, 0
108, 83, 0
108, 84, 0
108, 85, 0
108, 86, 0
108, 87, 0
108, 88, 0
108, 89, 0
108, 90, 0
108, 91, 0
108, 92, 0
108, 93, 0
108, 94, 0
108, 95, 0
108, 96, 0
108, 97, 0
108, 98, 0
108, 99, 0
108, 100, 0
108, 101, 0
108, 102, 0
108, 103, 0
108, 104, 0
108, 105, 0
108, 106, 0
108, 107, 0
108, 108, 0
108, 109, 0
108, 110, 0
108, 111, 0
108, 112, 0
108, 113, 0
108, 114, 0
108, 115, 0
108, 116, 0
108, 117, 0
108, 118, 0
108, 119, 0
108, 120, 0
108, 121, 0
108, 122, 0
108, 123, 0
108, 124, 0
108, 125, 0
108, 126, 0
108, 127, 0
108, 128, 0
108, 129, 0
108, 130, 0
108, 131, 0
108, 132, 0
108, 133, 0
108, 134, 0
108, 135, 0
108, 136, 0
108, 137, 0
108, 138, 0
108, 139, 0
108, 140, 0
108, 141, 0
108, 142, 0
108, 143, 0
108, 144, 0
108, 145, 0
108, 146, 0
108, 147, 0
108, 148, 0
108, 149, 0
109, 51, 0
109, 52, 0
109, 53, 0
109, 54, 0
109, 55, 0
109, 56, 0
109, 57, 0
109, 58, 0
109, 59, 0
109, 60, 0
109, 61, 0
109, 62, 0
109, 63, 0
109, 64, 0
109, 65, 0
109, 66, 0
109, 67, 0
109, 68, 0
109, 69, 0
109, 70, 0
109, 71, 0
109, 72, 0
109, 73, 0
109, 74, 0
109, 75, 0
109, 76, 0
109, 77, 0
109, 78, 0
109, 79, 0
109, 80, 0
109, 81, 0
109, 82, 0
109, 83, 0
109, 84, 0
109, 85, 0
109, 86, 0
109, 87, 0
109, 88, 0
109, 89, 0
109, 90, 0
109, 91, 0
109, 92, 0
109, 93, 0
109, 94, 0
109, 95, 0
109, 96, 0
109, 97, 0
109, 98, 0
109, 99, 0
109, 100, 0
109, 101, 0
109, 102, 0
109, 103, 0
109, 104, 0
109, 105, 0
109, 106, 0
109, 107, 0
109, 108, 0
109, 109, 0
109, 110, 0
109, 111, 0
109, 112, 0
109, 113, 0
109, 114, 0
109, 115, 0
109, 116, 0
109, 117, 0
109, 118, 0
109, 119, 0
109, 120, 0
109, 121, 0
109, 122, 0
109, 123, 0
109, 124, 0
109, 125, 0
109, 126, 0
109, 127, 0
109, 128, 0
109, 129, 0
109, 130, 0
109, 131, 0
109, 132, 0
109, 133, 0
109, 134, 0
109, 135, 0
109, 136, 0
109, 137, 0
109, 138, 0
109, 139, 0
109, 140, 0
109, 141, 0
109, 142, 0
109, 143, 0
109, 144, 0
109, 145, 0
109, 146, 0
109, 147, 0
109, 148, 0
109, 149, 0
110, 52, 0
110, 53, 0
110, 54, 0
110, 55, 0
110, 56, 0
110, 57, 0
110, 58, 0
110, 59, 0
110, 60, 0
110, 61, 0
110, 62, 0
110, 63, 0
110, 64, 0
110, 65, 0
110, 66, 0
110, 67, 0
110, 68, 0
110, 69, 0
110, 70, 0
110, 71, 0
110, 72, 0
110, 73, 0
110, 74, 0
110, 75, 0
110, 76, 0
110, 77, 0
110, 78, 0
110, 79, 0
110, 80, 0
110, 81, 0
110, 82, 0
110, 83, 0
110, 84, 0
110, 85, 0
110, 86, 0
110, 87, 0
110, 88, 0
110, 89, 0
110, 90, 0
110, 91, 0
110, 92, 0
110, 93, 0
110, 94, 0
110, 95, 0
110, 96, 0
110, 97, 0
110, 98, 0
110, 99, 0
110, 100, 0
110, 101, 0
110, 102, 0
110, 103, 0
110, 104, 0
110, 105, 0
110, 106, 0
110, 107, 0
110, 108, 0
110, 109, 0
110, 110, 0
110, 111, 0
110, 112, 0
110, 113, 0
110, 114, 0
110, 115, 0
110, 116, 0
110, 117, 0
110, 118, 0
110, 119, 0
110, 120, 0
110, 121, 0
110, 122, 0
110, 123, 0
110, 124, 0
110, 125, 0
110, 126, 0
110, 127, 0
110, 128, 0
110, 129, 0
110, 130, 0
110, 131, 0
110, 132, 0
110, 133, 0
110, 134, 0
110, 135, 0
110, 136, 0
110, 137, 0
110, 138, 0
110, 139, 0
110, 140, 0
110, 141, 0
110, 142, 0
110, 143, 0
110, 144, 0
110, 145, 0
110, 146, 0
110, 147, 0
110, 148, 0
111, 52, 0
111, 53, 0
111, 54, 0
111, 55, 0
111, 56, 0
111, 57, 0
111, 58, 0
111, 59, 0
111, 60, 0
111, 61, 0
111, 62, 0
111, 63, 0
111, 64, 0
111, 65, 0
111, 66, 0
111, 67, 0
111, 68, 0
111, 69, 0
111, 70, 0
111, 71, 0
111, 72, 0
111, 73, 0
111, 74, 0
111, 75, 0
111, 76, 0
111, 77, 0
111, 78, 0
111, 79, 0
111, 80, 0
111, 81, 0
111, 82, 0
111, 83, 0
111, 84, 0
111, 85, 0
111, 86, 0
111, 87, 0
111, 88, 0
111, 89, 0
111, 90, 0
111, 91, 0
111, 92, 0
111, 93, 0
111, 94, 0
111, 95, 0
111, 96, 0
111, 97, 0
111, 98, 0
111, 99, 0
111, 100, 0
111, 101, 0
111, 102, 0
111, 103, 0
111, 104, 0
111, 105, 0
111, 106, 0
111, 107, 0
111, 108, 0
111, 109, 0
111, 110, 0
111, 111, 0
111, 112, 0
111, 113, 0
111, 114, 0
111, 115, 0
111, 116, 0
111, 117, 0
111, 118, 0
111, 119, 0
111, 120, 0
111, 121, 0
111, 122, 0
111, 123, 0
111, 124, 0
111, 125, 0
111, 126, 0
111, 127, 0
111, 128, 0
111, 129, 0
111, 130, 0
111, 131, 0
111, 132, 0
111, 133, 0
111, 134, 0
111, 135, 0
111, 136, 0
111, 137, 0
111, 138, 0
111, 139, 0
111, 140, 0
111, 141, 0
111, 142, 0
111, 143, 0
111, 144, 0
111, 145, 0
111, 146, 0
111, 147, 0
111, 148, 0
112, 52, 0
112, 53, 0
112, 54, 0
112, 55, 0
112, 56, 0
112, 57, 0
112, 58, 0
112, 59, 0
112, 60, 0
112, 61, 0
112, 62, 0
112, 63, 0
112, 64, 0
112, 65, 0
112, 66, 0
112, 67, 0
112, 68, 0
112, 69, 0
112, 70, 0
112, 71, 0
112, 72, 0
112, 73, 0
112, 74, 0
112, 75, 0
112, 76, 0
112, 77, 0
112, 78, 0
112, 79, 0
112, 80, 0
112, 81, 0
112, 82, 0
112, 83, 0
112, 84, 0
112, 85, 0
112, 86, 0
112, 87, 0
112, 88, 0
112, 89, 0
112, 90, 0
112, 91, 0
112, 92, 0
112, 93, 0
112, 94, 0
112, 95, 0
112, 96, 0
112, 97, 0
112, 98, 0
112, 99, 0
112, 100, 0
112, 101, 0
112, 102, 0
112, 103, 0
112, 104, 0
112, 105, 0
112, 106, 0
112, 107, 0
112, 108, 0
112, 109, 0
112, 110, 0
112, 111, 0
112, 112, 0
112, 113, 0
112, 114, 0
112, 115, 0
112, 116, 0
112, 117, 0
112, 118, 0
112, 119, 0
112, 120, 0
112, 121, 0
112, 122, 0
112, 123, 0
112, 124, 0
112, 125, 0
112, 126, 0
112, 127, 0
112, 128, 0
112, 129, 0
112, 130, 0
112, 131, 0
112, 132, 0
112, 133, 0
112, 134, 0
112, 135, 0
112, 136, 0
112, 137, 0
112, 138, 0
112, 139, 0
112, 140, 0
112, 141, 0
112, 142, 0
112, 143, 0
112, 144, 0
112, 145, 0
112, 146, 0
112, 147, 0
112, 148, 0
113, 52, 0
113, 53, 0
113, 54, 0
113, 55, 0
113, 56, 0
113, 57, 0
113, 58, 0
113, 59, 0
113, 60, 0
113, 61, 0
113, 62, 0
113, 63, 0
113, 64, 0
113, 65, 0
113, 66, 0
113, 67, 0
113, 68, 0
113, 69, 0
113, 70, 0
113, 71, 0
113, 72, 0
113, 73, 0
113, 74, 0
113, 75, 0
113, 76, 0
113, 77, 0
113, 78, 0
113, 79, 0
113, 80, 0
113, 81, 0
113, 82, 0
113, 83, 0
113, 84, 0
113, 85, 0
113, 86, 0
113, 87, 0
113, 88, 0
113, 89, 0
113, 90, 0
113, 91, 0
113, 92, 0
113, 93, 0
113, 94, 0
113, 95, 0
113, 96, 0
113, 97, 0
113, 98, 0
113, 99, 0
113, 100, 0
113, 101, 0
113, 102, 0
113, 103, 0
113, 104, 0
113, 105, 0
113, 106, 0
113, 107, 0
113, 108, 0
113, 109, 0
113, 110, 0
113, 111, 0
113, 112, 0
113, 113, 0
113, 114, 0
113, 115, 0
113, 116, 0
113, 117, 0
113, 118, 0
113, 119, 0
113, 120, 0
113, 121, 0
113, 122, 0
113, 123, 0
113, 124, 0
113, 125, 0
113, 126, 0
113, 127, 0
113, 128, 0
113, 129, 0
113, 130, 0
113, 131, 0
113, 132, 0
113, 133, 0
113, 134, 0
113, 135, 0
113, 136, 0
113, 137, 0
113, 138, 0
113, 139, 0
113, 140, 0
113, 141, 0
113, 142, 0
113, 143, 0
113, 144, 0
113, 145, 0
113, 146, 0
113, 147, 0
113, 148, 0
114, 53, 0
114, 54, 0
114, 55, 0
114, 56, 0
114, 57, 0
114, 58, 0
114, 59, 0
114, 60, 0
114, 61, 0
114, 62, 0
114, 63, 0
114, 64, 0
114, 65, 0
114, 66, 0
114, 67, 0
114, 68, 0
114, 69, 0
114, 70, 0
114, 71, 0
114, 72, 0
114, 73, 0
114, 74, 0
114, 75, 0
114, 76, 0
114, 77, 0
114, 78, 0
114, 79, 0
114, 80, 0
114, 81, 0
114, 82, 0
114, 83, 0
114, 84, 0
114, 85, 0
114, 86, 0
114, 87, 0
114, 88, 0
114, 89, 0
114, 90, 0
114, 91, 0
114, 92, 0
114, 93, 0
114, 94, 0
114, 95, 0
114, 96, 0
114, 97, 0
114, 98, 0
114, 99, 0
114, 100, 0
114, 101, 0
114, 102, 0
114, 103, 0
114, 104, 0
114, 105, 0
114, 106, 0
114, 107, 0
114, 108, 0
114, 109, 0
114, 110, 0
114, 111, 0
114, 112, 0
114, 113, 0
114, 114, 0
114, 115, 0
114, 116, 0
114, 117, 0
114, 118, 0
114, 119, 0
114, 120, 0
114, 121, 0
114, 122, 0
114, 123, 0
114, 124, 0
114, 125, 0
114, 126, 0
114, 127, 0
114, 128, 0
114, 129, 0
114, 130, 0
114, 131, 0
114, 132, 0
114, 133, 0
114, 134, 0
114, 135, 0
114, 136, 0
114, 137, 0
114, 138, 0
114, 139, 0
114, 140, 0
114, 141, 0
114, 142, 0
114, 143, 0
114, 144, 0
114, 145, 0
114, 146, 0
114, 147, 0
115, 53, 0
115, 54, 0
115, 55, 0
115, 56, 0
115, 57, 0
115, 58, 0
115, 59, 0
115, 60, 0
115, 61, 0
115, 62, 0
115, 63, 0
115, 64, 0
115, 65, 0
115, 66, 0
115, 67, 0
115, 68, 0
115, 69, 0
115, 70, 0
115, 71, 0
115, 72, 0
115, 73, 0
115, 74, 0
115, 75, 0
115, 76, 0
115, 77, 0
115, 78, 0
115, 79, 0
115, 80, 0
115, 81, 0
115, 82, 0
115, 83, 0
115, 84, 0
115, 85, 0
115, 86, 0
115, 87, 0
115, 88, 0
115, 89, 0
115, 90, 0
115, 91, 0
115, 92, 0
115, 93, 0
115, 94, 0
115, 95, 0
115, 96, 0
115, 97, 0
115, 98, 0
115, 99, 0
115, 100, 0
115, 101, 0
115, 102, 0
115, 103, 0
115, 104, 0
115, 105, 0
115, 106, 0
115, 107, 0
115, 108, 0
115, 109, 0
115, 110, 0
115, 111, 0
115, 112, 0
115, 113, 0
115, 114, 0
115, 115, 0
115, 116, 0
115, 117, 0
115, 118, 0
115, 119, 0
115, 120, 0
115, 121, 0
115, 122, 0
115, 123, 0
115, 124, 0
115, 125, 0
115, 126, 0
115, 127, 0
115, 128, 0
115, 129, 0
115, 130, 0
115, 131, 0
115, 132, 0
115, 133, 0
115, 134, 0
115, 135, 0
115, 136, 0
115, 137, 0
115, 138, 0
115, 139, 0
115, 140, 0
115, 141, 0
115, 142, 0
115, 143, 0
115, 144, 0
115, 145, 0
115, 146, 0
115, 147, 0
116, 53, 0
116, 54, 0
116, 55, 0
116, 56, 0
116, 57, 0
116, 58, 0
116, 59, 0
116, 60, 0
116, 61, 0
116, 62, 0
116, 63, 0
116, 64, 0
116, 65, 0
116, 66, 0
116, 67, 0
116, 68, 0
116, 69, 0
116, 70, 0
116, 71, 0
116, 72, 0
116, 73, 0
116, 74, 0
116, 75, 0
116, 76, 0
116, 77, 0
116, 78, 0
116, 79, 0
116, 80, 0
116, 81, 0
116, 82, 0
116, 83, 0
116, 84, 0
116, 85, 0
116, 86, 0
116, 87, 0
116, 88, 0
116, 89, 0
116, 90, 0
116, 91, 0
116, 92, 0
116, 93, 0
116, 94, 0
116, 95, 0
116, 96, 0
116, 97, 0
116, 98, 0
116, 99, 0
116, 100, 0
116, 101, 0
116, 102, 0
116, 103, 0
116, 104, 0
116, 105, 0
116, 106, 0
116, 107, 0
116, 108, 0
116, 109, 0
116, 110, 0
116, 111, 0
116, 112, 0
116, 113, 0
116, 114, 0
116, 115, 0
116, 116, 0
116, 117, 0
116, 118, 0
116, 119, 0
116, 120, 0
116, 121, 0
116, 122, 0
116, 123, 0
116, 124, 0
116, 125, 0
116, 126, 0
116, 127, 0
116, 128, 0
116, 129, 0
116, 130, 0
116, 131, 0
116, 132, 0
116, 133, 0
116, 134, 0
116, 135, 0
116, 136, 0
116, 137, 0
116, 138, 0
116, 139, 0
116, 140, 0
116, 141, 0
116, 142, 0
116, 143, 0
116, 144, 0
116, 145, 0
116, 146, 0
116, 147, 0
117, 53, 0
117, 54, 0
117, 55, 0
117, 56, 0
117, 57, 0
117, 58, 0
117, 59, 0
117, 60, 0
117, 61, 0
117, 62, 0
117, 63, 0
117, 64, 0
117, 65, 0
117, 66, 0
117, 67, 0
117, 68, 0
117, 69, 0
117, 70, 0
117, 71, 0
117, 72, 0
117, 73, 0
117, 74, 0
117, 75, 0
117, 76, 0
117, 77, 0
117, 78, 0
117, 79, 0
117, 80, 0
117, 81, 0
117, 82, 0
117, 83, 0
117, 84, 0
117, 85, 0
117, 86, 0
117, 87, 0
117, 88, 0
117, 89, 0
117, 90, 0
117, 91, 0
117, 92, 0
117, 93, 0
117, 94, 0
117, 95, 0
117, 96, 0
117, 97, 0
117, 98, 0
117, 99, 0
117, 100, 0
117, 101, 0
117, 102, 0
117, 103, 0
117, 104, 0
117, 105, 0
117, 106, 0
117, 107, 0
117, 108, 0
117, 109, 0
117, 110, 0
117, 111, 0
117, 112, 0
117, 113, 0
117, 114, 0
117, 115, 0
117, 116, 0
117, 117, 0
117, 118, 0
117, 119, 0
117, 120, 0
117, 121, 0
117, 122, 0
117, 123, 0
117, 124, 0
117, 125, 0
117, 126, 0
117, 127, 0
117, 128, 0
117, 129, 0
117, 130, 0
117, 131, 0
117, 132, 0
117, 133, 0
117, 134, 0
117, 135, 0
117, 136, 0
117, 137, 0
117, 138, 0
117, 139, 0
117, 140, 0
117, 141, 0
117, 142, 0
117, 143, 0
117, 144, 0
117, 145, 0
117, 146, 0
117, 147, 0
118, 54, 0
118, 55, 0
118, 56, 0
118, 57, 0
118, 58, 0
118, 59, 0
118, 60, 0
118, 61, 0
118, 62, 0
118, 63, 0
118, 64, 0
118, 65, 0
118, 66, 0
118, 67, 0
118, 68, 0
118, 69, 0
118, 70, 0
118, 71, 0
118, 72, 0
118, 73, 0
118, 74, 0
118, 75, 0
118, 76, 0
118, 77, 0
118, 78, 0
118, 79, 0
118, 80, 0
118, 81, 0
118, 82, 0
118, 83, 0
118, 84, 0
118, 85, 0
118, 86, 0
118, 87, 0
118, 88, 0
118, 89, 0
118, 90, 0
118, 91, 0
118, 92, 0
118, 93, 0
118, 94, 0
118, 95, 0
118, 96, 0
118, 97, 0
118, 98, 0
118, 99, 0
118, 100, 0
118, 101, 0
118, 102, 0
118, 103, 0
118, 104, 0
118, 105, 0
118, 106, 0
118, 107, 0
118, 108, 0
118, 109, 0
118, 110, 0
118, 111, 0
118, 112, 0
118, 113, 0
118, 114, 0
118, 115, 0
118, 116, 0
118, 117, 0
118, 118, 0
118, 119, 0
118, 120, 0
118, 121, 0
118, 122, 0
118, 123, 0
118, 124, 0
118, 125, 0
118, 126, 0
118, 127, 0
118, 128, 0
118, 129, 0
118, 130, 0
118, 131, 0
118, 132, 0
118, 133, 0
118, 134, 0
118, 135, 0
118, 136, 0
118, 137, 0
118, 138, 0
118, 139, 0
118, 140, 0
118, 141, 0
118, 142, 0
118, 143, 0
118, 144, 0
118, 145, 0
118, 146, 0
119, 54, 0
119, 55, 0
119, 56, 0
119, 57, 0
119, 58, 0
119, 59, 0
119, 60, 0
119, 61, 0
119, 62, 0
119, 63, 0
119, 64, 0
119, 65, 0
119, 66, 0
119, 67, 0
119, 68, 0
119, 69, 0
119, 70, 0
119, 71, 0
119, 72, 0
119, 73, 0
119, 74, 0
119, 75, 0
119, 76, 0
119, 77, 0
119, 78, 0
119, 79, 0
119, 80, 0
119, 81, 0
119, 82, 0
119, 83, 0
119, 84, 0
119, 85, 0
119, 86, 0
119, 87, 0
119, 88, 0
119, 89, 0
119, 90, 0
119, 91, 0
119, 92, 0
119, 93, 0
119, 94, 0
119, 95, 0
119, 96, 0
119, 97, 0
119, 98, 0
119, 99, 0
119, 100, 0
119, 101, 0
119, 102, 0
119, 103, 0
119, 104, 0
119, 105, 0
119, 106, 0
119, 107, 0
119, 108, 0
119, 109, 0
119, 110, 0
119, 111, 0
119, 112, 0
119, 113, 0
119, 114, 0
119, 115, 0
119, 116, 0
119, 117, 0
119, 118, 0
119, 119, 0
119, 120, 0
119, 121, 0
119, 122, 0
119, 123, 0
119, 124, 0
119, 125, 0
119, 126, 0
119, 127, 0
119, 128, 0
119, 129, 0
119, 130, 0
119, 131, 0
119, 132, 0
119, 133, 0
119, 134, 0
119, 135, 0
119, 136, 0
119, 137, 0
119, 138, 0
119, 139, 0
119, 140, 0
119, 141, 0
119, 142, 0
119, 143, 0
119, 144, 0
119, 145, 0
119, 146, 0
120, 55, 0
120, 56, 0
120, 57, 0
120, 58, 0
120, 59, 0
120, 60, 0
120, 61, 0
120, 62, 0
120, 63, 0
120, 64, 0
120, 65, 0
120, 66, 0
120, 67, 0
120, 68, 0
120, 69, 0
120, 70, 0
120, 71, 0
120, 72, 0
120, 73, 0
120, 74, 0
120, 75, 0
120, 76, 0
120, 77, 0
120, 78, 0
120, 79, 0
120, 80, 0
120, 81, 0
120, 82, 0
120, 83, 0
120, 84, 0
120, 85, 0
120, 86, 0
120, 87, 0
120, 88, 0
120, 89, 0
120, 90, 0
120, 91, 0
120, 92, 0
120, 93, 0
120, 94, 0
120, 95, 0
120, 96, 0
120, 97, 0
120, 98, 0
120, 99, 0
120, 100, 0
120, 101, 0
120, 102, 0
120, 103, 0
120, 104, 0
120, 105, 0
120, 106, 0
120, 107, 0
120, 108, 0
120, 109, 0
120, 110, 0
120, 111, 0
120, 112, 0
120, 113, 0
120, 114, 0
120, 115, 0
120, 116, 0
120, 117, 0
120, 118, 0
120, 119, 0
120, 120, 0
120, 121, 0
120, 122, 0
120, 123, 0
120, 124, 0
120, 125, 0
120, 126, 0
120, 127, 0
120, 128, 0
120, 129, 0
120, 130, 0
120, 131, 0
120, 132, 0
120, 133, 0
120, 134, 0
120, 135, 0
120, 136, 0
120, 137, 0
120, 138, 0
120, 139, 0
120, 140, 0
120, 141, 0
120, 142, 0
120, 143, 0
120, 144, 0
120, 145, 0
121, 55, 0
121, 56, 0
121, 57, 0
121, 58, 0
121, 59, 0
121, 60, 0
121, 61, 0
121, 62, 0
121, 63, 0
121, 64, 0
121, 65, 0
121, 66, 0
121, 67, 0
121, 68, 0
121, 69, 0
121, 70, 0
121, 71, 0
121, 72, 0
121, 73, 0
121, 74, 0
121, 75, 0
121, 76, 0
121, 77, 0
121, 78, 0
121, 79, 0
121, 80, 0
121, 81, 0
121, 82, 0
121, 83, 0
121, 84, 0
121, 85, 0
121, 86, 0
121, 87, 0
121, 88, 0
121, 89, 0
121, 90, 0
121, 91, 0
121, 92, 0
121, 93, 0
121, 94, 0
121, 95, 0
121, 96, 0
121, 97, 0
121, 98, 0
121, 99, 0
121, 100, 0
121, 101, 0
121, 102, 0
121, 103, 0
121, 104, 0
121, 105, 0
121, 106, 0
121, 107, 0
121, 108, 0
121, 109, 0
121, 110, 0
121, 111, 0
121, 112, 0
121, 113, 0
121, 114, 0
121, 115, 0
121, 116, 0
121, 117, 0
121, 118, 0
121, 119, 0
121, 120, 0
121, 121, 0
121, 122, 0
121, 123, 0
121, 124, 0
121, 125, 0
121, 126, 0
121, 127, 0
121, 128, 0
121, 129, 0
121, 130, 0
121, 131, 0
121, 132, 0
121, 133, 0
121, 134, 0
121, 135, 0
121, 136, 0
121, 137, 0
121, 138, 0
121, 139, 0
121, 140, 0
121, 141, 0
121, 142, 0
121, 143, 0
121, 144, 0
121, 145, 0
122, 56, 0
122, 57, 0
122, 58, 0
122, 59, 0
122, 60, 0
122, 61, 0
122, 62, 0
122, 63, 0
122, 64, 0
122, 65, 0
122, 66, 0
122, 67, 0
122, 68, 0
122, 69, 0
122, 70, 0
122, 71, 0
122, 72, 0
122, 73, 0
122, 74, 0
122, 75, 0
122, 76, 0
122, 77, 0
122, 78, 0
122, 79, 0
122, 80, 0
122, 81, 0
122, 82, 0
122, 83, 0
122, 84, 0
122, 85, 0
122, 86, 0
122, 87, 0
122, 88, 0
122, 89, 0
122, 90, 0
122, 91, 0
122, 92, 0
122, 93, 0
122, 94, 0
122, 95, 0
122, 96, 0
122, 97, 0
122, 98, 0
122, 99, 0
122, 100, 0
122, 101, 0
122, 102, 0
122, 103, 0
122, 104, 0
122, 105, 0
122, 106, 0
122, 107, 0
122, 108, 0
122, 109, 0
122, 110, 0
122, 111, 0
122, 112, 0
122, 113, 0
122, 114, 0
122, 115, 0
122, 116, 0
122, 117, 0
122, 118, 0
122, 119, 0
122, 120, 0
122, 121, 0
122, 122, 0
122, 123, 0
122, 124, 0
122, 125, 0
122, 126, 0
122, 127, 0
122, 128, 0
122, 129, 0
122, 130, 0
122, 131, 0
122, 132, 0
122, 133, 0
122, 134, 0
122, 135, 0
122, 136, 0
122, 137, 0
122, 138, 0
122, 139, 0
122, 140, 0
122, 141, 0
122, 142, 0
122, 143, 0
122, 144, 0
123, 56, 0
123, 57, 0
123, 58, 0
123, 59, 0
123, 60, 0
123, 61, 0
123, 62, 0
123, 63, 0
123, 64, 0
123, 65, 0
123, 66, 0
123, 67, 0
123, 68, 0
123, 69, 0
123, 70, 0
123, 71, 0
123, 72, 0
123, 73, 0
123, 74, 0
123, 75, 0
123, 76, 0
123, 77, 0
123, 78, 0
123, 79, 0
123, 80, 0
123, 81, 0
123, 82, 0
123, 83, 0
123, 84, 0
123, 85, 0
123, 86, 0
123, 87, 0
123, 88, 0
123, 89, 0
123, 90, 0
123, 91, 0
123, 92, 0
123, 93, 0
123, 94, 0
123, 95, 0
123, 96, 0
123, 97, 0
123, 98, 0
123, 99, 0
123, 100, 0
123, 101, 0
123, 102, 0
123, 103, 0
123, 104, 0
123, 105, 0
123, 106, 0
123, 107, 0
123, 108, 0
123, 109, 0
123, 110, 0
123, 111, 0
123, 112, 0
123, 113, 0
123, 114, 0
123, 115, 0
123, 116, 0
123, 117, 0
123, 118, 0
123, 119, 0
123, 120, 0
123, 121, 0
123, 122, 0
123, 123, 0
123, 124, 0
123, 125, 0
123, 126, 0
123, 127, 0
123, 128, 0
123, 129, 0
123, 130, 0
123, 131, 0
123, 132, 0
123, 133, 0
123, 134, 0
123, 135, 0
123, 136, 0
123, 137, 0
123, 138, 0
123, 139, 0
123, 140, 0
123, 141, 0
123, 142, 0
123, 143, 0
123, 144, 0
124, 57, 0
124, 58, 0
124, 59, 0
124, 60, 0
124, 61, 0
124, 62, 0
124, 63, 0
124, 64, 0
124, 65, 0
124, 66, 0
124, 67, 0
124, 68, 0
124, 69, 0
124, 70, 0
124, 71, 0
124, 72, 0
124, 73, 0
124, 74, 0
124, 75, 0
124, 76, 0
124, 77, 0
124, 78, 0
124, 79, 0
124, 80, 0
124, 81, 0
124, 82, 0
124, 83, 0
124, 84, 0
124, 85, 0
124, 86, 0
124, 87, 0
124, 88, 0
124, 89, 0
124, 90, 0
124, 91, 0
124, 92, 0
124, 93, 0
124, 94, 0
124, 95, 0
124, 96, 0
124, 97, 0
124, 98, 0
124, 99, 0
124, 100, 0
124, 101, 0
124, 102, 0
124, 103, 0
124, 104, 0
124, 105, 0
124, 106, 0
124, 107, 0
124, 108, 0
124, 109, 0
124, 110, 0
124, 111, 0
124, 112, 0
124, 113, 0
124, 114, 0
124, 115, 0
124, 116, 0
124, 117, 0
124, 118, 0
124, 119, 0
124, 120, 0
124, 121, 0
124, 122, 0
124, 123, 0
124, 124, 0
124, 125, 0
124, 126, 0
124, 127, 0
124, 128, 0
124, 129, 0
124, 130, 0
124, 131, 0
124, 132, 0
124, 133, 0
124, 134, 0
124, 135, 0
124, 136, 0
124, 137, 0
124, 138, 0
124, 139, 0
124, 140, 0
124, 141, 0
124, 142, 0
124, 143, 0
125, 57, 0
125, 58, 0
125, 59, 0
125, 60, 0
125, 61, 0
125, 62, 0
125, 63, 0
125, 64, 0
125, 65, 0
125, 66, 0
125, 67, 0
125, 68, 0
125, 69, 0
125, 70, 0
125, 71, 0
125, 72, 0
125, 73, 0
125, 74, 0
125, 75, 0
125, 76, 0
125, 77, 0
125, 78, 0
125, 79, 0
125, 80, 0
125, 81, 0
125, 82, 0
125, 83, 0
125, 84, 0
125, 85, 0
125, 86, 0
125, 87, 0
125, 88, 0
125, 89, 0
125, 90, 0
125, 91, 0
125, 92, 0
125, 93, 0
125, 94, 0
125, 95, 0
125, 96, 0
125, 97, 0
125, 98, 0
125, 99, 0
125, 100, 0
125, 101, 0
125, 102, 0
125, 103, 0
125, 104, 0
125, 105, 0
125, 106, 0
125, 107, 0
125, 108, 0
125, 109, 0
125, 110, 0
125, 111, 0
125, 112, 0
125, 113, 0
125, 114, 0
125, 115, 0
125, 116, 0
125, 117, 0
125, 118, 0
125, 119, 0
125, 120, 0
125, 121, 0
125, 122, 0
125, 123, 0
125, 124, 0
125, 125, 0
125, 126, 0
125, 127, 0
125, 128, 0
125, 129, 0
125, 130, 0
125, 131, 0
125, 132, 0
125, 133, 0
125, 134, 0
125, 135, 0
125, 136, 0
125, 137, 0
125, 138, 0
125, 139, 0
125, 140, 0
125, 141, 0
125, 142, 0
125, 143, 0
126, 58, 0
126, 59, 0
126, 60, 0
126, 61, 0
126, 62, 0
126, 63, 0
126, 64, 0
126, 65, 0
126, 66, 0
126, 67, 0
126, 68, 0
126, 69, 0
126, 70, 0
126, 71, 0
126, 72, 0
126, 73, 0
126, 74, 0
126, 75, 0
126, 76, 0
126, 77, 0
126, 78, 0
126, 79, 0
126, 80, 0
126, 81, 0
126, 82, 0
126, 83, 0
126, 84, 0
126, 85, 0
126, 86, 0
126, 87, 0
126, 88, 0
126, 89, 0
126, 90, 0
126, 91, 0
126, 92, 0
126, 93, 0
126, 94, 0
126, 95, 0
126, 96, 0
126, 97, 0
126, 98, 0
126, 99, 0
126, 100, 0
126, 101, 0
126, 102, 0
126, 103, 0
126, 104, 0
126, 105, 0
126, 106, 0
126, 107, 0
126, 108, 0
126, 109, 0
126, 110, 0
126, 111, 0
126, 112, 0
126, 113, 0
126, 114, 0
126, 115, 0
126, 116, 0
126, 117, 0
126, 118, 0
126, 119, 0
126, 120, 0
126, 121, 0
126, 122, 0
126, 123, 0
126, 124, 0
126, 125, 0
126, 126, 0
126, 127, 0
126, 128, 0
126, 129, 0
126, 130, 0
126, 131, 0
126, 132, 0
126, 133, 0
126, 134, 0
126, 135, 0
126, 136, 0
126, 137, 0
126, 138, 0
126, 139, 0
126, 140, 0
126, 141, 0
126, 142, 0
127, 58, 0
127, 59, 0
127, 60, 0
127, 61, 0
127, 62, 0
127, 63, 0
127, 64, 0
127, 65, 0
127, 66, 0
127, 67, 0
127, 68, 0
127, 69, 0
127, 70, 0
127, 71, 0
127, 72, 0
127, 73, 0
127, 74, 0
127, 75, 0
127, 76, 0
127, 77, 0
127, 78, 0
127, 79, 0
127, 80, 0
127, 81, 0
127, 82, 0
127, 83, 0
127, 84, 0
127, 85, 0
127, 86, 0
127, 87, 0
127, 88, 0
127, 89, 0
127, 90, 0
127, 91, 0
127, 92, 0
127, 93, 0
127, 94, 0
127, 95, 0
127, 96, 0
127, 97, 0
127, 98, 0
127, 99, 0
127, 100, 0
127, 101, 0
127, 102, 0
127, 103, 0
127, 104, 0
127, 105, 0
127, 106, 0
127, 107, 0
127, 108, 0
127, 109, 0
127, 110, 0
127, 111, 0
127, 112, 0
127, 113, 0
127, 114, 0
127, 115, 0
127, 116, 0
127, 117, 0
127, 118, 0
127, 119, 0
127, 120, 0
127, 121, 0
127, 122, 0
127, 123, 0
127, 124, 0
127, 125, 0
127, 126, 0
127, 127, 0
127, 128, 0
127, 129, 0
127, 130, 0
127, 131, 0
127, 132, 0
127, 133, 0
127, 134, 0
127, 135, 0
127, 136, 0
127, 137, 0
127, 138, 0
127, 139, 0
127, 140, 0
127, 141, 0
127, 142, 0
128, 59, 0
128, 60, 0
128, 61, 0
128, 62, 0
128, 63, 0
128, 64, 0
128, 65, 0
128, 66, 0
128, 67, 0
128, 68, 0
128, 69, 0
128, 70, 0
128, 71, 0
128, 72, 0
128, 73, 0
128, 74, 0
128, 75, 0
128, 76, 0
128, 77, 0
128, 78, 0
128, 79, 0
128, 80, 0
128, 81, 0
128, 82, 0
128, 83, 0
128, 84, 0
128, 85, 0
128, 86, 0
128, 87, 0
128, 88, 0
128, 89, 0
128, 90, 0
128, 91, 0
128, 92, 0
128, 93, 0
128, 94, 0
128, 95, 0
128, 96, 0
128, 97, 0
128, 98, 0
128, 99, 0
128, 100, 0
128, 101, 0
128, 102, 0
128, 103, 0
128, 104, 0
128, 105, 0
128, 106, 0
128, 107, 0
128, 108, 0
128, 109, 0
128, 110, 0
128, 111, 0
128, 112, 0
128, 113, 0
128, 114, 0
128, 115, 0
128, 116, 0
128, 117, 0
128, 118, 0
128, 119, 0
128, 120, 0
128, 121, 0
128, 122, 0
128, 123, 0
128, 124, 0
128, 125, 0
128, 126, 0
128, 127, 0
128, 128, 0
128, 129, 0
128, 130, 0
128, 131, 0
128, 132, 0
128, 133, 0
128, 134, 0
128, 135, 0
128, 136, 0
128, 137, 0
128, 138, 0
128, 139, 0
128, 140, 0
128, 141, 0
129, 60, 0
129, 61, 0
129, 62, 0
129, 63, 0
129, 64, 0
129, 65, 0
129, 66, 0
129, 67, 0
129, 68, 0
129, 69, 0
129, 70, 0
129, 71, 0
129, 72, 0
129, 73, 0
129, 74, 0
129, 75, 0
129, 76, 0
129, 77, 0
129, 78, 0
129, 79, 0
129, 80, 0
129, 81, 0
129, 82, 0
129, 83, 0
129, 84, 0
129, 85, 0
129, 86, 0
129, 87, 0
129, 88, 0
129, 89, 0
129, 90, 0
129, 91, 0
129, 92, 0
129, 93, 0
129, 94, 0
129, 95, 0
129, 96, 0
129, 97, 0
129, 98, 0
129, 99, 0
129, 100, 0
129, 101, 0
129, 102, 0
129, 103, 0
129, 104, 0
129, 105, 0
129, 106, 0
129, 107, 0
129, 108, 0
129, 109, 0
129, 110, 0
129, 111, 0
129, 112, 0
129, 113, 0
129, 114, 0
129, 115, 0
129, 116, 0
129, 117, 0
129, 118, 0
129, 119, 0
129, 120, 0
129, 121, 0
129, 122, 0
129, 123, 0
129, 124, 0
129, 125, 0
129, 126, 0
129, 127, 0
129, 128, 0
129, 129, 0
129, 130, 0
129, 131, 0
129, 132, 0
129, 133, 0
129, 134, 0
129, 135, 0
129, 136, 0
129, 137, 0
129, 138, 0
129, 139, 0
129, 140, 0
130, 61, 0
130, 62, 0
130, 63, 0
130, 64, 0
130, 65, 0
130, 66, 0
130, 67, 0
130, 68, 0
130, 69, 0
130, 70, 0
130, 71, 0
130, 72, 0
130, 73, 0
130, 74, 0
130, 75, 0
130, 76, 0
130, 77, 0
130, 78, 0
130, 79, 0
130, 80, 0
130, 81, 0
130, 82, 0
130, 83, 0
130, 84, 0
130, 85, 0
130, 86, 0
130, 87, 0
130, 88, 0
130, 89, 0
130, 90, 0
130, 91, 0
130, 92, 0
130, 93, 0
130, 94, 0
130, 95, 0
130, 96, 0
130, 97, 0
130, 98, 0
130, 99, 0
130, 100, 0
130, 101, 0
130, 102, 0
130, 103, 0
130, 104, 0
130, 105, 0
130, 106, 0
130, 107, 0
130, 108, 0
130, 109, 0
130, 110, 0
130, 111, 0
130, 112, 0
130, 113, 0
130, 114, 0
130, 115, 0
130, 116, 0
130, 117, 0
130, 118, 0
130, 119, 0
130, 120, 0
130, 121, 0
130, 122, 0
130, 123, 0
130, 124, 0
130, 125, 0
130, 126, 0
130, 127, 0
130, 128, 0
130, 129, 0
130, 130, 0
130, 131, 0
130, 132, 0
130, 133, 0
130, 134, 0
130, 135, 0
130, 136, 0
130, 137, 0
130, 138, 0
130, 139, 0
131, 61, 0
131, 62, 0
131, 63, 0
131, 64, 0
131, 65, 0
131, 66, 0
131, 67, 0
131, 68, 0
131, 69, 0
131, 70, 0
131, 71, 0
131, 72, 0
131, 73, 0
131, 74, 0
131, 75, 0
131, 76, 0
131, 77, 0
131, 78, 0
131, 79, 0
131, 80, 0
131, 81, 0
131, 82, 0
131, 83, 0
131, 84, 0
131, 85, 0
131, 86, 0
131, 87, 0
131, 88, 0
131, 89, 0
131, 90, 0
131, 91, 0
131, 92, 0
131, 93, 0
131, 94, 0
131, 95, 0
131, 96, 0
131, 97, 0
131, 98, 0
131, 99, 0
131, 100, 0
131, 101, 0
131, 102, 0
131, 103, 0
131, 104, 0
131, 105, 0
131, 106, 0
131, 107, 0
131, 108, 0
131, 109, 0
131, 110, 0
131, 111, 0
131, 112, 0
131, 113, 0
131, 114, 0
131, 115, 0
131, 116, 0
131, 117, 0
131, 118, 0
131, 119, 0
131, 120, 0
131, 121, 0
131, 122, 0
131, 123, 0
131, 124, 0
131, 125, 0
131, 126, 0
131, 127, 0
131, 128, 0
131, 129, 0
131, 130, 0
131, 131, 0
131, 132, 0
131, 133, 0
131, 134, 0
131, 135, 0
131, 136, 0
131, 137, 0
131, 138, 0
131, 139, 0
132, 62, 0
132, 63, 0
132, 64, 0
132, 65, 0
132, 66, 0
132, 67, 0
132, 68, 0
132, 69, 0
132, 70, 0
132, 71, 0
132, 72, 0
132, 73, 0
132, 74, 0
132, 75, 0
132, 76, 0
132, 77, 0
132, 78, 0
132, 79, 0
132, 80, 0
132, 81, 0
132, 82, 0
132, 83, 0
132, 84, 0
132, 85, 0
132, 86, 0
132, 87, 0
132, 88, 0
132, 89, 0
132, 90, 0
132, 91, 0
132, 92, 0
132, 93, 0
132, 94, 0
132, 95, 0
132, 96, 0
132, 97, 0
132, 98, 0
132, 99, 0
132, 100, 0
132, 101, 0
132, 102, 0
132, 103, 0
132, 104, 0
132, 105, 0
132, 106, 0
132, 107, 0
132, 108, 0
132, 109, 0
132, 110, 0
132, 111, 0
132, 112, 0
132, 113, 0
132, 114, 0
132, 115, 0
132, 116, 0
132, 117, 0
132, 118, 0
132, 119, 0
132, 120, 0
132, 121, 0
132, 122, 0
132, 123, 0
132, 124, 0
132, 125, 0
132, 126, 0
132, 127, 0
132, 128, 0
132, 129, 0
132, 130, 0
132, 131, 0
132, 132, 0
132, 133, 0
132, 134, 0
132, 135, 0
132, 136, 0
132, 137, 0
132, 138, 0
133, 63, 0
133, 64, 0
133, 65, 0
133, 66, 0
133, 67, 0
133, 68, 0
133, 69, 0
133, 70, 0
133, 71, 0
133, 72, 0
133, 73, 0
133, 74, 0
133, 75, 0
133, 76, 0
133, 77, 0
133, 78, 0
133, 79, 0
133, 80, 0
133, 81, 0
133, 82, 0
133, 83, 0
133, 84, 0
133, 85, 0
133, 86, 0
133, 87, 0
133, 88, 0
133, 89, 0
133, 90, 0
133, 91, 0
133, 92, 0
133, 93, 0
133, 94, 0
133, 95, 0
133, 96, 0
133, 97, 0
133, 98, 0
133, 99, 0
133, 100, 0
133, 101, 0
133, 102, 0
133, 103, 0
133, 104, 0
133, 105, 0
133, 106, 0
133, 107, 0
133, 108, 0
133, 109, 0
133, 110, 0
133, 111, 0
133, 112, 0
133, 113, 0
133, 114, 0
133, 115, 0
133, 116, 0
133, 117, 0
133, 118, 0
133, 119, 0
133, 120, 0
133, 121, 0
133, 122, 0
133, 123, 0
133, 124, 0
133, 125, 0
133, 126, 0
133, 127, 0
133, 128, 0
133, 129, 0
133, 130, 0
133, 131, 0
133, 132, 0
133, 133, 0
133, 134, 0
133, 135, 0
133, 136, 0
133, 137, 0
134, 64, 0
134, 65, 0
134, 66, 0
134, 67, 0
134, 68, 0
134, 69, 0
134, 70, 0
134, 71, 0
134, 72, 0
134, 73, 0
134, 74, 0
134, 75, 0
134, 76, 0
134, 77, 0
134, 78, 0
134, 79, 0
134, 80, 0
134, 81, 0
134, 82, 0
134, 83, 0
134, 84, 0
134, 85, 0
134, 86, 0
134, 87, 0
134, 88, 0
134, 89, 0
134, 90, 0
134, 91, 0
134, 92, 0
134, 93, 0
134, 94, 0
134, 95, 0
134, 96, 0
134, 97, 0
134, 98, 0
134, 99, 0
134, 100, 0
134, 101, 0
134, 102, 0
134, 103, 0
134, 104, 0
134, 105, 0
134, 106, 0
134, 107, 0
134, 108, 0
134, 109, 0
134, 110, 0
134, 111, 0
134, 112, 0
134, 113, 0
134, 114, 0
134, 115, 0
134, 116, 0
134, 117, 0
134, 118, 0
134, 119, 0
134, 120, 0
134, 121, 0
134, 122, 0
134, 123, 0
134, 124, 0
134, 125, 0
134, 126, 0
134, 127, 0
134, 128, 0
134, 129, 0
134, 130, 0
134, 131, 0
134, 132, 0
134, 133, 0
134, 134, 0
134, 135, 0
134, 136, 0
135, 65, 0
135, 66, 0
135, 67, 0
135, 68, 0
135, 69, 0
135, 70, 0
135, 71, 0
135, 72, 0
135, 73, 0
135, 74, 0
135, 75, 0
135, 76, 0
135, 77, 0
135, 78, 0
135, 79, 0
135, 80, 0
135, 81, 0
135, 82, 0
135, 83, 0
135, 84, 0
135, 85, 0
135, 86, 0
135, 87, 0
135, 88, 0
135, 89, 0
135, 90, 0
135, 91, 0
135, 92, 0
135, 93, 0
135, 94, 0
135, 95, 0
135, 96, 0
135, 97, 0
135, 98, 0
135, 99, 0
135, 100, 0
135, 101, 0
135, 102, 0
135, 103, 0
135, 104, 0
135, 105, 0
135, 106, 0
135, 107, 0
135, 108, 0
135, 109, 0
135, 110, 0
135, 111, 0
135, 112, 0
135, 113, 0
135, 114, 0
135, 115, 0
135, 116, 0
135, 117, 0
135, 118, 0
135, 119, 0
135, 120, 0
135, 121, 0
135, 122, 0
135, 123, 0
135, 124, 0
135, 125, 0
135, 126, 0
135, 127, 0
135, 128, 0
135, 129, 0
135, 130, 0
135, 131, 0
135, 132, 0
135, 133, 0
135, 134, 0
135, 135, 0
136, 66, 0
136, 67, 0
136, 68, 0
136, 69, 0
136, 70, 0
136, 71, 0
136, 72, 0
136, 73, 0
136, 74, 0
136, 75, 0
136, 76, 0
136, 77, 0
136, 78, 0
136, 79, 0
136, 80, 0
136, 81, 0
136, 82, 0
136, 83, 0
136, 84, 0
136, 85, 0
136, 86, 0
136, 87, 0
136, 88, 0
136, 89, 0
136, 90, 0
136, 91, 0
136, 92, 0
136, 93, 0
136, 94, 0
136, 95, 0
136, 96, 0
136, 97, 0
136, 98, 0
136, 99, 0
136, 100, 0
136, 101, 0
136, 102, 0
136, 103, 0
136, 104, 0
136, 105, 0
136, 106, 0
136, 107, 0
136, 108, 0
136, 109, 0
136, 110, 0
136, 111, 0
136, 112, 0
136, 113, 0
136, 114, 0
136, 115, 0
136, 116, 0
136, 117, 0
136, 118, 0
136, 119, 0
136, 120, 0
136, 121, 0
136, 122, 0
136, 123, 0
136, 124, 0
136, 125, 0
136, 126, 0
136, 127, 0
136, 128, 0
136, 129, 0
136, 130, 0
136, 131, 0
136, 132, 0
136, 133, 0
136, 134, 0
137, 67, 0
137, 68, 0
137, 69, 0
137, 70, 0
137, 71, 0
137, 72, 0
137, 73, 0
137, 74, 0
137, 75, 0
137, 76, 0
137, 77, 0
137, 78, 0
137, 79, 0
137, 80, 0
137, 81, 0
137, 82, 0
137, 83, 0
137, 84, 0
137, 85, 0
137, 86, 0
137, 87, 0
137, 88, 0
137, 89, 0
137, 90, 0
137, 91, 0
137, 92, 0
137, 93, 0
137, 94, 0
137, 95, 0
137, 96, 0
137, 97, 0
137, 98, 0
137, 99, 0
137, 100, 0
137, 101, 0
137, 102, 0
137, 103, 0
137, 104, 0
137, 105, 0
137, 106, 0
137, 107, 0
137, 108, 0
137, 109, 0
137, 110, 0
137, 111, 0
137, 112, 0
137, 113, 0
137, 114, 0
137, 115, 0
137, 116, 0
137, 117, 0
137, 118, 0
137, 119, 0
137, 120, 0
137, 121, 0
137, 122, 0
137, 123, 0
137, 124, 0
137, 125, 0
137, 126, 0
137, 127, 0
137, 128, 0
137, 129, 0
137, 130, 0
137, 131, 0
137, 132, 0
137, 133, 0
138, 68, 0
138, 69, 0
138, 70, 0
138, 71, 0
138, 72, 0
138, 73, 0
138, 74, 0
138, 75, 0
138, 76, 0
138, 77, 0
138, 78, 0
138, 79, 0
138, 80, 0
138, 81, 0
138, 82, 0
138, 83, 0
138, 84, 0
138, 85, 0
138, 86, 0
138, 87, 0
138, 88, 0
138, 89, 0
138, 90, 0
138, 91, 0
138, 92, 0
138, 93, 0
138, 94, 0
138, 95, 0
138, 96, 0
138, 97, 0
138, 98, 0
138, 99, 0
138, 100, 0
138, 101, 0
138, 102, 0
138, 103, 0
138, 104, 0
138, 105, 0
138, 106, 0
138, 107, 0
138, 108, 0
138, 109, 0
138, 110, 0
138, 111, 0
138, 112, 0
138, 113, 0
138, 114, 0
138, 115, 0
138, 116, 0
138, 117, 0
138, 118, 0
138, 119, 0
138, 120, 0
138, 121, 0
138, 122, 0
138, 123, 0
138, 124, 0
138, 125, 0
138, 126, 0
138, 127, 0
138, 128, 0
138, 129, 0
138, 130, 0
138, 131, 0
138, 132, 0
139, 69, 0
139, 70, 0
139, 71, 0
139, 72, 0
139, 73, 0
139, 74, 0
139, 75, 0
139, 76, 0
139, 77, 0
139, 78, 0
139, 79, 0
139, 80, 0
139, 81, 0
139, 82, 0
139, 83, 0
139, 84, 0
139, 85, 0
139, 86, 0
139, 87, 0
139, 88, 0
139, 89, 0
139, 90, 0
139, 91, 0
139, 92, 0
139, 93, 0
139, 94, 0
139, 95, 0
139, 96, 0
139, 97, 0
139, 98, 0
139, 99, 0
139, 100, 0
139, 101, 0
139, 102, 0
139, 103, 0
139, 104, 0
139, 105, 0
139, 106, 0
139, 107, 0
139, 108, 0
139, 109, 0
139, 110, 0
139, 111, 0
139, 112, 0
139, 113, 0
139, 114, 0
139, 115, 0
139, 116, 0
139, 117, 0
139, 118, 0
139, 119, 0
139, 120, 0
139, 121, 0
139, 122, 0
139, 123, 0
139, 124, 0
139, 125, 0
139, 126, 0
139, 127, 0
139, 128, 0
139, 129, 0
139, 130, 0
139, 131, 0
140, 71, 0
140, 72, 0
140, 73, 0
140, 74, 0
140, 75, 0
140, 76, 0
140, 77, 0
140, 78, 0
140, 79, 0
140, 80, 0
140, 81, 0
140, 82, 0
140, 83, 0
140, 84, 0
140, 85, 0
140, 86, 0
140, 87, 0
140, 88, 0
140, 89, 0
140, 90, 0
140, 91, 0
140, 92, 0
140, 93, 0
140, 94, 0
140, 95, 0
140, 96, 0
140, 97, 0
140, 98, 0
140, 99, 0
140, 100, 0
140, 101, 0
140, 102, 0
140, 103, 0
140, 104, 0
140, 105, 0
140, 106, 0
140, 107, 0
140, 108, 0
140, 109, 0
140, 110, 0
140, 111, 0
140, 112, 0
140, 113, 0
140, 114, 0
140, 115, 0
140, 116, 0
140, 117, 0
140, 118, 0
140, 119, 0
140, 120, 0
140, 121, 0
140, 122, 0
140, 123, 0
140, 124, 0
140, 125, 0
140, 126, 0
140, 127, 0
140, 128, 0
140, 129, 0
141, 72, 0
141, 73, 0
141, 74, 0
141, 75, 0
141, 76, 0
141, 77, 0
141, 78, 0
141, 79, 0
141, 80, 0
141, 81, 0
141, 82, 0
141, 83, 0
141, 84, 0
141, 85, 0
141, 86, 0
141, 87, 0
141, 88, 0
141, 89, 0
141, 90, 0
141, 91, 0
141, 92, 0
141, 93, 0
141, 94, 0
141, 95, 0
141, 96, 0
141, 97, 0
141, 98, 0
141, 99, 0
141, 100, 0
141, 101, 0
141, 102, 0
141, 103, 0
141, 104, 0
141, 105, 0
141, 106, 0
141, 107, 0
141, 108, 0
141, 109, 0
141, 110, 0
141, 111, 0
141, 112, 0
141, 113, 0
141, 114, 0
141, 115, 0
141, 116, 0
141, 117, 0
141, 118, 0
141, 119, 0
141, 120, 0
141, 121, 0
141, 122, 0
141, 123, 0
141, 124, 0
141, 125, 0
141, 126, 0
141, 127, 0
141, 128, 0
142, 73, 0
142, 74, 0
142, 75, 0
142, 76, 0
142, 77, 0
142, 78, 0
142, 79, 0
142, 80, 0
142, 81, 0
142, 82, 0
142, 83, 0
142, 84, 0
142, 85, 0
142, 86, 0
142, 87, 0
142, 88, 0
142, 89, 0
142, 90, 0
142, 91, 0
142, 92, 0
142, 93, 0
142, 94, 0
142, 95, 0
142, 96, 0
142, 97, 0
142, 98, 0
142, 99, 0
142, 100, 0
142, 101, 0
142, 102, 0
142, 103, 0
142, 104, 0
142, 105, 0
142, 106, 0
142, 107, 0
142, 108, 0
142, 109, 0
142, 110, 0
142, 111, 0
142, 112, 0
142, 113, 0
142, 114, 0
142, 115, 0
142, 116, 0
142, 117, 0
142, 118, 0
142, 119, 0
142, 120, 0
142, 121, 0
142, 122, 0
142, 123, 0
142, 124, 0
142, 125, 0
142, 126, 0
142, 127, 0
143, 75, 0
143, 76, 0
143, 77, 0
143, 78, 0
143, 79, 0
143, 80, 0
143, 81, 0
143, 82, 0
143, 83, 0
143, 84, 0
143, 85, 0
143, 86, 0
143, 87, 0
143, 88, 0
143, 89, 0
143, 90, 0
143, 91, 0
143, 92, 0
143, 93, 0
143, 94, 0
143, 95, 0
143, 96, 0
143, 97, 0
143, 98, 0
143, 99, 0
143, 100, 0
143, 101, 0
143, 102, 0
143, 103, 0
143, 104, 0
143, 105, 0
143, 106, 0
143, 107, 0
143, 108, 0
143, 109, 0
143, 110, 0
143, 111, 0
143, 112, 0
143, 113, 0
143, 114, 0
143, 115, 0
143, 116, 0
143, 117, 0
143, 118, 0
143, 119, 0
143, 120, 0
143, 121, 0
143, 122, 0
143, 123, 0
143, 124, 0
143, 125, 0
144, 77, 0
144, 78, 0
144, 79, 0
144, 80, 0
144, 81, 0
144, 82, 0
144, 83, 0
144, 84, 0
144, 85, 0
144, 86, 0
144, 87, 0
144, 88, 0
144, 89, 0
144, 90, 0
144, 91, 0
144, 92, 0
144, 93, 0
144, 94, 0
144, 95, 0
144, 96, 0
144, 97, 0
144, 98, 0
144, 99, 0
144, 100, 0
144, 101, 0
144, 102, 0
144, 103, 0
144, 104, 0
144, 105, 0
144, 106, 0
144, 107, 0
144, 108, 0
144, 109, 0
144, 110, 0
144, 111, 0
144, 112, 0
144, 113, 0
144, 114, 0
144, 115, 0
144, 116, 0
144, 117, 0
144, 118, 0
144, 119, 0
144, 120, 0
144, 121, 0
144, 122, 0
144, 123, 0
145, 79, 0
145, 80, 0
145, 81, 0
145, 82, 0
145, 83, 0
145, 84, 0
145, 85, 0
145, 86, 0
145, 87, 0
145, 88, 0
145, 89, 0
145, 90, 0
145, 91, 0
145, 92, 0
145, 93, 0
145, 94, 0
145, 95, 0
145, 96, 0
145, 97, 0
145, 98, 0
145, 99, 0
145, 100, 0
145, 101, 0
145, 102, 0
145, 103, 0
145, 104, 0
145, 105, 0
145, 106, 0
145, 107, 0
145, 108, 0
145, 109, 0
145, 110, 0
145, 111, 0
145, 112, 0
145, 113, 0
145, 114, 0
145, 115, 0
145, 116, 0
145, 117, 0
145, 118, 0
145, 119, 0
145, 120, 0
145, 121, 0
146, 81, 0
146, 82, 0
146, 83, 0
146, 84, 0
146, 85, 0
146, 86, 0
146, 87, 0
146, 88, 0
146, 89, 0
146, 90, 0
146, 91, 0
146, 92, 0
146, 93, 0
146, 94, 0
146, 95, 0
146, 96, 0
146, 97, 0
146, 98, 0
146, 99, 0
146, 100, 0
146, 101, 0
146, 102, 0
146, 103, 0
146, 104, 0
146, 105, 0
146, 106, 0
146, 107, 0
146, 108, 0
146, 109, 0
146, 110, 0
146, 111, 0
146, 112, 0
146, 113, 0
146, 114, 0
146, 115, 0
146, 116, 0
146, 117, 0
146, 118, 0
146, 119, 0
147, 83, 0
147, 84, 0
147, 85, 0
147, 86, 0
147, 87, 0
147, 88, 0
147, 89, 0
147, 90, 0
147, 91, 0
147, 92, 0
147, 93, 0
147, 94, 0
147, 95, 0
147, 96, 0
147, 97, 0
147, 98, 0
147, 99, 0
147, 100, 0
147, 101, 0
147, 102, 0
147, 103, 0
147, 104, 0
147, 105, 0
147, 106, 0
147, 107, 0
147, 108, 0
147, 109, 0
147, 110, 0
147, 111, 0
147, 112, 0
147, 113, 0
147, 114, 0
147, 115, 0
147, 116, 0
147, 117, 0
148, 87, 0
148, 88, 0
148, 89, 0
148, 90, 0
148, 91, 0
148, 92, 0
148, 93, 0
148, 94, 0
148, 95, 0
148, 96, 0
148, 97, 0
148, 98, 0
148, 99, 0
148, 100, 0
148, 101, 0
148, 102, 0
148, 103, 0
148, 104, 0
148, 105, 0
148, 106, 0
148, 107, 0
148, 108, 0
148, 109, 0
148, 110, 0
148, 111, 0
148, 112, 0
148, 113, 0
149, 91, 0
149, 92, 0
149, 93, 0
149, 94, 0
149, 95, 0
149, 96, 0
149, 97, 0
149, 98, 0
149, 99, 0
149, 100, 0
149, 101, 0
149, 102, 0
149, 103, 0
149, 104, 0
149, 105, 0
149, 106, 0
149, 107, 0
149, 108, 0
149, 109, 0
150, 91, 0
151, 91, 0
