226, 244, 0
226, 244, 1
226, 244, 2
226, 245, 0
226, 246, 0
226, 247, 0
226, 248, 0
226, 249, 0
226, 250, 0
226, 251, 0
226, 252, 0
226, 253, 0
226, 254, 0
226, 255, 0
226, 256, 0
226, 257, 0
226, 258, 0
227, 241, 0
227, 242, 0
227, 243, 0
227, 244, 0
227, 245, 0
227, 246, 0
227, 247, 0
227, 248, 0
227, 249, 0
227, 250, 0
227, 251, 0
227, 252, 0
227, 253, 0
227, 254, 0
227, 255, 0
227, 256, 0
227, 257, 0
227, 258, 0
227, 259, 0
228, 239, 0
228, 240, 0
228, 241, 0
228, 242, 0
228, 243, 0
228, 244, 0
228, 245, 0
228, 246, 0
228, 247, 0
228, 248, 0
228, 249, 0
228, 250, 0
228, 251, 0
228, 252, 0
228, 253, 0
228, 254, 0
228, 255, 0
228, 256, 0
228, 257, 0
228, 258, 0
228, 259, 0
228, 260, 0
228, 261, 0
229, 237, 0
229, 238, 0
229, 239, 0
229, 240, 0
229, 241, 0
229, 242, 0
229, 243, 0
229, 244, 0
229, 245, 0
229, 246, 0
229, 247, 0
229, 248, 0
229, 249, 0
229, 250, 0
229, 251, 0
229, 252, 0
229, 253, 0
229, 254, 0
229, 255, 0
229, 256, 0
229, 257, 0
229, 258, 0
229, 259, 0
229, 260, 0
229, 261, 0
229, 262, 0
229, 263, 0
230, 236, 0
230, 237, 0
230, 238, 0
230, 239, 0
230, 240, 0
230, 241, 0
230, 242, 0
230, 243, 0
230, 244, 0
230, 245, 0
230, 246, 0
230, 247, 0
230, 248, 0
230, 249, 0
230, 250, 0
230, 251, 0
230, 252, 0
230, 253, 0
230, 254, 0
230, 255, 0
230, 256, 0
230, 257, 0
230, 258, 0
230, 259, 0
230, 260, 0
230, 261, 0
230, 262, 0
230, 263, 0
230, 264, 0
231, 234, 0
231, 235, 0
231, 236, 0
231, 237, 0
231, 238, 0
231, 239, 0
231, 240, 0
231, 241, 0
231, 242, 0
231, 243, 0
231, 244, 0
231, 245, 0
231, 246, 0
231, 247, 0
231, 248, 0
231, 249, 0
231, 250, 0
231, 251, 0
231, 252, 0
231, 253, 0
231, 254, 0
231, 255, 0
231, 256, 0
231, 257, 0
231, 258, 0
231, 259, 0
231, 260, 0
231, 261, 0
231, 262, 0
231, 263, 0
231, 264, 0
231, 265, 0
231, 266, 0
232, 233, 0
232, 234, 0
232, 235, 0
232, 236, 0
232, 237, 0
232, 238, 0
232, 239, 0
232, 240, 0
232, 241, 0
232, 242, 0
232, 243, 0
232, 244, 0
232, 245, 0
232, 246, 0
232, 247, 0
232, 248, 0
232, 249, 0
232, 250, 0
232, 251, 0
232, 252, 0
232, 253, 0
232, 254, 0
232, 255, 0
232, 256, 0
232, 257, 0
232, 258, 0
232, 259, 0
232, 260, 0
232, 261, 0
232, 262, 0
232, 263, 0
232, 264, 0
232, 265, 0
232, 266, 0
232, 267, 0
233, 232, 0
233, 233, 0
233, 234, 0
233, 235, 0
233, 236, 0
233, 237, 0
233, 238, 0
233, 239, 0
233, 240, 0
233, 241, 0
233, 242, 0
233, 243, 0
233, 244, 0
233, 245, 0
233, 246, 0
233, 247, 0
233, 248, 0
233, 249, 0
233, 250, 0
233, 251, 0
233, 252, 0
233, 253, 0
233, 254, 0
233, 255, 0
233, 256, 0
233, 257, 0
233, 258, 0
233, 259, 0
233, 260, 0
233, 261, 0
233, 262, 0
233, 263, 0
233, 264, 0
233, 265, 0
233, 266, 0
233, 267, 0
233, 268, 0
234, 231, 0
234, 232, 0
234, 233, 0
234, 234, 0
234, 235, 0
234, 236, 0
234, 237, 0
234, 238, 0
234, 239, 0
234, 240, 0
234, 241, 0
234, 242, 0
234, 243, 0
234, 244, 0
234, 245, 0
234, 246, 0
234, 247, 0
234, 248, 0
234, 249, 0
234, 250, 0
234, 251, 0
234, 252, 0
234, 253, 0
234, 254, 0
234, 255, 0
234, 256, 0
234, 257, 0
234, 258, 0
234, 259, 0
234, 260, 0
234, 261, 0
234, 262, 0
234, 263, 0
234, 264, 0
234, 265, 0
234, 266, 0
234, 267, 0
234, 268, 0
234, 269, 0
235, 231, 0
235, 232, 0
235, 233, 0
235, 234, 0
235, 235, 0
235, 236, 0
235, 237, 0
235, 238, 0
235, 239, 0
235, 240, 0
235, 241, 0
235, 242, 0
235, 243, 0
235, 244, 0
235, 245, 0
235, 246, 0
235, 247, 0
235, 248, 0
235, 249, 0
235, 250, 0
235, 251, 0
235, 252, 0
235, 253, 0
235, 254, 0
235, 255, 0
235, 256, 0
235, 257, 0
235, 258, 0
235, 259, 0
235, 260, 0
235, 261, 0
235, 262, 0
235, 263, 0
235, 264, 0
235, 265, 0
235, 266, 0
235, 267, 0
235, 268, 0
235, 269, 0
236, 230, 0
236, 231, 0
236, 232, 0
236, 233, 0
236, 234, 0
236, 235, 0
236, 236, 0
236, 237, 0
236, 238, 0
236, 239, 0
236, 240, 0
236, 241, 0
236, 242, 0
236, 243, 0
236, 244, 0
236, 245, 0
236, 246, 0
236, 247, 0
236, 248, 0
236, 249, 0
236, 250, 0
236, 251, 0
236, 252, 0
236, 253, 0
236, 254, 0
236, 255, 0
236, 256, 0
236, 257, 0
236, 258, 0
236, 259, 0
236, 260, 0
236, 261, 0
236, 262, 0
236, 263, 0
236, 264, 0
236, 265, 0
236, 266, 0
236, 267, 0
236, 268, 0
236, 269, 0
236, 270, 0
237, 229, 0
237, 230, 0
237, 231, 0
237, 232, 0
237, 233, 0
237, 234, 0
237, 235, 0
237, 236, 0
237, 237, 0
237, 238, 0
237, 239, 0
237, 240, 0
237, 241, 0
237, 242, 0
237, 243, 0
237, 244, 0
237, 245, 0
237, 246, 0
237, 247, 0
237, 248, 0
237, 249, 0
237, 250, 0
237, 251, 0
237, 252, 0
237, 253, 0
237, 254, 0
237, 255, 0
237, 256, 0
237, 257, 0
237, 258, 0
237, 259, 0
237, 260, 0
237, 261, 0
237, 262, 0
237, 263, 0
237, 264, 0
237, 265, 0
237, 266, 0
237, 267, 0
237, 268, 0
237, 269, 0
237, 270, 0
237, 271, 0
238, 229, 0
238, 230, 0
238, 231, 0
238, 232, 0
238, 233, 0
238, 234, 0
238, 235, 0
238, 236, 0
238, 237, 0
238, 238, 0
238, 239, 0
238, 240, 0
238, 241, 0
238, 242, 0
238, 243, 0
238, 244, 0
238, 245, 0
238, 246, 0
238, 247, 0
238, 248, 0
238, 249, 0
238, 250, 0
238, 251, 0
238, 252, 0
238, 253, 0
238, 254, 0
238, 255, 0
238, 256, 0
238, 257, 0
238, 258, 0
238, 259, 0
238, 260, 0
238, 261, 0
238, 262, 0
238, 263, 0
238, 264, 0
238, 265, 0
238, 266, 0
238, 267, 0
238, 268, 0
238, 269, 0
238, 270, 0
238, 271, 0
239, 228, 0
239, 229, 0
239, 230, 0
239, 231, 0
239, 232, 0
239, 233, 0
239, 234, 0
239, 235, 0
239, 236, 0
239, 237, 0
239, 238, 0
239, 239, 0
239, 240, 0
239, 241, 0
239, 242, 0
239, 243, 0
239, 244, 0
239, 245, 0
239, 246, 0
239, 247, 0
239, 248, 0
239, 249, 0
239, 250, 0
239, 251, 0
239, 252, 0
239, 253, 0
239, 254, 0
239, 255, 0
239, 256, 0
239, 257, 0
239, 258, 0
239, 259, 0
239, 260, 0
239, 261, 0
239, 262, 0
239, 263, 0
239, 264, 0
239, 265, 0
239, 266, 0
239, 267, 0
239, 268, 0
239, 269, 0
239, 270, 0
239, 271, 0
239, 272, 0
240, 228, 0
240, 229, 0
240, 230, 0
240, 231, 0
240, 232, 0
240, 233, 0
240, 234, 0
240, 235, 0
240, 236, 0
240, 237, 0
240, 238, 0
240, 239, 0
240, 240, 0
240, 241, 0
240, 242, 0
240, 243, 0
240, 244, 0
240, 245, 0
240, 246, 0
240, 247, 0
240, 248, 0
240, 249, 0
240, 250, 0
240, 251, 0
240, 252, 0
240, 253, 0
240, 254, 0
240, 255, 0
240, 256, 0
240, 257, 0
240, 258, 0
240, 259, 0
240, 260, 0
240, 261, 0
240, 262, 0
240, 263, 0
240, 264, 0
240, 265, 0
240, 266, 0
240, 267, 0
240, 268, 0
240, 269, 0
240, 270, 0
240, 271, 0
240, 272, 0
241, 227, 0
241, 228, 0
241, 229, 0
241, 230, 0
241, 231, 0
241, 232, 0
241, 233, 0
241, 234, 0
241, 235, 0
241, 236, 0
241, 237, 0
241, 238, 0
241, 239, 0
241, 240, 0
241, 241, 0
241, 242, 0
241, 243, 0
241, 244, 0
241, 245, 0
241, 246, 0
241, 247, 0
241, 248, 0
241, 249, 0
241, 250, 0
241, 251, 0
241, 252, 0
241, 253, 0
241, 254, 0
241, 255, 0
241, 256, 0
241, 257, 0
241, 258, 0
241, 259, 0
241, 260, 0
241, 261, 0
241, 262, 0
241, 263, 0
241, 264, 0
241, 265, 0
241, 266, 0
241, 267, 0
241, 268, 0
241, 269, 0
241, 270, 0
241, 271, 0
241, 272, 0
241, 273, 0
242, 227, 0
242, 228, 0
242, 229, 0
242, 230, 0
242, 231, 0
242, 232, 0
242, 233, 0
242, 234, 0
242, 235, 0
242, 236, 0
242, 237, 0
242, 238, 0
242, 239, 0
242, 240, 0
242, 241, 0
242, 242, 0
242, 243, 0
242, 244, 0
242, 245, 0
242, 246, 0
242, 247, 0
242, 248, 0
242, 249, 0
242, 250, 0
242, 251, 0
242, 252, 0
242, 253, 0
242, 254, 0
242, 255, 0
242, 256, 0
242, 257, 0
242, 258, 0
242, 259, 0
242, 260, 0
242, 261, 0
242, 262, 0
242, 263, 0
242, 264, 0
242, 265, 0
242, 266, 0
242, 267, 0
242, 268, 0
242, 269, 0
242, 270, 0
242, 271, 0
242, 272, 0
242, 273, 0
243, 227, 0
243, 228, 0
243, 229, 0
243, 230, 0
243, 231, 0
243, 232, 0
243, 233, 0
243, 234, 0
243, 235, 0
243, 236, 0
243, 237, 0
243, 238, 0
243, 239, 0
243, 240, 0
243, 241, 0
243, 242, 0
243, 243, 0
243, 244, 0
243, 245, 0
243, 246, 0
243, 247, 0
243, 248, 0
243, 249, 0
243, 250, 0
243, 251, 0
243, 252, 0
243, 253, 0
243, 254, 0
243, 255, 0
243, 256, 0
243, 257, 0
243, 258, 0
243, 259, 0
243, 260, 0
243, 261, 0
243, 262, 0
243, 263, 0
243, 264, 0
243, 265, 0
243, 266, 0
243, 267, 0
243, 268, 0
243, 269, 0
243, 270, 0
243, 271, 0
243, 272, 0
243, 273, 0
244, 226, 0
244, 227, 0
244, 228, 0
244, 229, 0
244, 230, 0
244, 231, 0
244, 232, 0
244, 233, 0
244, 234, 0
244, 235, 0
244, 236, 0
244, 237, 0
244, 238, 0
244, 239, 0
244, 240, 0
244, 241, 0
244, 242, 0
244, 243, 0
244, 244, 0
244, 245, 0
244, 246, 0
244, 247, 0
244, 248, 0
244, 249, 0
244, 250, 0
244, 251, 0
244, 252, 0
244, 253, 0
244, 254, 0
244, 255, 0
244, 256, 0
244, 257, 0
244, 258, 0
244, 259, 0
244, 260, 0
244, 261, 0
244, 262, 0
244, 263, 0
244, 264, 0
244, 265, 0
244, 266, 0
244, 267, 0
244, 268, 0
244, 269, 0
244, 270, 0
244, 271, 0
244, 272, 0
244, 273, 0
244, 274, 0
245, 226, 0
245, 227, 0
245, 228, 0
245, 229, 0
245, 230, 0
245, 231, 0
245, 232, 0
245, 233, 0
245, 234, 0
245, 235, 0
245, 236, 0
245, 237, 0
245, 238, 0
245, 239, 0
245, 240, 0
245, 241, 0
245, 242, 0
245, 243, 0
245, 244, 0
245, 245, 0
245, 246, 0
245, 247, 0
245, 248, 0
245, 249, 0
245, 250, 0
245, 251, 0
245, 252, 0
245, 253, 0
245, 254, 0
245, 255, 0
245, 256, 0
245, 257, 0
245, 258, 0
245, 259, 0
245, 260, 0
245, 261, 0
245, 262, 0
245, 263, 0
245, 264, 0
245, 265, 0
245, 266, 0
245, 267, 0
245, 268, 0
245, 269, 0
245, 270, 0
245, 271, 0
245, 272, 0
245, 273, 0
245, 274, 0
246, 226, 0
246, 227, 0
246, 228, 0
246, 229, 0
246, 230, 0
246, 231, 0
246, 232, 0
246, 233, 0
246, 234, 0
246, 235, 0
246, 236, 0
246, 237, 0
246, 238, 0
246, 239, 0
246, 240, 0
246, 241, 0
246, 242, 0
246, 243, 0
246, 244, 0
246, 245, 0
246, 246, 0
246, 247, 0
246, 248, 0
246, 249, 0
246, 250, 0
246, 251, 0
246, 252, 0
246, 253, 0
246, 254, 0
246, 255, 0
246, 256, 0
246, 257, 0
246, 258, 0
246, 259, 0
246, 260, 0
246, 261, 0
246, 262, 0
246, 263, 0
246, 264, 0
246, 265, 0
246, 266, 0
246, 267, 0
246, 268, 0
246, 269, 0
246, 270, 0
246, 271, 0
246, 272, 0
246, 273, 0
246, 274, 0
247, 226, 0
247, 227, 0
247, 228, 0
247, 229, 0
247, 230, 0
247, 231, 0
247, 232, 0
247, 233, 0
247, 234, 0
247, 235, 0
247, 236, 0
247, 237, 0
247, 238, 0
247, 239, 0
247, 240, 0
247, 241, 0
247, 242, 0
247, 243, 0
247, 244, 0
247, 245, 0
247, 246, 0
247, 247, 0
247, 248, 0
247, 249, 0
247, 250, 0
247, 251, 0
247, 252, 0
247, 253, 0
247, 254, 0
247, 255, 0
247, 256, 0
247, 257, 0
247, 258, 0
247, 259, 0
247, 260, 0
247, 261, 0
247, 262, 0
247, 263, 0
247, 264, 0
247, 265, 0
247, 266, 0
247, 267, 0
247, 268, 0
247, 269, 0
247, 270, 0
247, 271, 0
247, 272, 0
247, 273, 0
247, 274, 0
248, 226, 0
248, 227, 0
248, 228, 0
248, 229, 0
248, 230, 0
248, 231, 0
248, 232, 0
248, 233, 0
248, 234, 0
248, 235, 0
248, 236, 0
248, 237, 0
248, 238, 0
248, 239, 0
248, 240, 0
248, 241, 0
248, 242, 0
248, 243, 0
248, 244, 0
248, 245, 0
248, 246, 0
248, 247, 0
248, 248, 0
248, 249, 0
248, 250, 0
248, 251, 0
248, 252, 0
248, 253, 0
248, 254, 0
248, 255, 0
248, 256, 0
248, 257, 0
248, 258, 0
248, 259, 0
248, 260, 0
248, 261, 0
248, 262, 0
248, 263, 0
248, 264, 0
248, 265, 0
248, 266, 0
248, 267, 0
248, 268, 0
248, 269, 0
248, 270, 0
248, 271, 0
248, 272, 0
248, 273, 0
248, 274, 0
249, 226, 0
249, 227, 0
249, 228, 0
249, 229, 0
249, 230, 0
249, 231, 0
249, 232, 0
249, 233, 0
249, 234, 0
249, 235, 0
249, 236, 0
249, 237, 0
249, 238, 0
249, 239, 0
249, 240, 0
249, 241, 0
249, 242, 0
249, 243, 0
249, 244, 0
249, 245, 0
249, 246, 0
249, 247, 0
249, 248, 0
249, 249, 0
249, 250, 0
249, 251, 0
249, 252, 0
249, 253, 0
249, 254, 0
249, 255, 0
249, 256, 0
249, 257, 0
249, 258, 0
249, 259, 0
249, 260, 0
249, 261, 0
249, 262, 0
249, 263, 0
249, 264, 0
249, 265, 0
249, 266, 0
249, 267, 0
249, 268, 0
249, 269, 0
249, 270, 0
249, 271, 0
249, 272, 0
249, 273, 0
249, 274, 0
250, 226, 0
250, 227, 0
250, 228, 0
250, 229, 0
250, 230, 0
250, 231, 0
250, 232, 0
250, 233, 0
250, 234, 0
250, 235, 0
250, 236, 0
250, 237, 0
250, 238, 0
250, 239, 0
250, 240, 0
250, 241, 0
250, 242, 0
250, 243, 0
250, 244, 0
250, 245, 0
250, 246, 0
250, 247, 0
250, 248, 0
250, 249, 0
250, 250, 0
250, 251, 0
250, 252, 0
250, 253, 0
250, 254, 0
250, 255, 0
250, 256, 0
250, 257, 0
250, 258, 0
250, 259, 0
250, 260, 0
250, 261, 0
250, 262, 0
250, 263, 0
250, 264, 0
250, 265, 0
250, 266, 0
250, 267, 0
250, 268, 0
250, 269, 0
250, 270, 0
250, 271, 0
250, 272, 0
250, 273, 0
250, 274, 0
251, 226, 0
251, 227, 0
251, 228, 0
251, 229, 0
251, 230, 0
251, 231, 0
251, 232, 0
251, 233, 0
251, 234, 0
251, 235, 0
251, 236, 0
251, 237, 0
251, 238, 0
251, 239, 0
251, 240, 0
251, 241, 0
251, 242, 0
251, 243, 0
251, 244, 0
251, 245, 0
251, 246, 0
251, 247, 0
251, 248, 0
251, 249, 0
251, 250, 0
251, 251, 0
251, 252, 0
251, 253, 0
251, 254, 0
251, 255, 0
251, 256, 0
251, 257, 0
251, 258, 0
251, 259, 0
251, 260, 0
251, 261, 0
251, 262, 0
251, 263, 0
251, 264, 0
251, 265, 0
251, 266, 0
251, 267, 0
251, 268, 0
251, 269, 0
251, 270, 0
251, 271, 0
251, 272, 0
251, 273, 0
251, 274, 0
252, 226, 0
252, 227, 0
252, 228, 0
252, 229, 0
252, 230, 0
252, 231, 0
252, 232, 0
252, 233, 0
252, 234, 0
252, 235, 0
252, 236, 0
252, 237, 0
252, 238, 0
252, 239, 0
252, 240, 0
252, 241, 0
252, 242, 0
252, 243, 0
252, 244, 0
252, 245, 0
252, 246, 0
252, 247, 0
252, 248, 0
252, 249, 0
252, 250, 0
252, 251, 0
252, 252, 0
252, 253, 0
252, 254, 0
252, 255, 0
252, 256, 0
252, 257, 0
252, 258, 0
252, 259, 0
252, 260, 0
252, 261, 0
252, 262, 0
252, 263, 0
252, 264, 0
252, 265, 0
252, 266, 0
252, 267, 0
252, 268, 0
252, 269, 0
252, 270, 0
252, 271, 0
252, 272, 0
252, 273, 0
252, 274, 0
253, 226, 0
253, 227, 0
253, 228, 0
253, 229, 0
253, 230, 0
253, 231, 0
253, 232, 0
253, 233, 0
253, 234, 0
253, 235, 0
253, 236, 0
253, 237, 0
253, 238, 0
253, 239, 0
253, 240, 0
253, 241, 0
253, 242, 0
253, 243, 0
253, 244, 0
253, 245, 0
253, 246, 0
253, 247, 0
253, 248, 0
253, 249, 0
253, 250, 0
253, 251, 0
253, 252, 0
253, 253, 0
253, 254, 0
253, 255, 0
253, 256, 0
253, 257, 0
253, 258, 0
253, 259, 0
253, 260, 0
253, 261, 0
253, 262, 0
253, 263, 0
253, 264, 0
253, 265, 0
253, 266, 0
253, 267, 0
253, 268, 0
253, 269, 0
253, 270, 0
253, 271, 0
253, 272, 0
253, 273, 0
253, 274, 0
254, 226, 0
254, 227, 0
254, 228, 0
254, 229, 0
254, 230, 0
254, 231, 0
254, 232, 0
254, 233, 0
254, 234, 0
254, 235, 0
254, 236, 0
254, 237, 0
254, 238, 0
254, 239, 0
254, 240, 0
254, 241, 0
254, 242, 0
254, 243, 0
254, 244, 0
254, 245, 0
254, 246, 0
254, 247, 0
254, 248, 0
254, 249, 0
254, 250, 0
254, 251, 0
254, 252, 0
254, 253, 0
254, 254, 0
254, 255, 0
254, 256, 0
254, 257, 0
254, 258, 0
254, 259, 0
254, 260, 0
254, 261, 0
254, 262, 0
254, 263, 0
254, 264, 0
254, 265, 0
254, 266, 0
254, 267, 0
254, 268, 0
254, 269, 0
254, 270, 0
254, 271, 0
254, 272, 0
254, 273, 0
254, 274, 0
255, 226, 0
255, 227, 0
255, 228, 0
255, 229, 0
255, 230, 0
255, 231, 0
255, 232, 0
255, 233, 0
255, 234, 0
255, 235, 0
255, 236, 0
255, 237, 0
255, 238, 0
255, 239, 0
255, 240, 0
255, 241, 0
255, 242, 0
255, 243, 0
255, 244, 0
255, 245, 0
255, 246, 0
255, 247, 0
255, 248, 0
255, 249, 0
255, 250, 0
255, 251, 0
255, 252, 0
255, 253, 0
255, 254, 0
255, 255, 0
255, 256, 0
255, 257, 0
255, 258, 0
255, 259, 0
255, 260, 0
255, 261, 0
255, 262, 0
255, 263, 0
255, 264, 0
255, 265, 0
255, 266, 0
255, 267, 0
255, 268, 0
255, 269, 0
255, 270, 0
255, 271, 0
255, 272, 0
255, 273, 0
255, 274, 0
256, 226, 0
256, 227, 0
256, 228, 0
256, 229, 0
256, 230, 0
256, 231, 0
256, 232, 0
256, 233, 0
256, 234, 0
256, 235, 0
256, 236, 0
256, 237, 0
256, 238, 0
256, 239, 0
256, 240, 0
256, 241, 0
256, 242, 0
256, 243, 0
256, 244, 0
256, 245, 0
256, 246, 0
256, 247, 0
256, 248, 0
256, 249, 0
256, 250, 0
256, 251, 0
256, 252, 0
256, 253, 0
256, 254, 0
256, 255, 0
256, 256, 0
256, 257, 0
256, 258, 0
256, 259, 0
256, 260, 0
256, 261, 0
256, 262, 0
256, 263, 0
256, 264, 0
256, 265, 0
256, 266, 0
256, 267, 0
256, 268, 0
256, 269, 0
256, 270, 0
256, 271, 0
256, 272, 0
256, 273, 0
256, 274, 0
257, 227, 0
257, 228, 0
257, 229, 0
257, 230, 0
257, 231, 0
257, 232, 0
257, 233, 0
257, 234, 0
257, 235, 0
257, 236, 0
257, 237, 0
257, 238, 0
257, 239, 0
257, 240, 0
257, 241, 0
257, 242, 0
257, 243, 0
257, 244, 0
257, 245, 0
257, 246, 0
257, 247, 0
257, 248, 0
257, 249, 0
257, 250, 0
257, 251, 0
257, 252, 0
257, 253, 0
257, 254, 0
257, 255, 0
257, 256, 0
257, 257, 0
257, 258, 0
257, 259, 0
257, 260, 0
257, 261, 0
257, 262, 0
257, 263, 0
257, 264, 0
257, 265, 0
257, 266, 0
257, 267, 0
257, 268, 0
257, 269, 0
257, 270, 0
257, 271, 0
257, 272, 0
257, 273, 0
258, 227, 0
258, 228, 0
258, 229, 0
258, 230, 0
258, 231, 0
258, 232, 0
258, 233, 0
258, 234, 0
258, 235, 0
258, 236, 0
258, 237, 0
258, 238, 0
258, 239, 0
258, 240, 0
258, 241, 0
258, 242, 0
258, 243, 0
258, 244, 0
258, 245, 0
258, 246, 0
258, 247, 0
258, 248, 0
258, 249, 0
258, 250, 0
258, 251, 0
258, 252, 0
258, 253, 0
258, 254, 0
258, 255, 0
258, 256, 0
258, 257, 0
258, 258, 0
258, 259, 0
258, 260, 0
258, 261, 0
258, 262, 0
258, 263, 0
258, 264, 0
258, 265, 0
258, 266, 0
258, 267, 0
258, 268, 0
258, 269, 0
258, 270, 0
258, 271, 0
258, 272, 0
258, 273, 0
259, 227, 0
259, 228, 0
259, 229, 0
259, 230, 0
259, 231, 0
259, 232, 0
259, 233, 0
259, 234, 0
259, 235, 0
259, 236, 0
259, 237, 0
259, 238, 0
259, 239, 0
259, 240, 0
259, 241, 0
259, 242, 0
259, 243, 0
259, 244, 0
259, 245, 0
259, 246, 0
259, 247, 0
259, 248, 0
259, 249, 0
259, 250, 0
259, 251, 0
259, 252, 0
259, 253, 0
259, 254, 0
259, 255, 0
259, 256, 0
259, 257, 0
259, 258, 0
259, 259, 0
259, 260, 0
259, 261, 0
259, 262, 0
259, 263, 0
259, 264, 0
259, 265, 0
259, 266, 0
259, 267, 0
259, 268, 0
259, 269, 0
259, 270, 0
259, 271, 0
259, 272, 0
259, 273, 0
260, 228, 0
260, 229, 0
260, 230, 0
260, 231, 0
260, 232, 0
260, 233, 0
260, 234, 0
260, 235, 0
260, 236, 0
260, 237, 0
260, 238, 0
260, 239, 0
260, 240, 0
260, 241, 0
260, 242, 0
260, 243, 0
260, 244, 0
260, 245, 0
260, 246, 0
260, 247, 0
260, 248, 0
260, 249, 0
260, 250, 0
260, 251, 0
260, 252, 0
260, 253, 0
260, 254, 0
260, 255, 0
260, 256, 0
260, 257, 0
260, 258, 0
260, 259, 0
260, 260, 0
260, 261, 0
260, 262, 0
260, 263, 0
260, 264, 0
260, 265, 0
260, 266, 0
260, 267, 0
260, 268, 0
260, 269, 0
260, 270, 0
260, 271, 0
260, 272, 0
261, 228, 0
261, 229, 0
261, 230, 0
261, 231, 0
261, 232, 0
261, 233, 0
261, 234, 0
261, 235, 0
261, 236, 0
261, 237, 0
261, 238, 0
261, 239, 0
261, 240, 0
261, 241, 0
261, 242, 0
261, 243, 0
261, 244, 0
261, 245, 0
261, 246, 0
261, 247, 0
261, 248, 0
261, 249, 0
261, 250, 0
261, 251, 0
261, 252, 0
261, 253, 0
261, 254, 0
261, 255, 0
261, 256, 0
261, 257, 0
261, 258, 0
261, 259, 0
261, 260, 0
261, 261, 0
261, 262, 0
261, 263, 0
261, 264, 0
261, 265, 0
261, 266, 0
261, 267, 0
261, 268, 0
261, 269, 0
261, 270, 0
261, 271, 0
261, 272, 0
262, 229, 0
262, 230, 0
262, 231, 0
262, 232, 0
262, 233, 0
262, 234, 0
262, 235, 0
262, 236, 0
262, 237, 0
262, 238, 0
262, 239, 0
262, 240, 0
262, 241, 0
262, 242, 0
262, 243, 0
262, 244, 0
262, 245, 0
262, 246, 0
262, 247, 0
262, 248, 0
262, 249, 0
262, 250, 0
262, 251, 0
262, 252, 0
262, 253, 0
262, 254, 0
262, 255, 0
262, 256, 0
262, 257, 0
262, 258, 0
262, 259, 0
262, 260, 0
262, 261, 0
262, 262, 0
262, 263, 0
262, 264, 0
262, 265, 0
262, 266, 0
262, 267, 0
262, 268, 0
262, 269, 0
262, 270, 0
262, 271, 0
263, 229, 0
263, 230, 0
263, 231, 0
263, 232, 0
263, 233, 0
263, 234, 0
263, 235, 0
263, 236, 0
263, 237, 0
263, 238, 0
263, 239, 0
263, 240, 0
263, 241, 0
263, 242, 0
263, 243, 0
263, 244, 0
263, 245, 0
263, 246, 0
263, 247, 0
263, 248, 0
263, 249, 0
263, 250, 0
263, 251, 0
263, 252, 0
263, 253, 0
263, 254, 0
263, 255, 0
263, 256, 0
263, 257, 0
263, 258, 0
263, 259, 0
263, 260, 0
263, 261, 0
263, 262, 0
263, 263, 0
263, 264, 0
263, 265, 0
263, 266, 0
263, 267, 0
263, 268, 0
263, 269, 0
263, 270, 0
263, 271, 0
264, 230, 0
264, 231, 0
264, 232, 0
264, 233, 0
264, 234, 0
264, 235, 0
264, 236, 0
264, 237, 0
264, 238, 0
264, 239, 0
264, 240, 0
264, 241, 0
264, 242, 0
264, 243, 0
264, 244, 0
264, 245, 0
264, 246, 0
264, 247, 0
264, 248, 0
264, 249, 0
264, 250, 0
264, 251, 0
264, 252, 0
264, 253, 0
264, 254, 0
264, 255, 0
264, 256, 0
264, 257, 0
264, 258, 0
264, 259, 0
264, 260, 0
264, 261, 0
264, 262, 0
264, 263, 0
264, 264, 0
264, 265, 0
264, 266, 0
264, 267, 0
264, 268, 0
264, 269, 0
264, 270, 0
265, 231, 0
265, 232, 0
265, 233, 0
265, 234, 0
265, 235, 0
265, 236, 0
265, 237, 0
265, 238, 0
265, 239, 0
265, 240, 0
265, 241, 0
265, 242, 0
265, 243, 0
265, 244, 0
265, 245, 0
265, 246, 0
265, 247, 0
265, 248, 0
265, 249, 0
265, 250, 0
265, 251, 0
265, 252, 0
265, 253, 0
265, 254, 0
265, 255, 0
265, 256, 0
265, 257, 0
265, 258, 0
265, 259, 0
265, 260, 0
265, 261, 0
265, 262, 0
265, 263, 0
265, 264, 0
265, 265, 0
265, 266, 0
265, 267, 0
265, 268, 0
265, 269, 0
266, 231, 0
266, 232, 0
266, 233, 0
266, 234, 0
266, 235, 0
266, 236, 0
266, 237, 0
266, 238, 0
266, 239, 0
266, 240, 0
266, 241, 0
266, 242, 0
266, 243, 0
266, 244, 0
266, 245, 0
266, 246, 0
266, 247, 0
266, 248, 0
266, 249, 0
266, 250, 0
266, 251, 0
266, 252, 0
266, 253, 0
266, 254, 0
266, 255, 0
266, 256, 0
266, 257, 0
266, 258, 0
266, 259, 0
266, 260, 0
266, 261, 0
266, 262, 0
266, 263, 0
266, 264, 0
266, 265, 0
266, 266, 0
266, 267, 0
266, 268, 0
266, 269, 0
267, 232, 0
267, 233, 0
267, 234, 0
267, 235, 0
267, 236, 0
267, 237, 0
267, 238, 0
267, 239, 0
267, 240, 0
267, 241, 0
267, 242, 0
267, 243, 0
267, 244, 0
267, 245, 0
267, 246, 0
267, 247, 0
267, 248, 0
267, 249, 0
267, 250, 0
267, 251, 0
267, 252, 0
267, 253, 0
267, 254, 0
267, 255, 0
267, 256, 0
267, 257, 0
267, 258, 0
267, 259, 0
267, 260, 0
267, 261, 0
267, 262, 0
267, 263, 0
267, 264, 0
267, 265, 0
267, 266, 0
267, 267, 0
267, 268, 0
268, 233, 0
268, 234, 0
268, 235, 0
268, 236, 0
268, 237, 0
268, 238, 0
268, 239, 0
268, 240, 0
268, 241, 0
268, 242, 0
268, 243, 0
268, 244, 0
268, 245, 0
268, 246, 0
268, 247, 0
268, 248, 0
268, 249, 0
268, 250, 0
268, 251, 0
268, 252, 0
268, 253, 0
268, 254, 0
268, 255, 0
268, 256, 0
268, 257, 0
268, 258, 0
268, 259, 0
268, 260, 0
268, 261, 0
268, 262, 0
268, 263, 0
268, 264, 0
268, 265, 0
268, 266, 0
268, 267, 0
269, 234, 0
269, 235, 0
269, 236, 0
269, 237, 0
269, 238, 0
269, 239, 0
269, 240, 0
269, 241, 0
269, 242, 0
269, 243, 0
269, 244, 0
269, 245, 0
269, 246, 0
269, 247, 0
269, 248, 0
269, 249, 0
269, 250, 0
269, 251, 0
269, 252, 0
269, 253, 0
269, 254, 0
269, 255, 0
269, 256, 0
269, 257, 0
269, 258, 0
269, 259, 0
269, 260, 0
269, 261, 0
269, 262, 0
269, 263, 0
269, 264, 0
269, 265, 0
269, 266, 0
270, 236, 0
270, 237, 0
270, 238, 0
270, 239, 0
270, 240, 0
270, 241, 0
270, 242, 0
270, 243, 0
270, 244, 0
270, 245, 0
270, 246, 0
270, 247, 0
270, 248, 0
270, 249, 0
270, 250, 0
270, 251, 0
270, 252, 0
270, 253, 0
270, 254, 0
270, 255, 0
270, 256, 0
270, 257, 0
270, 258, 0
270, 259, 0
270, 260, 0
270, 261, 0
270, 262, 0
270, 263, 0
270, 264, 0
271, 237, 0
271, 238, 0
271, 239, 0
271, 240, 0
271, 241, 0
271, 242, 0
271, 243, 0
271, 244, 0
271, 245, 0
271, 246, 0
271, 247, 0
271, 248, 0
271, 249, 0
271, 250, 0
271, 251, 0
271, 252, 0
271, 253, 0
271, 254, 0
271, 255, 0
271, 256, 0
271, 257, 0
271, 258, 0
271, 259, 0
271, 260, 0
271, 261, 0
271, 262, 0
271, 263, 0
272, 239, 0
272, 240, 0
272, 241, 0
272, 242, 0
272, 243, 0
272, 244, 0
272, 245, 0
272, 246, 0
272, 247, 0
272, 248, 0
272, 249, 0
272, 250, 0
272, 251, 0
272, 252, 0
272, 253, 0
272, 254, 0
272, 255, 0
272, 256, 0
272, 257, 0
272, 258, 0
272, 259, 0
272, 260, 0
272, 261, 0
273, 241, 0
273, 242, 0
273, 243, 0
273, 244, 0
273, 245, 0
273, 246, 0
273, 247, 0
273, 248, 0
273, 249, 0
273, 250, 0
273, 251, 0
273, 252, 0
273, 253, 0
273, 254, 0
273, 255, 0
273, 256, 0
273, 257, 0
273, 258, 0
273, 259, 0
274, 244, 0
274, 245, 0
274, 246, 0
274, 247, 0
274, 248, 0
274, 249, 0
274, 250, 0
274, 251, 0
274, 252, 0
274, 253, 0
274, 254, 0
274, 255, 0
274, 256, 0
275, 244, 0
276, 244, 0
