1, 2, 10
1, 2, 11
1, 8, 36
1, 16, 10
1, 16, 14
1, 16, 28
1, 16, 54
1, 17, 23
1, 19, 29
1, 20, 41
1, 22, 1
1, 23, 4
1, 23, 46
1, 24, 35
1, 25, 11
1, 26, 33
1, 27, 21
1, 30, 8
1, 30, 52
1, 34, 27
1, 34, 28
1, 35, 8
1, 35, 47
1, 36, 14
1, 37, 5
1, 37, 6
1, 37, 31
1, 40, 26
1, 41, 5
1, 41, 39
1, 44, 17
1, 44, 18
1, 48, 21
1, 49, 7
1, 49, 42
1, 51, 14
1, 51, 36
1, 52, 43
1, 53, 43
1, 55, 37
1, 56, 10
1, 57, 20
1, 58, 35
1, 60, 2
1, 60, 46
1, 62, 44
1, 63, 10
1, 67, 54
1, 68, 12
1, 68, 24
1, 68, 29
1, 69, 54
1, 71, 14
1, 71, 19
1, 71, 47
1, 74, 46
1, 75, 46
1, 80, 37
1, 80, 39
1, 81, 50
1, 82, 5
1, 88, 1
1, 89, 37
1, 90, 20
1, 91, 4
1, 91, 46
1, 92, 17
1, 93, 32
1, 95, 15
1, 95, 31
1, 97, 6
1, 99, 8
1, 101, 23
1, 101, 41
2, 2, 14
2, 3, 7
2, 3, 31
2, 3, 51
2, 5, 12
2, 6, 32
2, 7, 14
2, 7, 18
2, 8, 30
2, 9, 10
2, 9, 26
2, 9, 52
2, 10, 17
2, 10, 33
2, 12, 28
2, 13, 13
2, 13, 47
2, 14, 32
2, 15, 23
2, 16, 34
2, 18, 53
2, 19, 32
2, 19, 43
2, 22, 25
2, 23, 42
2, 24, 29
2, 24, 48
2, 25, 39
2, 26, 37
2, 28, 31
2, 29, 15
2, 31, 15
2, 31, 16
2, 32, 5
2, 32, 41
2, 33, 8
2, 34, 3
2, 35, 13
2, 38, 11
2, 38, 20
2, 38, 23
2, 38, 47
2, 39, 12
2, 39, 34
2, 43, 27
2, 47, 55
2, 48, 38
2, 48, 47
2, 49, 30
2, 53, 9
2, 53, 17
2, 54, 20
2, 58, 7
2, 58, 38
2, 59, 19
2, 61, 24
2, 61, 47
2, 63, 32
2, 64, 3
2, 64, 47
2, 66, 7
2, 70, 14
2, 71, 50
2, 73, 30
2, 74, 23
2, 76, 2
2, 76, 24
2, 76, 35
2, 76, 46
2, 77, 10
2, 77, 48
2, 79, 22
2, 80, 7
2, 80, 38
2, 82, 24
2, 82, 49
2, 83, 32
2, 84, 11
2, 85, 31
2, 86, 25
2, 87, 19
2, 87, 26
2, 88, 51
2, 89, 25
2, 89, 53
2, 97, 12
2, 97, 39
2, 99, 10
2, 99, 18
2, 100, 17
2, 101, 3
2, 101, 38
3, 1, 46
3, 2, 33
3, 4, 41
3, 5, 2
3, 5, 42
3, 7, 15
3, 7, 46
3, 8, 5
3, 8, 39
3, 11, 29
3, 11, 32
3, 11, 37
3, 13, 30
3, 18, 36
3, 19, 39
3, 25, 1
3, 25, 51
3, 29, 2
3, 29, 20
3, 32, 40
3, 32, 57
3, 34, 4
3, 34, 33
3, 38, 37
3, 39, 25
3, 39, 34
3, 41, 1
3, 41, 15
3, 41, 32
3, 41, 44
3, 42, 10
3, 44, 5
3, 44, 36
3, 45, 52
3, 46, 8
3, 46, 41
3, 48, 2
3, 53, 25
3, 53, 28
3, 53, 34
3, 54, 13
3, 54, 20
3, 59, 19
3, 62, 21
3, 66, 47
3, 67, 47
3, 67, 49
3, 69, 7
3, 69, 27
3, 69, 44
3, 71, 49
3, 72, 10
3, 73, 25
3, 73, 51
3, 74, 33
3, 75, 13
3, 75, 37
3, 76, 2
3, 76, 17
3, 76, 59
3, 78, 5
3, 78, 49
3, 79, 17
3, 79, 30
3, 80, 11
3, 80, 28
3, 82, 30
3, 84, 47
3, 86, 5
3, 86, 15
3, 89, 24
3, 90, 44
3, 91, 34
3, 93, 30
3, 95, 42
3, 97, 51
3, 98, 30
3, 99, 39
4, 1, 2
4, 1, 12
4, 1, 36
4, 2, 18
4, 3, 22
4, 3, 57
4, 4, 45
4, 6, 4
4, 6, 6
4, 6, 14
4, 6, 37
4, 7, 25
4, 7, 43
4, 11, 9
4, 11, 57
4, 12, 15
4, 16, 45
4, 16, 46
4, 17, 26
4, 18, 10
4, 18, 51
4, 20, 2
4, 20, 28
4, 20, 52
4, 22, 11
4, 22, 27
4, 23, 36
4, 24, 26
4, 27, 25
4, 27, 37
4, 29, 1
4, 30, 29
4, 31, 47
4, 33, 17
4, 34, 12
4, 34, 13
4, 34, 43
4, 37, 15
4, 39, 13
4, 39, 33
4, 39, 47
4, 41, 15
4, 44, 33
4, 45, 7
4, 46, 6
4, 47, 13
4, 48, 25
4, 49, 22
4, 51, 26
4, 52, 31
4, 53, 25
4, 53, 36
4, 55, 33
4, 59, 27
4, 59, 37
4, 60, 26
4, 61, 38
4, 62, 23
4, 63, 20
4, 64, 23
4, 66, 26
4, 67, 11
4, 68, 26
4, 69, 26
4, 72, 21
4, 72, 30
4, 73, 8
4, 74, 40
4, 76, 4
4, 76, 38
4, 78, 12
4, 78, 16
4, 82, 26
4, 83, 4
4, 84, 22
4, 88, 33
4, 88, 47
4, 89, 9
4, 92, 22
4, 92, 28
4, 94, 22
4, 94, 38
4, 96, 50
4, 100, 13
4, 100, 36
5, 1, 37
5, 3, 13
5, 3, 29
5, 6, 25
5, 9, 5
5, 9, 31
5, 10, 10
5, 13, 27
5, 14, 21
5, 15, 29
5, 16, 51
5, 19, 33
5, 20, 11
5, 20, 23
5, 20, 49
5, 23, 22
5, 23, 34
5, 25, 9
5, 31, 35
5, 31, 57
5, 36, 42
5, 37, 1
5, 41, 29
5, 41, 30
5, 41, 40
5, 42, 21
5, 43, 2
5, 51, 17
5, 54, 26
5, 57, 12
5, 60, 40
5, 62, 36
5, 65, 13
5, 70, 46
5, 70, 57
5, 74, 10
5, 74, 51
5, 75, 6
5, 75, 20
5, 75, 29
5, 75, 51
5, 76, 42
5, 79, 26
5, 80, 13
5, 85, 35
5, 85, 37
5, 89, 20
5, 95, 48
5, 101, 17
6, 1, 20
6, 4, 12
6, 6, 24
6, 6, 41
6, 7, 2
6, 7, 11
6, 7, 21
6, 7, 30
6, 8, 34
6, 12, 38
6, 16, 8
6, 17, 43
6, 19, 14
6, 19, 23
6, 20, 14
6, 20, 61
6, 21, 26
6, 21, 30
6, 22, 1
6, 23, 14
6, 24, 5
6, 27, 42
6, 27, 52
6, 32, 8
6, 33, 21
6, 33, 33
6, 36, 15
6, 36, 39
6, 37, 20
6, 38, 21
6, 38, 38
6, 40, 2
6, 40, 6
6, 41, 12
6, 41, 17
6, 41, 22
6, 42, 45
6, 43, 39
6, 46, 51
6, 47, 39
6, 47, 55
6, 48, 5
6, 49, 35
6, 50, 34
6, 51, 21
6, 52, 34
6, 53, 8
6, 53, 52
6, 54, 46
6, 55, 51
6, 56, 8
6, 56, 41
6, 57, 28
6, 57, 40
6, 58, 3
6, 59, 23
6, 60, 3
6, 60, 15
6, 61, 24
6, 63, 2
6, 65, 14
6, 65, 26
6, 66, 2
6, 67, 32
6, 70, 25
6, 72, 48
6, 75, 45
6, 78, 9
6, 78, 17
6, 79, 34
6, 80, 44
6, 83, 33
6, 84, 15
6, 85, 51
6, 86, 10
6, 86, 49
6, 89, 6
6, 89, 29
6, 90, 6
6, 90, 25
6, 93, 21
6, 93, 22
6, 96, 1
6, 97, 5
6, 99, 23
6, 100, 35
6, 101, 22
6, 101, 32
7, 1, 16
7, 3, 15
7, 4, 24
7, 4, 36
7, 5, 51
7, 7, 34
7, 8, 44
7, 9, 50
7, 11, 19
7, 14, 28
7, 15, 9
7, 16, 30
7, 17, 15
7, 18, 37
7, 20, 5
7, 20, 7
7, 21, 29
7, 22, 11
7, 23, 30
7, 25, 26
7, 27, 2
7, 28, 43
7, 29, 9
7, 29, 12
7, 31, 47
7, 32, 3
7, 34, 39
7, 37, 40
7, 39, 49
7, 40, 45
7, 42, 54
7, 45, 31
7, 47, 26
7, 48, 21
7, 48, 34
7, 48, 39
7, 48, 42
7, 52, 18
7, 52, 30
7, 53, 44
7, 53, 45
7, 55, 16
7, 58, 45
7, 61, 6
7, 62, 32
7, 62, 45
7, 63, 18
7, 63, 33
7, 66, 17
7, 67, 48
7, 71, 18
7, 72, 42
7, 73, 2
7, 74, 7
7, 74, 39
7, 74, 51
7, 76, 4
7, 78, 31
7, 79, 19
7, 80, 9
7, 80, 49
7, 83, 11
7, 86, 7
7, 86, 21
7, 88, 3
7, 88, 41
7, 89, 29
7, 90, 33
7, 90, 48
7, 91, 50
7, 92, 10
7, 94, 1
7, 94, 36
7, 96, 47
7, 97, 13
7, 99, 40
8, 1, 4
8, 1, 5
8, 1, 19
8, 1, 21
8, 2, 3
8, 3, 27
8, 4, 35
8, 5, 27
8, 5, 52
8, 6, 5
8, 6, 42
8, 7, 21
8, 11, 6
8, 11, 31
8, 12, 45
8, 13, 29
8, 15, 27
8, 16, 36
8, 16, 51
8, 18, 18
8, 18, 44
8, 20, 13
8, 22, 10
8, 22, 28
8, 27, 17
8, 30, 4
8, 32, 22
8, 34, 10
8, 34, 33
8, 34, 45
8, 35, 38
8, 38, 25
8, 40, 53
8, 48, 2
8, 48, 29
8, 50, 29
8, 53, 40
8, 53, 42
8, 54, 2
8, 54, 52
8, 57, 13
8, 58, 6
8, 59, 41
8, 60, 51
8, 63, 27
8, 63, 54
8, 64, 13
8, 64, 34
8, 64, 41
8, 67, 42
8, 69, 36
8, 70, 34
8, 71, 9
8, 71, 28
8, 73, 4
8, 73, 33
8, 76, 33
8, 79, 30
8, 85, 27
8, 86, 17
8, 86, 25
8, 87, 40
8, 88, 6
8, 89, 14
8, 92, 29
8, 98, 40
8, 99, 22
8, 99, 47
9, 1, 11
9, 6, 48
9, 7, 13
9, 7, 40
9, 7, 50
9, 10, 43
9, 10, 46
9, 11, 25
9, 11, 43
9, 12, 30
9, 15, 8
9, 16, 37
9, 18, 2
9, 18, 12
9, 19, 57
9, 21, 45
9, 23, 5
9, 25, 13
9, 27, 32
9, 27, 49
9, 33, 14
9, 35, 22
9, 37, 20
9, 39, 12
9, 41, 39
9, 42, 12
9, 45, 29
9, 51, 25
9, 51, 52
9, 52, 19
9, 53, 11
9, 53, 34
9, 54, 34
9, 55, 48
9, 59, 6
9, 61, 9
9, 64, 47
9, 67, 28
9, 68, 45
9, 69, 50
9, 69, 52
9, 73, 23
9, 73, 40
9, 75, 2
9, 81, 27
9, 81, 32
9, 82, 3
9, 82, 16
9, 83, 28
9, 83, 34
9, 86, 37
9, 88, 43
9, 89, 1
9, 89, 37
9, 90, 17
9, 91, 8
9, 91, 37
9, 91, 43
9, 93, 11
9, 93, 12
9, 93, 45
9, 94, 39
9, 96, 1
9, 97, 9
9, 97, 24
9, 98, 21
9, 98, 32
9, 100, 50
9, 101, 5
9, 101, 57
10, 2, 5
10, 3, 38
10, 3, 41
10, 4, 6
10, 11, 1
10, 14, 20
10, 15, 5
10, 15, 16
10, 18, 18
10, 21, 6
10, 22, 27
10, 22, 53
10, 24, 8
10, 25, 32
10, 25, 46
10, 26, 2
10, 29, 37
10, 31, 9
10, 32, 42
10, 33, 33
10, 34, 28
10, 39, 37
10, 40, 15
10, 40, 22
10, 40, 41
10, 43, 22
10, 44, 26
10, 44, 32
10, 46, 51
10, 47, 13
10, 47, 48
10, 48, 40
10, 51, 1
10, 51, 38
10, 52, 5
10, 53, 39
10, 54, 34
10, 54, 42
10, 55, 15
10, 58, 47
10, 60, 10
10, 60, 30
10, 60, 34
10, 63, 22
10, 63, 26
10, 66, 18
10, 69, 2
10, 71, 34
10, 71, 46
10, 73, 24
10, 74, 22
10, 79, 6
10, 79, 38
10, 80, 13
10, 84, 18
10, 84, 37
10, 84, 42
10, 85, 5
10, 85, 44
10, 86, 4
10, 86, 13
10, 86, 20
10, 87, 8
10, 88, 28
10, 90, 16
10, 90, 51
10, 93, 2
10, 93, 13
10, 93, 15
10, 94, 31
10, 96, 8
10, 96, 39
10, 97, 7
10, 97, 26
10, 98, 43
11, 1, 48
11, 3, 6
11, 3, 44
11, 4, 34
11, 4, 52
11, 5, 33
11, 5, 41
11, 7, 22
11, 7, 31
11, 7, 43
11, 7, 54
11, 9, 11
11, 10, 16
11, 10, 20
11, 11, 13
11, 12, 47
11, 13, 30
11, 16, 7
11, 17, 43
11, 18, 1
11, 19, 29
11, 20, 37
11, 23, 32
11, 23, 34
11, 24, 7
11, 24, 33
11, 24, 41
11, 28, 15
11, 29, 29
11, 29, 41
11, 34, 24
11, 36, 15
11, 37, 30
11, 37, 53
11, 38, 46
11, 39, 38
11, 40, 29
11, 40, 30
11, 40, 36
11, 41, 3
11, 43, 4
11, 43, 48
11, 44, 40
11, 45, 37
11, 46, 43
11, 49, 17
11, 50, 41
11, 53, 24
11, 64, 35
11, 65, 52
11, 66, 1
11, 66, 32
11, 66, 34
11, 70, 10
11, 78, 41
11, 79, 50
11, 82, 21
11, 83, 2
11, 83, 10
11, 84, 30
11, 84, 48
11, 86, 13
11, 86, 32
11, 88, 20
11, 93, 6
11, 94, 47
11, 96, 10
11, 99, 47
11, 100, 21
11, 100, 43
12, 1, 2
12, 2, 44
12, 4, 9
12, 6, 13
12, 6, 26
12, 10, 53
12, 11, 21
12, 11, 42
12, 17, 33
12, 18, 26
12, 19, 16
12, 20, 24
12, 23, 20
12, 23, 23
12, 24, 48
12, 25, 24
12, 26, 9
12, 28, 18
12, 28, 19
12, 31, 40
12, 32, 39
12, 33, 51
12, 39, 10
12, 40, 4
12, 42, 14
12, 44, 59
12, 47, 26
12, 48, 7
12, 49, 24
12, 50, 6
12, 50, 13
12, 53, 8
12, 53, 17
12, 56, 40
12, 58, 32
12, 59, 24
12, 61, 15
12, 62, 13
12, 64, 48
12, 66, 44
12, 68, 12
12, 68, 35
12, 68, 39
12, 70, 5
12, 73, 40
12, 76, 26
12, 76, 33
12, 77, 4
12, 78, 53
12, 79, 34
12, 84, 20
12, 87, 30
12, 91, 17
12, 91, 23
12, 91, 39
12, 92, 9
12, 94, 1
12, 94, 35
12, 95, 47
12, 96, 35
12, 96, 36
12, 97, 48
12, 100, 21
12, 101, 16
13, 1, 39
13, 3, 11
13, 4, 17
13, 5, 6
13, 5, 31
13, 5, 37
13, 5, 44
13, 5, 51
13, 8, 9
13, 8, 51
13, 11, 10
13, 13, 16
13, 16, 7
13, 16, 19
13, 16, 32
13, 18, 42
13, 20, 20
13, 26, 26
13, 27, 36
13, 27, 42
13, 29, 2
13, 32, 13
13, 32, 35
13, 34, 29
13, 34, 44
13, 37, 36
13, 38, 6
13, 39, 49
13, 41, 43
13, 42, 3
13, 44, 61
13, 45, 53
13, 51, 17
13, 52, 24
13, 55, 19
13, 55, 52
13, 56, 1
13, 56, 11
13, 58, 5
13, 59, 7
13, 60, 30
13, 61, 41
13, 62, 20
13, 63, 21
13, 65, 9
13, 66, 3
13, 68, 25
13, 70, 9
13, 72, 14
13, 72, 35
13, 73, 51
13, 74, 13
13, 76, 32
13, 76, 35
13, 82, 43
13, 83, 31
13, 84, 13
13, 86, 7
13, 88, 14
13, 88, 36
13, 88, 47
13, 89, 3
13, 90, 10
13, 90, 44
13, 93, 31
13, 94, 16
13, 100, 35
13, 101, 26
14, 4, 5
14, 4, 32
14, 4, 36
14, 4, 44
14, 6, 21
14, 6, 42
14, 7, 46
14, 8, 16
14, 10, 12
14, 13, 27
14, 16, 41
14, 18, 11
14, 18, 22
14, 18, 39
14, 18, 44
14, 19, 20
14, 20, 18
14, 20, 32
14, 21, 37
14, 22, 5
14, 22, 21
14, 23, 5
14, 23, 10
14, 26, 50
14, 27, 36
14, 28, 46
14, 31, 28
14, 31, 35
14, 31, 50
14, 32, 9
14, 32, 56
14, 35, 5
14, 37, 9
14, 38, 54
14, 39, 41
14, 42, 34
14, 42, 43
14, 48, 1
14, 50, 51
14, 51, 30
14, 51, 34
14, 53, 5
14, 53, 18
14, 54, 11
14, 55, 11
14, 56, 30
14, 56, 44
14, 60, 62
14, 62, 5
14, 64, 40
14, 66, 52
14, 68, 19
14, 68, 51
14, 70, 4
14, 70, 24
14, 72, 41
14, 80, 3
14, 80, 14
14, 80, 39
14, 81, 40
14, 84, 56
14, 86, 23
14, 88, 21
14, 88, 46
14, 91, 21
14, 92, 32
14, 93, 5
14, 94, 15
14, 95, 22
14, 96, 10
14, 97, 7
14, 98, 16
14, 100, 37
14, 101, 31
15, 2, 44
15, 5, 35
15, 6, 1
15, 6, 50
15, 9, 4
15, 11, 39
15, 14, 42
15, 14, 45
15, 14, 54
15, 16, 8
15, 16, 13
15, 17, 34
15, 19, 11
15, 19, 43
15, 23, 26
15, 23, 43
15, 24, 35
15, 25, 27
15, 27, 12
15, 27, 49
15, 29, 34
15, 30, 43
15, 33, 36
15, 37, 12
15, 39, 21
15, 41, 37
15, 41, 51
15, 44, 16
15, 44, 47
15, 45, 6
15, 45, 26
15, 50, 34
15, 51, 28
15, 52, 20
15, 57, 39
15, 62, 13
15, 63, 27
15, 63, 38
15, 67, 4
15, 68, 51
15, 69, 49
15, 70, 32
15, 72, 10
15, 72, 26
15, 74, 21
15, 76, 8
15, 79, 34
15, 79, 46
15, 82, 36
15, 83, 32
15, 84, 8
15, 84, 13
15, 84, 20
15, 87, 27
15, 89, 18
15, 89, 45
15, 91, 2
15, 91, 48
15, 92, 54
15, 93, 33
15, 98, 18
15, 99, 12
15, 99, 47
15, 100, 2
16, 3, 39
16, 6, 7
16, 7, 1
16, 8, 9
16, 9, 25
16, 9, 32
16, 10, 24
16, 10, 26
16, 10, 40
16, 10, 43
16, 13, 21
16, 13, 38
16, 15, 16
16, 16, 22
16, 17, 22
16, 17, 51
16, 18, 49
16, 19, 35
16, 22, 11
16, 26, 40
16, 26, 47
16, 27, 7
16, 28, 30
16, 30, 52
16, 31, 34
16, 32, 28
16, 34, 45
16, 36, 29
16, 38, 19
16, 39, 33
16, 40, 31
16, 40, 39
16, 42, 28
16, 42, 38
16, 42, 44
16, 43, 16
16, 43, 47
16, 45, 12
16, 46, 43
16, 51, 21
16, 53, 22
16, 54, 33
16, 55, 30
16, 55, 33
16, 57, 1
16, 57, 23
16, 59, 48
16, 60, 52
16, 61, 10
16, 62, 31
16, 64, 7
16, 65, 2
16, 66, 20
16, 72, 12
16, 72, 28
16, 74, 25
16, 77, 51
16, 80, 22
16, 82, 30
16, 82, 32
16, 83, 40
16, 84, 30
16, 86, 16
16, 86, 35
16, 89, 44
16, 90, 13
16, 91, 38
16, 94, 24
16, 95, 11
16, 95, 25
16, 95, 28
16, 99, 33
16, 100, 45
17, 1, 58
17, 2, 7
17, 2, 43
17, 4, 21
17, 5, 16
17, 9, 44
17, 11, 19
17, 12, 12
17, 12, 25
17, 13, 8
17, 14, 19
17, 14, 35
17, 15, 44
17, 16, 29
17, 16, 50
17, 18, 7
17, 18, 30
17, 18, 40
17, 19, 9
17, 19, 47
17, 22, 54
17, 25, 44
17, 26, 23
17, 27, 7
17, 27, 21
17, 29, 39
17, 33, 17
17, 34, 2
17, 35, 12
17, 36, 1
17, 36, 28
17, 36, 44
17, 39, 3
17, 39, 6
17, 39, 22
17, 39, 38
17, 39, 43
17, 42, 10
17, 43, 23
17, 46, 27
17, 46, 28
17, 47, 15
17, 48, 17
17, 48, 57
17, 50, 5
17, 50, 27
17, 51, 1
17, 52, 9
17, 53, 17
17, 53, 45
17, 55, 50
17, 56, 10
17, 57, 39
17, 59, 20
17, 69, 23
17, 69, 40
17, 71, 36
17, 72, 40
17, 75, 46
17, 76, 43
17, 79, 16
17, 80, 21
17, 80, 23
17, 84, 6
17, 87, 8
17, 88, 35
17, 91, 9
17, 91, 22
17, 93, 5
17, 93, 8
17, 94, 31
17, 96, 4
17, 96, 56
17, 98, 30
17, 100, 39
17, 100, 54
18, 7, 10
18, 8, 5
18, 9, 35
18, 9, 54
18, 10, 11
18, 14, 31
18, 16, 10
18, 18, 4
18, 20, 35
18, 23, 27
18, 24, 15
18, 24, 24
18, 25, 32
18, 27, 16
18, 27, 50
18, 28, 21
18, 28, 25
18, 28, 54
18, 29, 26
18, 30, 22
18, 32, 22
18, 32, 48
18, 33, 36
18, 37, 9
18, 37, 31
18, 39, 22
18, 39, 31
18, 45, 13
18, 45, 41
18, 45, 51
18, 51, 14
18, 51, 37
18, 52, 4
18, 52, 7
18, 53, 53
18, 54, 44
18, 55, 42
18, 56, 18
18, 57, 42
18, 57, 47
18, 59, 10
18, 59, 41
18, 60, 38
18, 62, 10
18, 62, 27
18, 65, 41
18, 67, 33
18, 68, 6
18, 68, 13
18, 69, 9
18, 69, 44
18, 72, 9
18, 72, 35
18, 73, 32
18, 74, 30
18, 76, 21
18, 77, 11
18, 77, 46
18, 79, 14
18, 80, 20
18, 81, 12
18, 82, 37
18, 83, 49
18, 84, 18
18, 84, 32
18, 84, 35
18, 86, 13
18, 89, 16
18, 89, 25
18, 89, 27
18, 90, 54
18, 91, 20
18, 91, 31
18, 93, 23
18, 94, 52
18, 95, 5
18, 96, 32
18, 97, 4
18, 97, 44
18, 98, 9
18, 98, 28
18, 100, 14
18, 100, 35
18, 101, 48
19, 2, 16
19, 2, 29
19, 2, 46
19, 3, 12
19, 3, 18
19, 7, 6
19, 7, 36
19, 7, 48
19, 16, 12
19, 21, 2
19, 26, 18
19, 32, 19
19, 34, 12
19, 42, 7
19, 44, 37
19, 45, 21
19, 46, 9
19, 46, 19
19, 47, 34
19, 47, 44
19, 50, 6
19, 50, 34
19, 51, 37
19, 55, 27
19, 55, 32
19, 57, 15
19, 57, 43
19, 59, 38
19, 61, 3
19, 62, 1
19, 62, 6
19, 62, 37
19, 63, 29
19, 64, 14
19, 67, 34
19, 71, 37
19, 73, 12
19, 75, 21
19, 79, 24
19, 82, 2
19, 82, 11
19, 82, 45
19, 84, 14
19, 88, 21
19, 90, 12
19, 91, 36
19, 96, 19
19, 98, 48
19, 101, 16
20, 1, 6
20, 1, 40
20, 1, 41
20, 2, 51
20, 5, 30
20, 5, 38
20, 6, 5
20, 10, 53
20, 11, 35
20, 12, 25
20, 12, 46
20, 13, 25
20, 14, 15
20, 14, 52
20, 17, 27
20, 17, 48
20, 18, 5
20, 19, 4
20, 19, 31
20, 20, 8
20, 20, 15
20, 20, 46
20, 22, 29
20, 22, 48
20, 25, 1
20, 25, 21
20, 26, 27
20, 27, 23
20, 28, 10
20, 30, 8
20, 30, 38
20, 37, 2
20, 40, 9
20, 40, 41
20, 42, 1
20, 42, 11
20, 42, 41
20, 45, 26
20, 45, 43
20, 46, 33
20, 47, 22
20, 47, 30
20, 47, 52
20, 49, 27
20, 49, 50
20, 50, 32
20, 51, 24
20, 52, 1
20, 53, 23
20, 53, 27
20, 53, 45
20, 55, 4
20, 55, 19
20, 55, 40
20, 56, 24
20, 56, 31
20, 61, 29
20, 63, 3
20, 63, 22
20, 64, 8
20, 66, 32
20, 66, 46
20, 67, 21
20, 68, 36
20, 69, 17
20, 70, 17
20, 73, 14
20, 74, 45
20, 76, 31
20, 80, 30
20, 82, 24
20, 85, 4
20, 86, 4
20, 86, 16
20, 88, 9
20, 88, 44
20, 89, 12
20, 89, 43
20, 92, 45
20, 93, 19
20, 93, 30
20, 93, 48
20, 94, 29
20, 94, 50
20, 95, 2
20, 95, 52
20, 96, 9
20, 96, 50
20, 97, 44
20, 100, 15
20, 100, 19
20, 101, 27
21, 2, 3
21, 4, 25
21, 5, 8
21, 6, 9
21, 6, 40
21, 6, 54
21, 6, 58
21, 10, 20
21, 10, 22
21, 14, 36
21, 16, 15
21, 18, 38
21, 19, 30
21, 21, 2
21, 23, 29
21, 25, 12
21, 27, 6
21, 27, 9
21, 28, 36
21, 30, 4
21, 32, 33
21, 33, 23
21, 34, 27
21, 34, 37
21, 35, 54
21, 39, 33
21, 39, 48
21, 41, 13
21, 43, 49
21, 45, 8
21, 46, 16
21, 52, 14
21, 53, 2
21, 53, 7
21, 56, 2
21, 58, 40
21, 59, 20
21, 60, 27
21, 61, 54
21, 62, 10
21, 63, 15
21, 66, 20
21, 69, 12
21, 73, 29
21, 73, 44
21, 75, 25
21, 76, 42
21, 76, 49
21, 79, 43
21, 80, 42
21, 81, 3
21, 82, 14
21, 82, 49
21, 83, 29
21, 84, 7
21, 87, 1
21, 90, 40
21, 93, 6
21, 94, 12
21, 98, 44
21, 100, 4
21, 101, 8
21, 101, 30
22, 1, 44
22, 4, 55
22, 7, 48
22, 8, 2
22, 8, 24
22, 8, 28
22, 8, 42
22, 11, 12
22, 11, 22
22, 12, 4
22, 13, 8
22, 13, 33
22, 14, 33
22, 15, 23
22, 18, 32
22, 19, 1
22, 19, 44
22, 20, 38
22, 21, 32
22, 24, 14
22, 25, 4
22, 26, 35
22, 28, 5
22, 28, 48
22, 28, 56
22, 29, 32
22, 29, 43
22, 30, 12
22, 31, 2
22, 31, 18
22, 31, 39
22, 36, 23
22, 39, 8
22, 39, 45
22, 40, 20
22, 40, 21
22, 46, 34
22, 46, 55
22, 47, 24
22, 47, 42
22, 48, 11
22, 48, 19
22, 49, 16
22, 49, 48
22, 53, 36
22, 54, 39
22, 56, 29
22, 59, 29
22, 60, 46
22, 60, 51
22, 63, 25
22, 64, 30
22, 68, 28
22, 68, 43
22, 71, 44
22, 72, 26
22, 73, 24
22, 74, 5
22, 74, 16
22, 75, 31
22, 75, 46
22, 76, 4
22, 78, 9
22, 81, 33
22, 82, 40
22, 83, 18
22, 83, 30
22, 83, 44
22, 84, 43
22, 87, 21
22, 87, 24
22, 88, 8
22, 88, 38
22, 88, 40
22, 88, 44
22, 89, 5
22, 89, 14
22, 89, 27
22, 93, 4
22, 93, 19
22, 96, 24
22, 96, 54
22, 97, 34
22, 101, 11
22, 101, 45
23, 4, 7
23, 12, 8
23, 14, 45
23, 18, 19
23, 18, 43
23, 20, 38
23, 21, 21
23, 21, 31
23, 26, 42
23, 28, 22
23, 28, 45
23, 29, 1
23, 29, 42
23, 35, 27
23, 36, 27
23, 40, 30
23, 44, 29
23, 47, 19
23, 49, 9
23, 49, 50
23, 50, 23
23, 50, 54
23, 51, 27
23, 58, 15
23, 58, 18
23, 59, 4
23, 60, 39
23, 60, 50
23, 61, 2
23, 61, 27
23, 63, 7
23, 63, 26
23, 65, 11
23, 65, 30
23, 66, 20
23, 66, 38
23, 67, 19
23, 67, 24
23, 69, 17
23, 69, 18
23, 69, 31
23, 70, 49
23, 71, 54
23, 74, 14
23, 76, 39
23, 79, 19
23, 80, 2
23, 80, 11
23, 83, 35
23, 84, 21
23, 85, 45
23, 89, 30
23, 90, 18
23, 93, 22
23, 94, 44
23, 98, 12
23, 100, 36
24, 3, 16
24, 3, 34
24, 4, 19
24, 5, 6
24, 12, 10
24, 12, 14
24, 12, 44
24, 13, 4
24, 17, 1
24, 17, 27
24, 17, 30
24, 17, 44
24, 19, 34
24, 20, 28
24, 21, 51
24, 22, 48
24, 23, 43
24, 24, 18
24, 27, 41
24, 31, 49
24, 32, 21
24, 33, 36
24, 35, 26
24, 41, 29
24, 41, 33
24, 42, 8
24, 42, 45
24, 44, 31
24, 44, 44
24, 46, 46
24, 49, 21
24, 50, 38
24, 51, 4
24, 51, 11
24, 53, 3
24, 53, 32
24, 53, 39
24, 53, 44
24, 56, 34
24, 56, 52
24, 58, 9
24, 59, 36
24, 60, 11
24, 60, 19
24, 60, 41
24, 60, 46
24, 61, 40
24, 62, 52
24, 67, 23
24, 68, 13
24, 68, 52
24, 71, 6
24, 71, 21
24, 77, 16
24, 77, 41
24, 80, 51
24, 82, 14
24, 84, 23
24, 84, 49
24, 85, 44
24, 86, 4
24, 89, 16
24, 89, 34
24, 95, 15
24, 98, 3
24, 98, 26
25, 1, 51
25, 3, 35
25, 4, 29
25, 5, 38
25, 6, 4
25, 9, 32
25, 10, 36
25, 13, 48
25, 14, 14
25, 15, 22
25, 16, 11
25, 18, 23
25, 20, 6
25, 23, 49
25, 25, 47
25, 27, 8
25, 28, 52
25, 29, 30
25, 31, 13
25, 31, 25
25, 35, 9
25, 36, 35
25, 38, 11
25, 38, 27
25, 43, 28
25, 46, 3
25, 46, 55
25, 48, 60
25, 49, 4
25, 52, 12
25, 53, 20
25, 53, 50
25, 57, 11
25, 58, 23
25, 58, 48
25, 59, 18
25, 59, 46
25, 61, 9
25, 63, 23
25, 63, 31
25, 64, 25
25, 65, 3
25, 67, 4
25, 67, 38
25, 68, 8
25, 69, 32
25, 70, 14
25, 74, 2
25, 74, 58
25, 75, 11
25, 75, 25
25, 77, 43
25, 78, 13
25, 78, 32
25, 79, 14
25, 79, 59
25, 81, 17
25, 84, 15
25, 84, 54
25, 85, 29
25, 85, 38
25, 86, 5
25, 86, 21
25, 87, 20
25, 88, 47
25, 92, 13
25, 93, 4
25, 96, 44
25, 97, 48
25, 99, 24
25, 99, 30
25, 100, 12
25, 100, 44
25, 101, 9
26, 4, 43
26, 7, 39
26, 8, 17
26, 8, 24
26, 8, 42
26, 11, 41
26, 12, 39
26, 13, 17
26, 13, 47
26, 17, 37
26, 18, 4
26, 18, 40
26, 21, 5
26, 23, 21
26, 23, 38
26, 24, 15
26, 30, 48
26, 31, 20
26, 32, 9
26, 32, 23
26, 34, 2
26, 34, 43
26, 39, 16
26, 43, 32
26, 44, 38
26, 51, 37
26, 52, 39
26, 53, 8
26, 53, 25
26, 55, 42
26, 57, 16
26, 58, 4
26, 58, 43
26, 60, 5
26, 60, 56
26, 61, 24
26, 63, 4
26, 66, 11
26, 66, 39
26, 75, 41
26, 76, 4
26, 76, 31
26, 78, 21
26, 78, 48
26, 79, 6
26, 81, 17
26, 82, 54
26, 84, 17
26, 86, 30
26, 87, 18
26, 89, 29
26, 91, 6
26, 93, 18
26, 94, 23
26, 98, 15
26, 98, 16
26, 99, 16
27, 1, 17
27, 2, 1
27, 2, 13
27, 4, 3
27, 5, 8
27, 8, 39
27, 10, 38
27, 12, 9
27, 12, 45
27, 14, 2
27, 14, 22
27, 14, 32
27, 15, 48
27, 18, 25
27, 18, 41
27, 20, 14
27, 20, 33
27, 21, 12
27, 21, 16
27, 21, 44
27, 23, 28
27, 24, 27
27, 25, 10
27, 26, 6
27, 26, 34
27, 29, 17
27, 31, 10
27, 32, 5
27, 32, 15
27, 32, 30
27, 34, 20
27, 34, 23
27, 36, 44
27, 36, 46
27, 41, 3
27, 42, 19
27, 42, 46
27, 43, 12
27, 46, 18
27, 46, 42
27, 47, 21
27, 47, 33
27, 47, 43
27, 48, 33
27, 51, 12
27, 55, 39
27, 57, 37
27, 57, 51
27, 58, 25
27, 60, 22
27, 65, 25
27, 67, 31
27, 67, 42
27, 68, 6
27, 68, 23
27, 70, 29
27, 72, 13
27, 72, 30
27, 73, 8
27, 74, 19
27, 75, 48
27, 80, 10
27, 82, 26
27, 83, 33
27, 84, 2
27, 84, 39
27, 85, 7
27, 85, 44
27, 86, 12
27, 86, 45
27, 87, 5
27, 87, 44
27, 89, 34
27, 91, 1
27, 92, 5
27, 93, 39
27, 95, 2
27, 95, 46
27, 96, 27
27, 97, 53
27, 101, 32
28, 1, 33
28, 1, 37
28, 2, 12
28, 6, 21
28, 8, 30
28, 9, 22
28, 9, 41
28, 11, 48
28, 12, 34
28, 16, 8
28, 22, 6
28, 23, 40
28, 24, 25
28, 27, 17
28, 27, 39
28, 27, 42
28, 28, 42
28, 31, 11
28, 31, 21
28, 32, 32
28, 37, 16
28, 38, 6
28, 38, 17
28, 39, 13
28, 42, 9
28, 42, 24
28, 43, 33
28, 43, 51
28, 45, 14
28, 45, 18
28, 46, 3
28, 47, 54
28, 48, 15
28, 49, 37
28, 50, 36
28, 53, 49
28, 56, 12
28, 60, 50
28, 61, 5
28, 63, 42
28, 64, 39
28, 65, 30
28, 66, 17
28, 67, 7
28, 69, 3
28, 70, 9
28, 72, 8
28, 74, 36
28, 75, 34
28, 76, 41
28, 79, 16
28, 79, 32
28, 80, 5
28, 80, 37
28, 80, 48
28, 81, 40
28, 81, 41
28, 85, 27
28, 85, 29
28, 86, 28
28, 88, 22
28, 90, 25
28, 91, 41
28, 93, 13
28, 93, 47
28, 95, 18
28, 95, 25
28, 97, 18
28, 98, 45
28, 99, 6
28, 99, 22
28, 101, 42
29, 1, 32
29, 2, 21
29, 6, 4
29, 6, 32
29, 7, 6
29, 8, 12
29, 9, 32
29, 10, 29
29, 11, 5
29, 11, 14
29, 13, 10
29, 15, 3
29, 17, 47
29, 20, 16
29, 23, 5
29, 24, 32
29, 27, 1
29, 29, 44
29, 30, 46
29, 31, 33
29, 33, 6
29, 33, 30
29, 37, 6
29, 37, 11
29, 40, 20
29, 41, 5
29, 41, 36
29, 43, 5
29, 43, 18
29, 44, 8
29, 44, 25
29, 44, 36
29, 47, 9
29, 47, 25
29, 55, 35
29, 57, 18
29, 60, 8
29, 62, 14
29, 63, 42
29, 64, 17
29, 64, 18
29, 69, 29
29, 69, 44
29, 71, 13
29, 71, 39
29, 71, 48
29, 73, 8
29, 73, 52
29, 74, 56
29, 75, 29
29, 75, 35
29, 77, 60
29, 82, 23
29, 83, 37
29, 84, 19
29, 85, 28
29, 87, 30
29, 88, 50
29, 91, 18
29, 93, 39
29, 93, 52
29, 94, 3
29, 94, 9
29, 94, 32
29, 95, 12
29, 95, 41
29, 96, 9
29, 96, 15
29, 97, 37
29, 97, 39
29, 101, 46
30, 2, 28
30, 2, 47
30, 4, 1
30, 7, 11
30, 8, 40
30, 9, 1
30, 9, 48
30, 10, 16
30, 10, 39
30, 11, 20
30, 12, 27
30, 13, 20
30, 13, 37
30, 14, 6
30, 14, 36
30, 15, 4
30, 16, 23
30, 17, 51
30, 18, 15
30, 18, 30
30, 18, 31
30, 19, 41
30, 20, 24
30, 24, 23
30, 26, 24
30, 26, 54
30, 29, 40
30, 29, 48
30, 30, 29
30, 31, 44
30, 39, 5
30, 40, 15
30, 40, 28
30, 41, 11
30, 41, 29
30, 42, 42
30, 44, 34
30, 45, 19
30, 48, 22
30, 49, 21
30, 50, 5
30, 50, 37
30, 52, 50
30, 52, 57
30, 53, 2
30, 53, 21
30, 53, 36
30, 54, 15
30, 58, 15
30, 58, 44
30, 59, 41
30, 61, 16
30, 62, 10
30, 62, 28
30, 65, 11
30, 65, 14
30, 69, 4
30, 69, 20
30, 69, 37
30, 72, 39
30, 73, 25
30, 75, 5
30, 75, 24
30, 75, 38
30, 76, 1
30, 76, 54
30, 80, 37
30, 81, 6
30, 81, 23
30, 82, 28
30, 86, 39
30, 87, 49
30, 89, 21
30, 89, 49
30, 91, 1
30, 91, 6
30, 91, 28
30, 93, 27
30, 95, 4
30, 96, 33
30, 97, 22
30, 97, 40
30, 98, 39
30, 99, 32
30, 99, 34
30, 101, 35
31, 2, 46
31, 5, 5
31, 5, 61
31, 7, 23
31, 7, 28
31, 9, 5
31, 9, 34
31, 11, 41
31, 12, 21
31, 12, 26
31, 14, 14
31, 15, 37
31, 18, 7
31, 18, 31
31, 18, 45
31, 20, 8
31, 21, 18
31, 23, 22
31, 24, 10
31, 24, 23
31, 25, 53
31, 26, 11
31, 27, 33
31, 28, 33
31, 33, 45
31, 34, 16
31, 36, 3
31, 39, 11
31, 39, 25
31, 39, 40
31, 39, 53
31, 40, 20
31, 41, 6
31, 41, 39
31, 42, 29
31, 42, 33
31, 42, 51
31, 43, 1
31, 43, 41
31, 47, 49
31, 50, 46
31, 51, 29
31, 53, 27
31, 53, 35
31, 57, 12
31, 59, 33
31, 61, 41
31, 64, 12
31, 64, 25
31, 65, 20
31, 65, 49
31, 67, 2
31, 68, 9
31, 68, 31
31, 71, 38
31, 74, 28
31, 75, 47
31, 78, 33
31, 81, 5
31, 81, 10
31, 81, 17
31, 82, 2
31, 82, 18
31, 85, 8
31, 87, 7
31, 88, 37
31, 89, 54
31, 90, 53
31, 91, 34
31, 92, 13
31, 92, 52
31, 96, 8
31, 96, 16
31, 97, 8
31, 98, 15
31, 98, 25
31, 101, 14
32, 1, 20
32, 4, 20
32, 4, 31
32, 7, 14
32, 8, 14
32, 9, 48
32, 9, 50
32, 13, 12
32, 14, 21
32, 15, 10
32, 16, 24
32, 16, 29
32, 18, 47
32, 22, 31
32, 25, 24
32, 25, 51
32, 26, 16
32, 26, 39
32, 26, 46
32, 26, 49
32, 32, 22
32, 34, 48
32, 37, 24
32, 37, 60
32, 41, 10
32, 44, 12
32, 46, 4
32, 47, 24
32, 47, 26
32, 48, 33
32, 49, 29
32, 54, 19
32, 55, 12
32, 55, 19
32, 56, 18
32, 57, 19
32, 58, 16
32, 59, 2
32, 59, 9
32, 59, 21
32, 59, 34
32, 60, 37
32, 63, 29
32, 64, 26
32, 64, 38
32, 64, 39
32, 65, 1
32, 65, 47
32, 68, 44
32, 70, 5
32, 78, 5
32, 78, 48
32, 81, 1
32, 81, 48
32, 84, 6
32, 84, 18
32, 85, 4
32, 85, 27
32, 85, 34
32, 86, 14
32, 86, 55
32, 89, 20
32, 92, 31
32, 92, 46
32, 94, 48
32, 95, 49
32, 99, 1
32, 99, 29
32, 100, 46
32, 101, 7
32, 101, 34
33, 1, 55
33, 2, 1
33, 3, 25
33, 6, 44
33, 7, 7
33, 7, 26
33, 9, 3
33, 9, 30
33, 9, 34
33, 11, 14
33, 11, 48
33, 12, 18
33, 15, 27
33, 18, 20
33, 22, 9
33, 23, 11
33, 25, 33
33, 29, 34
33, 30, 17
33, 30, 24
33, 34, 3
33, 34, 32
33, 39, 36
33, 40, 30
33, 42, 46
33, 43, 17
33, 44, 13
33, 46, 1
33, 47, 1
33, 47, 35
33, 52, 17
33, 52, 41
33, 53, 9
33, 53, 42
33, 54, 22
33, 58, 7
33, 59, 26
33, 60, 29
33, 62, 13
33, 62, 34
33, 63, 39
33, 64, 45
33, 67, 36
33, 68, 6
33, 70, 3
33, 71, 37
33, 72, 5
33, 73, 12
33, 76, 29
33, 77, 5
33, 78, 44
33, 79, 25
33, 80, 20
33, 81, 14
33, 81, 25
33, 82, 27
33, 86, 44
33, 93, 9
33, 93, 33
33, 94, 28
33, 95, 31
33, 97, 18
33, 97, 26
33, 97, 52
33, 101, 9
34, 1, 31
34, 2, 50
34, 3, 3
34, 5, 49
34, 6, 53
34, 8, 33
34, 8, 47
34, 14, 52
34, 15, 4
34, 15, 8
34, 15, 40
34, 16, 28
34, 16, 40
34, 16, 48
34, 17, 3
34, 20, 32
34, 24, 55
34, 28, 16
34, 30, 1
34, 30, 19
34, 31, 15
34, 31, 37
34, 33, 28
34, 33, 53
34, 34, 46
34, 35, 35
34, 36, 36
34, 39, 8
34, 40, 27
34, 43, 39
34, 44, 8
34, 47, 46
34, 49, 7
34, 50, 51
34, 51, 37
34, 52, 23
34, 53, 27
34, 56, 25
34, 57, 27
34, 57, 51
34, 59, 51
34, 64, 46
34, 66, 24
34, 66, 29
34, 69, 34
34, 70, 16
34, 70, 36
34, 70, 49
34, 73, 2
34, 73, 52
34, 74, 12
34, 74, 19
34, 77, 40
34, 79, 38
34, 79, 39
34, 79, 41
34, 80, 4
34, 86, 24
34, 96, 40
34, 97, 25
34, 99, 49
34, 100, 25
34, 100, 48
34, 101, 41
35, 4, 32
35, 6, 39
35, 7, 39
35, 9, 20
35, 9, 51
35, 11, 16
35, 12, 4
35, 16, 26
35, 17, 51
35, 18, 44
35, 20, 5
35, 20, 15
35, 21, 37
35, 22, 29
35, 22, 44
35, 23, 14
35, 23, 18
35, 24, 52
35, 25, 3
35, 25, 31
35, 28, 44
35, 28, 47
35, 32, 18
35, 32, 38
35, 33, 1
35, 33, 27
35, 35, 24
35, 36, 11
35, 36, 53
35, 37, 7
35, 37, 49
35, 39, 10
35, 39, 20
35, 39, 47
35, 41, 2
35, 41, 45
35, 43, 9
35, 44, 24
35, 46, 49
35, 49, 18
35, 52, 15
35, 52, 17
35, 52, 31
35, 52, 58
35, 53, 2
35, 55, 5
35, 55, 10
35, 55, 46
35, 57, 6
35, 58, 10
35, 59, 27
35, 60, 2
35, 63, 8
35, 65, 16
35, 65, 58
35, 66, 12
35, 66, 32
35, 67, 46
35, 71, 4
35, 71, 38
35, 71, 42
35, 72, 5
35, 72, 39
35, 77, 16
35, 79, 23
35, 83, 9
35, 83, 22
35, 83, 51
35, 85, 42
35, 93, 52
35, 94, 5
35, 94, 27
35, 95, 8
35, 96, 20
35, 97, 2
35, 97, 39
35, 98, 47
35, 99, 1
35, 99, 14
35, 100, 17
35, 101, 58
36, 3, 41
36, 4, 21
36, 4, 44
36, 6, 2
36, 6, 52
36, 7, 41
36, 9, 10
36, 9, 29
36, 10, 23
36, 11, 7
36, 11, 36
36, 16, 1
36, 16, 17
36, 16, 27
36, 18, 53
36, 19, 19
36, 23, 4
36, 28, 17
36, 29, 6
36, 32, 9
36, 32, 29
36, 34, 13
36, 36, 36
36, 37, 30
36, 37, 31
36, 39, 23
36, 39, 43
36, 41, 27
36, 42, 50
36, 44, 8
36, 44, 22
36, 45, 1
36, 47, 6
36, 48, 2
36, 52, 1
36, 53, 6
36, 55, 4
36, 57, 44
36, 58, 36
36, 59, 52
36, 61, 15
36, 61, 30
36, 62, 44
36, 63, 39
36, 65, 27
36, 68, 25
36, 69, 19
36, 71, 23
36, 71, 44
36, 72, 57
36, 73, 21
36, 74, 29
36, 75, 43
36, 75, 46
36, 76, 52
36, 77, 4
36, 78, 34
36, 79, 35
36, 80, 13
36, 81, 4
36, 81, 56
36, 84, 36
36, 85, 17
36, 87, 1
36, 87, 12
36, 87, 36
36, 88, 37
36, 89, 4
36, 91, 6
36, 93, 18
36, 93, 41
36, 96, 25
36, 97, 55
36, 100, 26
37, 1, 15
37, 1, 18
37, 2, 36
37, 4, 16
37, 4, 31
37, 6, 50
37, 7, 11
37, 10, 33
37, 14, 15
37, 16, 12
37, 17, 24
37, 18, 10
37, 18, 59
37, 22, 27
37, 22, 52
37, 23, 15
37, 24, 32
37, 24, 54
37, 25, 27
37, 26, 2
37, 26, 38
37, 27, 7
37, 28, 1
37, 28, 2
37, 29, 22
37, 31, 24
37, 33, 17
37, 34, 4
37, 34, 22
37, 38, 26
37, 39, 16
37, 40, 25
37, 41, 8
37, 44, 30
37, 44, 33
37, 44, 40
37, 46, 48
37, 48, 16
37, 52, 40
37, 55, 38
37, 56, 43
37, 58, 25
37, 59, 5
37, 59, 47
37, 65, 12
37, 65, 49
37, 66, 47
37, 68, 5
37, 71, 17
37, 71, 34
37, 74, 52
37, 76, 27
37, 76, 47
37, 82, 11
37, 82, 17
37, 82, 24
37, 83, 52
37, 84, 11
37, 87, 5
37, 87, 48
37, 90, 38
37, 91, 12
37, 91, 23
37, 91, 31
37, 92, 2
37, 93, 18
37, 93, 29
37, 93, 33
37, 93, 40
37, 99, 24
37, 100, 29
37, 100, 33
37, 101, 38
38, 3, 18
38, 3, 46
38, 3, 51
38, 4, 33
38, 8, 2
38, 8, 48
38, 10, 1
38, 10, 48
38, 12, 14
38, 13, 22
38, 17, 10
38, 18, 16
38, 18, 44
38, 18, 45
38, 20, 27
38, 21, 24
38, 21, 50
38, 25, 8
38, 26, 20
38, 26, 48
38, 28, 19
38, 31, 4
38, 32, 49
38, 33, 38
38, 39, 32
38, 42, 52
38, 45, 44
38, 46, 5
38, 46, 21
38, 47, 8
38, 47, 55
38, 48, 18
38, 49, 31
38, 55, 24
38, 63, 36
38, 64, 14
38, 64, 45
38, 64, 53
38, 66, 16
38, 68, 27
38, 70, 16
38, 72, 32
38, 72, 38
38, 74, 16
38, 76, 32
38, 78, 2
38, 78, 41
38, 80, 38
38, 80, 41
38, 82, 46
38, 84, 5
38, 86, 16
38, 86, 28
38, 91, 7
38, 91, 22
38, 91, 45
38, 93, 38
38, 93, 48
38, 97, 30
38, 98, 42
38, 99, 23
38, 101, 7
39, 2, 8
39, 2, 23
39, 3, 6
39, 3, 41
39, 4, 40
39, 6, 36
39, 7, 17
39, 9, 39
39, 9, 40
39, 12, 17
39, 13, 19
39, 14, 1
39, 14, 13
39, 15, 1
39, 15, 24
39, 17, 2
39, 19, 2
39, 21, 7
39, 21, 29
39, 23, 15
39, 24, 51
39, 28, 32
39, 29, 14
39, 32, 17
39, 32, 19
39, 34, 40
39, 35, 5
39, 39, 3
39, 39, 10
39, 41, 1
39, 41, 42
39, 44, 3
39, 44, 9
39, 44, 22
39, 46, 37
39, 48, 37
39, 53, 44
39, 55, 46
39, 57, 27
39, 57, 39
39, 58, 17
39, 63, 36
39, 66, 29
39, 68, 34
39, 69, 10
39, 71, 13
39, 71, 34
39, 72, 21
39, 75, 23
39, 77, 29
39, 78, 21
39, 78, 32
39, 80, 10
39, 82, 35
39, 86, 6
39, 86, 37
39, 89, 7
39, 89, 17
39, 90, 31
39, 93, 44
39, 94, 24
39, 95, 51
39, 101, 52
40, 6, 31
40, 8, 8
40, 8, 21
40, 10, 19
40, 11, 20
40, 12, 12
40, 13, 23
40, 13, 55
40, 14, 9
40, 17, 22
40, 18, 35
40, 20, 30
40, 22, 31
40, 24, 10
40, 25, 23
40, 26, 33
40, 27, 15
40, 28, 27
40, 28, 39
40, 29, 13
40, 32, 32
40, 32, 35
40, 32, 45
40, 33, 10
40, 36, 34
40, 37, 6
40, 38, 5
40, 38, 18
40, 39, 14
40, 41, 21
40, 42, 5
40, 43, 19
40, 44, 9
40, 47, 49
40, 48, 27
40, 51, 37
40, 51, 41
40, 52, 39
40, 53, 2
40, 53, 12
40, 54, 8
40, 60, 25
40, 61, 27
40, 66, 12
40, 71, 44
40, 74, 23
40, 75, 2
40, 76, 11
40, 77, 19
40, 79, 22
40, 85, 21
40, 85, 26
40, 85, 46
40, 86, 10
40, 86, 18
40, 86, 43
40, 87, 34
40, 88, 8
40, 88, 42
40, 90, 13
40, 90, 31
40, 90, 33
40, 91, 33
40, 92, 6
40, 93, 17
40, 95, 55
40, 99, 29
41, 2, 43
41, 3, 51
41, 4, 37
41, 5, 25
41, 14, 44
41, 15, 31
41, 17, 43
41, 18, 54
41, 19, 31
41, 22, 2
41, 27, 32
41, 31, 6
41, 31, 37
41, 33, 25
41, 34, 42
41, 34, 47
41, 35, 15
41, 38, 2
41, 39, 29
41, 40, 27
41, 40, 44
41, 41, 48
41, 42, 28
41, 46, 18
41, 51, 41
41, 53, 15
41, 53, 20
41, 54, 15
41, 56, 6
41, 59, 13
41, 59, 17
41, 60, 32
41, 60, 35
41, 60, 40
41, 60, 41
41, 62, 1
41, 62, 45
41, 62, 51
41, 63, 40
41, 66, 32
41, 67, 6
41, 68, 21
41, 71, 5
41, 71, 43
41, 72, 55
41, 76, 2
41, 77, 27
41, 78, 1
41, 79, 45
41, 81, 31
41, 83, 42
41, 84, 28
41, 86, 18
41, 87, 15
41, 88, 31
41, 90, 32
41, 90, 40
41, 94, 43
41, 95, 6
41, 97, 8
41, 97, 23
41, 99, 37
41, 101, 54
42, 1, 38
42, 1, 50
42, 5, 44
42, 6, 10
42, 7, 13
42, 7, 40
42, 8, 2
42, 12, 23
42, 12, 41
42, 13, 41
42, 13, 43
42, 16, 2
42, 16, 3
42, 16, 37
42, 17, 21
42, 19, 20
42, 20, 5
42, 21, 38
42, 22, 18
42, 25, 5
42, 26, 23
42, 28, 4
42, 28, 43
42, 33, 11
42, 33, 47
42, 34, 22
42, 34, 38
42, 38, 33
42, 39, 51
42, 41, 19
42, 42, 25
42, 43, 38
42, 44, 24
42, 44, 39
42, 44, 55
42, 46, 33
42, 48, 44
42, 49, 5
42, 49, 20
42, 49, 44
42, 50, 25
42, 51, 10
42, 51, 45
42, 54, 3
42, 56, 9
42, 56, 20
42, 58, 48
42, 58, 51
42, 60, 17
42, 63, 20
42, 63, 48
42, 64, 40
42, 66, 8
42, 66, 21
42, 68, 37
42, 68, 44
42, 69, 26
42, 70, 10
42, 71, 42
42, 71, 53
42, 74, 1
42, 76, 38
42, 78, 21
42, 78, 47
42, 79, 9
42, 79, 37
42, 83, 41
42, 84, 18
42, 84, 19
42, 86, 16
42, 86, 21
42, 88, 8
42, 88, 35
42, 89, 6
42, 90, 22
42, 90, 52
42, 91, 8
42, 91, 22
42, 92, 2
42, 94, 15
42, 96, 39
42, 97, 19
42, 98, 16
42, 98, 43
42, 99, 18
42, 99, 19
42, 100, 11
42, 101, 48
43, 3, 23
43, 3, 34
43, 3, 49
43, 7, 18
43, 8, 26
43, 8, 43
43, 12, 31
43, 15, 18
43, 17, 16
43, 18, 52
43, 20, 6
43, 25, 18
43, 27, 18
43, 27, 39
43, 32, 43
43, 34, 30
43, 36, 48
43, 38, 8
43, 42, 23
43, 44, 33
43, 45, 41
43, 46, 53
43, 50, 48
43, 53, 26
43, 57, 32
43, 59, 5
43, 59, 11
43, 60, 31
43, 61, 34
43, 62, 25
43, 66, 52
43, 67, 1
43, 67, 32
43, 68, 36
43, 68, 40
43, 69, 11
43, 70, 16
43, 71, 2
43, 71, 30
43, 73, 16
43, 73, 53
43, 76, 34
43, 78, 9
43, 79, 3
43, 79, 25
43, 80, 18
43, 80, 38
43, 81, 49
43, 82, 42
43, 85, 50
43, 86, 25
43, 88, 25
43, 91, 48
43, 95, 31
43, 96, 32
43, 97, 16
43, 100, 34
44, 1, 4
44, 3, 47
44, 3, 55
44, 4, 46
44, 5, 49
44, 6, 7
44, 6, 19
44, 9, 13
44, 12, 46
44, 14, 14
44, 14, 23
44, 14, 33
44, 18, 25
44, 20, 12
44, 20, 28
44, 22, 2
44, 22, 21
44, 23, 4
44, 23, 18
44, 27, 46
44, 28, 6
44, 28, 38
44, 28, 46
44, 30, 26
44, 31, 19
44, 35, 36
44, 35, 40
44, 37, 6
44, 38, 32
44, 41, 38
44, 42, 14
44, 42, 15
44, 44, 13
44, 46, 38
44, 48, 50
44, 50, 10
44, 50, 16
44, 50, 18
44, 52, 39
44, 53, 31
44, 53, 50
44, 54, 4
44, 57, 25
44, 58, 1
44, 58, 21
44, 59, 49
44, 60, 14
44, 60, 17
44, 61, 7
44, 63, 18
44, 63, 36
44, 65, 10
44, 72, 4
44, 73, 29
44, 73, 37
44, 75, 41
44, 76, 14
44, 76, 47
44, 77, 34
44, 77, 35
44, 78, 2
44, 78, 45
44, 78, 53
44, 81, 2
44, 81, 19
44, 81, 42
44, 84, 37
44, 86, 40
44, 87, 42
44, 89, 21
44, 90, 22
44, 91, 11
44, 93, 37
44, 95, 33
44, 97, 55
44, 98, 46
44, 99, 25
44, 101, 9
45, 2, 25
45, 2, 50
45, 3, 41
45, 4, 47
45, 7, 23
45, 7, 44
45, 10, 32
45, 12, 14
45, 14, 30
45, 14, 39
45, 15, 13
45, 16, 3
45, 16, 43
45, 17, 46
45, 20, 5
45, 20, 48
45, 22, 34
45, 24, 17
45, 25, 2
45, 25, 9
45, 27, 6
45, 30, 32
45, 32, 48
45, 35, 38
45, 37, 28
45, 38, 27
45, 39, 19
45, 41, 7
45, 41, 22
45, 41, 45
45, 42, 4
45, 44, 6
45, 44, 24
45, 46, 47
45, 47, 34
45, 47, 58
45, 49, 15
45, 51, 41
45, 56, 27
45, 56, 33
45, 56, 38
45, 57, 2
45, 57, 51
45, 58, 2
45, 60, 16
45, 64, 29
45, 64, 30
45, 66, 42
45, 70, 28
45, 71, 37
45, 76, 18
45, 76, 24
45, 76, 49
45, 78, 2
45, 80, 1
45, 80, 14
45, 81, 20
45, 81, 48
45, 83, 27
45, 84, 36
45, 84, 49
45, 88, 39
45, 88, 43
45, 90, 23
45, 90, 49
45, 91, 3
45, 91, 4
45, 91, 9
45, 92, 10
45, 92, 33
45, 94, 21
45, 94, 28
45, 95, 1
45, 101, 43
45, 101, 54
46, 1, 33
46, 2, 27
46, 3, 32
46, 3, 45
46, 4, 20
46, 4, 21
46, 4, 30
46, 5, 29
46, 9, 42
46, 10, 35
46, 11, 2
46, 11, 13
46, 11, 18
46, 11, 20
46, 11, 48
46, 12, 33
46, 12, 44
46, 13, 54
46, 14, 48
46, 15, 30
46, 16, 23
46, 17, 39
46, 18, 42
46, 21, 20
46, 21, 40
46, 25, 22
46, 28, 13
46, 28, 38
46, 29, 1
46, 29, 50
46, 31, 30
46, 32, 15
46, 32, 18
46, 33, 14
46, 33, 51
46, 34, 19
46, 35, 46
46, 36, 2
46, 36, 10
46, 36, 21
46, 36, 51
46, 40, 17
46, 40, 33
46, 46, 41
46, 50, 37
46, 53, 27
46, 53, 29
46, 54, 37
46, 56, 17
46, 57, 10
46, 57, 24
46, 60, 44
46, 62, 17
46, 63, 6
46, 64, 36
46, 67, 17
46, 67, 48
46, 69, 1
46, 69, 39
46, 72, 7
46, 73, 2
46, 74, 15
46, 75, 32
46, 76, 31
46, 77, 42
46, 79, 18
46, 81, 42
46, 81, 50
46, 82, 11
46, 82, 30
46, 83, 6
46, 83, 10
46, 83, 27
46, 84, 35
46, 85, 34
46, 88, 51
46, 89, 13
46, 93, 21
46, 93, 51
46, 94, 6
46, 95, 39
46, 96, 50
46, 98, 21
46, 101, 20
47, 4, 26
47, 6, 6
47, 6, 7
47, 6, 38
47, 6, 50
47, 11, 6
47, 12, 42
47, 13, 24
47, 18, 36
47, 18, 49
47, 19, 17
47, 20, 5
47, 20, 7
47, 21, 27
47, 21, 54
47, 23, 28
47, 24, 7
47, 27, 40
47, 28, 37
47, 30, 39
47, 30, 52
47, 31, 50
47, 33, 58
47, 37, 38
47, 41, 39
47, 42, 8
47, 44, 25
47, 44, 56
47, 47, 9
47, 48, 30
47, 49, 11
47, 51, 48
47, 54, 20
47, 55, 12
47, 55, 41
47, 55, 54
47, 58, 42
47, 58, 52
47, 64, 17
47, 64, 24
47, 64, 40
47, 69, 45
47, 70, 54
47, 74, 24
47, 85, 6
47, 85, 21
47, 85, 28
47, 87, 54
47, 88, 12
47, 89, 27
47, 91, 25
47, 92, 9
47, 97, 2
47, 101, 5
47, 101, 30
48, 4, 11
48, 4, 51
48, 7, 12
48, 7, 29
48, 9, 30
48, 9, 38
48, 10, 7
48, 11, 11
48, 11, 13
48, 11, 32
48, 12, 20
48, 13, 3
48, 16, 40
48, 16, 41
48, 17, 25
48, 17, 29
48, 18, 31
48, 19, 45
48, 20, 36
48, 22, 39
48, 24, 27
48, 25, 41
48, 25, 46
48, 27, 33
48, 30, 18
48, 30, 22
48, 30, 48
48, 32, 10
48, 33, 3
48, 33, 27
48, 34, 12
48, 36, 15
48, 36, 45
48, 37, 33
48, 40, 5
48, 40, 36
48, 40, 39
48, 41, 29
48, 42, 21
48, 44, 11
48, 45, 25
48, 45, 47
48, 46, 15
48, 49, 13
48, 51, 4
48, 53, 31
48, 57, 7
48, 57, 44
48, 60, 45
48, 61, 38
48, 62, 9
48, 63, 33
48, 66, 27
48, 66, 43
48, 68, 32
48, 69, 13
48, 69, 25
48, 69, 32
48, 71, 8
48, 73, 7
48, 75, 47
48, 77, 20
48, 79, 7
48, 86, 5
48, 89, 15
48, 89, 26
48, 91, 16
48, 91, 38
48, 91, 43
48, 92, 41
48, 93, 2
48, 95, 39
48, 96, 47
48, 97, 34
48, 101, 45
49, 2, 17
49, 4, 14
49, 5, 31
49, 7, 31
49, 14, 4
49, 14, 39
49, 15, 14
49, 16, 16
49, 17, 6
49, 18, 2
49, 19, 14
49, 20, 9
49, 23, 10
49, 23, 24
49, 25, 1
49, 27, 37
49, 27, 49
49, 30, 32
49, 32, 10
49, 37, 44
49, 38, 52
49, 39, 12
49, 40, 34
49, 45, 34
49, 46, 51
49, 47, 28
49, 49, 50
49, 51, 2
49, 51, 36
49, 51, 39
49, 53, 43
49, 55, 19
49, 60, 27
49, 60, 32
49, 61, 3
49, 61, 9
49, 61, 48
49, 62, 6
49, 62, 40
49, 64, 4
49, 64, 21
49, 65, 12
49, 65, 52
49, 67, 33
49, 69, 16
49, 70, 1
49, 74, 17
49, 74, 31
49, 75, 37
49, 78, 34
49, 78, 49
49, 81, 24
49, 81, 46
49, 81, 47
49, 82, 42
49, 82, 52
49, 83, 24
49, 87, 32
49, 87, 52
49, 88, 57
49, 93, 13
49, 93, 14
49, 95, 44
50, 1, 43
50, 3, 17
50, 4, 15
50, 5, 15
50, 5, 39
50, 7, 24
50, 9, 13
50, 16, 51
50, 18, 54
50, 20, 28
50, 24, 5
50, 25, 2
50, 25, 48
50, 26, 17
50, 26, 54
50, 28, 23
50, 30, 3
50, 30, 34
50, 30, 41
50, 32, 48
50, 33, 33
50, 33, 36
50, 34, 28
50, 35, 8
50, 36, 20
50, 36, 23
50, 42, 12
50, 43, 13
50, 43, 23
50, 43, 36
50, 44, 7
50, 44, 43
50, 45, 5
50, 46, 17
50, 46, 42
50, 48, 39
50, 51, 22
50, 52, 27
50, 52, 57
50, 53, 54
50, 55, 23
50, 56, 50
50, 57, 47
50, 59, 23
50, 59, 40
50, 60, 24
50, 60, 29
50, 62, 3
50, 63, 23
50, 64, 26
50, 67, 48
50, 70, 39
50, 72, 8
50, 76, 18
50, 76, 45
50, 83, 15
50, 84, 37
50, 85, 2
50, 85, 48
50, 87, 15
50, 87, 40
50, 90, 6
50, 90, 18
50, 91, 13
50, 91, 25
50, 94, 33
50, 98, 18
50, 100, 6
50, 101, 15
51, 1, 37
51, 2, 23
51, 2, 32
51, 3, 33
51, 4, 8
51, 4, 15
51, 5, 29
51, 5, 32
51, 5, 43
51, 6, 24
51, 7, 23
51, 9, 33
51, 9, 35
51, 9, 41
51, 10, 7
51, 12, 42
51, 13, 32
51, 14, 11
51, 16, 42
51, 16, 45
51, 18, 45
51, 24, 12
51, 28, 8
51, 28, 27
51, 30, 28
51, 31, 9
51, 31, 34
51, 36, 12
51, 37, 1
51, 38, 1
51, 38, 39
51, 38, 46
51, 39, 3
51, 39, 19
51, 39, 30
51, 40, 16
51, 40, 50
51, 42, 15
51, 42, 27
51, 43, 8
51, 43, 29
51, 44, 1
51, 46, 25
51, 47, 11
51, 47, 24
51, 48, 41
51, 50, 21
51, 51, 21
51, 52, 25
51, 52, 44
51, 64, 52
51, 65, 9
51, 65, 37
51, 67, 11
51, 68, 51
51, 69, 39
51, 75, 33
51, 77, 3
51, 77, 7
51, 77, 9
51, 77, 27
51, 79, 22
51, 81, 43
51, 82, 5
51, 82, 42
51, 83, 45
51, 84, 8
51, 85, 13
51, 86, 19
51, 88, 9
51, 88, 32
51, 89, 1
51, 89, 18
51, 89, 32
51, 91, 43
51, 93, 1
51, 93, 27
51, 93, 29
51, 96, 1
51, 96, 20
51, 96, 46
51, 98, 2
51, 98, 16
51, 98, 37
51, 100, 28
51, 101, 22
51, 101, 50
52, 2, 45
52, 3, 41
52, 6, 21
52, 6, 32
52, 16, 31
52, 20, 8
52, 20, 42
52, 23, 36
52, 24, 20
52, 26, 28
52, 26, 48
52, 27, 15
52, 33, 20
52, 34, 12
52, 36, 16
52, 36, 35
52, 47, 51
52, 50, 14
52, 51, 8
52, 55, 10
52, 55, 18
52, 58, 12
52, 59, 45
52, 62, 44
52, 62, 47
52, 68, 51
52, 71, 32
52, 73, 10
52, 76, 26
52, 76, 28
52, 77, 3
52, 83, 41
52, 88, 20
52, 89, 20
52, 91, 6
52, 91, 15
52, 94, 7
52, 94, 16
52, 96, 39
52, 97, 22
52, 98, 14
52, 100, 19
52, 100, 35
53, 1, 47
53, 3, 15
53, 4, 23
53, 4, 37
53, 6, 6
53, 7, 20
53, 10, 19
53, 10, 38
53, 12, 19
53, 14, 2
53, 15, 9
53, 17, 1
53, 18, 11
53, 18, 58
53, 22, 21
53, 22, 45
53, 25, 39
53, 25, 41
53, 27, 24
53, 28, 9
53, 31, 15
53, 36, 47
53, 37, 16
53, 41, 17
53, 44, 1
53, 47, 34
53, 51, 16
53, 51, 42
53, 52, 31
53, 55, 9
53, 57, 4
53, 57, 36
53, 57, 60
53, 62, 1
53, 64, 28
53, 66, 27
53, 69, 15
53, 69, 22
53, 70, 21
53, 70, 37
53, 71, 19
53, 74, 11
53, 74, 16
53, 74, 24
53, 76, 21
53, 77, 11
53, 79, 2
53, 80, 20
53, 82, 17
53, 83, 12
53, 87, 12
53, 88, 12
53, 88, 41
53, 90, 11
53, 93, 43
53, 97, 10
53, 100, 21
54, 2, 26
54, 3, 35
54, 5, 55
54, 6, 14
54, 7, 50
54, 9, 1
54, 11, 6
54, 11, 49
54, 12, 26
54, 12, 59
54, 19, 44
54, 20, 45
54, 21, 4
54, 22, 43
54, 25, 37
54, 27, 3
54, 27, 13
54, 28, 44
54, 30, 10
54, 30, 37
54, 31, 52
54, 32, 49
54, 33, 13
54, 37, 32
54, 37, 49
54, 39, 34
54, 41, 6
54, 43, 40
54, 44, 21
54, 44, 57
54, 49, 7
54, 49, 18
54, 53, 18
54, 53, 32
54, 53, 49
54, 58, 14
54, 58, 16
54, 58, 29
54, 60, 30
54, 61, 21
54, 62, 51
54, 64, 42
54, 66, 11
54, 67, 55
54, 70, 4
54, 74, 13
54, 74, 33
54, 75, 27
54, 76, 49
54, 76, 59
54, 77, 4
54, 77, 37
54, 77, 43
54, 78, 35
54, 79, 24
54, 80, 29
54, 84, 5
54, 84, 15
54, 84, 44
54, 85, 26
54, 86, 1
54, 91, 40
54, 91, 51
54, 92, 29
54, 93, 3
54, 94, 18
54, 95, 6
54, 96, 1
54, 96, 25
54, 98, 36
54, 99, 44
54, 100, 14
55, 2, 3
55, 2, 10
55, 2, 39
55, 3, 40
55, 4, 4
55, 4, 25
55, 4, 48
55, 6, 28
55, 6, 45
55, 7, 36
55, 8, 52
55, 9, 38
55, 9, 54
55, 13, 29
55, 16, 5
55, 16, 43
55, 16, 50
55, 19, 35
55, 22, 25
55, 24, 19
55, 26, 9
55, 29, 40
55, 32, 48
55, 34, 4
55, 37, 41
55, 39, 18
55, 39, 23
55, 41, 2
55, 42, 11
55, 42, 36
55, 43, 39
55, 45, 8
55, 48, 47
55, 49, 18
55, 49, 37
55, 53, 55
55, 54, 30
55, 54, 52
55, 55, 40
55, 56, 19
55, 57, 28
55, 57, 41
55, 64, 19
55, 66, 7
55, 69, 12
55, 71, 16
55, 71, 35
55, 73, 27
55, 73, 45
55, 78, 28
55, 80, 54
55, 81, 37
55, 81, 41
55, 82, 38
55, 86, 23
55, 87, 11
55, 91, 32
55, 93, 28
55, 93, 35
55, 95, 44
55, 97, 11
55, 98, 40
55, 99, 16
55, 100, 38
56, 1, 6
56, 2, 22
56, 2, 31
56, 2, 42
56, 3, 34
56, 6, 46
56, 7, 2
56, 9, 56
56, 10, 22
56, 11, 27
56, 12, 44
56, 14, 22
56, 15, 23
56, 16, 4
56, 16, 19
56, 17, 35
56, 18, 41
56, 19, 12
56, 20, 13
56, 21, 2
56, 21, 46
56, 22, 38
56, 22, 49
56, 24, 36
56, 25, 15
56, 27, 12
56, 27, 17
56, 27, 37
56, 27, 46
56, 27, 56
56, 28, 34
56, 29, 29
56, 30, 6
56, 30, 8
56, 32, 39
56, 33, 29
56, 34, 2
56, 34, 37
56, 36, 37
56, 37, 25
56, 44, 3
56, 45, 10
56, 46, 12
56, 46, 29
56, 49, 22
56, 49, 24
56, 51, 10
56, 51, 28
56, 51, 31
56, 51, 52
56, 53, 31
56, 53, 44
56, 54, 34
56, 54, 46
56, 55, 2
56, 55, 7
56, 55, 25
56, 60, 6
56, 60, 32
56, 60, 51
56, 63, 9
56, 63, 49
56, 64, 27
56, 66, 39
56, 66, 48
56, 68, 33
56, 69, 13
56, 74, 10
56, 75, 20
56, 77, 53
56, 78, 19
56, 79, 19
56, 79, 41
56, 80, 30
56, 81, 15
56, 82, 36
56, 83, 31
56, 84, 4
56, 87, 6
56, 87, 22
56, 87, 46
56, 88, 39
56, 89, 7
56, 89, 15
56, 89, 30
56, 94, 23
56, 98, 39
56, 99, 37
56, 100, 19
56, 101, 29
57, 2, 16
57, 2, 35
57, 3, 30
57, 4, 2
57, 4, 12
57, 5, 13
57, 7, 12
57, 10, 33
57, 10, 36
57, 12, 23
57, 12, 55
57, 13, 6
57, 16, 49
57, 18, 40
57, 19, 34
57, 21, 20
57, 21, 57
57, 24, 43
57, 25, 5
57, 25, 32
57, 26, 18
57, 27, 28
57, 28, 45
57, 32, 10
57, 32, 18
57, 32, 44
57, 35, 21
57, 38, 40
57, 39, 54
57, 41, 12
57, 41, 53
57, 42, 11
57, 42, 30
57, 46, 9
57, 46, 56
57, 49, 20
57, 49, 39
57, 50, 36
57, 58, 38
57, 62, 18
57, 62, 35
57, 63, 21
57, 64, 30
57, 66, 15
57, 66, 56
57, 67, 15
57, 67, 49
57, 69, 52
57, 78, 55
57, 79, 10
57, 79, 13
57, 80, 21
57, 83, 23
57, 84, 2
57, 85, 15
57, 88, 40
57, 89, 32
57, 89, 41
57, 89, 57
57, 92, 44
57, 93, 32
57, 99, 25
57, 99, 28
57, 100, 13
58, 1, 19
58, 3, 8
58, 3, 15
58, 6, 21
58, 10, 6
58, 10, 7
58, 13, 4
58, 14, 34
58, 14, 42
58, 15, 10
58, 16, 1
58, 16, 19
58, 19, 5
58, 21, 24
58, 22, 17
58, 23, 12
58, 23, 21
58, 23, 36
58, 27, 2
58, 27, 36
58, 27, 41
58, 27, 43
58, 29, 48
58, 30, 9
58, 32, 12
58, 32, 15
58, 32, 22
58, 34, 2
58, 34, 32
58, 35, 44
58, 36, 21
58, 37, 32
58, 38, 52
58, 39, 18
58, 39, 29
58, 40, 28
58, 44, 29
58, 47, 40
58, 52, 3
58, 52, 53
58, 54, 18
58, 55, 11
58, 55, 23
58, 56, 10
58, 58, 15
58, 60, 32
58, 61, 10
58, 61, 42
58, 62, 9
58, 64, 14
58, 64, 43
58, 67, 48
58, 69, 6
58, 71, 8
58, 73, 5
58, 74, 43
58, 75, 21
58, 75, 38
58, 75, 40
58, 76, 32
58, 76, 48
58, 77, 4
58, 79, 1
58, 80, 47
58, 81, 12
58, 82, 37
58, 85, 52
58, 87, 11
58, 89, 53
58, 90, 46
58, 94, 5
58, 94, 24
58, 94, 48
58, 95, 42
58, 98, 35
58, 98, 52
58, 99, 36
58, 99, 39
59, 1, 2
59, 9, 47
59, 10, 55
59, 11, 10
59, 11, 51
59, 13, 42
59, 16, 7
59, 16, 15
59, 16, 32
59, 17, 12
59, 17, 34
59, 17, 41
59, 21, 15
59, 21, 27
59, 27, 11
59, 27, 43
59, 28, 16
59, 29, 44
59, 31, 49
59, 32, 20
59, 35, 4
59, 35, 35
59, 36, 34
59, 37, 10
59, 38, 43
59, 40, 54
59, 41, 5
59, 41, 13
59, 41, 20
59, 42, 3
59, 42, 48
59, 44, 4
59, 44, 25
59, 44, 51
59, 46, 45
59, 47, 6
59, 47, 15
59, 48, 2
59, 49, 17
59, 49, 36
59, 55, 5
59, 55, 42
59, 56, 23
59, 58, 26
59, 59, 51
59, 60, 35
59, 63, 21
59, 68, 32
59, 73, 2
59, 73, 40
59, 76, 3
59, 76, 47
59, 79, 27
59, 82, 3
59, 84, 43
59, 85, 49
59, 86, 10
59, 86, 25
59, 87, 13
59, 87, 37
59, 91, 15
59, 91, 20
59, 95, 35
59, 96, 10
59, 96, 15
59, 97, 41
59, 97, 44
59, 99, 22
59, 100, 34
60, 1, 48
60, 2, 19
60, 2, 32
60, 2, 41
60, 3, 4
60, 3, 7
60, 4, 28
60, 4, 52
60, 5, 34
60, 7, 26
60, 7, 42
60, 10, 13
60, 10, 32
60, 12, 5
60, 14, 3
60, 16, 63
60, 18, 18
60, 19, 20
60, 19, 39
60, 20, 48
60, 24, 49
60, 25, 33
60, 26, 23
60, 27, 20
60, 28, 12
60, 32, 9
60, 32, 11
60, 34, 4
60, 34, 22
60, 34, 38
60, 37, 1
60, 37, 46
60, 37, 48
60, 38, 14
60, 40, 16
60, 40, 47
60, 41, 52
60, 42, 2
60, 44, 15
60, 47, 31
60, 51, 15
60, 51, 23
60, 51, 39
60, 52, 34
60, 52, 50
60, 53, 20
60, 53, 53
60, 54, 8
60, 56, 7
60, 56, 17
60, 58, 28
60, 60, 27
60, 60, 42
60, 61, 46
60, 62, 15
60, 65, 17
60, 66, 11
60, 66, 29
60, 69, 5
60, 69, 52
60, 70, 24
60, 70, 33
60, 71, 19
60, 71, 33
60, 71, 41
60, 76, 53
60, 77, 17
60, 77, 63
60, 79, 26
60, 80, 14
60, 81, 2
60, 81, 9
60, 81, 39
60, 82, 7
60, 83, 27
60, 84, 45
60, 87, 19
60, 90, 48
60, 91, 2
60, 91, 29
60, 93, 17
60, 95, 7
60, 95, 47
60, 95, 49
60, 96, 12
60, 97, 28
60, 98, 28
60, 99, 5
60, 99, 47
60, 100, 40
61, 1, 24
61, 1, 30
61, 3, 23
61, 5, 3
61, 6, 11
61, 8, 26
61, 10, 12
61, 10, 16
61, 10, 37
61, 10, 40
61, 11, 22
61, 13, 25
61, 14, 8
61, 15, 43
61, 16, 34
61, 21, 34
61, 22, 34
61, 23, 12
61, 23, 13
61, 31, 21
61, 33, 18
61, 33, 40
61, 35, 8
61, 37, 15
61, 37, 27
61, 38, 8
61, 38, 25
61, 39, 22
61, 41, 31
61, 41, 37
61, 42, 16
61, 42, 23
61, 42, 48
61, 44, 25
61, 44, 50
61, 44, 55
61, 45, 51
61, 46, 7
61, 49, 10
61, 51, 18
61, 53, 22
61, 55, 44
61, 57, 1
61, 57, 11
61, 58, 38
61, 59, 30
61, 62, 29
61, 65, 8
61, 67, 5
61, 67, 7
61, 67, 43
61, 69, 3
61, 69, 29
61, 70, 31
61, 70, 34
61, 71, 9
61, 72, 19
61, 72, 21
61, 73, 29
61, 75, 20
61, 79, 15
61, 79, 23
61, 79, 55
61, 80, 4
61, 81, 45
61, 82, 28
61, 84, 24
61, 84, 48
61, 85, 3
61, 86, 7
61, 87, 26
61, 87, 37
61, 89, 16
61, 90, 51
61, 91, 31
61, 99, 26
62, 2, 35
62, 5, 27
62, 6, 6
62, 6, 21
62, 6, 34
62, 7, 9
62, 9, 36
62, 10, 53
62, 11, 2
62, 11, 7
62, 11, 22
62, 14, 23
62, 15, 11
62, 18, 20
62, 18, 29
62, 22, 19
62, 23, 39
62, 29, 20
62, 32, 10
62, 34, 1
62, 35, 24
62, 37, 45
62, 40, 29
62, 41, 51
62, 42, 13
62, 42, 20
62, 47, 27
62, 49, 23
62, 51, 29
62, 51, 43
62, 52, 27
62, 52, 34
62, 52, 42
62, 53, 10
62, 53, 16
62, 56, 30
62, 57, 47
62, 60, 2
62, 62, 23
62, 62, 33
62, 63, 7
62, 63, 22
62, 63, 38
62, 64, 33
62, 67, 3
62, 71, 18
62, 71, 52
62, 71, 56
62, 73, 36
62, 73, 45
62, 75, 8
62, 75, 13
62, 76, 24
62, 79, 7
62, 79, 35
62, 80, 45
62, 81, 21
62, 82, 2
62, 82, 9
62, 85, 27
62, 88, 3
62, 88, 14
62, 88, 19
62, 91, 25
62, 91, 27
62, 92, 7
62, 93, 1
62, 93, 24
62, 94, 45
62, 96, 34
62, 99, 8
62, 99, 10
62, 99, 43
63, 3, 12
63, 4, 39
63, 7, 21
63, 7, 43
63, 8, 24
63, 11, 14
63, 11, 29
63, 11, 41
63, 12, 16
63, 14, 18
63, 16, 44
63, 20, 33
63, 21, 30
63, 23, 7
63, 23, 47
63, 26, 27
63, 27, 2
63, 28, 15
63, 28, 35
63, 30, 29
63, 31, 12
63, 32, 16
63, 36, 42
63, 36, 47
63, 37, 20
63, 38, 34
63, 38, 39
63, 42, 35
63, 44, 44
63, 46, 41
63, 47, 13
63, 48, 5
63, 50, 45
63, 51, 30
63, 58, 4
63, 60, 30
63, 60, 56
63, 62, 1
63, 62, 28
63, 65, 50
63, 66, 35
63, 67, 57
63, 69, 25
63, 70, 44
63, 71, 19
63, 73, 9
63, 73, 10
63, 74, 41
63, 76, 20
63, 76, 24
63, 80, 59
63, 83, 4
63, 83, 39
63, 84, 37
63, 86, 21
63, 91, 29
63, 91, 36
63, 92, 47
63, 93, 1
63, 93, 4
63, 94, 33
63, 94, 38
63, 96, 35
63, 96, 37
63, 99, 34
63, 99, 37
64, 1, 28
64, 3, 30
64, 6, 45
64, 8, 4
64, 9, 29
64, 13, 36
64, 14, 25
64, 16, 14
64, 17, 43
64, 18, 46
64, 20, 8
64, 20, 10
64, 20, 14
64, 20, 18
64, 22, 8
64, 23, 7
64, 23, 30
64, 25, 11
64, 27, 22
64, 27, 40
64, 27, 49
64, 29, 27
64, 32, 5
64, 33, 12
64, 35, 37
64, 38, 48
64, 39, 13
64, 45, 40
64, 48, 42
64, 50, 56
64, 51, 2
64, 51, 5
64, 51, 14
64, 55, 46
64, 56, 16
64, 60, 42
64, 61, 5
64, 62, 1
64, 62, 11
64, 62, 20
64, 65, 2
64, 67, 9
64, 67, 27
64, 67, 39
64, 68, 37
64, 74, 48
64, 76, 13
64, 79, 25
64, 81, 15
64, 81, 22
64, 82, 18
64, 83, 30
64, 83, 47
64, 84, 15
64, 87, 12
64, 87, 23
64, 88, 7
64, 88, 33
64, 89, 29
64, 90, 48
64, 93, 7
64, 94, 9
64, 94, 14
64, 94, 17
64, 98, 20
64, 99, 10
64, 99, 23
64, 100, 56
64, 101, 4
65, 1, 9
65, 1, 43
65, 2, 25
65, 2, 29
65, 8, 16
65, 8, 18
65, 8, 42
65, 9, 2
65, 9, 4
65, 10, 20
65, 10, 34
65, 11, 53
65, 12, 15
65, 13, 42
65, 15, 36
65, 15, 52
65, 21, 40
65, 21, 45
65, 24, 42
65, 25, 19
65, 26, 34
65, 28, 5
65, 29, 28
65, 29, 45
65, 29, 49
65, 30, 8
65, 30, 19
65, 31, 3
65, 31, 32
65, 34, 23
65, 34, 51
65, 36, 3
65, 36, 39
65, 38, 23
65, 38, 28
65, 39, 5
65, 40, 6
65, 43, 47
65, 44, 33
65, 45, 37
65, 46, 25
65, 46, 27
65, 47, 22
65, 47, 46
65, 48, 7
65, 48, 25
65, 49, 22
65, 49, 48
65, 52, 48
65, 53, 55
65, 55, 32
65, 56, 26
65, 56, 49
65, 59, 9
65, 60, 43
65, 62, 19
65, 62, 36
65, 63, 20
65, 64, 46
65, 66, 45
65, 67, 5
65, 67, 11
65, 71, 41
65, 72, 29
65, 75, 18
65, 76, 41
65, 78, 2
65, 79, 39
65, 84, 21
65, 84, 35
65, 85, 31
65, 85, 38
65, 86, 9
65, 90, 23
65, 91, 36
65, 94, 15
65, 94, 52
65, 97, 28
65, 98, 2
65, 100, 33
66, 1, 5
66, 2, 4
66, 5, 33
66, 7, 21
66, 9, 40
66, 11, 46
66, 12, 25
66, 13, 15
66, 14, 43
66, 20, 2
66, 20, 12
66, 21, 37
66, 24, 1
66, 24, 33
66, 24, 45
66, 27, 37
66, 28, 16
66, 28, 52
66, 30, 48
66, 32, 30
66, 33, 38
66, 33, 40
66, 34, 17
66, 34, 21
66, 37, 19
66, 37, 32
66, 38, 41
66, 41, 44
66, 42, 43
66, 46, 31
66, 49, 20
66, 49, 39
66, 52, 7
66, 52, 48
66, 53, 8
66, 53, 13
66, 55, 4
66, 55, 27
66, 55, 30
66, 57, 23
66, 57, 47
66, 59, 37
66, 61, 46
66, 62, 9
66, 66, 12
66, 67, 48
66, 69, 49
66, 69, 54
66, 70, 19
66, 72, 41
66, 74, 39
66, 75, 41
66, 76, 5
66, 76, 32
66, 77, 19
66, 78, 25
66, 80, 25
66, 80, 42
66, 86, 13
66, 92, 9
66, 93, 32
66, 97, 19
66, 97, 52
66, 100, 30
67, 2, 6
67, 2, 31
67, 3, 31
67, 7, 44
67, 8, 15
67, 9, 19
67, 14, 58
67, 15, 37
67, 16, 4
67, 17, 42
67, 20, 25
67, 20, 49
67, 27, 27
67, 27, 32
67, 30, 9
67, 30, 13
67, 30, 16
67, 31, 42
67, 34, 22
67, 34, 44
67, 35, 47
67, 36, 3
67, 36, 11
67, 38, 15
67, 39, 34
67, 40, 18
67, 43, 23
67, 43, 43
67, 44, 24
67, 49, 5
67, 53, 45
67, 57, 1
67, 57, 6
67, 59, 17
67, 60, 34
67, 64, 28
67, 65, 32
67, 71, 36
67, 72, 8
67, 74, 27
67, 75, 33
67, 75, 44
67, 76, 4
67, 78, 6
67, 81, 43
67, 82, 5
67, 82, 49
67, 84, 22
67, 84, 50
67, 85, 31
67, 85, 42
67, 85, 45
67, 87, 27
67, 89, 30
67, 90, 4
67, 90, 26
67, 90, 38
67, 92, 17
67, 98, 58
67, 100, 23
67, 100, 24
67, 101, 29
68, 1, 5
68, 2, 4
68, 3, 17
68, 8, 40
68, 9, 11
68, 10, 7
68, 12, 2
68, 17, 2
68, 17, 31
68, 19, 15
68, 21, 9
68, 22, 46
68, 24, 16
68, 24, 28
68, 25, 37
68, 26, 32
68, 27, 3
68, 27, 28
68, 30, 1
68, 34, 22
68, 34, 27
68, 36, 36
68, 37, 39
68, 38, 30
68, 39, 11
68, 43, 32
68, 46, 18
68, 47, 26
68, 47, 44
68, 48, 23
68, 49, 1
68, 50, 16
68, 52, 1
68, 53, 21
68, 54, 39
68, 56, 33
68, 59, 44
68, 61, 16
68, 61, 18
68, 62, 45
68, 65, 49
68, 66, 7
68, 67, 10
68, 67, 52
68, 68, 4
68, 68, 25
68, 68, 44
68, 70, 5
68, 71, 34
68, 71, 40
68, 72, 31
68, 73, 22
68, 73, 39
68, 73, 40
68, 74, 15
68, 77, 27
68, 78, 9
68, 79, 18
68, 79, 37
68, 80, 30
68, 81, 32
68, 83, 40
68, 84, 47
68, 88, 10
68, 88, 28
68, 90, 3
68, 91, 34
68, 94, 43
68, 95, 34
68, 96, 44
68, 97, 18
68, 99, 26
68, 99, 41
68, 100, 40
68, 101, 20
69, 1, 19
69, 2, 36
69, 3, 35
69, 5, 37
69, 7, 50
69, 8, 37
69, 12, 1
69, 12, 13
69, 12, 45
69, 16, 52
69, 18, 8
69, 22, 32
69, 28, 17
69, 30, 29
69, 31, 47
69, 33, 6
69, 34, 45
69, 40, 4
69, 40, 22
69, 41, 12
69, 42, 51
69, 44, 3
69, 49, 9
69, 49, 27
69, 49, 47
69, 53, 17
69, 53, 47
69, 57, 3
69, 58, 31
69, 60, 27
69, 65, 8
69, 66, 55
69, 68, 10
69, 68, 47
69, 70, 13
69, 70, 16
69, 75, 35
69, 79, 7
69, 82, 49
69, 84, 3
69, 88, 41
69, 89, 25
69, 91, 21
69, 91, 28
69, 91, 56
69, 93, 4
69, 97, 13
69, 97, 45
69, 98, 32
69, 99, 40
69, 101, 5
70, 2, 29
70, 4, 45
70, 4, 49
70, 6, 42
70, 6, 44
70, 10, 5
70, 10, 46
70, 12, 48
70, 13, 27
70, 14, 2
70, 14, 41
70, 15, 11
70, 16, 27
70, 16, 28
70, 20, 45
70, 21, 24
70, 22, 28
70, 22, 29
70, 23, 7
70, 23, 20
70, 23, 34
70, 25, 10
70, 27, 6
70, 27, 22
70, 27, 36
70, 29, 24
70, 29, 54
70, 30, 29
70, 34, 42
70, 35, 27
70, 37, 44
70, 39, 45
70, 41, 22
70, 42, 14
70, 42, 19
70, 45, 26
70, 46, 42
70, 49, 41
70, 49, 43
70, 50, 27
70, 52, 6
70, 53, 18
70, 55, 4
70, 56, 46
70, 58, 41
70, 61, 27
70, 62, 35
70, 63, 20
70, 63, 44
70, 68, 19
70, 68, 35
70, 69, 11
70, 70, 18
70, 70, 41
70, 72, 8
70, 72, 46
70, 73, 19
70, 74, 30
70, 75, 37
70, 76, 7
70, 80, 24
70, 81, 25
70, 81, 49
70, 82, 28
70, 85, 18
70, 85, 45
70, 88, 44
70, 89, 6
70, 91, 48
70, 91, 52
70, 94, 11
70, 94, 34
70, 94, 42
70, 97, 37
70, 98, 5
70, 98, 10
70, 101, 36
71, 1, 46
71, 2, 12
71, 3, 41
71, 4, 12
71, 5, 12
71, 6, 32
71, 7, 40
71, 7, 48
71, 15, 16
71, 16, 24
71, 16, 29
71, 17, 5
71, 20, 24
71, 20, 33
71, 23, 15
71, 26, 25
71, 28, 43
71, 29, 37
71, 31, 19
71, 32, 37
71, 37, 20
71, 39, 17
71, 40, 17
71, 41, 25
71, 42, 15
71, 42, 54
71, 43, 54
71, 44, 6
71, 46, 55
71, 49, 44
71, 53, 4
71, 53, 15
71, 56, 21
71, 57, 40
71, 60, 10
71, 62, 48
71, 65, 19
71, 65, 41
71, 65, 52
71, 68, 15
71, 69, 12
71, 70, 38
71, 72, 35
71, 74, 27
71, 76, 2
71, 76, 12
71, 79, 35
71, 80, 44
71, 82, 2
71, 84, 3
71, 86, 4
71, 86, 29
71, 89, 1
71, 90, 17
71, 92, 1
71, 92, 33
71, 94, 17
71, 94, 28
71, 95, 43
71, 97, 59
72, 1, 36
72, 3, 48
72, 5, 28
72, 6, 25
72, 7, 21
72, 7, 39
72, 9, 9
72, 11, 25
72, 12, 3
72, 12, 14
72, 12, 36
72, 13, 19
72, 14, 15
72, 15, 18
72, 15, 48
72, 18, 11
72, 18, 30
72, 18, 37
72, 27, 24
72, 29, 8
72, 31, 32
72, 34, 43
72, 34, 57
72, 35, 21
72, 35, 47
72, 36, 14
72, 39, 13
72, 40, 11
72, 40, 30
72, 41, 39
72, 43, 24
72, 43, 27
72, 46, 2
72, 47, 32
72, 48, 38
72, 49, 25
72, 52, 25
72, 52, 43
72, 53, 26
72, 53, 44
72, 54, 13
72, 54, 22
72, 54, 26
72, 54, 34
72, 54, 52
72, 57, 12
72, 57, 34
72, 58, 54
72, 59, 36
72, 61, 15
72, 62, 25
72, 63, 25
72, 63, 48
72, 64, 18
72, 68, 4
72, 69, 49
72, 74, 5
72, 75, 48
72, 76, 9
72, 77, 43
72, 79, 19
72, 80, 49
72, 80, 56
72, 87, 3
72, 88, 40
72, 91, 33
72, 91, 34
72, 91, 50
72, 92, 25
72, 93, 13
72, 93, 28
72, 95, 26
72, 99, 42
72, 99, 49
72, 100, 15
72, 100, 43
73, 3, 37
73, 4, 20
73, 4, 49
73, 6, 14
73, 6, 46
73, 7, 6
73, 8, 24
73, 9, 2
73, 10, 46
73, 15, 8
73, 15, 32
73, 16, 23
73, 18, 22
73, 18, 25
73, 19, 35
73, 20, 4
73, 22, 1
73, 24, 27
73, 24, 45
73, 29, 1
73, 29, 20
73, 29, 47
73, 34, 10
73, 34, 12
73, 34, 45
73, 35, 9
73, 37, 22
73, 37, 48
73, 39, 36
73, 41, 10
73, 42, 34
73, 43, 38
73, 46, 21
73, 47, 8
73, 51, 44
73, 53, 16
73, 53, 23
73, 55, 43
73, 56, 6
73, 58, 20
73, 61, 19
73, 62, 1
73, 62, 45
73, 63, 21
73, 66, 30
73, 66, 31
73, 74, 15
73, 74, 31
73, 76, 35
73, 77, 46
73, 82, 16
73, 82, 38
73, 83, 10
73, 86, 32
73, 86, 45
73, 87, 2
73, 87, 44
73, 88, 10
73, 89, 4
73, 89, 45
73, 91, 43
73, 95, 1
73, 96, 37
73, 97, 47
73, 97, 53
73, 100, 45
74, 1, 15
74, 1, 18
74, 4, 6
74, 5, 6
74, 8, 20
74, 8, 55
74, 9, 37
74, 10, 17
74, 10, 24
74, 10, 34
74, 10, 37
74, 10, 44
74, 12, 34
74, 13, 17
74, 13, 36
74, 13, 45
74, 14, 8
74, 14, 39
74, 15, 10
74, 17, 19
74, 19, 39
74, 22, 6
74, 22, 31
74, 22, 54
74, 30, 52
74, 32, 8
74, 36, 48
74, 38, 23
74, 39, 19
74, 40, 27
74, 40, 29
74, 41, 7
74, 42, 4
74, 44, 39
74, 45, 52
74, 46, 24
74, 47, 1
74, 50, 4
74, 51, 13
74, 52, 12
74, 56, 29
74, 58, 11
74, 58, 17
74, 59, 51
74, 60, 38
74, 61, 6
74, 61, 41
74, 64, 3
74, 64, 28
74, 66, 38
74, 67, 31
74, 69, 26
74, 72, 8
74, 73, 14
74, 73, 37
74, 74, 12
74, 74, 19
74, 75, 8
74, 75, 29
74, 76, 7
74, 76, 47
74, 78, 15
74, 82, 24
74, 82, 30
74, 82, 36
74, 85, 8
74, 87, 14
74, 90, 6
74, 90, 30
74, 91, 27
74, 92, 48
74, 93, 10
74, 94, 9
74, 95, 17
74, 96, 50
74, 100, 52
74, 101, 15
75, 7, 25
75, 8, 21
75, 12, 5
75, 12, 19
75, 18, 44
75, 18, 52
75, 19, 36
75, 20, 51
75, 21, 2
75, 21, 18
75, 22, 6
75, 24, 7
75, 26, 25
75, 27, 4
75, 27, 26
75, 31, 32
75, 33, 34
75, 34, 10
75, 37, 51
75, 39, 42
75, 42, 7
75, 44, 29
75, 45, 9
75, 46, 15
75, 48, 27
75, 52, 34
75, 59, 29
75, 60, 4
75, 60, 18
75, 67, 42
75, 68, 43
75, 71, 47
75, 72, 9
75, 72, 25
75, 73, 15
75, 74, 26
75, 74, 32
75, 75, 23
75, 80, 46
75, 82, 44
75, 84, 36
75, 91, 1
75, 91, 37
75, 93, 17
75, 97, 4
75, 97, 22
75, 97, 31
75, 98, 9
75, 98, 34
75, 99, 29
75, 101, 25
76, 1, 31
76, 3, 7
76, 4, 15
76, 4, 20
76, 4, 43
76, 6, 22
76, 6, 30
76, 7, 26
76, 8, 34
76, 10, 40
76, 15, 4
76, 15, 40
76, 16, 34
76, 16, 41
76, 17, 22
76, 18, 2
76, 18, 30
76, 19, 45
76, 20, 27
76, 23, 24
76, 24, 46
76, 25, 13
76, 26, 10
76, 26, 28
76, 26, 39
76, 26, 49
76, 27, 11
76, 27, 52
76, 30, 12
76, 31, 26
76, 31, 34
76, 31, 49
76, 32, 17
76, 32, 19
76, 33, 10
76, 33, 18
76, 36, 24
76, 37, 42
76, 39, 1
76, 39, 34
76, 41, 43
76, 42, 3
76, 43, 20
76, 44, 3
76, 44, 20
76, 45, 59
76, 47, 1
76, 51, 44
76, 51, 46
76, 53, 35
76, 53, 55
76, 54, 15
76, 54, 39
76, 54, 47
76, 55, 7
76, 56, 44
76, 59, 6
76, 60, 39
76, 61, 35
76, 62, 40
76, 64, 28
76, 68, 5
76, 68, 42
76, 69, 22
76, 69, 34
76, 70, 14
76, 70, 24
76, 70, 46
76, 72, 13
76, 72, 28
76, 73, 5
76, 73, 25
76, 73, 54
76, 78, 29
76, 80, 45
76, 81, 17
76, 81, 49
76, 83, 47
76, 84, 7
76, 84, 20
76, 84, 27
76, 84, 32
76, 85, 15
76, 85, 38
76, 86, 39
76, 90, 18
76, 91, 22
76, 93, 10
76, 94, 25
76, 94, 51
76, 95, 26
76, 96, 4
76, 97, 16
76, 98, 20
76, 99, 48
76, 100, 20
76, 101, 15
77, 1, 5
77, 2, 42
77, 2, 50
77, 4, 24
77, 6, 5
77, 9, 52
77, 11, 10
77, 11, 48
77, 16, 10
77, 18, 7
77, 19, 15
77, 20, 41
77, 25, 17
77, 27, 14
77, 27, 28
77, 28, 25
77, 28, 37
77, 29, 9
77, 33, 8
77, 34, 2
77, 34, 46
77, 35, 26
77, 36, 16
77, 37, 48
77, 42, 32
77, 43, 38
77, 45, 31
77, 46, 37
77, 47, 32
77, 47, 54
77, 49, 49
77, 50, 23
77, 53, 28
77, 55, 12
77, 55, 33
77, 58, 11
77, 58, 46
77, 61, 18
77, 62, 6
77, 64, 26
77, 65, 37
77, 67, 25
77, 72, 56
77, 76, 5
77, 78, 4
77, 78, 40
77, 79, 22
77, 80, 2
77, 80, 11
77, 81, 42
77, 88, 16
77, 88, 26
77, 91, 37
77, 93, 16
77, 95, 21
77, 95, 29
77, 95, 46
77, 97, 40
77, 100, 48
78, 4, 33
78, 5, 32
78, 6, 6
78, 6, 44
78, 7, 34
78, 8, 6
78, 8, 25
78, 9, 25
78, 11, 2
78, 11, 11
78, 11, 43
78, 16, 15
78, 18, 20
78, 18, 31
78, 20, 31
78, 20, 34
78, 21, 52
78, 22, 2
78, 24, 41
78, 26, 57
78, 27, 9
78, 28, 37
78, 28, 49
78, 29, 28
78, 29, 43
78, 30, 44
78, 31, 16
78, 35, 19
78, 35, 22
78, 37, 5
78, 37, 19
78, 37, 42
78, 39, 8
78, 39, 55
78, 40, 30
78, 42, 17
78, 44, 1
78, 44, 19
78, 47, 10
78, 48, 5
78, 49, 42
78, 50, 41
78, 53, 20
78, 58, 14
78, 58, 25
78, 58, 58
78, 59, 10
78, 62, 47
78, 65, 52
78, 67, 44
78, 68, 11
78, 71, 15
78, 73, 19
78, 74, 8
78, 78, 14
78, 79, 15
78, 79, 25
78, 79, 30
78, 79, 35
78, 80, 18
78, 81, 10
78, 81, 21
78, 86, 10
78, 87, 52
78, 88, 44
78, 90, 25
78, 93, 34
78, 94, 9
78, 95, 39
78, 100, 22
78, 101, 31
79, 1, 21
79, 2, 8
79, 3, 7
79, 9, 41
79, 11, 9
79, 11, 27
79, 14, 32
79, 14, 48
79, 16, 24
79, 16, 37
79, 16, 44
79, 16, 50
79, 18, 1
79, 19, 4
79, 19, 9
79, 19, 43
79, 20, 25
79, 23, 22
79, 23, 42
79, 23, 46
79, 25, 21
79, 26, 15
79, 26, 34
79, 28, 18
79, 30, 10
79, 30, 40
79, 32, 27
79, 34, 37
79, 36, 29
79, 37, 22
79, 38, 17
79, 39, 1
79, 42, 45
79, 43, 45
79, 47, 2
79, 51, 2
79, 51, 12
79, 52, 9
79, 53, 9
79, 53, 51
79, 55, 25
79, 57, 20
79, 58, 25
79, 59, 33
79, 63, 51
79, 64, 5
79, 64, 9
79, 66, 27
79, 66, 54
79, 68, 26
79, 69, 2
79, 73, 8
79, 73, 51
79, 75, 20
79, 76, 20
79, 76, 22
79, 76, 53
79, 79, 37
79, 80, 2
79, 82, 54
79, 83, 11
79, 84, 7
79, 86, 6
79, 87, 3
79, 87, 40
79, 89, 34
79, 89, 45
79, 90, 18
79, 93, 41
79, 94, 43
79, 96, 9
79, 97, 20
79, 99, 32
79, 101, 32
80, 1, 9
80, 2, 3
80, 2, 17
80, 3, 41
80, 4, 17
80, 4, 51
80, 7, 39
80, 11, 9
80, 11, 23
80, 12, 8
80, 14, 45
80, 15, 5
80, 16, 11
80, 16, 54
80, 18, 41
80, 20, 9
80, 20, 52
80, 21, 35
80, 27, 2
80, 27, 50
80, 31, 18
80, 31, 44
80, 32, 32
80, 37, 10
80, 39, 8
80, 39, 22
80, 39, 55
80, 40, 31
80, 41, 34
80, 41, 35
80, 42, 4
80, 43, 49
80, 46, 16
80, 46, 25
80, 49, 42
80, 50, 3
80, 56, 35
80, 60, 17
80, 60, 22
80, 60, 24
80, 60, 50
80, 62, 20
80, 63, 15
80, 64, 18
80, 66, 12
80, 67, 32
80, 70, 9
80, 70, 10
80, 70, 45
80, 71, 12
80, 72, 29
80, 73, 30
80, 74, 2
80, 74, 30
80, 76, 23
80, 76, 32
80, 76, 33
80, 76, 45
80, 79, 5
80, 82, 16
80, 82, 39
80, 84, 10
80, 84, 32
80, 88, 12
80, 88, 15
80, 89, 9
80, 90, 4
80, 91, 23
80, 94, 41
80, 95, 25
80, 97, 11
80, 97, 38
80, 100, 45
80, 101, 40
81, 5, 35
81, 7, 46
81, 8, 9
81, 8, 16
81, 8, 39
81, 9, 22
81, 10, 44
81, 11, 27
81, 12, 10
81, 12, 22
81, 13, 8
81, 14, 22
81, 16, 19
81, 18, 10
81, 19, 35
81, 25, 18
81, 25, 48
81, 28, 25
81, 29, 46
81, 31, 28
81, 31, 34
81, 35, 45
81, 36, 31
81, 40, 4
81, 40, 5
81, 43, 17
81, 44, 10
81, 46, 33
81, 46, 47
81, 47, 25
81, 48, 49
81, 49, 6
81, 51, 24
81, 53, 6
81, 53, 16
81, 53, 48
81, 53, 54
81, 58, 45
81, 59, 42
81, 60, 4
81, 60, 26
81, 60, 39
81, 60, 48
81, 61, 2
81, 61, 14
81, 61, 31
81, 61, 34
81, 62, 31
81, 63, 8
81, 63, 29
81, 66, 38
81, 69, 39
81, 74, 14
81, 75, 2
81, 75, 6
81, 76, 24
81, 77, 12
81, 77, 16
81, 82, 28
81, 83, 9
81, 83, 13
81, 83, 45
81, 84, 1
81, 85, 29
81, 86, 35
81, 89, 10
81, 89, 49
81, 90, 22
81, 90, 48
81, 91, 2
81, 92, 6
81, 95, 38
81, 99, 8
82, 2, 18
82, 3, 11
82, 6, 27
82, 7, 2
82, 7, 24
82, 7, 47
82, 8, 51
82, 9, 20
82, 9, 50
82, 11, 36
82, 12, 23
82, 12, 28
82, 16, 50
82, 19, 25
82, 21, 46
82, 22, 6
82, 22, 17
82, 24, 37
82, 25, 7
82, 26, 35
82, 27, 2
82, 27, 27
82, 27, 33
82, 28, 19
82, 28, 31
82, 28, 35
82, 30, 49
82, 31, 28
82, 33, 14
82, 33, 40
82, 34, 11
82, 34, 21
82, 35, 2
82, 35, 31
82, 36, 51
82, 37, 20
82, 37, 60
82, 38, 15
82, 39, 27
82, 39, 40
82, 40, 47
82, 41, 5
82, 41, 39
82, 43, 7
82, 43, 50
82, 44, 18
82, 45, 33
82, 46, 18
82, 47, 10
82, 48, 32
82, 49, 31
82, 49, 37
82, 52, 24
82, 53, 10
82, 54, 23
82, 54, 40
82, 55, 42
82, 57, 51
82, 58, 36
82, 59, 49
82, 62, 10
82, 64, 7
82, 64, 48
82, 68, 36
82, 69, 36
82, 71, 18
82, 73, 25
82, 75, 46
82, 76, 31
82, 77, 19
82, 78, 28
82, 78, 47
82, 83, 40
82, 85, 15
82, 85, 37
82, 89, 27
82, 91, 17
82, 93, 2
82, 93, 5
82, 93, 21
82, 94, 23
82, 95, 24
82, 97, 35
82, 98, 32
82, 100, 6
82, 101, 51
82, 101, 54
83, 2, 37
83, 5, 35
83, 9, 5
83, 9, 13
83, 10, 2
83, 13, 6
83, 13, 20
83, 14, 10
83, 18, 1
83, 21, 31
83, 25, 29
83, 25, 47
83, 27, 42
83, 33, 17
83, 37, 9
83, 37, 10
83, 37, 12
83, 37, 51
83, 40, 53
83, 42, 15
83, 42, 31
83, 43, 51
83, 45, 12
83, 48, 30
83, 55, 4
83, 55, 25
83, 55, 27
83, 57, 40
83, 60, 32
83, 61, 5
83, 66, 10
83, 66, 54
83, 67, 13
83, 68, 8
83, 69, 34
83, 71, 35
83, 72, 35
83, 73, 30
83, 76, 12
83, 76, 41
83, 79, 6
83, 82, 4
83, 82, 35
83, 82, 43
83, 84, 6
83, 85, 34
83, 86, 46
83, 90, 12
83, 91, 34
83, 92, 25
83, 93, 44
83, 95, 22
83, 97, 51
83, 99, 1
83, 100, 20
83, 101, 17
84, 1, 55
84, 2, 41
84, 6, 6
84, 9, 4
84, 9, 12
84, 9, 30
84, 9, 50
84, 10, 43
84, 12, 11
84, 14, 12
84, 17, 17
84, 17, 26
84, 18, 1
84, 19, 54
84, 20, 30
84, 21, 37
84, 23, 27
84, 30, 50
84, 30, 52
84, 33, 45
84, 35, 15
84, 36, 28
84, 38, 42
84, 40, 34
84, 41, 6
84, 41, 14
84, 42, 28
84, 45, 44
84, 47, 21
84, 50, 32
84, 51, 21
84, 51, 23
84, 51, 41
84, 52, 31
84, 54, 37
84, 56, 45
84, 58, 16
84, 58, 20
84, 61, 1
84, 63, 18
84, 65, 12
84, 66, 36
84, 67, 21
84, 67, 25
84, 72, 41
84, 72, 45
84, 73, 4
84, 73, 38
84, 74, 24
84, 76, 22
84, 76, 43
84, 77, 30
84, 80, 7
84, 80, 11
84, 83, 29
84, 84, 30
84, 86, 23
84, 88, 37
84, 91, 34
84, 94, 52
84, 95, 50
84, 96, 27
84, 96, 46
84, 97, 41
84, 99, 4
84, 99, 30
84, 100, 30
84, 100, 37
84, 101, 8
85, 2, 18
85, 3, 30
85, 4, 12
85, 9, 40
85, 11, 22
85, 12, 22
85, 12, 34
85, 13, 20
85, 14, 48
85, 15, 29
85, 16, 42
85, 19, 45
85, 20, 10
85, 21, 13
85, 24, 1
85, 24, 35
85, 25, 15
85, 26, 15
85, 30, 46
85, 32, 5
85, 33, 21
85, 34, 15
85, 36, 48
85, 37, 20
85, 37, 25
85, 39, 3
85, 44, 28
85, 44, 43
85, 47, 4
85, 47, 31
85, 49, 26
85, 50, 6
85, 51, 37
85, 53, 11
85, 55, 10
85, 55, 23
85, 59, 48
85, 62, 30
85, 62, 52
85, 64, 22
85, 65, 42
85, 66, 21
85, 66, 40
85, 68, 5
85, 68, 22
85, 70, 3
85, 71, 13
85, 75, 9
85, 76, 3
85, 78, 28
85, 79, 46
85, 80, 6
85, 81, 36
85, 82, 5
85, 82, 20
85, 83, 1
85, 83, 28
85, 84, 17
85, 84, 36
85, 86, 30
85, 89, 20
85, 89, 29
85, 89, 59
85, 93, 39
85, 94, 11
85, 95, 25
85, 98, 29
85, 99, 23
85, 100, 12
85, 100, 43
85, 101, 44
86, 2, 16
86, 2, 31
86, 3, 51
86, 4, 8
86, 5, 41
86, 5, 49
86, 6, 13
86, 6, 39
86, 8, 22
86, 8, 28
86, 9, 32
86, 10, 22
86, 12, 41
86, 14, 2
86, 14, 31
86, 18, 1
86, 18, 2
86, 18, 12
86, 18, 35
86, 23, 3
86, 24, 46
86, 24, 54
86, 25, 22
86, 25, 27
86, 26, 2
86, 27, 6
86, 30, 29
86, 30, 54
86, 31, 14
86, 35, 22
86, 36, 38
86, 37, 48
86, 38, 18
86, 41, 53
86, 42, 15
86, 42, 35
86, 45, 39
86, 46, 16
86, 49, 6
86, 49, 35
86, 51, 12
86, 51, 49
86, 52, 4
86, 53, 4
86, 55, 21
86, 55, 28
86, 58, 32
86, 59, 4
86, 59, 33
86, 60, 13
86, 61, 3
86, 61, 16
86, 61, 23
86, 61, 35
86, 62, 2
86, 65, 41
86, 66, 34
86, 69, 22
86, 72, 29
86, 72, 43
86, 75, 21
86, 76, 3
86, 77, 32
86, 77, 37
86, 78, 44
86, 79, 34
86, 82, 43
86, 85, 23
86, 87, 43
86, 87, 52
86, 88, 8
86, 89, 12
86, 89, 53
86, 91, 32
86, 95, 13
86, 95, 44
86, 96, 6
86, 96, 10
86, 97, 34
86, 97, 42
86, 98, 39
86, 99, 16
86, 99, 31
86, 101, 54
87, 1, 33
87, 2, 36
87, 5, 15
87, 6, 21
87, 9, 41
87, 12, 20
87, 12, 27
87, 14, 2
87, 14, 24
87, 14, 37
87, 14, 45
87, 15, 35
87, 16, 11
87, 19, 23
87, 20, 11
87, 22, 6
87, 23, 12
87, 23, 25
87, 23, 36
87, 24, 15
87, 24, 48
87, 25, 31
87, 28, 45
87, 29, 33
87, 30, 29
87, 31, 41
87, 33, 31
87, 34, 32
87, 34, 33
87, 35, 8
87, 36, 52
87, 37, 53
87, 40, 41
87, 42, 21
87, 43, 16
87, 43, 51
87, 44, 37
87, 46, 6
87, 46, 10
87, 50, 5
87, 50, 46
87, 53, 29
87, 53, 39
87, 59, 38
87, 60, 25
87, 61, 21
87, 62, 27
87, 64, 13
87, 66, 52
87, 68, 43
87, 69, 9
87, 72, 42
87, 74, 6
87, 74, 25
87, 76, 2
87, 76, 47
87, 82, 11
87, 83, 37
87, 84, 38
87, 84, 45
87, 85, 33
87, 86, 25
87, 88, 20
87, 88, 26
87, 88, 38
87, 90, 20
87, 91, 36
87, 92, 13
87, 97, 16
87, 100, 12
87, 100, 48
87, 101, 16
87, 101, 29
88, 1, 39
88, 2, 12
88, 3, 28
88, 3, 46
88, 4, 15
88, 7, 4
88, 7, 18
88, 7, 36
88, 7, 39
88, 7, 46
88, 9, 44
88, 11, 1
88, 11, 6
88, 13, 13
88, 14, 8
88, 15, 47
88, 16, 16
88, 16, 51
88, 17, 34
88, 17, 38
88, 18, 7
88, 19, 43
88, 21, 34
88, 25, 10
88, 25, 35
88, 27, 39
88, 28, 18
88, 28, 48
88, 31, 9
88, 31, 16
88, 31, 51
88, 33, 7
88, 35, 8
88, 35, 13
88, 37, 33
88, 39, 12
88, 39, 22
88, 39, 38
88, 40, 32
88, 44, 10
88, 44, 29
88, 47, 7
88, 47, 45
88, 50, 13
88, 50, 27
88, 52, 30
88, 52, 40
88, 58, 14
88, 58, 16
88, 61, 48
88, 64, 7
88, 65, 14
88, 66, 54
88, 67, 1
88, 68, 28
88, 69, 31
88, 70, 35
88, 70, 39
88, 73, 15
88, 74, 27
88, 76, 12
88, 77, 10
88, 78, 21
88, 79, 43
88, 80, 23
88, 82, 24
88, 82, 26
88, 86, 28
88, 88, 7
88, 88, 18
88, 88, 37
88, 88, 45
88, 88, 46
88, 90, 17
88, 91, 45
88, 93, 15
88, 98, 37
88, 100, 54
88, 101, 18
89, 2, 1
89, 3, 33
89, 5, 4
89, 5, 44
89, 9, 43
89, 17, 2
89, 19, 4
89, 19, 23
89, 20, 32
89, 21, 56
89, 25, 45
89, 28, 27
89, 30, 9
89, 32, 43
89, 34, 17
89, 39, 1
89, 39, 36
89, 43, 19
89, 43, 49
89, 50, 16
89, 51, 18
89, 51, 26
89, 53, 5
89, 53, 24
89, 54, 44
89, 57, 37
89, 57, 51
89, 58, 1
89, 58, 3
89, 58, 40
89, 62, 11
89, 64, 8
89, 66, 33
89, 66, 42
89, 67, 44
89, 68, 19
89, 69, 52
89, 70, 9
89, 73, 53
89, 74, 43
89, 78, 49
89, 79, 16
89, 79, 45
89, 80, 23
89, 86, 2
89, 87, 15
89, 88, 51
89, 89, 11
89, 95, 49
89, 96, 10
89, 97, 8
89, 97, 44
89, 100, 1
89, 100, 18
90, 3, 44
90, 6, 34
90, 8, 48
90, 9, 12
90, 9, 16
90, 10, 32
90, 14, 6
90, 22, 28
90, 24, 22
90, 29, 32
90, 29, 42
90, 31, 10
90, 31, 14
90, 31, 19
90, 34, 23
90, 35, 19
90, 35, 35
90, 40, 26
90, 42, 1
90, 47, 40
90, 48, 1
90, 49, 31
90, 50, 13
90, 50, 42
90, 54, 39
90, 57, 5
90, 57, 24
90, 57, 27
90, 58, 45
90, 59, 30
90, 62, 46
90, 63, 39
90, 64, 33
90, 65, 24
90, 70, 42
90, 72, 48
90, 73, 30
90, 74, 2
90, 76, 33
90, 80, 18
90, 81, 12
90, 82, 44
90, 83, 26
90, 83, 45
90, 84, 13
90, 85, 37
90, 86, 42
90, 88, 9
90, 91, 9
90, 94, 34
90, 95, 15
90, 97, 16
90, 97, 23
90, 100, 31
91, 2, 5
91, 2, 18
91, 2, 44
91, 3, 25
91, 4, 36
91, 6, 36
91, 7, 1
91, 7, 23
91, 9, 16
91, 10, 38
91, 11, 5
91, 13, 37
91, 15, 9
91, 15, 15
91, 15, 25
91, 16, 1
91, 16, 32
91, 16, 45
91, 17, 33
91, 17, 55
91, 18, 52
91, 20, 41
91, 21, 31
91, 22, 41
91, 23, 39
91, 27, 32
91, 33, 34
91, 37, 2
91, 38, 52
91, 39, 40
91, 42, 25
91, 45, 21
91, 46, 43
91, 47, 28
91, 48, 37
91, 48, 40
91, 49, 37
91, 51, 39
91, 51, 47
91, 52, 14
91, 53, 23
91, 54, 17
91, 54, 19
91, 55, 35
91, 55, 39
91, 55, 48
91, 55, 52
91, 57, 15
91, 57, 51
91, 61, 34
91, 64, 7
91, 69, 23
91, 70, 48
91, 71, 21
91, 71, 37
91, 73, 55
91, 74, 56
91, 76, 25
91, 79, 16
91, 79, 43
91, 81, 28
91, 86, 28
91, 87, 48
91, 89, 7
91, 89, 60
91, 91, 17
91, 91, 41
91, 93, 21
91, 95, 34
91, 95, 45
91, 96, 38
92, 1, 50
92, 2, 35
92, 4, 31
92, 7, 28
92, 7, 52
92, 9, 26
92, 12, 11
92, 13, 33
92, 14, 45
92, 14, 49
92, 15, 33
92, 21, 5
92, 21, 21
92, 24, 50
92, 26, 23
92, 28, 10
92, 28, 38
92, 29, 7
92, 29, 14
92, 30, 32
92, 33, 51
92, 35, 26
92, 37, 9
92, 39, 25
92, 41, 17
92, 41, 46
92, 45, 6
92, 45, 44
92, 46, 19
92, 47, 43
92, 48, 24
92, 48, 33
92, 54, 42
92, 56, 36
92, 56, 41
92, 57, 15
92, 58, 31
92, 59, 18
92, 62, 1
92, 62, 14
92, 63, 23
92, 63, 54
92, 66, 34
92, 66, 47
92, 69, 20
92, 70, 3
92, 72, 9
92, 72, 26
92, 74, 35
92, 76, 21
92, 78, 46
92, 79, 32
92, 80, 22
92, 80, 37
92, 82, 7
92, 84, 5
92, 84, 8
92, 84, 49
92, 85, 2
92, 85, 21
92, 86, 24
92, 87, 12
92, 88, 22
92, 89, 3
92, 89, 9
92, 89, 30
92, 93, 36
92, 94, 50
92, 98, 16
92, 99, 10
92, 100, 35
92, 101, 42
93, 1, 46
93, 4, 34
93, 5, 51
93, 6, 11
93, 6, 52
93, 7, 7
93, 7, 36
93, 8, 14
93, 13, 18
93, 14, 21
93, 15, 29
93, 16, 21
93, 16, 26
93, 17, 14
93, 18, 13
93, 20, 10
93, 20, 34
93, 20, 48
93, 21, 54
93, 22, 1
93, 22, 6
93, 22, 48
93, 23, 7
93, 23, 25
93, 23, 34
93, 23, 39
93, 24, 17
93, 25, 3
93, 27, 6
93, 27, 52
93, 28, 2
93, 29, 16
93, 29, 44
93, 30, 19
93, 31, 45
93, 32, 9
93, 32, 22
93, 32, 43
93, 33, 25
93, 34, 3
93, 34, 42
93, 35, 4
93, 35, 30
93, 36, 28
93, 36, 51
93, 38, 34
93, 42, 12
93, 42, 33
93, 42, 48
93, 44, 16
93, 45, 47
93, 45, 53
93, 46, 25
93, 47, 5
93, 47, 36
93, 55, 15
93, 55, 19
93, 55, 43
93, 57, 7
93, 58, 28
93, 60, 41
93, 65, 14
93, 66, 36
93, 67, 42
93, 67, 52
93, 70, 32
93, 73, 18
93, 73, 53
93, 76, 39
93, 80, 7
93, 83, 34
93, 87, 7
93, 87, 30
93, 89, 23
93, 89, 37
93, 91, 30
93, 93, 12
93, 94, 26
93, 94, 44
93, 96, 6
93, 97, 10
93, 98, 25
93, 98, 28
93, 99, 22
93, 100, 2
93, 100, 54
94, 3, 9
94, 5, 49
94, 9, 25
94, 11, 4
94, 12, 16
94, 12, 56
94, 14, 44
94, 15, 27
94, 18, 38
94, 19, 17
94, 20, 32
94, 21, 36
94, 23, 37
94, 31, 4
94, 32, 44
94, 33, 34
94, 44, 40
94, 46, 5
94, 46, 46
94, 46, 51
94, 53, 27
94, 56, 11
94, 56, 50
94, 57, 36
94, 59, 27
94, 60, 38
94, 62, 46
94, 63, 21
94, 69, 32
94, 71, 12
94, 73, 23
94, 79, 3
94, 82, 12
94, 82, 26
94, 84, 32
94, 88, 32
94, 88, 38
94, 95, 29
94, 97, 6
94, 97, 37
94, 101, 7
95, 1, 30
95, 1, 43
95, 6, 4
95, 9, 44
95, 10, 41
95, 12, 46
95, 13, 5
95, 14, 7
95, 14, 41
95, 15, 40
95, 17, 10
95, 17, 27
95, 18, 46
95, 22, 28
95, 25, 45
95, 26, 20
95, 29, 28
95, 30, 29
95, 30, 38
95, 30, 49
95, 36, 20
95, 37, 5
95, 38, 15
95, 41, 31
95, 42, 10
95, 44, 17
95, 44, 22
95, 44, 30
95, 46, 1
95, 46, 19
95, 48, 2
95, 48, 15
95, 48, 47
95, 52, 2
95, 52, 6
95, 52, 11
95, 52, 49
95, 53, 11
95, 53, 36
95, 54, 40
95, 56, 27
95, 59, 17
95, 59, 37
95, 62, 15
95, 63, 9
95, 63, 49
95, 64, 12
95, 65, 4
95, 65, 50
95, 68, 5
95, 70, 32
95, 70, 36
95, 70, 37
95, 75, 9
95, 75, 40
95, 79, 10
95, 80, 24
95, 82, 43
95, 85, 38
95, 91, 8
95, 92, 22
95, 93, 41
95, 94, 3
95, 94, 28
95, 97, 52
95, 98, 1
95, 100, 13
95, 100, 46
95, 101, 3
95, 101, 43
95, 101, 54
96, 2, 6
96, 2, 20
96, 6, 31
96, 7, 2
96, 7, 32
96, 10, 46
96, 15, 17
96, 16, 21
96, 16, 51
96, 19, 31
96, 19, 52
96, 25, 23
96, 26, 48
96, 28, 39
96, 30, 32
96, 32, 51
96, 33, 29
96, 34, 13
96, 34, 44
96, 35, 10
96, 36, 29
96, 41, 17
96, 41, 42
96, 44, 38
96, 44, 47
96, 52, 7
96, 55, 27
96, 57, 15
96, 58, 35
96, 59, 21
96, 59, 44
96, 59, 47
96, 64, 15
96, 66, 20
96, 66, 52
96, 67, 47
96, 71, 17
96, 72, 10
96, 73, 33
96, 74, 10
96, 74, 28
96, 77, 20
96, 81, 19
96, 81, 41
96, 86, 5
96, 88, 1
96, 92, 6
96, 93, 37
96, 94, 29
96, 96, 2
96, 97, 20
96, 97, 39
96, 99, 42
97, 3, 18
97, 3, 51
97, 4, 27
97, 7, 23
97, 7, 24
97, 10, 7
97, 10, 42
97, 12, 30
97, 13, 10
97, 15, 42
97, 20, 9
97, 21, 6
97, 21, 37
97, 23, 5
97, 24, 16
97, 25, 9
97, 25, 32
97, 26, 11
97, 27, 50
97, 29, 40
97, 31, 44
97, 32, 13
97, 32, 21
97, 32, 45
97, 34, 4
97, 34, 13
97, 34, 28
97, 36, 46
97, 41, 3
97, 41, 12
97, 41, 45
97, 42, 35
97, 45, 26
97, 47, 21
97, 51, 9
97, 51, 41
97, 52, 30
97, 52, 47
97, 53, 11
97, 54, 14
97, 55, 9
97, 55, 16
97, 55, 35
97, 55, 40
97, 59, 2
97, 59, 30
97, 59, 51
97, 61, 34
97, 61, 37
97, 62, 22
97, 64, 54
97, 65, 12
97, 65, 18
97, 68, 5
97, 68, 20
97, 69, 23
97, 70, 39
97, 71, 49
97, 72, 48
97, 77, 44
97, 79, 36
97, 80, 54
97, 81, 20
97, 81, 40
97, 82, 23
97, 85, 51
97, 86, 1
97, 86, 30
97, 86, 42
97, 88, 45
97, 89, 27
97, 89, 43
97, 91, 11
97, 92, 5
97, 93, 19
97, 93, 27
97, 95, 41
97, 96, 15
97, 98, 18
97, 98, 30
97, 99, 20
97, 99, 22
97, 99, 46
97, 99, 48
97, 101, 7
98, 1, 44
98, 2, 8
98, 2, 39
98, 4, 35
98, 6, 31
98, 10, 35
98, 10, 50
98, 11, 10
98, 15, 22
98, 16, 28
98, 17, 32
98, 18, 37
98, 18, 44
98, 19, 38
98, 20, 2
98, 21, 47
98, 23, 10
98, 23, 64
98, 24, 3
98, 25, 41
98, 27, 15
98, 27, 31
98, 28, 23
98, 29, 18
98, 29, 42
98, 29, 44
98, 37, 1
98, 41, 5
98, 41, 25
98, 46, 22
98, 48, 21
98, 48, 54
98, 49, 44
98, 50, 39
98, 55, 40
98, 59, 8
98, 59, 30
98, 60, 15
98, 62, 9
98, 64, 23
98, 64, 35
98, 67, 17
98, 68, 13
98, 68, 34
98, 69, 31
98, 69, 47
98, 70, 14
98, 70, 44
98, 71, 10
98, 72, 28
98, 74, 35
98, 74, 39
98, 76, 9
98, 78, 31
98, 79, 19
98, 83, 33
98, 84, 13
98, 84, 50
98, 85, 4
98, 87, 32
98, 89, 17
98, 93, 8
98, 94, 39
98, 95, 46
98, 97, 3
98, 97, 5
98, 98, 25
98, 101, 12
99, 2, 51
99, 3, 31
99, 4, 17
99, 4, 35
99, 6, 39
99, 7, 51
99, 9, 2
99, 10, 23
99, 10, 48
99, 11, 18
99, 12, 8
99, 12, 38
99, 14, 17
99, 17, 48
99, 18, 15
99, 18, 35
99, 19, 41
99, 20, 38
99, 22, 11
99, 23, 4
99, 23, 8
99, 24, 20
99, 25, 57
99, 26, 18
99, 27, 28
99, 30, 3
99, 30, 7
99, 30, 13
99, 31, 27
99, 31, 30
99, 32, 13
99, 34, 20
99, 36, 2
99, 36, 36
99, 39, 6
99, 39, 32
99, 40, 5
99, 41, 38
99, 41, 40
99, 42, 44
99, 44, 22
99, 44, 47
99, 45, 18
99, 48, 16
99, 48, 46
99, 49, 18
99, 50, 54
99, 52, 20
99, 55, 16
99, 58, 41
99, 58, 44
99, 59, 37
99, 60, 27
99, 60, 44
99, 62, 21
99, 64, 25
99, 66, 10
99, 66, 41
99, 71, 38
99, 73, 8
99, 73, 31
99, 74, 51
99, 77, 53
99, 78, 33
99, 82, 40
99, 83, 2
99, 83, 33
99, 83, 35
99, 84, 3
99, 88, 4
99, 91, 8
99, 91, 14
99, 91, 46
99, 93, 22
99, 94, 13
99, 96, 54
99, 98, 36
99, 100, 5
99, 100, 45
99, 101, 5
100, 1, 28
100, 1, 51
100, 2, 12
100, 2, 21
100, 3, 8
100, 4, 3
100, 5, 3
100, 5, 42
100, 6, 31
100, 8, 39
100, 12, 21
100, 14, 19
100, 14, 35
100, 17, 24
100, 17, 53
100, 18, 32
100, 19, 30
100, 20, 9
100, 23, 15
100, 23, 46
100, 24, 51
100, 26, 3
100, 26, 54
100, 27, 27
100, 27, 33
100, 27, 49
100, 30, 24
100, 33, 47
100, 35, 2
100, 35, 15
100, 39, 28
100, 40, 17
100, 42, 23
100, 43, 33
100, 44, 42
100, 45, 34
100, 47, 35
100, 50, 5
100, 50, 39
100, 51, 1
100, 52, 31
100, 54, 46
100, 56, 1
100, 56, 11
100, 56, 25
100, 56, 31
100, 59, 11
100, 60, 8
100, 60, 37
100, 61, 47
100, 64, 28
100, 65, 32
100, 69, 25
100, 70, 8
100, 70, 23
100, 74, 7
100, 75, 46
100, 76, 26
100, 77, 41
100, 79, 2
100, 79, 41
100, 81, 12
100, 81, 37
100, 81, 45
100, 82, 28
100, 85, 8
100, 86, 46
100, 87, 12
100, 89, 24
100, 92, 58
100, 94, 35
100, 94, 38
100, 96, 8
100, 96, 9
100, 98, 21
100, 99, 34
101, 3, 13
101, 4, 14
101, 6, 45
101, 9, 19
101, 9, 58
101, 11, 24
101, 15, 18
101, 17, 11
101, 18, 50
101, 21, 17
101, 21, 20
101, 21, 32
101, 21, 46
101, 22, 10
101, 22, 23
101, 22, 43
101, 23, 29
101, 24, 29
101, 25, 34
101, 29, 22
101, 31, 6
101, 35, 5
101, 37, 8
101, 37, 53
101, 40, 15
101, 45, 7
101, 45, 31
101, 46, 41
101, 47, 2
101, 47, 48
101, 49, 25
101, 50, 38
101, 53, 12
101, 54, 30
101, 58, 26
101, 59, 23
101, 61, 6
101, 62, 37
101, 64, 39
101, 65, 3
101, 68, 45
101, 69, 18
101, 72, 14
101, 74, 29
101, 75, 5
101, 77, 14
101, 78, 34
101, 85, 20
101, 85, 44
101, 87, 5
101, 87, 32
101, 93, 10
101, 94, 27
101, 94, 50
101, 97, 2
101, 97, 29
101, 100, 11
101, 100, 19
101, 101, 46
