236, 246, 1
236, 248, 2
236, 248, 3
237, 246, 1
237, 247, 1
237, 247, 2
237, 248, 1
237, 248, 2
237, 248, 3
238, 246, 2
238, 246, 3
238, 246, 5
238, 247, 1
238, 247, 2
238, 247, 3
238, 248, 1
238, 248, 2
238, 248, 3
238, 249, 2
238, 252, 1
238, 253, 1
238, 254, 1
238, 254, 2
238, 255, 1
238, 255, 2
239, 242, 1
239, 242, 2
239, 242, 3
239, 243, 1
239, 244, 1
239, 244, 2
239, 245, 1
239, 246, 1
239, 246, 2
239, 246, 3
239, 246, 5
239, 247, 1
239, 247, 2
239, 247, 3
239, 248, 1
239, 248, 2
239, 248, 3
239, 249, 1
239, 249, 2
239, 249, 3
239, 250, 1
239, 250, 2
239, 250, 3
239, 250, 4
239, 251, 1
239, 252, 1
239, 252, 2
239, 253, 1
239, 253, 2
239, 253, 3
239, 254, 1
239, 254, 2
239, 254, 3
239, 254, 4
239, 254, 5
239, 255, 1
239, 255, 2
239, 255, 3
239, 256, 2
239, 256, 3
240, 242, 1
240, 242, 2
240, 242, 3
240, 243, 1
240, 243, 2
240, 243, 3
240, 244, 1
240, 244, 2
240, 245, 1
240, 245, 2
240, 245, 4
240, 246, 1
240, 246, 2
240, 246, 4
240, 246, 5
240, 247, 1
240, 247, 2
240, 247, 5
240, 248, 1
240, 248, 2
240, 248, 3
240, 249, 1
240, 249, 2
240, 249, 3
240, 249, 4
240, 250, 1
240, 250, 2
240, 250, 3
240, 250, 4
240, 250, 5
240, 251, 1
240, 251, 2
240, 251, 3
240, 251, 5
240, 252, 1
240, 252, 2
240, 253, 1
240, 253, 2
240, 253, 3
240, 254, 1
240, 254, 2
240, 254, 3
240, 254, 4
240, 255, 1
240, 255, 2
240, 255, 4
240, 256, 1
240, 256, 2
240, 257, 1
240, 257, 3
241, 240, 1
241, 240, 2
241, 241, 1
241, 241, 2
241, 241, 3
241, 242, 1
241, 242, 2
241, 243, 1
241, 243, 2
241, 243, 3
241, 243, 4
241, 244, 1
241, 245, 1
241, 245, 2
241, 245, 3
241, 245, 4
241, 245, 5
241, 246, 0
241, 246, 1
241, 246, 2
241, 246, 3
241, 246, 4
241, 246, 5
241, 247, 0
241, 247, 1
241, 247, 2
241, 247, 3
241, 248, 0
241, 248, 1
241, 248, 2
241, 248, 3
241, 248, 4
241, 249, 0
241, 249, 1
241, 249, 2
241, 249, 3
241, 249, 4
241, 250, 0
241, 250, 1
241, 250, 2
241, 250, 3
241, 250, 4
241, 251, 0
241, 251, 1
241, 251, 2
241, 251, 3
241, 252, 0
241, 252, 1
241, 252, 2
241, 252, 3
241, 253, 0
241, 253, 1
241, 253, 2
241, 253, 3
241, 253, 4
241, 254, 0
241, 254, 1
241, 254, 2
241, 254, 3
241, 254, 4
241, 255, 1
241, 255, 2
241, 255, 3
241, 255, 4
241, 256, 1
241, 256, 2
241, 256, 3
241, 256, 4
241, 256, 5
241, 257, 1
241, 257, 2
241, 257, 3
241, 258, 1
241, 258, 4
241, 259, 1
241, 259, 2
241, 260, 1
242, 240, 1
242, 240, 2
242, 241, 1
242, 241, 2
242, 241, 3
242, 241, 4
242, 242, 1
242, 242, 2
242, 242, 3
242, 243, 1
242, 243, 2
242, 243, 3
242, 244, 1
242, 244, 2
242, 244, 3
242, 245, 0
242, 245, 1
242, 245, 2
242, 245, 3
242, 246, 0
242, 246, 1
242, 246, 2
242, 246, 3
242, 246, 4
242, 247, 0
242, 247, 1
242, 247, 2
242, 247, 3
242, 247, 4
242, 247, 5
242, 248, 0
242, 248, 1
242, 248, 2
242, 248, 3
242, 248, 4
242, 249, 0
242, 249, 1
242, 249, 2
242, 249, 3
242, 249, 4
242, 249, 5
242, 250, 0
242, 250, 1
242, 250, 2
242, 250, 3
242, 250, 4
242, 251, 0
242, 251, 1
242, 251, 2
242, 251, 3
242, 251, 4
242, 252, 0
242, 252, 1
242, 252, 2
242, 252, 3
242, 252, 4
242, 253, 0
242, 253, 1
242, 253, 2
242, 253, 3
242, 253, 4
242, 254, 0
242, 254, 1
242, 254, 2
242, 254, 3
242, 255, 0
242, 255, 1
242, 255, 2
242, 255, 3
242, 256, 1
242, 256, 2
242, 256, 3
242, 257, 1
242, 257, 2
242, 257, 3
242, 257, 4
242, 257, 5
242, 258, 1
242, 258, 2
242, 258, 3
242, 258, 4
242, 259, 1
242, 259, 2
242, 259, 3
242, 260, 1
242, 260, 3
243, 239, 1
243, 240, 1
243, 240, 2
243, 240, 3
243, 240, 4
243, 241, 1
243, 241, 2
243, 241, 3
243, 242, 1
243, 242, 2
243, 242, 3
243, 243, 0
243, 243, 1
243, 243, 2
243, 243, 3
243, 244, 0
243, 244, 1
243, 244, 2
243, 245, 0
243, 245, 1
243, 245, 2
243, 245, 3
243, 245, 4
243, 246, 0
243, 246, 1
243, 246, 2
243, 246, 3
243, 246, 4
243, 246, 6
243, 247, 0
243, 247, 1
243, 247, 2
243, 247, 3
243, 247, 4
243, 247, 5
243, 247, 6
243, 247, 7
243, 247, 8
243, 248, 0
243, 248, 1
243, 248, 2
243, 248, 3
243, 248, 4
243, 249, 0
243, 249, 1
243, 249, 2
243, 249, 3
243, 249, 4
243, 250, 0
243, 250, 1
243, 250, 2
243, 250, 3
243, 250, 4
243, 250, 5
243, 251, 0
243, 251, 1
243, 251, 2
243, 251, 3
243, 251, 4
243, 251, 5
243, 252, 0
243, 252, 1
243, 252, 2
243, 252, 3
243, 252, 4
243, 252, 5
243, 253, 0
243, 253, 1
243, 253, 2
243, 253, 3
243, 253, 4
243, 254, 0
243, 254, 1
243, 254, 2
243, 255, 0
243, 255, 1
243, 255, 2
243, 255, 3
243, 256, 0
243, 256, 1
243, 256, 2
243, 256, 3
243, 256, 4
243, 257, 0
243, 257, 1
243, 257, 2
243, 257, 3
243, 257, 4
243, 257, 5
243, 257, 6
243, 258, 1
243, 258, 2
243, 258, 3
243, 258, 4
243, 258, 5
243, 259, 1
243, 259, 2
243, 259, 3
243, 260, 1
243, 260, 2
243, 260, 3
243, 261, 1
243, 261, 3
243, 262, 1
244, 239, 1
244, 240, 1
244, 240, 2
244, 240, 3
244, 241, 1
244, 241, 2
244, 241, 3
244, 242, 1
244, 242, 2
244, 242, 3
244, 243, 0
244, 243, 1
244, 243, 2
244, 244, 0
244, 244, 1
244, 244, 2
244, 244, 3
244, 244, 4
244, 245, 0
244, 245, 1
244, 245, 2
244, 245, 3
244, 245, 4
244, 245, 5
244, 246, 0
244, 246, 1
244, 246, 2
244, 246, 3
244, 246, 4
244, 246, 5
244, 247, 0
244, 247, 1
244, 247, 2
244, 247, 3
244, 247, 4
244, 247, 5
244, 248, 0
244, 248, 1
244, 248, 2
244, 248, 3
244, 248, 4
244, 249, 0
244, 249, 1
244, 249, 2
244, 249, 3
244, 249, 4
244, 250, 0
244, 250, 1
244, 250, 2
244, 250, 3
244, 250, 4
244, 250, 5
244, 251, 0
244, 251, 1
244, 251, 2
244, 251, 3
244, 251, 4
244, 252, 0
244, 252, 1
244, 252, 2
244, 252, 3
244, 252, 4
244, 252, 5
244, 252, 6
244, 253, 0
244, 253, 1
244, 253, 2
244, 253, 3
244, 253, 4
244, 254, 0
244, 254, 1
244, 254, 2
244, 255, 0
244, 255, 1
244, 255, 2
244, 255, 3
244, 256, 0
244, 256, 1
244, 256, 2
244, 256, 3
244, 257, 0
244, 257, 1
244, 257, 2
244, 257, 3
244, 257, 4
244, 258, 1
244, 258, 2
244, 258, 3
244, 259, 1
244, 259, 2
244, 259, 5
244, 260, 1
244, 260, 3
244, 261, 1
244, 261, 2
244, 261, 3
244, 262, 1
245, 239, 1
245, 239, 2
245, 239, 3
245, 240, 1
245, 240, 2
245, 240, 3
245, 241, 1
245, 241, 2
245, 241, 3
245, 241, 4
245, 242, 0
245, 242, 1
245, 242, 2
245, 242, 3
245, 242, 4
245, 243, 0
245, 243, 1
245, 243, 2
245, 243, 3
245, 243, 4
245, 244, 0
245, 244, 1
245, 244, 2
245, 244, 3
245, 244, 4
245, 244, 5
245, 245, 0
245, 245, 1
245, 245, 2
245, 245, 3
245, 245, 4
245, 246, 0
245, 246, 1
245, 246, 2
245, 246, 3
245, 246, 4
245, 246, 5
245, 247, 0
245, 247, 1
245, 247, 2
245, 247, 3
245, 247, 4
245, 248, 0
245, 248, 1
245, 248, 2
245, 248, 3
245, 249, 0
245, 249, 1
245, 249, 2
245, 249, 3
245, 249, 4
245, 249, 5
245, 250, 0
245, 250, 1
245, 250, 2
245, 250, 3
245, 250, 4
245, 250, 5
245, 250, 6
245, 250, 7
245, 251, 0
245, 251, 1
245, 251, 2
245, 251, 3
245, 251, 4
245, 252, 0
245, 252, 1
245, 252, 2
245, 252, 3
245, 252, 4
245, 252, 5
245, 253, 0
245, 253, 1
245, 253, 2
245, 253, 3
245, 253, 4
245, 254, 0
245, 254, 1
245, 254, 2
245, 254, 3
245, 254, 4
245, 255, 0
245, 255, 1
245, 255, 2
245, 255, 3
245, 255, 4
245, 256, 0
245, 256, 1
245, 256, 2
245, 256, 3
245, 257, 0
245, 257, 1
245, 257, 2
245, 257, 3
245, 257, 4
245, 258, 0
245, 258, 1
245, 258, 2
245, 258, 3
245, 259, 1
245, 259, 2
245, 259, 3
245, 259, 4
245, 259, 5
245, 259, 6
245, 260, 1
245, 260, 2
245, 260, 3
245, 260, 4
245, 260, 5
245, 261, 1
245, 261, 2
245, 262, 1
245, 262, 2
245, 262, 3
245, 262, 4
246, 238, 1
246, 238, 2
246, 239, 1
246, 239, 2
246, 239, 3
246, 240, 1
246, 240, 2
246, 240, 3
246, 240, 4
246, 241, 0
246, 241, 1
246, 241, 2
246, 241, 3
246, 241, 4
246, 242, 0
246, 242, 1
246, 242, 2
246, 242, 3
246, 243, 0
246, 243, 1
246, 243, 2
246, 243, 3
246, 243, 4
246, 244, 0
246, 244, 1
246, 244, 2
246, 244, 3
246, 244, 4
246, 244, 5
246, 245, 0
246, 245, 1
246, 245, 2
246, 245, 3
246, 245, 4
246, 246, 0
246, 246, 1
246, 246, 2
246, 246, 3
246, 246, 5
246, 246, 6
246, 247, 0
246, 247, 1
246, 247, 2
246, 247, 3
246, 248, 0
246, 248, 1
246, 248, 2
246, 248, 3
246, 248, 4
246, 249, 0
246, 249, 1
246, 249, 2
246, 249, 4
246, 250, 0
246, 250, 1
246, 250, 2
246, 250, 3
246, 250, 4
246, 251, 0
246, 251, 1
246, 251, 2
246, 251, 3
246, 251, 4
246, 252, 0
246, 252, 1
246, 252, 2
246, 252, 3
246, 252, 4
246, 253, 0
246, 253, 1
246, 253, 2
246, 253, 3
246, 253, 4
246, 254, 0
246, 254, 1
246, 254, 2
246, 254, 3
246, 255, 0
246, 255, 1
246, 255, 2
246, 255, 3
246, 256, 0
246, 256, 1
246, 256, 2
246, 256, 3
246, 256, 4
246, 256, 5
246, 257, 0
246, 257, 1
246, 257, 2
246, 257, 3
246, 257, 4
246, 257, 5
246, 258, 0
246, 258, 1
246, 258, 2
246, 258, 3
246, 258, 4
246, 258, 5
246, 259, 0
246, 259, 1
246, 259, 2
246, 259, 3
246, 259, 4
246, 259, 5
246, 259, 6
246, 260, 1
246, 260, 2
246, 260, 3
246, 260, 4
246, 260, 5
246, 260, 6
246, 261, 1
246, 261, 2
246, 261, 3
246, 261, 4
246, 262, 1
246, 262, 2
247, 238, 1
247, 238, 3
247, 239, 1
247, 239, 3
247, 240, 1
247, 240, 2
247, 240, 3
247, 240, 4
247, 241, 0
247, 241, 1
247, 241, 2
247, 241, 3
247, 241, 4
247, 242, 0
247, 242, 1
247, 242, 2
247, 242, 3
247, 242, 4
247, 242, 6
247, 243, 0
247, 243, 1
247, 243, 2
247, 243, 3
247, 243, 4
247, 243, 6
247, 244, 0
247, 244, 1
247, 244, 2
247, 244, 3
247, 244, 4
247, 244, 5
247, 244, 6
247, 245, 0
247, 245, 1
247, 245, 2
247, 245, 3
247, 245, 4
247, 245, 5
247, 246, 0
247, 246, 1
247, 246, 2
247, 246, 3
247, 246, 4
247, 246, 5
247, 246, 6
247, 247, 0
247, 247, 1
247, 247, 2
247, 247, 3
247, 247, 4
247, 247, 5
247, 248, 0
247, 248, 1
247, 248, 2
247, 248, 3
247, 249, 0
247, 249, 1
247, 249, 2
247, 249, 3
247, 249, 4
247, 249, 5
247, 250, 0
247, 250, 1
247, 250, 2
247, 250, 3
247, 250, 4
247, 251, 0
247, 251, 1
247, 251, 2
247, 251, 3
247, 251, 4
247, 251, 5
247, 252, 0
247, 252, 1
247, 252, 2
247, 252, 3
247, 252, 4
247, 253, 0
247, 253, 1
247, 253, 2
247, 253, 3
247, 253, 4
247, 254, 0
247, 254, 1
247, 254, 2
247, 254, 3
247, 254, 4
247, 255, 0
247, 255, 1
247, 255, 2
247, 255, 3
247, 255, 4
247, 256, 0
247, 256, 1
247, 256, 2
247, 256, 3
247, 256, 4
247, 256, 5
247, 257, 0
247, 257, 1
247, 257, 2
247, 257, 3
247, 257, 4
247, 257, 5
247, 258, 0
247, 258, 1
247, 258, 2
247, 258, 3
247, 258, 4
247, 258, 5
247, 259, 0
247, 259, 1
247, 259, 2
247, 259, 3
247, 259, 4
247, 259, 5
247, 260, 1
247, 260, 2
247, 260, 3
247, 260, 4
247, 260, 5
247, 260, 6
247, 261, 1
247, 261, 2
247, 261, 6
248, 239, 1
248, 239, 2
248, 239, 3
248, 239, 4
248, 239, 5
248, 240, 1
248, 240, 2
248, 240, 3
248, 241, 0
248, 241, 1
248, 241, 2
248, 241, 3
248, 242, 0
248, 242, 1
248, 242, 2
248, 242, 3
248, 243, 0
248, 243, 1
248, 243, 2
248, 243, 3
248, 243, 4
248, 244, 0
248, 244, 1
248, 244, 2
248, 244, 3
248, 244, 4
248, 244, 5
248, 244, 6
248, 245, 0
248, 245, 1
248, 245, 2
248, 245, 3
248, 245, 4
248, 245, 5
248, 246, 0
248, 246, 1
248, 246, 2
248, 246, 3
248, 246, 4
248, 246, 5
248, 246, 6
248, 247, 0
248, 247, 1
248, 247, 2
248, 247, 3
248, 247, 4
248, 248, 0
248, 248, 1
248, 248, 2
248, 248, 3
248, 248, 4
248, 248, 5
248, 249, 0
248, 249, 1
248, 249, 2
248, 249, 3
248, 249, 4
248, 250, 0
248, 250, 1
248, 250, 2
248, 250, 3
248, 250, 4
248, 250, 5
248, 251, 0
248, 251, 1
248, 251, 2
248, 251, 3
248, 251, 4
248, 252, 0
248, 252, 1
248, 252, 2
248, 252, 3
248, 252, 4
248, 253, 0
248, 253, 1
248, 253, 2
248, 253, 3
248, 254, 0
248, 254, 1
248, 254, 2
248, 254, 3
248, 254, 4
248, 255, 0
248, 255, 1
248, 255, 2
248, 255, 3
248, 255, 4
248, 255, 5
248, 255, 6
248, 256, 0
248, 256, 1
248, 256, 2
248, 256, 3
248, 256, 4
248, 257, 0
248, 257, 1
248, 257, 2
248, 257, 3
248, 257, 4
248, 258, 0
248, 258, 1
248, 258, 2
248, 258, 3
248, 258, 4
248, 259, 0
248, 259, 1
248, 259, 2
248, 259, 3
248, 259, 4
248, 259, 5
248, 260, 1
248, 260, 2
248, 260, 4
248, 261, 1
248, 261, 2
248, 262, 1
248, 262, 2
249, 238, 2
249, 239, 1
249, 239, 2
249, 240, 1
249, 240, 2
249, 240, 3
249, 240, 4
249, 240, 5
249, 241, 0
249, 241, 1
249, 241, 2
249, 241, 3
249, 242, 0
249, 242, 1
249, 242, 2
249, 242, 3
249, 243, 0
249, 243, 1
249, 243, 2
249, 243, 3
249, 244, 0
249, 244, 1
249, 244, 2
249, 244, 3
249, 244, 4
249, 245, 0
249, 245, 1
249, 245, 2
249, 245, 3
249, 245, 4
249, 245, 5
249, 246, 0
249, 246, 1
249, 246, 2
249, 246, 3
249, 246, 4
249, 247, 0
249, 247, 1
249, 247, 2
249, 247, 3
249, 247, 4
249, 248, 0
249, 248, 1
249, 248, 2
249, 248, 3
249, 248, 4
249, 248, 5
249, 249, 0
249, 249, 1
249, 249, 2
249, 249, 3
249, 249, 4
249, 249, 5
249, 249, 6
249, 250, 0
249, 250, 1
249, 250, 2
249, 250, 3
249, 250, 4
249, 250, 5
249, 251, 0
249, 251, 1
249, 251, 2
249, 251, 3
249, 251, 4
249, 252, 0
249, 252, 1
249, 252, 2
249, 252, 3
249, 252, 4
249, 253, 0
249, 253, 1
249, 253, 2
249, 253, 3
249, 254, 0
249, 254, 1
249, 254, 2
249, 254, 3
249, 255, 0
249, 255, 1
249, 255, 2
249, 255, 3
249, 255, 4
249, 255, 5
249, 256, 0
249, 256, 1
249, 256, 2
249, 256, 3
249, 256, 4
249, 257, 0
249, 257, 1
249, 257, 2
249, 257, 3
249, 257, 4
249, 258, 0
249, 258, 1
249, 258, 2
249, 258, 3
249, 258, 4
249, 258, 5
249, 258, 6
249, 259, 0
249, 259, 1
249, 259, 2
249, 259, 3
249, 259, 4
249, 259, 5
249, 260, 1
249, 260, 2
249, 260, 3
249, 260, 4
249, 261, 1
249, 261, 2
249, 261, 3
249, 261, 4
249, 262, 2
250, 237, 2
250, 238, 1
250, 238, 2
250, 239, 1
250, 239, 2
250, 239, 4
250, 240, 1
250, 240, 2
250, 240, 3
250, 240, 4
250, 241, 0
250, 241, 1
250, 241, 2
250, 241, 3
250, 241, 4
250, 242, 0
250, 242, 1
250, 242, 2
250, 242, 3
250, 242, 4
250, 243, 0
250, 243, 1
250, 243, 2
250, 243, 3
250, 243, 4
250, 244, 0
250, 244, 1
250, 244, 2
250, 244, 3
250, 244, 4
250, 244, 5
250, 245, 0
250, 245, 1
250, 245, 2
250, 245, 3
250, 245, 4
250, 245, 5
250, 246, 0
250, 246, 1
250, 246, 2
250, 246, 3
250, 246, 4
250, 247, 0
250, 247, 1
250, 247, 2
250, 247, 3
250, 247, 5
250, 248, 0
250, 248, 1
250, 248, 2
250, 248, 3
250, 248, 4
250, 248, 5
250, 249, 0
250, 249, 1
250, 249, 2
250, 249, 3
250, 249, 4
250, 250, 0
250, 250, 1
250, 250, 2
250, 250, 3
250, 250, 4
250, 250, 5
250, 251, 0
250, 251, 1
250, 251, 2
250, 251, 3
250, 251, 4
250, 251, 5
250, 252, 0
250, 252, 1
250, 252, 2
250, 252, 3
250, 252, 4
250, 252, 5
250, 253, 0
250, 253, 1
250, 253, 2
250, 253, 3
250, 253, 4
250, 254, 0
250, 254, 1
250, 254, 2
250, 254, 3
250, 254, 4
250, 254, 5
250, 255, 0
250, 255, 1
250, 255, 2
250, 255, 3
250, 256, 0
250, 256, 1
250, 256, 2
250, 256, 3
250, 257, 0
250, 257, 1
250, 257, 2
250, 257, 3
250, 257, 4
250, 258, 0
250, 258, 1
250, 258, 2
250, 258, 3
250, 258, 4
250, 259, 0
250, 259, 1
250, 259, 2
250, 259, 3
250, 259, 4
250, 259, 5
250, 259, 6
250, 259, 7
250, 260, 1
250, 260, 2
250, 260, 3
250, 260, 4
250, 260, 5
250, 261, 1
250, 261, 2
250, 261, 3
250, 261, 4
250, 261, 5
250, 262, 1
250, 262, 4
250, 263, 1
251, 237, 1
251, 237, 2
251, 238, 1
251, 238, 2
251, 239, 1
251, 239, 2
251, 239, 3
251, 240, 1
251, 240, 2
251, 240, 3
251, 241, 0
251, 241, 1
251, 241, 2
251, 241, 3
251, 241, 4
251, 242, 0
251, 242, 1
251, 242, 2
251, 242, 3
251, 243, 0
251, 243, 1
251, 243, 2
251, 243, 3
251, 244, 0
251, 244, 1
251, 244, 2
251, 244, 3
251, 245, 0
251, 245, 1
251, 245, 2
251, 245, 3
251, 245, 4
251, 246, 0
251, 246, 1
251, 246, 2
251, 246, 3
251, 246, 4
251, 247, 0
251, 247, 1
251, 247, 2
251, 247, 3
251, 247, 4
251, 248, 0
251, 248, 1
251, 248, 2
251, 248, 3
251, 248, 4
251, 249, 0
251, 249, 1
251, 249, 2
251, 249, 3
251, 249, 4
251, 250, 0
251, 250, 1
251, 250, 2
251, 250, 3
251, 250, 4
251, 251, 0
251, 251, 1
251, 251, 2
251, 251, 3
251, 252, 0
251, 252, 1
251, 252, 2
251, 252, 3
251, 252, 4
251, 253, 0
251, 253, 1
251, 253, 2
251, 253, 3
251, 254, 0
251, 254, 1
251, 254, 2
251, 254, 3
251, 254, 4
251, 255, 0
251, 255, 1
251, 255, 2
251, 255, 3
251, 256, 0
251, 256, 1
251, 256, 2
251, 256, 3
251, 256, 4
251, 257, 0
251, 257, 1
251, 257, 2
251, 257, 3
251, 257, 4
251, 258, 0
251, 258, 1
251, 258, 2
251, 258, 3
251, 258, 4
251, 259, 0
251, 259, 1
251, 259, 2
251, 259, 3
251, 259, 4
251, 259, 5
251, 259, 6
251, 259, 7
251, 260, 1
251, 260, 2
251, 260, 3
251, 260, 4
251, 261, 2
251, 262, 2
251, 262, 3
252, 237, 1
252, 238, 1
252, 239, 1
252, 239, 2
252, 239, 3
252, 240, 1
252, 240, 2
252, 240, 3
252, 241, 0
252, 241, 1
252, 241, 2
252, 241, 3
252, 242, 0
252, 242, 1
252, 242, 2
252, 242, 3
252, 243, 0
252, 243, 1
252, 243, 2
252, 243, 3
252, 243, 5
252, 244, 0
252, 244, 1
252, 244, 2
252, 244, 3
252, 244, 4
252, 244, 5
252, 245, 0
252, 245, 1
252, 245, 2
252, 245, 3
252, 245, 4
252, 246, 0
252, 246, 1
252, 246, 2
252, 246, 3
252, 246, 4
252, 247, 0
252, 247, 1
252, 247, 2
252, 247, 3
252, 247, 4
252, 247, 5
252, 247, 6
252, 248, 0
252, 248, 1
252, 248, 2
252, 248, 3
252, 248, 4
252, 249, 0
252, 249, 1
252, 249, 2
252, 249, 3
252, 249, 4
252, 250, 0
252, 250, 1
252, 250, 2
252, 250, 3
252, 250, 5
252, 251, 0
252, 251, 1
252, 251, 2
252, 251, 3
252, 251, 4
252, 251, 5
252, 252, 0
252, 252, 1
252, 252, 2
252, 252, 3
252, 252, 4
252, 253, 0
252, 253, 1
252, 253, 2
252, 253, 3
252, 254, 0
252, 254, 1
252, 254, 2
252, 254, 3
252, 254, 4
252, 255, 0
252, 255, 1
252, 255, 2
252, 255, 3
252, 255, 4
252, 256, 0
252, 256, 1
252, 256, 2
252, 256, 3
252, 256, 4
252, 256, 5
252, 257, 0
252, 257, 1
252, 257, 2
252, 257, 3
252, 257, 4
252, 257, 5
252, 258, 0
252, 258, 1
252, 258, 2
252, 258, 3
252, 259, 0
252, 259, 1
252, 259, 2
252, 259, 3
252, 259, 4
252, 259, 5
252, 260, 1
252, 260, 2
252, 260, 3
252, 260, 4
252, 260, 5
252, 261, 1
252, 261, 2
252, 261, 3
252, 262, 3
253, 239, 1
253, 239, 2
253, 240, 1
253, 240, 2
253, 241, 0
253, 241, 1
253, 241, 2
253, 241, 3
253, 241, 4
253, 242, 0
253, 242, 1
253, 242, 2
253, 242, 3
253, 242, 4
253, 242, 5
253, 243, 0
253, 243, 1
253, 243, 2
253, 243, 3
253, 243, 4
253, 244, 0
253, 244, 1
253, 244, 2
253, 244, 3
253, 244, 4
253, 244, 5
253, 245, 0
253, 245, 1
253, 245, 2
253, 245, 3
253, 245, 4
253, 245, 5
253, 246, 0
253, 246, 1
253, 246, 2
253, 246, 3
253, 247, 0
253, 247, 1
253, 247, 2
253, 247, 3
253, 247, 4
253, 247, 5
253, 247, 6
253, 248, 0
253, 248, 1
253, 248, 2
253, 248, 3
253, 248, 4
253, 248, 5
253, 249, 0
253, 249, 1
253, 249, 2
253, 249, 3
253, 249, 4
253, 249, 5
253, 249, 6
253, 250, 0
253, 250, 1
253, 250, 2
253, 250, 3
253, 250, 4
253, 250, 5
253, 251, 0
253, 251, 1
253, 251, 2
253, 251, 3
253, 251, 4
253, 251, 5
253, 252, 0
253, 252, 1
253, 252, 2
253, 252, 3
253, 252, 4
253, 252, 5
253, 253, 0
253, 253, 1
253, 253, 2
253, 253, 3
253, 253, 4
253, 253, 5
253, 254, 0
253, 254, 1
253, 254, 2
253, 254, 3
253, 254, 4
253, 255, 0
253, 255, 1
253, 255, 2
253, 255, 3
253, 255, 4
253, 256, 0
253, 256, 1
253, 256, 2
253, 256, 3
253, 256, 4
253, 257, 0
253, 257, 1
253, 257, 2
253, 257, 3
253, 257, 4
253, 258, 0
253, 258, 1
253, 258, 2
253, 258, 3
253, 259, 0
253, 259, 1
253, 259, 2
253, 259, 3
253, 260, 1
253, 260, 2
253, 260, 3
253, 261, 1
253, 261, 2
253, 261, 3
253, 262, 2
254, 239, 1
254, 239, 2
254, 240, 1
254, 240, 2
254, 240, 3
254, 241, 0
254, 241, 1
254, 241, 2
254, 241, 3
254, 241, 4
254, 242, 0
254, 242, 1
254, 242, 2
254, 242, 3
254, 243, 0
254, 243, 1
254, 243, 2
254, 243, 3
254, 244, 0
254, 244, 1
254, 244, 2
254, 244, 3
254, 245, 0
254, 245, 1
254, 245, 2
254, 245, 3
254, 245, 4
254, 245, 5
254, 246, 0
254, 246, 1
254, 246, 2
254, 246, 3
254, 246, 4
254, 247, 0
254, 247, 1
254, 247, 2
254, 247, 3
254, 247, 4
254, 247, 5
254, 248, 0
254, 248, 1
254, 248, 2
254, 248, 3
254, 248, 4
254, 248, 5
254, 249, 0
254, 249, 1
254, 249, 2
254, 249, 3
254, 249, 4
254, 250, 0
254, 250, 1
254, 250, 2
254, 250, 3
254, 250, 4
254, 251, 0
254, 251, 1
254, 251, 2
254, 251, 3
254, 251, 4
254, 251, 5
254, 252, 0
254, 252, 1
254, 252, 2
254, 252, 3
254, 252, 4
254, 252, 5
254, 253, 0
254, 253, 1
254, 253, 2
254, 253, 3
254, 253, 4
254, 253, 5
254, 254, 0
254, 254, 1
254, 254, 2
254, 254, 3
254, 254, 4
254, 255, 0
254, 255, 1
254, 255, 2
254, 255, 4
254, 255, 5
254, 256, 0
254, 256, 1
254, 256, 2
254, 256, 3
254, 256, 4
254, 256, 5
254, 257, 0
254, 257, 1
254, 257, 2
254, 257, 3
254, 257, 4
254, 257, 5
254, 258, 0
254, 258, 1
254, 258, 2
254, 258, 3
254, 258, 4
254, 259, 0
254, 259, 1
254, 259, 2
254, 259, 3
254, 259, 4
254, 260, 1
254, 260, 2
254, 260, 3
254, 260, 4
254, 261, 1
254, 261, 2
254, 261, 3
254, 261, 4
254, 261, 5
254, 262, 1
254, 262, 2
254, 262, 3
254, 262, 4
254, 263, 3
254, 263, 4
254, 264, 3
255, 238, 2
255, 239, 2
255, 240, 1
255, 240, 2
255, 240, 3
255, 241, 1
255, 241, 2
255, 242, 0
255, 242, 1
255, 242, 2
255, 242, 3
255, 242, 4
255, 243, 0
255, 243, 1
255, 243, 2
255, 243, 3
255, 244, 0
255, 244, 1
255, 244, 2
255, 244, 3
255, 244, 4
255, 245, 0
255, 245, 1
255, 245, 2
255, 245, 3
255, 245, 4
255, 246, 0
255, 246, 1
255, 246, 2
255, 246, 3
255, 246, 4
255, 246, 5
255, 247, 0
255, 247, 1
255, 247, 2
255, 247, 3
255, 247, 4
255, 248, 0
255, 248, 1
255, 248, 2
255, 248, 3
255, 248, 4
255, 249, 0
255, 249, 1
255, 249, 2
255, 249, 3
255, 249, 4
255, 249, 5
255, 250, 0
255, 250, 1
255, 250, 2
255, 250, 3
255, 250, 4
255, 251, 0
255, 251, 1
255, 251, 2
255, 251, 3
255, 251, 4
255, 251, 5
255, 252, 0
255, 252, 1
255, 252, 2
255, 252, 3
255, 252, 4
255, 252, 5
255, 252, 6
255, 253, 0
255, 253, 1
255, 253, 2
255, 253, 3
255, 253, 4
255, 254, 0
255, 254, 1
255, 254, 2
255, 254, 3
255, 254, 4
255, 255, 0
255, 255, 1
255, 255, 2
255, 255, 3
255, 255, 4
255, 255, 5
255, 256, 0
255, 256, 1
255, 256, 2
255, 256, 3
255, 256, 4
255, 256, 5
255, 256, 6
255, 257, 0
255, 257, 1
255, 257, 2
255, 257, 3
255, 257, 4
255, 257, 5
255, 258, 0
255, 258, 1
255, 258, 2
255, 258, 3
255, 258, 4
255, 259, 1
255, 259, 2
255, 259, 3
255, 259, 4
255, 260, 1
255, 260, 2
255, 260, 3
255, 261, 1
255, 261, 2
255, 261, 3
255, 262, 2
255, 262, 3
256, 239, 1
256, 239, 2
256, 240, 1
256, 240, 2
256, 240, 3
256, 241, 1
256, 241, 2
256, 241, 3
256, 241, 4
256, 242, 1
256, 242, 2
256, 242, 3
256, 242, 4
256, 242, 5
256, 243, 0
256, 243, 1
256, 243, 2
256, 243, 3
256, 243, 4
256, 243, 5
256, 243, 6
256, 244, 0
256, 244, 1
256, 244, 2
256, 244, 3
256, 244, 4
256, 245, 0
256, 245, 1
256, 245, 2
256, 245, 3
256, 245, 4
256, 245, 5
256, 246, 0
256, 246, 1
256, 246, 2
256, 246, 3
256, 246, 4
256, 246, 5
256, 247, 0
256, 247, 1
256, 247, 2
256, 247, 3
256, 247, 4
256, 248, 0
256, 248, 1
256, 248, 2
256, 248, 3
256, 248, 4
256, 249, 0
256, 249, 1
256, 249, 2
256, 249, 3
256, 250, 0
256, 250, 1
256, 250, 2
256, 250, 3
256, 251, 0
256, 251, 1
256, 251, 2
256, 251, 3
256, 251, 4
256, 252, 0
256, 252, 1
256, 252, 2
256, 252, 3
256, 252, 4
256, 252, 5
256, 253, 0
256, 253, 1
256, 253, 2
256, 253, 3
256, 253, 4
256, 253, 5
256, 253, 6
256, 254, 0
256, 254, 1
256, 254, 2
256, 254, 3
256, 254, 4
256, 254, 6
256, 255, 0
256, 255, 1
256, 255, 2
256, 255, 3
256, 255, 5
256, 256, 0
256, 256, 1
256, 256, 2
256, 256, 3
256, 256, 4
256, 256, 5
256, 257, 0
256, 257, 1
256, 257, 2
256, 257, 3
256, 257, 4
256, 257, 5
256, 258, 1
256, 258, 2
256, 258, 3
256, 258, 5
256, 259, 1
256, 259, 2
256, 259, 3
256, 259, 4
256, 260, 1
256, 260, 2
256, 260, 3
256, 261, 1
256, 261, 3
257, 239, 1
257, 239, 2
257, 240, 1
257, 241, 1
257, 241, 2
257, 241, 3
257, 241, 4
257, 242, 1
257, 242, 2
257, 242, 3
257, 242, 4
257, 243, 0
257, 243, 1
257, 243, 2
257, 243, 3
257, 243, 4
257, 243, 5
257, 244, 0
257, 244, 1
257, 244, 2
257, 244, 3
257, 244, 4
257, 244, 5
257, 245, 0
257, 245, 1
257, 245, 2
257, 245, 3
257, 245, 4
257, 246, 0
257, 246, 1
257, 246, 2
257, 246, 3
257, 246, 4
257, 246, 5
257, 247, 0
257, 247, 1
257, 247, 2
257, 247, 3
257, 247, 4
257, 248, 0
257, 248, 1
257, 248, 2
257, 248, 3
257, 248, 4
257, 249, 0
257, 249, 1
257, 249, 2
257, 249, 3
257, 249, 4
257, 250, 0
257, 250, 1
257, 250, 2
257, 250, 3
257, 250, 4
257, 251, 0
257, 251, 1
257, 251, 2
257, 251, 3
257, 251, 4
257, 252, 0
257, 252, 1
257, 252, 2
257, 252, 3
257, 252, 4
257, 253, 0
257, 253, 1
257, 253, 2
257, 253, 3
257, 253, 4
257, 253, 6
257, 253, 7
257, 254, 0
257, 254, 1
257, 254, 2
257, 254, 3
257, 254, 4
257, 254, 5
257, 255, 0
257, 255, 1
257, 255, 2
257, 255, 3
257, 255, 4
257, 255, 5
257, 256, 0
257, 256, 1
257, 256, 2
257, 256, 3
257, 256, 4
257, 256, 5
257, 256, 6
257, 256, 7
257, 256, 8
257, 257, 0
257, 257, 1
257, 257, 2
257, 257, 3
257, 257, 4
257, 258, 1
257, 258, 2
257, 258, 3
257, 258, 4
257, 258, 5
257, 259, 1
257, 259, 2
257, 259, 3
257, 259, 5
257, 260, 3
257, 260, 4
257, 260, 5
258, 241, 1
258, 241, 2
258, 241, 3
258, 241, 4
258, 241, 5
258, 242, 1
258, 242, 2
258, 242, 3
258, 242, 4
258, 243, 1
258, 243, 2
258, 243, 3
258, 243, 4
258, 244, 1
258, 244, 2
258, 244, 3
258, 244, 4
258, 245, 0
258, 245, 1
258, 245, 2
258, 245, 3
258, 245, 4
258, 246, 0
258, 246, 1
258, 246, 2
258, 246, 3
258, 246, 4
258, 247, 0
258, 247, 1
258, 247, 2
258, 247, 3
258, 247, 4
258, 248, 0
258, 248, 1
258, 248, 2
258, 248, 3
258, 248, 4
258, 249, 0
258, 249, 1
258, 249, 2
258, 249, 3
258, 249, 4
258, 250, 0
258, 250, 1
258, 250, 2
258, 250, 3
258, 250, 4
258, 251, 0
258, 251, 1
258, 251, 2
258, 251, 3
258, 251, 4
258, 252, 0
258, 252, 1
258, 252, 2
258, 252, 3
258, 252, 4
258, 253, 0
258, 253, 1
258, 253, 2
258, 253, 3
258, 253, 4
258, 253, 6
258, 254, 0
258, 254, 1
258, 254, 2
258, 254, 3
258, 254, 4
258, 255, 0
258, 255, 1
258, 255, 2
258, 255, 3
258, 255, 4
258, 256, 1
258, 256, 2
258, 256, 3
258, 256, 4
258, 256, 7
258, 257, 1
258, 257, 2
258, 257, 3
258, 257, 4
258, 257, 5
258, 257, 6
258, 257, 7
258, 258, 1
258, 258, 2
258, 259, 1
258, 260, 1
259, 241, 1
259, 242, 1
259, 243, 1
259, 243, 2
259, 243, 3
259, 243, 4
259, 244, 1
259, 244, 2
259, 244, 3
259, 244, 4
259, 245, 1
259, 245, 2
259, 245, 3
259, 246, 0
259, 246, 1
259, 246, 2
259, 246, 3
259, 246, 4
259, 247, 0
259, 247, 1
259, 247, 2
259, 247, 3
259, 247, 4
259, 247, 5
259, 248, 0
259, 248, 1
259, 248, 2
259, 248, 3
259, 248, 4
259, 249, 0
259, 249, 1
259, 249, 2
259, 249, 3
259, 249, 4
259, 249, 5
259, 250, 0
259, 250, 1
259, 250, 2
259, 250, 3
259, 250, 4
259, 251, 0
259, 251, 1
259, 251, 2
259, 251, 3
259, 251, 4
259, 252, 0
259, 252, 1
259, 252, 2
259, 252, 3
259, 252, 4
259, 252, 5
259, 253, 0
259, 253, 1
259, 253, 2
259, 253, 3
259, 253, 4
259, 254, 0
259, 254, 1
259, 254, 2
259, 254, 3
259, 254, 4
259, 254, 5
259, 255, 1
259, 255, 2
259, 256, 1
259, 256, 4
259, 256, 5
259, 257, 1
259, 257, 2
259, 258, 1
259, 258, 2
259, 259, 1
259, 260, 1
260, 242, 1
260, 243, 1
260, 243, 2
260, 244, 1
260, 244, 2
260, 245, 1
260, 245, 2
260, 245, 3
260, 246, 1
260, 246, 2
260, 246, 3
260, 246, 4
260, 247, 1
260, 247, 2
260, 247, 3
260, 247, 4
260, 248, 1
260, 248, 2
260, 248, 3
260, 248, 4
260, 249, 1
260, 249, 2
260, 249, 3
260, 250, 1
260, 250, 2
260, 250, 3
260, 250, 4
260, 251, 1
260, 251, 2
260, 251, 3
260, 251, 4
260, 252, 1
260, 252, 2
260, 252, 3
260, 252, 4
260, 252, 5
260, 253, 1
260, 253, 2
260, 253, 3
260, 253, 4
260, 254, 1
260, 254, 2
260, 254, 3
260, 254, 4
260, 254, 5
260, 254, 6
260, 255, 1
260, 255, 2
260, 256, 1
260, 257, 1
260, 258, 1
260, 258, 2
261, 244, 1
261, 244, 3
261, 245, 1
261, 245, 2
261, 245, 3
261, 246, 1
261, 246, 2
261, 246, 3
261, 247, 1
261, 247, 2
261, 247, 3
261, 248, 1
261, 248, 2
261, 249, 1
261, 250, 1
261, 250, 2
261, 250, 3
261, 250, 4
261, 251, 1
261, 251, 2
261, 251, 3
261, 252, 1
261, 252, 2
261, 252, 3
261, 253, 1
261, 253, 2
261, 253, 3
261, 254, 1
261, 254, 2
261, 254, 3
261, 255, 1
261, 255, 2
261, 255, 3
261, 255, 4
261, 256, 1
261, 256, 3
261, 258, 2
262, 243, 1
262, 244, 1
262, 245, 1
262, 245, 2
262, 245, 3
262, 246, 1
262, 246, 2
262, 246, 3
262, 247, 1
262, 247, 2
262, 247, 3
262, 248, 1
262, 248, 2
262, 249, 1
262, 249, 2
262, 249, 3
262, 250, 1
262, 250, 2
262, 251, 1
262, 252, 1
262, 252, 2
262, 252, 3
262, 253, 1
262, 253, 2
262, 253, 3
262, 253, 4
262, 254, 1
262, 254, 2
262, 254, 3
262, 254, 4
262, 255, 1
263, 245, 1
263, 245, 2
263, 246, 1
263, 246, 2
263, 247, 2
263, 247, 3
263, 248, 1
263, 249, 1
263, 249, 2
263, 253, 1
263, 253, 2
263, 253, 3
263, 254, 2
263, 254, 3
264, 249, 1
264, 249, 2
264, 253, 2
265, 249, 1
265, 249, 2
