1, 3, 3
1, 3, 12
1, 4, 21
1, 6, 14
1, 8, 39
1, 9, 44
1, 15, 39
1, 17, 5
1, 17, 25
1, 18, 33
1, 26, 11
1, 31, 40
1, 32, 51
1, 34, 8
1, 34, 25
1, 35, 16
1, 35, 32
1, 38, 50
1, 39, 16
1, 40, 33
1, 41, 37
1, 46, 5
1, 49, 19
1, 61, 12
1, 62, 20
1, 62, 29
1, 68, 7
1, 68, 44
1, 69, 40
1, 70, 15
1, 70, 52
1, 76, 21
1, 80, 14
1, 80, 18
1, 80, 45
1, 83, 18
1, 85, 16
1, 98, 8
1, 99, 18
1, 101, 11
1, 101, 37
2, 3, 26
2, 5, 35
2, 6, 8
2, 8, 40
2, 10, 11
2, 10, 45
2, 16, 47
2, 17, 3
2, 17, 45
2, 19, 36
2, 22, 23
2, 22, 35
2, 22, 43
2, 27, 1
2, 27, 18
2, 31, 1
2, 31, 31
2, 31, 54
2, 36, 2
2, 36, 38
2, 38, 3
2, 43, 30
2, 44, 30
2, 44, 46
2, 47, 34
2, 49, 26
2, 49, 40
2, 50, 53
2, 51, 9
2, 51, 24
2, 57, 37
2, 57, 39
2, 61, 20
2, 62, 38
2, 62, 41
2, 63, 14
2, 63, 16
2, 70, 48
2, 72, 25
2, 74, 1
2, 74, 11
2, 74, 28
2, 75, 9
2, 75, 19
2, 75, 49
2, 77, 3
2, 81, 21
2, 83, 13
2, 86, 1
2, 90, 26
2, 93, 54
2, 98, 31
2, 99, 43
2, 101, 4
3, 1, 26
3, 2, 30
3, 4, 10
3, 4, 35
3, 8, 15
3, 8, 50
3, 8, 54
3, 9, 17
3, 10, 34
3, 12, 18
3, 15, 13
3, 15, 52
3, 17, 6
3, 17, 13
3, 17, 28
3, 17, 44
3, 18, 23
3, 20, 38
3, 20, 52
3, 23, 45
3, 27, 21
3, 30, 54
3, 33, 8
3, 34, 14
3, 34, 23
3, 35, 13
3, 36, 7
3, 36, 33
3, 36, 43
3, 36, 48
3, 40, 7
3, 40, 31
3, 40, 35
3, 41, 19
3, 41, 34
3, 43, 36
3, 46, 19
3, 56, 12
3, 61, 41
3, 63, 17
3, 64, 31
3, 66, 12
3, 66, 23
3, 66, 54
3, 70, 27
3, 71, 4
3, 71, 30
3, 73, 5
3, 75, 14
3, 76, 46
3, 76, 50
3, 80, 48
3, 82, 10
3, 85, 29
3, 85, 45
3, 87, 28
3, 88, 36
3, 89, 54
3, 92, 30
3, 94, 35
3, 99, 20
3, 100, 44
4, 1, 13
4, 3, 41
4, 6, 22
4, 7, 45
4, 8, 8
4, 14, 15
4, 14, 25
4, 17, 3
4, 17, 20
4, 19, 37
4, 20, 41
4, 23, 28
4, 24, 5
4, 29, 7
4, 29, 61
4, 35, 11
4, 37, 13
4, 42, 4
4, 43, 18
4, 45, 3
4, 45, 38
4, 46, 15
4, 47, 48
4, 49, 27
4, 51, 18
4, 51, 46
4, 54, 7
4, 56, 42
4, 61, 1
4, 62, 9
4, 62, 29
4, 63, 32
4, 65, 20
4, 65, 26
4, 66, 25
4, 69, 1
4, 69, 18
4, 69, 31
4, 72, 8
4, 72, 48
4, 72, 59
4, 73, 32
4, 74, 41
4, 76, 21
4, 77, 16
4, 79, 36
4, 80, 36
4, 83, 4
4, 84, 23
4, 85, 47
4, 91, 24
4, 92, 20
4, 92, 38
4, 93, 9
4, 97, 50
4, 98, 37
4, 100, 15
4, 101, 18
5, 1, 9
5, 2, 6
5, 3, 12
5, 4, 26
5, 6, 3
5, 8, 37
5, 8, 54
5, 12, 7
5, 13, 25
5, 15, 11
5, 16, 1
5, 17, 39
5, 18, 44
5, 20, 30
5, 21, 6
5, 21, 62
5, 24, 12
5, 25, 31
5, 25, 34
5, 27, 20
5, 27, 58
5, 29, 42
5, 34, 21
5, 34, 44
5, 39, 29
5, 40, 49
5, 46, 4
5, 47, 56
5, 49, 18
5, 49, 33
5, 50, 25
5, 51, 13
5, 51, 37
5, 52, 45
5, 55, 2
5, 55, 35
5, 55, 36
5, 55, 47
5, 57, 38
5, 57, 46
5, 59, 4
5, 65, 34
5, 66, 32
5, 70, 5
5, 71, 21
5, 74, 30
5, 74, 45
5, 76, 36
5, 78, 22
5, 81, 12
5, 83, 9
5, 84, 37
5, 84, 44
5, 85, 50
5, 89, 6
5, 90, 7
5, 90, 30
5, 93, 22
5, 94, 11
5, 94, 20
5, 95, 34
5, 96, 16
6, 1, 20
6, 1, 58
6, 2, 36
6, 3, 5
6, 4, 10
6, 4, 31
6, 9, 24
6, 16, 27
6, 24, 22
6, 24, 51
6, 25, 47
6, 31, 41
6, 35, 24
6, 37, 23
6, 40, 24
6, 40, 42
6, 41, 1
6, 43, 27
6, 45, 51
6, 46, 38
6, 46, 42
6, 49, 34
6, 51, 45
6, 54, 20
6, 54, 34
6, 58, 14
6, 58, 32
6, 58, 42
6, 59, 50
6, 60, 10
6, 66, 47
6, 73, 40
6, 76, 5
6, 77, 4
6, 77, 58
6, 78, 51
6, 84, 33
6, 85, 43
6, 89, 10
6, 89, 47
6, 91, 10
6, 92, 22
6, 95, 42
6, 96, 34
6, 98, 4
6, 100, 49
7, 4, 39
7, 6, 32
7, 11, 16
7, 12, 30
7, 12, 40
7, 20, 22
7, 21, 4
7, 21, 28
7, 21, 43
7, 22, 5
7, 22, 50
7, 24, 34
7, 26, 12
7, 26, 52
7, 32, 28
7, 33, 8
7, 34, 29
7, 37, 25
7, 37, 52
7, 39, 40
7, 42, 46
7, 45, 33
7, 47, 24
7, 47, 29
7, 47, 39
7, 49, 37
7, 58, 18
7, 59, 37
7, 64, 16
7, 71, 37
7, 72, 34
7, 73, 17
7, 78, 32
7, 83, 29
7, 87, 1
7, 88, 27
7, 88, 35
7, 89, 5
7, 89, 18
7, 90, 37
7, 92, 37
7, 95, 51
7, 96, 47
7, 97, 12
7, 100, 24
7, 100, 33
7, 100, 44
8, 2, 42
8, 2, 43
8, 4, 23
8, 5, 47
8, 6, 48
8, 7, 35
8, 10, 9
8, 13, 47
8, 14, 33
8, 19, 26
8, 20, 28
8, 20, 29
8, 20, 32
8, 20, 48
8, 22, 20
8, 24, 29
8, 28, 4
8, 33, 14
8, 37, 4
8, 37, 37
8, 42, 17
8, 45, 8
8, 45, 13
8, 51, 25
8, 51, 29
8, 53, 23
8, 53, 43
8, 54, 56
8, 55, 34
8, 57, 5
8, 57, 39
8, 58, 28
8, 58, 50
8, 60, 13
8, 60, 45
8, 66, 35
8, 66, 48
8, 67, 40
8, 70, 5
8, 71, 45
8, 72, 40
8, 74, 8
8, 74, 47
8, 77, 13
8, 79, 30
8, 80, 51
8, 86, 24
8, 88, 14
8, 89, 2
8, 89, 49
8, 92, 46
8, 96, 45
8, 98, 34
8, 99, 29
8, 100, 23
9, 1, 45
9, 2, 13
9, 3, 37
9, 6, 7
9, 6, 55
9, 7, 6
9, 8, 33
9, 10, 26
9, 11, 23
9, 11, 31
9, 11, 60
9, 12, 26
9, 17, 16
9, 18, 19
9, 24, 11
9, 24, 16
9, 24, 50
9, 25, 43
9, 26, 39
9, 32, 45
9, 33, 8
9, 33, 16
9, 35, 17
9, 35, 28
9, 41, 12
9, 42, 51
9, 45, 51
9, 49, 31
9, 51, 5
9, 52, 20
9, 54, 18
9, 61, 20
9, 62, 25
9, 63, 12
9, 65, 18
9, 66, 50
9, 67, 57
9, 68, 39
9, 69, 55
9, 71, 13
9, 75, 50
9, 76, 11
9, 81, 26
9, 81, 28
9, 83, 7
9, 83, 17
9, 83, 33
9, 84, 6
9, 88, 12
9, 90, 16
9, 91, 34
9, 93, 39
9, 95, 7
9, 97, 11
9, 101, 41
10, 1, 18
10, 1, 28
10, 1, 39
10, 4, 12
10, 4, 20
10, 4, 47
10, 5, 53
10, 6, 26
10, 6, 29
10, 7, 24
10, 8, 26
10, 11, 40
10, 12, 10
10, 13, 18
10, 15, 36
10, 15, 45
10, 16, 9
10, 18, 51
10, 21, 32
10, 22, 10
10, 23, 31
10, 25, 17
10, 30, 12
10, 32, 23
10, 33, 34
10, 38, 6
10, 39, 31
10, 39, 37
10, 40, 18
10, 40, 40
10, 40, 53
10, 41, 26
10, 43, 6
10, 43, 40
10, 44, 29
10, 45, 31
10, 46, 3
10, 46, 45
10, 48, 1
10, 49, 16
10, 50, 52
10, 52, 29
10, 54, 5
10, 55, 5
10, 58, 43
10, 61, 31
10, 67, 39
10, 68, 26
10, 69, 9
10, 69, 30
10, 75, 3
10, 75, 28
10, 78, 36
10, 80, 37
10, 80, 53
10, 81, 36
10, 85, 14
10, 86, 21
10, 86, 24
10, 89, 27
10, 91, 10
10, 91, 45
10, 92, 24
10, 95, 4
10, 95, 26
10, 98, 18
10, 98, 51
11, 3, 32
11, 6, 6
11, 7, 2
11, 7, 54
11, 8, 10
11, 10, 14
11, 14, 14
11, 15, 24
11, 15, 42
11, 16, 26
11, 20, 18
11, 20, 40
11, 23, 11
11, 25, 18
11, 25, 44
11, 27, 34
11, 28, 23
11, 28, 57
11, 30, 22
11, 36, 8
11, 43, 5
11, 44, 32
11, 45, 34
11, 47, 6
11, 50, 28
11, 51, 4
11, 54, 1
11, 55, 9
11, 60, 16
11, 60, 56
11, 62, 36
11, 66, 6
11, 66, 39
11, 67, 44
11, 69, 19
11, 70, 22
11, 71, 44
11, 72, 12
11, 73, 34
11, 73, 42
11, 75, 2
11, 84, 44
11, 95, 6
11, 95, 8
11, 99, 32
11, 100, 1
11, 101, 61
12, 1, 41
12, 2, 22
12, 2, 29
12, 3, 24
12, 4, 6
12, 4, 29
12, 6, 42
12, 7, 2
12, 8, 3
12, 8, 6
12, 11, 7
12, 13, 40
12, 14, 18
12, 14, 20
12, 16, 25
12, 18, 31
12, 19, 6
12, 19, 41
12, 21, 22
12, 31, 7
12, 36, 13
12, 38, 3
12, 46, 37
12, 49, 13
12, 49, 24
12, 52, 8
12, 52, 48
12, 55, 47
12, 57, 40
12, 58, 20
12, 58, 27
12, 58, 34
12, 58, 51
12, 60, 8
12, 60, 64
12, 61, 35
12, 62, 22
12, 65, 2
12, 70, 21
12, 72, 9
12, 74, 33
12, 75, 12
12, 78, 7
12, 79, 12
12, 79, 20
12, 87, 29
12, 87, 48
12, 89, 26
12, 89, 57
12, 90, 2
12, 91, 37
12, 92, 6
12, 92, 12
12, 92, 29
12, 99, 16
13, 1, 2
13, 1, 35
13, 2, 53
13, 8, 32
13, 9, 2
13, 9, 15
13, 16, 23
13, 16, 34
13, 19, 12
13, 19, 33
13, 23, 12
13, 23, 39
13, 23, 56
13, 26, 7
13, 26, 51
13, 27, 24
13, 29, 3
13, 29, 23
13, 29, 56
13, 30, 1
13, 30, 4
13, 30, 27
13, 30, 31
13, 31, 16
13, 32, 28
13, 36, 46
13, 37, 10
13, 39, 15
13, 41, 8
13, 41, 22
13, 41, 54
13, 42, 14
13, 52, 49
13, 53, 30
13, 55, 19
13, 55, 22
13, 55, 31
13, 55, 48
13, 58, 12
13, 63, 2
13, 63, 25
13, 70, 8
13, 75, 34
13, 78, 50
13, 79, 15
13, 81, 15
13, 82, 18
13, 82, 46
13, 83, 30
13, 84, 24
13, 84, 35
13, 86, 16
13, 88, 19
13, 89, 7
13, 89, 23
13, 91, 18
13, 92, 14
13, 92, 16
13, 93, 47
13, 94, 36
13, 101, 7
14, 4, 56
14, 5, 38
14, 6, 17
14, 6, 19
14, 7, 22
14, 7, 47
14, 7, 51
14, 8, 35
14, 10, 6
14, 14, 8
14, 16, 32
14, 16, 37
14, 25, 30
14, 25, 37
14, 29, 23
14, 29, 36
14, 29, 53
14, 30, 36
14, 32, 29
14, 34, 11
14, 37, 8
14, 37, 47
14, 43, 18
14, 43, 23
14, 43, 39
14, 46, 56
14, 48, 46
14, 57, 29
14, 57, 39
14, 61, 21
14, 62, 43
14, 69, 22
14, 70, 38
14, 73, 12
14, 74, 35
14, 76, 4
14, 76, 36
14, 77, 31
14, 77, 32
14, 82, 27
14, 85, 40
14, 87, 21
14, 91, 22
14, 94, 47
14, 96, 6
14, 97, 23
14, 99, 17
14, 99, 23
14, 99, 56
15, 7, 46
15, 10, 3
15, 13, 14
15, 16, 39
15, 16, 46
15, 17, 45
15, 18, 40
15, 20, 48
15, 23, 6
15, 23, 54
15, 24, 12
15, 25, 49
15, 26, 20
15, 26, 25
15, 27, 36
15, 27, 46
15, 28, 39
15, 31, 5
15, 33, 2
15, 33, 43
15, 39, 12
15, 39, 37
15, 40, 31
15, 43, 36
15, 44, 42
15, 49, 52
15, 52, 5
15, 54, 28
15, 55, 16
15, 59, 46
15, 62, 6
15, 63, 34
15, 65, 2
15, 68, 35
15, 69, 44
15, 73, 19
15, 74, 47
15, 76, 20
15, 81, 34
15, 82, 41
15, 86, 7
15, 86, 8
15, 86, 54
15, 87, 46
15, 90, 5
15, 90, 29
15, 90, 49
15, 91, 31
15, 92, 46
15, 92, 53
15, 93, 12
15, 96, 29
15, 96, 52
15, 97, 25
15, 97, 40
15, 98, 3
15, 99, 37
15, 101, 16
16, 1, 40
16, 2, 10
16, 6, 41
16, 8, 26
16, 8, 33
16, 9, 17
16, 11, 14
16, 11, 54
16, 14, 18
16, 19, 20
16, 19, 50
16, 21, 7
16, 22, 29
16, 24, 27
16, 26, 36
16, 30, 10
16, 30, 37
16, 35, 18
16, 40, 36
16, 42, 5
16, 42, 20
16, 44, 24
16, 45, 43
16, 45, 53
16, 51, 34
16, 54, 44
16, 56, 45
16, 57, 37
16, 60, 17
16, 62, 9
16, 62, 48
16, 62, 50
16, 63, 33
16, 65, 39
16, 65, 41
16, 71, 19
16, 74, 31
16, 75, 1
16, 75, 18
16, 78, 17
16, 80, 21
16, 81, 2
16, 82, 2
16, 82, 29
16, 82, 37
16, 84, 24
16, 86, 35
16, 88, 36
16, 92, 26
16, 97, 9
16, 101, 27
17, 3, 4
17, 4, 19
17, 5, 30
17, 5, 55
17, 10, 35
17, 12, 18
17, 14, 9
17, 14, 17
17, 15, 29
17, 17, 36
17, 21, 34
17, 24, 45
17, 25, 2
17, 38, 22
17, 39, 41
17, 40, 4
17, 40, 8
17, 40, 21
17, 41, 46
17, 44, 3
17, 44, 52
17, 46, 2
17, 46, 9
17, 46, 11
17, 46, 57
17, 48, 17
17, 52, 24
17, 58, 11
17, 58, 19
17, 59, 13
17, 61, 27
17, 67, 55
17, 74, 14
17, 78, 25
17, 83, 45
17, 84, 29
17, 85, 5
17, 87, 29
17, 88, 9
17, 90, 24
17, 92, 17
17, 95, 19
17, 95, 24
17, 96, 3
17, 96, 36
17, 100, 29
17, 101, 18
17, 101, 47
17, 101, 48
18, 2, 45
18, 4, 51
18, 8, 23
18, 10, 5
18, 11, 11
18, 14, 49
18, 16, 39
18, 17, 34
18, 19, 26
18, 22, 3
18, 23, 33
18, 27, 38
18, 29, 43
18, 30, 42
18, 31, 36
18, 37, 17
18, 42, 26
18, 42, 40
18, 44, 52
18, 45, 14
18, 45, 41
18, 46, 24
18, 48, 1
18, 48, 46
18, 49, 23
18, 49, 55
18, 50, 3
18, 55, 37
18, 58, 2
18, 58, 17
18, 60, 43
18, 62, 21
18, 66, 31
18, 67, 16
18, 68, 21
18, 68, 45
18, 68, 52
18, 70, 42
18, 71, 23
18, 72, 10
18, 75, 12
18, 77, 57
18, 78, 34
18, 79, 14
18, 80, 23
18, 83, 42
18, 85, 16
18, 86, 5
18, 89, 35
18, 93, 19
18, 93, 33
18, 95, 43
18, 98, 25
19, 2, 41
19, 4, 24
19, 5, 21
19, 8, 18
19, 8, 33
19, 11, 10
19, 11, 49
19, 13, 42
19, 17, 9
19, 17, 25
19, 19, 18
19, 21, 7
19, 23, 45
19, 24, 6
19, 25, 24
19, 25, 32
19, 28, 9
19, 29, 23
19, 30, 5
19, 30, 30
19, 32, 35
19, 32, 51
19, 34, 23
19, 36, 44
19, 37, 48
19, 41, 15
19, 45, 14
19, 45, 27
19, 45, 49
19, 52, 37
19, 53, 4
19, 55, 13
19, 56, 37
19, 57, 18
19, 58, 19
19, 59, 52
19, 64, 45
19, 64, 48
19, 67, 39
19, 68, 32
19, 76, 7
19, 77, 23
19, 78, 5
19, 80, 27
19, 81, 31
19, 84, 35
19, 85, 18
19, 86, 9
19, 86, 50
19, 89, 19
19, 90, 47
19, 91, 26
19, 93, 5
19, 93, 21
19, 93, 56
19, 95, 13
19, 97, 4
19, 97, 51
19, 99, 30
19, 99, 48
20, 1, 8
20, 1, 51
20, 3, 6
20, 7, 17
20, 9, 3
20, 15, 13
20, 15, 47
20, 16, 55
20, 19, 3
20, 19, 23
20, 25, 16
20, 25, 30
20, 27, 39
20, 28, 11
20, 28, 42
20, 30, 45
20, 32, 10
20, 34, 25
20, 36, 16
20, 36, 27
20, 36, 47
20, 39, 23
20, 39, 44
20, 44, 41
20, 46, 17
20, 46, 40
20, 46, 49
20, 52, 12
20, 53, 20
20, 53, 25
20, 53, 36
20, 55, 53
20, 58, 60
20, 59, 25
20, 60, 29
20, 61, 10
20, 63, 37
20, 64, 39
20, 68, 9
20, 70, 3
20, 70, 10
20, 73, 51
20, 76, 13
20, 76, 33
20, 77, 8
20, 79, 47
20, 82, 45
20, 84, 3
20, 89, 22
20, 91, 23
20, 93, 10
20, 94, 25
20, 94, 47
20, 98, 18
21, 2, 2
21, 2, 9
21, 6, 24
21, 8, 26
21, 8, 47
21, 9, 1
21, 9, 53
21, 14, 28
21, 14, 31
21, 22, 15
21, 24, 22
21, 27, 7
21, 27, 29
21, 29, 19
21, 30, 45
21, 30, 47
21, 31, 4
21, 31, 10
21, 35, 7
21, 35, 10
21, 35, 55
21, 45, 5
21, 45, 22
21, 47, 30
21, 48, 20
21, 48, 57
21, 49, 39
21, 52, 24
21, 52, 29
21, 53, 42
21, 55, 45
21, 57, 24
21, 59, 8
21, 59, 18
21, 60, 4
21, 61, 47
21, 78, 19
21, 78, 26
21, 81, 40
21, 82, 20
21, 83, 2
21, 83, 22
21, 85, 41
21, 85, 61
21, 86, 18
21, 87, 3
21, 87, 10
21, 87, 18
21, 91, 2
21, 93, 31
21, 96, 53
21, 99, 29
21, 99, 40
21, 100, 19
22, 2, 44
22, 4, 57
22, 9, 8
22, 9, 36
22, 12, 9
22, 12, 45
22, 16, 38
22, 18, 41
22, 19, 25
22, 19, 33
22, 21, 20
22, 22, 31
22, 23, 44
22, 26, 41
22, 31, 17
22, 35, 4
22, 36, 9
22, 42, 3
22, 42, 23
22, 43, 18
22, 46, 31
22, 46, 56
22, 47, 14
22, 47, 49
22, 47, 63
22, 48, 38
22, 51, 28
22, 51, 39
22, 51, 47
22, 54, 19
22, 55, 29
22, 55, 42
22, 56, 16
22, 56, 45
22, 60, 54
22, 61, 25
22, 63, 41
22, 65, 33
22, 68, 31
22, 71, 33
22, 72, 18
22, 72, 58
22, 75, 48
22, 77, 31
22, 77, 34
22, 81, 2
22, 83, 18
22, 84, 17
22, 85, 35
22, 85, 38
22, 86, 19
22, 89, 11
22, 90, 37
22, 93, 41
22, 100, 8
22, 100, 24
22, 100, 36
22, 101, 9
22, 101, 34
22, 101, 39
23, 1, 4
23, 1, 30
23, 8, 40
23, 11, 14
23, 11, 34
23, 12, 51
23, 28, 12
23, 34, 13
23, 34, 23
23, 36, 27
23, 36, 34
23, 37, 13
23, 41, 22
23, 41, 25
23, 42, 18
23, 45, 11
23, 46, 20
23, 46, 29
23, 47, 8
23, 57, 20
23, 57, 35
23, 69, 3
23, 81, 27
23, 82, 14
23, 83, 17
23, 85, 27
23, 88, 34
23, 94, 4
24, 2, 4
24, 2, 43
24, 3, 27
24, 5, 12
24, 5, 15
24, 8, 24
24, 8, 43
24, 13, 46
24, 16, 6
24, 17, 8
24, 17, 28
24, 18, 33
24, 20, 41
24, 20, 55
24, 21, 42
24, 21, 50
24, 25, 38
24, 27, 4
24, 27, 22
24, 31, 31
24, 34, 51
24, 41, 6
24, 44, 36
24, 46, 55
24, 47, 6
24, 47, 22
24, 47, 25
24, 48, 23
24, 51, 3
24, 52, 15
24, 53, 51
24, 54, 24
24, 55, 43
24, 57, 45
24, 61, 6
24, 61, 8
24, 65, 12
24, 66, 28
24, 66, 43
24, 69, 51
24, 71, 36
24, 73, 30
24, 74, 17
24, 74, 46
24, 75, 12
24, 76, 24
24, 77, 39
24, 78, 8
24, 81, 24
24, 82, 32
24, 83, 52
24, 83, 54
24, 85, 37
24, 86, 41
24, 87, 31
24, 92, 15
24, 93, 46
24, 94, 22
24, 98, 23
24, 101, 12
25, 7, 13
25, 10, 37
25, 10, 44
25, 13, 45
25, 15, 47
25, 21, 22
25, 22, 48
25, 25, 5
25, 25, 35
25, 31, 31
25, 32, 11
25, 34, 8
25, 34, 11
25, 35, 18
25, 38, 34
25, 41, 33
25, 41, 50
25, 44, 23
25, 44, 46
25, 45, 18
25, 47, 12
25, 50, 17
25, 54, 26
25, 57, 8
25, 57, 47
25, 58, 25
25, 61, 18
25, 61, 39
25, 67, 37
25, 69, 20
25, 70, 35
25, 70, 38
25, 71, 12
25, 73, 16
25, 73, 47
25, 76, 46
25, 80, 35
25, 86, 4
25, 86, 44
25, 87, 11
25, 89, 1
25, 94, 5
25, 97, 45
25, 97, 50
25, 98, 13
25, 99, 37
25, 100, 18
26, 2, 62
26, 4, 19
26, 7, 2
26, 12, 4
26, 13, 22
26, 21, 42
26, 22, 10
26, 23, 27
26, 23, 39
26, 23, 51
26, 24, 15
26, 24, 24
26, 25, 22
26, 25, 32
26, 29, 6
26, 29, 49
26, 30, 31
26, 33, 25
26, 33, 39
26, 38, 48
26, 40, 21
26, 41, 44
26, 43, 37
26, 45, 8
26, 48, 2
26, 49, 54
26, 60, 1
26, 63, 23
26, 67, 11
26, 67, 17
26, 68, 47
26, 69, 49
26, 75, 31
26, 80, 24
26, 81, 37
26, 82, 15
26, 82, 62
26, 83, 4
26, 83, 9
26, 84, 19
26, 85, 39
26, 86, 38
26, 92, 4
26, 93, 14
26, 93, 27
26, 93, 36
26, 94, 21
26, 96, 40
26, 96, 41
26, 97, 3
26, 97, 26
26, 98, 28
26, 101, 43
27, 5, 1
27, 5, 8
27, 10, 35
27, 10, 43
27, 14, 43
27, 15, 26
27, 17, 22
27, 20, 43
27, 22, 6
27, 22, 37
27, 23, 3
27, 23, 22
27, 31, 47
27, 32, 13
27, 36, 28
27, 38, 24
27, 39, 1
27, 41, 4
27, 43, 41
27, 49, 13
27, 49, 38
27, 50, 15
27, 50, 23
27, 55, 27
27, 59, 5
27, 59, 27
27, 60, 32
27, 61, 11
27, 62, 7
27, 62, 40
27, 65, 16
27, 65, 22
27, 70, 40
27, 71, 13
27, 71, 27
27, 74, 8
27, 74, 42
27, 75, 46
27, 79, 28
27, 83, 29
27, 83, 47
27, 88, 23
27, 88, 26
27, 91, 8
27, 92, 32
27, 93, 47
28, 1, 28
28, 4, 2
28, 4, 32
28, 6, 28
28, 10, 56
28, 11, 35
28, 11, 36
28, 16, 14
28, 16, 42
28, 17, 7
28, 18, 29
28, 18, 40
28, 20, 19
28, 24, 9
28, 24, 28
28, 30, 24
28, 34, 11
28, 35, 2
28, 35, 10
28, 37, 37
28, 39, 14
28, 42, 31
28, 52, 10
28, 52, 44
28, 53, 18
28, 53, 20
28, 53, 47
28, 56, 13
28, 56, 41
28, 61, 16
28, 64, 23
28, 66, 20
28, 66, 56
28, 67, 2
28, 68, 5
28, 69, 31
28, 72, 23
28, 73, 29
28, 75, 19
28, 75, 24
28, 77, 32
28, 80, 36
28, 84, 50
28, 86, 5
28, 88, 58
28, 89, 30
28, 89, 44
28, 92, 28
28, 93, 9
28, 94, 19
28, 95, 2
28, 95, 38
28, 99, 6
28, 101, 9
29, 1, 18
29, 1, 32
29, 2, 27
29, 5, 18
29, 13, 13
29, 22, 2
29, 24, 38
29, 25, 1
29, 25, 36
29, 27, 31
29, 28, 32
29, 30, 29
29, 36, 1
29, 37, 15
29, 40, 29
29, 41, 13
29, 43, 35
29, 44, 17
29, 45, 36
29, 45, 37
29, 46, 13
29, 47, 46
29, 48, 22
29, 48, 28
29, 50, 35
29, 54, 1
29, 54, 5
29, 57, 48
29, 58, 6
29, 58, 54
29, 59, 37
29, 61, 28
29, 62, 35
29, 68, 29
29, 70, 1
29, 70, 14
29, 72, 6
29, 72, 37
29, 76, 23
29, 76, 42
29, 77, 18
29, 78, 8
29, 78, 58
29, 80, 31
29, 81, 16
29, 82, 32
29, 84, 1
29, 84, 55
29, 85, 21
29, 85, 41
29, 85, 44
29, 92, 26
29, 92, 45
29, 94, 54
29, 95, 29
29, 99, 17
29, 100, 27
30, 2, 44
30, 5, 9
30, 5, 23
30, 7, 34
30, 8, 30
30, 8, 43
30, 14, 22
30, 15, 12
30, 16, 22
30, 16, 51
30, 17, 32
30, 17, 50
30, 19, 44
30, 21, 1
30, 21, 12
30, 22, 52
30, 23, 10
30, 31, 32
30, 35, 8
30, 39, 34
30, 43, 1
30, 46, 14
30, 48, 36
30, 51, 47
30, 52, 35
30, 53, 46
30, 55, 50
30, 59, 34
30, 59, 46
30, 59, 51
30, 62, 21
30, 63, 13
30, 65, 10
30, 65, 34
30, 66, 6
30, 69, 9
30, 70, 30
30, 72, 3
30, 74, 3
30, 74, 52
30, 78, 15
30, 78, 43
30, 80, 44
30, 82, 13
30, 84, 35
30, 87, 4
30, 89, 51
30, 94, 9
30, 97, 26
30, 98, 30
30, 101, 32
31, 4, 18
31, 10, 41
31, 13, 23
31, 13, 31
31, 14, 17
31, 14, 21
31, 14, 52
31, 17, 4
31, 17, 42
31, 20, 23
31, 20, 26
31, 20, 32
31, 23, 48
31, 23, 54
31, 24, 44
31, 30, 27
31, 32, 56
31, 33, 49
31, 36, 31
31, 37, 11
31, 38, 48
31, 40, 12
31, 40, 35
31, 42, 15
31, 43, 24
31, 50, 7
31, 52, 10
31, 52, 23
31, 55, 45
31, 59, 37
31, 60, 16
31, 61, 6
31, 66, 3
31, 74, 44
31, 81, 27
31, 82, 23
31, 85, 3
31, 87, 26
31, 88, 54
31, 91, 2
31, 91, 26
31, 91, 28
31, 93, 26
31, 94, 7
31, 94, 37
31, 95, 54
31, 96, 12
31, 96, 24
31, 97, 15
31, 97, 50
31, 98, 31
31, 100, 15
32, 2, 4
32, 2, 40
32, 6, 39
32, 7, 1
32, 9, 33
32, 10, 44
32, 11, 35
32, 12, 9
32, 13, 1
32, 13, 47
32, 13, 51
32, 14, 42
32, 17, 43
32, 19, 12
32, 20, 31
32, 23, 5
32, 23, 39
32, 23, 49
32, 28, 15
32, 29, 21
32, 30, 2
32, 30, 7
32, 30, 28
32, 31, 22
32, 34, 16
32, 38, 22
32, 38, 50
32, 39, 32
32, 39, 59
32, 41, 28
32, 42, 54
32, 43, 41
32, 47, 31
32, 47, 36
32, 49, 26
32, 50, 41
32, 52, 21
32, 55, 18
32, 59, 40
32, 62, 44
32, 63, 33
32, 64, 22
32, 68, 38
32, 71, 1
32, 71, 4
32, 71, 38
32, 73, 24
32, 76, 1
32, 77, 32
32, 85, 28
32, 87, 15
32, 89, 33
32, 90, 13
32, 91, 9
32, 92, 20
32, 92, 42
32, 93, 7
32, 96, 2
32, 97, 40
32, 97, 55
33, 1, 55
33, 2, 30
33, 3, 30
33, 5, 41
33, 9, 6
33, 11, 9
33, 11, 20
33, 13, 8
33, 15, 42
33, 18, 15
33, 18, 30
33, 20, 37
33, 21, 17
33, 21, 39
33, 22, 43
33, 28, 32
33, 31, 3
33, 31, 4
33, 34, 8
33, 38, 1
33, 39, 2
33, 39, 4
33, 39, 32
33, 41, 53
33, 44, 3
33, 44, 21
33, 45, 12
33, 47, 47
33, 51, 6
33, 52, 29
33, 54, 32
33, 59, 11
33, 60, 21
33, 60, 52
33, 65, 28
33, 67, 55
33, 71, 18
33, 72, 34
33, 73, 42
33, 77, 11
33, 78, 6
33, 78, 37
33, 79, 1
33, 80, 6
33, 81, 25
33, 81, 41
33, 82, 52
33, 84, 43
33, 89, 37
33, 91, 28
33, 92, 30
33, 95, 8
33, 96, 17
33, 97, 20
33, 97, 45
33, 98, 53
34, 1, 50
34, 2, 8
34, 2, 16
34, 2, 52
34, 4, 5
34, 8, 11
34, 8, 17
34, 10, 30
34, 10, 53
34, 13, 25
34, 22, 6
34, 23, 1
34, 25, 3
34, 26, 37
34, 28, 39
34, 29, 50
34, 31, 23
34, 32, 8
34, 32, 14
34, 32, 38
34, 33, 30
34, 35, 57
34, 40, 5
34, 40, 27
34, 42, 35
34, 43, 55
34, 44, 27
34, 44, 40
34, 46, 3
34, 52, 17
34, 52, 38
34, 53, 32
34, 59, 27
34, 62, 2
34, 62, 39
34, 63, 11
34, 63, 25
34, 68, 52
34, 70, 44
34, 74, 10
34, 75, 14
34, 80, 2
34, 83, 53
34, 87, 24
34, 88, 16
34, 89, 19
34, 91, 37
34, 94, 39
34, 95, 52
34, 96, 25
35, 1, 44
35, 6, 49
35, 10, 39
35, 12, 8
35, 14, 21
35, 16, 5
35, 16, 22
35, 16, 36
35, 19, 12
35, 22, 54
35, 28, 34
35, 28, 48
35, 29, 23
35, 30, 28
35, 31, 5
35, 35, 39
35, 36, 24
35, 42, 8
35, 43, 7
35, 44, 29
35, 45, 50
35, 46, 28
35, 48, 17
35, 51, 46
35, 52, 8
35, 55, 15
35, 56, 51
35, 58, 1
35, 59, 20
35, 60, 39
35, 60, 49
35, 64, 34
35, 76, 44
35, 77, 33
35, 86, 30
35, 87, 49
35, 90, 26
35, 93, 2
35, 93, 15
35, 96, 23
35, 99, 7
35, 99, 12
35, 99, 34
36, 15, 17
36, 17, 45
36, 26, 11
36, 27, 15
36, 27, 55
36, 28, 29
36, 30, 39
36, 31, 16
36, 34, 12
36, 36, 4
36, 36, 45
36, 37, 5
36, 38, 26
36, 38, 50
36, 39, 45
36, 42, 6
36, 51, 32
36, 55, 33
36, 57, 48
36, 60, 19
36, 61, 43
36, 64, 13
36, 64, 29
36, 64, 44
36, 69, 31
36, 70, 8
36, 71, 28
36, 73, 44
36, 74, 19
36, 74, 28
36, 74, 55
36, 79, 40
36, 80, 35
36, 85, 55
36, 86, 12
36, 86, 15
36, 86, 17
36, 89, 15
36, 92, 11
36, 98, 15
36, 98, 50
37, 1, 45
37, 2, 28
37, 4, 10
37, 4, 25
37, 5, 6
37, 5, 51
37, 6, 27
37, 6, 40
37, 9, 19
37, 10, 4
37, 10, 38
37, 11, 38
37, 13, 19
37, 18, 12
37, 18, 40
37, 19, 15
37, 21, 58
37, 26, 53
37, 28, 31
37, 30, 48
37, 35, 25
37, 37, 20
37, 39, 20
37, 39, 39
37, 45, 60
37, 47, 54
37, 51, 3
37, 51, 33
37, 52, 27
37, 53, 8
37, 54, 48
37, 56, 29
37, 57, 26
37, 60, 7
37, 60, 14
37, 60, 43
37, 64, 42
37, 66, 4
37, 68, 16
37, 68, 55
37, 71, 27
37, 71, 62
37, 74, 13
37, 75, 4
37, 81, 20
37, 81, 42
37, 82, 38
37, 83, 6
37, 83, 25
37, 84, 28
37, 85, 48
37, 86, 25
37, 89, 12
37, 90, 40
37, 91, 38
37, 91, 54
37, 93, 6
37, 94, 20
37, 96, 2
37, 96, 33
37, 96, 51
37, 98, 52
37, 99, 6
37, 100, 18
37, 100, 19
38, 4, 22
38, 13, 42
38, 18, 50
38, 20, 3
38, 27, 11
38, 28, 6
38, 28, 24
38, 28, 28
38, 29, 48
38, 30, 40
38, 30, 45
38, 35, 17
38, 35, 56
38, 36, 16
38, 36, 32
38, 38, 23
38, 42, 17
38, 42, 21
38, 45, 39
38, 47, 28
38, 47, 45
38, 52, 7
38, 61, 36
38, 65, 56
38, 71, 1
38, 72, 42
38, 78, 3
38, 80, 28
38, 81, 8
38, 81, 23
38, 83, 4
38, 84, 3
38, 84, 45
38, 85, 44
38, 89, 45
38, 91, 6
38, 91, 45
38, 92, 22
38, 94, 11
38, 94, 32
38, 95, 23
38, 97, 11
38, 97, 34
38, 98, 50
38, 99, 63
39, 1, 2
39, 1, 48
39, 3, 14
39, 3, 56
39, 6, 1
39, 6, 55
39, 7, 27
39, 8, 19
39, 8, 44
39, 14, 31
39, 19, 22
39, 19, 41
39, 28, 6
39, 30, 24
39, 32, 35
39, 32, 52
39, 39, 18
39, 39, 24
39, 44, 22
39, 45, 26
39, 46, 6
39, 47, 21
39, 47, 51
39, 48, 27
39, 49, 14
39, 53, 4
39, 55, 18
39, 58, 22
39, 58, 53
39, 59, 13
39, 59, 46
39, 63, 36
39, 65, 9
39, 65, 31
39, 66, 20
39, 67, 22
39, 71, 29
39, 72, 1
39, 72, 29
39, 73, 5
39, 75, 26
39, 77, 2
39, 78, 6
39, 79, 25
39, 81, 7
39, 81, 54
39, 82, 5
39, 87, 21
39, 87, 35
39, 90, 55
39, 94, 2
39, 95, 21
39, 96, 33
39, 97, 18
39, 99, 25
40, 1, 49
40, 2, 53
40, 6, 8
40, 6, 43
40, 11, 11
40, 11, 35
40, 16, 38
40, 18, 22
40, 19, 25
40, 20, 4
40, 24, 4
40, 24, 54
40, 25, 23
40, 26, 28
40, 29, 2
40, 31, 21
40, 34, 18
40, 36, 39
40, 42, 42
40, 45, 24
40, 47, 24
40, 49, 19
40, 50, 2
40, 52, 49
40, 54, 19
40, 54, 20
40, 54, 62
40, 60, 26
40, 61, 51
40, 62, 24
40, 68, 23
40, 69, 29
40, 70, 30
40, 71, 5
40, 73, 51
40, 74, 2
40, 75, 5
40, 75, 43
40, 76, 45
40, 77, 32
40, 78, 42
40, 79, 53
40, 88, 35
40, 89, 17
40, 92, 21
40, 93, 38
40, 94, 17
40, 94, 26
40, 95, 9
40, 96, 5
40, 96, 27
41, 2, 37
41, 3, 19
41, 7, 14
41, 8, 2
41, 10, 21
41, 11, 33
41, 16, 12
41, 19, 58
41, 21, 38
41, 22, 26
41, 24, 1
41, 26, 41
41, 27, 8
41, 32, 37
41, 36, 6
41, 37, 23
41, 41, 44
41, 42, 22
41, 47, 9
41, 50, 43
41, 52, 13
41, 53, 1
41, 53, 26
41, 54, 55
41, 57, 36
41, 59, 21
41, 61, 3
41, 61, 8
41, 61, 41
41, 63, 6
41, 66, 14
41, 68, 33
41, 69, 21
41, 69, 37
41, 70, 58
41, 73, 13
41, 73, 52
41, 74, 19
41, 77, 58
41, 79, 15
41, 83, 49
41, 87, 9
41, 87, 24
41, 87, 35
41, 90, 3
41, 90, 50
41, 91, 33
41, 92, 45
41, 93, 29
41, 93, 34
41, 100, 37
41, 101, 12
42, 3, 38
42, 3, 53
42, 4, 14
42, 4, 28
42, 6, 47
42, 7, 30
42, 7, 39
42, 13, 4
42, 13, 14
42, 13, 35
42, 13, 46
42, 14, 28
42, 31, 39
42, 32, 25
42, 32, 58
42, 39, 12
42, 40, 29
42, 43, 7
42, 48, 26
42, 48, 31
42, 56, 14
42, 58, 39
42, 59, 15
42, 60, 37
42, 61, 10
42, 63, 28
42, 63, 44
42, 71, 42
42, 73, 27
42, 77, 8
42, 78, 28
42, 79, 25
42, 83, 42
42, 84, 7
42, 87, 53
42, 89, 4
42, 91, 8
42, 91, 23
42, 93, 12
42, 94, 42
42, 95, 47
42, 96, 58
42, 98, 34
42, 99, 30
42, 101, 22
43, 1, 14
43, 1, 46
43, 3, 12
43, 3, 49
43, 5, 12
43, 6, 10
43, 6, 17
43, 8, 31
43, 10, 15
43, 10, 29
43, 15, 10
43, 16, 4
43, 17, 58
43, 18, 6
43, 18, 21
43, 19, 36
43, 22, 41
43, 23, 31
43, 25, 42
43, 27, 26
43, 27, 28
43, 32, 12
43, 35, 5
43, 37, 22
43, 40, 17
43, 40, 20
43, 43, 11
43, 43, 33
43, 44, 40
43, 46, 41
43, 51, 29
43, 51, 33
43, 52, 24
43, 53, 7
43, 53, 17
43, 54, 15
43, 55, 29
43, 57, 3
43, 57, 7
43, 58, 28
43, 58, 45
43, 62, 31
43, 63, 31
43, 64, 7
43, 65, 29
43, 67, 31
43, 68, 46
43, 68, 56
43, 77, 24
43, 78, 42
43, 79, 52
43, 81, 26
43, 81, 32
43, 84, 10
43, 84, 33
43, 84, 45
43, 88, 49
43, 93, 17
43, 95, 31
43, 96, 27
43, 96, 44
43, 97, 24
43, 100, 41
44, 3, 19
44, 3, 42
44, 5, 52
44, 7, 25
44, 7, 42
44, 8, 53
44, 11, 30
44, 11, 33
44, 11, 44
44, 13, 23
44, 16, 1
44, 17, 32
44, 18, 24
44, 20, 16
44, 20, 60
44, 22, 14
44, 22, 39
44, 23, 42
44, 24, 16
44, 24, 46
44, 30, 7
44, 30, 22
44, 32, 3
44, 34, 48
44, 35, 46
44, 36, 38
44, 36, 48
44, 37, 43
44, 39, 29
44, 40, 6
44, 40, 33
44, 40, 42
44, 40, 49
44, 41, 45
44, 47, 10
44, 49, 6
44, 49, 14
44, 49, 42
44, 49, 48
44, 52, 53
44, 53, 5
44, 53, 25
44, 55, 19
44, 56, 49
44, 59, 5
44, 60, 48
44, 64, 22
44, 65, 36
44, 66, 47
44, 67, 40
44, 68, 23
44, 70, 1
44, 70, 9
44, 73, 52
44, 74, 38
44, 79, 38
44, 81, 28
44, 82, 15
44, 84, 11
44, 90, 10
44, 90, 45
44, 95, 6
44, 96, 9
44, 96, 37
44, 96, 52
44, 98, 25
44, 100, 1
44, 100, 16
44, 100, 48
44, 101, 45
45, 1, 32
45, 3, 14
45, 5, 48
45, 7, 44
45, 8, 12
45, 12, 17
45, 17, 34
45, 19, 16
45, 21, 37
45, 24, 17
45, 30, 42
45, 31, 18
45, 31, 28
45, 34, 39
45, 35, 28
45, 40, 27
45, 44, 2
45, 44, 55
45, 45, 12
45, 47, 44
45, 50, 46
45, 57, 37
45, 59, 39
45, 66, 2
45, 76, 36
45, 78, 18
45, 78, 38
45, 81, 17
45, 87, 39
45, 87, 49
45, 89, 14
45, 89, 32
45, 97, 20
45, 98, 46
45, 101, 18
46, 4, 24
46, 5, 52
46, 8, 27
46, 11, 16
46, 13, 15
46, 13, 41
46, 14, 18
46, 14, 30
46, 14, 31
46, 16, 42
46, 18, 31
46, 21, 44
46, 24, 49
46, 25, 25
46, 29, 25
46, 30, 12
46, 32, 42
46, 33, 13
46, 34, 22
46, 35, 8
46, 36, 51
46, 39, 36
46, 41, 19
46, 42, 52
46, 45, 20
46, 48, 18
46, 48, 68
46, 49, 9
46, 51, 47
46, 53, 55
46, 56, 24
46, 56, 28
46, 58, 1
46, 60, 28
46, 60, 37
46, 63, 14
46, 63, 27
46, 72, 41
46, 73, 52
46, 77, 1
46, 77, 28
46, 80, 3
46, 81, 37
46, 84, 25
46, 85, 36
46, 87, 12
46, 89, 31
46, 91, 51
46, 92, 19
46, 93, 41
47, 3, 48
47, 6, 9
47, 10, 16
47, 11, 39
47, 14, 7
47, 14, 11
47, 14, 49
47, 15, 40
47, 16, 25
47, 16, 36
47, 16, 44
47, 17, 4
47, 18, 54
47, 20, 41
47, 21, 24
47, 21, 34
47, 23, 29
47, 27, 51
47, 30, 15
47, 31, 40
47, 32, 51
47, 33, 33
47, 37, 2
47, 38, 29
47, 44, 48
47, 45, 6
47, 45, 31
47, 48, 15
47, 49, 7
47, 56, 21
47, 57, 32
47, 59, 4
47, 60, 33
47, 61, 13
47, 61, 15
47, 65, 39
47, 66, 50
47, 71, 11
47, 72, 34
47, 75, 13
47, 77, 3
47, 77, 33
47, 79, 51
47, 81, 3
47, 81, 23
47, 82, 33
47, 87, 27
47, 88, 41
47, 89, 40
47, 92, 24
47, 96, 54
47, 98, 16
47, 101, 38
48, 2, 7
48, 2, 33
48, 2, 37
48, 3, 3
48, 3, 22
48, 4, 23
48, 6, 13
48, 6, 15
48, 12, 21
48, 13, 19
48, 20, 52
48, 21, 2
48, 23, 8
48, 23, 37
48, 23, 48
48, 25, 51
48, 26, 3
48, 26, 18
48, 27, 41
48, 29, 19
48, 30, 10
48, 33, 33
48, 34, 17
48, 38, 36
48, 40, 8
48, 40, 20
48, 42, 1
48, 42, 31
48, 44, 26
48, 51, 18
48, 51, 39
48, 53, 16
48, 59, 18
48, 59, 37
48, 60, 29
48, 65, 23
48, 66, 37
48, 67, 14
48, 67, 19
48, 70, 27
48, 73, 42
48, 74, 18
48, 75, 25
48, 76, 17
48, 78, 2
48, 82, 10
48, 82, 54
48, 83, 43
48, 84, 1
48, 87, 34
48, 90, 3
48, 90, 17
48, 90, 51
48, 95, 37
48, 101, 13
49, 8, 49
49, 12, 10
49, 15, 6
49, 16, 12
49, 17, 7
49, 17, 10
49, 17, 47
49, 25, 9
49, 30, 1
49, 30, 39
49, 30, 48
49, 31, 18
49, 32, 35
49, 35, 24
49, 37, 33
49, 38, 15
49, 40, 36
49, 42, 10
49, 48, 21
49, 48, 45
49, 52, 6
49, 53, 41
49, 56, 15
49, 61, 13
49, 64, 13
49, 65, 6
49, 65, 28
49, 66, 45
49, 68, 41
49, 72, 19
49, 76, 47
49, 79, 7
49, 81, 11
49, 82, 51
49, 84, 12
49, 86, 15
49, 87, 35
49, 92, 30
49, 94, 54
49, 98, 30
49, 100, 39
50, 6, 42
50, 6, 46
50, 8, 3
50, 8, 45
50, 10, 31
50, 13, 19
50, 13, 41
50, 14, 32
50, 16, 32
50, 19, 31
50, 26, 10
50, 27, 15
50, 27, 29
50, 30, 44
50, 34, 10
50, 35, 1
50, 35, 3
50, 35, 9
50, 38, 22
50, 38, 40
50, 42, 20
50, 43, 56
50, 46, 7
50, 46, 54
50, 47, 31
50, 49, 12
50, 51, 32
50, 55, 16
50, 56, 42
50, 60, 4
50, 62, 45
50, 64, 3
50, 64, 45
50, 71, 17
50, 72, 8
50, 74, 6
50, 77, 37
50, 77, 52
50, 79, 27
50, 80, 21
50, 83, 19
50, 85, 3
50, 85, 18
50, 91, 29
50, 92, 41
50, 93, 20
50, 96, 27
50, 96, 40
50, 98, 46
51, 2, 9
51, 2, 31
51, 6, 28
51, 8, 49
51, 14, 29
51, 16, 2
51, 17, 33
51, 19, 2
51, 20, 28
51, 21, 8
51, 22, 11
51, 22, 20
51, 22, 54
51, 24, 40
51, 28, 31
51, 29, 14
51, 29, 52
51, 30, 32
51, 46, 35
51, 47, 44
51, 49, 2
51, 49, 20
51, 50, 43
51, 53, 13
51, 53, 49
51, 57, 53
51, 58, 21
51, 59, 38
51, 69, 9
51, 69, 54
51, 74, 5
51, 77, 25
51, 77, 44
51, 82, 50
51, 83, 49
51, 84, 12
51, 84, 33
51, 85, 4
51, 86, 32
51, 88, 8
51, 88, 23
51, 91, 2
51, 91, 8
51, 94, 13
52, 1, 22
52, 2, 51
52, 4, 9
52, 4, 33
52, 6, 30
52, 6, 55
52, 7, 38
52, 8, 23
52, 9, 40
52, 10, 8
52, 11, 29
52, 12, 19
52, 12, 58
52, 15, 54
52, 21, 42
52, 22, 23
52, 23, 7
52, 23, 37
52, 24, 54
52, 27, 1
52, 27, 5
52, 27, 15
52, 30, 15
52, 30, 47
52, 33, 5
52, 33, 27
52, 36, 29
52, 37, 13
52, 37, 49
52, 37, 51
52, 39, 55
52, 43, 3
52, 43, 35
52, 44, 26
52, 45, 1
52, 49, 52
52, 53, 18
52, 53, 33
52, 54, 12
52, 56, 15
52, 58, 34
52, 61, 12
52, 62, 26
52, 62, 38
52, 65, 51
52, 66, 43
52, 66, 54
52, 68, 37
52, 71, 41
52, 74, 11
52, 75, 19
52, 78, 11
52, 78, 46
52, 86, 41
52, 89, 11
52, 89, 19
52, 89, 58
52, 90, 22
52, 93, 9
52, 95, 9
52, 95, 15
52, 96, 23
52, 97, 6
53, 1, 3
53, 2, 29
53, 2, 40
53, 3, 11
53, 3, 57
53, 4, 15
53, 4, 33
53, 6, 28
53, 8, 10
53, 8, 16
53, 10, 4
53, 17, 5
53, 21, 25
53, 23, 40
53, 27, 11
53, 27, 17
53, 34, 6
53, 39, 10
53, 43, 36
53, 47, 19
53, 49, 4
53, 49, 52
53, 51, 34
53, 53, 25
53, 55, 36
53, 57, 10
53, 62, 41
53, 63, 4
53, 66, 6
53, 71, 57
53, 79, 3
53, 80, 14
53, 81, 46
53, 84, 46
53, 87, 4
53, 87, 52
53, 89, 9
53, 89, 11
53, 96, 16
53, 97, 17
53, 98, 3
53, 99, 6
53, 101, 57
54, 1, 2
54, 2, 8
54, 3, 19
54, 3, 46
54, 8, 53
54, 11, 31
54, 11, 42
54, 12, 33
54, 12, 43
54, 12, 55
54, 14, 33
54, 15, 64
54, 16, 2
54, 16, 55
54, 17, 11
54, 19, 45
54, 21, 9
54, 24, 34
54, 24, 46
54, 27, 8
54, 28, 20
54, 29, 7
54, 31, 20
54, 31, 38
54, 33, 13
54, 36, 14
54, 39, 31
54, 40, 11
54, 42, 14
54, 42, 33
54, 43, 39
54, 48, 23
54, 48, 24
54, 49, 6
54, 50, 41
54, 51, 42
54, 51, 48
54, 52, 8
54, 52, 11
54, 52, 47
54, 61, 45
54, 65, 51
54, 74, 33
54, 74, 44
54, 75, 3
54, 75, 49
54, 80, 15
54, 81, 24
54, 81, 37
54, 88, 19
54, 89, 29
54, 91, 55
54, 92, 46
54, 94, 19
54, 95, 27
54, 95, 40
55, 1, 18
55, 1, 45
55, 8, 2
55, 17, 11
55, 18, 60
55, 19, 17
55, 19, 26
55, 20, 37
55, 21, 15
55, 24, 44
55, 26, 38
55, 27, 30
55, 29, 18
55, 29, 42
55, 30, 36
55, 36, 27
55, 39, 16
55, 39, 36
55, 40, 3
55, 41, 25
55, 42, 14
55, 43, 32
55, 43, 40
55, 45, 64
55, 46, 45
55, 47, 36
55, 48, 50
55, 49, 34
55, 60, 37
55, 63, 42
55, 66, 16
55, 66, 37
55, 69, 48
55, 70, 11
55, 76, 18
55, 76, 27
55, 77, 44
55, 83, 40
55, 84, 6
55, 84, 37
55, 85, 5
55, 86, 60
55, 87, 18
55, 87, 42
55, 96, 2
55, 97, 17
55, 98, 11
55, 98, 30
56, 2, 18
56, 8, 41
56, 13, 10
56, 13, 19
56, 13, 47
56, 19, 41
56, 21, 7
56, 24, 6
56, 24, 36
56, 25, 23
56, 25, 43
56, 29, 3
56, 30, 23
56, 31, 41
56, 38, 50
56, 43, 55
56, 44, 53
56, 45, 31
56, 45, 35
56, 46, 18
56, 47, 11
56, 48, 17
56, 53, 33
56, 55, 35
56, 55, 45
56, 58, 18
56, 58, 54
56, 61, 19
56, 65, 14
56, 71, 47
56, 75, 24
56, 77, 3
56, 79, 22
56, 80, 53
56, 84, 29
56, 85, 31
56, 88, 38
56, 90, 22
56, 92, 14
56, 93, 19
56, 93, 32
56, 94, 11
56, 94, 23
56, 94, 24
56, 96, 23
56, 101, 41
57, 1, 9
57, 2, 30
57, 4, 11
57, 6, 13
57, 7, 25
57, 9, 30
57, 10, 40
57, 11, 2
57, 11, 21
57, 11, 36
57, 11, 56
57, 13, 16
57, 14, 28
57, 18, 26
57, 19, 14
57, 20, 10
57, 20, 37
57, 20, 50
57, 21, 34
57, 23, 45
57, 27, 40
57, 28, 8
57, 33, 1
57, 33, 42
57, 34, 39
57, 35, 18
57, 36, 2
57, 37, 18
57, 37, 41
57, 38, 44
57, 41, 31
57, 41, 54
57, 42, 9
57, 43, 4
57, 43, 34
57, 44, 30
57, 49, 7
57, 52, 6
57, 52, 12
57, 53, 16
57, 54, 19
57, 58, 19
57, 58, 54
57, 60, 10
57, 61, 1
57, 61, 9
57, 61, 45
57, 61, 54
57, 65, 23
57, 69, 36
57, 71, 44
57, 73, 21
57, 73, 29
57, 73, 30
57, 73, 49
57, 73, 51
57, 74, 6
57, 75, 25
57, 76, 28
57, 76, 45
57, 78, 5
57, 79, 13
57, 80, 41
57, 82, 10
57, 86, 7
57, 86, 26
57, 89, 27
57, 90, 9
57, 91, 3
57, 94, 50
57, 97, 39
57, 98, 6
57, 101, 2
57, 101, 18
58, 2, 43
58, 4, 54
58, 7, 19
58, 8, 42
58, 10, 25
58, 13, 16
58, 13, 47
58, 18, 3
58, 19, 3
58, 22, 43
58, 23, 18
58, 23, 19
58, 23, 49
58, 30, 34
58, 36, 10
58, 36, 19
58, 37, 10
58, 38, 7
58, 41, 6
58, 42, 14
58, 44, 24
58, 49, 54
58, 52, 46
58, 55, 37
58, 55, 42
58, 55, 59
58, 57, 20
58, 59, 6
58, 60, 3
58, 60, 33
58, 60, 40
58, 63, 47
58, 70, 26
58, 72, 25
58, 72, 37
58, 73, 41
58, 76, 33
58, 77, 54
58, 79, 12
58, 85, 12
58, 85, 35
58, 85, 43
58, 86, 18
58, 86, 36
58, 86, 42
58, 87, 44
58, 89, 47
58, 90, 19
58, 93, 28
58, 94, 49
58, 95, 32
59, 3, 4
59, 4, 22
59, 7, 10
59, 7, 37
59, 9, 28
59, 10, 50
59, 14, 42
59, 16, 40
59, 17, 37
59, 17, 44
59, 22, 22
59, 23, 11
59, 23, 24
59, 23, 45
59, 25, 18
59, 28, 54
59, 29, 31
59, 30, 26
59, 34, 32
59, 35, 44
59, 38, 38
59, 41, 15
59, 43, 4
59, 44, 45
59, 56, 1
59, 56, 52
59, 61, 34
59, 62, 24
59, 64, 7
59, 68, 22
59, 70, 47
59, 73, 37
59, 75, 6
59, 75, 20
59, 75, 54
59, 78, 6
59, 78, 36
59, 79, 10
59, 80, 42
59, 80, 54
59, 82, 44
59, 83, 35
59, 89, 40
59, 95, 38
59, 98, 26
60, 2, 39
60, 6, 2
60, 6, 47
60, 8, 11
60, 9, 37
60, 12, 1
60, 12, 38
60, 17, 14
60, 17, 24
60, 18, 7
60, 22, 15
60, 22, 39
60, 23, 6
60, 27, 39
60, 28, 5
60, 29, 45
60, 31, 19
60, 31, 56
60, 33, 8
60, 33, 40
60, 34, 23
60, 37, 4
60, 38, 8
60, 39, 29
60, 40, 45
60, 42, 51
60, 43, 21
60, 44, 25
60, 47, 13
60, 48, 7
60, 48, 11
60, 48, 53
60, 50, 12
60, 50, 39
60, 50, 55
60, 51, 25
60, 52, 1
60, 52, 38
60, 54, 31
60, 55, 12
60, 57, 37
60, 60, 4
60, 60, 48
60, 64, 6
60, 66, 6
60, 66, 25
60, 67, 31
60, 69, 1
60, 70, 5
60, 75, 25
60, 76, 20
60, 76, 54
60, 76, 65
60, 77, 19
60, 80, 18
60, 83, 45
60, 84, 23
60, 85, 53
60, 86, 14
60, 88, 38
60, 89, 7
60, 89, 19
60, 91, 22
60, 92, 25
60, 93, 18
60, 96, 44
60, 98, 51
60, 100, 19
60, 100, 36
61, 1, 35
61, 3, 32
61, 5, 29
61, 5, 39
61, 7, 7
61, 13, 32
61, 15, 13
61, 15, 18
61, 15, 31
61, 16, 15
61, 17, 46
61, 18, 22
61, 19, 16
61, 24, 49
61, 28, 29
61, 30, 30
61, 30, 50
61, 31, 22
61, 33, 24
61, 33, 50
61, 34, 51
61, 36, 1
61, 38, 28
61, 39, 10
61, 41, 7
61, 41, 8
61, 41, 21
61, 41, 32
61, 44, 41
61, 46, 2
61, 46, 45
61, 49, 26
61, 51, 9
61, 57, 25
61, 57, 33
61, 58, 50
61, 61, 36
61, 63, 33
61, 67, 21
61, 67, 39
61, 67, 51
61, 67, 54
61, 70, 56
61, 71, 7
61, 71, 33
61, 73, 38
61, 75, 16
61, 80, 37
61, 80, 45
61, 83, 17
61, 83, 22
61, 87, 28
61, 88, 37
61, 89, 22
61, 89, 24
61, 92, 46
61, 93, 10
61, 93, 32
61, 93, 38
61, 95, 4
61, 95, 5
61, 101, 43
62, 1, 22
62, 5, 7
62, 5, 14
62, 6, 22
62, 6, 24
62, 7, 12
62, 7, 47
62, 14, 29
62, 17, 39
62, 30, 22
62, 31, 23
62, 35, 7
62, 35, 19
62, 35, 36
62, 37, 48
62, 38, 32
62, 39, 53
62, 42, 47
62, 42, 51
62, 43, 37
62, 47, 10
62, 47, 34
62, 49, 47
62, 58, 31
62, 59, 4
62, 62, 14
62, 64, 19
62, 71, 35
62, 74, 23
62, 75, 52
62, 86, 50
62, 92, 9
62, 92, 38
62, 93, 9
62, 93, 19
62, 93, 48
62, 95, 32
62, 98, 42
63, 3, 50
63, 4, 21
63, 6, 2
63, 6, 8
63, 8, 5
63, 10, 26
63, 10, 31
63, 10, 38
63, 10, 60
63, 11, 7
63, 13, 24
63, 15, 53
63, 16, 6
63, 19, 31
63, 20, 29
63, 21, 5
63, 22, 45
63, 23, 36
63, 27, 29
63, 30, 41
63, 33, 48
63, 35, 7
63, 38, 28
63, 40, 45
63, 42, 45
63, 45, 11
63, 45, 13
63, 45, 30
63, 46, 31
63, 46, 54
63, 47, 6
63, 50, 12
63, 50, 23
63, 51, 18
63, 52, 2
63, 53, 14
63, 55, 22
63, 56, 14
63, 58, 2
63, 58, 29
63, 61, 12
63, 62, 43
63, 65, 13
63, 68, 27
63, 68, 57
63, 69, 9
63, 69, 26
63, 72, 21
63, 74, 24
63, 75, 36
63, 79, 4
63, 79, 8
63, 79, 41
63, 83, 18
63, 85, 40
63, 87, 1
63, 89, 16
63, 89, 28
63, 93, 7
63, 98, 38
63, 98, 49
63, 99, 2
63, 99, 5
63, 101, 37
64, 1, 30
64, 5, 1
64, 5, 6
64, 5, 47
64, 7, 51
64, 14, 34
64, 15, 24
64, 19, 19
64, 20, 20
64, 20, 28
64, 21, 6
64, 25, 32
64, 27, 31
64, 28, 5
64, 28, 39
64, 32, 31
64, 34, 21
64, 36, 18
64, 39, 1
64, 41, 12
64, 42, 47
64, 45, 5
64, 45, 8
64, 47, 21
64, 47, 24
64, 48, 2
64, 48, 25
64, 53, 35
64, 56, 13
64, 58, 6
64, 59, 35
64, 60, 45
64, 67, 7
64, 68, 3
64, 68, 30
64, 68, 44
64, 69, 20
64, 71, 36
64, 71, 45
64, 74, 19
64, 77, 25
64, 79, 28
64, 79, 29
64, 79, 47
64, 85, 51
64, 89, 24
64, 90, 26
64, 92, 46
64, 98, 19
64, 101, 22
64, 101, 61
65, 4, 49
65, 5, 38
65, 6, 3
65, 6, 19
65, 8, 34
65, 10, 49
65, 11, 12
65, 12, 57
65, 14, 2
65, 15, 40
65, 22, 39
65, 23, 31
65, 24, 15
65, 25, 23
65, 25, 45
65, 28, 27
65, 28, 30
65, 30, 51
65, 32, 45
65, 45, 2
65, 46, 22
65, 50, 25
65, 51, 9
65, 57, 51
65, 58, 32
65, 60, 30
65, 61, 21
65, 63, 38
65, 65, 10
65, 65, 59
65, 66, 22
65, 72, 28
65, 74, 15
65, 81, 36
65, 81, 57
65, 83, 29
65, 83, 42
65, 85, 5
65, 85, 41
65, 87, 39
65, 93, 37
65, 94, 9
65, 96, 40
65, 97, 10
65, 97, 12
65, 99, 27
65, 100, 51
66, 1, 2
66, 4, 21
66, 13, 5
66, 14, 42
66, 15, 29
66, 17, 36
66, 18, 50
66, 22, 13
66, 22, 19
66, 24, 48
66, 25, 24
66, 25, 43
66, 26, 31
66, 30, 19
66, 31, 16
66, 37, 23
66, 37, 42
66, 39, 17
66, 39, 20
66, 41, 21
66, 41, 28
66, 43, 22
66, 47, 11
66, 47, 36
66, 49, 13
66, 52, 5
66, 53, 12
66, 55, 52
66, 57, 33
66, 57, 42
66, 61, 16
66, 61, 47
66, 63, 36
66, 66, 23
66, 68, 51
66, 72, 16
66, 73, 5
66, 80, 11
66, 80, 19
66, 80, 22
66, 82, 51
66, 83, 9
66, 89, 13
66, 90, 34
66, 91, 43
66, 92, 29
66, 92, 42
66, 93, 2
66, 94, 50
66, 95, 24
66, 97, 31
66, 98, 29
66, 100, 17
67, 1, 33
67, 1, 44
67, 1, 46
67, 3, 13
67, 3, 33
67, 3, 37
67, 6, 7
67, 18, 30
67, 18, 36
67, 19, 41
67, 25, 20
67, 26, 3
67, 26, 9
67, 26, 54
67, 33, 34
67, 35, 50
67, 37, 18
67, 38, 21
67, 39, 37
67, 39, 47
67, 40, 7
67, 40, 49
67, 42, 44
67, 44, 41
67, 46, 42
67, 51, 9
67, 52, 29
67, 54, 35
67, 55, 5
67, 55, 19
67, 55, 41
67, 57, 42
67, 64, 3
67, 65, 18
67, 68, 30
67, 68, 31
67, 69, 13
67, 70, 10
67, 71, 37
67, 72, 10
67, 73, 25
67, 73, 32
67, 73, 36
67, 74, 30
67, 83, 40
67, 88, 26
67, 97, 7
67, 100, 24
68, 4, 20
68, 6, 9
68, 10, 2
68, 17, 43
68, 21, 26
68, 21, 42
68, 22, 19
68, 22, 25
68, 24, 6
68, 27, 17
68, 31, 1
68, 36, 31
68, 36, 34
68, 41, 20
68, 41, 26
68, 50, 48
68, 51, 18
68, 53, 6
68, 53, 59
68, 54, 2
68, 54, 36
68, 55, 48
68, 57, 2
68, 59, 8
68, 59, 12
68, 59, 19
68, 61, 3
68, 72, 34
68, 74, 37
68, 77, 16
68, 80, 3
68, 86, 31
68, 86, 59
68, 89, 26
68, 89, 45
68, 90, 19
68, 93, 8
68, 94, 27
68, 95, 23
68, 96, 52
68, 98, 24
68, 99, 11
69, 1, 30
69, 3, 10
69, 3, 21
69, 4, 18
69, 6, 41
69, 6, 47
69, 7, 14
69, 9, 8
69, 9, 31
69, 10, 37
69, 11, 8
69, 12, 48
69, 16, 20
69, 16, 40
69, 17, 4
69, 21, 24
69, 23, 17
69, 31, 12
69, 35, 42
69, 39, 5
69, 41, 32
69, 43, 56
69, 44, 24
69, 45, 51
69, 51, 28
69, 52, 34
69, 55, 37
69, 57, 40
69, 63, 14
69, 65, 11
69, 65, 48
69, 68, 39
69, 72, 4
69, 72, 50
69, 74, 6
69, 74, 37
69, 77, 40
69, 79, 4
69, 81, 31
69, 84, 11
69, 85, 41
69, 88, 30
69, 93, 37
69, 95, 53
69, 96, 41
69, 97, 56
69, 98, 8
69, 101, 29
70, 1, 27
70, 1, 46
70, 3, 14
70, 7, 39
70, 8, 3
70, 8, 49
70, 11, 41
70, 12, 38
70, 16, 22
70, 17, 50
70, 19, 20
70, 20, 40
70, 21, 5
70, 21, 34
70, 23, 23
70, 27, 7
70, 28, 33
70, 30, 50
70, 32, 9
70, 35, 54
70, 37, 25
70, 38, 14
70, 39, 16
70, 41, 25
70, 42, 28
70, 44, 32
70, 45, 7
70, 47, 20
70, 49, 18
70, 58, 46
70, 58, 51
70, 61, 12
70, 65, 51
70, 66, 43
70, 68, 20
70, 70, 35
70, 72, 12
70, 73, 17
70, 74, 28
70, 78, 39
70, 78, 41
70, 78, 51
70, 81, 47
70, 84, 45
70, 89, 22
70, 89, 27
70, 90, 34
70, 91, 54
70, 98, 41
70, 99, 40
71, 3, 24
71, 4, 15
71, 6, 32
71, 6, 48
71, 8, 43
71, 11, 30
71, 12, 2
71, 12, 20
71, 16, 17
71, 19, 18
71, 20, 13
71, 28, 47
71, 31, 31
71, 33, 21
71, 36, 63
71, 37, 44
71, 44, 42
71, 45, 24
71, 46, 4
71, 49, 20
71, 49, 32
71, 55, 25
71, 55, 26
71, 58, 12
71, 66, 2
71, 67, 15
71, 68, 8
71, 68, 37
71, 68, 52
71, 72, 7
71, 76, 45
71, 77, 20
71, 82, 30
71, 86, 26
71, 91, 15
71, 92, 30
71, 92, 53
71, 94, 43
72, 3, 47
72, 3, 50
72, 4, 11
72, 6, 33
72, 8, 28
72, 10, 37
72, 10, 45
72, 10, 48
72, 11, 30
72, 12, 43
72, 16, 3
72, 18, 4
72, 20, 31
72, 21, 14
72, 23, 11
72, 28, 17
72, 30, 2
72, 30, 24
72, 32, 42
72, 34, 33
72, 34, 46
72, 35, 18
72, 36, 46
72, 40, 35
72, 42, 40
72, 45, 18
72, 48, 37
72, 50, 41
72, 52, 42
72, 53, 43
72, 53, 46
72, 56, 19
72, 61, 41
72, 62, 34
72, 63, 8
72, 64, 42
72, 64, 45
72, 65, 1
72, 65, 23
72, 65, 56
72, 67, 28
72, 72, 4
72, 73, 49
72, 79, 23
72, 80, 28
72, 83, 47
72, 84, 3
72, 86, 14
72, 87, 5
72, 92, 4
72, 93, 30
72, 94, 18
72, 95, 2
72, 99, 37
72, 100, 34
73, 1, 17
73, 2, 41
73, 9, 36
73, 10, 4
73, 10, 23
73, 10, 44
73, 14, 9
73, 16, 50
73, 21, 16
73, 25, 24
73, 27, 33
73, 28, 6
73, 35, 21
73, 36, 18
73, 37, 52
73, 39, 3
73, 41, 50
73, 43, 43
73, 47, 34
73, 48, 47
73, 49, 12
73, 49, 42
73, 51, 24
73, 51, 28
73, 52, 20
73, 56, 44
73, 59, 15
73, 61, 33
73, 66, 48
73, 68, 7
73, 70, 16
73, 71, 1
73, 71, 3
73, 71, 50
73, 75, 12
73, 77, 6
73, 77, 28
73, 78, 40
73, 80, 15
73, 80, 41
73, 82, 58
73, 86, 7
73, 91, 28
73, 98, 18
73, 100, 44
74, 4, 8
74, 6, 47
74, 7, 26
74, 8, 37
74, 10, 19
74, 10, 47
74, 12, 47
74, 13, 12
74, 17, 13
74, 19, 18
74, 19, 29
74, 20, 48
74, 22, 45
74, 25, 16
74, 27, 29
74, 28, 5
74, 33, 29
74, 36, 4
74, 42, 20
74, 42, 38
74, 43, 39
74, 45, 3
74, 45, 31
74, 50, 17
74, 55, 21
74, 57, 37
74, 58, 33
74, 59, 52
74, 61, 27
74, 64, 22
74, 65, 26
74, 67, 24
74, 67, 56
74, 68, 4
74, 71, 12
74, 72, 6
74, 74, 33
74, 75, 47
74, 75, 54
74, 77, 29
74, 81, 36
74, 82, 5
74, 82, 32
74, 83, 18
74, 86, 3
74, 86, 7
74, 87, 1
74, 87, 42
74, 87, 47
74, 89, 4
74, 93, 5
74, 93, 54
74, 96, 47
74, 97, 11
74, 97, 29
74, 99, 29
75, 1, 25
75, 2, 30
75, 10, 9
75, 12, 8
75, 12, 15
75, 20, 18
75, 20, 26
75, 21, 50
75, 25, 37
75, 29, 16
75, 34, 25
75, 34, 48
75, 38, 50
75, 41, 54
75, 43, 30
75, 45, 27
75, 46, 8
75, 46, 20
75, 51, 9
75, 57, 26
75, 58, 12
75, 61, 44
75, 62, 9
75, 66, 50
75, 68, 39
75, 72, 18
75, 77, 38
75, 80, 40
75, 80, 53
75, 81, 2
75, 82, 14
75, 91, 16
75, 91, 26
75, 94, 11
75, 96, 16
75, 97, 6
76, 2, 37
76, 4, 27
76, 5, 13
76, 5, 33
76, 6, 20
76, 10, 30
76, 12, 51
76, 13, 35
76, 15, 12
76, 16, 31
76, 17, 42
76, 23, 26
76, 23, 34
76, 26, 51
76, 28, 43
76, 29, 47
76, 30, 10
76, 30, 29
76, 30, 44
76, 31, 17
76, 32, 3
76, 33, 21
76, 34, 27
76, 39, 40
76, 41, 1
76, 41, 39
76, 44, 54
76, 46, 5
76, 46, 9
76, 48, 53
76, 51, 6
76, 52, 44
76, 55, 45
76, 56, 13
76, 56, 33
76, 57, 18
76, 57, 23
76, 58, 7
76, 58, 29
76, 59, 51
76, 60, 24
76, 61, 55
76, 64, 33
76, 66, 23
76, 66, 30
76, 68, 13
76, 77, 39
76, 78, 22
76, 81, 21
76, 81, 28
76, 84, 37
76, 86, 48
76, 88, 40
76, 89, 26
76, 89, 35
76, 91, 2
76, 97, 17
76, 97, 44
76, 99, 43
76, 101, 33
77, 1, 3
77, 1, 12
77, 1, 36
77, 1, 57
77, 2, 15
77, 6, 46
77, 9, 21
77, 13, 7
77, 14, 33
77, 15, 52
77, 18, 44
77, 20, 4
77, 20, 58
77, 22, 8
77, 22, 41
77, 27, 34
77, 29, 56
77, 36, 19
77, 36, 53
77, 38, 20
77, 39, 46
77, 41, 33
77, 43, 5
77, 45, 22
77, 45, 54
77, 46, 5
77, 47, 7
77, 49, 16
77, 52, 53
77, 53, 33
77, 54, 28
77, 55, 42
77, 55, 48
77, 57, 34
77, 58, 43
77, 60, 41
77, 63, 2
77, 66, 25
77, 69, 9
77, 70, 27
77, 75, 9
77, 75, 20
77, 75, 24
77, 76, 3
77, 76, 36
77, 80, 16
77, 81, 46
77, 82, 5
77, 82, 58
77, 84, 29
77, 86, 27
77, 87, 7
77, 87, 15
77, 87, 18
77, 88, 12
77, 88, 41
77, 94, 44
77, 96, 6
77, 96, 23
77, 96, 25
77, 96, 43
77, 98, 12
77, 98, 22
77, 99, 12
77, 99, 36
78, 6, 1
78, 6, 53
78, 11, 2
78, 11, 49
78, 15, 26
78, 18, 21
78, 18, 51
78, 18, 54
78, 26, 20
78, 27, 18
78, 28, 52
78, 31, 5
78, 34, 36
78, 35, 33
78, 37, 17
78, 41, 1
78, 42, 5
78, 43, 11
78, 43, 40
78, 49, 47
78, 55, 52
78, 56, 41
78, 63, 13
78, 67, 14
78, 68, 29
78, 71, 2
78, 72, 42
78, 75, 16
78, 82, 52
78, 85, 21
78, 85, 47
78, 89, 17
78, 89, 49
78, 95, 4
78, 95, 26
78, 95, 48
78, 95, 54
78, 97, 12
78, 98, 23
78, 98, 35
78, 99, 51
78, 100, 36
79, 4, 38
79, 7, 27
79, 8, 27
79, 8, 47
79, 11, 37
79, 13, 27
79, 19, 3
79, 21, 22
79, 23, 31
79, 27, 41
79, 28, 15
79, 32, 43
79, 33, 8
79, 37, 15
79, 41, 18
79, 44, 45
79, 45, 22
79, 45, 30
79, 48, 54
79, 50, 47
79, 52, 37
79, 60, 8
79, 64, 23
79, 68, 38
79, 68, 47
79, 74, 8
79, 74, 30
79, 75, 40
79, 77, 6
79, 77, 37
79, 78, 6
79, 82, 18
79, 82, 43
79, 83, 4
79, 86, 25
79, 87, 61
79, 91, 37
79, 91, 45
79, 95, 22
79, 95, 27
79, 100, 46
80, 1, 5
80, 2, 20
80, 4, 47
80, 6, 54
80, 7, 4
80, 7, 28
80, 7, 33
80, 8, 9
80, 8, 40
80, 9, 18
80, 9, 36
80, 10, 45
80, 13, 13
80, 16, 6
80, 17, 46
80, 20, 8
80, 21, 24
80, 22, 4
80, 26, 25
80, 27, 27
80, 28, 11
80, 31, 38
80, 40, 42
80, 42, 21
80, 42, 26
80, 47, 8
80, 52, 8
80, 52, 31
80, 53, 45
80, 54, 44
80, 55, 9
80, 55, 42
80, 56, 5
80, 58, 18
80, 59, 38
80, 62, 16
80, 62, 33
80, 63, 33
80, 64, 11
80, 66, 54
80, 72, 19
80, 73, 22
80, 75, 4
80, 75, 6
80, 78, 20
80, 78, 29
80, 78, 39
80, 81, 11
80, 83, 13
80, 87, 6
80, 87, 45
80, 88, 40
80, 89, 13
80, 89, 54
80, 90, 21
80, 92, 24
80, 95, 13
80, 96, 9
80, 96, 24
81, 1, 25
81, 2, 9
81, 3, 46
81, 4, 29
81, 4, 35
81, 5, 3
81, 5, 11
81, 10, 51
81, 11, 14
81, 13, 8
81, 13, 24
81, 14, 22
81, 14, 51
81, 16, 39
81, 16, 53
81, 17, 28
81, 19, 26
81, 19, 41
81, 19, 45
81, 25, 46
81, 25, 56
81, 27, 18
81, 27, 20
81, 28, 23
81, 28, 50
81, 33, 49
81, 35, 14
81, 36, 17
81, 38, 29
81, 39, 45
81, 45, 13
81, 45, 27
81, 46, 46
81, 47, 31
81, 49, 19
81, 55, 6
81, 57, 26
81, 60, 34
81, 63, 33
81, 65, 28
81, 68, 16
81, 70, 11
81, 73, 17
81, 73, 38
81, 76, 53
81, 77, 35
81, 78, 30
81, 80, 20
81, 82, 8
81, 83, 4
81, 83, 11
81, 85, 46
81, 88, 10
81, 88, 45
81, 89, 54
81, 95, 46
81, 97, 39
81, 101, 39
82, 1, 19
82, 3, 40
82, 4, 23
82, 4, 31
82, 4, 50
82, 11, 20
82, 11, 33
82, 11, 44
82, 12, 35
82, 23, 4
82, 23, 51
82, 24, 2
82, 24, 16
82, 25, 31
82, 27, 36
82, 28, 35
82, 28, 41
82, 32, 25
82, 35, 25
82, 36, 49
82, 37, 14
82, 37, 42
82, 40, 8
82, 41, 20
82, 41, 34
82, 43, 22
82, 44, 23
82, 46, 37
82, 47, 5
82, 47, 45
82, 49, 8
82, 49, 30
82, 54, 24
82, 55, 30
82, 59, 19
82, 59, 37
82, 63, 10
82, 63, 41
82, 69, 18
82, 70, 16
82, 71, 38
82, 72, 4
82, 75, 12
82, 75, 37
82, 76, 19
82, 84, 23
82, 84, 33
82, 84, 40
82, 85, 32
82, 91, 50
82, 92, 24
82, 92, 38
82, 94, 2
82, 97, 25
82, 98, 8
82, 100, 13
82, 100, 30
82, 101, 4
83, 3, 27
83, 8, 10
83, 8, 40
83, 12, 11
83, 15, 4
83, 16, 22
83, 17, 9
83, 21, 17
83, 23, 49
83, 30, 24
83, 34, 8
83, 37, 9
83, 37, 49
83, 41, 25
83, 41, 34
83, 46, 3
83, 47, 48
83, 51, 38
83, 54, 48
83, 55, 31
83, 56, 14
83, 57, 24
83, 58, 32
83, 61, 6
83, 62, 24
83, 63, 15
83, 64, 29
83, 67, 11
83, 67, 56
83, 68, 30
83, 71, 21
83, 73, 30
83, 76, 3
83, 76, 6
83, 81, 27
83, 84, 29
83, 85, 4
83, 88, 44
83, 89, 48
83, 92, 42
84, 3, 29
84, 4, 12
84, 6, 11
84, 7, 45
84, 8, 38
84, 9, 11
84, 10, 3
84, 11, 31
84, 15, 20
84, 15, 42
84, 16, 2
84, 18, 15
84, 20, 55
84, 22, 36
84, 24, 38
84, 26, 10
84, 27, 40
84, 29, 56
84, 30, 12
84, 30, 45
84, 31, 45
84, 32, 12
84, 33, 14
84, 34, 22
84, 34, 35
84, 35, 22
84, 37, 37
84, 37, 47
84, 37, 63
84, 38, 6
84, 38, 28
84, 38, 47
84, 39, 40
84, 39, 55
84, 46, 38
84, 50, 30
84, 52, 29
84, 53, 18
84, 53, 20
84, 53, 23
84, 57, 44
84, 58, 12
84, 58, 18
84, 61, 10
84, 63, 20
84, 63, 51
84, 64, 39
84, 66, 3
84, 67, 2
84, 67, 17
84, 68, 35
84, 69, 45
84, 70, 36
84, 72, 3
84, 73, 2
84, 73, 22
84, 73, 49
84, 77, 34
84, 80, 15
84, 81, 17
84, 85, 14
84, 86, 32
84, 89, 40
84, 90, 29
84, 90, 55
84, 92, 30
84, 98, 36
84, 101, 47
85, 4, 33
85, 13, 5
85, 13, 25
85, 22, 4
85, 22, 23
85, 28, 16
85, 28, 33
85, 31, 1
85, 31, 41
85, 36, 62
85, 40, 33
85, 40, 52
85, 44, 52
85, 45, 10
85, 45, 14
85, 45, 16
85, 52, 45
85, 55, 39
85, 56, 16
85, 61, 4
85, 61, 28
85, 62, 23
85, 66, 6
85, 67, 35
85, 67, 40
85, 70, 15
85, 72, 12
85, 72, 48
85, 73, 17
85, 73, 50
85, 74, 33
85, 74, 35
85, 79, 36
85, 80, 23
85, 80, 42
85, 83, 4
85, 86, 5
85, 86, 19
85, 86, 31
85, 87, 16
85, 87, 48
85, 96, 29
85, 100, 28
85, 100, 49
85, 101, 25
86, 1, 19
86, 4, 40
86, 6, 7
86, 6, 54
86, 8, 20
86, 9, 15
86, 10, 38
86, 14, 43
86, 18, 6
86, 19, 22
86, 23, 55
86, 25, 47
86, 26, 11
86, 26, 50
86, 29, 16
86, 30, 34
86, 31, 3
86, 35, 32
86, 39, 15
86, 42, 7
86, 42, 37
86, 43, 41
86, 45, 24
86, 45, 31
86, 45, 43
86, 46, 40
86, 48, 23
86, 50, 3
86, 51, 5
86, 51, 34
86, 53, 51
86, 57, 46
86, 59, 36
86, 60, 22
86, 67, 39
86, 70, 27
86, 79, 31
86, 87, 33
86, 88, 36
86, 89, 19
86, 92, 15
86, 92, 54
86, 96, 41
86, 97, 9
86, 97, 34
86, 97, 55
86, 98, 18
86, 99, 16
86, 100, 47
86, 100, 58
87, 2, 44
87, 9, 7
87, 9, 42
87, 10, 49
87, 11, 23
87, 12, 2
87, 12, 5
87, 13, 8
87, 13, 36
87, 14, 18
87, 14, 21
87, 15, 10
87, 18, 31
87, 18, 33
87, 18, 51
87, 20, 8
87, 20, 29
87, 21, 1
87, 21, 44
87, 29, 23
87, 31, 27
87, 37, 8
87, 39, 55
87, 44, 11
87, 46, 9
87, 46, 29
87, 51, 10
87, 53, 11
87, 53, 45
87, 57, 51
87, 58, 47
87, 63, 16
87, 67, 22
87, 68, 9
87, 68, 21
87, 68, 44
87, 69, 18
87, 69, 19
87, 71, 7
87, 72, 40
87, 72, 42
87, 73, 40
87, 74, 10
87, 78, 27
87, 79, 25
87, 81, 1
87, 84, 16
87, 84, 27
87, 86, 35
87, 87, 5
87, 92, 37
87, 95, 7
87, 95, 44
87, 97, 45
87, 100, 49
88, 3, 48
88, 4, 50
88, 11, 11
88, 13, 45
88, 14, 53
88, 15, 12
88, 15, 47
88, 16, 35
88, 18, 44
88, 20, 29
88, 20, 52
88, 23, 10
88, 26, 28
88, 27, 20
88, 30, 10
88, 35, 3
88, 38, 10
88, 39, 18
88, 40, 21
88, 41, 37
88, 41, 47
88, 43, 21
88, 44, 34
88, 46, 6
88, 46, 48
88, 47, 28
88, 50, 15
88, 51, 4
88, 53, 42
88, 57, 39
88, 59, 12
88, 68, 23
88, 69, 37
88, 70, 22
88, 71, 56
88, 75, 48
88, 76, 37
88, 77, 52
88, 79, 9
88, 80, 6
88, 80, 48
88, 83, 26
88, 85, 11
88, 88, 54
88, 89, 45
88, 94, 26
88, 97, 20
88, 98, 6
88, 98, 56
88, 100, 34
89, 1, 11
89, 1, 41
89, 4, 33
89, 6, 3
89, 7, 51
89, 11, 29
89, 12, 26
89, 13, 40
89, 16, 51
89, 17, 25
89, 17, 30
89, 18, 37
89, 19, 5
89, 20, 20
89, 22, 27
89, 25, 17
89, 30, 36
89, 33, 43
89, 36, 28
89, 36, 36
89, 37, 11
89, 38, 38
89, 41, 8
89, 41, 11
89, 50, 26
89, 51, 45
89, 53, 49
89, 54, 39
89, 55, 34
89, 57, 50
89, 60, 45
89, 64, 51
89, 68, 26
89, 69, 48
89, 70, 5
89, 71, 30
89, 79, 30
89, 81, 40
89, 83, 8
89, 84, 22
89, 86, 11
89, 86, 45
89, 87, 22
89, 88, 3
89, 88, 36
89, 91, 45
89, 94, 30
89, 95, 25
89, 96, 36
89, 96, 37
90, 4, 26
90, 5, 7
90, 5, 38
90, 7, 35
90, 8, 9
90, 11, 9
90, 11, 23
90, 13, 25
90, 15, 13
90, 16, 14
90, 16, 34
90, 17, 3
90, 17, 32
90, 18, 33
90, 19, 47
90, 21, 19
90, 26, 36
90, 27, 46
90, 31, 34
90, 32, 9
90, 34, 18
90, 36, 43
90, 37, 25
90, 39, 31
90, 41, 47
90, 42, 15
90, 46, 32
90, 46, 38
90, 48, 15
90, 49, 40
90, 54, 1
90, 56, 34
90, 57, 17
90, 57, 39
90, 58, 16
90, 59, 43
90, 66, 32
90, 67, 18
90, 67, 51
90, 68, 46
90, 68, 51
90, 69, 21
90, 70, 9
90, 70, 21
90, 70, 26
90, 72, 40
90, 73, 49
90, 83, 25
90, 84, 12
90, 89, 68
90, 90, 5
90, 94, 7
90, 94, 9
90, 95, 34
90, 97, 31
91, 1, 39
91, 2, 17
91, 3, 10
91, 3, 49
91, 7, 34
91, 10, 27
91, 13, 18
91, 19, 8
91, 19, 37
91, 22, 15
91, 25, 36
91, 26, 31
91, 31, 10
91, 31, 54
91, 33, 49
91, 34, 16
91, 38, 4
91, 44, 50
91, 51, 45
91, 52, 29
91, 57, 5
91, 57, 45
91, 58, 44
91, 61, 10
91, 64, 48
91, 68, 35
91, 70, 34
91, 78, 3
91, 81, 36
91, 84, 3
91, 84, 35
91, 85, 14
91, 86, 5
91, 87, 8
91, 87, 24
91, 89, 15
91, 92, 16
91, 94, 27
91, 95, 27
91, 99, 17
91, 99, 29
91, 101, 7
92, 1, 4
92, 2, 14
92, 4, 23
92, 4, 36
92, 4, 47
92, 7, 34
92, 9, 6
92, 10, 51
92, 12, 17
92, 12, 47
92, 14, 31
92, 14, 42
92, 16, 6
92, 20, 55
92, 22, 2
92, 22, 23
92, 23, 37
92, 29, 53
92, 30, 31
92, 33, 33
92, 33, 39
92, 35, 9
92, 35, 27
92, 37, 13
92, 37, 17
92, 41, 32
92, 42, 35
92, 45, 43
92, 46, 17
92, 47, 8
92, 47, 24
92, 56, 36
92, 57, 39
92, 57, 46
92, 57, 52
92, 58, 14
92, 59, 31
92, 61, 5
92, 67, 57
92, 68, 26
92, 68, 51
92, 72, 48
92, 73, 19
92, 73, 47
92, 75, 35
92, 77, 8
92, 79, 6
92, 79, 15
92, 79, 30
92, 80, 51
92, 83, 27
92, 84, 24
92, 84, 49
92, 86, 47
92, 87, 22
92, 87, 31
92, 87, 37
92, 88, 36
92, 90, 16
92, 92, 26
92, 95, 42
92, 97, 17
92, 99, 25
93, 1, 31
93, 4, 26
93, 4, 55
93, 8, 33
93, 11, 11
93, 11, 55
93, 16, 19
93, 16, 35
93, 17, 39
93, 24, 27
93, 26, 52
93, 27, 21
93, 28, 8
93, 29, 11
93, 30, 20
93, 34, 10
93, 37, 21
93, 40, 53
93, 41, 44
93, 43, 20
93, 44, 50
93, 46, 2
93, 46, 47
93, 47, 6
93, 51, 4
93, 51, 47
93, 59, 47
93, 60, 17
93, 62, 41
93, 64, 48
93, 65, 7
93, 76, 44
93, 79, 22
93, 83, 21
93, 83, 45
93, 87, 31
93, 89, 30
93, 90, 35
93, 97, 19
93, 97, 26
93, 98, 39
94, 2, 12
94, 5, 1
94, 6, 47
94, 8, 15
94, 9, 36
94, 9, 42
94, 12, 17
94, 14, 24
94, 16, 34
94, 17, 16
94, 17, 28
94, 21, 7
94, 22, 37
94, 25, 1
94, 25, 28
94, 28, 47
94, 30, 45
94, 30, 51
94, 33, 16
94, 33, 45
94, 34, 9
94, 36, 47
94, 37, 40
94, 42, 21
94, 45, 33
94, 46, 6
94, 48, 44
94, 56, 6
94, 57, 19
94, 57, 39
94, 58, 45
94, 58, 48
94, 60, 13
94, 63, 6
94, 63, 12
94, 64, 23
94, 65, 2
94, 65, 25
94, 68, 32
94, 68, 49
94, 73, 24
94, 77, 42
94, 81, 9
94, 85, 16
94, 86, 32
94, 90, 45
94, 96, 37
94, 97, 45
94, 99, 6
94, 100, 12
94, 100, 28
95, 4, 35
95, 6, 49
95, 7, 1
95, 8, 31
95, 10, 39
95, 12, 7
95, 17, 45
95, 18, 6
95, 18, 19
95, 18, 46
95, 20, 50
95, 22, 20
95, 28, 3
95, 32, 27
95, 34, 8
95, 34, 51
95, 36, 10
95, 37, 27
95, 39, 29
95, 43, 2
95, 45, 18
95, 52, 15
95, 53, 16
95, 53, 41
95, 55, 18
95, 55, 28
95, 55, 49
95, 56, 23
95, 62, 10
95, 64, 6
95, 65, 16
95, 69, 5
95, 70, 17
95, 70, 34
95, 72, 10
95, 78, 17
95, 82, 9
95, 87, 21
95, 88, 3
95, 91, 46
95, 92, 34
95, 96, 45
95, 97, 46
95, 101, 1
96, 8, 18
96, 20, 43
96, 21, 29
96, 21, 41
96, 23, 51
96, 24, 24
96, 24, 28
96, 25, 18
96, 26, 15
96, 29, 2
96, 29, 43
96, 30, 27
96, 32, 35
96, 34, 29
96, 40, 51
96, 43, 30
96, 48, 23
96, 50, 1
96, 50, 47
96, 54, 35
96, 55, 45
96, 56, 21
96, 58, 20
96, 60, 32
96, 62, 21
96, 62, 25
96, 62, 40
96, 64, 2
96, 64, 24
96, 69, 3
96, 81, 32
96, 82, 23
96, 86, 9
96, 92, 26
96, 93, 3
96, 95, 51
96, 99, 17
96, 99, 43
96, 101, 37
97, 2, 7
97, 2, 31
97, 4, 49
97, 5, 23
97, 5, 33
97, 7, 46
97, 8, 39
97, 10, 29
97, 13, 13
97, 13, 14
97, 13, 51
97, 19, 51
97, 20, 23
97, 21, 20
97, 21, 65
97, 22, 57
97, 26, 7
97, 27, 38
97, 29, 16
97, 29, 33
97, 31, 5
97, 35, 4
97, 37, 5
97, 38, 6
97, 39, 12
97, 41, 12
97, 41, 52
97, 44, 48
97, 45, 34
97, 46, 19
97, 48, 23
97, 48, 36
97, 48, 57
97, 59, 46
97, 61, 8
97, 66, 13
97, 66, 35
97, 70, 3
97, 74, 31
97, 74, 47
97, 76, 42
97, 81, 12
97, 82, 20
97, 83, 46
97, 84, 41
97, 85, 7
97, 85, 39
97, 85, 51
97, 90, 7
97, 90, 13
97, 94, 25
97, 96, 6
97, 96, 12
97, 97, 33
97, 98, 52
97, 99, 11
98, 1, 57
98, 10, 42
98, 14, 27
98, 16, 25
98, 19, 13
98, 22, 20
98, 22, 54
98, 22, 55
98, 23, 10
98, 23, 19
98, 23, 28
98, 25, 15
98, 30, 32
98, 31, 50
98, 33, 22
98, 33, 25
98, 35, 18
98, 36, 44
98, 39, 3
98, 40, 49
98, 41, 32
98, 42, 29
98, 53, 4
98, 54, 42
98, 55, 33
98, 56, 12
98, 56, 14
98, 59, 4
98, 59, 27
98, 63, 25
98, 65, 14
98, 72, 13
98, 74, 4
98, 80, 27
98, 84, 55
98, 90, 47
98, 91, 23
98, 92, 21
98, 96, 33
98, 97, 24
98, 97, 56
98, 100, 11
99, 2, 12
99, 4, 43
99, 5, 17
99, 5, 35
99, 6, 7
99, 6, 38
99, 8, 37
99, 8, 39
99, 11, 60
99, 14, 23
99, 17, 34
99, 18, 6
99, 23, 39
99, 26, 7
99, 26, 12
99, 27, 15
99, 27, 41
99, 27, 51
99, 28, 21
99, 33, 18
99, 40, 6
99, 40, 29
99, 42, 37
99, 45, 34
99, 45, 50
99, 47, 41
99, 47, 46
99, 49, 27
99, 49, 45
99, 51, 7
99, 53, 42
99, 54, 32
99, 55, 49
99, 57, 2
99, 57, 43
99, 58, 19
99, 58, 27
99, 58, 32
99, 60, 37
99, 61, 44
99, 61, 45
99, 62, 35
99, 64, 7
99, 64, 28
99, 68, 48
99, 69, 31
99, 74, 6
99, 76, 34
99, 76, 50
99, 78, 36
99, 79, 15
99, 80, 27
99, 80, 35
99, 80, 37
99, 86, 14
99, 87, 6
99, 90, 22
99, 92, 12
99, 94, 4
99, 94, 17
99, 95, 29
99, 95, 50
99, 98, 4
99, 98, 7
99, 100, 2
99, 101, 48
100, 1, 28
100, 1, 49
100, 3, 21
100, 4, 50
100, 8, 45
100, 14, 9
100, 18, 36
100, 19, 44
100, 20, 32
100, 22, 35
100, 25, 42
100, 28, 8
100, 28, 48
100, 29, 3
100, 29, 42
100, 34, 14
100, 36, 13
100, 40, 27
100, 41, 15
100, 41, 32
100, 42, 39
100, 42, 42
100, 45, 20
100, 57, 35
100, 59, 5
100, 59, 25
100, 64, 13
100, 64, 18
100, 73, 42
100, 73, 43
100, 73, 44
100, 74, 28
100, 75, 49
100, 77, 37
100, 78, 27
100, 80, 2
100, 80, 23
100, 81, 47
100, 84, 27
100, 85, 43
100, 87, 29
100, 87, 49
100, 90, 37
100, 91, 33
100, 92, 45
100, 93, 10
100, 95, 6
100, 95, 27
100, 96, 12
100, 99, 34
100, 100, 36
101, 2, 16
101, 3, 3
101, 5, 6
101, 5, 47
101, 8, 41
101, 8, 43
101, 9, 1
101, 10, 22
101, 11, 8
101, 11, 33
101, 14, 33
101, 18, 18
101, 19, 14
101, 24, 1
101, 24, 46
101, 25, 45
101, 29, 7
101, 29, 10
101, 31, 21
101, 32, 18
101, 32, 20
101, 33, 9
101, 44, 12
101, 47, 7
101, 47, 8
101, 49, 14
101, 53, 12
101, 54, 5
101, 55, 16
101, 55, 36
101, 57, 29
101, 57, 48
101, 62, 12
101, 65, 14
101, 65, 20
101, 68, 7
101, 68, 29
101, 68, 44
101, 68, 47
101, 69, 12
101, 70, 14
101, 70, 48
101, 71, 33
101, 76, 23
101, 78, 26
101, 78, 50
101, 79, 45
101, 89, 47
101, 91, 5
101, 92, 28
101, 97, 23
101, 97, 39
101, 98, 13
101, 98, 36
101, 100, 1
101, 101, 12
