1, 2, 8
1, 2, 45
1, 3, 11
1, 3, 34
1, 5, 7
1, 5, 34
1, 8, 52
1, 10, 25
1, 10, 33
1, 13, 33
1, 14, 16
1, 16, 27
1, 16, 34
1, 17, 52
1, 17, 54
1, 18, 33
1, 20, 39
1, 21, 3
1, 23, 46
1, 24, 1
1, 24, 28
1, 26, 33
1, 26, 39
1, 27, 9
1, 29, 52
1, 33, 48
1, 34, 5
1, 35, 12
1, 36, 7
1, 36, 13
1, 40, 35
1, 42, 24
1, 42, 25
1, 42, 31
1, 42, 38
1, 45, 40
1, 46, 18
1, 47, 8
1, 47, 17
1, 49, 37
1, 49, 48
1, 50, 43
1, 52, 16
1, 56, 7
1, 57, 40
1, 58, 18
1, 59, 17
1, 62, 44
1, 63, 20
1, 64, 42
1, 66, 54
1, 67, 46
1, 69, 53
1, 70, 24
1, 70, 28
1, 70, 43
1, 71, 50
1, 73, 52
1, 74, 31
1, 76, 23
1, 76, 39
1, 78, 34
1, 79, 27
1, 81, 7
1, 82, 23
1, 83, 11
1, 84, 31
1, 87, 25
1, 88, 24
1, 88, 51
1, 89, 46
1, 90, 49
1, 91, 5
1, 93, 33
1, 94, 13
1, 95, 23
1, 95, 32
1, 96, 7
1, 98, 6
1, 98, 28
1, 99, 34
1, 99, 41
1, 100, 11
1, 100, 17
2, 1, 12
2, 2, 36
2, 3, 19
2, 3, 31
2, 3, 37
2, 3, 52
2, 4, 31
2, 8, 14
2, 8, 27
2, 8, 47
2, 9, 33
2, 11, 16
2, 13, 11
2, 14, 46
2, 15, 10
2, 15, 13
2, 15, 19
2, 15, 31
2, 17, 43
2, 18, 51
2, 21, 47
2, 23, 36
2, 23, 42
2, 24, 1
2, 25, 25
2, 26, 4
2, 26, 24
2, 28, 2
2, 29, 31
2, 30, 8
2, 31, 15
2, 31, 19
2, 31, 57
2, 33, 3
2, 33, 8
2, 34, 13
2, 34, 43
2, 36, 5
2, 36, 7
2, 37, 5
2, 38, 30
2, 39, 17
2, 39, 33
2, 39, 46
2, 40, 5
2, 41, 10
2, 41, 28
2, 42, 15
2, 48, 4
2, 48, 23
2, 48, 56
2, 50, 25
2, 51, 29
2, 51, 37
2, 51, 42
2, 52, 9
2, 52, 21
2, 55, 32
2, 55, 42
2, 56, 12
2, 57, 37
2, 58, 37
2, 59, 44
2, 60, 18
2, 62, 46
2, 65, 9
2, 65, 11
2, 65, 51
2, 69, 29
2, 70, 50
2, 71, 50
2, 73, 11
2, 73, 49
2, 74, 25
2, 75, 8
2, 75, 24
2, 75, 46
2, 77, 1
2, 77, 9
2, 77, 46
2, 78, 6
2, 81, 12
2, 82, 52
2, 83, 37
2, 83, 46
2, 83, 50
2, 86, 2
2, 86, 4
2, 87, 31
2, 87, 39
2, 88, 19
2, 88, 23
2, 89, 30
2, 89, 53
2, 90, 20
2, 90, 32
2, 93, 19
2, 101, 15
2, 101, 23
3, 1, 14
3, 2, 12
3, 2, 47
3, 4, 3
3, 4, 5
3, 4, 11
3, 4, 39
3, 7, 26
3, 8, 21
3, 9, 3
3, 9, 18
3, 10, 4
3, 10, 10
3, 10, 40
3, 11, 33
3, 12, 28
3, 12, 54
3, 14, 39
3, 18, 29
3, 18, 50
3, 19, 23
3, 20, 44
3, 21, 48
3, 22, 12
3, 23, 49
3, 26, 34
3, 27, 20
3, 28, 20
3, 29, 15
3, 29, 42
3, 30, 29
3, 31, 16
3, 33, 4
3, 33, 36
3, 35, 3
3, 35, 27
3, 37, 17
3, 37, 21
3, 39, 10
3, 40, 2
3, 40, 31
3, 41, 12
3, 41, 22
3, 41, 49
3, 42, 45
3, 44, 14
3, 47, 7
3, 48, 40
3, 48, 46
3, 49, 26
3, 49, 39
3, 52, 28
3, 55, 10
3, 55, 21
3, 56, 22
3, 57, 27
3, 60, 27
3, 60, 35
3, 61, 4
3, 62, 26
3, 63, 24
3, 64, 1
3, 70, 12
3, 70, 20
3, 73, 18
3, 73, 46
3, 75, 7
3, 76, 37
3, 76, 44
3, 76, 47
3, 77, 2
3, 77, 3
3, 77, 5
3, 78, 36
3, 79, 39
3, 79, 49
3, 80, 14
3, 80, 20
3, 82, 23
3, 83, 28
3, 84, 19
3, 85, 34
3, 87, 26
3, 90, 37
3, 91, 24
3, 91, 44
3, 92, 21
3, 93, 31
3, 95, 11
3, 99, 37
3, 99, 39
3, 100, 43
4, 7, 40
4, 10, 29
4, 15, 28
4, 18, 23
4, 19, 7
4, 21, 22
4, 22, 36
4, 22, 37
4, 23, 16
4, 23, 32
4, 33, 39
4, 34, 28
4, 37, 20
4, 37, 42
4, 38, 37
4, 40, 3
4, 40, 30
4, 40, 35
4, 40, 41
4, 40, 44
4, 43, 2
4, 43, 16
4, 43, 39
4, 45, 39
4, 47, 7
4, 51, 35
4, 51, 45
4, 52, 28
4, 55, 27
4, 55, 40
4, 58, 18
4, 61, 18
4, 61, 30
4, 62, 36
4, 64, 26
4, 68, 26
4, 69, 5
4, 70, 11
4, 70, 46
4, 72, 21
4, 72, 48
4, 75, 13
4, 80, 3
4, 83, 35
4, 84, 22
4, 85, 28
4, 92, 10
4, 95, 20
4, 96, 51
4, 97, 39
4, 99, 39
4, 100, 4
4, 100, 36
4, 101, 13
4, 101, 32
5, 2, 2
5, 2, 20
5, 2, 39
5, 3, 12
5, 3, 28
5, 3, 51
5, 3, 58
5, 5, 4
5, 6, 2
5, 7, 16
5, 8, 37
5, 8, 43
5, 10, 11
5, 11, 20
5, 11, 26
5, 12, 29
5, 13, 12
5, 13, 38
5, 16, 9
5, 16, 15
5, 16, 26
5, 16, 52
5, 18, 6
5, 19, 32
5, 20, 8
5, 21, 17
5, 23, 26
5, 23, 28
5, 25, 38
5, 27, 42
5, 29, 44
5, 32, 54
5, 34, 11
5, 38, 27
5, 38, 49
5, 39, 20
5, 39, 23
5, 39, 36
5, 41, 1
5, 42, 5
5, 43, 38
5, 44, 54
5, 45, 34
5, 46, 37
5, 47, 4
5, 48, 6
5, 48, 20
5, 48, 27
5, 48, 51
5, 51, 20
5, 52, 6
5, 53, 16
5, 53, 36
5, 53, 38
5, 58, 22
5, 59, 15
5, 60, 40
5, 63, 2
5, 63, 23
5, 64, 11
5, 64, 13
5, 68, 24
5, 68, 57
5, 72, 29
5, 74, 3
5, 75, 6
5, 75, 8
5, 75, 37
5, 75, 52
5, 77, 35
5, 78, 9
5, 78, 12
5, 78, 15
5, 78, 18
5, 78, 58
5, 79, 18
5, 79, 27
5, 83, 25
5, 83, 32
5, 85, 9
5, 85, 15
5, 87, 15
5, 87, 47
5, 89, 9
5, 89, 42
5, 92, 30
5, 92, 49
5, 93, 8
5, 93, 16
5, 94, 37
5, 96, 1
5, 98, 24
5, 100, 46
5, 101, 17
5, 101, 42
6, 1, 12
6, 3, 25
6, 3, 35
6, 3, 53
6, 5, 22
6, 6, 5
6, 6, 31
6, 7, 10
6, 7, 24
6, 7, 46
6, 11, 34
6, 15, 30
6, 15, 61
6, 16, 12
6, 16, 45
6, 17, 3
6, 17, 43
6, 18, 37
6, 20, 41
6, 22, 10
6, 24, 30
6, 26, 27
6, 27, 53
6, 28, 9
6, 29, 16
6, 29, 49
6, 31, 47
6, 33, 7
6, 34, 39
6, 35, 18
6, 35, 41
6, 37, 1
6, 38, 36
6, 39, 9
6, 39, 12
6, 39, 44
6, 45, 34
6, 45, 53
6, 47, 14
6, 48, 29
6, 53, 44
6, 54, 7
6, 54, 30
6, 56, 12
6, 57, 24
6, 58, 43
6, 60, 24
6, 61, 5
6, 61, 44
6, 62, 30
6, 63, 24
6, 65, 16
6, 65, 48
6, 67, 1
6, 67, 27
6, 74, 31
6, 74, 51
6, 75, 22
6, 77, 44
6, 78, 32
6, 78, 49
6, 80, 24
6, 80, 35
6, 81, 25
6, 86, 22
6, 88, 43
6, 90, 6
6, 93, 39
6, 95, 37
6, 95, 42
6, 96, 3
6, 100, 41
7, 2, 4
7, 2, 13
7, 2, 42
7, 4, 16
7, 6, 19
7, 6, 34
7, 8, 51
7, 9, 9
7, 9, 22
7, 9, 40
7, 10, 7
7, 12, 29
7, 12, 45
7, 13, 29
7, 16, 13
7, 16, 29
7, 17, 45
7, 19, 19
7, 20, 11
7, 20, 16
7, 20, 29
7, 21, 1
7, 21, 30
7, 22, 52
7, 24, 16
7, 24, 31
7, 26, 7
7, 29, 2
7, 31, 41
7, 33, 22
7, 33, 32
7, 35, 44
7, 46, 30
7, 46, 33
7, 48, 7
7, 53, 51
7, 55, 52
7, 56, 16
7, 58, 12
7, 59, 43
7, 60, 8
7, 63, 51
7, 64, 34
7, 65, 34
7, 68, 48
7, 70, 34
7, 73, 3
7, 74, 7
7, 75, 40
7, 76, 13
7, 78, 29
7, 85, 37
7, 85, 40
7, 86, 50
7, 89, 2
7, 89, 26
7, 89, 30
7, 89, 52
7, 90, 34
7, 92, 19
7, 92, 41
7, 96, 47
7, 100, 7
7, 100, 32
8, 1, 5
8, 1, 45
8, 2, 18
8, 3, 23
8, 6, 22
8, 6, 27
8, 7, 36
8, 7, 50
8, 10, 15
8, 10, 19
8, 10, 42
8, 11, 41
8, 12, 25
8, 14, 45
8, 15, 51
8, 16, 16
8, 18, 9
8, 18, 35
8, 19, 51
8, 20, 27
8, 20, 34
8, 21, 13
8, 21, 27
8, 22, 5
8, 23, 22
8, 23, 36
8, 26, 4
8, 26, 45
8, 31, 48
8, 32, 23
8, 32, 44
8, 34, 30
8, 35, 13
8, 36, 31
8, 40, 25
8, 40, 31
8, 41, 16
8, 43, 54
8, 46, 42
8, 47, 33
8, 48, 26
8, 50, 19
8, 50, 42
8, 51, 17
8, 51, 46
8, 52, 30
8, 52, 35
8, 53, 1
8, 53, 6
8, 53, 50
8, 54, 10
8, 54, 27
8, 55, 44
8, 63, 19
8, 66, 41
8, 70, 24
8, 71, 11
8, 71, 33
8, 72, 24
8, 74, 39
8, 80, 44
8, 81, 26
8, 83, 9
8, 83, 13
8, 83, 17
8, 83, 50
8, 85, 15
8, 86, 35
8, 87, 9
8, 87, 19
8, 90, 12
8, 91, 28
8, 91, 51
8, 92, 8
8, 92, 26
8, 93, 45
8, 94, 2
8, 95, 32
8, 96, 11
8, 96, 51
8, 97, 6
8, 97, 10
8, 98, 46
9, 2, 19
9, 3, 6
9, 3, 27
9, 5, 36
9, 6, 42
9, 8, 6
9, 9, 9
9, 9, 32
9, 11, 11
9, 12, 46
9, 14, 48
9, 15, 6
9, 16, 37
9, 18, 25
9, 19, 57
9, 23, 6
9, 23, 28
9, 23, 34
9, 23, 43
9, 25, 4
9, 26, 46
9, 27, 32
9, 28, 11
9, 29, 5
9, 29, 35
9, 33, 14
9, 33, 23
9, 41, 23
9, 41, 41
9, 41, 46
9, 43, 24
9, 45, 36
9, 46, 51
9, 47, 22
9, 47, 31
9, 49, 30
9, 50, 1
9, 50, 5
9, 51, 18
9, 51, 42
9, 53, 35
9, 55, 48
9, 56, 34
9, 58, 2
9, 60, 47
9, 61, 9
9, 61, 14
9, 62, 27
9, 62, 37
9, 62, 41
9, 65, 31
9, 68, 19
9, 69, 4
9, 69, 11
9, 69, 50
9, 70, 37
9, 72, 49
9, 73, 6
9, 73, 28
9, 75, 18
9, 77, 7
9, 82, 33
9, 85, 3
9, 85, 42
9, 85, 46
9, 86, 31
9, 87, 26
9, 90, 36
9, 91, 2
9, 92, 22
9, 95, 40
9, 96, 10
9, 96, 25
9, 96, 35
9, 98, 34
9, 99, 19
9, 100, 51
9, 101, 3
9, 101, 57
10, 2, 3
10, 2, 50
10, 4, 48
10, 5, 8
10, 5, 17
10, 9, 39
10, 11, 12
10, 13, 13
10, 13, 15
10, 13, 29
10, 15, 20
10, 20, 20
10, 21, 4
10, 21, 45
10, 25, 21
10, 26, 3
10, 28, 6
10, 31, 33
10, 32, 43
10, 33, 3
10, 33, 27
10, 35, 10
10, 36, 20
10, 36, 32
10, 36, 42
10, 39, 7
10, 42, 23
10, 43, 40
10, 45, 29
10, 45, 42
10, 47, 47
10, 50, 25
10, 51, 10
10, 52, 37
10, 53, 5
10, 53, 9
10, 53, 38
10, 54, 4
10, 54, 52
10, 55, 15
10, 59, 36
10, 60, 6
10, 61, 36
10, 61, 52
10, 62, 22
10, 62, 26
10, 63, 31
10, 64, 48
10, 66, 8
10, 66, 13
10, 67, 17
10, 68, 6
10, 68, 12
10, 68, 53
10, 70, 39
10, 73, 42
10, 74, 4
10, 75, 21
10, 76, 24
10, 78, 41
10, 82, 9
10, 82, 27
10, 84, 18
10, 84, 22
10, 84, 35
10, 85, 20
10, 88, 3
10, 88, 7
10, 88, 40
10, 88, 41
10, 91, 12
10, 91, 38
10, 92, 15
10, 93, 12
10, 96, 14
10, 96, 29
10, 98, 3
10, 98, 22
10, 98, 42
10, 100, 23
10, 101, 45
11, 2, 10
11, 5, 11
11, 6, 33
11, 8, 53
11, 10, 3
11, 13, 7
11, 17, 22
11, 18, 1
11, 20, 26
11, 21, 22
11, 23, 19
11, 25, 31
11, 25, 34
11, 25, 49
11, 27, 16
11, 27, 25
11, 29, 17
11, 29, 39
11, 31, 40
11, 32, 30
11, 33, 24
11, 34, 35
11, 38, 40
11, 40, 36
11, 41, 13
11, 41, 14
11, 41, 37
11, 42, 23
11, 47, 16
11, 49, 25
11, 51, 12
11, 51, 17
11, 54, 14
11, 56, 41
11, 58, 24
11, 58, 32
11, 59, 7
11, 61, 30
11, 62, 12
11, 63, 34
11, 65, 2
11, 67, 33
11, 67, 46
11, 68, 29
11, 69, 35
11, 70, 45
11, 75, 25
11, 77, 53
11, 77, 54
11, 79, 26
11, 80, 23
11, 81, 33
11, 81, 40
11, 81, 49
11, 82, 1
11, 82, 13
11, 84, 3
11, 84, 30
11, 85, 31
11, 86, 30
11, 86, 39
11, 87, 11
11, 87, 47
11, 88, 12
11, 90, 16
11, 90, 21
11, 91, 10
11, 91, 38
11, 92, 18
11, 94, 34
11, 98, 7
11, 98, 47
11, 100, 26
11, 101, 22
12, 3, 52
12, 4, 5
12, 5, 18
12, 5, 39
12, 6, 21
12, 7, 26
12, 11, 3
12, 11, 20
12, 11, 46
12, 11, 52
12, 13, 30
12, 15, 34
12, 16, 7
12, 20, 24
12, 21, 5
12, 23, 6
12, 24, 22
12, 25, 32
12, 29, 46
12, 31, 3
12, 31, 28
12, 31, 33
12, 31, 37
12, 36, 9
12, 36, 49
12, 40, 16
12, 42, 28
12, 43, 48
12, 43, 55
12, 44, 49
12, 47, 43
12, 50, 2
12, 50, 40
12, 51, 6
12, 51, 15
12, 53, 5
12, 53, 20
12, 53, 35
12, 54, 19
12, 58, 42
12, 58, 44
12, 65, 52
12, 68, 37
12, 69, 18
12, 70, 26
12, 71, 7
12, 73, 12
12, 74, 15
12, 76, 13
12, 76, 32
12, 78, 4
12, 83, 11
12, 83, 16
12, 84, 1
12, 85, 24
12, 85, 34
12, 88, 28
12, 89, 2
12, 93, 9
12, 95, 5
12, 95, 13
12, 95, 48
12, 98, 44
12, 99, 8
13, 1, 5
13, 2, 44
13, 3, 33
13, 7, 13
13, 7, 47
13, 8, 30
13, 10, 28
13, 11, 12
13, 11, 44
13, 12, 15
13, 14, 20
13, 14, 40
13, 16, 20
13, 16, 31
13, 18, 10
13, 18, 30
13, 18, 44
13, 18, 50
13, 19, 39
13, 20, 20
13, 21, 9
13, 21, 19
13, 21, 43
13, 23, 2
13, 23, 28
13, 28, 6
13, 29, 28
13, 30, 37
13, 31, 38
13, 32, 18
13, 32, 31
13, 33, 38
13, 35, 2
13, 35, 35
13, 35, 44
13, 37, 26
13, 41, 2
13, 42, 41
13, 42, 52
13, 44, 59
13, 45, 1
13, 46, 7
13, 47, 27
13, 48, 18
13, 50, 26
13, 54, 30
13, 56, 1
13, 60, 5
13, 61, 58
13, 62, 35
13, 64, 25
13, 64, 47
13, 64, 48
13, 66, 21
13, 66, 33
13, 73, 40
13, 74, 27
13, 75, 27
13, 75, 33
13, 76, 35
13, 77, 33
13, 78, 37
13, 79, 50
13, 81, 33
13, 88, 35
13, 90, 2
13, 90, 45
13, 91, 47
13, 92, 52
13, 93, 34
13, 96, 1
13, 96, 15
13, 99, 10
13, 100, 19
13, 101, 5
14, 1, 48
14, 3, 4
14, 3, 39
14, 4, 31
14, 4, 44
14, 5, 36
14, 8, 46
14, 10, 8
14, 15, 11
14, 15, 24
14, 15, 42
14, 17, 43
14, 19, 18
14, 21, 31
14, 22, 31
14, 25, 28
14, 27, 37
14, 27, 41
14, 28, 34
14, 29, 9
14, 29, 10
14, 29, 20
14, 29, 44
14, 31, 56
14, 34, 4
14, 35, 13
14, 36, 53
14, 37, 53
14, 38, 18
14, 40, 5
14, 41, 39
14, 43, 34
14, 43, 50
14, 44, 2
14, 45, 24
14, 47, 24
14, 48, 35
14, 48, 36
14, 51, 23
14, 52, 23
14, 53, 20
14, 55, 52
14, 57, 4
14, 59, 37
14, 60, 6
14, 60, 51
14, 65, 3
14, 65, 44
14, 69, 9
14, 69, 25
14, 70, 18
14, 74, 16
14, 75, 21
14, 82, 32
14, 82, 36
14, 82, 41
14, 82, 56
14, 85, 5
14, 87, 8
14, 87, 13
14, 89, 6
14, 90, 31
14, 91, 42
14, 93, 53
14, 95, 37
14, 97, 11
14, 100, 16
14, 101, 46
15, 1, 11
15, 1, 38
15, 1, 59
15, 2, 42
15, 2, 46
15, 3, 31
15, 4, 17
15, 4, 33
15, 6, 2
15, 6, 7
15, 6, 30
15, 6, 44
15, 7, 50
15, 10, 24
15, 11, 14
15, 11, 21
15, 11, 27
15, 11, 38
15, 11, 45
15, 12, 10
15, 13, 47
15, 14, 42
15, 15, 22
15, 15, 39
15, 15, 54
15, 18, 11
15, 18, 51
15, 20, 9
15, 21, 20
15, 21, 39
15, 22, 7
15, 24, 21
15, 26, 49
15, 27, 49
15, 29, 29
15, 32, 12
15, 32, 32
15, 36, 13
15, 37, 31
15, 39, 53
15, 40, 18
15, 40, 45
15, 41, 19
15, 41, 49
15, 43, 46
15, 43, 55
15, 44, 36
15, 45, 13
15, 45, 25
15, 48, 35
15, 49, 38
15, 50, 28
15, 53, 7
15, 53, 53
15, 54, 4
15, 54, 34
15, 55, 30
15, 55, 43
15, 56, 19
15, 56, 33
15, 56, 44
15, 62, 4
15, 64, 20
15, 64, 23
15, 64, 39
15, 66, 2
15, 66, 52
15, 68, 51
15, 69, 2
15, 69, 49
15, 70, 32
15, 72, 4
15, 72, 42
15, 73, 51
15, 74, 25
15, 75, 9
15, 75, 35
15, 77, 39
15, 78, 47
15, 79, 2
15, 79, 13
15, 79, 40
15, 80, 22
15, 82, 27
15, 82, 31
15, 84, 22
15, 87, 36
15, 87, 46
15, 88, 21
15, 89, 19
15, 91, 49
15, 92, 8
15, 92, 33
15, 94, 26
15, 95, 30
15, 95, 33
15, 96, 22
15, 98, 18
15, 99, 35
15, 99, 36
15, 100, 35
15, 101, 38
16, 5, 25
16, 5, 34
16, 9, 6
16, 9, 18
16, 9, 23
16, 10, 39
16, 11, 22
16, 12, 19
16, 14, 8
16, 15, 17
16, 16, 30
16, 18, 33
16, 18, 40
16, 18, 50
16, 19, 6
16, 19, 22
16, 19, 36
16, 24, 15
16, 24, 36
16, 25, 11
16, 25, 44
16, 26, 5
16, 26, 25
16, 26, 50
16, 27, 42
16, 34, 27
16, 34, 51
16, 35, 28
16, 36, 22
16, 37, 8
16, 38, 39
16, 41, 41
16, 44, 4
16, 44, 42
16, 47, 10
16, 48, 13
16, 49, 16
16, 49, 48
16, 50, 22
16, 50, 35
16, 51, 6
16, 51, 29
16, 52, 10
16, 52, 37
16, 55, 8
16, 56, 50
16, 57, 39
16, 59, 10
16, 59, 49
16, 60, 26
16, 61, 30
16, 62, 12
16, 62, 14
16, 62, 25
16, 63, 8
16, 64, 37
16, 65, 40
16, 71, 36
16, 72, 23
16, 74, 11
16, 76, 18
16, 80, 44
16, 83, 40
16, 85, 14
16, 85, 17
16, 85, 19
16, 86, 16
16, 88, 28
16, 89, 37
16, 90, 6
16, 90, 14
16, 90, 21
16, 90, 42
16, 92, 17
16, 95, 27
16, 96, 23
16, 96, 44
16, 100, 26
16, 100, 28
16, 101, 34
17, 1, 38
17, 2, 37
17, 3, 20
17, 4, 22
17, 4, 35
17, 4, 43
17, 5, 12
17, 9, 1
17, 11, 2
17, 11, 41
17, 13, 14
17, 16, 38
17, 16, 43
17, 17, 10
17, 18, 7
17, 18, 46
17, 19, 34
17, 20, 42
17, 20, 44
17, 21, 5
17, 22, 27
17, 22, 53
17, 26, 18
17, 27, 13
17, 28, 25
17, 30, 51
17, 33, 36
17, 34, 13
17, 34, 44
17, 40, 24
17, 41, 25
17, 42, 13
17, 42, 39
17, 45, 9
17, 45, 16
17, 45, 43
17, 46, 36
17, 47, 20
17, 47, 31
17, 50, 56
17, 52, 36
17, 53, 22
17, 55, 1
17, 55, 5
17, 55, 11
17, 55, 48
17, 58, 1
17, 58, 9
17, 60, 18
17, 65, 50
17, 66, 31
17, 67, 6
17, 69, 7
17, 69, 41
17, 71, 13
17, 72, 5
17, 72, 27
17, 73, 10
17, 79, 51
17, 82, 3
17, 82, 6
17, 83, 34
17, 83, 37
17, 84, 12
17, 84, 29
17, 93, 7
17, 93, 21
17, 93, 29
17, 95, 10
17, 96, 15
17, 96, 44
17, 96, 56
17, 99, 16
17, 99, 38
17, 100, 20
17, 100, 46
17, 101, 16
17, 101, 55
18, 2, 7
18, 4, 43
18, 6, 7
18, 7, 35
18, 7, 36
18, 7, 43
18, 9, 4
18, 9, 54
18, 10, 5
18, 13, 36
18, 14, 24
18, 15, 2
18, 15, 8
18, 15, 25
18, 15, 30
18, 16, 9
18, 17, 29
18, 20, 3
18, 21, 11
18, 21, 24
18, 25, 35
18, 26, 9
18, 26, 48
18, 27, 26
18, 27, 52
18, 29, 17
18, 31, 17
18, 32, 1
18, 32, 19
18, 33, 20
18, 37, 6
18, 37, 44
18, 38, 31
18, 39, 8
18, 39, 31
18, 40, 4
18, 42, 7
18, 42, 8
18, 43, 33
18, 45, 11
18, 48, 27
18, 48, 38
18, 49, 2
18, 53, 16
18, 54, 3
18, 54, 45
18, 55, 23
18, 55, 28
18, 56, 42
18, 61, 2
18, 61, 38
18, 61, 42
18, 62, 20
18, 63, 2
18, 65, 3
18, 66, 29
18, 67, 44
18, 68, 16
18, 72, 33
18, 72, 45
18, 73, 29
18, 75, 31
18, 77, 47
18, 79, 10
18, 79, 24
18, 81, 9
18, 82, 31
18, 86, 38
18, 87, 18
18, 88, 9
18, 88, 13
18, 88, 29
18, 90, 28
18, 90, 36
18, 90, 54
18, 93, 31
18, 94, 7
18, 94, 23
18, 95, 52
18, 96, 3
18, 96, 19
18, 98, 34
18, 99, 5
18, 100, 49
19, 1, 29
19, 1, 46
19, 1, 49
19, 9, 49
19, 13, 28
19, 13, 32
19, 16, 31
19, 17, 15
19, 21, 14
19, 21, 27
19, 29, 39
19, 34, 8
19, 39, 23
19, 41, 10
19, 41, 48
19, 45, 17
19, 46, 10
19, 46, 48
19, 55, 5
19, 56, 24
19, 57, 3
19, 58, 40
19, 60, 14
19, 61, 25
19, 61, 38
19, 62, 9
19, 68, 36
19, 70, 18
19, 72, 38
19, 74, 44
19, 76, 21
19, 78, 20
19, 79, 24
19, 83, 18
19, 88, 42
19, 90, 40
19, 91, 32
19, 93, 46
19, 100, 8
19, 100, 15
19, 100, 17
19, 101, 27
20, 1, 9
20, 2, 2
20, 3, 4
20, 3, 55
20, 4, 15
20, 6, 40
20, 7, 4
20, 8, 12
20, 8, 56
20, 10, 13
20, 12, 51
20, 13, 12
20, 13, 26
20, 13, 52
20, 14, 33
20, 19, 35
20, 20, 28
20, 20, 31
20, 21, 15
20, 24, 22
20, 27, 8
20, 28, 11
20, 30, 14
20, 31, 7
20, 31, 39
20, 34, 3
20, 34, 28
20, 34, 36
20, 34, 47
20, 36, 48
20, 39, 40
20, 40, 49
20, 44, 21
20, 45, 22
20, 45, 44
20, 45, 50
20, 46, 17
20, 47, 7
20, 47, 41
20, 49, 35
20, 50, 26
20, 51, 46
20, 53, 5
20, 54, 2
20, 54, 31
20, 56, 20
20, 56, 30
20, 58, 40
20, 59, 29
20, 60, 6
20, 60, 37
20, 61, 8
20, 61, 47
20, 62, 6
20, 62, 51
20, 64, 33
20, 64, 43
20, 69, 39
20, 70, 17
20, 72, 54
20, 73, 15
20, 73, 35
20, 75, 22
20, 79, 14
20, 80, 2
20, 80, 21
20, 81, 24
20, 82, 37
20, 83, 12
20, 83, 30
20, 84, 4
20, 84, 8
20, 84, 14
20, 84, 49
20, 85, 17
20, 85, 31
20, 89, 27
20, 89, 38
20, 90, 19
20, 90, 43
20, 92, 4
20, 93, 1
20, 93, 50
20, 94, 48
20, 95, 9
20, 95, 11
20, 95, 29
20, 95, 31
20, 95, 52
20, 96, 25
20, 98, 47
20, 100, 4
20, 100, 7
20, 100, 19
20, 101, 31
21, 2, 6
21, 4, 32
21, 8, 4
21, 8, 18
21, 10, 46
21, 13, 9
21, 13, 37
21, 17, 4
21, 17, 34
21, 18, 10
21, 20, 48
21, 21, 39
21, 22, 16
21, 25, 1
21, 25, 27
21, 27, 3
21, 27, 29
21, 29, 3
21, 29, 22
21, 30, 43
21, 31, 3
21, 34, 8
21, 36, 24
21, 36, 30
21, 37, 52
21, 40, 19
21, 42, 12
21, 43, 44
21, 45, 30
21, 46, 25
21, 46, 51
21, 50, 35
21, 51, 29
21, 55, 26
21, 57, 32
21, 57, 42
21, 58, 23
21, 60, 46
21, 61, 29
21, 64, 15
21, 68, 10
21, 68, 45
21, 69, 23
21, 71, 21
21, 72, 44
21, 74, 9
21, 74, 36
21, 75, 5
21, 76, 24
21, 76, 44
21, 79, 4
21, 80, 4
21, 80, 29
21, 83, 46
21, 85, 22
21, 85, 50
21, 86, 7
21, 86, 13
21, 86, 19
21, 87, 4
21, 88, 4
21, 90, 10
21, 92, 6
21, 100, 9
21, 101, 2
21, 101, 44
22, 1, 45
22, 5, 25
22, 5, 55
22, 6, 6
22, 8, 47
22, 9, 25
22, 9, 29
22, 10, 37
22, 12, 4
22, 12, 13
22, 12, 22
22, 12, 44
22, 15, 12
22, 15, 16
22, 15, 32
22, 17, 26
22, 17, 46
22, 18, 40
22, 18, 43
22, 19, 2
22, 19, 46
22, 21, 11
22, 21, 36
22, 23, 11
22, 23, 29
22, 25, 18
22, 26, 23
22, 26, 29
22, 27, 21
22, 27, 36
22, 28, 47
22, 28, 50
22, 28, 55
22, 32, 21
22, 32, 35
22, 33, 36
22, 38, 23
22, 41, 34
22, 42, 16
22, 43, 2
22, 43, 36
22, 45, 14
22, 45, 45
22, 46, 21
22, 46, 54
22, 48, 45
22, 48, 55
22, 50, 31
22, 51, 7
22, 51, 25
22, 51, 32
22, 51, 36
22, 51, 49
22, 53, 14
22, 53, 37
22, 54, 37
22, 54, 43
22, 55, 5
22, 59, 16
22, 59, 21
22, 59, 50
22, 61, 26
22, 64, 19
22, 64, 27
22, 65, 10
22, 66, 45
22, 68, 21
22, 68, 22
22, 68, 25
22, 69, 6
22, 69, 12
22, 69, 29
22, 69, 36
22, 70, 21
22, 70, 52
22, 72, 26
22, 74, 31
22, 75, 42
22, 76, 5
22, 79, 49
22, 80, 9
22, 80, 22
22, 81, 45
22, 84, 49
22, 85, 40
22, 86, 25
22, 86, 44
22, 87, 2
22, 92, 35
22, 93, 2
22, 93, 55
22, 95, 17
22, 96, 2
22, 96, 21
22, 96, 49
22, 97, 44
22, 98, 31
22, 100, 27
22, 101, 7
22, 101, 46
23, 1, 52
23, 3, 26
23, 3, 41
23, 4, 6
23, 5, 19
23, 9, 55
23, 10, 43
23, 11, 24
23, 13, 23
23, 14, 1
23, 16, 19
23, 16, 22
23, 17, 25
23, 18, 37
23, 19, 28
23, 19, 39
23, 20, 39
23, 22, 3
23, 22, 7
23, 22, 30
23, 24, 51
23, 28, 2
23, 28, 5
23, 28, 35
23, 29, 40
23, 30, 32
23, 33, 13
23, 34, 29
23, 34, 37
23, 39, 18
23, 39, 46
23, 41, 46
23, 42, 28
23, 44, 44
23, 47, 42
23, 48, 19
23, 49, 11
23, 50, 18
23, 50, 60
23, 51, 3
23, 51, 52
23, 53, 32
23, 54, 22
23, 54, 41
23, 55, 27
23, 56, 4
23, 61, 18
23, 62, 3
23, 62, 50
23, 63, 38
23, 65, 11
23, 69, 19
23, 69, 39
23, 70, 26
23, 70, 28
23, 71, 1
23, 74, 43
23, 78, 42
23, 79, 33
23, 79, 51
23, 80, 19
23, 82, 40
23, 84, 44
23, 85, 37
23, 86, 42
23, 88, 39
23, 90, 16
23, 91, 13
23, 92, 6
23, 94, 44
23, 95, 2
23, 98, 35
23, 98, 46
24, 4, 8
24, 5, 39
24, 9, 34
24, 9, 40
24, 11, 12
24, 13, 36
24, 14, 24
24, 17, 42
24, 18, 33
24, 19, 48
24, 21, 54
24, 24, 47
24, 26, 8
24, 26, 21
24, 28, 40
24, 31, 16
24, 31, 30
24, 31, 36
24, 35, 19
24, 36, 2
24, 36, 18
24, 36, 26
24, 40, 8
24, 40, 29
24, 41, 30
24, 44, 30
24, 45, 43
24, 50, 6
24, 50, 19
24, 51, 4
24, 51, 14
24, 51, 28
24, 52, 6
24, 52, 49
24, 54, 20
24, 55, 35
24, 56, 43
24, 57, 21
24, 57, 44
24, 59, 16
24, 59, 31
24, 60, 24
24, 60, 36
24, 60, 41
24, 61, 6
24, 66, 16
24, 66, 18
24, 66, 29
24, 67, 7
24, 67, 54
24, 73, 56
24, 74, 19
24, 75, 7
24, 75, 26
24, 78, 43
24, 79, 47
24, 82, 33
24, 84, 19
24, 85, 28
24, 88, 12
24, 88, 29
24, 89, 16
24, 90, 9
24, 92, 24
24, 96, 21
24, 96, 26
24, 98, 13
24, 98, 34
25, 2, 16
25, 5, 8
25, 7, 40
25, 8, 17
25, 9, 30
25, 10, 2
25, 11, 9
25, 11, 48
25, 12, 15
25, 15, 40
25, 16, 5
25, 18, 24
25, 19, 40
25, 21, 13
25, 21, 41
25, 24, 42
25, 25, 21
25, 26, 46
25, 27, 43
25, 28, 44
25, 32, 10
25, 33, 19
25, 35, 8
25, 37, 14
25, 37, 25
25, 37, 45
25, 41, 20
25, 41, 44
25, 42, 27
25, 45, 44
25, 49, 5
25, 50, 19
25, 52, 39
25, 53, 11
25, 54, 34
25, 54, 42
25, 55, 1
25, 57, 7
25, 57, 52
25, 60, 8
25, 60, 21
25, 60, 27
25, 64, 27
25, 65, 11
25, 65, 22
25, 66, 2
25, 66, 36
25, 67, 24
25, 68, 8
25, 68, 39
25, 71, 41
25, 72, 15
25, 74, 31
25, 76, 16
25, 76, 41
25, 77, 30
25, 78, 12
25, 78, 32
25, 79, 11
25, 79, 58
25, 80, 17
25, 85, 5
25, 86, 24
25, 86, 30
25, 89, 22
25, 91, 26
25, 96, 15
25, 97, 48
25, 98, 39
25, 99, 7
25, 99, 43
25, 101, 14
26, 2, 33
26, 7, 5
26, 7, 38
26, 9, 39
26, 13, 47
26, 14, 14
26, 14, 16
26, 15, 49
26, 16, 3
26, 21, 29
26, 28, 32
26, 28, 48
26, 31, 18
26, 31, 26
26, 36, 27
26, 36, 46
26, 39, 2
26, 39, 28
26, 40, 8
26, 42, 30
26, 42, 37
26, 42, 38
26, 45, 32
26, 46, 28
26, 46, 40
26, 47, 3
26, 48, 9
26, 48, 13
26, 48, 36
26, 50, 36
26, 56, 16
26, 58, 17
26, 58, 18
26, 58, 51
26, 60, 12
26, 60, 32
26, 60, 39
26, 62, 48
26, 63, 7
26, 63, 56
26, 66, 30
26, 67, 8
26, 69, 12
26, 70, 31
26, 72, 20
26, 73, 9
26, 74, 9
26, 75, 5
26, 76, 14
26, 76, 20
26, 82, 29
26, 86, 45
26, 87, 8
26, 88, 20
26, 89, 28
26, 92, 2
26, 92, 49
26, 93, 17
26, 94, 22
26, 95, 27
26, 96, 47
26, 99, 15
26, 99, 46
26, 100, 9
26, 100, 33
27, 1, 3
27, 1, 33
27, 1, 36
27, 3, 20
27, 3, 36
27, 6, 2
27, 7, 29
27, 8, 29
27, 8, 39
27, 9, 43
27, 9, 48
27, 10, 6
27, 11, 4
27, 11, 38
27, 11, 49
27, 12, 23
27, 12, 41
27, 13, 20
27, 15, 45
27, 18, 43
27, 21, 4
27, 25, 27
27, 25, 34
27, 27, 1
27, 27, 8
27, 27, 36
27, 29, 8
27, 31, 16
27, 31, 23
27, 31, 32
27, 32, 7
27, 32, 49
27, 38, 44
27, 42, 12
27, 42, 42
27, 44, 35
27, 45, 20
27, 47, 1
27, 50, 20
27, 50, 36
27, 57, 48
27, 58, 30
27, 59, 46
27, 59, 48
27, 60, 23
27, 60, 44
27, 61, 5
27, 61, 24
27, 62, 24
27, 64, 39
27, 64, 43
27, 65, 17
27, 65, 24
27, 67, 4
27, 69, 34
27, 70, 1
27, 71, 44
27, 72, 8
27, 73, 13
27, 74, 54
27, 76, 36
27, 76, 41
27, 77, 49
27, 79, 10
27, 79, 44
27, 80, 12
27, 80, 39
27, 81, 55
27, 82, 41
27, 82, 48
27, 84, 32
27, 84, 33
27, 85, 2
27, 85, 18
27, 85, 42
27, 85, 53
27, 86, 4
27, 86, 15
27, 87, 49
27, 88, 2
27, 88, 23
27, 88, 45
27, 91, 40
27, 97, 2
28, 2, 14
28, 3, 27
28, 3, 28
28, 5, 7
28, 5, 44
28, 6, 5
28, 9, 31
28, 10, 12
28, 10, 20
28, 14, 35
28, 16, 1
28, 18, 43
28, 19, 39
28, 20, 25
28, 23, 25
28, 24, 16
28, 25, 25
28, 26, 15
28, 26, 24
28, 27, 38
28, 29, 19
28, 31, 44
28, 33, 20
28, 34, 32
28, 36, 5
28, 38, 22
28, 40, 37
28, 41, 9
28, 41, 13
28, 41, 29
28, 43, 3
28, 43, 39
28, 44, 3
28, 44, 17
28, 45, 5
28, 45, 19
28, 47, 13
28, 47, 54
28, 48, 33
28, 53, 12
28, 54, 36
28, 56, 51
28, 58, 10
28, 61, 8
28, 62, 15
28, 64, 8
28, 64, 30
28, 66, 7
28, 67, 20
28, 68, 31
28, 68, 39
28, 69, 39
28, 70, 28
28, 70, 47
28, 74, 26
28, 74, 29
28, 75, 39
28, 77, 1
28, 77, 22
28, 80, 35
28, 80, 43
28, 81, 3
28, 81, 33
28, 82, 3
28, 83, 2
28, 85, 26
28, 87, 5
28, 87, 31
28, 87, 44
28, 89, 24
28, 93, 39
28, 94, 40
28, 95, 15
28, 95, 16
28, 95, 25
28, 96, 37
28, 97, 9
28, 97, 15
28, 97, 17
28, 97, 52
28, 98, 37
28, 98, 43
28, 101, 32
28, 101, 47
29, 1, 18
29, 1, 22
29, 3, 37
29, 7, 5
29, 8, 40
29, 9, 30
29, 10, 12
29, 10, 15
29, 10, 36
29, 11, 26
29, 12, 42
29, 12, 44
29, 13, 11
29, 16, 8
29, 16, 37
29, 17, 29
29, 20, 15
29, 21, 40
29, 23, 6
29, 23, 11
29, 25, 53
29, 26, 10
29, 27, 7
29, 29, 49
29, 33, 32
29, 34, 24
29, 37, 17
29, 38, 14
29, 38, 44
29, 38, 51
29, 39, 5
29, 41, 7
29, 41, 8
29, 44, 51
29, 46, 22
29, 47, 22
29, 47, 34
29, 52, 22
29, 52, 36
29, 52, 43
29, 56, 42
29, 58, 36
29, 60, 38
29, 64, 3
29, 64, 19
29, 68, 44
29, 70, 18
29, 74, 4
29, 76, 5
29, 76, 24
29, 76, 33
29, 76, 37
29, 77, 54
29, 78, 18
29, 79, 32
29, 81, 26
29, 82, 5
29, 82, 24
29, 86, 10
29, 92, 30
29, 92, 52
29, 93, 11
29, 93, 43
29, 95, 5
29, 95, 17
29, 95, 20
29, 95, 40
29, 97, 20
29, 98, 8
29, 98, 26
30, 2, 1
30, 3, 44
30, 4, 58
30, 5, 45
30, 6, 14
30, 7, 23
30, 7, 38
30, 8, 6
30, 8, 32
30, 9, 28
30, 9, 42
30, 10, 36
30, 11, 18
30, 12, 2
30, 12, 33
30, 14, 2
30, 14, 7
30, 14, 17
30, 14, 37
30, 17, 20
30, 18, 52
30, 19, 13
30, 19, 31
30, 22, 39
30, 24, 3
30, 24, 33
30, 25, 20
30, 26, 17
30, 27, 44
30, 29, 31
30, 29, 34
30, 29, 45
30, 37, 23
30, 40, 2
30, 40, 22
30, 41, 33
30, 42, 15
30, 43, 18
30, 45, 12
30, 46, 25
30, 50, 10
30, 51, 49
30, 53, 34
30, 54, 3
30, 55, 26
30, 56, 10
30, 56, 14
30, 59, 14
30, 63, 28
30, 66, 14
30, 67, 9
30, 68, 32
30, 69, 4
30, 70, 35
30, 71, 29
30, 72, 4
30, 72, 13
30, 72, 52
30, 75, 24
30, 75, 48
30, 77, 36
30, 77, 60
30, 78, 4
30, 78, 17
30, 79, 7
30, 81, 48
30, 82, 16
30, 82, 38
30, 83, 5
30, 83, 39
30, 84, 22
30, 85, 3
30, 86, 11
30, 86, 39
30, 87, 7
30, 87, 50
30, 88, 18
30, 88, 52
30, 89, 14
30, 90, 34
30, 91, 30
30, 91, 32
30, 92, 6
30, 92, 8
30, 93, 51
30, 94, 31
30, 95, 14
30, 95, 33
30, 95, 39
30, 95, 48
30, 96, 48
30, 98, 32
30, 100, 21
30, 100, 33
30, 101, 12
30, 101, 28
31, 2, 30
31, 3, 48
31, 5, 5
31, 5, 12
31, 6, 15
31, 10, 52
31, 11, 11
31, 13, 9
31, 14, 4
31, 15, 9
31, 15, 27
31, 16, 24
31, 16, 34
31, 18, 7
31, 18, 24
31, 18, 29
31, 19, 22
31, 19, 34
31, 20, 14
31, 21, 2
31, 23, 33
31, 24, 22
31, 25, 10
31, 25, 22
31, 26, 15
31, 27, 50
31, 30, 6
31, 32, 20
31, 33, 27
31, 33, 42
31, 34, 29
31, 35, 5
31, 36, 1
31, 36, 15
31, 36, 17
31, 36, 62
31, 39, 11
31, 39, 12
31, 40, 3
31, 40, 16
31, 44, 14
31, 44, 32
31, 44, 47
31, 45, 3
31, 45, 21
31, 47, 16
31, 47, 25
31, 48, 6
31, 49, 36
31, 53, 29
31, 54, 7
31, 54, 15
31, 56, 13
31, 56, 22
31, 56, 36
31, 57, 7
31, 57, 17
31, 59, 34
31, 59, 40
31, 60, 4
31, 62, 29
31, 65, 50
31, 66, 13
31, 66, 40
31, 68, 32
31, 73, 40
31, 76, 30
31, 79, 13
31, 81, 1
31, 81, 4
31, 81, 34
31, 85, 28
31, 85, 54
31, 86, 15
31, 87, 36
31, 88, 39
31, 89, 49
31, 91, 1
31, 91, 15
31, 92, 22
31, 94, 10
31, 94, 14
31, 96, 6
31, 97, 9
31, 99, 4
31, 99, 18
32, 5, 31
32, 7, 13
32, 8, 7
32, 8, 47
32, 10, 3
32, 11, 25
32, 12, 44
32, 14, 15
32, 18, 45
32, 21, 40
32, 27, 3
32, 27, 12
32, 27, 47
32, 28, 43
32, 30, 10
32, 31, 46
32, 37, 40
32, 39, 24
32, 40, 27
32, 40, 28
32, 42, 23
32, 44, 39
32, 47, 4
32, 47, 50
32, 51, 55
32, 53, 17
32, 55, 13
32, 58, 21
32, 59, 13
32, 61, 39
32, 63, 25
32, 68, 43
32, 71, 7
32, 73, 13
32, 75, 17
32, 77, 44
32, 80, 23
32, 82, 10
32, 86, 42
32, 91, 47
32, 91, 50
32, 92, 28
32, 94, 50
32, 95, 27
32, 96, 29
32, 98, 15
33, 2, 52
33, 3, 24
33, 4, 3
33, 5, 20
33, 8, 24
33, 9, 31
33, 10, 30
33, 12, 24
33, 14, 5
33, 15, 2
33, 15, 47
33, 15, 52
33, 17, 15
33, 17, 46
33, 17, 48
33, 19, 17
33, 20, 8
33, 21, 43
33, 23, 8
33, 24, 33
33, 24, 38
33, 25, 14
33, 26, 19
33, 27, 19
33, 27, 37
33, 28, 31
33, 28, 39
33, 30, 7
33, 32, 49
33, 32, 53
33, 35, 3
33, 35, 28
33, 38, 31
33, 38, 37
33, 39, 21
33, 42, 26
33, 44, 7
33, 44, 47
33, 45, 15
33, 46, 36
33, 47, 2
33, 47, 31
33, 49, 32
33, 50, 19
33, 50, 46
33, 51, 17
33, 52, 19
33, 52, 41
33, 52, 42
33, 53, 8
33, 53, 22
33, 58, 29
33, 58, 52
33, 61, 38
33, 62, 13
33, 62, 27
33, 63, 1
33, 63, 29
33, 63, 39
33, 64, 43
33, 64, 45
33, 65, 3
33, 65, 27
33, 66, 11
33, 66, 41
33, 66, 47
33, 68, 9
33, 68, 21
33, 68, 32
33, 70, 6
33, 72, 37
33, 74, 1
33, 75, 23
33, 78, 19
33, 78, 39
33, 78, 48
33, 79, 40
33, 80, 24
33, 81, 29
33, 84, 19
33, 85, 16
33, 87, 36
33, 91, 46
33, 91, 52
33, 93, 7
33, 93, 33
33, 96, 30
33, 98, 41
33, 100, 43
33, 101, 49
34, 1, 1
34, 2, 20
34, 2, 23
34, 3, 50
34, 4, 15
34, 4, 42
34, 5, 51
34, 6, 44
34, 7, 33
34, 7, 39
34, 8, 36
34, 12, 7
34, 12, 30
34, 13, 41
34, 18, 12
34, 18, 16
34, 18, 50
34, 25, 31
34, 25, 49
34, 26, 27
34, 29, 8
34, 29, 26
34, 31, 45
34, 32, 25
34, 32, 38
34, 33, 1
34, 33, 9
34, 33, 51
34, 34, 52
34, 35, 8
34, 35, 32
34, 36, 35
34, 40, 5
34, 40, 8
34, 45, 11
34, 51, 25
34, 52, 48
34, 53, 7
34, 53, 29
34, 53, 42
34, 54, 24
34, 55, 23
34, 56, 5
34, 56, 48
34, 58, 11
34, 58, 27
34, 62, 27
34, 66, 50
34, 69, 4
34, 70, 50
34, 72, 51
34, 74, 10
34, 75, 13
34, 75, 37
34, 79, 16
34, 81, 4
34, 90, 23
34, 96, 24
34, 98, 22
34, 99, 4
34, 99, 8
34, 99, 42
34, 99, 49
34, 99, 58
34, 100, 1
34, 100, 26
35, 2, 30
35, 2, 43
35, 4, 31
35, 4, 40
35, 6, 8
35, 8, 33
35, 8, 45
35, 10, 3
35, 10, 53
35, 11, 16
35, 11, 36
35, 14, 13
35, 16, 39
35, 18, 25
35, 20, 32
35, 23, 4
35, 23, 21
35, 24, 11
35, 25, 29
35, 25, 54
35, 26, 34
35, 26, 46
35, 27, 14
35, 29, 13
35, 29, 20
35, 30, 2
35, 33, 36
35, 34, 36
35, 36, 38
35, 37, 28
35, 38, 8
35, 39, 9
35, 40, 29
35, 40, 41
35, 42, 10
35, 42, 48
35, 47, 8
35, 48, 2
35, 50, 27
35, 50, 36
35, 54, 12
35, 54, 46
35, 55, 41
35, 56, 40
35, 58, 35
35, 60, 16
35, 60, 21
35, 60, 26
35, 61, 31
35, 62, 1
35, 62, 11
35, 63, 45
35, 64, 33
35, 66, 32
35, 66, 57
35, 67, 36
35, 69, 2
35, 69, 18
35, 69, 43
35, 69, 46
35, 71, 4
35, 72, 20
35, 72, 23
35, 74, 4
35, 75, 7
35, 75, 27
35, 79, 27
35, 81, 23
35, 83, 50
35, 85, 42
35, 87, 27
35, 87, 36
35, 89, 34
35, 92, 52
35, 93, 39
35, 94, 41
35, 95, 20
35, 95, 28
35, 96, 46
35, 97, 14
35, 100, 34
36, 2, 16
36, 2, 17
36, 3, 43
36, 4, 29
36, 6, 30
36, 8, 40
36, 8, 55
36, 9, 51
36, 12, 1
36, 12, 21
36, 13, 17
36, 15, 4
36, 15, 16
36, 15, 49
36, 18, 18
36, 19, 28
36, 21, 23
36, 22, 1
36, 22, 27
36, 23, 50
36, 25, 54
36, 29, 19
36, 32, 20
36, 33, 13
36, 35, 37
36, 37, 44
36, 38, 26
36, 39, 25
36, 39, 28
36, 41, 23
36, 41, 48
36, 42, 32
36, 43, 7
36, 44, 34
36, 47, 3
36, 47, 39
36, 47, 51
36, 49, 18
36, 49, 32
36, 50, 17
36, 52, 3
36, 52, 40
36, 54, 1
36, 55, 57
36, 57, 23
36, 57, 50
36, 58, 34
36, 58, 50
36, 59, 4
36, 59, 6
36, 60, 50
36, 65, 14
36, 65, 24
36, 65, 45
36, 67, 16
36, 67, 21
36, 70, 37
36, 71, 33
36, 72, 32
36, 74, 52
36, 75, 49
36, 76, 43
36, 77, 5
36, 78, 13
36, 78, 18
36, 78, 37
36, 80, 20
36, 81, 11
36, 81, 53
36, 82, 40
36, 83, 19
36, 83, 55
36, 85, 10
36, 86, 6
36, 90, 10
36, 90, 30
36, 91, 5
36, 91, 29
36, 93, 23
36, 95, 16
36, 98, 1
36, 98, 28
36, 100, 26
36, 100, 39
36, 101, 16
37, 1, 36
37, 2, 18
37, 2, 34
37, 3, 39
37, 6, 11
37, 6, 18
37, 6, 47
37, 6, 50
37, 8, 26
37, 9, 12
37, 10, 15
37, 11, 19
37, 11, 22
37, 11, 33
37, 14, 37
37, 16, 28
37, 17, 7
37, 17, 15
37, 17, 28
37, 19, 7
37, 19, 27
37, 22, 51
37, 23, 14
37, 24, 2
37, 26, 7
37, 26, 28
37, 27, 23
37, 27, 40
37, 27, 52
37, 28, 5
37, 29, 2
37, 29, 23
37, 29, 44
37, 31, 29
37, 31, 41
37, 33, 30
37, 33, 44
37, 36, 5
37, 38, 5
37, 38, 25
37, 38, 49
37, 40, 31
37, 42, 25
37, 42, 37
37, 43, 24
37, 43, 53
37, 44, 45
37, 45, 3
37, 45, 30
37, 46, 8
37, 46, 54
37, 47, 16
37, 48, 6
37, 49, 22
37, 51, 39
37, 52, 18
37, 56, 25
37, 56, 26
37, 60, 7
37, 61, 47
37, 62, 33
37, 63, 42
37, 67, 13
37, 70, 15
37, 73, 50
37, 74, 36
37, 74, 44
37, 74, 47
37, 75, 28
37, 76, 34
37, 81, 12
37, 83, 27
37, 85, 6
37, 85, 23
37, 86, 44
37, 87, 2
37, 87, 16
37, 88, 31
37, 88, 33
37, 89, 24
37, 90, 5
37, 90, 11
37, 90, 12
37, 91, 11
37, 92, 19
37, 92, 35
37, 92, 40
37, 92, 49
37, 93, 27
37, 94, 39
37, 98, 29
38, 1, 7
38, 3, 44
38, 8, 19
38, 10, 2
38, 11, 17
38, 12, 3
38, 12, 24
38, 14, 12
38, 15, 43
38, 18, 12
38, 18, 46
38, 19, 3
38, 19, 59
38, 23, 32
38, 26, 41
38, 28, 19
38, 28, 34
38, 29, 7
38, 29, 39
38, 31, 4
38, 33, 35
38, 34, 23
38, 39, 37
38, 40, 13
38, 42, 9
38, 42, 19
38, 44, 11
38, 49, 7
38, 49, 26
38, 50, 41
38, 52, 44
38, 53, 5
38, 54, 46
38, 59, 22
38, 60, 30
38, 62, 37
38, 67, 22
38, 68, 33
38, 69, 35
38, 72, 22
38, 72, 58
38, 73, 11
38, 73, 42
38, 74, 33
38, 75, 17
38, 79, 38
38, 80, 42
38, 81, 3
38, 81, 6
38, 84, 30
38, 86, 4
38, 86, 8
38, 86, 31
38, 86, 44
38, 87, 39
38, 89, 43
38, 90, 37
38, 93, 4
38, 94, 2
38, 94, 18
38, 94, 45
38, 98, 28
38, 99, 24
38, 99, 30
38, 100, 32
38, 101, 5
39, 1, 24
39, 3, 8
39, 3, 37
39, 3, 49
39, 4, 51
39, 6, 3
39, 6, 38
39, 7, 14
39, 8, 31
39, 11, 48
39, 13, 1
39, 14, 20
39, 16, 2
39, 18, 30
39, 20, 16
39, 20, 51
39, 24, 51
39, 27, 30
39, 29, 21
39, 30, 2
39, 31, 48
39, 32, 3
39, 32, 22
39, 33, 34
39, 33, 36
39, 35, 10
39, 36, 18
39, 37, 8
39, 37, 35
39, 38, 21
39, 47, 39
39, 51, 9
39, 56, 3
39, 58, 45
39, 60, 19
39, 64, 16
39, 64, 53
39, 68, 10
39, 68, 45
39, 69, 13
39, 69, 44
39, 72, 38
39, 76, 34
39, 77, 21
39, 78, 1
39, 78, 31
39, 79, 48
39, 81, 30
39, 82, 20
39, 82, 35
39, 88, 36
39, 90, 18
39, 90, 51
39, 91, 48
39, 94, 8
39, 100, 40
40, 5, 33
40, 6, 35
40, 7, 5
40, 7, 43
40, 8, 21
40, 10, 20
40, 12, 12
40, 13, 8
40, 13, 53
40, 14, 25
40, 16, 2
40, 16, 3
40, 16, 23
40, 18, 18
40, 18, 38
40, 19, 10
40, 21, 15
40, 22, 22
40, 22, 29
40, 24, 11
40, 26, 48
40, 28, 2
40, 32, 17
40, 33, 18
40, 33, 37
40, 36, 6
40, 38, 46
40, 39, 28
40, 40, 6
40, 40, 32
40, 42, 16
40, 43, 2
40, 44, 11
40, 44, 20
40, 46, 48
40, 47, 18
40, 48, 49
40, 49, 18
40, 49, 36
40, 49, 46
40, 50, 18
40, 50, 37
40, 51, 6
40, 52, 19
40, 53, 40
40, 54, 2
40, 57, 17
40, 58, 39
40, 60, 16
40, 60, 17
40, 62, 29
40, 62, 47
40, 63, 37
40, 65, 31
40, 65, 35
40, 67, 20
40, 67, 29
40, 68, 29
40, 68, 36
40, 70, 7
40, 70, 33
40, 70, 53
40, 72, 54
40, 73, 38
40, 75, 3
40, 76, 22
40, 78, 21
40, 79, 23
40, 79, 27
40, 79, 38
40, 81, 24
40, 82, 10
40, 84, 21
40, 84, 28
40, 85, 20
40, 85, 48
40, 86, 5
40, 88, 48
40, 89, 31
40, 89, 37
40, 90, 2
40, 91, 31
40, 91, 32
40, 94, 6
40, 95, 54
40, 96, 52
40, 98, 37
40, 99, 18
40, 100, 34
40, 100, 54
40, 101, 53
41, 2, 19
41, 3, 50
41, 5, 40
41, 9, 11
41, 11, 18
41, 12, 24
41, 15, 15
41, 15, 32
41, 26, 4
41, 26, 16
41, 26, 45
41, 28, 14
41, 28, 31
41, 28, 39
41, 29, 16
41, 32, 26
41, 33, 9
41, 34, 41
41, 35, 48
41, 37, 3
41, 38, 50
41, 39, 1
41, 39, 4
41, 39, 14
41, 39, 41
41, 42, 27
41, 45, 16
41, 47, 5
41, 49, 44
41, 52, 37
41, 54, 40
41, 55, 5
41, 55, 16
41, 57, 8
41, 57, 10
41, 58, 13
41, 60, 31
41, 60, 47
41, 61, 26
41, 61, 32
41, 62, 51
41, 63, 36
41, 67, 39
41, 69, 22
41, 69, 33
41, 72, 16
41, 74, 44
41, 75, 4
41, 75, 5
41, 77, 4
41, 77, 13
41, 79, 45
41, 80, 18
41, 82, 19
41, 83, 16
41, 84, 36
41, 84, 40
41, 88, 19
41, 90, 40
41, 91, 13
41, 91, 35
41, 96, 16
41, 96, 55
41, 97, 39
42, 2, 36
42, 2, 49
42, 4, 38
42, 5, 23
42, 7, 24
42, 9, 16
42, 10, 42
42, 10, 43
42, 11, 1
42, 11, 44
42, 12, 10
42, 12, 31
42, 14, 18
42, 14, 44
42, 15, 46
42, 17, 16
42, 17, 45
42, 19, 33
42, 21, 48
42, 22, 5
42, 26, 13
42, 26, 30
42, 28, 16
42, 32, 21
42, 34, 12
42, 36, 47
42, 37, 5
42, 37, 32
42, 42, 20
42, 42, 26
42, 43, 21
42, 43, 39
42, 43, 50
42, 44, 36
42, 45, 14
42, 45, 42
42, 48, 43
42, 51, 24
42, 54, 23
42, 57, 40
42, 58, 32
42, 60, 2
42, 60, 35
42, 62, 42
42, 63, 37
42, 65, 9
42, 66, 50
42, 68, 1
42, 70, 5
42, 70, 33
42, 70, 40
42, 74, 21
42, 74, 44
42, 75, 46
42, 78, 30
42, 79, 4
42, 80, 45
42, 81, 22
42, 84, 26
42, 85, 10
42, 85, 23
42, 85, 24
42, 87, 37
42, 89, 3
42, 89, 13
42, 89, 17
42, 91, 39
42, 93, 16
42, 93, 42
42, 96, 44
42, 97, 5
42, 98, 10
42, 98, 21
42, 101, 46
43, 2, 5
43, 8, 8
43, 10, 10
43, 11, 25
43, 14, 43
43, 16, 21
43, 17, 24
43, 19, 36
43, 20, 25
43, 21, 21
43, 21, 37
43, 23, 17
43, 23, 48
43, 24, 1
43, 24, 24
43, 25, 1
43, 27, 37
43, 28, 17
43, 29, 28
43, 32, 45
43, 33, 41
43, 35, 23
43, 35, 39
43, 36, 4
43, 36, 11
43, 40, 7
43, 41, 44
43, 42, 28
43, 43, 54
43, 47, 3
43, 50, 46
43, 51, 8
43, 53, 9
43, 53, 37
43, 54, 15
43, 55, 31
43, 56, 27
43, 56, 49
43, 58, 48
43, 59, 8
43, 60, 14
43, 60, 19
43, 63, 12
43, 64, 6
43, 65, 12
43, 66, 25
43, 66, 50
43, 68, 13
43, 68, 42
43, 69, 17
43, 74, 1
43, 74, 35
43, 74, 53
43, 75, 39
43, 76, 28
43, 76, 36
43, 78, 42
43, 81, 6
43, 81, 38
43, 81, 42
43, 81, 51
43, 82, 39
43, 82, 41
43, 85, 21
43, 85, 41
43, 87, 49
43, 88, 13
43, 89, 6
43, 89, 24
43, 91, 31
43, 91, 48
43, 92, 22
43, 93, 7
43, 94, 24
43, 96, 17
43, 98, 23
43, 99, 13
43, 100, 25
44, 1, 24
44, 2, 40
44, 3, 2
44, 3, 55
44, 4, 50
44, 5, 18
44, 5, 30
44, 5, 46
44, 8, 25
44, 11, 33
44, 12, 32
44, 14, 6
44, 15, 33
44, 16, 31
44, 18, 53
44, 20, 21
44, 20, 39
44, 21, 6
44, 21, 14
44, 21, 33
44, 22, 19
44, 23, 36
44, 23, 40
44, 24, 12
44, 28, 7
44, 31, 4
44, 31, 31
44, 35, 19
44, 38, 38
44, 40, 18
44, 40, 43
44, 44, 8
44, 45, 34
44, 45, 53
44, 48, 24
44, 48, 38
44, 49, 15
44, 50, 24
44, 51, 42
44, 52, 43
44, 54, 20
44, 55, 1
44, 56, 7
44, 56, 31
44, 57, 22
44, 58, 1
44, 61, 26
44, 62, 1
44, 62, 36
44, 62, 50
44, 63, 39
44, 65, 20
44, 65, 30
44, 65, 40
44, 68, 31
44, 70, 1
44, 72, 28
44, 73, 16
44, 74, 14
44, 76, 19
44, 77, 9
44, 78, 1
44, 78, 20
44, 79, 11
44, 80, 11
44, 80, 48
44, 81, 18
44, 85, 30
44, 85, 33
44, 85, 39
44, 89, 4
44, 89, 28
44, 92, 12
44, 96, 20
44, 96, 38
44, 96, 55
44, 97, 1
44, 97, 32
44, 97, 38
44, 97, 50
44, 99, 46
44, 100, 53
44, 101, 6
44, 101, 8
45, 1, 34
45, 1, 42
45, 2, 29
45, 3, 26
45, 4, 45
45, 5, 19
45, 5, 32
45, 8, 12
45, 10, 33
45, 11, 2
45, 11, 14
45, 12, 17
45, 12, 46
45, 13, 7
45, 16, 42
45, 17, 24
45, 19, 5
45, 21, 45
45, 22, 4
45, 24, 2
45, 24, 44
45, 25, 38
45, 26, 4
45, 28, 16
45, 30, 15
45, 30, 37
45, 32, 15
45, 33, 31
45, 34, 17
45, 34, 48
45, 36, 10
45, 36, 49
45, 40, 7
45, 42, 5
45, 44, 34
45, 45, 16
45, 45, 49
45, 48, 20
45, 48, 39
45, 52, 36
45, 53, 50
45, 56, 28
45, 59, 12
45, 60, 12
45, 61, 33
45, 62, 5
45, 63, 17
45, 65, 29
45, 68, 17
45, 72, 5
45, 72, 9
45, 72, 35
45, 73, 34
45, 74, 21
45, 77, 40
45, 77, 51
45, 78, 3
45, 79, 19
45, 80, 48
45, 84, 28
45, 85, 29
45, 86, 45
45, 86, 48
45, 87, 35
45, 90, 24
45, 90, 50
45, 91, 4
45, 91, 34
45, 94, 2
45, 94, 20
45, 95, 14
45, 95, 30
45, 95, 33
45, 100, 42
46, 3, 5
46, 5, 11
46, 5, 26
46, 6, 7
46, 6, 49
46, 8, 6
46, 9, 12
46, 9, 28
46, 10, 2
46, 10, 48
46, 11, 41
46, 12, 33
46, 13, 48
46, 14, 30
46, 16, 23
46, 16, 32
46, 18, 44
46, 21, 52
46, 23, 35
46, 23, 41
46, 24, 16
46, 25, 21
46, 25, 42
46, 29, 5
46, 29, 18
46, 29, 22
46, 30, 28
46, 31, 48
46, 32, 42
46, 34, 46
46, 35, 58
46, 36, 20
46, 36, 36
46, 39, 39
46, 41, 21
46, 41, 38
46, 43, 8
46, 43, 22
46, 44, 13
46, 44, 36
46, 47, 9
46, 47, 27
46, 47, 54
46, 48, 15
46, 48, 20
46, 48, 41
46, 49, 13
46, 50, 8
46, 50, 9
46, 50, 31
46, 53, 30
46, 56, 49
46, 57, 26
46, 57, 47
46, 61, 3
46, 61, 45
46, 62, 1
46, 62, 35
46, 64, 20
46, 64, 33
46, 67, 22
46, 68, 11
46, 69, 52
46, 70, 12
46, 74, 22
46, 76, 30
46, 78, 12
46, 78, 44
46, 79, 42
46, 81, 5
46, 82, 35
46, 86, 27
46, 87, 24
46, 90, 10
46, 90, 22
46, 92, 6
46, 93, 16
46, 96, 13
46, 96, 50
46, 97, 33
46, 98, 21
46, 100, 20
47, 3, 27
47, 3, 45
47, 4, 37
47, 4, 44
47, 4, 47
47, 4, 52
47, 5, 29
47, 6, 46
47, 7, 11
47, 7, 33
47, 8, 19
47, 10, 20
47, 12, 11
47, 12, 21
47, 13, 1
47, 13, 38
47, 15, 1
47, 15, 41
47, 15, 51
47, 16, 3
47, 16, 13
47, 16, 32
47, 16, 49
47, 17, 43
47, 18, 27
47, 20, 7
47, 21, 1
47, 22, 26
47, 24, 5
47, 24, 17
47, 27, 47
47, 27, 48
47, 28, 28
47, 29, 39
47, 31, 9
47, 31, 50
47, 33, 50
47, 35, 33
47, 36, 5
47, 36, 46
47, 40, 20
47, 40, 23
47, 40, 44
47, 42, 32
47, 43, 25
47, 43, 37
47, 44, 28
47, 45, 26
47, 49, 5
47, 49, 29
47, 49, 35
47, 50, 24
47, 52, 49
47, 53, 12
47, 56, 10
47, 56, 38
47, 56, 57
47, 61, 5
47, 61, 48
47, 62, 8
47, 63, 17
47, 66, 37
47, 66, 44
47, 68, 1
47, 68, 49
47, 69, 7
47, 70, 25
47, 73, 1
47, 74, 48
47, 75, 21
47, 76, 39
47, 77, 41
47, 77, 50
47, 79, 14
47, 79, 21
47, 81, 35
47, 81, 52
47, 82, 1
47, 82, 28
47, 83, 12
47, 86, 19
47, 86, 53
47, 87, 7
47, 88, 50
47, 90, 28
47, 90, 40
47, 91, 42
47, 92, 13
47, 94, 51
47, 100, 47
47, 101, 27
48, 2, 31
48, 3, 23
48, 7, 4
48, 7, 15
48, 8, 49
48, 10, 13
48, 12, 8
48, 12, 44
48, 15, 7
48, 15, 25
48, 17, 3
48, 20, 11
48, 20, 27
48, 20, 54
48, 22, 9
48, 22, 25
48, 24, 6
48, 25, 46
48, 26, 5
48, 26, 52
48, 28, 33
48, 32, 16
48, 32, 27
48, 34, 17
48, 35, 45
48, 36, 38
48, 38, 44
48, 38, 49
48, 39, 33
48, 40, 13
48, 40, 33
48, 44, 41
48, 46, 24
48, 46, 50
48, 48, 20
48, 52, 11
48, 52, 54
48, 54, 17
48, 56, 8
48, 57, 44
48, 59, 27
48, 60, 41
48, 61, 4
48, 62, 19
48, 62, 31
48, 63, 26
48, 64, 55
48, 67, 34
48, 68, 16
48, 68, 39
48, 70, 25
48, 70, 44
48, 71, 9
48, 74, 24
48, 75, 53
48, 76, 6
48, 83, 22
48, 85, 13
48, 87, 5
48, 89, 15
48, 96, 46
48, 97, 20
48, 100, 6
48, 100, 19
49, 1, 15
49, 1, 43
49, 4, 18
49, 5, 50
49, 7, 15
49, 8, 5
49, 12, 41
49, 13, 40
49, 15, 42
49, 17, 17
49, 18, 1
49, 18, 13
49, 18, 18
49, 18, 23
49, 19, 44
49, 19, 45
49, 21, 36
49, 21, 44
49, 25, 3
49, 25, 16
49, 26, 32
49, 30, 51
49, 31, 5
49, 32, 13
49, 32, 31
49, 33, 25
49, 36, 26
49, 37, 52
49, 39, 3
49, 41, 4
49, 41, 13
49, 41, 36
49, 42, 39
49, 43, 20
49, 44, 7
49, 44, 54
49, 48, 10
49, 51, 39
49, 53, 2
49, 54, 26
49, 55, 45
49, 56, 27
49, 60, 46
49, 61, 7
49, 63, 25
49, 63, 40
49, 65, 32
49, 66, 27
49, 67, 20
49, 71, 31
49, 73, 16
49, 75, 34
49, 76, 23
49, 77, 1
49, 78, 9
49, 79, 45
49, 80, 49
49, 81, 26
49, 85, 9
49, 86, 13
49, 88, 41
49, 88, 44
49, 89, 15
49, 89, 25
49, 89, 57
49, 90, 27
49, 91, 4
49, 91, 13
49, 92, 39
49, 93, 1
49, 93, 7
49, 97, 18
49, 100, 31
50, 3, 23
50, 6, 39
50, 8, 30
50, 8, 37
50, 10, 42
50, 13, 10
50, 14, 31
50, 14, 42
50, 16, 15
50, 18, 45
50, 19, 13
50, 19, 54
50, 25, 26
50, 25, 50
50, 27, 25
50, 27, 28
50, 27, 42
50, 28, 34
50, 33, 16
50, 35, 7
50, 35, 16
50, 37, 12
50, 38, 19
50, 40, 8
50, 40, 11
50, 43, 44
50, 44, 7
50, 45, 15
50, 45, 25
50, 45, 29
50, 45, 44
50, 48, 20
50, 49, 39
50, 50, 44
50, 52, 21
50, 52, 23
50, 54, 19
50, 54, 37
50, 54, 44
50, 54, 55
50, 56, 54
50, 57, 7
50, 60, 24
50, 60, 40
50, 60, 51
50, 65, 42
50, 68, 8
50, 70, 48
50, 72, 10
50, 72, 41
50, 74, 37
50, 76, 26
50, 77, 47
50, 83, 23
50, 84, 42
50, 85, 9
50, 86, 16
50, 88, 10
50, 89, 28
50, 91, 45
50, 93, 32
50, 95, 6
50, 95, 40
50, 95, 44
50, 96, 21
50, 99, 15
50, 100, 12
51, 1, 6
51, 1, 32
51, 2, 34
51, 2, 37
51, 3, 24
51, 3, 40
51, 4, 14
51, 4, 30
51, 6, 44
51, 9, 15
51, 9, 32
51, 9, 33
51, 11, 37
51, 15, 46
51, 18, 10
51, 20, 42
51, 23, 38
51, 24, 7
51, 24, 42
51, 25, 12
51, 27, 18
51, 27, 23
51, 28, 12
51, 28, 13
51, 28, 33
51, 28, 36
51, 29, 9
51, 31, 48
51, 32, 8
51, 32, 36
51, 33, 13
51, 33, 26
51, 33, 28
51, 36, 24
51, 37, 15
51, 38, 5
51, 38, 45
51, 40, 30
51, 44, 8
51, 44, 48
51, 45, 2
51, 45, 22
51, 46, 34
51, 49, 50
51, 50, 17
51, 51, 17
51, 52, 22
51, 52, 31
51, 53, 7
51, 57, 24
51, 57, 49
51, 58, 40
51, 60, 48
51, 61, 6
51, 61, 23
51, 63, 2
51, 63, 43
51, 65, 27
51, 65, 28
51, 66, 10
51, 68, 32
51, 68, 52
51, 69, 10
51, 75, 1
51, 78, 28
51, 79, 7
51, 79, 11
51, 79, 22
51, 79, 46
51, 81, 33
51, 83, 4
51, 83, 43
51, 83, 47
51, 85, 12
51, 85, 37
51, 86, 41
51, 88, 11
51, 88, 22
51, 88, 32
51, 88, 44
51, 88, 53
51, 90, 3
51, 91, 18
51, 91, 33
51, 92, 24
51, 94, 29
51, 95, 2
51, 95, 3
51, 97, 40
51, 98, 38
51, 99, 46
51, 100, 47
51, 101, 9
52, 4, 6
52, 5, 18
52, 5, 31
52, 6, 36
52, 8, 27
52, 13, 20
52, 22, 47
52, 28, 37
52, 34, 33
52, 38, 2
52, 39, 17
52, 44, 6
52, 44, 27
52, 47, 42
52, 51, 25
52, 53, 42
52, 56, 5
52, 58, 11
52, 58, 47
52, 62, 24
52, 62, 48
52, 67, 20
52, 67, 36
52, 68, 27
52, 71, 31
52, 74, 45
52, 75, 18
52, 76, 33
52, 85, 19
52, 85, 36
52, 89, 1
52, 90, 13
52, 93, 37
52, 96, 2
52, 96, 47
52, 98, 20
52, 100, 33
53, 1, 22
53, 2, 16
53, 2, 47
53, 3, 46
53, 4, 39
53, 5, 55
53, 6, 19
53, 6, 21
53, 7, 11
53, 8, 1
53, 8, 23
53, 8, 44
53, 10, 27
53, 13, 2
53, 13, 3
53, 13, 31
53, 14, 59
53, 15, 9
53, 16, 1
53, 19, 28
53, 19, 44
53, 20, 11
53, 22, 21
53, 22, 22
53, 22, 54
53, 23, 18
53, 23, 36
53, 28, 29
53, 29, 35
53, 32, 20
53, 32, 47
53, 36, 18
53, 38, 19
53, 38, 34
53, 38, 48
53, 39, 31
53, 39, 38
53, 40, 18
53, 41, 20
53, 45, 31
53, 47, 18
53, 49, 14
53, 51, 22
53, 55, 33
53, 56, 19
53, 56, 43
53, 57, 58
53, 58, 14
53, 59, 46
53, 65, 55
53, 67, 50
53, 71, 20
53, 71, 36
53, 73, 9
53, 73, 59
53, 76, 29
53, 76, 37
53, 77, 22
53, 81, 28
53, 82, 11
53, 82, 44
53, 85, 1
53, 86, 13
53, 86, 16
53, 87, 29
53, 88, 3
53, 89, 21
53, 90, 8
53, 90, 18
53, 93, 18
53, 95, 5
53, 97, 13
53, 99, 36
53, 101, 20
53, 101, 22
54, 1, 1
54, 1, 41
54, 3, 38
54, 4, 22
54, 5, 26
54, 6, 46
54, 8, 31
54, 8, 49
54, 9, 6
54, 9, 19
54, 12, 22
54, 14, 19
54, 14, 44
54, 17, 31
54, 20, 42
54, 21, 47
54, 22, 34
54, 26, 19
54, 27, 1
54, 27, 28
54, 28, 3
54, 28, 44
54, 34, 50
54, 35, 30
54, 36, 7
54, 36, 37
54, 40, 36
54, 42, 42
54, 42, 56
54, 44, 1
54, 44, 58
54, 45, 39
54, 47, 30
54, 48, 17
54, 50, 20
54, 51, 9
54, 53, 23
54, 55, 31
54, 58, 7
54, 60, 16
54, 61, 23
54, 61, 28
54, 61, 52
54, 64, 20
54, 66, 14
54, 66, 41
54, 69, 6
54, 69, 22
54, 72, 23
54, 74, 17
54, 74, 49
54, 78, 4
54, 79, 30
54, 80, 24
54, 81, 38
54, 83, 44
54, 84, 2
54, 86, 13
54, 88, 46
54, 90, 39
54, 91, 3
54, 91, 51
54, 92, 45
54, 94, 31
54, 95, 47
54, 96, 19
54, 97, 36
54, 98, 42
54, 101, 42
55, 1, 30
55, 3, 3
55, 3, 36
55, 4, 32
55, 5, 17
55, 5, 26
55, 6, 28
55, 8, 52
55, 10, 51
55, 13, 29
55, 16, 20
55, 16, 23
55, 17, 36
55, 17, 43
55, 18, 35
55, 20, 42
55, 21, 3
55, 23, 5
55, 23, 15
55, 23, 19
55, 23, 32
55, 23, 57
55, 24, 15
55, 25, 44
55, 26, 37
55, 28, 10
55, 30, 9
55, 31, 5
55, 31, 13
55, 31, 15
55, 31, 43
55, 32, 50
55, 33, 11
55, 33, 39
55, 34, 31
55, 35, 28
55, 38, 41
55, 42, 2
55, 43, 14
55, 44, 52
55, 46, 12
55, 50, 25
55, 51, 44
55, 52, 30
55, 53, 6
55, 53, 49
55, 53, 51
55, 54, 29
55, 56, 8
55, 57, 3
55, 57, 36
55, 63, 9
55, 66, 47
55, 73, 13
55, 73, 26
55, 73, 34
55, 73, 42
55, 74, 11
55, 76, 19
55, 78, 38
55, 79, 20
55, 80, 14
55, 80, 44
55, 81, 16
55, 81, 19
55, 84, 51
55, 85, 6
55, 85, 22
55, 87, 23
55, 87, 25
55, 87, 32
55, 89, 18
55, 92, 35
55, 93, 16
55, 93, 28
55, 97, 3
55, 97, 9
55, 97, 31
55, 98, 15
55, 99, 25
55, 99, 50
56, 1, 12
56, 2, 15
56, 2, 44
56, 3, 20
56, 3, 35
56, 4, 35
56, 6, 12
56, 9, 22
56, 10, 2
56, 10, 32
56, 13, 7
56, 13, 53
56, 14, 21
56, 17, 3
56, 17, 42
56, 19, 5
56, 19, 8
56, 19, 14
56, 19, 48
56, 22, 24
56, 22, 39
56, 27, 10
56, 27, 38
56, 28, 18
56, 30, 37
56, 32, 28
56, 33, 8
56, 33, 18
56, 33, 32
56, 33, 38
56, 36, 2
56, 36, 43
56, 38, 18
56, 38, 22
56, 39, 11
56, 39, 50
56, 43, 36
56, 45, 7
56, 48, 39
56, 48, 44
56, 51, 9
56, 51, 19
56, 51, 28
56, 51, 37
56, 52, 55
56, 54, 26
56, 56, 20
56, 56, 27
56, 56, 29
56, 60, 2
56, 60, 49
56, 62, 30
56, 62, 49
56, 64, 8
56, 70, 13
56, 70, 33
56, 71, 2
56, 74, 12
56, 74, 21
56, 77, 2
56, 77, 52
56, 78, 14
56, 78, 48
56, 79, 54
56, 81, 24
56, 81, 37
56, 82, 28
56, 83, 5
56, 83, 14
56, 84, 40
56, 88, 11
56, 91, 32
56, 93, 29
56, 94, 37
56, 95, 12
56, 95, 23
56, 100, 13
57, 2, 6
57, 2, 34
57, 2, 39
57, 3, 32
57, 5, 3
57, 5, 8
57, 7, 14
57, 7, 24
57, 8, 55
57, 9, 15
57, 10, 29
57, 12, 57
57, 13, 42
57, 14, 13
57, 16, 3
57, 17, 5
57, 17, 51
57, 18, 41
57, 19, 13
57, 21, 25
57, 21, 36
57, 23, 17
57, 23, 21
57, 25, 43
57, 26, 55
57, 27, 28
57, 28, 10
57, 29, 42
57, 31, 1
57, 31, 47
57, 31, 49
57, 32, 39
57, 35, 23
57, 39, 38
57, 40, 14
57, 40, 30
57, 41, 26
57, 42, 9
57, 42, 20
57, 42, 44
57, 43, 1
57, 43, 37
57, 45, 9
57, 45, 35
57, 46, 13
57, 50, 28
57, 53, 51
57, 54, 34
57, 55, 2
57, 56, 28
57, 57, 11
57, 57, 37
57, 60, 34
57, 61, 6
57, 63, 10
57, 64, 27
57, 64, 38
57, 65, 16
57, 68, 13
57, 68, 50
57, 68, 57
57, 69, 30
57, 70, 15
57, 70, 29
57, 73, 9
57, 73, 10
57, 75, 16
57, 76, 19
57, 76, 32
57, 76, 44
57, 77, 44
57, 79, 8
57, 79, 47
57, 82, 35
57, 85, 32
57, 87, 28
57, 89, 13
57, 89, 39
57, 90, 40
57, 92, 22
57, 95, 10
57, 95, 26
57, 95, 39
57, 97, 42
57, 100, 17
57, 101, 30
58, 2, 1
58, 4, 30
58, 7, 4
58, 7, 16
58, 7, 44
58, 9, 25
58, 10, 37
58, 11, 38
58, 12, 54
58, 13, 49
58, 14, 6
58, 15, 42
58, 16, 28
58, 16, 33
58, 16, 61
58, 19, 47
58, 20, 16
58, 20, 40
58, 21, 15
58, 21, 45
58, 22, 11
58, 24, 42
58, 25, 38
58, 26, 11
58, 26, 44
58, 28, 33
58, 28, 45
58, 29, 10
58, 31, 12
58, 31, 14
58, 32, 17
58, 37, 36
58, 40, 11
58, 43, 5
58, 43, 33
58, 44, 49
58, 47, 4
58, 47, 57
58, 50, 54
58, 51, 16
58, 52, 35
58, 53, 25
58, 53, 50
58, 54, 39
58, 54, 47
58, 55, 17
58, 58, 18
58, 58, 22
58, 60, 10
58, 63, 47
58, 64, 20
58, 66, 9
58, 68, 49
58, 69, 5
58, 70, 24
58, 70, 51
58, 72, 56
58, 75, 21
58, 75, 30
58, 77, 28
58, 80, 37
58, 82, 13
58, 83, 1
58, 85, 48
58, 86, 13
58, 87, 6
58, 89, 54
58, 90, 11
58, 97, 36
58, 98, 28
58, 99, 40
58, 100, 15
58, 100, 36
58, 101, 45
59, 1, 42
59, 3, 9
59, 3, 24
59, 4, 9
59, 5, 49
59, 7, 21
59, 8, 27
59, 9, 22
59, 9, 36
59, 10, 15
59, 10, 26
59, 10, 50
59, 12, 55
59, 13, 12
59, 16, 15
59, 19, 39
59, 22, 15
59, 25, 10
59, 25, 44
59, 28, 1
59, 29, 46
59, 31, 12
59, 31, 48
59, 33, 21
59, 34, 40
59, 36, 34
59, 37, 32
59, 37, 48
59, 38, 15
59, 41, 3
59, 42, 27
59, 44, 8
59, 45, 23
59, 47, 14
59, 47, 38
59, 48, 4
59, 48, 27
59, 52, 12
59, 53, 22
59, 54, 19
59, 54, 33
59, 55, 44
59, 56, 5
59, 56, 9
59, 57, 29
59, 57, 30
59, 59, 42
59, 62, 37
59, 64, 12
59, 64, 42
59, 65, 10
59, 69, 40
59, 70, 44
59, 72, 10
59, 72, 37
59, 76, 5
59, 76, 48
59, 77, 39
59, 78, 1
59, 79, 17
59, 79, 55
59, 81, 30
59, 83, 43
59, 84, 22
59, 85, 9
59, 91, 15
59, 91, 41
59, 91, 44
59, 92, 46
59, 93, 33
59, 96, 5
59, 96, 48
59, 97, 28
59, 98, 14
59, 98, 34
59, 99, 21
59, 100, 24
60, 2, 20
60, 2, 34
60, 4, 37
60, 6, 35
60, 9, 31
60, 11, 3
60, 11, 6
60, 12, 2
60, 12, 38
60, 13, 41
60, 14, 36
60, 17, 18
60, 18, 6
60, 20, 8
60, 20, 24
60, 20, 50
60, 22, 38
60, 24, 51
60, 25, 13
60, 25, 27
60, 26, 23
60, 30, 11
60, 30, 22
60, 31, 8
60, 31, 17
60, 33, 14
60, 33, 17
60, 33, 24
60, 35, 3
60, 35, 13
60, 35, 18
60, 36, 27
60, 37, 13
60, 39, 9
60, 39, 29
60, 39, 49
60, 40, 42
60, 40, 54
60, 41, 15
60, 42, 49
60, 43, 25
60, 44, 1
60, 45, 46
60, 45, 54
60, 46, 22
60, 46, 28
60, 50, 17
60, 51, 41
60, 54, 10
60, 54, 13
60, 54, 47
60, 57, 39
60, 58, 2
60, 58, 16
60, 58, 35
60, 58, 54
60, 60, 12
60, 60, 26
60, 60, 42
60, 61, 35
60, 61, 42
60, 61, 46
60, 62, 47
60, 64, 22
60, 64, 29
60, 65, 6
60, 65, 22
60, 66, 50
60, 69, 1
60, 69, 35
60, 71, 22
60, 71, 33
60, 73, 10
60, 74, 2
60, 74, 25
60, 75, 36
60, 76, 12
60, 76, 20
60, 79, 3
60, 79, 26
60, 80, 15
60, 81, 9
60, 82, 1
60, 82, 7
60, 82, 46
60, 82, 51
60, 85, 36
60, 86, 15
60, 86, 43
60, 87, 22
60, 89, 1
60, 89, 20
60, 90, 50
60, 92, 13
60, 95, 37
60, 96, 15
60, 96, 38
60, 96, 39
60, 97, 37
60, 99, 22
60, 100, 41
60, 101, 28
60, 101, 47
61, 1, 48
61, 2, 6
61, 5, 9
61, 10, 42
61, 12, 6
61, 15, 2
61, 18, 20
61, 19, 21
61, 19, 34
61, 20, 18
61, 23, 8
61, 24, 34
61, 28, 22
61, 31, 19
61, 34, 2
61, 37, 44
61, 38, 25
61, 39, 5
61, 39, 37
61, 40, 47
61, 40, 51
61, 42, 22
61, 42, 37
61, 43, 14
61, 44, 26
61, 44, 51
61, 49, 39
61, 55, 6
61, 55, 14
61, 59, 2
61, 61, 29
61, 64, 34
61, 65, 5
61, 66, 29
61, 68, 7
61, 68, 44
61, 68, 48
61, 69, 33
61, 70, 18
61, 72, 18
61, 72, 34
61, 73, 20
61, 74, 21
61, 74, 39
61, 74, 42
61, 75, 8
61, 75, 62
61, 76, 16
61, 77, 22
61, 77, 52
61, 79, 46
61, 80, 22
61, 84, 3
61, 85, 1
61, 85, 27
61, 85, 42
61, 85, 46
61, 88, 12
61, 88, 53
61, 90, 5
61, 90, 17
61, 91, 29
61, 91, 34
61, 91, 36
61, 93, 21
61, 95, 7
61, 96, 51
61, 98, 7
61, 99, 10
61, 101, 34
62, 2, 6
62, 2, 34
62, 3, 26
62, 5, 50
62, 6, 28
62, 7, 43
62, 8, 21
62, 8, 28
62, 9, 6
62, 9, 16
62, 10, 12
62, 10, 31
62, 10, 51
62, 12, 28
62, 14, 15
62, 19, 22
62, 19, 23
62, 22, 9
62, 24, 18
62, 24, 47
62, 26, 3
62, 27, 12
62, 28, 20
62, 28, 35
62, 31, 12
62, 35, 50
62, 41, 31
62, 44, 4
62, 44, 37
62, 45, 1
62, 48, 46
62, 51, 2
62, 51, 22
62, 51, 30
62, 53, 53
62, 54, 34
62, 58, 27
62, 58, 29
62, 60, 11
62, 64, 3
62, 64, 9
62, 64, 38
62, 65, 36
62, 67, 8
62, 67, 57
62, 68, 37
62, 70, 52
62, 76, 13
62, 76, 50
62, 77, 6
62, 78, 23
62, 80, 60
62, 81, 11
62, 82, 16
62, 83, 27
62, 83, 39
62, 85, 30
62, 89, 26
62, 89, 28
62, 90, 32
62, 91, 1
62, 93, 33
62, 94, 46
62, 96, 20
62, 96, 48
62, 98, 7
62, 99, 44
62, 100, 32
62, 101, 5
63, 2, 9
63, 2, 12
63, 3, 30
63, 6, 4
63, 6, 21
63, 8, 14
63, 8, 37
63, 9, 22
63, 12, 15
63, 12, 30
63, 15, 14
63, 15, 25
63, 16, 33
63, 18, 44
63, 19, 10
63, 21, 18
63, 22, 35
63, 22, 38
63, 23, 11
63, 23, 28
63, 23, 30
63, 29, 3
63, 29, 28
63, 35, 25
63, 35, 39
63, 37, 24
63, 38, 14
63, 39, 15
63, 40, 2
63, 40, 32
63, 40, 38
63, 41, 10
63, 41, 51
63, 42, 47
63, 45, 12
63, 45, 44
63, 47, 54
63, 49, 31
63, 50, 5
63, 50, 6
63, 50, 43
63, 55, 42
63, 59, 6
63, 62, 23
63, 62, 36
63, 63, 2
63, 65, 11
63, 65, 23
63, 65, 49
63, 67, 2
63, 67, 14
63, 69, 11
63, 69, 25
63, 74, 10
63, 76, 37
63, 79, 27
63, 81, 3
63, 81, 16
63, 84, 9
63, 86, 7
63, 88, 19
63, 88, 33
63, 89, 31
63, 91, 2
63, 91, 28
63, 94, 47
63, 96, 6
63, 96, 44
63, 97, 25
64, 1, 32
64, 4, 23
64, 4, 34
64, 7, 3
64, 9, 22
64, 9, 42
64, 11, 31
64, 12, 35
64, 12, 42
64, 15, 1
64, 15, 43
64, 16, 20
64, 17, 27
64, 17, 34
64, 19, 43
64, 20, 47
64, 22, 27
64, 25, 50
64, 26, 20
64, 26, 42
64, 29, 28
64, 30, 8
64, 32, 11
64, 33, 11
64, 33, 12
64, 34, 4
64, 34, 36
64, 36, 22
64, 36, 30
64, 36, 41
64, 36, 48
64, 38, 47
64, 40, 20
64, 41, 22
64, 41, 43
64, 46, 51
64, 48, 6
64, 49, 27
64, 50, 15
64, 50, 46
64, 51, 14
64, 51, 35
64, 52, 56
64, 55, 32
64, 57, 27
64, 58, 24
64, 59, 31
64, 60, 38
64, 61, 2
64, 61, 18
64, 61, 23
64, 62, 32
64, 63, 20
64, 66, 12
64, 68, 35
64, 68, 40
64, 77, 34
64, 82, 26
64, 82, 47
64, 83, 50
64, 84, 12
64, 84, 16
64, 84, 37
64, 85, 21
64, 85, 50
64, 86, 31
64, 89, 46
64, 90, 1
64, 90, 22
64, 92, 4
64, 97, 35
64, 98, 11
64, 99, 56
64, 101, 3
64, 101, 38
65, 1, 5
65, 2, 28
65, 4, 35
65, 6, 31
65, 11, 14
65, 11, 18
65, 11, 40
65, 12, 13
65, 12, 42
65, 18, 7
65, 19, 5
65, 19, 48
65, 22, 3
65, 22, 7
65, 22, 44
65, 25, 43
65, 26, 3
65, 26, 39
65, 28, 3
65, 28, 20
65, 29, 29
65, 29, 46
65, 32, 15
65, 34, 6
65, 37, 5
65, 38, 30
65, 45, 6
65, 47, 39
65, 50, 31
65, 52, 14
65, 53, 8
65, 55, 30
65, 55, 40
65, 57, 49
65, 59, 43
65, 66, 46
65, 67, 5
65, 68, 24
65, 68, 46
65, 70, 40
65, 70, 44
65, 72, 31
65, 72, 47
65, 73, 18
65, 74, 29
65, 74, 39
65, 75, 25
65, 76, 34
65, 78, 20
65, 80, 39
65, 81, 35
65, 83, 21
65, 83, 35
65, 83, 42
65, 85, 4
65, 86, 3
65, 87, 23
65, 93, 10
65, 93, 50
65, 95, 15
65, 96, 6
65, 97, 35
65, 98, 28
65, 99, 19
65, 100, 5
66, 1, 4
66, 1, 9
66, 1, 11
66, 1, 15
66, 2, 17
66, 2, 41
66, 3, 31
66, 4, 27
66, 5, 23
66, 5, 45
66, 6, 22
66, 7, 51
66, 9, 44
66, 10, 34
66, 10, 54
66, 12, 26
66, 15, 16
66, 19, 31
66, 20, 15
66, 21, 32
66, 21, 36
66, 21, 41
66, 22, 1
66, 22, 10
66, 22, 14
66, 23, 46
66, 25, 31
66, 26, 22
66, 28, 42
66, 29, 53
66, 31, 40
66, 33, 23
66, 34, 19
66, 34, 39
66, 34, 41
66, 35, 24
66, 35, 46
66, 36, 12
66, 38, 49
66, 39, 11
66, 39, 16
66, 39, 18
66, 40, 43
66, 42, 25
66, 43, 21
66, 45, 24
66, 45, 43
66, 47, 7
66, 47, 11
66, 49, 2
66, 51, 10
66, 51, 12
66, 51, 25
66, 51, 48
66, 52, 7
66, 52, 15
66, 53, 1
66, 56, 35
66, 56, 51
66, 57, 9
66, 57, 32
66, 57, 45
66, 58, 19
66, 58, 46
66, 62, 44
66, 64, 29
66, 65, 44
66, 66, 34
66, 69, 4
66, 69, 37
66, 69, 50
66, 71, 8
66, 71, 22
66, 73, 10
66, 73, 39
66, 74, 19
66, 75, 48
66, 77, 2
66, 81, 27
66, 81, 44
66, 83, 27
66, 85, 9
66, 89, 38
66, 90, 31
66, 91, 26
66, 92, 17
66, 93, 41
66, 94, 34
66, 95, 2
66, 96, 22
66, 98, 41
66, 98, 53
66, 99, 19
66, 99, 29
66, 100, 31
66, 101, 27
67, 1, 2
67, 4, 6
67, 7, 15
67, 7, 41
67, 9, 46
67, 11, 38
67, 12, 3
67, 13, 50
67, 15, 58
67, 16, 12
67, 16, 25
67, 18, 43
67, 20, 24
67, 24, 16
67, 25, 9
67, 25, 37
67, 25, 40
67, 27, 19
67, 28, 15
67, 28, 36
67, 29, 13
67, 30, 48
67, 36, 6
67, 36, 33
67, 37, 39
67, 38, 2
67, 38, 15
67, 38, 35
67, 39, 21
67, 40, 18
67, 41, 31
67, 41, 41
67, 43, 28
67, 44, 43
67, 46, 28
67, 47, 43
67, 48, 27
67, 49, 23
67, 53, 3
67, 54, 12
67, 55, 5
67, 55, 21
67, 55, 42
67, 60, 2
67, 60, 47
67, 60, 48
67, 63, 24
67, 64, 10
67, 67, 12
67, 70, 15
67, 71, 19
67, 71, 53
67, 72, 20
67, 75, 44
67, 76, 6
67, 77, 42
67, 78, 4
67, 81, 25
67, 81, 39
67, 81, 50
67, 84, 13
67, 85, 23
67, 85, 31
67, 88, 4
67, 88, 9
67, 88, 28
67, 91, 33
67, 92, 36
67, 93, 16
67, 96, 31
67, 99, 58
67, 100, 43
68, 1, 36
68, 2, 28
68, 6, 11
68, 9, 19
68, 10, 3
68, 11, 2
68, 12, 25
68, 12, 35
68, 13, 45
68, 15, 22
68, 16, 1
68, 18, 16
68, 23, 29
68, 24, 10
68, 25, 54
68, 28, 25
68, 29, 9
68, 29, 25
68, 29, 31
68, 30, 14
68, 31, 29
68, 31, 50
68, 34, 23
68, 36, 43
68, 36, 48
68, 37, 23
68, 38, 40
68, 41, 21
68, 42, 24
68, 45, 23
68, 45, 36
68, 46, 24
68, 46, 33
68, 47, 31
68, 47, 47
68, 48, 19
68, 48, 22
68, 48, 38
68, 51, 39
68, 56, 2
68, 58, 32
68, 64, 44
68, 67, 6
68, 68, 51
68, 69, 6
68, 69, 11
68, 69, 41
68, 70, 32
68, 72, 12
68, 73, 33
68, 73, 36
68, 76, 33
68, 76, 37
68, 77, 1
68, 77, 7
68, 79, 25
68, 79, 33
68, 79, 43
68, 80, 18
68, 84, 35
68, 84, 39
68, 84, 48
68, 85, 45
68, 86, 24
68, 86, 50
68, 87, 2
68, 91, 3
68, 93, 22
68, 93, 48
68, 99, 8
68, 99, 32
69, 1, 18
69, 1, 36
69, 2, 36
69, 4, 28
69, 5, 44
69, 9, 1
69, 11, 4
69, 11, 12
69, 11, 45
69, 12, 44
69, 12, 45
69, 15, 51
69, 17, 4
69, 20, 7
69, 20, 28
69, 21, 8
69, 21, 33
69, 25, 38
69, 27, 21
69, 27, 28
69, 28, 5
69, 28, 28
69, 29, 2
69, 30, 14
69, 33, 38
69, 36, 26
69, 37, 18
69, 38, 37
69, 39, 12
69, 40, 21
69, 41, 30
69, 43, 25
69, 45, 16
69, 45, 39
69, 47, 22
69, 47, 24
69, 48, 45
69, 49, 11
69, 50, 25
69, 51, 15
69, 52, 52
69, 53, 49
69, 54, 5
69, 54, 19
69, 55, 15
69, 55, 26
69, 57, 39
69, 58, 5
69, 59, 36
69, 60, 47
69, 63, 25
69, 63, 53
69, 64, 16
69, 64, 22
69, 65, 10
69, 66, 20
69, 66, 36
69, 66, 48
69, 68, 3
69, 68, 25
69, 69, 53
69, 70, 43
69, 74, 18
69, 74, 38
69, 75, 24
69, 75, 36
69, 76, 33
69, 77, 9
69, 81, 2
69, 81, 28
69, 81, 41
69, 86, 4
69, 86, 16
69, 89, 3
69, 90, 30
69, 95, 33
69, 97, 11
69, 98, 17
69, 99, 46
69, 100, 24
69, 101, 39
70, 1, 29
70, 2, 31
70, 3, 41
70, 3, 46
70, 5, 47
70, 6, 19
70, 6, 36
70, 6, 42
70, 11, 41
70, 16, 38
70, 21, 25
70, 25, 31
70, 25, 44
70, 27, 26
70, 28, 38
70, 30, 37
70, 31, 44
70, 31, 46
70, 37, 18
70, 40, 11
70, 40, 13
70, 40, 49
70, 40, 55
70, 43, 14
70, 47, 42
70, 47, 43
70, 53, 18
70, 53, 45
70, 54, 23
70, 57, 4
70, 59, 8
70, 59, 24
70, 62, 43
70, 64, 51
70, 72, 45
70, 74, 31
70, 74, 41
70, 76, 24
70, 76, 36
70, 79, 8
70, 81, 50
70, 85, 1
70, 85, 38
70, 86, 2
70, 90, 6
70, 90, 44
70, 91, 3
70, 92, 28
70, 92, 55
70, 94, 25
70, 95, 31
70, 98, 13
70, 98, 18
70, 99, 37
70, 101, 22
71, 1, 48
71, 4, 23
71, 4, 39
71, 9, 2
71, 9, 6
71, 9, 9
71, 12, 29
71, 12, 48
71, 13, 10
71, 13, 42
71, 14, 13
71, 15, 37
71, 16, 29
71, 16, 50
71, 17, 28
71, 18, 35
71, 21, 31
71, 21, 40
71, 23, 13
71, 23, 38
71, 28, 24
71, 31, 30
71, 31, 43
71, 34, 16
71, 37, 20
71, 37, 42
71, 37, 43
71, 37, 44
71, 40, 25
71, 40, 44
71, 40, 45
71, 41, 3
71, 41, 39
71, 42, 16
71, 43, 11
71, 43, 19
71, 45, 1
71, 45, 8
71, 46, 29
71, 48, 37
71, 54, 14
71, 56, 46
71, 58, 52
71, 59, 37
71, 60, 41
71, 65, 2
71, 66, 48
71, 67, 6
71, 68, 29
71, 68, 48
71, 69, 34
71, 72, 15
71, 76, 30
71, 79, 9
71, 79, 50
71, 80, 20
71, 81, 2
71, 81, 7
71, 82, 1
71, 85, 24
71, 86, 44
71, 87, 44
71, 90, 16
71, 91, 50
71, 92, 31
71, 93, 10
71, 94, 28
71, 95, 20
71, 95, 42
71, 95, 44
71, 96, 4
71, 96, 11
71, 96, 37
71, 98, 6
71, 100, 25
71, 100, 44
71, 101, 13
72, 1, 47
72, 2, 50
72, 3, 11
72, 4, 39
72, 5, 12
72, 6, 8
72, 6, 31
72, 7, 4
72, 7, 46
72, 7, 55
72, 8, 30
72, 11, 3
72, 14, 2
72, 15, 8
72, 15, 18
72, 16, 14
72, 16, 25
72, 17, 23
72, 18, 24
72, 19, 27
72, 20, 11
72, 20, 44
72, 30, 7
72, 31, 32
72, 34, 29
72, 35, 7
72, 35, 28
72, 36, 13
72, 39, 49
72, 40, 12
72, 40, 35
72, 41, 56
72, 45, 22
72, 45, 53
72, 47, 34
72, 48, 52
72, 50, 24
72, 51, 4
72, 51, 33
72, 52, 5
72, 53, 7
72, 53, 44
72, 55, 20
72, 56, 34
72, 56, 35
72, 59, 39
72, 60, 27
72, 61, 18
72, 64, 22
72, 64, 37
72, 65, 17
72, 65, 38
72, 66, 18
72, 66, 44
72, 71, 16
72, 72, 49
72, 73, 8
72, 74, 12
72, 74, 33
72, 74, 37
72, 75, 26
72, 76, 16
72, 76, 47
72, 77, 11
72, 77, 39
72, 78, 24
72, 81, 28
72, 81, 56
72, 83, 43
72, 84, 33
72, 85, 27
72, 89, 24
72, 90, 6
72, 91, 29
72, 91, 42
72, 93, 2
72, 93, 19
72, 93, 49
72, 94, 14
72, 97, 5
72, 98, 47
72, 98, 55
72, 100, 43
72, 101, 30
73, 2, 14
73, 2, 20
73, 4, 3
73, 4, 15
73, 5, 25
73, 7, 39
73, 8, 41
73, 10, 3
73, 10, 27
73, 10, 36
73, 11, 20
73, 11, 24
73, 14, 16
73, 17, 31
73, 17, 46
73, 18, 4
73, 23, 2
73, 23, 45
73, 23, 49
73, 24, 18
73, 24, 22
73, 31, 33
73, 32, 51
73, 36, 15
73, 36, 22
73, 36, 33
73, 41, 34
73, 44, 5
73, 45, 34
73, 48, 8
73, 50, 16
73, 51, 1
73, 51, 45
73, 53, 43
73, 56, 8
73, 56, 12
73, 56, 24
73, 59, 13
73, 60, 46
73, 61, 14
73, 62, 4
73, 63, 8
73, 65, 3
73, 66, 4
73, 66, 22
73, 66, 41
73, 67, 13
73, 69, 46
73, 72, 15
73, 72, 49
73, 74, 5
73, 74, 51
73, 77, 44
73, 80, 36
73, 84, 40
73, 87, 26
73, 88, 48
73, 90, 10
73, 91, 29
73, 93, 9
73, 95, 4
73, 95, 46
74, 1, 15
74, 3, 25
74, 5, 40
74, 7, 44
74, 8, 26
74, 9, 23
74, 9, 34
74, 11, 39
74, 13, 20
74, 14, 36
74, 15, 7
74, 16, 10
74, 16, 34
74, 21, 30
74, 21, 53
74, 22, 45
74, 23, 2
74, 24, 28
74, 25, 27
74, 26, 29
74, 31, 18
74, 33, 57
74, 34, 43
74, 35, 24
74, 38, 45
74, 39, 25
74, 40, 21
74, 40, 30
74, 42, 31
74, 42, 32
74, 42, 37
74, 43, 27
74, 43, 38
74, 44, 26
74, 51, 45
74, 52, 12
74, 52, 39
74, 55, 40
74, 55, 44
74, 56, 16
74, 57, 55
74, 59, 20
74, 62, 20
74, 63, 48
74, 64, 28
74, 68, 26
74, 68, 44
74, 69, 40
74, 71, 13
74, 71, 38
74, 75, 24
74, 77, 1
74, 79, 13
74, 80, 14
74, 81, 47
74, 82, 13
74, 83, 44
74, 86, 13
74, 86, 32
74, 87, 8
74, 87, 44
74, 89, 2
74, 89, 4
74, 90, 37
74, 91, 25
74, 95, 23
74, 96, 20
74, 96, 56
74, 97, 30
74, 97, 48
74, 98, 21
74, 98, 29
74, 99, 10
74, 100, 43
74, 101, 49
75, 1, 30
75, 4, 5
75, 6, 19
75, 6, 22
75, 7, 30
75, 8, 20
75, 9, 16
75, 9, 35
75, 11, 52
75, 12, 45
75, 14, 14
75, 14, 44
75, 16, 3
75, 16, 42
75, 17, 5
75, 17, 51
75, 18, 30
75, 20, 21
75, 21, 5
75, 21, 13
75, 21, 17
75, 22, 3
75, 23, 9
75, 24, 46
75, 25, 5
75, 25, 39
75, 27, 42
75, 29, 20
75, 29, 33
75, 31, 6
75, 34, 47
75, 35, 8
75, 38, 3
75, 38, 36
75, 38, 56
75, 39, 51
75, 43, 5
75, 44, 59
75, 45, 32
75, 47, 2
75, 47, 43
75, 51, 43
75, 52, 24
75, 53, 56
75, 55, 10
75, 56, 46
75, 57, 9
75, 57, 26
75, 57, 40
75, 61, 10
75, 61, 37
75, 64, 4
75, 68, 21
75, 68, 23
75, 72, 16
75, 73, 20
75, 73, 24
75, 73, 49
75, 75, 7
75, 76, 16
75, 77, 3
75, 77, 28
75, 77, 35
75, 80, 14
75, 80, 50
75, 81, 40
75, 83, 13
75, 85, 21
75, 88, 9
75, 90, 3
75, 90, 19
75, 92, 46
75, 93, 21
75, 93, 39
75, 93, 42
75, 94, 32
75, 96, 28
75, 96, 35
75, 100, 4
76, 1, 5
76, 3, 19
76, 4, 43
76, 5, 5
76, 5, 7
76, 5, 47
76, 7, 26
76, 8, 24
76, 10, 8
76, 12, 39
76, 15, 33
76, 16, 11
76, 19, 32
76, 20, 26
76, 21, 9
76, 23, 24
76, 24, 41
76, 24, 46
76, 25, 14
76, 25, 56
76, 27, 14
76, 27, 51
76, 28, 3
76, 28, 50
76, 29, 49
76, 30, 17
76, 30, 44
76, 32, 12
76, 32, 15
76, 32, 25
76, 33, 22
76, 37, 5
76, 38, 30
76, 40, 8
76, 40, 16
76, 41, 10
76, 41, 18
76, 41, 46
76, 44, 15
76, 44, 19
76, 45, 3
76, 45, 11
76, 46, 9
76, 48, 20
76, 48, 43
76, 49, 38
76, 51, 12
76, 51, 26
76, 51, 33
76, 51, 46
76, 52, 54
76, 53, 34
76, 54, 17
76, 55, 28
76, 56, 34
76, 58, 22
76, 60, 7
76, 61, 40
76, 62, 31
76, 66, 25
76, 68, 6
76, 69, 12
76, 70, 33
76, 71, 9
76, 74, 5
76, 74, 7
76, 74, 18
76, 74, 54
76, 76, 16
76, 76, 40
76, 78, 36
76, 78, 46
76, 80, 17
76, 81, 32
76, 82, 10
76, 82, 24
76, 82, 27
76, 82, 38
76, 83, 8
76, 84, 4
76, 93, 51
76, 94, 14
76, 95, 26
76, 96, 31
76, 97, 1
76, 101, 8
76, 101, 17
76, 101, 20
77, 2, 29
77, 4, 16
77, 7, 44
77, 10, 43
77, 12, 47
77, 16, 19
77, 16, 37
77, 17, 15
77, 17, 39
77, 18, 29
77, 20, 27
77, 23, 49
77, 25, 25
77, 26, 7
77, 27, 3
77, 27, 13
77, 29, 24
77, 31, 8
77, 31, 26
77, 32, 8
77, 33, 8
77, 36, 17
77, 36, 26
77, 38, 1
77, 42, 4
77, 45, 28
77, 48, 49
77, 49, 34
77, 53, 16
77, 53, 19
77, 53, 23
77, 53, 33
77, 53, 49
77, 56, 31
77, 56, 45
77, 57, 9
77, 59, 2
77, 59, 17
77, 60, 23
77, 60, 41
77, 60, 55
77, 63, 31
77, 64, 30
77, 65, 9
77, 66, 44
77, 70, 39
77, 71, 48
77, 72, 25
77, 74, 27
77, 75, 13
77, 78, 29
77, 80, 3
77, 80, 4
77, 80, 29
77, 80, 40
77, 80, 47
77, 83, 10
77, 83, 11
77, 84, 15
77, 84, 37
77, 92, 33
77, 93, 9
77, 93, 44
77, 95, 38
77, 96, 27
77, 96, 47
77, 97, 15
77, 97, 17
77, 98, 32
77, 101, 34
77, 101, 49
78, 2, 10
78, 2, 26
78, 2, 41
78, 5, 11
78, 7, 32
78, 8, 36
78, 9, 40
78, 10, 5
78, 10, 11
78, 10, 27
78, 10, 45
78, 13, 5
78, 14, 2
78, 14, 47
78, 16, 23
78, 18, 35
78, 19, 5
78, 19, 15
78, 19, 18
78, 20, 33
78, 23, 46
78, 24, 20
78, 25, 13
78, 27, 28
78, 28, 18
78, 30, 8
78, 30, 44
78, 31, 17
78, 33, 22
78, 34, 2
78, 36, 30
78, 36, 49
78, 37, 9
78, 37, 43
78, 41, 29
78, 41, 34
78, 42, 19
78, 44, 43
78, 46, 54
78, 47, 3
78, 49, 5
78, 49, 42
78, 51, 25
78, 53, 28
78, 54, 42
78, 55, 46
78, 60, 15
78, 60, 46
78, 62, 33
78, 63, 17
78, 64, 26
78, 64, 49
78, 65, 11
78, 66, 29
78, 69, 10
78, 72, 33
78, 73, 50
78, 76, 11
78, 78, 21
78, 79, 1
78, 82, 8
78, 86, 40
78, 87, 2
78, 87, 9
78, 88, 17
78, 89, 27
78, 90, 23
78, 90, 34
78, 90, 36
78, 90, 40
78, 93, 44
78, 96, 40
78, 96, 49
78, 100, 18
78, 100, 51
78, 101, 45
79, 3, 52
79, 4, 49
79, 7, 18
79, 11, 34
79, 11, 41
79, 12, 3
79, 12, 14
79, 12, 21
79, 15, 9
79, 17, 46
79, 23, 2
79, 25, 38
79, 27, 14
79, 27, 34
79, 29, 35
79, 34, 36
79, 34, 48
79, 34, 50
79, 35, 2
79, 35, 22
79, 36, 17
79, 37, 6
79, 38, 45
79, 39, 7
79, 39, 20
79, 41, 33
79, 43, 18
79, 44, 45
79, 46, 3
79, 47, 10
79, 48, 2
79, 52, 10
79, 53, 36
79, 53, 51
79, 56, 20
79, 56, 24
79, 57, 27
79, 61, 50
79, 62, 19
79, 63, 8
79, 65, 4
79, 65, 18
79, 65, 27
79, 65, 52
79, 66, 13
79, 66, 14
79, 67, 33
79, 68, 25
79, 69, 12
79, 69, 21
79, 72, 8
79, 72, 18
79, 74, 15
79, 74, 25
79, 74, 31
79, 76, 23
79, 77, 39
79, 78, 39
79, 78, 46
79, 80, 5
79, 80, 19
79, 80, 35
79, 82, 2
79, 84, 1
79, 84, 12
79, 86, 8
79, 88, 51
79, 89, 8
79, 90, 21
79, 90, 48
79, 91, 3
79, 91, 4
79, 91, 23
79, 91, 48
79, 94, 14
79, 94, 26
79, 95, 18
79, 95, 38
79, 98, 23
79, 99, 41
79, 100, 29
80, 2, 8
80, 3, 17
80, 4, 18
80, 5, 19
80, 8, 21
80, 8, 47
80, 9, 9
80, 9, 49
80, 10, 11
80, 10, 25
80, 11, 11
80, 12, 28
80, 13, 7
80, 15, 54
80, 17, 27
80, 17, 36
80, 17, 39
80, 18, 32
80, 19, 6
80, 19, 45
80, 21, 4
80, 21, 24
80, 21, 47
80, 22, 53
80, 24, 42
80, 25, 18
80, 27, 9
80, 29, 40
80, 32, 45
80, 33, 28
80, 33, 40
80, 34, 31
80, 35, 41
80, 36, 20
80, 37, 25
80, 38, 2
80, 38, 40
80, 39, 34
80, 40, 4
80, 41, 26
80, 42, 1
80, 42, 37
80, 42, 49
80, 45, 14
80, 45, 22
80, 47, 50
80, 50, 1
80, 51, 25
80, 56, 27
80, 59, 43
80, 60, 21
80, 61, 14
80, 61, 31
80, 62, 19
80, 62, 49
80, 64, 45
80, 65, 39
80, 65, 41
80, 69, 2
80, 70, 31
80, 71, 7
80, 75, 13
80, 75, 33
80, 76, 18
80, 76, 20
80, 77, 54
80, 78, 18
80, 79, 24
80, 80, 9
80, 81, 54
80, 82, 36
80, 83, 27
80, 87, 15
80, 88, 42
80, 90, 37
80, 90, 39
80, 92, 23
80, 96, 10
80, 97, 12
80, 101, 7
81, 2, 42
81, 2, 52
81, 3, 25
81, 3, 34
81, 5, 41
81, 9, 23
81, 14, 23
81, 14, 49
81, 16, 19
81, 19, 5
81, 20, 41
81, 21, 12
81, 25, 23
81, 25, 33
81, 27, 2
81, 28, 3
81, 29, 28
81, 29, 48
81, 31, 14
81, 31, 37
81, 32, 19
81, 32, 32
81, 38, 39
81, 39, 10
81, 39, 21
81, 39, 33
81, 40, 54
81, 41, 30
81, 42, 7
81, 43, 16
81, 43, 50
81, 44, 4
81, 48, 7
81, 48, 33
81, 49, 46
81, 49, 50
81, 50, 42
81, 51, 10
81, 51, 15
81, 54, 15
81, 54, 50
81, 56, 9
81, 56, 41
81, 57, 52
81, 60, 5
81, 61, 24
81, 61, 26
81, 64, 48
81, 65, 27
81, 67, 1
81, 69, 11
81, 69, 46
81, 70, 34
81, 70, 46
81, 72, 24
81, 72, 38
81, 73, 46
81, 74, 1
81, 74, 23
81, 75, 40
81, 76, 14
81, 76, 26
81, 76, 44
81, 77, 33
81, 78, 7
81, 78, 17
81, 79, 4
81, 83, 42
81, 85, 29
81, 85, 36
81, 89, 12
81, 90, 48
81, 91, 2
81, 96, 40
81, 98, 1
81, 98, 32
81, 98, 39
81, 98, 41
81, 101, 38
82, 2, 38
82, 3, 10
82, 4, 3
82, 5, 3
82, 5, 10
82, 7, 13
82, 7, 47
82, 7, 51
82, 8, 52
82, 9, 13
82, 9, 36
82, 10, 4
82, 10, 6
82, 11, 27
82, 12, 26
82, 13, 45
82, 16, 23
82, 17, 18
82, 18, 3
82, 18, 5
82, 18, 9
82, 18, 35
82, 18, 40
82, 21, 2
82, 21, 37
82, 22, 12
82, 27, 12
82, 27, 19
82, 28, 34
82, 28, 44
82, 30, 32
82, 31, 43
82, 33, 46
82, 36, 31
82, 37, 20
82, 39, 50
82, 41, 14
82, 41, 38
82, 41, 41
82, 42, 7
82, 42, 9
82, 42, 52
82, 44, 17
82, 44, 32
82, 44, 45
82, 50, 31
82, 51, 19
82, 51, 21
82, 54, 6
82, 55, 11
82, 57, 24
82, 58, 52
82, 59, 16
82, 60, 37
82, 61, 2
82, 63, 17
82, 63, 34
82, 64, 53
82, 68, 3
82, 70, 38
82, 71, 5
82, 71, 30
82, 71, 35
82, 72, 32
82, 73, 3
82, 75, 33
82, 75, 46
82, 78, 26
82, 80, 36
82, 80, 39
82, 82, 16
82, 82, 46
82, 83, 13
82, 84, 12
82, 85, 17
82, 85, 30
82, 86, 33
82, 86, 38
82, 88, 10
82, 90, 9
82, 90, 16
82, 90, 28
82, 93, 4
82, 93, 7
82, 93, 40
82, 94, 34
82, 96, 2
82, 97, 6
82, 98, 24
82, 101, 50
83, 3, 40
83, 6, 15
83, 8, 32
83, 9, 40
83, 12, 24
83, 13, 41
83, 17, 25
83, 19, 7
83, 20, 30
83, 21, 13
83, 22, 29
83, 22, 47
83, 23, 37
83, 25, 4
83, 25, 7
83, 26, 38
83, 26, 46
83, 27, 42
83, 31, 28
83, 31, 48
83, 33, 9
83, 33, 14
83, 34, 44
83, 35, 11
83, 35, 59
83, 37, 11
83, 37, 50
83, 38, 14
83, 39, 6
83, 39, 8
83, 39, 36
83, 40, 15
83, 40, 29
83, 40, 45
83, 41, 27
83, 43, 50
83, 46, 18
83, 46, 34
83, 48, 23
83, 49, 28
83, 50, 5
83, 50, 33
83, 50, 39
83, 50, 41
83, 55, 21
83, 55, 24
83, 56, 47
83, 57, 29
83, 57, 44
83, 60, 31
83, 61, 9
83, 61, 48
83, 62, 11
83, 62, 34
83, 63, 9
83, 64, 3
83, 64, 13
83, 65, 9
83, 66, 25
83, 67, 36
83, 67, 54
83, 69, 7
83, 69, 9
83, 70, 5
83, 70, 32
83, 71, 36
83, 72, 45
83, 74, 43
83, 77, 3
83, 77, 22
83, 78, 6
83, 80, 43
83, 82, 8
83, 85, 22
83, 87, 13
83, 87, 30
83, 89, 38
83, 92, 23
83, 93, 17
83, 93, 34
83, 94, 11
83, 95, 21
83, 95, 47
83, 98, 26
84, 2, 32
84, 4, 5
84, 4, 25
84, 6, 21
84, 7, 49
84, 10, 43
84, 15, 45
84, 22, 31
84, 25, 36
84, 25, 47
84, 28, 45
84, 31, 16
84, 31, 51
84, 37, 5
84, 39, 4
84, 39, 41
84, 40, 18
84, 44, 12
84, 44, 43
84, 45, 7
84, 45, 40
84, 49, 11
84, 50, 26
84, 50, 35
84, 52, 47
84, 54, 25
84, 56, 39
84, 58, 37
84, 60, 33
84, 67, 25
84, 70, 39
84, 75, 28
84, 77, 45
84, 79, 44
84, 82, 29
84, 88, 21
84, 92, 52
84, 93, 49
84, 98, 4
84, 99, 32
84, 100, 7
84, 100, 13
84, 100, 18
84, 100, 53
85, 1, 18
85, 1, 19
85, 3, 34
85, 3, 51
85, 4, 49
85, 8, 28
85, 9, 5
85, 9, 42
85, 10, 30
85, 10, 34
85, 11, 12
85, 11, 33
85, 12, 7
85, 12, 29
85, 12, 47
85, 13, 11
85, 13, 20
85, 13, 22
85, 13, 23
85, 14, 14
85, 14, 36
85, 14, 38
85, 15, 11
85, 15, 34
85, 16, 26
85, 16, 30
85, 17, 3
85, 17, 48
85, 18, 33
85, 18, 53
85, 19, 1
85, 19, 2
85, 21, 37
85, 26, 3
85, 26, 16
85, 28, 25
85, 33, 48
85, 34, 22
85, 34, 23
85, 34, 49
85, 35, 32
85, 36, 14
85, 36, 24
85, 36, 25
85, 37, 14
85, 41, 6
85, 41, 14
85, 41, 16
85, 41, 53
85, 43, 28
85, 43, 33
85, 44, 37
85, 45, 34
85, 47, 2
85, 48, 10
85, 50, 5
85, 50, 6
85, 50, 13
85, 53, 3
85, 53, 32
85, 54, 2
85, 56, 33
85, 58, 2
85, 58, 50
85, 60, 41
85, 62, 22
85, 62, 23
85, 63, 7
85, 63, 23
85, 66, 20
85, 69, 39
85, 69, 53
85, 70, 1
85, 70, 38
85, 72, 9
85, 72, 30
85, 72, 44
85, 73, 28
85, 74, 4
85, 74, 9
85, 74, 48
85, 75, 23
85, 76, 23
85, 76, 36
85, 76, 47
85, 78, 23
85, 79, 6
85, 81, 10
85, 83, 1
85, 83, 4
85, 83, 37
85, 85, 34
85, 85, 45
85, 86, 43
85, 88, 51
85, 90, 28
85, 90, 59
85, 94, 39
85, 95, 52
85, 98, 11
85, 98, 29
85, 98, 42
85, 99, 34
85, 99, 39
85, 100, 28
85, 100, 42
85, 100, 48
86, 3, 12
86, 3, 37
86, 4, 44
86, 6, 40
86, 7, 21
86, 8, 4
86, 8, 36
86, 10, 24
86, 11, 17
86, 11, 34
86, 13, 5
86, 14, 31
86, 14, 37
86, 14, 49
86, 16, 8
86, 17, 36
86, 18, 25
86, 19, 9
86, 20, 15
86, 22, 7
86, 23, 22
86, 26, 15
86, 26, 24
86, 31, 34
86, 32, 7
86, 32, 30
86, 34, 2
86, 34, 16
86, 38, 18
86, 39, 30
86, 42, 18
86, 42, 44
86, 46, 7
86, 53, 44
86, 56, 12
86, 58, 1
86, 58, 15
86, 58, 17
86, 59, 2
86, 61, 32
86, 62, 33
86, 62, 50
86, 64, 40
86, 64, 43
86, 68, 32
86, 69, 21
86, 71, 18
86, 73, 1
86, 75, 5
86, 79, 30
86, 79, 33
86, 80, 6
86, 83, 28
86, 87, 11
86, 87, 19
86, 88, 2
86, 91, 22
86, 91, 34
86, 94, 9
86, 96, 24
86, 97, 9
86, 97, 12
86, 98, 15
86, 99, 25
86, 100, 6
86, 100, 11
86, 101, 13
86, 101, 28
87, 1, 18
87, 1, 31
87, 1, 38
87, 4, 31
87, 4, 38
87, 5, 13
87, 10, 6
87, 11, 2
87, 12, 33
87, 16, 7
87, 16, 9
87, 17, 16
87, 17, 44
87, 19, 36
87, 21, 6
87, 21, 13
87, 21, 32
87, 22, 24
87, 23, 1
87, 25, 35
87, 25, 51
87, 27, 6
87, 29, 44
87, 30, 17
87, 31, 8
87, 31, 14
87, 31, 33
87, 33, 7
87, 33, 32
87, 35, 14
87, 36, 53
87, 37, 9
87, 38, 41
87, 39, 53
87, 43, 45
87, 46, 51
87, 49, 35
87, 53, 18
87, 53, 21
87, 53, 42
87, 54, 8
87, 55, 28
87, 55, 43
87, 56, 17
87, 60, 12
87, 60, 51
87, 62, 11
87, 63, 26
87, 63, 33
87, 64, 42
87, 65, 9
87, 68, 37
87, 69, 19
87, 69, 42
87, 72, 8
87, 72, 13
87, 73, 17
87, 73, 51
87, 75, 10
87, 77, 2
87, 77, 33
87, 78, 45
87, 79, 20
87, 80, 21
87, 81, 12
87, 82, 31
87, 82, 35
87, 83, 18
87, 83, 25
87, 84, 31
87, 84, 44
87, 85, 23
87, 87, 7
87, 87, 15
87, 89, 53
87, 90, 36
87, 92, 12
87, 93, 44
87, 94, 15
87, 97, 33
87, 97, 44
87, 98, 32
87, 100, 54
87, 101, 42
88, 1, 44
88, 5, 4
88, 5, 26
88, 5, 40
88, 6, 8
88, 7, 14
88, 7, 18
88, 7, 47
88, 8, 47
88, 10, 39
88, 11, 31
88, 12, 26
88, 14, 48
88, 15, 37
88, 16, 24
88, 22, 11
88, 25, 28
88, 26, 10
88, 27, 25
88, 27, 38
88, 28, 13
88, 28, 31
88, 29, 34
88, 30, 28
88, 30, 43
88, 31, 29
88, 32, 52
88, 34, 23
88, 34, 44
88, 35, 8
88, 35, 32
88, 37, 36
88, 39, 23
88, 39, 37
88, 40, 4
88, 41, 19
88, 41, 31
88, 44, 21
88, 45, 36
88, 46, 45
88, 47, 7
88, 47, 20
88, 48, 34
88, 49, 13
88, 51, 17
88, 51, 27
88, 52, 4
88, 53, 29
88, 54, 27
88, 54, 39
88, 61, 26
88, 63, 39
88, 64, 23
88, 64, 33
88, 65, 8
88, 66, 21
88, 71, 40
88, 73, 48
88, 75, 22
88, 75, 42
88, 76, 5
88, 78, 16
88, 78, 23
88, 79, 49
88, 80, 24
88, 81, 45
88, 83, 38
88, 86, 29
88, 87, 15
88, 87, 18
88, 88, 42
88, 88, 44
88, 89, 18
88, 89, 37
88, 93, 37
88, 94, 13
88, 96, 16
88, 96, 33
88, 100, 18
89, 1, 3
89, 3, 16
89, 7, 22
89, 7, 48
89, 8, 43
89, 9, 1
89, 13, 7
89, 13, 15
89, 20, 42
89, 21, 27
89, 23, 5
89, 23, 33
89, 23, 36
89, 23, 41
89, 25, 25
89, 25, 55
89, 28, 14
89, 29, 9
89, 33, 37
89, 35, 19
89, 40, 28
89, 42, 1
89, 42, 28
89, 42, 48
89, 48, 5
89, 50, 26
89, 51, 48
89, 52, 40
89, 52, 42
89, 53, 16
89, 56, 3
89, 56, 35
89, 56, 47
89, 56, 55
89, 57, 30
89, 58, 54
89, 64, 13
89, 64, 36
89, 64, 50
89, 65, 16
89, 65, 32
89, 68, 24
89, 68, 48
89, 69, 29
89, 70, 52
89, 74, 25
89, 78, 41
89, 78, 42
89, 79, 7
89, 81, 24
89, 85, 22
89, 86, 8
89, 88, 22
89, 88, 29
89, 88, 51
89, 90, 10
89, 91, 45
89, 95, 16
89, 96, 46
89, 99, 1
89, 100, 33
90, 2, 25
90, 4, 31
90, 4, 37
90, 8, 26
90, 8, 47
90, 9, 14
90, 10, 39
90, 11, 43
90, 12, 15
90, 14, 8
90, 16, 1
90, 16, 2
90, 16, 46
90, 18, 19
90, 23, 16
90, 27, 32
90, 31, 42
90, 31, 49
90, 33, 19
90, 38, 49
90, 40, 23
90, 40, 37
90, 45, 7
90, 45, 17
90, 46, 21
90, 49, 30
90, 49, 36
90, 53, 47
90, 54, 20
90, 54, 37
90, 55, 35
90, 55, 39
90, 55, 43
90, 56, 35
90, 57, 22
90, 58, 16
90, 58, 29
90, 58, 40
90, 60, 14
90, 60, 40
90, 69, 43
90, 69, 51
90, 71, 41
90, 72, 31
90, 77, 17
90, 77, 34
90, 79, 13
90, 79, 19
90, 84, 35
90, 86, 48
90, 88, 20
90, 88, 25
90, 89, 45
90, 90, 22
90, 90, 42
90, 91, 46
90, 94, 16
90, 98, 53
90, 100, 1
90, 100, 9
90, 100, 35
90, 101, 15
90, 101, 42
91, 2, 32
91, 5, 5
91, 7, 3
91, 7, 53
91, 10, 8
91, 10, 28
91, 12, 22
91, 13, 48
91, 14, 43
91, 15, 34
91, 16, 32
91, 17, 31
91, 18, 9
91, 18, 55
91, 19, 39
91, 22, 52
91, 23, 6
91, 23, 42
91, 23, 54
91, 25, 7
91, 25, 22
91, 27, 35
91, 28, 9
91, 28, 44
91, 32, 47
91, 33, 13
91, 34, 51
91, 35, 7
91, 36, 12
91, 36, 22
91, 38, 34
91, 40, 1
91, 40, 39
91, 42, 45
91, 45, 45
91, 47, 26
91, 47, 39
91, 48, 2
91, 48, 42
91, 49, 25
91, 50, 42
91, 53, 5
91, 53, 22
91, 54, 52
91, 56, 39
91, 60, 4
91, 61, 30
91, 61, 48
91, 64, 9
91, 64, 48
91, 67, 44
91, 69, 1
91, 71, 21
91, 72, 24
91, 73, 55
91, 76, 14
91, 76, 17
91, 83, 28
91, 86, 5
91, 89, 8
91, 90, 59
91, 91, 7
91, 91, 36
91, 92, 21
91, 92, 48
91, 96, 38
91, 97, 42
91, 98, 31
91, 99, 15
92, 1, 5
92, 1, 17
92, 2, 25
92, 2, 40
92, 3, 35
92, 3, 48
92, 6, 34
92, 7, 26
92, 9, 12
92, 13, 26
92, 16, 25
92, 16, 45
92, 16, 49
92, 16, 52
92, 19, 19
92, 20, 23
92, 21, 13
92, 21, 22
92, 21, 31
92, 21, 53
92, 24, 47
92, 26, 41
92, 27, 6
92, 27, 45
92, 27, 52
92, 28, 3
92, 28, 39
92, 29, 15
92, 29, 23
92, 29, 26
92, 33, 8
92, 36, 30
92, 37, 26
92, 39, 17
92, 39, 47
92, 40, 26
92, 42, 25
92, 43, 5
92, 47, 27
92, 47, 36
92, 49, 3
92, 52, 12
92, 56, 44
92, 58, 12
92, 59, 20
92, 60, 26
92, 60, 45
92, 64, 14
92, 64, 55
92, 65, 3
92, 73, 20
92, 73, 31
92, 73, 34
92, 75, 58
92, 76, 17
92, 77, 26
92, 78, 32
92, 78, 47
92, 80, 22
92, 81, 39
92, 82, 5
92, 82, 49
92, 83, 5
92, 84, 8
92, 87, 30
92, 88, 1
92, 88, 3
92, 88, 28
92, 90, 15
92, 94, 6
92, 95, 13
92, 96, 23
92, 100, 7
92, 100, 21
92, 100, 34
93, 1, 36
93, 2, 9
93, 2, 49
93, 5, 2
93, 5, 37
93, 8, 7
93, 10, 25
93, 11, 11
93, 12, 4
93, 14, 21
93, 14, 39
93, 14, 45
93, 15, 31
93, 18, 27
93, 20, 32
93, 20, 38
93, 21, 2
93, 21, 28
93, 21, 45
93, 22, 7
93, 24, 33
93, 28, 1
93, 29, 52
93, 31, 31
93, 32, 21
93, 35, 35
93, 35, 41
93, 38, 52
93, 43, 48
93, 44, 17
93, 45, 32
93, 48, 1
93, 50, 36
93, 51, 27
93, 53, 17
93, 53, 37
93, 55, 27
93, 56, 11
93, 56, 49
93, 57, 26
93, 58, 36
93, 61, 40
93, 62, 13
93, 62, 48
93, 63, 23
93, 65, 51
93, 67, 46
93, 68, 42
93, 71, 11
93, 74, 39
93, 76, 21
93, 79, 49
93, 83, 41
93, 83, 45
93, 84, 15
93, 85, 32
93, 86, 22
93, 88, 9
93, 89, 30
93, 90, 38
93, 91, 27
93, 91, 30
93, 91, 42
93, 92, 46
93, 93, 4
93, 94, 27
93, 95, 27
93, 96, 10
93, 97, 39
93, 98, 28
93, 100, 4
93, 100, 54
93, 101, 1
94, 1, 31
94, 1, 43
94, 3, 7
94, 4, 33
94, 5, 16
94, 5, 49
94, 7, 13
94, 7, 26
94, 7, 51
94, 8, 39
94, 9, 40
94, 12, 42
94, 13, 18
94, 14, 8
94, 14, 33
94, 16, 14
94, 17, 17
94, 19, 32
94, 20, 6
94, 22, 9
94, 22, 45
94, 23, 26
94, 24, 39
94, 26, 25
94, 28, 51
94, 29, 55
94, 31, 3
94, 31, 21
94, 31, 24
94, 31, 44
94, 32, 20
94, 36, 25
94, 39, 52
94, 42, 7
94, 42, 39
94, 44, 40
94, 45, 2
94, 46, 50
94, 48, 13
94, 48, 33
94, 48, 46
94, 51, 3
94, 52, 11
94, 53, 36
94, 54, 14
94, 55, 16
94, 56, 36
94, 57, 7
94, 57, 37
94, 59, 17
94, 60, 26
94, 62, 12
94, 62, 23
94, 63, 2
94, 63, 34
94, 65, 14
94, 66, 18
94, 66, 35
94, 70, 17
94, 70, 34
94, 71, 16
94, 71, 33
94, 72, 8
94, 72, 26
94, 72, 52
94, 75, 8
94, 75, 36
94, 76, 19
94, 81, 6
94, 81, 11
94, 82, 41
94, 83, 25
94, 83, 40
94, 84, 21
94, 85, 2
94, 87, 24
94, 88, 31
94, 89, 1
94, 96, 19
94, 96, 25
94, 96, 51
94, 97, 1
94, 97, 2
94, 97, 14
94, 97, 39
94, 100, 9
94, 100, 12
94, 101, 47
95, 3, 44
95, 4, 29
95, 4, 51
95, 8, 36
95, 12, 40
95, 12, 57
95, 17, 26
95, 17, 37
95, 18, 11
95, 23, 16
95, 23, 39
95, 25, 41
95, 26, 11
95, 26, 22
95, 36, 7
95, 37, 20
95, 38, 9
95, 42, 33
95, 43, 22
95, 44, 28
95, 46, 54
95, 47, 42
95, 48, 53
95, 52, 9
95, 52, 48
95, 55, 39
95, 59, 15
95, 60, 27
95, 62, 6
95, 62, 22
95, 68, 36
95, 69, 36
95, 71, 35
95, 73, 29
95, 74, 23
95, 75, 9
95, 83, 34
95, 85, 39
95, 85, 40
95, 87, 11
95, 90, 39
95, 92, 26
95, 94, 40
95, 95, 15
95, 95, 16
95, 96, 16
95, 100, 35
95, 101, 1
95, 101, 44
95, 101, 54
96, 1, 21
96, 1, 38
96, 1, 42
96, 4, 32
96, 5, 5
96, 6, 22
96, 8, 40
96, 8, 45
96, 11, 9
96, 13, 2
96, 13, 14
96, 16, 36
96, 17, 29
96, 17, 52
96, 19, 3
96, 19, 39
96, 22, 14
96, 25, 33
96, 25, 49
96, 26, 42
96, 27, 19
96, 27, 29
96, 28, 39
96, 29, 26
96, 29, 39
96, 32, 3
96, 32, 14
96, 32, 45
96, 33, 35
96, 35, 11
96, 35, 12
96, 35, 27
96, 38, 14
96, 41, 28
96, 41, 31
96, 42, 23
96, 43, 48
96, 45, 16
96, 45, 19
96, 45, 22
96, 46, 28
96, 47, 13
96, 47, 22
96, 48, 36
96, 48, 46
96, 53, 38
96, 53, 48
96, 54, 19
96, 54, 31
96, 55, 10
96, 55, 27
96, 59, 2
96, 59, 45
96, 62, 14
96, 62, 46
96, 63, 22
96, 65, 17
96, 66, 50
96, 67, 33
96, 70, 5
96, 70, 24
96, 70, 32
96, 72, 48
96, 76, 45
96, 77, 44
96, 78, 53
96, 80, 2
96, 80, 27
96, 80, 37
96, 81, 17
96, 81, 37
96, 81, 42
96, 84, 2
96, 85, 22
96, 85, 30
96, 89, 16
96, 89, 33
96, 92, 22
96, 92, 45
96, 93, 9
96, 100, 16
96, 101, 4
97, 2, 23
97, 2, 36
97, 3, 19
97, 5, 30
97, 9, 6
97, 10, 32
97, 11, 45
97, 12, 38
97, 15, 22
97, 16, 52
97, 18, 25
97, 20, 39
97, 23, 5
97, 26, 7
97, 26, 18
97, 27, 16
97, 27, 50
97, 31, 3
97, 31, 44
97, 34, 26
97, 35, 45
97, 37, 1
97, 37, 27
97, 41, 13
97, 42, 16
97, 42, 37
97, 43, 13
97, 47, 42
97, 48, 21
97, 51, 7
97, 51, 41
97, 53, 20
97, 54, 1
97, 56, 40
97, 58, 33
97, 59, 22
97, 60, 52
97, 62, 29
97, 62, 32
97, 63, 22
97, 63, 48
97, 64, 37
97, 65, 48
97, 70, 38
97, 70, 50
97, 73, 39
97, 78, 10
97, 78, 30
97, 81, 25
97, 85, 5
97, 85, 50
97, 90, 5
97, 90, 38
97, 91, 29
97, 92, 6
97, 92, 13
97, 92, 35
97, 96, 4
97, 96, 52
97, 97, 20
97, 99, 5
97, 99, 50
97, 101, 9
98, 1, 12
98, 2, 1
98, 3, 27
98, 3, 32
98, 5, 36
98, 5, 44
98, 7, 29
98, 8, 19
98, 9, 3
98, 10, 25
98, 10, 51
98, 11, 19
98, 12, 7
98, 13, 17
98, 13, 32
98, 14, 20
98, 14, 42
98, 16, 13
98, 16, 31
98, 17, 26
98, 17, 33
98, 21, 4
98, 22, 12
98, 22, 48
98, 23, 13
98, 23, 58
98, 27, 43
98, 31, 23
98, 32, 39
98, 33, 27
98, 33, 48
98, 35, 27
98, 39, 5
98, 40, 41
98, 41, 4
98, 41, 43
98, 44, 23
98, 49, 1
98, 52, 36
98, 53, 9
98, 53, 11
98, 53, 13
98, 55, 18
98, 56, 28
98, 58, 30
98, 58, 37
98, 60, 49
98, 63, 19
98, 66, 9
98, 66, 12
98, 69, 25
98, 69, 32
98, 72, 33
98, 73, 10
98, 75, 16
98, 76, 43
98, 77, 8
98, 78, 18
98, 80, 3
98, 80, 44
98, 80, 52
98, 84, 2
98, 84, 13
98, 84, 31
98, 84, 33
98, 85, 42
98, 89, 27
98, 90, 45
98, 92, 19
98, 93, 18
98, 95, 54
98, 96, 42
98, 98, 32
98, 98, 44
98, 98, 52
98, 100, 19
98, 101, 1
99, 2, 6
99, 3, 50
99, 10, 24
99, 11, 11
99, 14, 17
99, 16, 47
99, 18, 42
99, 21, 36
99, 21, 40
99, 24, 30
99, 26, 24
99, 27, 18
99, 27, 56
99, 29, 8
99, 29, 13
99, 32, 43
99, 35, 10
99, 36, 46
99, 40, 33
99, 41, 44
99, 42, 38
99, 43, 44
99, 45, 45
99, 46, 17
99, 46, 18
99, 47, 1
99, 48, 34
99, 49, 21
99, 49, 42
99, 50, 10
99, 50, 17
99, 54, 20
99, 56, 44
99, 56, 46
99, 59, 27
99, 59, 39
99, 60, 11
99, 60, 17
99, 60, 22
99, 61, 8
99, 61, 37
99, 64, 2
99, 64, 25
99, 64, 31
99, 67, 34
99, 68, 25
99, 69, 3
99, 70, 20
99, 71, 44
99, 72, 11
99, 72, 27
99, 72, 30
99, 75, 36
99, 75, 37
99, 76, 52
99, 77, 30
99, 78, 12
99, 78, 15
99, 78, 42
99, 80, 12
99, 80, 20
99, 89, 3
99, 93, 13
99, 96, 6
99, 96, 9
99, 96, 36
99, 97, 20
99, 98, 21
99, 98, 24
99, 98, 38
100, 1, 47
100, 1, 49
100, 2, 10
100, 2, 11
100, 4, 17
100, 5, 14
100, 6, 36
100, 6, 44
100, 7, 47
100, 11, 9
100, 16, 24
100, 21, 29
100, 21, 31
100, 22, 22
100, 22, 37
100, 22, 43
100, 22, 44
100, 24, 7
100, 24, 10
100, 25, 4
100, 25, 20
100, 25, 26
100, 25, 29
100, 25, 47
100, 27, 32
100, 29, 44
100, 30, 4
100, 30, 31
100, 32, 27
100, 33, 13
100, 33, 16
100, 33, 20
100, 33, 44
100, 36, 1
100, 36, 37
100, 37, 6
100, 38, 34
100, 39, 8
100, 41, 10
100, 42, 5
100, 42, 15
100, 42, 22
100, 42, 41
100, 43, 32
100, 45, 31
100, 46, 39
100, 46, 49
100, 47, 5
100, 47, 20
100, 47, 25
100, 49, 41
100, 51, 55
100, 53, 40
100, 54, 30
100, 55, 24
100, 57, 16
100, 58, 11
100, 58, 23
100, 59, 36
100, 61, 8
100, 63, 15
100, 63, 47
100, 66, 41
100, 67, 17
100, 70, 21
100, 71, 48
100, 73, 8
100, 77, 26
100, 78, 4
100, 80, 42
100, 82, 30
100, 82, 37
100, 83, 20
100, 83, 22
100, 84, 51
100, 85, 32
100, 86, 33
100, 87, 13
100, 89, 6
100, 90, 10
100, 92, 51
100, 93, 27
100, 93, 33
100, 95, 9
100, 95, 32
100, 95, 48
100, 96, 47
100, 97, 32
100, 98, 22
100, 98, 47
100, 99, 46
100, 101, 12
101, 2, 5
101, 2, 31
101, 5, 3
101, 6, 32
101, 8, 24
101, 8, 61
101, 10, 47
101, 12, 19
101, 15, 17
101, 15, 36
101, 16, 11
101, 17, 42
101, 18, 44
101, 18, 50
101, 18, 53
101, 19, 9
101, 19, 20
101, 19, 33
101, 22, 16
101, 23, 8
101, 23, 30
101, 24, 17
101, 24, 52
101, 25, 1
101, 25, 27
101, 26, 34
101, 27, 49
101, 27, 54
101, 30, 9
101, 31, 23
101, 34, 8
101, 37, 52
101, 39, 29
101, 40, 15
101, 45, 44
101, 51, 10
101, 51, 33
101, 54, 5
101, 55, 1
101, 59, 6
101, 59, 22
101, 60, 10
101, 61, 32
101, 61, 43
101, 64, 34
101, 64, 39
101, 66, 10
101, 68, 45
101, 69, 18
101, 69, 35
101, 70, 7
101, 72, 5
101, 73, 15
101, 73, 28
101, 74, 14
101, 77, 42
101, 78, 8
101, 78, 17
101, 80, 38
101, 85, 6
101, 85, 45
101, 86, 1
101, 87, 44
101, 89, 30
101, 90, 13
101, 91, 6
101, 91, 24
101, 93, 56
101, 95, 3
101, 99, 4
101, 99, 13
101, 100, 34
101, 101, 43
