1, 1, 23
1, 2, 11
1, 4, 26
1, 10, 39
1, 10, 46
1, 12, 18
1, 13, 39
1, 14, 13
1, 18, 32
1, 20, 40
1, 22, 45
1, 29, 52
1, 32, 33
1, 32, 52
1, 33, 9
1, 34, 14
1, 36, 16
1, 37, 4
1, 37, 43
1, 40, 4
1, 40, 33
1, 41, 47
1, 43, 4
1, 49, 17
1, 49, 20
1, 50, 47
1, 51, 53
1, 57, 40
1, 59, 23
1, 62, 12
1, 62, 43
1, 67, 27
1, 68, 14
1, 69, 41
1, 69, 48
1, 69, 52
1, 72, 3
1, 74, 11
1, 75, 21
1, 76, 25
1, 77, 4
1, 80, 21
1, 83, 18
1, 84, 3
1, 84, 16
1, 85, 49
1, 90, 52
1, 91, 28
2, 2, 27
2, 3, 22
2, 4, 3
2, 6, 7
2, 7, 21
2, 7, 45
2, 9, 38
2, 11, 11
2, 15, 14
2, 15, 25
2, 15, 47
2, 16, 1
2, 16, 25
2, 22, 25
2, 24, 13
2, 28, 19
2, 31, 2
2, 34, 22
2, 35, 32
2, 38, 50
2, 39, 2
2, 40, 29
2, 40, 50
2, 42, 19
2, 45, 6
2, 45, 31
2, 47, 35
2, 48, 39
2, 49, 24
2, 49, 27
2, 52, 7
2, 52, 44
2, 57, 35
2, 59, 16
2, 61, 19
2, 63, 13
2, 63, 18
2, 65, 20
2, 65, 54
2, 69, 2
2, 69, 26
2, 71, 32
2, 74, 27
2, 75, 1
2, 75, 45
2, 76, 51
2, 77, 6
2, 77, 10
2, 78, 23
2, 79, 47
2, 84, 27
2, 88, 38
2, 88, 45
2, 93, 35
2, 94, 22
2, 97, 29
2, 98, 19
2, 99, 11
2, 99, 15
2, 100, 38
2, 101, 2
3, 2, 31
3, 4, 36
3, 4, 44
3, 10, 31
3, 15, 6
3, 15, 52
3, 17, 21
3, 17, 43
3, 20, 5
3, 20, 7
3, 20, 52
3, 22, 33
3, 24, 42
3, 25, 1
3, 25, 21
3, 28, 30
3, 32, 9
3, 32, 41
3, 34, 5
3, 34, 21
3, 37, 37
3, 39, 32
3, 40, 36
3, 41, 36
3, 49, 33
3, 52, 9
3, 55, 11
3, 62, 1
3, 64, 9
3, 64, 38
3, 65, 29
3, 66, 47
3, 67, 13
3, 67, 35
3, 69, 18
3, 76, 21
3, 77, 15
3, 80, 11
3, 80, 18
3, 80, 35
3, 82, 10
3, 82, 47
3, 88, 28
3, 96, 52
3, 98, 9
3, 98, 43
4, 4, 11
4, 5, 36
4, 6, 37
4, 8, 15
4, 8, 50
4, 9, 16
4, 12, 44
4, 13, 8
4, 13, 15
4, 18, 22
4, 19, 3
4, 19, 36
4, 20, 34
4, 21, 33
4, 21, 62
4, 22, 7
4, 26, 29
4, 27, 63
4, 31, 54
4, 33, 25
4, 35, 44
4, 38, 13
4, 38, 37
4, 39, 50
4, 41, 23
4, 42, 21
4, 42, 29
4, 47, 13
4, 47, 47
4, 58, 41
4, 62, 42
4, 68, 45
4, 71, 21
4, 73, 33
4, 74, 7
4, 74, 39
4, 75, 41
4, 79, 16
4, 79, 44
4, 84, 15
4, 84, 22
4, 88, 9
4, 90, 23
4, 93, 11
4, 93, 22
4, 94, 34
4, 94, 38
4, 97, 16
4, 98, 20
4, 99, 37
4, 101, 21
5, 2, 12
5, 4, 9
5, 6, 13
5, 7, 54
5, 11, 41
5, 12, 7
5, 12, 16
5, 13, 31
5, 16, 2
5, 17, 30
5, 24, 23
5, 24, 29
5, 26, 51
5, 26, 53
5, 27, 21
5, 30, 6
5, 39, 15
5, 40, 42
5, 42, 35
5, 45, 21
5, 46, 2
5, 46, 57
5, 47, 15
5, 48, 43
5, 50, 18
5, 56, 14
5, 59, 37
5, 61, 49
5, 62, 10
5, 63, 32
5, 64, 20
5, 65, 30
5, 69, 9
5, 69, 30
5, 71, 7
5, 72, 47
5, 72, 60
5, 74, 43
5, 76, 14
5, 77, 2
5, 77, 57
5, 80, 3
5, 80, 51
5, 84, 43
5, 89, 12
5, 89, 34
5, 89, 48
5, 91, 30
5, 93, 41
5, 94, 7
5, 98, 42
5, 100, 48
5, 100, 51
5, 101, 18
6, 1, 4
6, 2, 3
6, 6, 27
6, 7, 2
6, 7, 32
6, 8, 23
6, 9, 10
6, 9, 21
6, 11, 26
6, 16, 10
6, 17, 44
6, 18, 19
6, 18, 45
6, 20, 28
6, 20, 39
6, 22, 14
6, 29, 43
6, 33, 8
6, 33, 27
6, 36, 23
6, 42, 1
6, 47, 34
6, 49, 2
6, 49, 36
6, 50, 25
6, 52, 17
6, 52, 38
6, 54, 46
6, 54, 56
6, 55, 33
6, 55, 45
6, 57, 5
6, 58, 33
6, 62, 45
6, 65, 26
6, 65, 34
6, 70, 34
6, 75, 35
6, 80, 31
6, 80, 34
6, 83, 9
6, 84, 37
6, 88, 1
6, 88, 27
6, 88, 49
6, 90, 27
6, 91, 44
6, 96, 8
6, 99, 25
7, 1, 57
7, 2, 37
7, 4, 13
7, 13, 10
7, 13, 25
7, 14, 34
7, 18, 25
7, 20, 22
7, 21, 43
7, 24, 7
7, 26, 12
7, 26, 46
7, 28, 6
7, 28, 57
7, 34, 45
7, 35, 11
7, 36, 4
7, 44, 41
7, 49, 32
7, 53, 20
7, 54, 28
7, 56, 50
7, 59, 19
7, 60, 34
7, 61, 7
7, 66, 25
7, 67, 40
7, 71, 37
7, 72, 40
7, 73, 7
7, 74, 30
7, 76, 46
7, 76, 49
7, 89, 5
7, 90, 16
7, 93, 38
7, 94, 20
7, 94, 41
7, 95, 13
7, 95, 50
7, 98, 5
8, 1, 10
8, 1, 19
8, 2, 44
8, 5, 32
8, 6, 48
8, 8, 27
8, 13, 24
8, 13, 48
8, 14, 43
8, 15, 26
8, 15, 36
8, 17, 38
8, 17, 51
8, 18, 29
8, 19, 31
8, 20, 1
8, 20, 47
8, 22, 33
8, 23, 35
8, 33, 13
8, 33, 29
8, 37, 52
8, 38, 24
8, 38, 26
8, 41, 39
8, 41, 46
8, 43, 32
8, 44, 11
8, 44, 51
8, 45, 15
8, 45, 32
8, 46, 2
8, 46, 35
8, 47, 8
8, 47, 51
8, 48, 29
8, 49, 38
8, 50, 17
8, 51, 27
8, 53, 22
8, 54, 27
8, 54, 35
8, 55, 36
8, 57, 52
8, 58, 40
8, 60, 16
8, 62, 18
8, 67, 35
8, 67, 42
8, 68, 41
8, 70, 57
8, 72, 9
8, 72, 17
8, 72, 45
8, 73, 15
8, 73, 46
8, 74, 4
8, 75, 11
8, 78, 31
8, 83, 34
8, 84, 29
8, 87, 10
8, 90, 34
8, 91, 44
8, 96, 36
8, 97, 26
8, 97, 47
8, 99, 32
8, 99, 36
8, 99, 61
8, 100, 22
9, 5, 6
9, 6, 19
9, 6, 35
9, 6, 49
9, 6, 54
9, 9, 60
9, 10, 18
9, 10, 41
9, 12, 25
9, 14, 33
9, 15, 26
9, 18, 5
9, 20, 27
9, 24, 19
9, 25, 17
9, 25, 42
9, 32, 10
9, 32, 21
9, 37, 37
9, 39, 32
9, 39, 40
9, 40, 25
9, 43, 29
9, 44, 27
9, 47, 3
9, 47, 45
9, 48, 24
9, 49, 5
9, 49, 50
9, 52, 24
9, 52, 41
9, 54, 19
9, 67, 57
9, 68, 26
9, 68, 48
9, 74, 52
9, 79, 45
9, 80, 35
9, 81, 8
9, 83, 25
9, 83, 27
9, 88, 48
9, 90, 37
9, 92, 18
9, 95, 45
10, 2, 28
10, 2, 39
10, 2, 47
10, 3, 45
10, 5, 7
10, 7, 4
10, 7, 24
10, 7, 30
10, 7, 31
10, 8, 54
10, 10, 7
10, 10, 14
10, 13, 10
10, 25, 18
10, 27, 49
10, 28, 34
10, 28, 57
10, 30, 4
10, 30, 9
10, 32, 17
10, 33, 14
10, 37, 6
10, 39, 54
10, 43, 57
10, 44, 6
10, 44, 34
10, 51, 2
10, 54, 6
10, 54, 48
10, 55, 20
10, 58, 41
10, 64, 13
10, 64, 30
10, 68, 36
10, 74, 35
10, 77, 15
10, 82, 52
10, 83, 14
10, 83, 18
10, 85, 7
10, 86, 24
10, 86, 47
10, 87, 30
10, 88, 14
10, 89, 57
10, 92, 24
10, 98, 45
10, 99, 9
10, 99, 27
11, 2, 33
11, 2, 51
11, 4, 7
11, 4, 39
11, 6, 29
11, 7, 2
11, 15, 15
11, 16, 46
11, 18, 16
11, 22, 12
11, 24, 44
11, 26, 40
11, 35, 1
11, 35, 28
11, 35, 32
11, 38, 19
11, 41, 16
11, 42, 15
11, 46, 3
11, 46, 38
11, 46, 39
11, 50, 2
11, 53, 10
11, 55, 1
11, 56, 2
11, 56, 34
11, 56, 42
11, 60, 33
11, 61, 11
11, 62, 26
11, 62, 34
11, 64, 16
11, 65, 19
11, 65, 51
11, 67, 6
11, 68, 7
11, 70, 4
11, 70, 42
11, 73, 33
11, 74, 12
11, 76, 29
11, 78, 37
11, 84, 16
11, 86, 1
11, 89, 24
11, 91, 15
11, 93, 11
11, 93, 39
11, 94, 6
11, 96, 2
11, 97, 7
11, 97, 19
11, 100, 1
11, 101, 38
12, 1, 5
12, 1, 12
12, 1, 39
12, 2, 20
12, 3, 11
12, 4, 23
12, 4, 53
12, 16, 25
12, 21, 9
12, 21, 20
12, 21, 28
12, 21, 33
12, 24, 10
12, 24, 25
12, 24, 40
12, 27, 25
12, 30, 7
12, 30, 14
12, 31, 1
12, 37, 13
12, 43, 14
12, 48, 25
12, 51, 49
12, 57, 32
12, 59, 41
12, 61, 2
12, 61, 21
12, 62, 9
12, 65, 37
12, 68, 31
12, 71, 20
12, 74, 3
12, 74, 43
12, 75, 35
12, 76, 20
12, 78, 5
12, 80, 20
12, 80, 36
12, 86, 11
12, 87, 21
12, 90, 5
12, 90, 25
12, 91, 36
12, 98, 10
12, 99, 17
12, 101, 33
13, 5, 58
13, 6, 17
13, 7, 24
13, 9, 10
13, 9, 15
13, 11, 7
13, 14, 40
13, 15, 19
13, 15, 20
13, 16, 21
13, 17, 45
13, 19, 13
13, 19, 41
13, 20, 18
13, 20, 31
13, 25, 53
13, 30, 3
13, 30, 23
13, 30, 28
13, 34, 10
13, 41, 6
13, 42, 21
13, 42, 53
13, 46, 39
13, 48, 54
13, 51, 31
13, 57, 19
13, 57, 29
13, 59, 10
13, 60, 22
13, 60, 58
13, 61, 23
13, 61, 43
13, 62, 1
13, 62, 66
13, 63, 32
13, 66, 44
13, 71, 48
13, 72, 34
13, 73, 11
13, 78, 49
13, 80, 13
13, 83, 31
13, 83, 36
13, 89, 17
13, 89, 48
13, 92, 24
13, 93, 45
13, 94, 15
13, 94, 47
13, 95, 28
13, 97, 17
13, 97, 22
13, 98, 18
13, 98, 51
13, 100, 23
14, 2, 10
14, 3, 3
14, 5, 31
14, 5, 35
14, 6, 20
14, 7, 43
14, 7, 47
14, 8, 31
14, 11, 4
14, 17, 36
14, 19, 49
14, 24, 30
14, 24, 36
14, 26, 7
14, 26, 47
14, 30, 53
14, 32, 24
14, 36, 10
14, 37, 47
14, 40, 18
14, 41, 37
14, 43, 22
14, 43, 31
14, 44, 15
14, 44, 25
14, 48, 44
14, 56, 37
14, 56, 47
14, 57, 26
14, 57, 48
14, 59, 4
14, 59, 6
14, 68, 22
14, 69, 38
14, 70, 10
14, 70, 19
14, 74, 13
14, 76, 32
14, 76, 33
14, 77, 15
14, 82, 16
14, 84, 36
14, 86, 30
14, 87, 6
14, 88, 25
14, 89, 23
14, 90, 15
14, 92, 53
15, 5, 38
15, 6, 51
15, 7, 2
15, 11, 10
15, 16, 44
15, 18, 34
15, 19, 29
15, 19, 42
15, 20, 30
15, 22, 2
15, 25, 53
15, 26, 55
15, 27, 54
15, 28, 2
15, 28, 24
15, 31, 37
15, 34, 29
15, 34, 30
15, 37, 5
15, 38, 36
15, 40, 13
15, 42, 19
15, 44, 42
15, 46, 6
15, 47, 9
15, 50, 34
15, 52, 3
15, 55, 31
15, 60, 20
15, 63, 9
15, 65, 4
15, 70, 24
15, 71, 44
15, 74, 17
15, 76, 36
15, 78, 35
15, 80, 16
15, 80, 30
15, 82, 25
15, 84, 16
15, 87, 8
15, 87, 36
15, 90, 29
15, 90, 31
15, 90, 54
15, 97, 5
15, 97, 24
15, 97, 40
15, 98, 53
15, 99, 2
15, 99, 55
16, 1, 37
16, 5, 38
16, 9, 33
16, 11, 17
16, 11, 37
16, 12, 51
16, 13, 8
16, 13, 19
16, 13, 36
16, 14, 14
16, 15, 48
16, 17, 15
16, 17, 29
16, 19, 49
16, 22, 6
16, 23, 13
16, 24, 2
16, 26, 36
16, 26, 37
16, 26, 38
16, 26, 45
16, 27, 40
16, 27, 47
16, 38, 6
16, 39, 41
16, 44, 37
16, 45, 27
16, 48, 17
16, 49, 15
16, 51, 50
16, 54, 15
16, 54, 24
16, 56, 19
16, 56, 45
16, 58, 17
16, 64, 44
16, 64, 49
16, 69, 36
16, 74, 25
16, 75, 15
16, 78, 2
16, 84, 45
16, 88, 8
16, 88, 45
16, 89, 29
16, 92, 13
16, 93, 47
16, 96, 8
16, 100, 27
16, 100, 38
17, 2, 42
17, 4, 3
17, 9, 18
17, 10, 26
17, 10, 44
17, 15, 39
17, 16, 20
17, 19, 9
17, 19, 21
17, 22, 9
17, 24, 28
17, 24, 33
17, 25, 33
17, 26, 20
17, 27, 35
17, 29, 44
17, 31, 12
17, 31, 36
17, 33, 42
17, 36, 17
17, 39, 6
17, 39, 23
17, 41, 25
17, 42, 51
17, 44, 39
17, 45, 54
17, 47, 2
17, 47, 59
17, 55, 22
17, 56, 13
17, 58, 35
17, 61, 31
17, 63, 21
17, 63, 37
17, 69, 19
17, 70, 33
17, 75, 11
17, 76, 18
17, 76, 51
17, 76, 54
17, 77, 7
17, 78, 23
17, 81, 3
17, 83, 33
17, 83, 43
17, 84, 30
17, 85, 2
17, 85, 39
17, 88, 7
17, 88, 20
17, 89, 33
17, 92, 23
17, 92, 26
17, 95, 37
17, 97, 8
17, 100, 30
17, 100, 48
17, 101, 18
17, 101, 47
18, 5, 54
18, 9, 44
18, 11, 10
18, 12, 39
18, 12, 50
18, 13, 17
18, 18, 35
18, 18, 41
18, 20, 28
18, 27, 32
18, 31, 4
18, 33, 10
18, 35, 28
18, 35, 46
18, 39, 49
18, 44, 1
18, 45, 44
18, 48, 57
18, 49, 1
18, 50, 3
18, 53, 45
18, 55, 39
18, 59, 31
18, 60, 20
18, 60, 47
18, 61, 41
18, 64, 48
18, 66, 41
18, 68, 54
18, 69, 51
18, 70, 10
18, 75, 32
18, 83, 5
18, 84, 47
18, 87, 37
18, 88, 4
18, 89, 50
18, 90, 35
18, 92, 12
18, 93, 23
18, 94, 1
18, 94, 23
18, 94, 44
18, 94, 57
18, 95, 16
18, 96, 52
18, 97, 37
19, 1, 42
19, 1, 53
19, 2, 17
19, 7, 18
19, 7, 20
19, 11, 3
19, 14, 55
19, 16, 25
19, 23, 7
19, 24, 6
19, 24, 23
19, 24, 43
19, 25, 31
19, 27, 9
19, 28, 6
19, 28, 37
19, 29, 18
19, 32, 35
19, 33, 12
19, 43, 15
19, 44, 28
19, 44, 51
19, 46, 17
19, 47, 21
19, 48, 52
19, 49, 23
19, 49, 46
19, 54, 17
19, 54, 18
19, 54, 36
19, 55, 29
19, 57, 14
19, 59, 18
19, 59, 53
19, 60, 38
19, 61, 45
19, 62, 9
19, 62, 31
19, 68, 33
19, 69, 39
19, 69, 45
19, 72, 34
19, 76, 12
19, 77, 20
19, 78, 7
19, 79, 27
19, 80, 15
19, 80, 25
19, 81, 46
19, 82, 34
19, 84, 17
19, 84, 23
19, 88, 18
19, 88, 53
19, 98, 3
19, 98, 25
19, 99, 36
19, 101, 8
20, 1, 44
20, 2, 11
20, 4, 5
20, 5, 26
20, 7, 21
20, 7, 27
20, 9, 6
20, 9, 34
20, 15, 12
20, 20, 2
20, 21, 25
20, 25, 8
20, 28, 40
20, 30, 49
20, 31, 45
20, 32, 24
20, 33, 24
20, 33, 43
20, 35, 48
20, 40, 17
20, 41, 16
20, 44, 6
20, 44, 40
20, 44, 41
20, 46, 45
20, 47, 11
20, 48, 30
20, 48, 47
20, 49, 41
20, 51, 13
20, 51, 23
20, 54, 19
20, 54, 26
20, 55, 37
20, 58, 27
20, 59, 19
20, 64, 39
20, 67, 15
20, 67, 21
20, 68, 9
20, 77, 34
20, 78, 8
20, 79, 6
20, 79, 12
20, 81, 41
20, 81, 48
20, 82, 43
20, 83, 21
20, 84, 5
20, 85, 2
20, 89, 34
20, 91, 2
20, 91, 23
20, 93, 13
20, 95, 47
21, 1, 3
21, 1, 51
21, 5, 24
21, 7, 45
21, 9, 1
21, 9, 8
21, 9, 21
21, 10, 42
21, 10, 52
21, 14, 31
21, 19, 25
21, 20, 30
21, 23, 21
21, 23, 45
21, 28, 10
21, 29, 6
21, 29, 20
21, 31, 17
21, 32, 23
21, 32, 50
21, 36, 17
21, 38, 44
21, 43, 16
21, 43, 55
21, 48, 49
21, 50, 27
21, 55, 45
21, 58, 12
21, 58, 44
21, 59, 8
21, 60, 6
21, 77, 31
21, 78, 17
21, 82, 2
21, 85, 21
21, 87, 11
21, 87, 61
21, 88, 3
21, 88, 16
21, 88, 21
21, 90, 12
21, 92, 42
21, 94, 16
21, 94, 52
21, 95, 20
21, 95, 25
21, 100, 47
22, 2, 9
22, 6, 57
22, 11, 51
22, 12, 7
22, 12, 45
22, 13, 25
22, 16, 27
22, 16, 37
22, 18, 6
22, 19, 16
22, 28, 12
22, 28, 29
22, 30, 41
22, 32, 51
22, 36, 4
22, 36, 6
22, 36, 57
22, 38, 8
22, 39, 22
22, 43, 22
22, 44, 4
22, 44, 23
22, 45, 42
22, 46, 29
22, 46, 65
22, 48, 13
22, 48, 18
22, 48, 37
22, 49, 39
22, 54, 21
22, 58, 23
22, 58, 54
22, 59, 58
22, 63, 32
22, 68, 4
22, 68, 33
22, 69, 4
22, 71, 13
22, 71, 35
22, 72, 57
22, 73, 19
22, 73, 47
22, 73, 51
22, 77, 26
22, 80, 17
22, 84, 37
22, 85, 9
22, 85, 41
22, 90, 36
22, 93, 29
22, 98, 20
22, 98, 24
22, 100, 8
22, 100, 29
23, 7, 24
23, 7, 40
23, 15, 47
23, 18, 43
23, 19, 49
23, 20, 42
23, 20, 55
23, 24, 34
23, 31, 10
23, 35, 25
23, 35, 34
23, 42, 6
23, 42, 15
23, 44, 11
23, 47, 28
23, 47, 56
23, 51, 5
23, 53, 42
23, 55, 42
23, 58, 34
23, 59, 55
23, 64, 27
23, 66, 12
23, 68, 10
23, 74, 49
23, 80, 15
23, 81, 31
23, 82, 7
23, 84, 62
23, 85, 39
23, 99, 40
23, 100, 34
24, 1, 30
24, 2, 4
24, 4, 17
24, 6, 13
24, 7, 15
24, 8, 36
24, 8, 39
24, 11, 34
24, 11, 43
24, 17, 48
24, 20, 8
24, 21, 21
24, 28, 49
24, 29, 4
24, 33, 25
24, 35, 16
24, 36, 25
24, 37, 12
24, 38, 23
24, 41, 27
24, 42, 35
24, 44, 50
24, 46, 23
24, 47, 12
24, 48, 10
24, 51, 27
24, 52, 15
24, 52, 47
24, 55, 24
24, 55, 40
24, 58, 25
24, 62, 13
24, 62, 17
24, 63, 43
24, 65, 30
24, 68, 38
24, 70, 21
24, 72, 13
24, 74, 39
24, 75, 15
24, 80, 29
24, 84, 26
24, 84, 38
24, 85, 50
24, 86, 16
24, 86, 18
24, 88, 31
24, 101, 39
25, 2, 43
25, 8, 35
25, 12, 5
25, 15, 43
25, 19, 33
25, 22, 10
25, 22, 41
25, 23, 5
25, 24, 34
25, 24, 39
25, 25, 41
25, 27, 6
25, 28, 22
25, 30, 12
25, 31, 40
25, 35, 13
25, 38, 45
25, 41, 34
25, 41, 44
25, 45, 46
25, 46, 20
25, 46, 26
25, 51, 15
25, 51, 53
25, 52, 2
25, 57, 10
25, 59, 47
25, 60, 24
25, 60, 34
25, 61, 8
25, 62, 6
25, 64, 39
25, 65, 21
25, 66, 36
25, 69, 8
25, 69, 38
25, 69, 50
25, 71, 31
25, 72, 48
25, 73, 18
25, 73, 49
25, 74, 24
25, 74, 45
25, 79, 9
25, 84, 5
25, 84, 55
25, 85, 12
25, 87, 2
25, 87, 44
25, 93, 5
25, 95, 6
25, 95, 24
25, 96, 39
25, 98, 20
25, 98, 51
25, 100, 16
25, 100, 36
26, 1, 27
26, 2, 2
26, 4, 11
26, 4, 62
26, 5, 8
26, 7, 1
26, 16, 21
26, 21, 25
26, 21, 28
26, 22, 37
26, 22, 51
26, 24, 4
26, 26, 31
26, 31, 31
26, 33, 47
26, 34, 16
26, 35, 7
26, 40, 23
26, 45, 18
26, 47, 4
26, 47, 10
26, 48, 52
26, 53, 4
26, 53, 29
26, 59, 2
26, 63, 11
26, 65, 4
26, 72, 27
26, 76, 24
26, 82, 37
26, 83, 16
26, 88, 21
26, 89, 1
26, 89, 30
26, 91, 4
26, 93, 28
26, 93, 46
26, 94, 15
26, 98, 24
27, 5, 32
27, 6, 19
27, 9, 37
27, 10, 57
27, 15, 22
27, 17, 13
27, 18, 32
27, 18, 39
27, 19, 40
27, 20, 44
27, 22, 22
27, 29, 25
27, 34, 7
27, 34, 33
27, 37, 16
27, 42, 35
27, 43, 29
27, 43, 35
27, 48, 35
27, 49, 45
27, 52, 45
27, 53, 24
27, 56, 15
27, 63, 43
27, 66, 42
27, 67, 48
27, 68, 55
27, 70, 25
27, 74, 19
27, 74, 39
27, 75, 32
27, 78, 22
27, 78, 35
27, 81, 16
27, 82, 39
27, 85, 40
27, 86, 4
27, 89, 25
27, 89, 57
27, 91, 7
27, 93, 33
27, 97, 44
27, 98, 44
27, 99, 13
28, 2, 28
28, 3, 18
28, 5, 4
28, 6, 2
28, 8, 29
28, 9, 42
28, 11, 23
28, 12, 14
28, 16, 26
28, 19, 20
28, 21, 6
28, 21, 12
28, 22, 39
28, 23, 15
28, 25, 22
28, 27, 30
28, 31, 33
28, 33, 9
28, 34, 3
28, 35, 10
28, 36, 2
28, 38, 29
28, 38, 39
28, 39, 4
28, 41, 11
28, 43, 32
28, 44, 41
28, 47, 11
28, 47, 38
28, 48, 10
28, 51, 37
28, 56, 45
28, 57, 28
28, 58, 48
28, 60, 1
28, 62, 1
28, 63, 24
28, 63, 35
28, 65, 14
28, 65, 23
28, 66, 17
28, 67, 1
28, 69, 15
28, 71, 13
28, 72, 7
28, 72, 22
28, 73, 22
28, 75, 45
28, 78, 20
28, 78, 30
28, 80, 26
28, 80, 56
28, 81, 36
28, 84, 19
28, 84, 29
28, 87, 54
28, 89, 41
28, 91, 10
28, 91, 22
28, 91, 44
28, 92, 47
28, 93, 35
28, 94, 2
28, 94, 24
28, 98, 2
28, 99, 6
28, 101, 11
28, 101, 32
29, 10, 37
29, 19, 51
29, 22, 1
29, 23, 2
29, 23, 50
29, 25, 37
29, 26, 7
29, 26, 27
29, 28, 22
29, 30, 33
29, 33, 11
29, 35, 29
29, 45, 12
29, 51, 5
29, 53, 2
29, 53, 20
29, 54, 24
29, 54, 41
29, 55, 35
29, 55, 46
29, 56, 18
29, 56, 49
29, 60, 55
29, 61, 37
29, 62, 34
29, 64, 10
29, 64, 32
29, 64, 42
29, 65, 9
29, 70, 28
29, 72, 7
29, 74, 24
29, 75, 10
29, 78, 10
29, 83, 50
29, 84, 54
29, 85, 33
29, 86, 32
29, 86, 51
29, 90, 12
29, 90, 27
29, 97, 11
30, 2, 9
30, 2, 27
30, 2, 29
30, 2, 42
30, 4, 17
30, 13, 41
30, 14, 9
30, 14, 22
30, 18, 41
30, 22, 38
30, 25, 53
30, 29, 30
30, 29, 32
30, 30, 3
30, 38, 35
30, 40, 21
30, 41, 13
30, 42, 21
30, 42, 33
30, 43, 27
30, 46, 27
30, 46, 31
30, 46, 34
30, 46, 53
30, 47, 37
30, 49, 26
30, 50, 8
30, 50, 24
30, 56, 1
30, 56, 4
30, 57, 35
30, 58, 50
30, 61, 21
30, 61, 29
30, 69, 39
30, 70, 39
30, 75, 1
30, 76, 46
30, 82, 41
30, 82, 45
30, 83, 23
30, 84, 46
30, 89, 30
30, 90, 2
30, 90, 10
30, 91, 9
30, 92, 17
30, 92, 27
30, 95, 29
30, 97, 17
30, 97, 26
30, 97, 53
30, 99, 27
30, 100, 17
30, 100, 32
31, 1, 8
31, 2, 32
31, 6, 23
31, 7, 40
31, 14, 52
31, 15, 17
31, 15, 41
31, 17, 30
31, 17, 51
31, 21, 45
31, 22, 5
31, 22, 6
31, 28, 2
31, 32, 20
31, 34, 3
31, 34, 11
31, 34, 56
31, 41, 12
31, 42, 42
31, 45, 2
31, 45, 12
31, 45, 15
31, 56, 17
31, 61, 14
31, 61, 22
31, 61, 28
31, 63, 4
31, 63, 6
31, 70, 28
31, 72, 2
31, 74, 56
31, 77, 43
31, 83, 1
31, 85, 3
31, 86, 25
31, 87, 21
31, 90, 8
31, 91, 35
31, 93, 28
31, 93, 37
31, 94, 7
31, 94, 54
31, 95, 23
32, 6, 41
32, 7, 28
32, 10, 12
32, 10, 53
32, 11, 45
32, 12, 57
32, 14, 43
32, 17, 3
32, 17, 41
32, 18, 6
32, 18, 10
32, 19, 2
32, 19, 15
32, 19, 23
32, 19, 28
32, 19, 32
32, 20, 31
32, 23, 10
32, 23, 52
32, 24, 48
32, 26, 42
32, 30, 28
32, 32, 7
32, 32, 16
32, 34, 4
32, 34, 56
32, 35, 41
32, 36, 6
32, 38, 31
32, 38, 57
32, 40, 29
32, 42, 16
32, 44, 4
32, 44, 15
32, 48, 44
32, 51, 30
32, 51, 45
32, 52, 45
32, 54, 23
32, 58, 43
32, 59, 52
32, 60, 17
32, 73, 41
32, 74, 11
32, 75, 32
32, 77, 16
32, 82, 28
32, 82, 31
32, 85, 44
32, 86, 4
32, 87, 12
32, 93, 26
32, 95, 16
32, 96, 2
32, 96, 56
32, 97, 15
32, 97, 53
32, 98, 52
33, 2, 15
33, 2, 40
33, 2, 54
33, 6, 39
33, 7, 5
33, 8, 12
33, 8, 34
33, 9, 34
33, 11, 35
33, 13, 2
33, 13, 47
33, 14, 19
33, 15, 20
33, 17, 5
33, 19, 29
33, 21, 16
33, 22, 41
33, 27, 14
33, 28, 16
33, 30, 31
33, 30, 49
33, 31, 8
33, 32, 27
33, 33, 24
33, 34, 15
33, 34, 33
33, 35, 48
33, 38, 31
33, 44, 26
33, 50, 40
33, 57, 12
33, 57, 41
33, 60, 27
33, 60, 33
33, 62, 25
33, 63, 37
33, 64, 34
33, 66, 54
33, 72, 1
33, 72, 33
33, 72, 45
33, 75, 39
33, 77, 5
33, 77, 28
33, 79, 5
33, 81, 26
33, 83, 42
33, 84, 26
33, 84, 44
33, 85, 16
33, 92, 43
33, 95, 8
33, 95, 31
33, 96, 24
33, 97, 20
33, 98, 48
33, 99, 41
34, 1, 44
34, 2, 51
34, 3, 4
34, 5, 2
34, 5, 48
34, 9, 17
34, 9, 20
34, 12, 8
34, 13, 34
34, 14, 21
34, 15, 7
34, 16, 17
34, 25, 38
34, 30, 28
34, 34, 24
34, 36, 1
34, 39, 1
34, 39, 49
34, 40, 48
34, 41, 5
34, 41, 20
34, 42, 3
34, 42, 55
34, 46, 40
34, 49, 31
34, 51, 36
34, 53, 7
34, 53, 33
34, 55, 15
34, 56, 2
34, 57, 48
34, 60, 17
34, 60, 45
34, 73, 17
34, 75, 4
34, 78, 37
34, 79, 3
34, 83, 51
34, 84, 47
34, 85, 55
34, 88, 37
34, 89, 24
34, 90, 38
34, 91, 21
34, 94, 3
34, 94, 34
34, 96, 51
34, 98, 5
34, 100, 7
35, 1, 46
35, 6, 29
35, 10, 38
35, 13, 25
35, 17, 12
35, 17, 42
35, 19, 44
35, 22, 1
35, 22, 37
35, 22, 54
35, 24, 37
35, 27, 1
35, 27, 35
35, 28, 39
35, 29, 8
35, 29, 29
35, 30, 15
35, 35, 10
35, 36, 4
35, 36, 50
35, 37, 5
35, 44, 9
35, 44, 51
35, 47, 25
35, 50, 53
35, 56, 29
35, 60, 22
35, 60, 46
35, 63, 5
35, 65, 10
35, 65, 29
35, 65, 45
35, 67, 14
35, 68, 2
35, 68, 51
35, 70, 30
35, 70, 63
35, 72, 2
35, 75, 13
35, 79, 37
35, 83, 29
35, 88, 16
35, 88, 25
35, 91, 17
35, 92, 29
35, 92, 46
35, 93, 39
35, 97, 15
35, 97, 22
35, 99, 35
35, 100, 12
36, 2, 29
36, 2, 55
36, 6, 8
36, 11, 6
36, 13, 18
36, 14, 36
36, 20, 12
36, 27, 53
36, 28, 48
36, 29, 21
36, 29, 39
36, 30, 22
36, 31, 38
36, 37, 24
36, 37, 35
36, 39, 27
36, 39, 36
36, 40, 34
36, 40, 44
36, 42, 22
36, 44, 29
36, 49, 18
36, 53, 8
36, 57, 35
36, 61, 6
36, 64, 36
36, 65, 55
36, 73, 44
36, 76, 44
36, 78, 34
36, 79, 24
36, 81, 21
36, 81, 39
36, 81, 53
36, 84, 27
36, 86, 31
36, 96, 12
36, 98, 48
36, 99, 18
37, 5, 27
37, 11, 6
37, 15, 20
37, 18, 12
37, 24, 38
37, 29, 10
37, 29, 29
37, 29, 47
37, 30, 24
37, 33, 20
37, 34, 16
37, 36, 45
37, 45, 35
37, 47, 15
37, 47, 48
37, 49, 1
37, 49, 27
37, 53, 9
37, 55, 49
37, 58, 14
37, 58, 25
37, 58, 52
37, 63, 29
37, 63, 32
37, 63, 39
37, 67, 7
37, 72, 24
37, 73, 1
37, 73, 20
37, 76, 12
37, 82, 41
37, 82, 52
37, 84, 4
37, 86, 13
37, 87, 41
37, 88, 24
37, 89, 17
37, 90, 37
37, 93, 12
37, 95, 20
37, 95, 33
37, 96, 14
37, 99, 19
37, 100, 33
38, 4, 21
38, 4, 49
38, 4, 54
38, 7, 55
38, 13, 39
38, 13, 43
38, 19, 4
38, 20, 48
38, 21, 57
38, 28, 11
38, 29, 2
38, 30, 41
38, 32, 33
38, 36, 6
38, 36, 20
38, 39, 21
38, 45, 6
38, 46, 4
38, 46, 29
38, 46, 59
38, 52, 33
38, 59, 43
38, 60, 5
38, 60, 26
38, 61, 23
38, 66, 43
38, 68, 15
38, 68, 55
38, 71, 25
38, 73, 6
38, 75, 2
38, 79, 4
38, 79, 52
38, 80, 13
38, 80, 29
38, 80, 38
38, 82, 5
38, 82, 6
38, 88, 11
38, 88, 21
38, 92, 7
38, 94, 1
38, 94, 20
38, 96, 3
38, 96, 17
38, 99, 48
38, 99, 62
39, 3, 23
39, 3, 50
39, 3, 51
39, 4, 13
39, 8, 9
39, 8, 44
39, 8, 45
39, 12, 12
39, 14, 34
39, 19, 25
39, 20, 35
39, 23, 5
39, 24, 28
39, 27, 5
39, 27, 49
39, 34, 7
39, 35, 55
39, 38, 22
39, 40, 24
39, 41, 18
39, 44, 15
39, 44, 53
39, 47, 9
39, 48, 26
39, 48, 49
39, 49, 2
39, 50, 14
39, 54, 4
39, 54, 55
39, 55, 19
39, 58, 21
39, 59, 20
39, 60, 13
39, 65, 8
39, 66, 3
39, 67, 28
39, 69, 22
39, 70, 58
39, 72, 2
39, 73, 58
39, 78, 55
39, 82, 18
39, 83, 49
39, 85, 7
39, 85, 44
39, 86, 35
39, 93, 21
39, 93, 46
39, 94, 34
39, 95, 25
39, 96, 32
39, 97, 1
39, 98, 50
39, 98, 51
40, 2, 1
40, 2, 38
40, 6, 4
40, 7, 27
40, 8, 2
40, 8, 35
40, 9, 17
40, 10, 30
40, 12, 31
40, 19, 22
40, 21, 38
40, 21, 59
40, 25, 55
40, 28, 4
40, 30, 27
40, 33, 38
40, 33, 52
40, 41, 29
40, 54, 2
40, 60, 38
40, 60, 52
40, 62, 7
40, 62, 35
40, 65, 28
40, 67, 15
40, 70, 28
40, 71, 4
40, 74, 18
40, 75, 27
40, 77, 59
40, 79, 8
40, 81, 15
40, 81, 52
40, 83, 9
40, 87, 47
40, 89, 17
40, 90, 2
40, 90, 35
40, 90, 55
40, 91, 8
40, 93, 22
40, 94, 38
40, 95, 6
40, 98, 18
41, 3, 12
41, 3, 39
41, 3, 57
41, 6, 7
41, 6, 13
41, 10, 21
41, 11, 18
41, 12, 22
41, 12, 44
41, 16, 12
41, 26, 7
41, 26, 51
41, 29, 43
41, 30, 45
41, 34, 24
41, 36, 36
41, 38, 24
41, 39, 45
41, 41, 48
41, 42, 20
41, 44, 41
41, 45, 23
41, 47, 22
41, 47, 26
41, 51, 13
41, 53, 42
41, 53, 50
41, 54, 18
41, 54, 19
41, 57, 39
41, 58, 1
41, 58, 35
41, 58, 48
41, 59, 2
41, 59, 40
41, 68, 20
41, 68, 32
41, 69, 5
41, 69, 23
41, 69, 31
41, 69, 37
41, 73, 52
41, 75, 21
41, 75, 34
41, 77, 24
41, 82, 4
41, 88, 52
41, 89, 24
41, 91, 32
41, 92, 51
41, 93, 26
41, 93, 29
41, 94, 25
41, 97, 29
41, 98, 24
41, 98, 36
41, 98, 44
41, 100, 12
41, 101, 22
42, 2, 47
42, 3, 27
42, 3, 52
42, 5, 16
42, 5, 30
42, 6, 26
42, 6, 47
42, 10, 14
42, 12, 14
42, 14, 35
42, 15, 41
42, 16, 55
42, 18, 23
42, 19, 17
42, 21, 23
42, 21, 28
42, 24, 45
42, 31, 19
42, 32, 12
42, 32, 20
42, 36, 4
42, 37, 49
42, 39, 38
42, 44, 41
42, 48, 7
42, 48, 24
42, 52, 3
42, 52, 27
42, 52, 63
42, 53, 52
42, 55, 17
42, 56, 23
42, 60, 47
42, 66, 8
42, 66, 47
42, 67, 30
42, 68, 45
42, 72, 52
42, 73, 12
42, 74, 45
42, 76, 6
42, 77, 41
42, 81, 26
42, 82, 32
42, 86, 7
42, 86, 8
42, 86, 35
42, 95, 35
43, 2, 13
43, 2, 49
43, 4, 22
43, 5, 41
43, 6, 10
43, 6, 44
43, 7, 29
43, 8, 33
43, 14, 4
43, 14, 27
43, 21, 15
43, 22, 31
43, 22, 36
43, 24, 1
43, 24, 24
43, 25, 23
43, 27, 23
43, 28, 28
43, 31, 5
43, 32, 40
43, 32, 57
43, 34, 16
43, 41, 6
43, 47, 20
43, 49, 9
43, 50, 29
43, 51, 23
43, 53, 31
43, 54, 3
43, 57, 6
43, 57, 16
43, 58, 13
43, 60, 5
43, 60, 29
43, 60, 53
43, 64, 25
43, 66, 38
43, 69, 1
43, 69, 43
43, 69, 57
43, 72, 20
43, 72, 30
43, 75, 7
43, 79, 44
43, 82, 10
43, 82, 29
43, 83, 41
43, 85, 33
43, 87, 49
43, 89, 22
43, 90, 14
43, 91, 4
43, 91, 7
43, 91, 13
43, 94, 43
43, 96, 56
43, 98, 9
43, 100, 21
44, 2, 14
44, 5, 46
44, 7, 14
44, 7, 38
44, 7, 52
44, 12, 32
44, 13, 51
44, 16, 1
44, 17, 11
44, 17, 20
44, 19, 55
44, 21, 42
44, 21, 58
44, 24, 15
44, 24, 40
44, 24, 45
44, 32, 27
44, 33, 10
44, 35, 27
44, 36, 21
44, 36, 39
44, 36, 47
44, 39, 14
44, 40, 26
44, 43, 11
44, 43, 22
44, 43, 39
44, 44, 14
44, 45, 2
44, 52, 42
44, 57, 26
44, 58, 39
44, 58, 47
44, 60, 37
44, 62, 36
44, 63, 31
44, 66, 40
44, 72, 40
44, 72, 52
44, 75, 23
44, 76, 47
44, 77, 27
44, 80, 2
44, 82, 3
44, 86, 45
44, 88, 27
44, 88, 39
44, 89, 11
44, 89, 41
44, 92, 17
44, 94, 32
44, 95, 46
44, 96, 8
44, 98, 47
44, 101, 15
44, 101, 20
44, 101, 40
45, 3, 12
45, 3, 42
45, 8, 13
45, 12, 30
45, 13, 45
45, 16, 35
45, 23, 15
45, 27, 47
45, 28, 42
45, 34, 48
45, 39, 17
45, 39, 45
45, 40, 43
45, 47, 20
45, 48, 16
45, 48, 30
45, 48, 66
45, 56, 29
45, 59, 7
45, 61, 32
45, 66, 49
45, 69, 2
45, 69, 13
45, 73, 35
45, 75, 35
45, 76, 29
45, 83, 20
45, 88, 45
45, 90, 12
45, 91, 32
45, 96, 30
45, 99, 21
45, 99, 24
46, 8, 48
46, 9, 27
46, 10, 20
46, 10, 41
46, 12, 6
46, 14, 13
46, 14, 42
46, 15, 25
46, 16, 32
46, 17, 4
46, 17, 9
46, 18, 32
46, 18, 33
46, 19, 6
46, 21, 38
46, 22, 31
46, 25, 23
46, 28, 27
46, 29, 11
46, 30, 10
46, 30, 38
46, 30, 51
46, 33, 22
46, 34, 37
46, 36, 3
46, 36, 8
46, 36, 50
46, 39, 1
46, 39, 5
46, 39, 20
46, 43, 32
46, 43, 55
46, 45, 48
46, 49, 13
46, 50, 10
46, 55, 47
46, 56, 20
46, 59, 3
46, 59, 25
46, 59, 34
46, 60, 2
46, 63, 17
46, 63, 27
46, 63, 49
46, 64, 13
46, 65, 23
46, 66, 19
46, 66, 40
46, 73, 11
46, 73, 40
46, 75, 13
46, 79, 41
46, 80, 33
46, 82, 19
46, 82, 55
46, 84, 13
46, 86, 26
46, 86, 33
46, 88, 53
46, 89, 42
46, 91, 29
46, 92, 50
46, 96, 43
46, 96, 44
46, 96, 52
46, 99, 2
46, 101, 46
47, 3, 22
47, 3, 54
47, 7, 12
47, 12, 15
47, 14, 10
47, 19, 41
47, 20, 16
47, 20, 23
47, 24, 17
47, 30, 20
47, 31, 4
47, 31, 23
47, 34, 34
47, 36, 39
47, 40, 33
47, 41, 39
47, 43, 52
47, 48, 48
47, 50, 48
47, 53, 17
47, 55, 52
47, 58, 36
47, 59, 27
47, 62, 22
47, 68, 10
47, 71, 41
47, 72, 20
47, 76, 34
47, 80, 24
47, 81, 12
47, 95, 17
47, 96, 22
47, 96, 54
47, 100, 16
48, 2, 33
48, 3, 6
48, 3, 49
48, 8, 15
48, 8, 43
48, 12, 7
48, 12, 50
48, 13, 36
48, 14, 45
48, 16, 19
48, 16, 42
48, 23, 1
48, 23, 48
48, 24, 38
48, 27, 2
48, 27, 50
48, 30, 49
48, 32, 35
48, 34, 44
48, 35, 52
48, 38, 27
48, 38, 33
48, 43, 21
48, 44, 27
48, 47, 15
48, 48, 21
48, 48, 40
48, 50, 7
48, 50, 46
48, 55, 19
48, 55, 48
48, 60, 5
48, 60, 39
48, 61, 12
48, 66, 2
48, 75, 3
48, 75, 51
48, 76, 27
48, 77, 38
48, 78, 48
48, 81, 6
48, 81, 53
48, 82, 36
48, 85, 2
48, 85, 42
48, 88, 33
48, 89, 48
48, 94, 41
48, 97, 36
48, 100, 14
48, 100, 39
49, 1, 4
49, 2, 24
49, 7, 21
49, 7, 40
49, 7, 46
49, 13, 4
49, 13, 34
49, 18, 6
49, 18, 9
49, 19, 12
49, 20, 7
49, 20, 52
49, 22, 36
49, 22, 55
49, 28, 9
49, 29, 49
49, 32, 17
49, 34, 14
49, 38, 10
49, 42, 31
49, 43, 36
49, 46, 32
49, 48, 8
49, 48, 31
49, 52, 19
49, 55, 16
49, 62, 14
49, 66, 29
49, 68, 36
49, 69, 26
49, 75, 6
49, 77, 21
49, 78, 10
49, 78, 24
49, 78, 44
49, 80, 4
49, 86, 16
49, 87, 6
49, 90, 3
49, 90, 38
49, 91, 17
49, 94, 21
49, 101, 46
50, 1, 37
50, 4, 40
50, 5, 28
50, 7, 13
50, 7, 44
50, 10, 18
50, 11, 28
50, 12, 4
50, 12, 41
50, 14, 35
50, 19, 30
50, 26, 41
50, 27, 10
50, 27, 18
50, 29, 44
50, 31, 1
50, 32, 39
50, 33, 7
50, 33, 12
50, 36, 2
50, 36, 21
50, 45, 13
50, 47, 54
50, 48, 51
50, 49, 8
50, 52, 40
50, 55, 15
50, 57, 17
50, 60, 37
50, 64, 5
50, 65, 44
50, 67, 41
50, 76, 29
50, 78, 52
50, 81, 21
50, 82, 49
50, 83, 18
50, 83, 50
50, 85, 17
50, 86, 4
50, 94, 12
50, 95, 30
50, 98, 28
50, 101, 39
51, 1, 4
51, 2, 3
51, 3, 17
51, 3, 45
51, 4, 8
51, 11, 11
51, 14, 39
51, 19, 49
51, 22, 11
51, 22, 23
51, 22, 28
51, 25, 11
51, 25, 16
51, 25, 19
51, 25, 37
51, 28, 30
51, 30, 47
51, 38, 10
51, 39, 10
51, 39, 40
51, 41, 37
51, 44, 3
51, 47, 22
51, 50, 4
51, 50, 44
51, 50, 54
51, 53, 4
51, 53, 33
51, 54, 41
51, 56, 14
51, 56, 22
51, 60, 28
51, 64, 45
51, 67, 47
51, 73, 8
51, 77, 10
51, 84, 49
51, 85, 13
51, 86, 4
51, 86, 9
51, 86, 32
51, 88, 19
51, 89, 21
51, 91, 10
51, 93, 40
51, 93, 52
51, 95, 16
51, 95, 26
51, 101, 60
52, 2, 20
52, 2, 33
52, 4, 11
52, 5, 41
52, 5, 51
52, 7, 7
52, 7, 55
52, 10, 9
52, 10, 14
52, 10, 31
52, 10, 58
52, 12, 34
52, 18, 11
52, 21, 25
52, 25, 29
52, 27, 15
52, 29, 16
52, 30, 33
52, 32, 18
52, 32, 37
52, 33, 5
52, 37, 28
52, 37, 51
52, 38, 13
52, 40, 49
52, 41, 55
52, 42, 33
52, 44, 31
52, 46, 4
52, 56, 33
52, 57, 51
52, 58, 11
52, 62, 4
52, 62, 41
52, 63, 13
52, 65, 42
52, 68, 9
52, 68, 39
52, 69, 15
52, 69, 55
52, 70, 48
52, 73, 5
52, 75, 49
52, 76, 48
52, 77, 20
52, 80, 16
52, 83, 36
52, 85, 34
52, 87, 41
52, 87, 58
52, 90, 3
53, 2, 57
53, 4, 13
53, 4, 52
53, 6, 27
53, 7, 23
53, 12, 29
53, 17, 3
53, 21, 6
53, 23, 9
53, 23, 44
53, 26, 1
53, 26, 21
53, 27, 3
53, 27, 34
53, 34, 5
53, 39, 40
53, 40, 17
53, 44, 26
53, 45, 32
53, 46, 19
53, 46, 46
53, 47, 35
53, 52, 32
53, 53, 14
53, 53, 41
53, 53, 43
53, 54, 12
53, 55, 11
53, 59, 13
53, 60, 27
53, 63, 38
53, 72, 43
53, 72, 57
53, 82, 46
53, 84, 14
53, 89, 54
53, 90, 23
53, 92, 29
53, 93, 20
53, 94, 3
53, 96, 9
53, 98, 6
54, 2, 7
54, 4, 12
54, 5, 45
54, 7, 43
54, 10, 31
54, 13, 43
54, 15, 1
54, 15, 54
54, 15, 55
54, 17, 5
54, 17, 18
54, 18, 39
54, 20, 15
54, 20, 40
54, 24, 45
54, 30, 9
54, 30, 15
54, 30, 36
54, 35, 28
54, 35, 37
54, 40, 54
54, 41, 7
54, 43, 11
54, 46, 37
54, 47, 21
54, 48, 5
54, 53, 7
54, 55, 15
54, 55, 46
54, 62, 14
54, 64, 7
54, 74, 27
54, 77, 47
54, 78, 53
54, 85, 43
54, 86, 18
54, 87, 5
54, 90, 9
54, 90, 55
54, 94, 10
54, 94, 40
54, 96, 12
54, 96, 16
54, 100, 15
55, 2, 33
55, 3, 30
55, 4, 19
55, 6, 53
55, 7, 1
55, 9, 15
55, 10, 35
55, 10, 52
55, 17, 34
55, 18, 60
55, 19, 45
55, 21, 2
55, 22, 9
55, 22, 35
55, 24, 54
55, 26, 8
55, 26, 36
55, 31, 43
55, 38, 15
55, 38, 34
55, 43, 28
55, 44, 42
55, 46, 63
55, 47, 34
55, 55, 30
55, 55, 35
55, 55, 38
55, 64, 53
55, 71, 10
55, 75, 33
55, 76, 4
55, 76, 19
55, 76, 36
55, 79, 9
55, 80, 39
55, 82, 43
55, 83, 34
55, 84, 30
55, 84, 60
55, 86, 37
55, 86, 45
55, 89, 38
55, 97, 2
55, 97, 25
56, 1, 32
56, 1, 35
56, 6, 12
56, 8, 20
56, 10, 41
56, 11, 48
56, 12, 1
56, 13, 47
56, 13, 62
56, 21, 49
56, 24, 22
56, 30, 19
56, 30, 20
56, 34, 27
56, 34, 42
56, 35, 13
56, 39, 15
56, 40, 49
56, 44, 31
56, 44, 53
56, 45, 20
56, 47, 11
56, 47, 33
56, 48, 54
56, 49, 12
56, 49, 33
56, 51, 47
56, 54, 27
56, 55, 18
56, 57, 55
56, 59, 37
56, 61, 45
56, 62, 41
56, 64, 16
56, 66, 25
56, 66, 35
56, 68, 30
56, 73, 30
56, 74, 12
56, 84, 3
56, 87, 10
56, 89, 27
56, 90, 22
56, 92, 22
56, 92, 43
56, 93, 49
56, 94, 32
56, 94, 52
56, 98, 30
56, 100, 20
56, 100, 42
57, 1, 19
57, 6, 28
57, 10, 11
57, 10, 28
57, 10, 42
57, 16, 10
57, 16, 27
57, 17, 12
57, 17, 26
57, 19, 36
57, 21, 33
57, 22, 45
57, 23, 5
57, 24, 11
57, 25, 42
57, 27, 21
57, 27, 53
57, 28, 30
57, 29, 31
57, 31, 39
57, 36, 2
57, 37, 47
57, 39, 29
57, 40, 3
57, 41, 35
57, 42, 25
57, 43, 47
57, 43, 53
57, 45, 41
57, 47, 23
57, 49, 8
57, 50, 40
57, 52, 46
57, 53, 60
57, 54, 18
57, 54, 32
57, 57, 20
57, 59, 4
57, 59, 11
57, 59, 41
57, 60, 2
57, 60, 53
57, 63, 5
57, 68, 49
57, 71, 45
57, 74, 43
57, 75, 33
57, 76, 8
57, 77, 28
57, 77, 43
57, 78, 37
57, 78, 51
57, 80, 5
57, 82, 39
57, 83, 14
57, 83, 24
57, 84, 16
57, 84, 37
57, 85, 27
57, 87, 47
57, 88, 7
57, 89, 46
57, 90, 3
57, 90, 36
57, 93, 11
57, 94, 26
57, 95, 21
57, 95, 47
57, 97, 3
57, 100, 3
57, 101, 38
58, 7, 35
58, 10, 22
58, 17, 17
58, 18, 22
58, 20, 10
58, 20, 18
58, 21, 23
58, 29, 24
58, 29, 41
58, 30, 25
58, 34, 12
58, 34, 18
58, 36, 20
58, 37, 3
58, 40, 32
58, 42, 6
58, 42, 11
58, 42, 48
58, 42, 54
58, 44, 3
58, 45, 32
58, 47, 5
58, 47, 13
58, 57, 52
58, 58, 15
58, 59, 48
58, 63, 19
58, 63, 48
58, 71, 43
58, 72, 24
58, 73, 46
58, 77, 22
58, 77, 52
58, 78, 3
58, 81, 12
58, 81, 23
58, 81, 35
58, 82, 11
58, 84, 41
58, 88, 12
58, 91, 32
58, 94, 15
58, 96, 36
59, 2, 10
59, 3, 3
59, 6, 12
59, 6, 54
59, 8, 24
59, 9, 38
59, 11, 1
59, 11, 12
59, 11, 48
59, 11, 54
59, 14, 37
59, 16, 10
59, 16, 20
59, 17, 45
59, 18, 17
59, 19, 3
59, 19, 27
59, 21, 11
59, 22, 46
59, 28, 4
59, 30, 6
59, 32, 1
59, 32, 32
59, 33, 8
59, 34, 45
59, 36, 6
59, 36, 17
59, 38, 10
59, 38, 40
59, 44, 13
59, 45, 14
59, 48, 43
59, 51, 5
59, 53, 26
59, 57, 10
59, 57, 51
59, 58, 2
59, 59, 37
59, 61, 4
59, 61, 34
59, 61, 41
59, 67, 1
59, 69, 22
59, 69, 26
59, 76, 20
59, 76, 21
59, 78, 54
59, 85, 15
59, 86, 17
59, 87, 21
59, 87, 44
60, 2, 42
60, 5, 39
60, 7, 8
60, 7, 49
60, 8, 36
60, 10, 29
60, 14, 30
60, 16, 46
60, 21, 7
60, 21, 50
60, 22, 44
60, 23, 49
60, 28, 38
60, 31, 44
60, 32, 38
60, 34, 32
60, 37, 3
60, 37, 37
60, 41, 8
60, 43, 26
60, 48, 54
60, 56, 26
60, 56, 30
60, 59, 8
60, 60, 45
60, 63, 44
60, 67, 25
60, 70, 57
60, 71, 4
60, 74, 36
60, 75, 7
60, 76, 18
60, 79, 10
60, 80, 18
60, 81, 44
60, 86, 38
60, 90, 20
60, 91, 39
60, 94, 20
60, 95, 6
60, 98, 49
61, 4, 23
61, 4, 34
61, 5, 22
61, 12, 24
61, 14, 13
61, 14, 38
61, 15, 14
61, 16, 7
61, 16, 25
61, 16, 47
61, 17, 36
61, 19, 36
61, 29, 27
61, 29, 31
61, 29, 50
61, 30, 54
61, 33, 22
61, 35, 4
61, 35, 43
61, 38, 12
61, 40, 23
61, 40, 46
61, 42, 34
61, 42, 45
61, 43, 50
61, 47, 49
61, 49, 57
61, 51, 10
61, 51, 13
61, 52, 2
61, 56, 36
61, 57, 33
61, 58, 12
61, 58, 31
61, 59, 28
61, 61, 23
61, 63, 13
61, 64, 7
61, 66, 13
61, 66, 47
61, 67, 22
61, 67, 53
61, 70, 5
61, 70, 50
61, 70, 58
61, 72, 36
61, 74, 54
61, 77, 6
61, 78, 47
61, 78, 63
61, 82, 45
61, 82, 55
61, 84, 34
61, 85, 24
61, 86, 28
61, 86, 50
61, 88, 24
61, 90, 8
61, 93, 41
61, 95, 7
61, 95, 9
61, 96, 47
61, 98, 25
61, 98, 38
61, 98, 43
61, 99, 17
61, 101, 2
61, 101, 47
62, 4, 36
62, 5, 2
62, 6, 15
62, 9, 26
62, 13, 31
62, 13, 41
62, 15, 16
62, 17, 38
62, 20, 5
62, 22, 45
62, 29, 52
62, 32, 21
62, 32, 52
62, 33, 25
62, 36, 7
62, 37, 35
62, 38, 52
62, 42, 20
62, 43, 20
62, 47, 11
62, 49, 8
62, 52, 38
62, 55, 22
62, 57, 2
62, 57, 6
62, 62, 34
62, 65, 21
62, 65, 59
62, 67, 27
62, 71, 22
62, 80, 53
62, 81, 16
62, 84, 36
62, 89, 26
62, 90, 21
62, 91, 31
62, 96, 17
62, 96, 20
62, 97, 38
62, 99, 41
63, 1, 30
63, 2, 23
63, 5, 4
63, 5, 29
63, 5, 51
63, 5, 52
63, 7, 22
63, 7, 48
63, 10, 37
63, 14, 28
63, 15, 7
63, 15, 52
63, 21, 25
63, 22, 33
63, 25, 11
63, 33, 23
63, 34, 18
63, 37, 27
63, 39, 32
63, 39, 48
63, 41, 47
63, 43, 46
63, 44, 13
63, 45, 8
63, 45, 25
63, 45, 41
63, 46, 7
63, 53, 35
63, 57, 14
63, 58, 46
63, 61, 6
63, 69, 11
63, 69, 30
63, 74, 23
63, 76, 37
63, 76, 52
63, 81, 8
63, 82, 28
63, 84, 18
63, 88, 22
63, 90, 20
63, 92, 10
63, 92, 13
63, 92, 48
63, 95, 12
64, 4, 1
64, 6, 8
64, 6, 20
64, 7, 4
64, 8, 34
64, 12, 61
64, 14, 44
64, 16, 37
64, 19, 41
64, 20, 29
64, 21, 31
64, 26, 31
64, 27, 39
64, 28, 19
64, 29, 30
64, 33, 45
64, 36, 50
64, 41, 10
64, 42, 6
64, 44, 52
64, 47, 3
64, 48, 28
64, 49, 10
64, 50, 18
64, 50, 45
64, 51, 2
64, 52, 13
64, 55, 34
64, 60, 30
64, 60, 45
64, 64, 22
64, 65, 7
64, 65, 21
64, 67, 4
64, 67, 31
64, 68, 8
64, 68, 40
64, 68, 43
64, 71, 33
64, 80, 29
64, 82, 19
64, 86, 39
64, 87, 50
64, 89, 1
64, 89, 39
64, 90, 25
64, 90, 29
64, 90, 33
64, 93, 4
64, 93, 11
64, 93, 45
64, 97, 11
64, 97, 40
64, 98, 33
64, 101, 6
65, 1, 46
65, 3, 22
65, 5, 20
65, 10, 34
65, 11, 11
65, 12, 57
65, 14, 25
65, 15, 28
65, 21, 19
65, 24, 29
65, 25, 47
65, 28, 40
65, 29, 7
65, 33, 21
65, 37, 43
65, 44, 6
65, 45, 26
65, 45, 32
65, 47, 13
65, 47, 25
65, 47, 34
65, 52, 9
65, 54, 40
65, 57, 2
65, 58, 32
65, 58, 36
65, 64, 20
65, 65, 11
65, 71, 31
65, 72, 17
65, 72, 27
65, 72, 37
65, 77, 25
65, 78, 20
65, 80, 3
65, 80, 11
65, 82, 41
65, 82, 46
65, 82, 57
65, 85, 41
65, 86, 7
65, 93, 38
65, 94, 25
65, 97, 52
65, 99, 21
65, 100, 19
66, 2, 13
66, 2, 31
66, 3, 2
66, 3, 44
66, 4, 38
66, 7, 2
66, 11, 1
66, 12, 48
66, 14, 5
66, 14, 32
66, 19, 30
66, 19, 50
66, 22, 13
66, 22, 14
66, 25, 3
66, 25, 29
66, 26, 26
66, 26, 29
66, 26, 44
66, 32, 17
66, 36, 16
66, 38, 18
66, 38, 23
66, 41, 17
66, 43, 25
66, 43, 42
66, 44, 28
66, 46, 40
66, 46, 42
66, 50, 3
66, 50, 24
66, 50, 25
66, 53, 6
66, 56, 52
66, 59, 10
66, 61, 21
66, 61, 29
66, 62, 35
66, 63, 31
66, 70, 34
66, 70, 44
66, 72, 12
66, 74, 19
66, 74, 32
66, 75, 3
66, 76, 17
66, 78, 40
66, 82, 29
66, 91, 13
66, 91, 44
66, 92, 42
66, 97, 31
66, 98, 28
66, 98, 50
66, 100, 28
66, 100, 61
66, 101, 37
67, 4, 9
67, 4, 32
67, 7, 7
67, 11, 50
67, 15, 39
67, 17, 45
67, 18, 34
67, 20, 23
67, 21, 5
67, 21, 20
67, 22, 23
67, 23, 23
67, 26, 17
67, 40, 6
67, 43, 38
67, 44, 22
67, 50, 17
67, 50, 27
67, 51, 34
67, 53, 12
67, 53, 61
67, 57, 41
67, 59, 4
67, 59, 19
67, 66, 36
67, 69, 30
67, 70, 34
67, 72, 23
67, 73, 37
67, 73, 39
67, 75, 38
67, 79, 5
67, 81, 48
67, 82, 13
67, 83, 37
67, 84, 40
67, 84, 41
67, 86, 45
67, 88, 27
67, 88, 32
67, 91, 44
67, 93, 50
67, 95, 27
67, 98, 6
68, 1, 9
68, 1, 35
68, 7, 2
68, 10, 43
68, 13, 19
68, 20, 41
68, 21, 18
68, 22, 25
68, 25, 23
68, 27, 14
68, 27, 54
68, 30, 47
68, 31, 2
68, 35, 16
68, 35, 52
68, 36, 32
68, 36, 43
68, 39, 45
68, 40, 4
68, 40, 37
68, 41, 21
68, 41, 47
68, 44, 52
68, 52, 35
68, 55, 45
68, 56, 7
68, 61, 47
68, 67, 13
68, 69, 9
68, 69, 51
68, 73, 15
68, 74, 4
68, 78, 18
68, 89, 17
68, 89, 21
68, 100, 25
68, 101, 17
69, 4, 21
69, 4, 48
69, 6, 42
69, 7, 17
69, 7, 38
69, 7, 40
69, 15, 39
69, 20, 27
69, 22, 33
69, 23, 7
69, 30, 34
69, 32, 49
69, 33, 9
69, 33, 31
69, 35, 36
69, 35, 56
69, 40, 33
69, 41, 24
69, 41, 57
69, 46, 22
69, 47, 8
69, 50, 14
69, 50, 45
69, 52, 2
69, 55, 20
69, 55, 37
69, 55, 48
69, 57, 5
69, 58, 51
69, 60, 40
69, 63, 51
69, 64, 13
69, 65, 12
69, 65, 47
69, 68, 39
69, 68, 42
69, 70, 19
69, 70, 40
69, 73, 51
69, 77, 21
69, 82, 2
69, 82, 51
69, 84, 28
69, 85, 12
69, 90, 33
69, 94, 34
69, 96, 22
69, 96, 31
69, 97, 56
69, 99, 7
69, 101, 39
70, 3, 18
70, 4, 2
70, 4, 46
70, 6, 19
70, 6, 32
70, 7, 30
70, 8, 50
70, 10, 30
70, 11, 8
70, 13, 10
70, 15, 18
70, 16, 2
70, 22, 24
70, 26, 30
70, 30, 47
70, 31, 30
70, 37, 52
70, 38, 15
70, 38, 43
70, 40, 25
70, 44, 32
70, 44, 50
70, 50, 46
70, 51, 8
70, 51, 19
70, 51, 27
70, 54, 19
70, 54, 24
70, 56, 47
70, 59, 16
70, 63, 10
70, 71, 28
70, 72, 3
70, 74, 6
70, 76, 46
70, 83, 30
70, 83, 31
70, 91, 8
70, 92, 53
70, 94, 52
70, 95, 3
70, 95, 42
70, 97, 24
71, 1, 15
71, 2, 28
71, 2, 30
71, 4, 24
71, 5, 48
71, 7, 43
71, 8, 28
71, 10, 39
71, 11, 22
71, 12, 4
71, 13, 3
71, 13, 38
71, 14, 45
71, 16, 23
71, 19, 12
71, 20, 20
71, 24, 10
71, 28, 7
71, 28, 18
71, 32, 9
71, 34, 27
71, 34, 29
71, 34, 47
71, 46, 17
71, 52, 43
71, 54, 24
71, 63, 4
71, 64, 15
71, 65, 55
71, 66, 38
71, 67, 21
71, 68, 29
71, 68, 48
71, 69, 9
71, 69, 36
71, 71, 2
71, 72, 13
71, 72, 48
71, 73, 9
71, 80, 39
71, 82, 59
71, 83, 57
71, 85, 1
71, 85, 47
71, 92, 3
71, 94, 17
71, 97, 18
71, 98, 38
72, 1, 17
72, 3, 11
72, 4, 13
72, 5, 48
72, 6, 49
72, 10, 46
72, 13, 1
72, 17, 4
72, 18, 19
72, 19, 14
72, 20, 30
72, 20, 40
72, 21, 16
72, 25, 21
72, 30, 3
72, 32, 22
72, 41, 26
72, 42, 43
72, 44, 39
72, 44, 42
72, 46, 20
72, 47, 32
72, 49, 18
72, 49, 41
72, 58, 13
72, 62, 1
72, 62, 12
72, 67, 17
72, 70, 2
72, 75, 48
72, 78, 50
72, 79, 13
72, 79, 40
72, 87, 12
72, 90, 55
72, 91, 16
72, 94, 30
72, 94, 43
72, 101, 35
73, 4, 32
73, 8, 23
73, 11, 44
73, 15, 9
73, 16, 49
73, 22, 26
73, 28, 23
73, 31, 17
73, 35, 17
73, 35, 32
73, 35, 46
73, 38, 3
73, 47, 9
73, 54, 21
73, 55, 20
73, 56, 45
73, 56, 46
73, 60, 27
73, 60, 51
73, 62, 10
73, 62, 42
73, 63, 35
73, 64, 23
73, 64, 44
73, 68, 7
73, 72, 13
73, 72, 50
73, 76, 54
73, 78, 28
73, 80, 21
73, 80, 41
73, 81, 15
73, 81, 20
73, 84, 36
73, 86, 41
73, 88, 1
73, 88, 8
73, 92, 26
73, 93, 5
73, 98, 43
74, 2, 39
74, 3, 49
74, 4, 7
74, 10, 31
74, 10, 36
74, 13, 10
74, 16, 12
74, 17, 51
74, 18, 19
74, 20, 28
74, 22, 45
74, 24, 37
74, 26, 32
74, 28, 20
74, 30, 15
74, 33, 5
74, 33, 21
74, 33, 39
74, 35, 47
74, 36, 25
74, 36, 33
74, 36, 63
74, 41, 36
74, 41, 53
74, 42, 39
74, 44, 27
74, 46, 2
74, 47, 34
74, 48, 43
74, 51, 53
74, 52, 45
74, 53, 5
74, 53, 48
74, 54, 35
74, 54, 42
74, 56, 26
74, 59, 29
74, 60, 40
74, 61, 54
74, 64, 49
74, 66, 48
74, 67, 23
74, 67, 57
74, 68, 31
74, 77, 39
74, 78, 29
74, 80, 56
74, 84, 3
74, 86, 5
74, 87, 45
74, 88, 14
74, 88, 50
74, 89, 28
74, 90, 16
74, 94, 15
74, 97, 47
74, 99, 35
74, 99, 43
75, 4, 4
75, 7, 21
75, 10, 21
75, 10, 31
75, 12, 8
75, 12, 47
75, 14, 31
75, 17, 15
75, 19, 49
75, 19, 50
75, 22, 27
75, 24, 17
75, 25, 33
75, 28, 49
75, 38, 51
75, 39, 41
75, 41, 35
75, 42, 20
75, 44, 31
75, 48, 12
75, 49, 36
75, 50, 18
75, 50, 25
75, 53, 8
75, 54, 35
75, 56, 6
75, 56, 15
75, 61, 28
75, 63, 24
75, 65, 26
75, 67, 13
75, 76, 36
75, 78, 7
75, 80, 27
75, 80, 31
75, 83, 47
75, 84, 9
75, 89, 2
75, 89, 5
75, 92, 41
75, 94, 6
75, 95, 29
75, 96, 11
75, 99, 11
75, 100, 36
76, 2, 26
76, 2, 30
76, 5, 38
76, 6, 32
76, 7, 1
76, 11, 51
76, 12, 5
76, 14, 17
76, 17, 2
76, 17, 43
76, 20, 8
76, 21, 42
76, 22, 5
76, 28, 16
76, 31, 2
76, 31, 6
76, 31, 18
76, 35, 29
76, 42, 7
76, 48, 9
76, 48, 51
76, 50, 53
76, 56, 17
76, 59, 34
76, 60, 49
76, 62, 51
76, 63, 43
76, 64, 16
76, 64, 33
76, 65, 12
76, 68, 38
76, 69, 5
76, 72, 33
76, 73, 7
76, 75, 38
76, 76, 7
76, 77, 26
76, 77, 30
76, 80, 2
76, 80, 16
76, 81, 6
76, 81, 20
76, 82, 38
76, 84, 6
76, 84, 22
76, 87, 25
76, 89, 35
76, 97, 7
76, 97, 12
76, 97, 18
76, 100, 31
76, 101, 33
77, 1, 17
77, 2, 37
77, 4, 28
77, 14, 34
77, 14, 36
77, 16, 5
77, 16, 41
77, 18, 22
77, 28, 27
77, 29, 41
77, 34, 53
77, 36, 15
77, 36, 18
77, 38, 44
77, 42, 1
77, 43, 21
77, 46, 6
77, 46, 21
77, 46, 55
77, 47, 3
77, 48, 31
77, 53, 45
77, 59, 43
77, 61, 8
77, 62, 1
77, 69, 10
77, 71, 17
77, 72, 45
77, 76, 21
77, 76, 41
77, 77, 2
77, 78, 36
77, 80, 22
77, 80, 59
77, 84, 53
77, 85, 27
77, 87, 15
77, 88, 18
77, 90, 36
77, 90, 41
77, 97, 42
77, 98, 22
78, 2, 39
78, 3, 57
78, 4, 13
78, 4, 26
78, 7, 25
78, 7, 47
78, 8, 13
78, 9, 23
78, 9, 45
78, 10, 28
78, 11, 1
78, 11, 49
78, 12, 50
78, 14, 5
78, 17, 25
78, 17, 54
78, 20, 52
78, 21, 18
78, 22, 29
78, 22, 59
78, 25, 51
78, 27, 18
78, 30, 4
78, 31, 44
78, 34, 35
78, 36, 16
78, 42, 25
78, 42, 54
78, 45, 23
78, 46, 10
78, 48, 17
78, 53, 44
78, 54, 28
78, 55, 42
78, 56, 10
78, 57, 9
78, 57, 35
78, 60, 39
78, 65, 9
78, 69, 28
78, 70, 13
78, 71, 28
78, 72, 3
78, 76, 10
78, 76, 16
78, 82, 5
78, 83, 28
78, 83, 31
78, 85, 18
78, 85, 44
78, 85, 47
78, 86, 45
78, 87, 49
78, 91, 39
78, 93, 29
78, 95, 5
78, 97, 12
78, 97, 23
78, 100, 51
79, 1, 27
79, 6, 4
79, 6, 53
79, 7, 31
79, 9, 35
79, 11, 35
79, 13, 24
79, 18, 39
79, 25, 27
79, 25, 33
79, 25, 54
79, 27, 17
79, 27, 21
79, 29, 41
79, 32, 56
79, 39, 47
79, 40, 32
79, 41, 17
79, 41, 22
79, 43, 12
79, 43, 39
79, 45, 53
79, 47, 4
79, 49, 39
79, 49, 45
79, 57, 7
79, 57, 54
79, 58, 40
79, 60, 22
79, 73, 35
79, 77, 4
79, 78, 7
79, 78, 21
79, 86, 41
79, 87, 47
79, 90, 37
79, 93, 54
79, 94, 9
79, 94, 23
79, 94, 54
79, 97, 22
79, 98, 45
79, 99, 48
80, 2, 13
80, 3, 23
80, 5, 8
80, 5, 36
80, 7, 40
80, 11, 18
80, 12, 9
80, 12, 16
80, 12, 25
80, 13, 43
80, 14, 56
80, 15, 54
80, 17, 51
80, 26, 40
80, 26, 45
80, 28, 56
80, 30, 12
80, 31, 44
80, 32, 37
80, 33, 4
80, 36, 20
80, 40, 11
80, 40, 42
80, 41, 6
80, 44, 34
80, 45, 46
80, 49, 33
80, 55, 22
80, 57, 16
80, 57, 27
80, 59, 23
80, 61, 40
80, 62, 33
80, 64, 30
80, 65, 54
80, 66, 38
80, 67, 17
80, 69, 45
80, 71, 20
80, 74, 4
80, 76, 29
80, 78, 31
80, 78, 36
80, 80, 42
80, 83, 13
80, 87, 6
80, 89, 12
80, 90, 54
80, 93, 2
80, 94, 25
80, 96, 25
80, 96, 51
80, 99, 12
80, 101, 38
81, 1, 18
81, 1, 20
81, 2, 43
81, 2, 47
81, 7, 54
81, 12, 26
81, 19, 21
81, 22, 51
81, 23, 17
81, 25, 3
81, 26, 29
81, 27, 35
81, 28, 24
81, 33, 14
81, 35, 23
81, 36, 14
81, 36, 25
81, 37, 13
81, 41, 24
81, 41, 27
81, 43, 23
81, 45, 12
81, 47, 3
81, 47, 45
81, 51, 27
81, 52, 32
81, 53, 47
81, 54, 6
81, 55, 31
81, 60, 37
81, 77, 20
81, 79, 9
81, 84, 9
81, 84, 23
81, 87, 61
81, 89, 9
81, 89, 23
81, 93, 26
81, 97, 27
81, 100, 29
81, 101, 3
81, 101, 47
82, 1, 30
82, 2, 9
82, 3, 8
82, 3, 51
82, 4, 32
82, 4, 39
82, 6, 3
82, 6, 11
82, 14, 14
82, 15, 20
82, 15, 35
82, 15, 39
82, 17, 4
82, 17, 44
82, 20, 27
82, 21, 9
82, 26, 49
82, 36, 49
82, 40, 28
82, 49, 32
82, 50, 8
82, 50, 47
82, 51, 19
82, 51, 43
82, 53, 9
82, 55, 29
82, 55, 45
82, 59, 18
82, 60, 32
82, 61, 5
82, 61, 29
82, 62, 20
82, 63, 21
82, 63, 32
82, 65, 28
82, 67, 35
82, 67, 57
82, 70, 19
82, 73, 3
82, 73, 12
82, 73, 40
82, 75, 51
82, 77, 19
82, 78, 24
82, 80, 4
82, 84, 40
82, 85, 3
82, 86, 44
82, 89, 30
82, 91, 50
82, 92, 48
82, 94, 43
82, 95, 11
82, 95, 39
82, 97, 9
82, 97, 37
83, 8, 45
83, 10, 12
83, 10, 44
83, 11, 34
83, 11, 51
83, 13, 31
83, 16, 2
83, 16, 21
83, 17, 9
83, 19, 51
83, 20, 55
83, 22, 14
83, 22, 23
83, 24, 37
83, 25, 27
83, 28, 37
83, 30, 45
83, 32, 24
83, 33, 47
83, 34, 17
83, 37, 47
83, 37, 55
83, 41, 33
83, 41, 34
83, 41, 51
83, 42, 22
83, 44, 14
83, 45, 27
83, 46, 38
83, 46, 48
83, 47, 2
83, 50, 5
83, 53, 24
83, 58, 21
83, 59, 12
83, 64, 14
83, 65, 23
83, 66, 12
83, 67, 6
83, 68, 16
83, 69, 19
83, 71, 44
83, 72, 17
83, 73, 47
83, 74, 12
83, 74, 13
83, 75, 2
83, 75, 18
83, 75, 35
83, 78, 35
83, 80, 14
83, 82, 34
83, 83, 27
83, 87, 17
83, 88, 31
83, 88, 54
83, 89, 34
83, 92, 24
83, 100, 48
84, 2, 28
84, 5, 7
84, 6, 14
84, 9, 38
84, 9, 43
84, 11, 12
84, 11, 27
84, 16, 41
84, 18, 16
84, 23, 23
84, 26, 12
84, 26, 50
84, 27, 40
84, 28, 57
84, 30, 33
84, 31, 25
84, 33, 7
84, 36, 62
84, 39, 28
84, 40, 41
84, 44, 6
84, 44, 9
84, 44, 42
84, 46, 2
84, 47, 25
84, 49, 32
84, 51, 19
84, 51, 49
84, 54, 23
84, 56, 28
84, 57, 14
84, 57, 32
84, 58, 50
84, 62, 50
84, 71, 1
84, 71, 3
84, 71, 7
84, 71, 42
84, 73, 22
84, 73, 30
84, 77, 4
84, 80, 16
84, 83, 11
84, 84, 27
84, 89, 49
84, 93, 38
84, 96, 40
84, 97, 55
84, 98, 25
84, 99, 28
85, 6, 54
85, 8, 6
85, 8, 15
85, 13, 2
85, 20, 29
85, 22, 6
85, 24, 48
85, 31, 1
85, 31, 11
85, 31, 12
85, 31, 31
85, 31, 37
85, 31, 44
85, 32, 14
85, 33, 14
85, 36, 23
85, 36, 38
85, 39, 15
85, 40, 53
85, 45, 30
85, 46, 38
85, 53, 36
85, 53, 41
85, 54, 45
85, 62, 14
85, 64, 4
85, 66, 3
85, 66, 40
85, 68, 30
85, 71, 14
85, 71, 35
85, 71, 37
85, 72, 20
85, 72, 47
85, 73, 36
85, 76, 51
85, 86, 18
85, 87, 32
85, 87, 44
85, 90, 48
85, 91, 16
85, 91, 54
85, 93, 28
85, 98, 35
85, 99, 17
85, 99, 48
85, 101, 18
86, 1, 20
86, 3, 26
86, 4, 44
86, 5, 35
86, 7, 19
86, 9, 11
86, 11, 7
86, 12, 43
86, 15, 20
86, 18, 23
86, 18, 32
86, 20, 1
86, 20, 4
86, 23, 9
86, 23, 35
86, 26, 47
86, 29, 41
86, 31, 17
86, 31, 27
86, 36, 18
86, 39, 32
86, 39, 41
86, 41, 39
86, 42, 21
86, 42, 52
86, 44, 11
86, 45, 15
86, 46, 28
86, 47, 10
86, 47, 48
86, 48, 25
86, 52, 44
86, 54, 45
86, 56, 43
86, 60, 37
86, 61, 23
86, 62, 12
86, 66, 16
86, 68, 28
86, 68, 35
86, 69, 18
86, 71, 19
86, 72, 33
86, 80, 41
86, 84, 6
86, 84, 30
86, 85, 15
86, 89, 20
86, 94, 27
86, 97, 29
86, 98, 9
86, 98, 36
86, 99, 26
86, 100, 48
87, 4, 37
87, 5, 30
87, 6, 51
87, 10, 7
87, 10, 36
87, 10, 49
87, 13, 23
87, 14, 55
87, 15, 12
87, 20, 9
87, 20, 48
87, 25, 13
87, 25, 15
87, 25, 55
87, 28, 23
87, 35, 4
87, 35, 27
87, 35, 37
87, 36, 20
87, 41, 57
87, 43, 9
87, 43, 37
87, 45, 42
87, 52, 4
87, 52, 12
87, 55, 17
87, 55, 37
87, 59, 34
87, 60, 20
87, 63, 51
87, 66, 41
87, 69, 43
87, 72, 4
87, 72, 60
87, 74, 32
87, 75, 38
87, 80, 9
87, 84, 16
87, 86, 30
87, 87, 37
87, 87, 54
87, 90, 36
87, 91, 23
87, 94, 44
87, 98, 59
88, 6, 3
88, 6, 35
88, 8, 33
88, 11, 23
88, 11, 41
88, 13, 28
88, 14, 33
88, 14, 40
88, 15, 48
88, 18, 31
88, 19, 3
88, 19, 33
88, 21, 52
88, 29, 11
88, 35, 34
88, 37, 8
88, 37, 13
88, 52, 13
88, 52, 41
88, 53, 49
88, 59, 18
88, 61, 44
88, 62, 45
88, 67, 17
88, 68, 22
88, 68, 31
88, 70, 9
88, 70, 39
88, 73, 40
88, 77, 52
88, 78, 25
88, 78, 31
88, 79, 28
88, 82, 36
88, 86, 3
88, 86, 13
88, 89, 2
88, 95, 37
88, 96, 35
88, 98, 4
88, 98, 43
88, 100, 36
89, 2, 49
89, 4, 7
89, 8, 29
89, 9, 10
89, 13, 8
89, 13, 48
89, 14, 31
89, 15, 45
89, 16, 51
89, 19, 44
89, 21, 6
89, 21, 37
89, 22, 9
89, 24, 29
89, 26, 20
89, 26, 46
89, 31, 5
89, 39, 48
89, 41, 44
89, 42, 31
89, 45, 31
89, 50, 14
89, 57, 40
89, 58, 11
89, 58, 43
89, 61, 11
89, 68, 45
89, 69, 22
89, 69, 48
89, 70, 8
89, 71, 23
89, 76, 49
89, 79, 2
89, 80, 7
89, 83, 25
89, 84, 14
89, 84, 18
89, 84, 47
89, 85, 3
89, 87, 36
89, 87, 46
89, 90, 6
89, 91, 32
89, 91, 44
89, 93, 26
89, 95, 9
89, 95, 20
90, 4, 38
90, 7, 52
90, 12, 26
90, 13, 39
90, 14, 10
90, 14, 19
90, 17, 18
90, 17, 48
90, 18, 33
90, 19, 38
90, 20, 30
90, 21, 20
90, 24, 38
90, 30, 53
90, 31, 33
90, 32, 10
90, 32, 35
90, 35, 16
90, 35, 26
90, 36, 13
90, 36, 45
90, 38, 9
90, 38, 26
90, 38, 37
90, 39, 23
90, 42, 31
90, 42, 35
90, 46, 20
90, 47, 5
90, 48, 14
90, 49, 38
90, 50, 8
90, 51, 2
90, 52, 24
90, 55, 17
90, 55, 35
90, 55, 40
90, 58, 52
90, 65, 51
90, 67, 18
90, 67, 23
90, 67, 27
90, 68, 20
90, 69, 36
90, 70, 52
90, 73, 41
90, 74, 38
90, 78, 30
90, 78, 53
90, 79, 31
90, 81, 16
90, 83, 8
90, 83, 38
90, 87, 32
90, 90, 16
90, 90, 27
90, 92, 11
90, 96, 30
91, 1, 3
91, 1, 35
91, 2, 16
91, 4, 52
91, 5, 26
91, 10, 52
91, 11, 10
91, 12, 24
91, 14, 14
91, 17, 5
91, 20, 16
91, 20, 52
91, 25, 25
91, 25, 30
91, 34, 34
91, 35, 6
91, 35, 10
91, 43, 16
91, 44, 8
91, 56, 6
91, 59, 31
91, 60, 16
91, 62, 6
91, 66, 31
91, 70, 10
91, 70, 35
91, 71, 48
91, 74, 45
91, 78, 6
91, 82, 14
91, 84, 27
91, 88, 25
91, 88, 48
91, 88, 70
91, 96, 28
92, 2, 13
92, 2, 42
92, 2, 49
92, 3, 13
92, 6, 4
92, 6, 23
92, 8, 35
92, 9, 3
92, 9, 33
92, 9, 39
92, 10, 11
92, 10, 38
92, 13, 25
92, 19, 20
92, 20, 15
92, 21, 23
92, 22, 29
92, 26, 39
92, 30, 45
92, 33, 42
92, 35, 18
92, 41, 12
92, 43, 38
92, 44, 17
92, 46, 43
92, 47, 47
92, 48, 48
92, 50, 29
92, 51, 45
92, 52, 44
92, 55, 46
92, 58, 44
92, 59, 13
92, 59, 46
92, 64, 48
92, 67, 6
92, 71, 25
92, 73, 47
92, 74, 47
92, 79, 3
92, 79, 23
92, 81, 36
92, 83, 25
92, 84, 34
92, 87, 21
92, 88, 8
92, 88, 16
92, 89, 35
92, 90, 5
92, 92, 7
92, 96, 42
92, 97, 39
92, 98, 18
92, 99, 13
92, 99, 33
92, 99, 57
93, 1, 12
93, 2, 26
93, 2, 32
93, 8, 15
93, 13, 17
93, 17, 16
93, 18, 50
93, 25, 26
93, 25, 53
93, 27, 47
93, 28, 9
93, 28, 12
93, 29, 52
93, 30, 38
93, 31, 33
93, 32, 10
93, 34, 11
93, 34, 48
93, 35, 11
93, 35, 15
93, 35, 47
93, 41, 49
93, 44, 51
93, 49, 3
93, 54, 38
93, 57, 14
93, 57, 20
93, 57, 49
93, 58, 6
93, 58, 47
93, 66, 17
93, 66, 48
93, 67, 15
93, 73, 18
93, 80, 11
93, 83, 33
93, 84, 50
93, 90, 29
93, 93, 26
93, 95, 33
93, 96, 16
93, 100, 16
94, 1, 39
94, 5, 46
94, 8, 31
94, 10, 41
94, 12, 7
94, 12, 16
94, 12, 56
94, 13, 24
94, 14, 41
94, 15, 34
94, 16, 5
94, 16, 21
94, 17, 34
94, 17, 49
94, 21, 28
94, 21, 30
94, 23, 21
94, 24, 2
94, 25, 1
94, 25, 37
94, 26, 20
94, 32, 27
94, 32, 33
94, 36, 21
94, 40, 6
94, 41, 44
94, 41, 54
94, 44, 50
94, 45, 7
94, 48, 24
94, 52, 42
94, 57, 40
94, 58, 23
94, 60, 12
94, 61, 44
94, 62, 25
94, 64, 5
94, 64, 20
94, 64, 21
94, 66, 2
94, 66, 6
94, 68, 49
94, 69, 57
94, 70, 10
94, 74, 24
94, 82, 43
94, 84, 23
94, 86, 31
94, 96, 37
94, 97, 26
94, 100, 7
95, 4, 11
95, 4, 50
95, 7, 1
95, 7, 39
95, 7, 46
95, 14, 13
95, 19, 38
95, 19, 44
95, 20, 22
95, 21, 43
95, 21, 62
95, 22, 52
95, 23, 4
95, 26, 4
95, 26, 21
95, 27, 40
95, 28, 2
95, 30, 17
95, 30, 20
95, 31, 44
95, 32, 35
95, 32, 50
95, 33, 8
95, 38, 30
95, 40, 13
95, 40, 20
95, 45, 18
95, 46, 34
95, 49, 23
95, 53, 45
95, 55, 42
95, 56, 14
95, 56, 49
95, 58, 12
95, 61, 41
95, 62, 7
95, 66, 3
95, 68, 50
95, 78, 8
95, 78, 17
95, 78, 43
95, 82, 22
95, 84, 29
95, 86, 45
95, 89, 2
95, 90, 43
95, 94, 34
95, 95, 7
95, 95, 52
95, 96, 14
95, 97, 4
95, 97, 26
95, 97, 46
95, 98, 33
95, 99, 24
95, 99, 41
95, 101, 8
96, 4, 34
96, 8, 20
96, 8, 48
96, 12, 49
96, 24, 23
96, 26, 17
96, 27, 43
96, 29, 27
96, 34, 29
96, 36, 6
96, 37, 5
96, 37, 51
96, 38, 6
96, 38, 27
96, 42, 1
96, 45, 18
96, 47, 21
96, 50, 5
96, 55, 16
96, 56, 19
96, 57, 47
96, 59, 46
96, 60, 6
96, 60, 33
96, 60, 43
96, 62, 20
96, 67, 12
96, 68, 33
96, 69, 17
96, 77, 15
96, 84, 9
96, 85, 16
96, 88, 18
96, 92, 22
96, 97, 34
96, 98, 46
96, 98, 47
96, 99, 2
97, 5, 24
97, 5, 35
97, 6, 7
97, 6, 17
97, 7, 31
97, 19, 15
97, 19, 49
97, 20, 39
97, 20, 42
97, 22, 28
97, 22, 51
97, 23, 29
97, 24, 11
97, 24, 19
97, 24, 56
97, 28, 4
97, 38, 39
97, 38, 51
97, 39, 4
97, 43, 31
97, 48, 57
97, 50, 3
97, 50, 48
97, 53, 29
97, 53, 35
97, 54, 43
97, 61, 10
97, 61, 35
97, 62, 25
97, 62, 26
97, 65, 34
97, 66, 47
97, 69, 2
97, 72, 42
97, 73, 1
97, 74, 48
97, 77, 41
97, 81, 14
97, 81, 28
97, 81, 29
97, 84, 8
97, 84, 51
97, 86, 26
97, 86, 29
97, 88, 9
97, 90, 15
97, 91, 22
97, 94, 1
97, 95, 7
97, 96, 24
97, 98, 49
97, 99, 11
98, 1, 27
98, 9, 19
98, 9, 42
98, 19, 12
98, 19, 23
98, 19, 34
98, 34, 21
98, 35, 17
98, 39, 14
98, 46, 40
98, 49, 27
98, 50, 8
98, 52, 15
98, 55, 33
98, 59, 19
98, 61, 37
98, 61, 45
98, 62, 31
98, 71, 13
98, 76, 34
98, 81, 21
98, 84, 55
98, 88, 45
98, 93, 12
98, 94, 17
98, 96, 54
98, 98, 11
98, 100, 3
98, 101, 11
99, 1, 31
99, 1, 57
99, 2, 33
99, 3, 42
99, 5, 48
99, 6, 37
99, 7, 43
99, 11, 61
99, 13, 21
99, 17, 7
99, 18, 34
99, 22, 39
99, 22, 54
99, 23, 20
99, 25, 42
99, 26, 44
99, 28, 40
99, 30, 9
99, 30, 13
99, 30, 33
99, 30, 54
99, 31, 19
99, 32, 15
99, 33, 5
99, 37, 12
99, 37, 44
99, 40, 5
99, 42, 15
99, 42, 40
99, 43, 36
99, 43, 38
99, 44, 29
99, 46, 46
99, 47, 37
99, 52, 33
99, 53, 48
99, 54, 6
99, 54, 12
99, 59, 20
99, 59, 29
99, 61, 43
99, 62, 18
99, 64, 13
99, 65, 8
99, 65, 14
99, 70, 44
99, 72, 34
99, 73, 33
99, 74, 3
99, 74, 48
99, 78, 37
99, 82, 44
99, 82, 46
99, 84, 41
99, 85, 5
99, 85, 39
99, 85, 50
99, 87, 21
99, 96, 13
99, 97, 5
99, 97, 52
99, 100, 49
99, 101, 37
100, 2, 49
100, 4, 12
100, 9, 1
100, 13, 31
100, 14, 8
100, 14, 27
100, 16, 23
100, 21, 15
100, 21, 35
100, 24, 43
100, 28, 19
100, 29, 14
100, 29, 49
100, 30, 7
100, 32, 14
100, 32, 25
100, 39, 27
100, 42, 33
100, 44, 33
100, 47, 9
100, 47, 43
100, 50, 40
100, 53, 2
100, 56, 6
100, 57, 28
100, 65, 20
100, 66, 12
100, 67, 31
100, 71, 32
100, 74, 7
100, 74, 28
100, 79, 1
100, 79, 27
100, 80, 35
100, 82, 23
100, 89, 6
100, 91, 7
100, 91, 30
100, 91, 32
100, 92, 12
100, 97, 5
100, 98, 29
101, 1, 51
101, 2, 14
101, 4, 4
101, 4, 11
101, 6, 2
101, 7, 36
101, 7, 45
101, 8, 40
101, 9, 34
101, 10, 7
101, 10, 21
101, 18, 17
101, 21, 45
101, 24, 2
101, 26, 8
101, 28, 6
101, 30, 10
101, 33, 22
101, 34, 18
101, 40, 26
101, 40, 50
101, 42, 34
101, 44, 15
101, 46, 19
101, 48, 4
101, 49, 13
101, 54, 15
101, 55, 1
101, 56, 36
101, 57, 33
101, 58, 13
101, 58, 33
101, 58, 48
101, 59, 27
101, 66, 7
101, 68, 31
101, 68, 48
101, 69, 12
101, 71, 48
101, 73, 46
101, 76, 25
101, 76, 50
101, 77, 28
101, 78, 40
101, 79, 47
101, 82, 37
101, 85, 13
101, 85, 44
101, 88, 37
101, 89, 46
101, 93, 44
101, 94, 27
101, 94, 40
101, 96, 24
101, 98, 2
101, 98, 34
101, 99, 36
