1, 2, 6
1, 9, 11
1, 12, 39
1, 14, 28
1, 16, 11
1, 16, 52
1, 17, 9
1, 17, 34
1, 19, 16
1, 20, 41
1, 21, 34
1, 25, 10
1, 25, 44
1, 26, 3
1, 31, 50
1, 33, 3
1, 33, 22
1, 36, 5
1, 37, 48
1, 40, 19
1, 40, 35
1, 43, 14
1, 44, 6
1, 47, 22
1, 48, 13
1, 51, 21
1, 55, 16
1, 55, 26
1, 56, 8
1, 59, 7
1, 60, 3
1, 63, 8
1, 65, 5
1, 65, 23
1, 67, 25
1, 67, 55
1, 68, 21
1, 68, 50
1, 70, 34
1, 72, 10
1, 73, 9
1, 73, 16
1, 78, 5
1, 79, 24
1, 81, 49
1, 85, 16
1, 88, 8
1, 90, 52
1, 95, 25
1, 96, 22
1, 97, 13
1, 97, 16
1, 100, 35
1, 101, 6
2, 2, 23
2, 2, 26
2, 3, 11
2, 5, 11
2, 6, 14
2, 8, 37
2, 9, 47
2, 12, 27
2, 14, 40
2, 21, 32
2, 24, 25
2, 28, 25
2, 39, 5
2, 39, 29
2, 40, 31
2, 41, 8
2, 42, 51
2, 46, 23
2, 49, 35
2, 51, 27
2, 54, 2
2, 57, 36
2, 57, 46
2, 58, 45
2, 60, 15
2, 64, 28
2, 65, 10
2, 68, 45
2, 69, 32
2, 71, 38
2, 72, 57
2, 73, 29
2, 76, 43
2, 77, 19
2, 77, 32
2, 78, 6
2, 78, 39
2, 82, 8
2, 82, 53
2, 88, 11
2, 88, 37
2, 89, 38
2, 90, 40
2, 91, 17
3, 1, 17
3, 1, 38
3, 4, 5
3, 5, 30
3, 7, 12
3, 10, 16
3, 11, 4
3, 11, 46
3, 12, 31
3, 13, 6
3, 13, 21
3, 14, 5
3, 16, 48
3, 16, 49
3, 17, 40
3, 20, 34
3, 22, 29
3, 22, 34
3, 29, 2
3, 29, 7
3, 40, 10
3, 41, 40
3, 44, 35
3, 45, 1
3, 50, 13
3, 52, 14
3, 57, 21
3, 63, 17
3, 65, 10
3, 69, 37
3, 70, 45
3, 77, 16
3, 80, 26
3, 80, 44
3, 81, 47
3, 82, 34
3, 83, 1
3, 85, 27
3, 87, 36
3, 88, 10
3, 89, 4
3, 95, 31
3, 97, 32
3, 99, 49
3, 101, 40
4, 1, 20
4, 2, 26
4, 3, 12
4, 4, 8
4, 11, 48
4, 15, 23
4, 16, 8
4, 17, 24
4, 27, 38
4, 29, 44
4, 32, 2
4, 32, 34
4, 34, 11
4, 35, 19
4, 36, 41
4, 44, 32
4, 48, 51
4, 51, 18
4, 63, 41
4, 65, 15
4, 68, 53
4, 70, 42
4, 73, 34
4, 73, 48
4, 75, 12
4, 76, 1
4, 76, 51
4, 84, 57
4, 85, 52
4, 96, 41
4, 98, 53
4, 99, 9
4, 100, 16
4, 101, 26
5, 1, 37
5, 3, 13
5, 3, 59
5, 4, 45
5, 8, 20
5, 8, 41
5, 11, 30
5, 14, 50
5, 20, 22
5, 27, 26
5, 27, 47
5, 38, 26
5, 41, 13
5, 42, 47
5, 45, 56
5, 48, 32
5, 49, 7
5, 49, 13
5, 53, 49
5, 61, 38
5, 64, 21
5, 65, 24
5, 76, 59
5, 77, 9
5, 80, 24
5, 87, 49
5, 88, 20
5, 89, 18
5, 92, 6
5, 94, 22
5, 95, 37
6, 1, 43
6, 2, 19
6, 2, 39
6, 5, 35
6, 6, 20
6, 7, 15
6, 8, 44
6, 10, 43
6, 12, 16
6, 17, 4
6, 17, 51
6, 19, 24
6, 19, 44
6, 20, 45
6, 21, 25
6, 22, 10
6, 22, 27
6, 23, 22
6, 24, 45
6, 25, 51
6, 31, 6
6, 36, 11
6, 41, 53
6, 43, 8
6, 48, 31
6, 50, 43
6, 62, 39
6, 63, 40
6, 66, 30
6, 69, 16
6, 75, 53
6, 76, 5
6, 76, 51
6, 77, 10
6, 77, 48
6, 78, 22
6, 79, 4
6, 80, 10
6, 80, 23
6, 86, 15
6, 88, 31
6, 89, 45
6, 92, 4
6, 94, 27
6, 94, 46
6, 95, 48
6, 96, 20
6, 98, 13
6, 99, 35
6, 101, 4
7, 1, 8
7, 2, 35
7, 4, 33
7, 9, 25
7, 9, 61
7, 11, 33
7, 15, 41
7, 19, 22
7, 19, 25
7, 23, 14
7, 23, 55
7, 25, 35
7, 26, 6
7, 26, 46
7, 27, 13
7, 29, 56
7, 31, 18
7, 32, 50
7, 34, 27
7, 35, 58
7, 36, 5
7, 40, 37
7, 41, 8
7, 45, 43
7, 47, 43
7, 51, 32
7, 51, 36
7, 52, 42
7, 55, 22
7, 57, 39
7, 62, 27
7, 63, 13
7, 66, 16
7, 66, 41
7, 73, 21
7, 73, 33
7, 73, 46
7, 77, 16
7, 77, 31
7, 84, 8
7, 86, 42
7, 88, 50
7, 89, 7
7, 91, 30
7, 92, 36
7, 98, 5
8, 2, 49
8, 6, 58
8, 7, 6
8, 8, 15
8, 8, 51
8, 10, 12
8, 11, 13
8, 12, 10
8, 22, 38
8, 24, 25
8, 27, 4
8, 27, 44
8, 30, 37
8, 31, 28
8, 34, 41
8, 35, 15
8, 37, 21
8, 38, 54
8, 41, 21
8, 43, 2
8, 44, 58
8, 51, 23
8, 54, 3
8, 55, 30
8, 55, 50
8, 59, 44
8, 62, 26
8, 63, 62
8, 67, 17
8, 67, 19
8, 68, 46
8, 71, 6
8, 80, 16
8, 84, 33
8, 87, 10
8, 89, 14
8, 91, 13
8, 92, 28
8, 93, 23
8, 93, 41
8, 94, 28
8, 94, 43
8, 98, 15
8, 101, 12
9, 1, 2
9, 3, 24
9, 4, 29
9, 6, 9
9, 7, 5
9, 8, 33
9, 14, 44
9, 15, 4
9, 16, 37
9, 18, 1
9, 18, 8
9, 18, 35
9, 20, 43
9, 20, 61
9, 21, 25
9, 24, 60
9, 25, 30
9, 25, 42
9, 30, 48
9, 32, 9
9, 36, 6
9, 38, 33
9, 40, 33
9, 45, 5
9, 47, 53
9, 53, 37
9, 56, 44
9, 57, 19
9, 57, 35
9, 59, 29
9, 61, 13
9, 64, 11
9, 64, 48
9, 67, 33
9, 68, 20
9, 73, 8
9, 73, 45
9, 75, 5
9, 75, 42
9, 84, 25
9, 86, 37
9, 89, 3
9, 89, 31
9, 90, 44
9, 93, 43
9, 94, 1
9, 95, 33
9, 99, 25
9, 99, 61
10, 1, 47
10, 3, 1
10, 8, 30
10, 15, 40
10, 16, 23
10, 16, 27
10, 22, 4
10, 22, 51
10, 25, 27
10, 27, 31
10, 29, 13
10, 29, 29
10, 31, 26
10, 34, 1
10, 34, 13
10, 44, 20
10, 44, 36
10, 49, 48
10, 51, 42
10, 54, 27
10, 57, 64
10, 59, 9
10, 59, 10
10, 60, 44
10, 65, 27
10, 68, 34
10, 70, 47
10, 81, 1
10, 84, 40
10, 90, 22
10, 92, 21
10, 94, 26
10, 94, 39
10, 99, 15
11, 2, 27
11, 8, 3
11, 8, 45
11, 8, 49
11, 9, 39
11, 10, 21
11, 11, 16
11, 11, 47
11, 20, 18
11, 21, 11
11, 22, 33
11, 25, 1
11, 25, 18
11, 29, 23
11, 33, 8
11, 33, 16
11, 34, 28
11, 35, 46
11, 36, 23
11, 38, 7
11, 40, 39
11, 42, 4
11, 42, 21
11, 42, 28
11, 44, 45
11, 45, 11
11, 48, 16
11, 48, 30
11, 48, 36
11, 49, 22
11, 50, 32
11, 51, 45
11, 54, 21
11, 55, 52
11, 57, 1
11, 59, 36
11, 60, 19
11, 61, 21
11, 62, 28
11, 62, 38
11, 62, 43
11, 70, 33
11, 72, 46
11, 76, 12
11, 78, 33
11, 81, 11
11, 88, 5
11, 88, 6
11, 88, 36
11, 100, 21
12, 1, 57
12, 3, 21
12, 5, 11
12, 5, 42
12, 6, 52
12, 9, 46
12, 10, 22
12, 20, 3
12, 20, 28
12, 22, 19
12, 23, 2
12, 29, 48
12, 38, 3
12, 40, 10
12, 40, 11
12, 40, 54
12, 41, 42
12, 47, 7
12, 47, 9
12, 50, 12
12, 50, 21
12, 50, 43
12, 52, 26
12, 54, 3
12, 54, 4
12, 54, 47
12, 55, 2
12, 56, 15
12, 58, 28
12, 64, 2
12, 67, 57
12, 70, 33
12, 71, 2
12, 72, 39
12, 74, 9
12, 77, 28
12, 77, 35
12, 82, 4
12, 82, 15
12, 82, 42
12, 83, 24
12, 83, 29
12, 85, 11
12, 85, 25
12, 85, 32
12, 86, 33
12, 86, 46
12, 90, 14
12, 91, 40
12, 94, 52
12, 99, 28
13, 1, 33
13, 3, 20
13, 4, 37
13, 12, 14
13, 18, 20
13, 19, 12
13, 19, 14
13, 25, 17
13, 31, 6
13, 31, 32
13, 36, 10
13, 36, 49
13, 44, 23
13, 45, 13
13, 61, 3
13, 63, 5
13, 63, 59
13, 64, 20
13, 67, 5
13, 74, 24
13, 74, 33
13, 75, 12
13, 79, 32
13, 84, 23
13, 87, 37
13, 92, 5
13, 98, 13
14, 5, 4
14, 6, 16
14, 7, 12
14, 7, 26
14, 8, 9
14, 11, 8
14, 12, 32
14, 17, 28
14, 20, 16
14, 21, 6
14, 22, 9
14, 22, 36
14, 24, 1
14, 25, 36
14, 26, 30
14, 27, 21
14, 27, 32
14, 27, 53
14, 32, 33
14, 34, 38
14, 38, 22
14, 38, 29
14, 43, 39
14, 45, 14
14, 45, 28
14, 46, 12
14, 47, 1
14, 47, 36
14, 56, 39
14, 58, 22
14, 60, 33
14, 64, 31
14, 65, 9
14, 66, 23
14, 67, 4
14, 67, 47
14, 72, 36
14, 77, 36
14, 78, 16
14, 79, 38
14, 82, 47
14, 87, 13
14, 90, 27
14, 90, 52
14, 92, 28
14, 93, 38
14, 94, 29
14, 96, 44
14, 98, 6
14, 100, 53
15, 2, 7
15, 4, 5
15, 7, 8
15, 10, 45
15, 11, 19
15, 14, 20
15, 22, 21
15, 23, 17
15, 25, 35
15, 27, 53
15, 28, 32
15, 31, 15
15, 33, 24
15, 36, 4
15, 39, 39
15, 41, 23
15, 47, 5
15, 47, 37
15, 50, 44
15, 53, 36
15, 53, 53
15, 56, 34
15, 58, 30
15, 63, 3
15, 66, 45
15, 68, 48
15, 72, 20
15, 78, 17
15, 79, 43
15, 80, 17
15, 84, 19
15, 89, 1
15, 89, 21
15, 90, 15
15, 92, 24
15, 95, 5
15, 97, 8
15, 97, 21
15, 97, 32
15, 101, 4
16, 1, 43
16, 1, 44
16, 4, 11
16, 6, 60
16, 7, 27
16, 8, 19
16, 10, 14
16, 15, 8
16, 15, 35
16, 16, 47
16, 17, 54
16, 19, 4
16, 20, 32
16, 21, 45
16, 22, 47
16, 24, 22
16, 24, 44
16, 27, 22
16, 31, 38
16, 36, 3
16, 39, 42
16, 43, 50
16, 44, 53
16, 48, 25
16, 49, 1
16, 49, 57
16, 54, 45
16, 61, 29
16, 69, 54
16, 71, 22
16, 71, 45
16, 78, 2
16, 82, 14
16, 82, 35
16, 83, 17
16, 96, 27
16, 98, 39
16, 99, 44
17, 7, 38
17, 8, 54
17, 12, 10
17, 16, 37
17, 21, 42
17, 24, 17
17, 30, 11
17, 31, 41
17, 31, 59
17, 35, 40
17, 36, 31
17, 40, 41
17, 42, 21
17, 43, 43
17, 44, 8
17, 49, 19
17, 49, 33
17, 49, 51
17, 51, 20
17, 54, 15
17, 55, 1
17, 58, 54
17, 61, 26
17, 61, 41
17, 63, 20
17, 64, 24
17, 65, 6
17, 65, 37
17, 66, 12
17, 73, 18
17, 78, 31
17, 78, 33
17, 80, 18
17, 86, 10
17, 87, 19
17, 101, 21
18, 1, 53
18, 3, 16
18, 4, 1
18, 4, 35
18, 7, 50
18, 11, 45
18, 13, 49
18, 16, 31
18, 16, 38
18, 17, 18
18, 18, 32
18, 20, 39
18, 22, 52
18, 23, 4
18, 24, 7
18, 25, 45
18, 27, 10
18, 27, 20
18, 31, 61
18, 34, 50
18, 35, 14
18, 36, 7
18, 42, 48
18, 46, 16
18, 46, 25
18, 48, 36
18, 49, 28
18, 49, 45
18, 51, 36
18, 52, 2
18, 52, 25
18, 56, 16
18, 58, 49
18, 63, 18
18, 66, 20
18, 68, 40
18, 74, 52
18, 79, 12
18, 79, 45
18, 80, 38
18, 81, 24
18, 82, 46
18, 84, 5
18, 85, 1
18, 85, 31
18, 85, 53
18, 86, 1
18, 88, 24
18, 89, 19
18, 90, 35
18, 93, 15
18, 93, 22
18, 93, 50
18, 93, 56
18, 98, 4
19, 4, 29
19, 9, 21
19, 11, 10
19, 18, 39
19, 28, 47
19, 30, 14
19, 32, 7
19, 32, 42
19, 35, 14
19, 35, 47
19, 38, 32
19, 44, 16
19, 45, 3
19, 46, 56
19, 47, 16
19, 54, 27
19, 58, 49
19, 62, 29
19, 62, 40
19, 63, 46
19, 69, 5
19, 72, 47
19, 80, 29
19, 80, 32
19, 81, 42
19, 83, 17
19, 86, 33
19, 90, 13
19, 91, 64
19, 92, 55
19, 93, 6
19, 93, 16
19, 93, 44
19, 101, 47
20, 5, 23
20, 8, 22
20, 12, 41
20, 14, 20
20, 15, 4
20, 15, 6
20, 16, 15
20, 16, 56
20, 17, 46
20, 21, 5
20, 21, 24
20, 22, 10
20, 24, 1
20, 26, 11
20, 31, 27
20, 31, 31
20, 35, 8
20, 37, 25
20, 37, 41
20, 39, 51
20, 44, 22
20, 49, 39
20, 56, 13
20, 57, 7
20, 58, 6
20, 58, 41
20, 59, 20
20, 61, 31
20, 68, 31
20, 69, 16
20, 71, 56
20, 76, 4
20, 77, 30
20, 80, 11
20, 80, 47
20, 86, 18
20, 88, 32
20, 92, 7
20, 93, 27
20, 95, 38
20, 101, 18
20, 101, 46
21, 1, 7
21, 1, 49
21, 6, 4
21, 11, 37
21, 13, 22
21, 13, 42
21, 17, 40
21, 19, 33
21, 19, 42
21, 20, 25
21, 24, 31
21, 24, 44
21, 25, 6
21, 28, 18
21, 32, 33
21, 33, 25
21, 36, 48
21, 38, 39
21, 41, 37
21, 42, 3
21, 42, 28
21, 45, 48
21, 49, 35
21, 49, 45
21, 52, 22
21, 53, 13
21, 55, 8
21, 56, 36
21, 57, 7
21, 59, 22
21, 62, 40
21, 63, 22
21, 65, 45
21, 66, 57
21, 70, 35
21, 71, 12
21, 80, 31
21, 83, 48
21, 85, 4
21, 89, 36
21, 92, 18
21, 96, 42
21, 97, 39
21, 98, 22
21, 101, 7
22, 2, 38
22, 5, 51
22, 12, 55
22, 13, 2
22, 23, 44
22, 28, 47
22, 32, 21
22, 38, 11
22, 42, 56
22, 50, 51
22, 51, 33
22, 53, 32
22, 61, 14
22, 67, 49
22, 69, 13
22, 70, 27
22, 72, 60
22, 73, 44
22, 73, 47
22, 80, 12
22, 80, 33
22, 81, 13
22, 82, 42
22, 84, 45
22, 86, 36
22, 89, 38
22, 89, 47
22, 94, 51
22, 99, 8
22, 101, 49
23, 4, 20
23, 5, 44
23, 6, 21
23, 7, 21
23, 8, 1
23, 8, 15
23, 8, 45
23, 10, 35
23, 15, 52
23, 16, 9
23, 16, 26
23, 17, 28
23, 22, 47
23, 23, 20
23, 28, 44
23, 31, 48
23, 36, 3
23, 41, 16
23, 41, 17
23, 44, 34
23, 46, 15
23, 47, 27
23, 49, 13
23, 49, 21
23, 49, 49
23, 49, 59
23, 51, 3
23, 51, 9
23, 52, 4
23, 52, 12
23, 55, 30
23, 56, 35
23, 58, 35
23, 60, 30
23, 62, 4
23, 63, 23
23, 65, 10
23, 65, 41
23, 68, 16
23, 71, 17
23, 71, 40
23, 73, 28
23, 76, 57
23, 83, 15
23, 84, 10
23, 84, 17
23, 84, 45
23, 85, 13
23, 86, 42
23, 86, 51
23, 87, 62
23, 88, 44
23, 90, 1
23, 90, 21
23, 93, 45
23, 95, 13
23, 95, 30
23, 97, 26
23, 97, 48
23, 98, 20
23, 98, 31
23, 100, 53
24, 4, 21
24, 7, 1
24, 12, 47
24, 15, 48
24, 16, 8
24, 16, 39
24, 19, 5
24, 19, 15
24, 20, 28
24, 22, 31
24, 25, 37
24, 32, 36
24, 35, 38
24, 35, 56
24, 36, 18
24, 36, 27
24, 45, 18
24, 47, 21
24, 50, 25
24, 55, 42
24, 56, 43
24, 62, 3
24, 66, 39
24, 67, 15
24, 74, 31
24, 74, 49
24, 78, 22
24, 84, 28
24, 87, 26
24, 93, 25
24, 95, 20
24, 98, 11
24, 101, 36
24, 101, 43
24, 101, 49
25, 3, 30
25, 5, 17
25, 5, 56
25, 7, 52
25, 9, 39
25, 10, 7
25, 10, 13
25, 24, 28
25, 27, 31
25, 28, 12
25, 35, 22
25, 41, 33
25, 44, 39
25, 44, 41
25, 46, 38
25, 47, 6
25, 47, 33
25, 52, 52
25, 54, 46
25, 57, 33
25, 59, 21
25, 62, 16
25, 62, 25
25, 62, 64
25, 63, 17
25, 63, 21
25, 64, 31
25, 66, 39
25, 69, 42
25, 71, 1
25, 71, 15
25, 73, 30
25, 74, 41
25, 83, 56
25, 86, 29
25, 86, 58
25, 88, 13
25, 94, 24
25, 94, 31
25, 97, 33
25, 100, 21
26, 4, 11
26, 6, 23
26, 7, 29
26, 7, 42
26, 12, 1
26, 14, 6
26, 20, 55
26, 21, 37
26, 21, 51
26, 22, 36
26, 27, 34
26, 30, 28
26, 32, 22
26, 35, 7
26, 39, 9
26, 39, 12
26, 45, 27
26, 45, 52
26, 46, 11
26, 48, 42
26, 49, 41
26, 55, 16
26, 57, 19
26, 57, 29
26, 60, 3
26, 61, 2
26, 62, 11
26, 69, 26
26, 73, 13
26, 73, 41
26, 75, 6
26, 76, 17
26, 78, 23
26, 78, 33
26, 81, 9
26, 82, 29
26, 83, 51
26, 87, 16
26, 89, 26
26, 91, 47
26, 93, 1
26, 93, 41
26, 94, 17
26, 98, 33
26, 100, 34
26, 101, 31
26, 101, 37
27, 4, 25
27, 6, 20
27, 8, 41
27, 10, 4
27, 10, 27
27, 14, 35
27, 15, 33
27, 17, 32
27, 21, 49
27, 25, 3
27, 25, 39
27, 26, 1
27, 28, 8
27, 31, 6
27, 33, 26
27, 39, 39
27, 43, 14
27, 48, 24
27, 51, 8
27, 52, 47
27, 56, 46
27, 58, 20
27, 65, 20
27, 69, 35
27, 75, 53
27, 76, 6
27, 82, 34
27, 85, 4
27, 86, 24
27, 86, 46
27, 87, 25
27, 88, 39
27, 90, 3
27, 96, 49
27, 98, 59
27, 99, 11
28, 10, 1
28, 14, 59
28, 19, 41
28, 23, 11
28, 26, 27
28, 31, 43
28, 32, 14
28, 32, 30
28, 35, 21
28, 38, 43
28, 40, 7
28, 41, 27
28, 43, 17
28, 44, 20
28, 47, 27
28, 50, 40
28, 56, 49
28, 62, 30
28, 63, 4
28, 64, 59
28, 67, 49
28, 67, 53
28, 70, 32
28, 70, 41
28, 72, 45
28, 73, 14
28, 75, 44
28, 77, 23
28, 77, 59
28, 81, 5
28, 82, 27
28, 85, 15
28, 88, 4
28, 93, 1
28, 94, 7
28, 95, 23
28, 97, 21
28, 100, 31
28, 101, 11
29, 3, 4
29, 3, 70
29, 4, 4
29, 5, 31
29, 13, 41
29, 16, 33
29, 16, 42
29, 18, 5
29, 18, 27
29, 18, 35
29, 18, 39
29, 21, 44
29, 29, 27
29, 29, 29
29, 34, 32
29, 38, 14
29, 40, 6
29, 47, 12
29, 52, 10
29, 53, 23
29, 54, 36
29, 57, 13
29, 57, 57
29, 60, 12
29, 61, 32
29, 65, 31
29, 67, 33
29, 70, 22
29, 76, 41
29, 77, 38
29, 81, 38
29, 82, 43
29, 83, 53
29, 85, 47
29, 90, 10
29, 90, 27
29, 93, 44
29, 94, 6
29, 99, 51
30, 4, 3
30, 7, 19
30, 7, 49
30, 13, 22
30, 13, 42
30, 15, 11
30, 22, 25
30, 24, 15
30, 25, 46
30, 26, 14
30, 27, 21
30, 31, 7
30, 32, 54
30, 33, 16
30, 34, 6
30, 35, 30
30, 35, 47
30, 38, 27
30, 40, 24
30, 42, 18
30, 42, 42
30, 47, 36
30, 53, 19
30, 57, 25
30, 59, 1
30, 59, 9
30, 63, 43
30, 64, 24
30, 65, 33
30, 67, 4
30, 67, 42
30, 70, 7
30, 72, 7
30, 72, 45
30, 78, 18
30, 83, 30
30, 83, 49
30, 85, 53
30, 90, 11
30, 92, 46
30, 93, 1
30, 93, 3
30, 101, 16
31, 1, 27
31, 4, 36
31, 6, 17
31, 7, 28
31, 9, 4
31, 9, 45
31, 14, 36
31, 15, 21
31, 18, 15
31, 19, 1
31, 21, 46
31, 23, 40
31, 25, 44
31, 31, 2
31, 41, 12
31, 43, 36
31, 44, 1
31, 44, 35
31, 44, 54
31, 49, 15
31, 49, 29
31, 59, 31
31, 65, 39
31, 69, 54
31, 76, 2
31, 80, 47
31, 82, 4
31, 87, 44
31, 88, 27
31, 88, 36
31, 90, 50
31, 94, 14
31, 94, 43
31, 95, 28
31, 99, 15
32, 8, 41
32, 12, 38
32, 13, 17
32, 19, 7
32, 20, 10
32, 28, 6
32, 28, 17
32, 29, 9
32, 30, 1
32, 34, 10
32, 36, 1
32, 43, 48
32, 46, 24
32, 46, 35
32, 48, 32
32, 52, 27
32, 52, 47
32, 53, 15
32, 55, 20
32, 57, 23
32, 58, 18
32, 59, 51
32, 60, 13
32, 62, 5
32, 62, 50
32, 67, 8
32, 67, 56
32, 73, 11
32, 75, 17
32, 77, 1
32, 77, 58
32, 80, 3
32, 83, 24
32, 86, 5
32, 87, 38
32, 93, 20
32, 97, 7
32, 97, 55
32, 99, 15
33, 3, 52
33, 4, 22
33, 4, 46
33, 7, 34
33, 9, 36
33, 13, 15
33, 14, 8
33, 15, 12
33, 18, 18
33, 19, 12
33, 19, 24
33, 19, 55
33, 20, 14
33, 20, 22
33, 23, 55
33, 24, 4
33, 24, 25
33, 24, 52
33, 29, 16
33, 30, 46
33, 33, 43
33, 38, 22
33, 38, 30
33, 44, 5
33, 44, 41
33, 51, 42
33, 52, 14
33, 59, 24
33, 62, 17
33, 65, 42
33, 82, 8
33, 84, 55
33, 86, 13
33, 88, 43
33, 89, 12
33, 89, 14
33, 92, 5
33, 92, 8
33, 92, 18
33, 94, 16
33, 94, 31
33, 99, 29
33, 100, 47
34, 6, 27
34, 10, 45
34, 17, 47
34, 19, 55
34, 21, 47
34, 22, 21
34, 22, 41
34, 33, 52
34, 34, 45
34, 35, 1
34, 35, 43
34, 36, 34
34, 40, 19
34, 42, 51
34, 52, 8
34, 57, 28
34, 59, 31
34, 59, 37
34, 60, 47
34, 63, 36
34, 66, 27
34, 71, 43
34, 73, 8
34, 82, 42
34, 91, 8
34, 91, 32
34, 96, 1
34, 96, 41
34, 99, 13
34, 99, 47
34, 101, 19
35, 4, 54
35, 5, 11
35, 5, 13
35, 5, 40
35, 5, 44
35, 6, 4
35, 7, 51
35, 8, 2
35, 8, 42
35, 9, 40
35, 11, 27
35, 14, 18
35, 18, 24
35, 18, 47
35, 20, 6
35, 25, 18
35, 26, 3
35, 27, 44
35, 33, 36
35, 39, 40
35, 41, 55
35, 42, 16
35, 42, 62
35, 43, 15
35, 44, 22
35, 46, 18
35, 46, 29
35, 50, 27
35, 54, 51
35, 57, 54
35, 59, 44
35, 62, 46
35, 63, 41
35, 63, 52
35, 65, 37
35, 66, 6
35, 70, 51
35, 72, 11
35, 73, 11
35, 74, 31
35, 75, 2
35, 75, 13
35, 77, 11
35, 77, 28
35, 80, 9
35, 80, 34
35, 83, 21
35, 86, 48
35, 88, 11
35, 90, 26
35, 91, 1
35, 92, 37
35, 94, 40
35, 97, 47
35, 97, 55
35, 98, 16
35, 99, 27
35, 100, 23
36, 1, 23
36, 2, 11
36, 2, 31
36, 8, 8
36, 10, 17
36, 11, 56
36, 13, 32
36, 15, 39
36, 17, 2
36, 17, 32
36, 26, 40
36, 26, 52
36, 27, 4
36, 33, 21
36, 34, 53
36, 34, 56
36, 36, 21
36, 36, 53
36, 37, 31
36, 40, 13
36, 46, 32
36, 47, 39
36, 49, 17
36, 51, 3
36, 51, 60
36, 55, 31
36, 56, 23
36, 56, 60
36, 60, 32
36, 61, 3
36, 63, 14
36, 73, 25
36, 80, 25
36, 81, 29
36, 84, 33
36, 85, 39
36, 89, 40
36, 92, 6
36, 92, 21
36, 100, 3
36, 100, 8
36, 100, 22
36, 101, 15
37, 8, 41
37, 9, 38
37, 15, 9
37, 16, 52
37, 19, 8
37, 19, 30
37, 19, 43
37, 22, 32
37, 29, 41
37, 30, 14
37, 30, 26
37, 31, 8
37, 34, 18
37, 35, 26
37, 36, 4
37, 37, 1
37, 37, 24
37, 41, 20
37, 46, 6
37, 50, 6
37, 50, 7
37, 50, 13
37, 50, 33
37, 53, 9
37, 54, 12
37, 55, 30
37, 58, 42
37, 69, 14
37, 69, 58
37, 70, 42
37, 76, 30
37, 76, 35
37, 76, 64
37, 79, 33
37, 81, 20
37, 84, 18
37, 88, 9
37, 88, 26
37, 88, 47
37, 89, 52
37, 90, 41
37, 95, 8
37, 96, 39
37, 96, 49
37, 97, 46
37, 99, 15
37, 101, 1
38, 2, 14
38, 2, 54
38, 4, 5
38, 4, 56
38, 9, 9
38, 9, 19
38, 9, 42
38, 11, 51
38, 15, 29
38, 24, 10
38, 29, 52
38, 30, 43
38, 31, 43
38, 32, 29
38, 37, 9
38, 38, 39
38, 45, 5
38, 46, 15
38, 49, 51
38, 54, 43
38, 55, 20
38, 58, 17
38, 61, 11
38, 68, 3
38, 69, 31
38, 70, 22
38, 71, 10
38, 72, 29
38, 73, 63
38, 80, 6
38, 81, 56
38, 82, 13
38, 82, 54
38, 90, 17
38, 90, 23
38, 90, 35
38, 92, 37
39, 11, 21
39, 11, 40
39, 15, 11
39, 16, 20
39, 17, 40
39, 24, 12
39, 24, 57
39, 25, 30
39, 26, 26
39, 31, 3
39, 31, 47
39, 35, 17
39, 42, 26
39, 44, 43
39, 49, 6
39, 49, 54
39, 51, 20
39, 52, 34
39, 59, 3
39, 60, 2
39, 61, 21
39, 68, 14
39, 68, 36
39, 69, 41
39, 70, 36
39, 74, 43
39, 81, 3
39, 84, 40
39, 92, 17
39, 92, 26
39, 93, 47
39, 97, 10
39, 99, 36
39, 101, 35
40, 3, 3
40, 3, 14
40, 6, 30
40, 6, 53
40, 9, 16
40, 11, 29
40, 13, 25
40, 18, 37
40, 21, 3
40, 21, 30
40, 27, 41
40, 31, 35
40, 34, 42
40, 35, 44
40, 39, 54
40, 40, 14
40, 43, 48
40, 44, 7
40, 48, 33
40, 53, 21
40, 55, 24
40, 59, 27
40, 66, 31
40, 67, 44
40, 68, 16
40, 70, 10
40, 70, 35
40, 71, 3
40, 73, 30
40, 74, 24
40, 77, 8
40, 78, 42
40, 85, 6
40, 85, 37
40, 87, 41
40, 94, 45
41, 1, 26
41, 3, 17
41, 4, 19
41, 4, 50
41, 6, 11
41, 7, 37
41, 8, 8
41, 10, 40
41, 11, 12
41, 18, 52
41, 20, 30
41, 21, 28
41, 23, 14
41, 29, 32
41, 30, 23
41, 36, 3
41, 40, 36
41, 41, 12
41, 46, 25
41, 51, 14
41, 53, 31
41, 55, 1
41, 55, 45
41, 57, 23
41, 60, 59
41, 62, 32
41, 63, 33
41, 64, 17
41, 67, 35
41, 70, 24
41, 70, 40
41, 71, 11
41, 71, 26
41, 72, 54
41, 75, 17
41, 77, 19
41, 77, 23
41, 80, 52
41, 87, 12
41, 88, 21
41, 89, 1
41, 90, 6
41, 92, 50
41, 95, 28
41, 95, 48
41, 99, 5
41, 99, 58
41, 100, 14
42, 4, 27
42, 10, 23
42, 11, 48
42, 12, 39
42, 21, 10
42, 21, 20
42, 24, 30
42, 37, 20
42, 37, 25
42, 42, 45
42, 52, 5
42, 52, 45
42, 52, 53
42, 60, 23
42, 60, 45
42, 63, 55
42, 71, 27
42, 73, 10
42, 73, 30
42, 78, 20
42, 84, 30
42, 92, 32
42, 93, 25
42, 93, 39
42, 96, 23
42, 97, 27
43, 1, 10
43, 1, 51
43, 5, 41
43, 10, 36
43, 22, 41
43, 25, 11
43, 27, 9
43, 27, 38
43, 30, 60
43, 34, 29
43, 36, 14
43, 38, 41
43, 39, 19
43, 39, 51
43, 40, 19
43, 40, 53
43, 44, 18
43, 45, 27
43, 46, 22
43, 47, 52
43, 50, 45
43, 51, 54
43, 52, 15
43, 52, 66
43, 60, 41
43, 61, 8
43, 65, 11
43, 67, 32
43, 68, 51
43, 69, 11
43, 73, 57
43, 79, 9
43, 79, 51
43, 81, 27
43, 85, 38
43, 89, 18
43, 92, 32
43, 97, 16
43, 97, 36
43, 98, 51
43, 99, 41
44, 3, 20
44, 4, 4
44, 7, 11
44, 7, 20
44, 8, 54
44, 13, 44
44, 14, 17
44, 15, 12
44, 19, 24
44, 20, 5
44, 20, 10
44, 21, 21
44, 23, 31
44, 25, 38
44, 29, 24
44, 34, 22
44, 36, 49
44, 38, 5
44, 38, 49
44, 46, 3
44, 46, 55
44, 47, 28
44, 48, 14
44, 50, 60
44, 53, 21
44, 53, 29
44, 57, 2
44, 57, 20
44, 58, 2
44, 59, 34
44, 63, 2
44, 65, 40
44, 71, 24
44, 72, 52
44, 76, 45
44, 80, 3
44, 80, 20
44, 80, 31
44, 84, 23
44, 88, 10
44, 101, 3
45, 2, 7
45, 4, 39
45, 5, 30
45, 5, 47
45, 6, 36
45, 9, 35
45, 11, 35
45, 15, 34
45, 21, 52
45, 22, 11
45, 22, 48
45, 25, 6
45, 27, 8
45, 29, 24
45, 31, 36
45, 33, 3
45, 37, 39
45, 37, 42
45, 40, 20
45, 44, 18
45, 45, 5
45, 45, 30
45, 46, 23
45, 46, 47
45, 49, 26
45, 57, 37
45, 58, 16
45, 59, 47
45, 66, 49
45, 68, 10
45, 68, 41
45, 70, 18
45, 72, 7
45, 80, 35
45, 81, 51
45, 82, 30
45, 83, 1
45, 84, 6
45, 84, 10
45, 87, 2
45, 89, 41
45, 90, 11
45, 90, 52
45, 95, 1
45, 97, 8
45, 98, 36
45, 100, 16
45, 100, 49
46, 2, 22
46, 3, 53
46, 4, 44
46, 5, 33
46, 6, 10
46, 9, 5
46, 9, 32
46, 10, 4
46, 11, 8
46, 11, 16
46, 14, 41
46, 19, 45
46, 23, 1
46, 23, 41
46, 23, 42
46, 23, 51
46, 23, 55
46, 24, 46
46, 26, 61
46, 30, 4
46, 30, 7
46, 30, 52
46, 32, 7
46, 32, 40
46, 33, 17
46, 36, 10
46, 37, 29
46, 38, 57
46, 40, 36
46, 40, 54
46, 42, 32
46, 47, 46
46, 49, 7
46, 50, 12
46, 54, 2
46, 54, 64
46, 57, 33
46, 61, 21
46, 62, 24
46, 65, 1
46, 65, 22
46, 73, 12
46, 75, 40
46, 75, 51
46, 77, 22
46, 77, 41
46, 78, 10
46, 80, 29
46, 89, 44
46, 91, 35
46, 92, 36
46, 95, 46
46, 97, 44
46, 98, 17
46, 98, 61
46, 100, 19
46, 101, 53
46, 101, 57
47, 1, 53
47, 5, 51
47, 6, 41
47, 12, 41
47, 18, 3
47, 18, 13
47, 19, 35
47, 20, 13
47, 26, 4
47, 28, 21
47, 28, 40
47, 29, 13
47, 40, 5
47, 42, 3
47, 42, 14
47, 49, 24
47, 51, 26
47, 55, 40
47, 62, 33
47, 65, 13
47, 69, 18
47, 71, 53
47, 72, 53
47, 80, 31
47, 86, 41
47, 89, 3
47, 90, 14
47, 91, 43
47, 93, 31
47, 94, 33
47, 95, 41
47, 100, 15
48, 3, 35
48, 6, 55
48, 17, 18
48, 21, 17
48, 21, 21
48, 21, 42
48, 21, 48
48, 24, 1
48, 25, 50
48, 26, 38
48, 27, 44
48, 28, 36
48, 29, 11
48, 32, 45
48, 34, 1
48, 34, 3
48, 35, 21
48, 37, 7
48, 37, 20
48, 41, 30
48, 46, 5
48, 46, 37
48, 67, 41
48, 70, 2
48, 73, 7
48, 76, 55
48, 78, 3
48, 78, 13
48, 79, 32
48, 90, 5
48, 92, 31
48, 94, 1
48, 96, 30
48, 100, 38
48, 100, 45
49, 1, 10
49, 1, 34
49, 3, 9
49, 6, 45
49, 7, 40
49, 11, 16
49, 12, 17
49, 12, 27
49, 13, 2
49, 17, 42
49, 22, 4
49, 27, 17
49, 38, 21
49, 41, 9
49, 47, 7
49, 47, 40
49, 51, 8
49, 51, 55
49, 60, 15
49, 63, 16
49, 64, 16
49, 83, 64
49, 84, 42
49, 84, 52
49, 88, 46
49, 89, 57
49, 91, 21
49, 92, 16
49, 92, 27
49, 92, 49
49, 98, 13
50, 4, 43
50, 4, 45
50, 5, 13
50, 7, 23
50, 9, 8
50, 11, 30
50, 17, 36
50, 17, 46
50, 17, 52
50, 19, 18
50, 21, 34
50, 23, 23
50, 25, 25
50, 25, 47
50, 28, 53
50, 29, 8
50, 30, 37
50, 33, 26
50, 40, 38
50, 43, 38
50, 45, 12
50, 47, 57
50, 48, 33
50, 52, 4
50, 52, 32
50, 54, 58
50, 61, 40
50, 64, 43
50, 66, 20
50, 67, 52
50, 68, 50
50, 70, 47
50, 70, 48
50, 74, 55
50, 78, 32
50, 78, 36
50, 78, 54
50, 80, 53
50, 81, 8
50, 82, 42
50, 85, 23
50, 92, 51
51, 4, 53
51, 8, 15
51, 10, 6
51, 14, 6
51, 14, 11
51, 15, 16
51, 15, 49
51, 19, 11
51, 26, 1
51, 27, 37
51, 28, 7
51, 32, 38
51, 34, 22
51, 38, 15
51, 45, 6
51, 46, 32
51, 47, 53
51, 48, 11
51, 51, 43
51, 53, 20
51, 55, 48
51, 63, 16
51, 66, 27
51, 70, 37
51, 80, 17
51, 80, 50
51, 85, 1
51, 87, 51
51, 100, 15
52, 2, 1
52, 4, 39
52, 6, 41
52, 8, 54
52, 9, 47
52, 10, 10
52, 11, 9
52, 13, 38
52, 14, 16
52, 17, 9
52, 21, 19
52, 21, 46
52, 25, 20
52, 25, 34
52, 27, 32
52, 32, 32
52, 34, 23
52, 35, 36
52, 36, 40
52, 38, 10
52, 38, 32
52, 40, 9
52, 41, 12
52, 42, 28
52, 47, 30
52, 49, 23
52, 57, 22
52, 60, 17
52, 61, 4
52, 63, 16
52, 63, 32
52, 69, 38
52, 76, 39
52, 78, 5
52, 80, 17
52, 84, 46
52, 85, 19
52, 90, 10
52, 90, 20
52, 90, 22
52, 90, 43
52, 94, 27
52, 97, 12
52, 98, 47
52, 99, 12
53, 1, 54
53, 5, 20
53, 13, 1
53, 13, 27
53, 16, 52
53, 19, 14
53, 19, 19
53, 28, 13
53, 39, 36
53, 40, 35
53, 42, 47
53, 52, 52
53, 56, 54
53, 57, 30
53, 59, 43
53, 59, 45
53, 60, 21
53, 65, 27
53, 66, 36
53, 73, 28
53, 73, 31
53, 73, 52
53, 77, 20
53, 78, 12
53, 78, 21
53, 81, 38
53, 88, 10
53, 89, 35
53, 90, 1
53, 93, 11
53, 95, 47
53, 96, 39
53, 99, 10
54, 4, 7
54, 4, 42
54, 4, 57
54, 5, 22
54, 7, 49
54, 8, 10
54, 9, 51
54, 10, 13
54, 13, 44
54, 17, 63
54, 19, 1
54, 19, 29
54, 22, 34
54, 24, 25
54, 25, 6
54, 32, 8
54, 32, 49
54, 35, 11
54, 41, 10
54, 41, 30
54, 43, 7
54, 45, 22
54, 47, 16
54, 49, 19
54, 49, 59
54, 52, 42
54, 54, 17
54, 55, 63
54, 64, 4
54, 64, 42
54, 68, 23
54, 69, 3
54, 69, 43
54, 73, 13
54, 77, 49
54, 78, 16
54, 79, 29
54, 79, 46
54, 79, 57
54, 80, 24
54, 82, 17
54, 83, 11
54, 84, 39
54, 87, 21
54, 87, 48
54, 90, 7
54, 95, 44
54, 97, 37
54, 98, 44
55, 2, 20
55, 3, 12
55, 7, 28
55, 7, 36
55, 11, 4
55, 21, 1
55, 23, 9
55, 26, 12
55, 29, 21
55, 31, 38
55, 35, 15
55, 39, 50
55, 40, 60
55, 49, 45
55, 51, 43
55, 59, 36
55, 60, 8
55, 60, 23
55, 60, 56
55, 63, 29
55, 74, 12
55, 86, 46
55, 87, 28
55, 89, 20
55, 89, 28
55, 89, 50
55, 99, 4
56, 2, 36
56, 2, 42
56, 4, 10
56, 5, 44
56, 7, 13
56, 7, 31
56, 11, 2
56, 11, 14
56, 17, 6
56, 17, 25
56, 17, 33
56, 17, 60
56, 24, 14
56, 34, 28
56, 36, 11
56, 36, 38
56, 38, 49
56, 44, 30
56, 44, 44
56, 45, 29
56, 47, 2
56, 51, 27
56, 51, 38
56, 56, 19
56, 63, 45
56, 65, 52
56, 68, 10
56, 70, 25
56, 78, 29
56, 81, 17
56, 81, 49
56, 84, 57
56, 86, 14
56, 97, 2
57, 4, 21
57, 5, 25
57, 11, 23
57, 13, 50
57, 15, 1
57, 15, 35
57, 15, 42
57, 16, 55
57, 19, 32
57, 20, 4
57, 33, 13
57, 33, 21
57, 34, 4
57, 34, 23
57, 35, 27
57, 36, 3
57, 36, 6
57, 47, 16
57, 50, 29
57, 55, 45
57, 57, 51
57, 58, 6
57, 58, 21
57, 63, 21
57, 65, 38
57, 67, 44
57, 69, 52
57, 71, 8
57, 71, 44
57, 72, 1
57, 72, 47
57, 74, 55
57, 76, 39
57, 78, 23
57, 84, 23
57, 84, 41
57, 86, 9
57, 92, 20
57, 92, 42
57, 93, 25
57, 95, 25
57, 98, 21
58, 7, 1
58, 9, 37
58, 9, 50
58, 10, 31
58, 13, 12
58, 15, 38
58, 16, 26
58, 23, 31
58, 23, 46
58, 28, 5
58, 29, 33
58, 37, 10
58, 41, 29
58, 42, 6
58, 42, 45
58, 42, 51
58, 44, 29
58, 46, 22
58, 48, 36
58, 51, 45
58, 52, 31
58, 57, 3
58, 59, 33
58, 60, 44
58, 63, 59
58, 73, 14
58, 83, 12
58, 85, 1
58, 86, 21
58, 86, 51
58, 87, 1
58, 88, 37
58, 90, 26
58, 97, 5
58, 99, 38
58, 101, 51
59, 3, 24
59, 4, 30
59, 8, 5
59, 8, 38
59, 14, 10
59, 14, 51
59, 17, 29
59, 18, 19
59, 23, 14
59, 23, 49
59, 27, 22
59, 31, 45
59, 31, 48
59, 33, 46
59, 36, 23
59, 38, 48
59, 39, 38
59, 44, 9
59, 45, 21
59, 46, 51
59, 55, 24
59, 57, 15
59, 57, 44
59, 58, 17
59, 59, 55
59, 62, 30
59, 63, 45
59, 67, 8
59, 67, 57
59, 68, 54
59, 69, 5
59, 69, 31
59, 70, 21
59, 74, 47
59, 76, 4
59, 78, 30
59, 78, 36
59, 78, 44
59, 79, 38
59, 80, 7
59, 80, 9
59, 86, 29
59, 86, 37
59, 86, 41
59, 88, 21
59, 90, 22
59, 91, 19
59, 93, 28
59, 94, 1
59, 94, 46
59, 95, 14
59, 97, 48
59, 98, 34
59, 100, 1
60, 2, 32
60, 2, 35
60, 8, 20
60, 10, 27
60, 10, 34
60, 12, 11
60, 14, 49
60, 16, 45
60, 18, 56
60, 21, 41
60, 21, 54
60, 22, 32
60, 25, 42
60, 28, 22
60, 31, 38
60, 33, 3
60, 34, 19
60, 36, 2
60, 36, 46
60, 38, 1
60, 46, 51
60, 48, 11
60, 48, 16
60, 48, 37
60, 49, 41
60, 53, 30
60, 54, 7
60, 56, 25
60, 57, 27
60, 58, 27
60, 66, 53
60, 70, 52
60, 72, 32
60, 73, 56
60, 74, 41
60, 83, 38
60, 85, 32
60, 87, 35
60, 95, 35
60, 97, 16
60, 97, 24
60, 99, 12
60, 101, 25
61, 1, 20
61, 2, 6
61, 3, 14
61, 7, 8
61, 9, 28
61, 11, 47
61, 15, 39
61, 16, 13
61, 17, 30
61, 25, 37
61, 25, 43
61, 30, 50
61, 32, 25
61, 35, 21
61, 36, 6
61, 37, 6
61, 37, 35
61, 41, 33
61, 43, 22
61, 45, 59
61, 48, 25
61, 48, 39
61, 49, 24
61, 51, 18
61, 52, 7
61, 55, 11
61, 56, 34
61, 59, 4
61, 64, 28
61, 65, 15
61, 66, 46
61, 68, 50
61, 69, 4
61, 69, 35
61, 69, 37
61, 70, 41
61, 71, 6
61, 71, 30
61, 71, 39
61, 72, 57
61, 78, 13
61, 80, 11
61, 82, 8
61, 87, 27
61, 90, 29
61, 90, 53
61, 94, 43
61, 98, 6
61, 98, 45
61, 98, 47
61, 101, 9
62, 2, 26
62, 17, 9
62, 19, 20
62, 20, 3
62, 23, 7
62, 23, 42
62, 24, 30
62, 27, 38
62, 27, 49
62, 29, 2
62, 31, 8
62, 34, 22
62, 37, 6
62, 40, 31
62, 40, 49
62, 49, 48
62, 52, 38
62, 62, 20
62, 86, 30
62, 90, 31
62, 91, 8
62, 92, 33
63, 1, 11
63, 1, 29
63, 4, 47
63, 7, 50
63, 8, 37
63, 10, 30
63, 11, 22
63, 12, 44
63, 17, 52
63, 18, 22
63, 24, 5
63, 31, 53
63, 32, 30
63, 32, 33
63, 32, 38
63, 33, 19
63, 34, 52
63, 38, 25
63, 38, 39
63, 45, 42
63, 52, 4
63, 53, 12
63, 61, 32
63, 64, 6
63, 65, 15
63, 70, 22
63, 73, 16
63, 75, 24
63, 78, 47
63, 80, 24
63, 81, 29
63, 82, 33
63, 83, 17
63, 84, 43
63, 93, 38
63, 97, 41
64, 3, 20
64, 4, 31
64, 4, 51
64, 10, 29
64, 11, 51
64, 12, 8
64, 12, 11
64, 15, 7
64, 15, 41
64, 15, 48
64, 21, 44
64, 22, 12
64, 22, 47
64, 30, 23
64, 34, 45
64, 43, 49
64, 44, 32
64, 45, 51
64, 47, 19
64, 48, 3
64, 48, 23
64, 49, 5
64, 49, 42
64, 55, 2
64, 55, 16
64, 56, 31
64, 57, 25
64, 59, 21
64, 60, 13
64, 60, 24
64, 60, 38
64, 62, 3
64, 63, 13
64, 64, 11
64, 67, 19
64, 81, 39
64, 81, 49
64, 83, 11
64, 84, 20
64, 86, 13
64, 86, 46
64, 90, 44
64, 91, 49
64, 93, 8
64, 94, 31
64, 96, 51
64, 100, 23
65, 4, 36
65, 7, 6
65, 11, 10
65, 11, 23
65, 12, 14
65, 13, 1
65, 13, 59
65, 26, 27
65, 26, 52
65, 27, 19
65, 27, 36
65, 38, 48
65, 40, 47
65, 45, 13
65, 45, 43
65, 48, 19
65, 52, 14
65, 53, 22
65, 54, 46
65, 59, 40
65, 64, 2
65, 66, 13
65, 66, 23
65, 73, 16
65, 76, 2
65, 79, 36
65, 82, 4
65, 83, 52
65, 85, 22
65, 87, 12
65, 91, 23
65, 92, 1
65, 92, 10
65, 92, 13
66, 1, 2
66, 1, 29
66, 2, 36
66, 5, 39
66, 11, 36
66, 17, 3
66, 19, 25
66, 19, 41
66, 22, 50
66, 30, 51
66, 32, 12
66, 33, 23
66, 34, 50
66, 42, 55
66, 43, 9
66, 43, 44
66, 44, 35
66, 44, 58
66, 47, 3
66, 49, 49
66, 52, 4
66, 52, 42
66, 53, 23
66, 58, 46
66, 64, 29
66, 64, 48
66, 71, 38
66, 72, 12
66, 72, 50
66, 75, 27
66, 75, 29
66, 76, 8
66, 77, 15
66, 78, 37
66, 79, 20
66, 80, 2
66, 87, 37
66, 88, 24
66, 90, 41
66, 94, 33
66, 95, 49
66, 101, 36
67, 1, 9
67, 1, 20
67, 3, 37
67, 8, 41
67, 10, 47
67, 12, 31
67, 17, 32
67, 18, 48
67, 23, 1
67, 23, 19
67, 24, 30
67, 25, 11
67, 25, 15
67, 31, 17
67, 31, 20
67, 31, 50
67, 39, 53
67, 40, 18
67, 41, 23
67, 43, 19
67, 44, 22
67, 44, 43
67, 48, 6
67, 48, 59
67, 50, 12
67, 50, 14
67, 50, 26
67, 57, 4
67, 61, 15
67, 62, 31
67, 63, 11
67, 66, 6
67, 66, 43
67, 70, 20
67, 72, 19
67, 74, 32
67, 74, 37
67, 80, 48
67, 83, 19
67, 87, 57
67, 91, 30
67, 96, 41
67, 96, 56
67, 99, 49
67, 100, 19
68, 1, 8
68, 4, 50
68, 5, 22
68, 5, 35
68, 9, 2
68, 10, 4
68, 10, 18
68, 14, 17
68, 15, 11
68, 15, 33
68, 16, 36
68, 19, 8
68, 19, 27
68, 20, 49
68, 27, 42
68, 27, 44
68, 29, 34
68, 30, 4
68, 35, 29
68, 38, 8
68, 38, 47
68, 39, 60
68, 41, 33
68, 41, 60
68, 54, 16
68, 64, 24
68, 67, 49
68, 71, 14
68, 74, 44
68, 76, 8
68, 78, 16
68, 82, 37
68, 86, 8
68, 86, 18
68, 86, 52
68, 87, 29
68, 89, 1
68, 90, 4
68, 92, 34
68, 94, 40
68, 95, 16
68, 96, 11
68, 96, 29
68, 97, 17
68, 97, 27
68, 97, 36
69, 2, 23
69, 2, 37
69, 8, 33
69, 8, 47
69, 9, 8
69, 12, 38
69, 14, 12
69, 19, 40
69, 22, 9
69, 22, 16
69, 22, 25
69, 22, 30
69, 23, 8
69, 23, 23
69, 24, 21
69, 30, 51
69, 36, 3
69, 36, 52
69, 41, 27
69, 42, 28
69, 44, 21
69, 45, 32
69, 49, 45
69, 49, 57
69, 51, 20
69, 58, 39
69, 58, 49
69, 59, 38
69, 60, 15
69, 66, 57
69, 67, 37
69, 69, 4
69, 69, 55
69, 73, 7
69, 73, 12
69, 73, 40
69, 75, 8
69, 76, 28
69, 80, 41
69, 80, 49
69, 82, 47
69, 84, 30
69, 88, 16
69, 89, 45
69, 90, 39
69, 96, 25
69, 96, 51
69, 97, 32
69, 101, 9
70, 1, 43
70, 4, 33
70, 6, 34
70, 9, 8
70, 9, 30
70, 9, 42
70, 12, 3
70, 28, 22
70, 33, 12
70, 38, 7
70, 50, 45
70, 51, 7
70, 51, 25
70, 55, 50
70, 56, 25
70, 60, 19
70, 66, 43
70, 71, 3
70, 73, 26
70, 78, 2
70, 86, 3
70, 89, 14
70, 99, 8
71, 1, 49
71, 6, 17
71, 7, 54
71, 11, 44
71, 12, 1
71, 12, 32
71, 17, 27
71, 19, 9
71, 21, 42
71, 31, 6
71, 33, 37
71, 33, 44
71, 34, 16
71, 35, 22
71, 35, 26
71, 35, 37
71, 35, 40
71, 36, 48
71, 39, 26
71, 44, 25
71, 53, 9
71, 53, 50
71, 59, 43
71, 61, 43
71, 62, 28
71, 63, 45
71, 64, 32
71, 65, 24
71, 77, 12
71, 78, 19
71, 78, 57
71, 84, 57
71, 85, 40
71, 87, 42
71, 87, 54
71, 93, 1
71, 93, 59
71, 95, 27
71, 96, 32
71, 100, 8
71, 101, 17
71, 101, 42
72, 13, 33
72, 16, 24
72, 19, 15
72, 25, 15
72, 38, 29
72, 41, 53
72, 58, 2
72, 60, 8
72, 60, 55
72, 65, 49
72, 75, 43
72, 78, 13
72, 84, 25
72, 86, 23
72, 86, 34
72, 88, 26
72, 90, 24
72, 95, 15
72, 95, 23
72, 97, 26
72, 98, 33
73, 2, 13
73, 2, 23
73, 3, 16
73, 3, 18
73, 3, 24
73, 4, 4
73, 7, 8
73, 7, 12
73, 8, 19
73, 8, 60
73, 9, 24
73, 9, 44
73, 9, 47
73, 14, 28
73, 15, 23
73, 18, 26
73, 18, 44
73, 26, 45
73, 38, 32
73, 39, 14
73, 39, 21
73, 39, 45
73, 40, 39
73, 41, 24
73, 43, 21
73, 44, 41
73, 45, 25
73, 46, 39
73, 47, 36
73, 48, 8
73, 48, 24
73, 51, 43
73, 54, 13
73, 54, 15
73, 55, 9
73, 59, 28
73, 60, 13
73, 65, 5
73, 65, 16
73, 65, 56
73, 67, 13
73, 67, 59
73, 69, 35
73, 71, 6
73, 72, 18
73, 76, 24
73, 76, 43
73, 80, 12
73, 81, 38
73, 81, 47
73, 82, 4
73, 90, 4
73, 90, 8
73, 90, 49
73, 91, 58
73, 95, 8
74, 7, 16
74, 9, 32
74, 12, 28
74, 12, 35
74, 15, 14
74, 15, 51
74, 17, 17
74, 23, 53
74, 24, 14
74, 24, 15
74, 24, 33
74, 27, 23
74, 31, 50
74, 45, 1
74, 45, 14
74, 45, 31
74, 57, 46
74, 59, 37
74, 60, 55
74, 65, 29
74, 65, 37
74, 67, 26
74, 70, 27
74, 74, 32
74, 76, 5
74, 78, 2
74, 78, 39
74, 79, 42
74, 80, 34
74, 85, 16
74, 86, 8
74, 88, 6
74, 88, 53
74, 95, 16
75, 2, 38
75, 5, 8
75, 5, 20
75, 5, 31
75, 5, 49
75, 16, 8
75, 20, 6
75, 21, 29
75, 29, 17
75, 32, 13
75, 34, 41
75, 36, 4
75, 36, 27
75, 37, 48
75, 38, 20
75, 40, 60
75, 44, 22
75, 47, 34
75, 48, 30
75, 50, 21
75, 51, 27
75, 51, 45
75, 51, 57
75, 60, 3
75, 60, 24
75, 60, 29
75, 62, 28
75, 63, 41
75, 66, 30
75, 68, 21
75, 68, 42
75, 74, 49
75, 84, 61
75, 86, 30
75, 92, 18
75, 96, 41
75, 98, 13
76, 1, 35
76, 1, 47
76, 3, 47
76, 5, 5
76, 7, 19
76, 7, 48
76, 11, 10
76, 11, 16
76, 11, 46
76, 11, 52
76, 14, 9
76, 19, 38
76, 24, 60
76, 31, 4
76, 36, 44
76, 40, 41
76, 44, 41
76, 45, 5
76, 46, 24
76, 46, 32
76, 53, 21
76, 54, 21
76, 59, 9
76, 61, 35
76, 63, 8
76, 65, 16
76, 67, 8
76, 68, 31
76, 73, 35
76, 76, 51
76, 80, 26
76, 80, 28
76, 80, 31
76, 82, 19
76, 82, 52
76, 84, 47
76, 89, 19
76, 95, 48
76, 95, 49
76, 96, 44
76, 101, 46
77, 3, 35
77, 4, 54
77, 8, 42
77, 20, 6
77, 21, 20
77, 22, 1
77, 22, 45
77, 27, 9
77, 28, 14
77, 28, 50
77, 29, 44
77, 40, 9
77, 42, 17
77, 44, 8
77, 48, 19
77, 51, 45
77, 53, 5
77, 57, 7
77, 67, 4
77, 67, 35
77, 69, 11
77, 69, 41
77, 72, 19
77, 77, 50
77, 82, 2
77, 82, 42
77, 83, 45
77, 86, 42
77, 87, 9
77, 90, 13
77, 92, 45
77, 92, 47
77, 94, 37
77, 96, 30
77, 97, 37
77, 98, 50
77, 99, 5
77, 99, 17
78, 2, 6
78, 4, 27
78, 5, 21
78, 6, 10
78, 6, 41
78, 7, 1
78, 8, 30
78, 9, 36
78, 12, 29
78, 16, 45
78, 16, 49
78, 17, 43
78, 18, 39
78, 19, 55
78, 21, 6
78, 23, 23
78, 34, 33
78, 35, 47
78, 36, 7
78, 36, 18
78, 45, 30
78, 46, 51
78, 51, 59
78, 55, 31
78, 56, 41
78, 57, 46
78, 60, 25
78, 68, 5
78, 72, 23
78, 73, 1
78, 77, 35
78, 80, 21
78, 85, 23
78, 86, 41
78, 87, 4
78, 87, 43
78, 87, 49
78, 90, 8
78, 98, 25
78, 100, 14
79, 1, 49
79, 4, 8
79, 6, 36
79, 9, 16
79, 9, 45
79, 11, 30
79, 16, 33
79, 17, 51
79, 26, 3
79, 27, 32
79, 29, 44
79, 30, 32
79, 33, 12
79, 33, 16
79, 33, 31
79, 35, 18
79, 35, 37
79, 38, 11
79, 38, 54
79, 46, 55
79, 54, 27
79, 58, 35
79, 58, 50
79, 59, 21
79, 59, 38
79, 67, 56
79, 69, 15
79, 72, 4
79, 73, 8
79, 77, 31
79, 81, 49
79, 82, 46
79, 90, 18
79, 94, 16
79, 94, 32
79, 95, 12
79, 95, 55
79, 97, 26
79, 99, 3
79, 99, 51
79, 101, 35
79, 101, 36
80, 11, 21
80, 16, 18
80, 27, 19
80, 29, 24
80, 29, 48
80, 30, 58
80, 32, 20
80, 35, 19
80, 37, 41
80, 38, 39
80, 43, 22
80, 45, 30
80, 48, 14
80, 52, 25
80, 57, 44
80, 59, 7
80, 61, 13
80, 61, 53
80, 63, 38
80, 65, 10
80, 72, 21
80, 73, 35
80, 74, 41
80, 75, 32
80, 76, 20
80, 78, 5
80, 83, 22
80, 84, 51
80, 95, 25
81, 2, 19
81, 2, 23
81, 2, 27
81, 6, 4
81, 7, 54
81, 11, 33
81, 11, 48
81, 15, 6
81, 19, 9
81, 20, 34
81, 25, 51
81, 32, 27
81, 35, 8
81, 36, 12
81, 36, 31
81, 38, 22
81, 39, 5
81, 39, 39
81, 40, 18
81, 42, 4
81, 42, 36
81, 44, 20
81, 44, 32
81, 47, 27
81, 48, 4
81, 50, 35
81, 51, 8
81, 57, 7
81, 57, 19
81, 58, 18
81, 61, 6
81, 63, 31
81, 63, 52
81, 66, 39
81, 69, 37
81, 70, 9
81, 73, 48
81, 78, 28
81, 81, 23
81, 92, 31
81, 99, 8
81, 99, 34
81, 99, 35
81, 100, 4
82, 1, 11
82, 1, 49
82, 2, 3
82, 9, 25
82, 14, 50
82, 16, 20
82, 25, 19
82, 26, 49
82, 29, 27
82, 29, 29
82, 31, 40
82, 36, 50
82, 45, 3
82, 46, 25
82, 50, 41
82, 52, 5
82, 64, 20
82, 65, 53
82, 66, 27
82, 67, 42
82, 81, 3
82, 83, 15
82, 84, 27
82, 86, 7
82, 87, 7
82, 89, 4
82, 93, 25
82, 95, 20
82, 95, 49
82, 97, 5
83, 1, 15
83, 4, 45
83, 14, 38
83, 16, 18
83, 17, 34
83, 24, 17
83, 24, 54
83, 25, 42
83, 27, 21
83, 36, 11
83, 36, 51
83, 40, 9
83, 42, 56
83, 43, 18
83, 45, 31
83, 48, 46
83, 50, 12
83, 55, 19
83, 57, 33
83, 58, 2
83, 58, 42
83, 60, 1
83, 61, 29
83, 62, 40
83, 64, 21
83, 65, 9
83, 65, 29
83, 66, 15
83, 66, 23
83, 68, 45
83, 69, 20
83, 79, 5
83, 79, 17
83, 80, 34
83, 83, 5
83, 85, 32
83, 88, 47
83, 89, 20
83, 90, 56
83, 92, 16
83, 94, 28
83, 97, 13
83, 100, 42
83, 101, 47
84, 1, 2
84, 2, 43
84, 3, 25
84, 7, 6
84, 7, 9
84, 8, 15
84, 9, 4
84, 10, 13
84, 10, 47
84, 12, 31
84, 13, 13
84, 16, 49
84, 17, 16
84, 18, 32
84, 19, 29
84, 20, 39
84, 22, 9
84, 25, 3
84, 25, 43
84, 27, 28
84, 27, 45
84, 32, 13
84, 34, 54
84, 35, 14
84, 36, 22
84, 36, 28
84, 36, 49
84, 40, 60
84, 43, 8
84, 43, 11
84, 44, 53
84, 47, 43
84, 55, 42
84, 58, 30
84, 59, 31
84, 59, 47
84, 67, 25
84, 67, 41
84, 67, 55
84, 68, 30
84, 69, 13
84, 70, 10
84, 70, 42
84, 70, 45
84, 71, 2
84, 73, 15
84, 76, 4
84, 77, 54
84, 81, 12
84, 85, 11
84, 86, 15
84, 91, 13
84, 92, 37
84, 93, 47
84, 95, 25
84, 96, 20
84, 99, 28
84, 100, 22
85, 7, 1
85, 7, 21
85, 12, 32
85, 12, 38
85, 13, 36
85, 14, 20
85, 15, 23
85, 16, 27
85, 19, 16
85, 19, 56
85, 21, 13
85, 21, 28
85, 24, 7
85, 24, 21
85, 28, 57
85, 31, 5
85, 35, 32
85, 40, 11
85, 47, 6
85, 49, 35
85, 56, 8
85, 63, 35
85, 66, 16
85, 66, 23
85, 68, 32
85, 73, 9
85, 75, 12
85, 75, 21
85, 84, 27
85, 86, 52
85, 87, 10
85, 93, 38
85, 95, 13
85, 95, 36
86, 4, 52
86, 11, 37
86, 16, 15
86, 19, 3
86, 19, 52
86, 20, 56
86, 21, 26
86, 25, 18
86, 28, 13
86, 32, 40
86, 32, 42
86, 34, 26
86, 36, 48
86, 45, 41
86, 47, 33
86, 52, 26
86, 54, 12
86, 55, 40
86, 57, 37
86, 58, 19
86, 64, 28
86, 75, 3
86, 82, 14
86, 87, 38
86, 96, 21
86, 96, 41
86, 101, 12
87, 1, 50
87, 6, 11
87, 7, 29
87, 7, 34
87, 10, 37
87, 14, 1
87, 15, 33
87, 16, 11
87, 19, 33
87, 21, 11
87, 23, 32
87, 25, 10
87, 29, 23
87, 31, 47
87, 35, 37
87, 35, 40
87, 41, 44
87, 43, 14
87, 46, 6
87, 47, 11
87, 51, 36
87, 52, 47
87, 56, 16
87, 59, 41
87, 64, 54
87, 66, 20
87, 70, 51
87, 71, 50
87, 73, 21
87, 73, 32
87, 82, 32
87, 90, 43
87, 95, 33
87, 97, 43
87, 98, 51
87, 99, 46
88, 1, 20
88, 6, 23
88, 10, 27
88, 11, 6
88, 11, 46
88, 12, 47
88, 20, 22
88, 25, 35
88, 29, 13
88, 29, 52
88, 33, 33
88, 35, 22
88, 36, 11
88, 37, 2
88, 38, 49
88, 41, 5
88, 42, 14
88, 45, 18
88, 45, 48
88, 46, 6
88, 49, 39
88, 50, 22
88, 56, 36
88, 59, 3
88, 59, 20
88, 60, 40
88, 60, 52
88, 65, 46
88, 68, 52
88, 71, 7
88, 71, 37
88, 71, 45
88, 73, 44
88, 75, 13
88, 76, 13
88, 77, 42
88, 80, 31
88, 84, 52
88, 84, 68
88, 86, 22
88, 87, 7
88, 87, 12
88, 89, 5
88, 89, 63
88, 92, 21
88, 98, 7
89, 1, 34
89, 1, 47
89, 2, 42
89, 3, 1
89, 3, 16
89, 5, 27
89, 6, 5
89, 13, 14
89, 13, 22
89, 13, 57
89, 16, 38
89, 17, 36
89, 19, 7
89, 23, 20
89, 25, 35
89, 26, 53
89, 27, 19
89, 27, 38
89, 31, 44
89, 32, 9
89, 35, 5
89, 35, 37
89, 35, 46
89, 37, 8
89, 37, 34
89, 37, 36
89, 42, 42
89, 44, 7
89, 49, 22
89, 52, 27
89, 53, 29
89, 68, 20
89, 72, 20
89, 74, 36
89, 81, 3
89, 84, 47
89, 87, 44
89, 88, 5
89, 94, 6
89, 94, 37
89, 95, 57
89, 97, 17
89, 97, 34
89, 98, 16
89, 101, 35
89, 101, 36
90, 3, 32
90, 6, 13
90, 7, 40
90, 11, 37
90, 14, 17
90, 22, 21
90, 25, 42
90, 28, 70
90, 30, 43
90, 31, 52
90, 34, 19
90, 34, 23
90, 40, 35
90, 41, 17
90, 41, 37
90, 43, 48
90, 45, 8
90, 46, 18
90, 52, 42
90, 52, 49
90, 63, 37
90, 65, 44
90, 65, 52
90, 67, 12
90, 67, 51
90, 68, 17
90, 68, 21
90, 71, 40
90, 72, 7
90, 73, 28
90, 75, 28
90, 78, 42
90, 81, 42
90, 82, 7
90, 82, 27
90, 86, 17
90, 86, 33
90, 88, 32
90, 88, 43
90, 89, 55
90, 93, 17
90, 96, 42
90, 100, 26
91, 3, 5
91, 3, 10
91, 3, 29
91, 5, 42
91, 10, 14
91, 13, 9
91, 13, 32
91, 15, 1
91, 15, 52
91, 17, 24
91, 19, 34
91, 20, 13
91, 21, 13
91, 25, 10
91, 25, 45
91, 26, 4
91, 29, 11
91, 29, 27
91, 31, 27
91, 33, 33
91, 34, 13
91, 38, 26
91, 39, 42
91, 48, 36
91, 49, 34
91, 54, 7
91, 56, 19
91, 57, 53
91, 68, 45
91, 71, 43
91, 73, 22
91, 79, 49
91, 80, 13
91, 80, 28
91, 81, 1
91, 81, 34
91, 86, 10
91, 86, 52
91, 92, 9
91, 94, 43
91, 97, 4
91, 98, 52
92, 5, 16
92, 9, 42
92, 11, 51
92, 12, 24
92, 16, 11
92, 17, 47
92, 18, 13
92, 23, 14
92, 26, 32
92, 43, 38
92, 45, 51
92, 46, 22
92, 47, 57
92, 52, 42
92, 55, 46
92, 56, 46
92, 57, 3
92, 59, 21
92, 60, 32
92, 61, 8
92, 64, 24
92, 66, 1
92, 66, 10
92, 66, 42
92, 69, 7
92, 72, 30
92, 73, 47
92, 75, 12
92, 78, 16
92, 78, 51
92, 79, 24
92, 81, 24
92, 84, 11
92, 92, 14
92, 98, 6
93, 6, 21
93, 6, 49
93, 7, 1
93, 8, 8
93, 10, 28
93, 12, 55
93, 13, 21
93, 15, 49
93, 16, 27
93, 16, 49
93, 16, 52
93, 17, 31
93, 18, 27
93, 20, 5
93, 21, 5
93, 22, 18
93, 27, 21
93, 30, 46
93, 33, 33
93, 43, 8
93, 46, 29
93, 50, 31
93, 52, 45
93, 54, 12
93, 54, 36
93, 56, 3
93, 56, 35
93, 57, 46
93, 59, 44
93, 71, 24
93, 72, 54
93, 72, 60
93, 73, 5
93, 74, 24
93, 79, 44
93, 80, 24
93, 86, 15
93, 88, 8
93, 96, 2
93, 97, 35
94, 1, 9
94, 4, 29
94, 4, 47
94, 5, 51
94, 11, 40
94, 17, 42
94, 22, 18
94, 23, 19
94, 25, 25
94, 27, 13
94, 28, 40
94, 40, 36
94, 45, 28
94, 46, 23
94, 49, 33
94, 49, 57
94, 54, 3
94, 56, 13
94, 56, 25
94, 56, 42
94, 58, 22
94, 62, 16
94, 65, 31
94, 68, 46
94, 69, 2
94, 77, 4
94, 77, 9
94, 78, 33
94, 80, 55
94, 85, 32
94, 86, 28
94, 89, 28
94, 92, 25
94, 94, 22
94, 94, 52
94, 101, 15
95, 3, 21
95, 8, 19
95, 9, 45
95, 11, 31
95, 13, 2
95, 14, 18
95, 18, 30
95, 24, 31
95, 24, 52
95, 27, 38
95, 30, 1
95, 31, 15
95, 35, 1
95, 37, 39
95, 39, 12
95, 41, 24
95, 49, 13
95, 50, 35
95, 53, 27
95, 54, 45
95, 55, 16
95, 56, 15
95, 61, 38
95, 65, 30
95, 68, 6
95, 68, 49
95, 82, 34
95, 82, 53
95, 88, 5
95, 90, 21
95, 90, 29
95, 90, 38
95, 91, 19
95, 91, 47
95, 95, 31
95, 97, 8
95, 98, 35
96, 1, 27
96, 1, 55
96, 11, 3
96, 14, 44
96, 15, 39
96, 16, 47
96, 23, 40
96, 24, 42
96, 25, 43
96, 27, 4
96, 28, 13
96, 28, 51
96, 30, 28
96, 30, 48
96, 32, 20
96, 33, 22
96, 33, 52
96, 34, 11
96, 36, 5
96, 38, 47
96, 39, 23
96, 43, 17
96, 49, 40
96, 51, 34
96, 56, 12
96, 59, 7
96, 59, 41
96, 61, 26
96, 64, 2
96, 73, 45
96, 79, 43
96, 80, 39
96, 82, 15
96, 86, 3
96, 90, 6
96, 92, 25
96, 97, 12
96, 97, 27
96, 98, 11
96, 101, 8
96, 101, 42
96, 101, 47
97, 1, 33
97, 3, 49
97, 6, 11
97, 10, 36
97, 16, 34
97, 18, 26
97, 19, 31
97, 22, 36
97, 22, 39
97, 23, 49
97, 31, 15
97, 32, 16
97, 32, 28
97, 33, 36
97, 36, 34
97, 37, 14
97, 44, 18
97, 44, 34
97, 47, 9
97, 47, 21
97, 53, 19
97, 55, 45
97, 56, 49
97, 62, 11
97, 62, 38
97, 63, 29
97, 67, 44
97, 69, 39
97, 70, 24
97, 71, 1
97, 76, 2
97, 84, 6
97, 84, 19
97, 85, 27
97, 88, 7
97, 97, 21
97, 97, 39
97, 98, 31
97, 101, 38
98, 3, 30
98, 4, 39
98, 8, 54
98, 9, 40
98, 18, 66
98, 23, 2
98, 32, 31
98, 33, 52
98, 38, 29
98, 42, 17
98, 42, 48
98, 42, 51
98, 44, 30
98, 49, 1
98, 49, 48
98, 50, 43
98, 52, 14
98, 58, 49
98, 60, 22
98, 62, 30
98, 63, 17
98, 64, 2
98, 67, 47
98, 69, 18
98, 70, 7
98, 70, 36
98, 71, 27
98, 80, 53
98, 84, 40
98, 88, 21
98, 88, 33
98, 89, 26
98, 90, 43
98, 95, 13
98, 98, 4
98, 98, 54
99, 1, 43
99, 11, 45
99, 12, 12
99, 17, 17
99, 21, 1
99, 21, 42
99, 25, 6
99, 25, 45
99, 26, 8
99, 30, 7
99, 32, 20
99, 37, 20
99, 49, 43
99, 51, 3
99, 51, 34
99, 58, 35
99, 63, 20
99, 66, 8
99, 69, 17
99, 70, 34
99, 70, 47
99, 73, 9
99, 74, 32
99, 77, 22
99, 80, 31
99, 82, 34
99, 83, 53
99, 89, 7
99, 89, 31
99, 92, 6
99, 96, 28
99, 99, 49
100, 2, 13
100, 5, 33
100, 6, 16
100, 6, 36
100, 7, 5
100, 7, 41
100, 7, 42
100, 11, 22
100, 13, 32
100, 20, 51
100, 23, 44
100, 28, 8
100, 35, 1
100, 38, 13
100, 39, 26
100, 48, 13
100, 49, 15
100, 57, 1
100, 57, 30
100, 59, 1
100, 59, 10
100, 63, 8
100, 63, 39
100, 65, 33
100, 66, 12
100, 68, 48
100, 72, 26
100, 72, 48
100, 74, 31
100, 78, 36
100, 80, 52
100, 83, 24
100, 84, 38
100, 92, 5
100, 95, 41
100, 98, 44
100, 99, 1
100, 100, 31
101, 3, 4
101, 4, 5
101, 6, 45
101, 8, 47
101, 10, 40
101, 11, 19
101, 12, 24
101, 12, 55
101, 16, 25
101, 16, 48
101, 17, 16
101, 21, 21
101, 27, 11
101, 35, 23
101, 37, 13
101, 38, 51
101, 40, 38
101, 42, 45
101, 50, 40
101, 52, 34
101, 60, 14
101, 62, 32
101, 63, 14
101, 66, 24
101, 68, 34
101, 74, 52
101, 75, 42
101, 80, 38
101, 81, 45
101, 88, 26
101, 89, 45
101, 90, 25
101, 91, 14
101, 96, 39
101, 97, 11
101, 97, 16
101, 97, 55
101, 100, 47
