1, 2, 8
1, 11, 16
1, 11, 31
1, 11, 45
1, 14, 7
1, 15, 33
1, 16, 28
1, 16, 52
1, 17, 9
1, 20, 17
1, 23, 32
1, 23, 42
1, 31, 51
1, 33, 10
1, 34, 4
1, 36, 3
1, 38, 38
1, 41, 21
1, 41, 51
1, 50, 25
1, 53, 14
1, 53, 25
1, 60, 16
1, 65, 8
1, 67, 3
1, 67, 29
1, 67, 56
1, 68, 38
1, 69, 45
1, 70, 40
1, 71, 32
1, 74, 17
1, 75, 31
1, 77, 25
1, 78, 5
1, 79, 39
1, 80, 50
1, 82, 53
1, 86, 16
1, 86, 52
1, 87, 7
1, 92, 42
1, 95, 31
1, 97, 17
1, 98, 12
2, 1, 23
2, 1, 25
2, 2, 20
2, 2, 38
2, 3, 5
2, 4, 10
2, 8, 43
2, 13, 40
2, 14, 24
2, 14, 51
2, 17, 8
2, 18, 25
2, 18, 35
2, 21, 33
2, 24, 26
2, 25, 1
2, 25, 9
2, 25, 24
2, 28, 44
2, 30, 2
2, 31, 32
2, 32, 25
2, 34, 2
2, 39, 7
2, 39, 31
2, 41, 34
2, 46, 23
2, 48, 16
2, 48, 51
2, 51, 20
2, 55, 5
2, 55, 7
2, 57, 47
2, 60, 7
2, 61, 43
2, 65, 19
2, 68, 22
2, 68, 45
2, 71, 10
2, 72, 9
2, 74, 55
2, 75, 42
2, 77, 4
2, 80, 9
2, 86, 1
2, 96, 22
2, 96, 24
2, 98, 7
2, 99, 17
2, 99, 50
2, 100, 4
2, 100, 35
2, 100, 40
3, 1, 29
3, 2, 13
3, 2, 16
3, 4, 31
3, 6, 5
3, 6, 15
3, 6, 36
3, 11, 28
3, 11, 40
3, 15, 39
3, 17, 9
3, 18, 39
3, 18, 42
3, 19, 3
3, 19, 44
3, 21, 32
3, 22, 23
3, 27, 45
3, 33, 8
3, 34, 18
3, 35, 22
3, 38, 11
3, 39, 21
3, 43, 8
3, 43, 13
3, 44, 23
3, 45, 5
3, 46, 2
3, 47, 33
3, 56, 17
3, 56, 19
3, 58, 32
3, 62, 2
3, 62, 21
3, 63, 9
3, 67, 10
3, 67, 28
3, 69, 31
3, 69, 52
3, 72, 60
3, 73, 29
3, 75, 53
3, 77, 27
3, 78, 16
3, 78, 18
3, 79, 45
3, 80, 47
3, 88, 36
3, 88, 39
3, 89, 13
3, 90, 4
3, 92, 53
4, 1, 12
4, 1, 43
4, 9, 46
4, 10, 14
4, 10, 42
4, 11, 1
4, 13, 21
4, 14, 48
4, 15, 5
4, 16, 48
4, 21, 26
4, 26, 24
4, 31, 6
4, 37, 42
4, 42, 32
4, 44, 32
4, 44, 35
4, 48, 34
4, 65, 15
4, 66, 42
4, 67, 26
4, 67, 52
4, 72, 48
4, 74, 35
4, 78, 43
4, 79, 24
4, 80, 5
4, 83, 35
4, 84, 28
4, 87, 11
4, 89, 35
4, 101, 26
4, 101, 32
5, 1, 37
5, 3, 23
5, 12, 50
5, 25, 13
5, 27, 39
5, 29, 51
5, 31, 17
5, 39, 26
5, 50, 11
5, 51, 18
5, 51, 42
5, 53, 49
5, 60, 38
5, 62, 41
5, 64, 21
5, 64, 31
5, 69, 17
5, 74, 51
5, 76, 15
5, 77, 11
5, 81, 22
5, 87, 31
5, 87, 49
5, 89, 17
5, 91, 46
5, 92, 6
5, 94, 20
5, 96, 50
5, 97, 13
5, 97, 41
6, 2, 9
6, 2, 57
6, 4, 45
6, 5, 34
6, 6, 19
6, 8, 13
6, 8, 20
6, 9, 16
6, 15, 7
6, 15, 40
6, 15, 43
6, 16, 25
6, 19, 36
6, 21, 25
6, 22, 11
6, 24, 45
6, 26, 54
6, 28, 54
6, 33, 36
6, 35, 11
6, 35, 57
6, 39, 47
6, 43, 4
6, 43, 8
6, 43, 52
6, 44, 10
6, 44, 56
6, 45, 32
6, 46, 13
6, 47, 42
6, 50, 31
6, 52, 36
6, 55, 22
6, 58, 40
6, 62, 15
6, 62, 38
6, 63, 27
6, 66, 31
6, 72, 7
6, 72, 32
6, 75, 13
6, 76, 5
6, 76, 29
6, 82, 9
6, 83, 14
6, 85, 9
6, 86, 43
6, 90, 6
6, 92, 30
6, 93, 38
6, 95, 27
6, 96, 20
6, 99, 36
6, 99, 53
6, 100, 9
6, 101, 16
6, 101, 36
7, 1, 7
7, 2, 40
7, 6, 5
7, 8, 10
7, 9, 15
7, 13, 9
7, 19, 2
7, 19, 23
7, 23, 13
7, 25, 22
7, 25, 26
7, 26, 48
7, 27, 37
7, 35, 15
7, 37, 7
7, 38, 28
7, 38, 39
7, 39, 35
7, 40, 21
7, 41, 48
7, 48, 43
7, 52, 5
7, 56, 48
7, 59, 43
7, 63, 11
7, 64, 40
7, 68, 32
7, 73, 45
7, 76, 9
7, 77, 4
7, 77, 5
7, 80, 23
7, 80, 47
7, 83, 26
7, 87, 21
7, 91, 13
7, 93, 26
7, 94, 24
7, 94, 37
7, 101, 17
8, 2, 37
8, 4, 33
8, 6, 10
8, 7, 34
8, 10, 30
8, 11, 15
8, 17, 7
8, 17, 36
8, 17, 51
8, 18, 44
8, 19, 62
8, 24, 31
8, 26, 42
8, 28, 4
8, 28, 57
8, 39, 33
8, 39, 54
8, 42, 3
8, 43, 48
8, 44, 41
8, 45, 5
8, 50, 43
8, 55, 61
8, 65, 14
8, 66, 39
8, 72, 21
8, 77, 48
8, 81, 33
8, 85, 36
8, 86, 57
8, 88, 10
8, 88, 51
8, 89, 16
8, 90, 43
8, 91, 45
8, 94, 41
8, 95, 34
8, 96, 44
8, 97, 15
9, 1, 20
9, 1, 48
9, 2, 1
9, 2, 49
9, 7, 8
9, 8, 31
9, 8, 54
9, 9, 17
9, 10, 13
9, 10, 24
9, 15, 45
9, 16, 39
9, 17, 23
9, 21, 4
9, 21, 36
9, 21, 41
9, 22, 28
9, 23, 18
9, 24, 60
9, 26, 32
9, 28, 44
9, 30, 28
9, 32, 14
9, 34, 25
9, 35, 14
9, 36, 6
9, 38, 52
9, 41, 16
9, 49, 6
9, 53, 23
9, 54, 27
9, 55, 36
9, 57, 23
9, 57, 33
9, 59, 18
9, 60, 44
9, 63, 24
9, 63, 36
9, 66, 19
9, 68, 16
9, 68, 19
9, 68, 20
9, 68, 46
9, 72, 8
9, 73, 6
9, 75, 45
9, 78, 13
9, 79, 17
9, 90, 32
9, 92, 6
9, 92, 21
9, 92, 27
9, 93, 28
9, 94, 44
9, 97, 40
9, 99, 5
9, 99, 11
9, 100, 25
9, 101, 20
10, 4, 29
10, 4, 58
10, 6, 61
10, 7, 11
10, 7, 26
10, 9, 3
10, 15, 2
10, 20, 10
10, 22, 25
10, 22, 51
10, 23, 55
10, 25, 3
10, 25, 4
10, 28, 8
10, 28, 47
10, 29, 11
10, 32, 13
10, 34, 10
10, 34, 46
10, 35, 1
10, 35, 29
10, 37, 20
10, 39, 6
10, 39, 41
10, 39, 43
10, 43, 37
10, 44, 58
10, 47, 15
10, 47, 38
10, 47, 54
10, 48, 40
10, 49, 32
10, 49, 47
10, 51, 20
10, 51, 43
10, 54, 49
10, 56, 23
10, 56, 32
10, 56, 46
10, 57, 2
10, 58, 29
10, 59, 10
10, 60, 37
10, 65, 11
10, 65, 48
10, 68, 36
10, 74, 8
10, 75, 43
10, 83, 1
10, 91, 36
10, 99, 61
11, 4, 3
11, 4, 52
11, 7, 6
11, 10, 20
11, 16, 23
11, 18, 3
11, 18, 29
11, 21, 3
11, 21, 34
11, 23, 19
11, 23, 30
11, 26, 27
11, 27, 21
11, 27, 33
11, 28, 22
11, 29, 29
11, 30, 5
11, 35, 26
11, 37, 22
11, 41, 35
11, 41, 53
11, 42, 21
11, 44, 25
11, 45, 33
11, 48, 31
11, 52, 3
11, 54, 4
11, 54, 52
11, 58, 31
11, 60, 10
11, 61, 21
11, 63, 1
11, 64, 62
11, 69, 34
11, 69, 48
11, 72, 2
11, 72, 46
11, 78, 29
11, 80, 16
11, 80, 33
11, 81, 27
11, 83, 40
11, 86, 34
11, 87, 22
11, 88, 21
11, 89, 6
11, 94, 52
11, 95, 3
12, 2, 27
12, 2, 32
12, 2, 57
12, 3, 22
12, 6, 37
12, 7, 13
12, 7, 47
12, 16, 27
12, 17, 23
12, 19, 15
12, 19, 19
12, 19, 27
12, 20, 13
12, 20, 21
12, 23, 17
12, 42, 7
12, 43, 12
12, 47, 7
12, 49, 39
12, 51, 21
12, 58, 26
12, 63, 43
12, 66, 3
12, 66, 57
12, 73, 39
12, 74, 11
12, 75, 7
12, 75, 12
12, 75, 22
12, 77, 36
12, 78, 33
12, 80, 32
12, 81, 12
12, 82, 17
12, 84, 47
12, 86, 25
12, 87, 3
12, 89, 13
13, 2, 11
13, 4, 43
13, 6, 9
13, 6, 16
13, 6, 39
13, 6, 45
13, 8, 47
13, 10, 48
13, 20, 28
13, 21, 47
13, 29, 48
13, 31, 15
13, 31, 32
13, 36, 11
13, 36, 48
13, 38, 30
13, 41, 10
13, 43, 16
13, 43, 23
13, 44, 13
13, 46, 6
13, 47, 10
13, 47, 25
13, 50, 45
13, 53, 3
13, 53, 11
13, 54, 14
13, 56, 39
13, 61, 34
13, 62, 20
13, 63, 5
13, 64, 23
13, 66, 28
13, 66, 32
13, 67, 44
13, 69, 33
13, 82, 4
13, 82, 11
13, 82, 18
13, 85, 33
13, 86, 43
13, 87, 6
13, 87, 23
13, 87, 47
13, 89, 27
13, 91, 41
13, 93, 1
13, 96, 10
13, 100, 28
14, 3, 20
14, 9, 8
14, 11, 45
14, 20, 4
14, 23, 3
14, 23, 18
14, 24, 5
14, 25, 32
14, 25, 36
14, 25, 45
14, 26, 12
14, 26, 51
14, 34, 33
14, 36, 25
14, 39, 4
14, 39, 11
14, 39, 39
14, 41, 24
14, 44, 18
14, 44, 30
14, 47, 3
14, 47, 36
14, 54, 15
14, 55, 26
14, 56, 36
14, 61, 32
14, 63, 59
14, 64, 9
14, 68, 3
14, 68, 6
14, 68, 47
14, 71, 33
14, 75, 33
14, 81, 18
14, 83, 24
14, 91, 14
14, 94, 30
14, 96, 11
14, 96, 45
14, 97, 5
14, 97, 8
14, 99, 27
15, 2, 7
15, 3, 4
15, 6, 4
15, 6, 60
15, 10, 8
15, 11, 14
15, 16, 19
15, 22, 36
15, 25, 30
15, 27, 53
15, 29, 11
15, 29, 21
15, 33, 38
15, 35, 32
15, 46, 25
15, 48, 34
15, 50, 44
15, 51, 4
15, 54, 24
15, 57, 30
15, 58, 29
15, 59, 21
15, 60, 1
15, 62, 21
15, 72, 19
15, 76, 13
15, 78, 47
15, 79, 38
15, 80, 34
15, 92, 36
15, 98, 5
15, 100, 43
16, 1, 45
16, 3, 35
16, 7, 53
16, 8, 18
16, 8, 23
16, 8, 27
16, 9, 38
16, 11, 20
16, 14, 9
16, 15, 54
16, 16, 32
16, 16, 34
16, 16, 38
16, 17, 48
16, 18, 39
16, 20, 29
16, 22, 20
16, 25, 23
16, 26, 46
16, 28, 20
16, 28, 31
16, 35, 49
16, 36, 14
16, 43, 10
16, 48, 18
16, 55, 3
16, 59, 32
16, 60, 16
16, 63, 23
16, 64, 37
16, 68, 43
16, 68, 48
16, 68, 54
16, 82, 36
16, 82, 46
16, 83, 14
16, 83, 38
16, 84, 19
16, 86, 31
16, 86, 35
16, 88, 3
16, 89, 23
16, 91, 53
16, 92, 15
16, 94, 6
16, 96, 20
16, 98, 27
16, 98, 54
16, 99, 39
16, 100, 32
17, 1, 42
17, 1, 53
17, 11, 14
17, 13, 19
17, 20, 22
17, 24, 18
17, 25, 7
17, 31, 39
17, 36, 40
17, 36, 46
17, 37, 5
17, 37, 32
17, 38, 42
17, 38, 44
17, 43, 39
17, 44, 51
17, 46, 14
17, 46, 53
17, 48, 1
17, 49, 57
17, 55, 40
17, 62, 39
17, 63, 46
17, 64, 6
17, 66, 11
17, 70, 22
17, 71, 23
17, 77, 15
17, 81, 24
17, 83, 3
17, 85, 18
17, 86, 14
17, 87, 7
17, 87, 53
17, 88, 18
17, 91, 23
17, 91, 25
17, 101, 51
18, 2, 3
18, 3, 15
18, 3, 28
18, 10, 25
18, 10, 52
18, 11, 10
18, 13, 44
18, 16, 31
18, 16, 49
18, 19, 32
18, 21, 51
18, 22, 4
18, 22, 43
18, 23, 34
18, 25, 5
18, 28, 59
18, 32, 16
18, 32, 39
18, 33, 7
18, 33, 41
18, 41, 21
18, 42, 50
18, 44, 47
18, 46, 18
18, 49, 28
18, 49, 36
18, 49, 46
18, 50, 51
18, 52, 25
18, 55, 45
18, 57, 54
18, 58, 50
18, 59, 19
18, 62, 37
18, 63, 19
18, 63, 31
18, 64, 43
18, 65, 43
18, 67, 19
18, 68, 15
18, 73, 19
18, 73, 56
18, 76, 4
18, 78, 28
18, 79, 2
18, 79, 18
18, 79, 31
18, 79, 45
18, 86, 35
18, 88, 21
18, 88, 25
18, 88, 63
18, 90, 16
18, 91, 13
18, 91, 29
18, 92, 4
18, 92, 18
18, 92, 50
18, 93, 27
18, 93, 44
18, 97, 3
18, 100, 49
19, 15, 37
19, 15, 40
19, 17, 13
19, 18, 46
19, 19, 41
19, 20, 26
19, 21, 1
19, 29, 12
19, 33, 30
19, 34, 13
19, 36, 5
19, 41, 27
19, 42, 4
19, 51, 52
19, 52, 27
19, 55, 43
19, 66, 56
19, 70, 45
19, 73, 52
19, 74, 12
19, 80, 34
19, 83, 33
19, 85, 34
19, 86, 3
19, 88, 34
19, 92, 37
19, 93, 56
19, 97, 8
20, 1, 6
20, 1, 40
20, 4, 25
20, 6, 4
20, 6, 22
20, 13, 6
20, 14, 5
20, 16, 9
20, 16, 17
20, 21, 38
20, 22, 12
20, 25, 41
20, 27, 9
20, 28, 5
20, 28, 13
20, 28, 49
20, 31, 48
20, 32, 25
20, 32, 57
20, 36, 7
20, 36, 33
20, 37, 41
20, 38, 25
20, 43, 34
20, 43, 48
20, 44, 24
20, 45, 14
20, 48, 19
20, 49, 32
20, 50, 20
20, 50, 39
20, 52, 38
20, 55, 15
20, 58, 13
20, 58, 27
20, 58, 48
20, 63, 23
20, 64, 41
20, 68, 30
20, 69, 5
20, 70, 48
20, 82, 19
20, 82, 33
20, 82, 49
20, 86, 5
20, 91, 57
20, 97, 18
20, 97, 39
20, 98, 22
20, 98, 36
20, 98, 46
20, 100, 19
21, 3, 19
21, 4, 51
21, 8, 10
21, 12, 55
21, 15, 42
21, 19, 34
21, 32, 32
21, 32, 43
21, 41, 38
21, 46, 2
21, 46, 8
21, 46, 48
21, 49, 45
21, 50, 4
21, 69, 34
21, 74, 28
21, 74, 60
21, 75, 32
21, 78, 10
21, 81, 42
21, 85, 38
21, 89, 6
21, 95, 12
21, 96, 42
21, 96, 51
22, 1, 50
22, 7, 44
22, 11, 22
22, 11, 37
22, 14, 56
22, 18, 43
22, 23, 44
22, 28, 12
22, 28, 41
22, 29, 47
22, 30, 16
22, 34, 19
22, 35, 8
22, 35, 51
22, 36, 27
22, 37, 11
22, 42, 53
22, 43, 17
22, 48, 61
22, 50, 51
22, 52, 9
22, 52, 22
22, 56, 37
22, 57, 7
22, 57, 36
22, 59, 6
22, 60, 6
22, 61, 1
22, 67, 3
22, 74, 14
22, 76, 29
22, 76, 44
22, 76, 46
22, 79, 47
22, 81, 13
22, 81, 32
22, 84, 4
22, 84, 49
22, 86, 44
22, 90, 18
22, 90, 20
22, 90, 36
22, 90, 50
22, 99, 9
22, 99, 33
22, 99, 53
22, 100, 12
22, 100, 47
23, 4, 21
23, 8, 1
23, 8, 15
23, 8, 43
23, 11, 42
23, 12, 47
23, 16, 26
23, 19, 5
23, 21, 48
23, 24, 30
23, 33, 24
23, 35, 36
23, 36, 39
23, 36, 57
23, 37, 1
23, 44, 18
23, 44, 50
23, 46, 22
23, 46, 27
23, 47, 13
23, 48, 16
23, 48, 48
23, 49, 21
23, 49, 36
23, 52, 3
23, 53, 42
23, 54, 33
23, 56, 9
23, 57, 21
23, 57, 35
23, 59, 13
23, 59, 23
23, 62, 26
23, 66, 49
23, 67, 13
23, 68, 35
23, 69, 14
23, 71, 28
23, 74, 46
23, 82, 44
23, 83, 16
23, 84, 13
23, 84, 52
23, 85, 45
23, 86, 18
23, 86, 41
23, 87, 9
23, 87, 36
23, 90, 1
23, 95, 16
23, 97, 29
23, 100, 22
23, 100, 30
24, 4, 20
24, 8, 21
24, 12, 3
24, 12, 53
24, 25, 38
24, 32, 36
24, 35, 31
24, 36, 19
24, 39, 7
24, 48, 25
24, 48, 26
24, 52, 51
24, 54, 9
24, 54, 29
24, 56, 27
24, 56, 50
24, 57, 32
24, 59, 19
24, 59, 62
24, 63, 16
24, 64, 10
24, 68, 17
24, 68, 42
24, 73, 31
24, 73, 60
24, 79, 13
24, 82, 27
24, 84, 17
24, 85, 26
24, 89, 62
24, 92, 1
24, 92, 43
24, 94, 21
24, 96, 19
24, 96, 20
24, 98, 25
24, 101, 42
25, 3, 13
25, 3, 30
25, 6, 18
25, 6, 42
25, 6, 50
25, 6, 57
25, 10, 12
25, 11, 34
25, 11, 38
25, 15, 7
25, 17, 38
25, 18, 9
25, 18, 30
25, 20, 28
25, 21, 30
25, 26, 19
25, 35, 7
25, 36, 47
25, 39, 12
25, 39, 15
25, 44, 42
25, 47, 39
25, 52, 12
25, 52, 30
25, 52, 41
25, 55, 15
25, 58, 18
25, 60, 33
25, 62, 2
25, 63, 4
25, 63, 23
25, 66, 16
25, 66, 38
25, 75, 29
25, 78, 24
25, 79, 20
25, 84, 43
25, 94, 23
25, 94, 32
25, 95, 27
25, 99, 33
25, 100, 12
25, 100, 38
26, 4, 2
26, 9, 6
26, 12, 1
26, 15, 50
26, 18, 56
26, 22, 38
26, 23, 50
26, 40, 23
26, 40, 43
26, 42, 17
26, 42, 32
26, 44, 35
26, 44, 41
26, 45, 10
26, 48, 35
26, 51, 8
26, 53, 14
26, 57, 11
26, 64, 30
26, 66, 25
26, 67, 36
26, 68, 42
26, 71, 21
26, 71, 39
26, 75, 6
26, 75, 39
26, 77, 17
26, 81, 11
26, 81, 27
26, 82, 50
26, 82, 56
26, 83, 30
26, 84, 14
26, 86, 27
26, 87, 56
26, 88, 14
26, 89, 23
26, 90, 47
26, 92, 40
26, 95, 32
26, 100, 30
26, 100, 37
26, 101, 10
27, 3, 4
27, 4, 25
27, 16, 24
27, 16, 33
27, 17, 31
27, 20, 14
27, 20, 49
27, 21, 42
27, 23, 33
27, 24, 9
27, 24, 27
27, 25, 31
27, 26, 2
27, 31, 20
27, 31, 25
27, 39, 40
27, 42, 29
27, 43, 38
27, 44, 21
27, 51, 13
27, 57, 3
27, 57, 33
27, 58, 48
27, 62, 27
27, 65, 12
27, 65, 59
27, 66, 20
27, 73, 9
27, 77, 51
27, 82, 28
27, 85, 25
27, 85, 32
27, 87, 23
27, 88, 4
27, 92, 2
27, 94, 25
27, 97, 49
27, 101, 31
27, 101, 51
28, 6, 22
28, 7, 28
28, 7, 42
28, 12, 59
28, 14, 36
28, 14, 40
28, 21, 43
28, 24, 37
28, 24, 39
28, 28, 27
28, 32, 30
28, 32, 45
28, 39, 15
28, 49, 41
28, 52, 8
28, 55, 49
28, 60, 3
28, 62, 14
28, 66, 22
28, 66, 23
28, 69, 10
28, 75, 40
28, 75, 45
28, 77, 4
28, 78, 59
28, 82, 4
28, 83, 39
28, 84, 52
28, 87, 41
28, 92, 3
28, 94, 7
28, 94, 43
28, 97, 22
28, 97, 60
28, 99, 50
29, 1, 27
29, 2, 69
29, 3, 31
29, 4, 4
29, 7, 20
29, 10, 27
29, 13, 24
29, 14, 42
29, 19, 5
29, 20, 6
29, 21, 39
29, 21, 45
29, 28, 4
29, 28, 8
29, 28, 19
29, 29, 30
29, 30, 8
29, 30, 13
29, 32, 7
29, 33, 3
29, 35, 20
29, 39, 25
29, 40, 4
29, 40, 10
29, 44, 13
29, 44, 53
29, 48, 41
29, 49, 42
29, 51, 48
29, 54, 25
29, 54, 36
29, 57, 12
29, 57, 56
29, 59, 21
29, 61, 31
29, 62, 2
29, 63, 49
29, 65, 5
29, 66, 32
29, 66, 57
29, 67, 41
29, 67, 51
29, 70, 7
29, 72, 45
29, 73, 30
29, 75, 15
29, 76, 39
29, 80, 5
29, 80, 35
29, 83, 6
29, 84, 38
29, 87, 10
29, 94, 5
29, 94, 47
29, 96, 4
30, 6, 2
30, 6, 3
30, 6, 50
30, 7, 14
30, 10, 4
30, 10, 46
30, 14, 22
30, 16, 10
30, 18, 34
30, 19, 25
30, 21, 11
30, 21, 28
30, 22, 14
30, 23, 50
30, 26, 14
30, 26, 18
30, 31, 26
30, 32, 16
30, 35, 9
30, 35, 32
30, 38, 28
30, 39, 7
30, 46, 27
30, 46, 34
30, 51, 47
30, 53, 45
30, 54, 12
30, 56, 25
30, 69, 4
30, 75, 24
30, 78, 57
30, 81, 29
30, 87, 49
30, 88, 15
30, 90, 28
30, 95, 9
30, 98, 15
30, 100, 16
31, 7, 36
31, 8, 36
31, 9, 42
31, 10, 3
31, 11, 27
31, 14, 38
31, 19, 34
31, 20, 44
31, 23, 41
31, 24, 53
31, 25, 41
31, 26, 30
31, 27, 17
31, 35, 48
31, 38, 13
31, 39, 30
31, 42, 44
31, 44, 36
31, 45, 41
31, 46, 24
31, 50, 24
31, 50, 30
31, 51, 10
31, 58, 49
31, 60, 13
31, 60, 45
31, 62, 8
31, 64, 32
31, 65, 54
31, 66, 51
31, 73, 12
31, 75, 17
31, 77, 12
31, 82, 51
31, 83, 42
31, 84, 44
31, 85, 11
31, 85, 51
31, 87, 5
31, 88, 36
31, 92, 3
31, 96, 26
32, 1, 33
32, 5, 38
32, 6, 28
32, 8, 20
32, 8, 40
32, 13, 17
32, 17, 13
32, 17, 22
32, 20, 13
32, 20, 22
32, 31, 3
32, 31, 55
32, 34, 11
32, 43, 3
32, 43, 48
32, 44, 34
32, 44, 52
32, 48, 36
32, 52, 27
32, 54, 20
32, 58, 20
32, 59, 9
32, 60, 33
32, 63, 17
32, 67, 11
32, 68, 33
32, 71, 48
32, 73, 2
32, 76, 29
32, 82, 48
32, 85, 47
32, 88, 28
32, 88, 40
32, 91, 28
32, 95, 14
32, 96, 50
32, 96, 55
32, 98, 5
32, 98, 13
33, 4, 23
33, 5, 41
33, 6, 13
33, 10, 3
33, 13, 14
33, 18, 24
33, 20, 22
33, 21, 1
33, 21, 54
33, 22, 5
33, 22, 41
33, 25, 40
33, 25, 54
33, 28, 17
33, 30, 7
33, 30, 19
33, 30, 42
33, 32, 7
33, 32, 44
33, 37, 2
33, 39, 32
33, 41, 19
33, 45, 21
33, 48, 17
33, 50, 38
33, 55, 17
33, 57, 35
33, 57, 45
33, 60, 3
33, 61, 24
33, 71, 42
33, 74, 11
33, 77, 41
33, 78, 3
33, 78, 5
33, 78, 27
33, 80, 41
33, 82, 5
33, 82, 7
33, 84, 54
33, 88, 12
33, 88, 44
33, 92, 5
33, 92, 17
33, 94, 22
33, 95, 32
33, 99, 14
34, 6, 28
34, 7, 42
34, 11, 38
34, 14, 11
34, 15, 47
34, 16, 9
34, 16, 20
34, 21, 23
34, 21, 57
34, 25, 47
34, 29, 44
34, 31, 49
34, 32, 48
34, 42, 22
34, 44, 5
34, 46, 23
34, 52, 12
34, 53, 9
34, 57, 50
34, 60, 28
34, 62, 42
34, 64, 40
34, 65, 28
34, 66, 41
34, 72, 11
34, 73, 6
34, 79, 32
34, 84, 23
34, 94, 20
34, 98, 30
34, 101, 47
35, 2, 53
35, 3, 11
35, 3, 45
35, 4, 55
35, 9, 8
35, 9, 40
35, 12, 18
35, 14, 18
35, 16, 14
35, 16, 40
35, 19, 47
35, 20, 35
35, 25, 1
35, 26, 3
35, 26, 52
35, 28, 9
35, 33, 21
35, 36, 35
35, 37, 1
35, 41, 18
35, 42, 53
35, 42, 60
35, 43, 16
35, 45, 18
35, 51, 13
35, 51, 27
35, 53, 30
35, 59, 46
35, 59, 55
35, 62, 35
35, 68, 11
35, 68, 44
35, 72, 15
35, 73, 27
35, 85, 14
35, 92, 8
35, 92, 9
35, 92, 18
35, 93, 3
35, 94, 8
35, 94, 45
35, 96, 40
35, 96, 47
35, 98, 27
35, 101, 18
35, 101, 21
36, 2, 23
36, 6, 28
36, 6, 51
36, 8, 44
36, 12, 32
36, 13, 3
36, 19, 4
36, 19, 9
36, 26, 26
36, 28, 38
36, 30, 14
36, 33, 27
36, 33, 36
36, 33, 54
36, 34, 25
36, 34, 52
36, 35, 1
36, 36, 56
36, 39, 40
36, 40, 40
36, 42, 19
36, 46, 29
36, 46, 31
36, 51, 4
36, 53, 12
36, 53, 16
36, 54, 21
36, 59, 4
36, 62, 29
36, 66, 36
36, 67, 7
36, 68, 15
36, 68, 51
36, 74, 32
36, 79, 26
36, 82, 9
36, 84, 32
36, 89, 25
36, 89, 52
36, 90, 21
36, 91, 3
36, 94, 37
36, 97, 36
36, 98, 2
36, 98, 49
36, 98, 54
36, 99, 9
36, 99, 12
36, 99, 17
37, 3, 16
37, 4, 10
37, 7, 3
37, 8, 19
37, 8, 59
37, 11, 38
37, 16, 30
37, 17, 31
37, 29, 8
37, 30, 49
37, 31, 20
37, 35, 4
37, 42, 12
37, 44, 4
37, 44, 46
37, 49, 59
37, 50, 33
37, 52, 10
37, 52, 24
37, 55, 28
37, 56, 27
37, 59, 14
37, 62, 16
37, 63, 52
37, 65, 32
37, 68, 34
37, 71, 9
37, 79, 42
37, 81, 20
37, 82, 19
37, 88, 9
37, 91, 38
37, 92, 34
37, 95, 43
37, 96, 8
37, 96, 49
37, 99, 24
37, 101, 8
37, 101, 19
38, 3, 26
38, 5, 3
38, 5, 30
38, 6, 15
38, 7, 9
38, 8, 41
38, 16, 43
38, 17, 12
38, 18, 52
38, 24, 29
38, 28, 45
38, 32, 45
38, 35, 9
38, 36, 23
38, 36, 34
38, 38, 38
38, 42, 25
38, 43, 15
38, 45, 7
38, 45, 15
38, 50, 52
38, 51, 10
38, 51, 22
38, 52, 3
38, 53, 3
38, 56, 34
38, 59, 16
38, 59, 40
38, 60, 33
38, 62, 3
38, 62, 45
38, 63, 11
38, 67, 15
38, 70, 1
38, 71, 55
38, 72, 33
38, 72, 63
38, 74, 13
38, 74, 43
38, 75, 1
38, 75, 32
38, 75, 67
38, 79, 35
38, 80, 4
38, 80, 14
38, 85, 11
38, 85, 36
38, 86, 9
38, 87, 40
38, 87, 44
38, 87, 48
38, 89, 26
38, 91, 14
38, 98, 41
38, 101, 2
39, 1, 54
39, 4, 8
39, 6, 21
39, 6, 42
39, 7, 55
39, 9, 21
39, 11, 53
39, 12, 41
39, 13, 23
39, 13, 32
39, 15, 40
39, 22, 31
39, 28, 43
39, 30, 45
39, 35, 16
39, 37, 4
39, 37, 52
39, 48, 9
39, 50, 5
39, 51, 7
39, 51, 13
39, 52, 43
39, 56, 18
39, 67, 10
39, 69, 31
39, 69, 59
39, 73, 20
39, 75, 37
39, 76, 8
39, 78, 51
39, 80, 17
39, 81, 52
39, 82, 41
39, 90, 24
39, 94, 5
39, 97, 46
39, 98, 36
39, 98, 59
39, 99, 16
40, 1, 26
40, 3, 4
40, 4, 11
40, 5, 54
40, 11, 15
40, 21, 30
40, 23, 13
40, 24, 57
40, 25, 9
40, 26, 23
40, 26, 40
40, 31, 1
40, 31, 28
40, 36, 21
40, 37, 12
40, 43, 11
40, 51, 54
40, 58, 1
40, 58, 59
40, 60, 21
40, 60, 35
40, 61, 22
40, 63, 18
40, 65, 43
40, 68, 36
40, 71, 19
40, 79, 30
40, 80, 56
40, 88, 40
40, 91, 26
40, 94, 49
40, 96, 28
40, 99, 15
40, 101, 35
41, 8, 19
41, 10, 30
41, 11, 12
41, 11, 17
41, 11, 41
41, 18, 4
41, 18, 33
41, 21, 22
41, 28, 13
41, 28, 26
41, 32, 59
41, 34, 42
41, 35, 44
41, 36, 21
41, 38, 51
41, 44, 17
41, 45, 24
41, 48, 28
41, 50, 67
41, 55, 32
41, 55, 48
41, 57, 2
41, 57, 62
41, 68, 32
41, 68, 41
41, 71, 41
41, 72, 26
41, 73, 11
41, 74, 31
41, 81, 4
41, 83, 33
41, 84, 8
41, 84, 22
41, 86, 1
41, 86, 6
41, 91, 44
41, 93, 17
41, 94, 47
41, 95, 25
41, 96, 8
42, 1, 52
42, 4, 14
42, 8, 9
42, 8, 51
42, 9, 23
42, 10, 34
42, 14, 39
42, 15, 20
42, 31, 38
42, 44, 42
42, 46, 21
42, 46, 52
42, 50, 6
42, 56, 1
42, 63, 31
42, 68, 24
42, 68, 52
42, 69, 36
42, 70, 11
42, 74, 23
42, 75, 10
42, 79, 9
42, 79, 20
42, 87, 37
42, 91, 30
42, 93, 39
42, 94, 36
42, 99, 51
42, 100, 3
42, 100, 51
43, 3, 7
43, 6, 21
43, 10, 36
43, 12, 22
43, 19, 54
43, 21, 41
43, 22, 28
43, 22, 32
43, 24, 28
43, 27, 11
43, 27, 38
43, 28, 4
43, 30, 32
43, 32, 1
43, 33, 15
43, 37, 26
43, 38, 21
43, 39, 36
43, 40, 8
43, 41, 21
43, 42, 44
43, 46, 31
43, 50, 13
43, 51, 54
43, 56, 18
43, 56, 23
43, 60, 39
43, 61, 1
43, 61, 10
43, 61, 26
43, 67, 32
43, 68, 40
43, 71, 4
43, 71, 5
43, 71, 54
43, 72, 28
43, 75, 48
43, 76, 24
43, 78, 32
43, 85, 38
43, 86, 22
43, 88, 11
43, 90, 17
43, 90, 26
43, 95, 15
43, 96, 23
43, 100, 1
44, 5, 44
44, 9, 12
44, 9, 57
44, 12, 48
44, 16, 4
44, 16, 19
44, 17, 1
44, 17, 32
44, 19, 48
44, 20, 45
44, 21, 23
44, 21, 36
44, 23, 10
44, 24, 38
44, 30, 26
44, 37, 19
44, 38, 41
44, 39, 51
44, 45, 20
44, 45, 33
44, 46, 1
44, 46, 23
44, 46, 45
44, 46, 53
44, 49, 12
44, 51, 16
44, 51, 44
44, 53, 28
44, 56, 33
44, 58, 22
44, 60, 22
44, 60, 51
44, 65, 12
44, 66, 1
44, 71, 14
44, 71, 19
44, 73, 52
44, 74, 54
44, 77, 20
44, 79, 1
44, 84, 10
44, 85, 2
44, 88, 23
44, 89, 32
44, 93, 11
44, 100, 41
45, 1, 13
45, 1, 39
45, 2, 5
45, 2, 22
45, 8, 35
45, 8, 37
45, 9, 6
45, 11, 15
45, 14, 45
45, 15, 34
45, 17, 14
45, 20, 1
45, 20, 8
45, 20, 46
45, 21, 47
45, 22, 23
45, 23, 45
45, 24, 13
45, 24, 57
45, 28, 8
45, 29, 27
45, 30, 35
45, 32, 26
45, 34, 25
45, 34, 42
45, 38, 32
45, 45, 23
45, 47, 5
45, 50, 58
45, 51, 50
45, 53, 46
45, 56, 3
45, 57, 37
45, 58, 17
45, 58, 42
45, 62, 34
45, 68, 22
45, 72, 25
45, 77, 8
45, 78, 28
45, 79, 51
45, 82, 30
45, 82, 36
45, 83, 1
45, 83, 51
45, 84, 41
45, 91, 35
45, 92, 6
45, 96, 17
45, 96, 28
45, 99, 37
45, 99, 47
45, 100, 21
45, 100, 45
46, 4, 42
46, 5, 9
46, 5, 31
46, 5, 47
46, 5, 52
46, 6, 33
46, 11, 12
46, 11, 40
46, 13, 32
46, 14, 14
46, 17, 17
46, 18, 17
46, 18, 21
46, 22, 51
46, 25, 7
46, 25, 61
46, 28, 38
46, 29, 47
46, 30, 28
46, 31, 17
46, 32, 40
46, 34, 8
46, 37, 4
46, 37, 37
46, 37, 49
46, 38, 10
46, 39, 57
46, 40, 53
46, 42, 5
46, 45, 47
46, 45, 56
46, 46, 11
46, 48, 13
46, 52, 65
46, 53, 19
46, 54, 2
46, 57, 47
46, 58, 32
46, 60, 33
46, 62, 22
46, 66, 12
46, 66, 40
46, 66, 49
46, 75, 42
46, 78, 14
46, 84, 21
46, 90, 15
46, 90, 44
46, 91, 38
46, 94, 2
46, 96, 27
46, 97, 46
46, 100, 17
46, 100, 45
46, 101, 57
46, 101, 61
47, 3, 53
47, 4, 42
47, 6, 7
47, 7, 43
47, 7, 48
47, 10, 34
47, 11, 4
47, 23, 13
47, 30, 1
47, 37, 51
47, 42, 33
47, 50, 26
47, 58, 2
47, 73, 2
47, 73, 14
47, 73, 53
47, 77, 32
47, 92, 34
47, 92, 48
47, 96, 34
48, 1, 8
48, 1, 33
48, 4, 13
48, 8, 55
48, 10, 17
48, 12, 5
48, 14, 44
48, 16, 42
48, 16, 46
48, 19, 43
48, 20, 18
48, 21, 5
48, 22, 40
48, 23, 51
48, 24, 1
48, 24, 50
48, 28, 4
48, 28, 20
48, 30, 12
48, 32, 47
48, 33, 20
48, 36, 2
48, 42, 30
48, 46, 4
48, 48, 23
48, 51, 25
48, 51, 31
48, 52, 25
48, 58, 16
48, 58, 39
48, 58, 46
48, 61, 13
48, 61, 17
48, 64, 43
48, 67, 37
48, 76, 39
48, 76, 55
48, 77, 6
48, 77, 42
48, 78, 27
48, 83, 65
48, 84, 51
48, 86, 47
48, 89, 14
48, 89, 51
48, 92, 30
48, 94, 42
48, 98, 13
48, 101, 14
48, 101, 40
48, 101, 53
49, 2, 40
49, 7, 41
49, 12, 27
49, 15, 36
49, 20, 46
49, 28, 36
49, 42, 3
49, 46, 5
49, 47, 26
49, 49, 28
49, 49, 31
49, 50, 8
49, 71, 18
49, 76, 6
49, 77, 30
49, 79, 35
49, 81, 17
49, 84, 41
49, 88, 51
49, 89, 42
49, 92, 3
49, 92, 24
49, 95, 31
49, 98, 27
49, 100, 15
49, 100, 46
50, 1, 33
50, 4, 10
50, 4, 43
50, 10, 8
50, 11, 18
50, 17, 10
50, 19, 19
50, 20, 34
50, 22, 20
50, 24, 18
50, 25, 49
50, 27, 17
50, 28, 6
50, 28, 45
50, 29, 13
50, 31, 38
50, 32, 32
50, 33, 21
50, 33, 23
50, 35, 38
50, 43, 8
50, 44, 31
50, 46, 36
50, 49, 42
50, 52, 10
50, 54, 19
50, 63, 4
50, 63, 13
50, 64, 21
50, 69, 52
50, 70, 50
50, 78, 33
50, 80, 8
50, 83, 49
50, 84, 42
50, 85, 23
50, 88, 43
50, 90, 17
50, 90, 53
50, 93, 3
50, 96, 9
51, 1, 2
51, 3, 47
51, 8, 23
51, 10, 15
51, 10, 31
51, 11, 7
51, 14, 38
51, 16, 13
51, 17, 49
51, 18, 51
51, 19, 15
51, 20, 39
51, 20, 46
51, 27, 27
51, 27, 33
51, 27, 39
51, 29, 21
51, 29, 32
51, 36, 21
51, 40, 39
51, 42, 9
51, 42, 13
51, 45, 12
51, 47, 11
51, 47, 56
51, 51, 54
51, 54, 2
51, 60, 53
51, 62, 41
51, 63, 28
51, 64, 33
51, 67, 28
51, 70, 45
51, 71, 34
51, 71, 39
51, 72, 52
51, 74, 55
51, 77, 15
51, 77, 19
51, 80, 16
51, 80, 53
51, 86, 46
51, 90, 21
51, 96, 11
51, 100, 9
52, 1, 11
52, 3, 6
52, 3, 52
52, 5, 39
52, 6, 19
52, 7, 46
52, 12, 9
52, 12, 11
52, 15, 52
52, 24, 26
52, 25, 6
52, 28, 1
52, 28, 8
52, 29, 53
52, 32, 35
52, 33, 27
52, 34, 20
52, 39, 15
52, 39, 33
52, 41, 11
52, 41, 41
52, 41, 47
52, 46, 39
52, 47, 6
52, 47, 54
52, 53, 56
52, 56, 17
52, 59, 42
52, 65, 3
52, 65, 11
52, 65, 43
52, 69, 47
52, 73, 53
52, 76, 37
52, 78, 6
52, 80, 52
52, 84, 1
52, 86, 19
52, 90, 6
52, 91, 56
52, 94, 9
52, 94, 47
52, 96, 39
52, 98, 46
53, 4, 58
53, 5, 21
53, 7, 13
53, 8, 55
53, 12, 3
53, 13, 5
53, 14, 27
53, 18, 6
53, 19, 13
53, 28, 12
53, 37, 9
53, 42, 35
53, 45, 30
53, 47, 17
53, 47, 32
53, 49, 23
53, 53, 22
53, 54, 51
53, 62, 15
53, 63, 5
53, 65, 15
53, 66, 24
53, 67, 17
53, 69, 42
53, 69, 52
53, 76, 21
53, 76, 49
53, 77, 8
53, 88, 9
53, 88, 33
53, 89, 34
53, 94, 13
53, 94, 27
53, 98, 13
54, 1, 37
54, 7, 49
54, 11, 11
54, 15, 3
54, 15, 62
54, 18, 3
54, 22, 5
54, 26, 13
54, 28, 11
54, 31, 49
54, 35, 12
54, 36, 29
54, 37, 20
54, 37, 36
54, 39, 36
54, 39, 51
54, 40, 11
54, 43, 27
54, 46, 24
54, 50, 17
54, 53, 41
54, 54, 43
54, 56, 19
54, 59, 45
54, 65, 3
54, 79, 54
54, 79, 57
54, 80, 28
54, 80, 36
54, 83, 11
54, 86, 48
54, 89, 20
54, 91, 27
54, 92, 19
54, 99, 43
55, 1, 57
55, 3, 20
55, 6, 37
55, 7, 30
55, 10, 51
55, 13, 45
55, 17, 19
55, 23, 35
55, 34, 8
55, 35, 3
55, 38, 50
55, 41, 60
55, 43, 51
55, 51, 38
55, 51, 46
55, 53, 41
55, 57, 30
55, 57, 62
55, 58, 46
55, 58, 57
55, 59, 23
55, 60, 8
55, 60, 35
55, 62, 48
55, 65, 38
55, 69, 48
55, 71, 32
55, 72, 3
55, 72, 13
55, 76, 27
55, 80, 16
55, 84, 57
55, 85, 37
55, 86, 12
55, 87, 23
55, 87, 30
55, 90, 51
55, 96, 45
55, 99, 5
56, 4, 43
56, 7, 27
56, 10, 44
56, 11, 4
56, 11, 14
56, 17, 5
56, 17, 60
56, 18, 23
56, 18, 31
56, 19, 2
56, 20, 33
56, 23, 9
56, 24, 15
56, 31, 32
56, 31, 37
56, 33, 46
56, 36, 5
56, 38, 9
56, 41, 28
56, 43, 9
56, 46, 1
56, 48, 46
56, 48, 61
56, 51, 31
56, 52, 44
56, 54, 27
56, 61, 20
56, 63, 24
56, 65, 24
56, 65, 45
56, 67, 10
56, 75, 6
56, 77, 25
56, 81, 18
56, 85, 23
56, 85, 31
56, 87, 44
56, 88, 24
56, 94, 37
56, 96, 3
57, 1, 42
57, 3, 26
57, 7, 40
57, 9, 51
57, 10, 29
57, 10, 48
57, 12, 16
57, 14, 55
57, 15, 2
57, 16, 34
57, 17, 39
57, 24, 14
57, 33, 14
57, 33, 38
57, 34, 28
57, 35, 22
57, 36, 16
57, 41, 2
57, 41, 45
57, 42, 26
57, 42, 50
57, 50, 39
57, 55, 5
57, 57, 51
57, 60, 16
57, 62, 43
57, 64, 53
57, 66, 36
57, 69, 25
57, 73, 46
57, 74, 55
57, 77, 22
57, 81, 46
57, 86, 1
57, 89, 2
57, 90, 28
57, 92, 42
57, 94, 25
57, 101, 53
58, 6, 22
58, 6, 32
58, 9, 14
58, 10, 23
58, 11, 37
58, 12, 23
58, 12, 38
58, 13, 12
58, 16, 26
58, 17, 31
58, 19, 45
58, 24, 14
58, 25, 30
58, 28, 7
58, 28, 43
58, 32, 42
58, 36, 39
58, 39, 4
58, 39, 50
58, 45, 28
58, 46, 23
58, 48, 16
58, 51, 30
58, 56, 16
58, 56, 27
58, 57, 45
58, 60, 56
58, 62, 31
58, 65, 30
58, 65, 62
58, 69, 6
58, 72, 13
58, 74, 39
58, 77, 32
58, 77, 37
58, 78, 38
58, 79, 6
58, 83, 16
58, 84, 12
58, 86, 37
58, 86, 42
58, 87, 8
58, 87, 52
58, 88, 30
58, 88, 42
58, 100, 1
58, 100, 23
58, 100, 38
58, 101, 26
59, 3, 23
59, 3, 35
59, 4, 10
59, 7, 5
59, 8, 2
59, 13, 50
59, 16, 28
59, 23, 47
59, 25, 22
59, 25, 49
59, 31, 17
59, 31, 40
59, 36, 1
59, 36, 24
59, 36, 34
59, 40, 7
59, 41, 2
59, 44, 10
59, 44, 47
59, 45, 17
59, 45, 20
59, 49, 39
59, 52, 10
59, 55, 9
59, 58, 3
59, 60, 45
59, 66, 15
59, 67, 53
59, 68, 5
59, 68, 32
59, 68, 54
59, 69, 41
59, 71, 9
59, 71, 23
59, 71, 55
59, 74, 43
59, 77, 39
59, 77, 47
59, 80, 10
59, 81, 30
59, 84, 38
59, 85, 20
59, 86, 5
59, 88, 20
59, 89, 27
59, 89, 35
59, 91, 46
59, 93, 1
59, 93, 21
59, 96, 17
59, 96, 34
59, 97, 24
59, 98, 49
59, 99, 45
59, 100, 12
60, 2, 7
60, 3, 28
60, 7, 28
60, 10, 22
60, 10, 31
60, 12, 10
60, 15, 53
60, 17, 19
60, 17, 57
60, 18, 2
60, 21, 42
60, 22, 8
60, 22, 34
60, 22, 53
60, 25, 39
60, 28, 46
60, 29, 20
60, 31, 25
60, 33, 17
60, 39, 49
60, 41, 51
60, 43, 52
60, 45, 51
60, 51, 27
60, 54, 6
60, 54, 31
60, 58, 6
60, 64, 28
60, 66, 53
60, 68, 49
60, 71, 51
60, 72, 5
60, 72, 33
60, 75, 23
60, 75, 46
60, 91, 38
60, 95, 6
60, 101, 46
61, 1, 32
61, 7, 8
61, 9, 5
61, 9, 34
61, 11, 27
61, 14, 9
61, 16, 13
61, 19, 23
61, 21, 43
61, 25, 41
61, 27, 38
61, 31, 6
61, 35, 7
61, 38, 5
61, 41, 24
61, 41, 31
61, 42, 33
61, 46, 12
61, 46, 24
61, 46, 58
61, 47, 42
61, 54, 34
61, 55, 22
61, 56, 42
61, 57, 26
61, 58, 35
61, 62, 20
61, 68, 36
61, 69, 31
61, 71, 38
61, 75, 48
61, 77, 13
61, 85, 9
61, 85, 18
61, 86, 32
61, 87, 34
61, 90, 17
61, 90, 52
61, 91, 27
61, 94, 42
61, 97, 34
61, 99, 7
61, 100, 9
62, 1, 13
62, 3, 20
62, 15, 30
62, 16, 10
62, 16, 39
62, 17, 9
62, 21, 51
62, 24, 11
62, 27, 36
62, 28, 24
62, 29, 38
62, 32, 19
62, 35, 3
62, 35, 23
62, 48, 37
62, 50, 36
62, 51, 18
62, 58, 36
62, 60, 3
62, 62, 8
62, 62, 43
62, 63, 3
62, 66, 46
62, 67, 7
62, 81, 10
62, 81, 39
62, 91, 9
62, 91, 30
62, 94, 15
63, 1, 30
63, 2, 11
63, 6, 4
63, 7, 36
63, 13, 9
63, 13, 44
63, 14, 50
63, 16, 1
63, 21, 43
63, 23, 46
63, 25, 5
63, 26, 48
63, 30, 36
63, 31, 51
63, 31, 53
63, 32, 21
63, 32, 33
63, 34, 52
63, 37, 40
63, 37, 49
63, 39, 6
63, 43, 57
63, 48, 1
63, 49, 23
63, 49, 25
63, 49, 48
63, 51, 14
63, 53, 5
63, 53, 38
63, 59, 32
63, 65, 24
63, 70, 23
63, 72, 11
63, 72, 17
63, 72, 55
63, 75, 24
63, 80, 36
63, 81, 28
63, 82, 32
63, 82, 53
63, 84, 16
63, 84, 21
63, 84, 46
63, 86, 30
63, 91, 32
63, 92, 29
63, 93, 11
63, 93, 28
64, 1, 2
64, 1, 22
64, 2, 48
64, 4, 31
64, 7, 51
64, 8, 21
64, 11, 8
64, 11, 48
64, 13, 24
64, 14, 41
64, 15, 47
64, 18, 9
64, 20, 3
64, 20, 44
64, 32, 17
64, 36, 20
64, 38, 28
64, 38, 44
64, 45, 45
64, 46, 12
64, 48, 2
64, 48, 19
64, 48, 60
64, 49, 47
64, 52, 22
64, 53, 3
64, 60, 22
64, 63, 9
64, 65, 19
64, 71, 22
64, 71, 41
64, 78, 5
64, 78, 35
64, 85, 20
64, 86, 12
64, 86, 47
64, 87, 11
64, 88, 21
64, 90, 45
64, 90, 57
64, 94, 44
64, 95, 8
64, 98, 51
64, 100, 24
65, 1, 11
65, 4, 37
65, 5, 50
65, 7, 38
65, 10, 10
65, 11, 8
65, 11, 59
65, 13, 31
65, 16, 47
65, 17, 25
65, 20, 26
65, 21, 20
65, 23, 32
65, 24, 52
65, 24, 53
65, 28, 1
65, 32, 11
65, 33, 45
65, 42, 23
65, 43, 8
65, 44, 30
65, 44, 49
65, 46, 5
65, 47, 25
65, 51, 13
65, 55, 1
65, 55, 17
65, 56, 32
65, 59, 26
65, 59, 40
65, 60, 13
65, 60, 37
65, 66, 13
65, 66, 16
65, 73, 29
65, 77, 15
65, 78, 2
65, 82, 51
65, 83, 3
65, 83, 11
65, 86, 38
65, 90, 10
65, 90, 41
65, 92, 11
65, 92, 21
65, 94, 30
65, 97, 41
65, 101, 49
66, 5, 39
66, 7, 6
66, 10, 36
66, 11, 11
66, 12, 15
66, 16, 47
66, 25, 28
66, 26, 42
66, 27, 11
66, 31, 29
66, 31, 50
66, 32, 20
66, 39, 54
66, 44, 51
66, 48, 19
66, 51, 21
66, 52, 8
66, 64, 11
66, 64, 50
66, 65, 14
66, 67, 29
66, 71, 29
66, 72, 39
66, 75, 6
66, 75, 15
66, 75, 33
66, 75, 36
66, 79, 21
66, 80, 47
66, 89, 15
66, 91, 1
66, 99, 19
66, 101, 36
67, 2, 9
67, 2, 28
67, 2, 36
67, 4, 36
67, 12, 5
67, 13, 36
67, 15, 11
67, 17, 36
67, 20, 14
67, 20, 50
67, 22, 11
67, 23, 19
67, 24, 30
67, 25, 15
67, 29, 47
67, 29, 51
67, 37, 5
67, 41, 19
67, 41, 22
67, 42, 59
67, 44, 35
67, 47, 41
67, 53, 42
67, 55, 15
67, 59, 26
67, 60, 33
67, 63, 3
67, 66, 5
67, 66, 41
67, 71, 19
67, 71, 35
67, 76, 27
67, 78, 9
67, 81, 39
67, 86, 27
67, 91, 46
67, 92, 50
67, 94, 15
67, 95, 41
67, 96, 17
67, 96, 59
67, 101, 10
68, 1, 49
68, 2, 23
68, 9, 23
68, 12, 50
68, 16, 18
68, 21, 1
68, 22, 28
68, 23, 5
68, 23, 23
68, 27, 29
68, 27, 36
68, 29, 4
68, 29, 20
68, 29, 51
68, 32, 25
68, 36, 47
68, 37, 7
68, 39, 60
68, 41, 34
68, 41, 62
68, 42, 21
68, 45, 31
68, 45, 42
68, 50, 6
68, 50, 10
68, 50, 11
68, 54, 46
68, 55, 50
68, 59, 18
68, 69, 11
68, 70, 19
68, 71, 19
68, 71, 49
68, 74, 45
68, 75, 6
68, 75, 44
68, 80, 18
68, 82, 48
68, 83, 17
68, 83, 30
68, 86, 50
68, 88, 1
68, 88, 23
68, 92, 32
68, 97, 31
68, 98, 36
69, 7, 18
69, 7, 32
69, 9, 42
69, 10, 2
69, 10, 20
69, 10, 30
69, 11, 3
69, 14, 32
69, 17, 34
69, 21, 22
69, 23, 25
69, 37, 1
69, 37, 46
69, 44, 41
69, 46, 53
69, 54, 3
69, 55, 49
69, 60, 15
69, 65, 30
69, 66, 42
69, 66, 54
69, 67, 2
69, 68, 49
69, 68, 54
69, 76, 29
69, 81, 50
69, 90, 4
69, 93, 34
69, 93, 57
69, 94, 41
69, 96, 8
69, 98, 27
69, 100, 32
70, 3, 13
70, 5, 35
70, 8, 63
70, 9, 46
70, 10, 8
70, 15, 12
70, 15, 33
70, 31, 14
70, 33, 38
70, 35, 22
70, 35, 44
70, 35, 49
70, 36, 29
70, 37, 25
70, 37, 51
70, 40, 43
70, 45, 20
70, 50, 26
70, 50, 44
70, 52, 47
70, 58, 2
70, 58, 38
70, 60, 16
70, 63, 24
70, 68, 38
70, 72, 12
70, 73, 40
70, 74, 14
70, 81, 40
70, 85, 16
70, 86, 35
70, 87, 5
70, 88, 39
70, 89, 16
70, 98, 25
71, 1, 19
71, 1, 45
71, 2, 37
71, 2, 49
71, 4, 25
71, 7, 53
71, 8, 31
71, 8, 43
71, 9, 19
71, 10, 31
71, 11, 42
71, 12, 1
71, 19, 15
71, 19, 40
71, 23, 16
71, 30, 5
71, 35, 36
71, 37, 41
71, 38, 32
71, 41, 27
71, 42, 29
71, 43, 38
71, 43, 41
71, 52, 19
71, 59, 42
71, 62, 29
71, 63, 26
71, 63, 46
71, 66, 56
71, 71, 25
71, 73, 9
71, 75, 42
71, 80, 40
71, 85, 2
71, 88, 24
71, 88, 54
71, 92, 39
71, 96, 1
71, 97, 53
71, 98, 31
71, 100, 16
72, 2, 18
72, 6, 32
72, 15, 23
72, 16, 33
72, 19, 41
72, 20, 10
72, 22, 41
72, 27, 22
72, 33, 27
72, 34, 16
72, 35, 21
72, 39, 15
72, 41, 21
72, 46, 25
72, 52, 27
72, 53, 13
72, 56, 49
72, 58, 26
72, 58, 40
72, 59, 10
72, 60, 21
72, 60, 56
72, 65, 5
72, 69, 59
72, 71, 5
72, 72, 37
72, 73, 18
72, 79, 13
72, 81, 4
72, 85, 22
72, 86, 35
72, 86, 56
72, 88, 7
72, 88, 41
72, 89, 13
72, 90, 57
72, 94, 8
72, 96, 26
72, 98, 33
72, 100, 9
72, 100, 42
73, 1, 22
73, 4, 2
73, 5, 17
73, 6, 14
73, 7, 24
73, 8, 7
73, 9, 46
73, 13, 44
73, 16, 28
73, 18, 29
73, 23, 25
73, 24, 13
73, 25, 43
73, 33, 41
73, 36, 27
73, 39, 21
73, 44, 27
73, 48, 34
73, 50, 9
73, 51, 24
73, 51, 41
73, 51, 45
73, 52, 51
73, 52, 60
73, 53, 16
73, 57, 11
73, 57, 46
73, 58, 31
73, 62, 14
73, 64, 15
73, 64, 29
73, 65, 16
73, 65, 25
73, 65, 43
73, 66, 35
73, 66, 49
73, 67, 13
73, 67, 21
73, 71, 3
73, 76, 40
73, 80, 2
73, 80, 4
73, 80, 47
73, 80, 57
73, 83, 7
73, 86, 25
73, 87, 4
73, 87, 31
73, 89, 27
73, 94, 22
73, 97, 46
74, 6, 9
74, 12, 29
74, 14, 36
74, 15, 17
74, 17, 22
74, 19, 3
74, 25, 53
74, 27, 51
74, 29, 9
74, 38, 28
74, 38, 44
74, 41, 22
74, 42, 53
74, 45, 14
74, 45, 33
74, 47, 2
74, 47, 38
74, 47, 41
74, 48, 31
74, 53, 11
74, 62, 41
74, 65, 44
74, 67, 26
74, 68, 30
74, 72, 43
74, 73, 6
74, 76, 24
74, 81, 13
74, 84, 17
74, 94, 16
74, 94, 51
74, 95, 16
74, 95, 28
75, 1, 49
75, 5, 14
75, 6, 22
75, 11, 34
75, 14, 28
75, 15, 9
75, 16, 15
75, 19, 30
75, 31, 51
75, 32, 14
75, 38, 22
75, 41, 20
75, 48, 35
75, 53, 4
75, 58, 37
75, 60, 3
75, 60, 54
75, 62, 8
75, 65, 54
75, 66, 30
75, 67, 3
75, 68, 40
75, 70, 9
75, 70, 27
75, 73, 49
75, 78, 36
75, 78, 51
75, 80, 34
75, 82, 28
75, 82, 38
75, 83, 47
75, 84, 35
75, 87, 21
75, 87, 53
75, 88, 7
75, 88, 14
75, 88, 49
75, 96, 47
75, 97, 15
75, 98, 36
76, 7, 21
76, 11, 45
76, 11, 52
76, 16, 52
76, 22, 4
76, 24, 32
76, 24, 39
76, 24, 60
76, 25, 15
76, 25, 30
76, 28, 5
76, 36, 48
76, 41, 62
76, 46, 21
76, 48, 18
76, 60, 39
76, 62, 29
76, 66, 36
76, 73, 32
76, 79, 51
76, 80, 30
76, 83, 62
77, 2, 55
77, 3, 25
77, 3, 46
77, 5, 24
77, 5, 44
77, 6, 31
77, 7, 1
77, 7, 11
77, 7, 40
77, 13, 28
77, 13, 33
77, 16, 46
77, 17, 8
77, 17, 57
77, 18, 43
77, 20, 22
77, 22, 5
77, 29, 43
77, 29, 47
77, 32, 14
77, 35, 44
77, 36, 5
77, 37, 17
77, 40, 11
77, 44, 23
77, 45, 33
77, 46, 6
77, 46, 31
77, 46, 54
77, 46, 55
77, 51, 20
77, 53, 26
77, 55, 22
77, 56, 10
77, 72, 21
77, 76, 8
77, 77, 17
77, 79, 25
77, 80, 43
77, 85, 23
77, 86, 6
77, 86, 41
77, 86, 43
77, 90, 8
77, 92, 45
77, 94, 20
77, 98, 41
77, 100, 25
77, 101, 47
78, 1, 6
78, 1, 34
78, 3, 3
78, 3, 47
78, 7, 31
78, 9, 16
78, 9, 44
78, 10, 36
78, 10, 48
78, 11, 9
78, 12, 14
78, 16, 51
78, 18, 39
78, 27, 51
78, 30, 15
78, 35, 20
78, 35, 36
78, 37, 3
78, 43, 8
78, 51, 22
78, 51, 45
78, 54, 31
78, 56, 46
78, 57, 7
78, 58, 5
78, 59, 23
78, 63, 52
78, 65, 2
78, 67, 34
78, 68, 11
78, 72, 4
78, 80, 5
78, 80, 17
78, 80, 20
78, 83, 51
78, 84, 48
78, 89, 48
78, 92, 15
78, 92, 38
78, 97, 15
78, 98, 7
78, 99, 35
79, 2, 18
79, 2, 38
79, 3, 34
79, 4, 8
79, 10, 31
79, 19, 1
79, 25, 3
79, 25, 23
79, 28, 44
79, 30, 25
79, 30, 34
79, 33, 8
79, 34, 20
79, 37, 16
79, 38, 11
79, 39, 15
79, 41, 39
79, 44, 32
79, 46, 18
79, 51, 58
79, 54, 40
79, 55, 40
79, 60, 13
79, 60, 34
79, 64, 37
79, 66, 56
79, 70, 19
79, 74, 1
79, 79, 31
79, 85, 45
79, 91, 18
79, 92, 8
79, 97, 5
79, 97, 13
79, 97, 24
79, 97, 49
79, 99, 2
79, 99, 50
80, 2, 49
80, 3, 23
80, 6, 3
80, 17, 44
80, 18, 52
80, 20, 10
80, 28, 58
80, 33, 19
80, 33, 32
80, 34, 54
80, 35, 32
80, 37, 21
80, 37, 50
80, 41, 19
80, 43, 56
80, 45, 30
80, 46, 2
80, 46, 23
80, 49, 47
80, 52, 36
80, 55, 30
80, 59, 6
80, 60, 40
80, 64, 10
80, 65, 8
80, 73, 19
80, 73, 39
80, 78, 5
80, 79, 2
80, 81, 4
80, 81, 22
80, 88, 10
80, 96, 10
80, 98, 29
80, 98, 30
81, 2, 47
81, 3, 26
81, 5, 36
81, 6, 6
81, 8, 54
81, 11, 22
81, 11, 32
81, 12, 3
81, 16, 20
81, 20, 34
81, 22, 18
81, 26, 29
81, 28, 31
81, 33, 14
81, 34, 46
81, 35, 32
81, 36, 10
81, 37, 38
81, 39, 40
81, 42, 33
81, 52, 25
81, 54, 20
81, 56, 44
81, 57, 3
81, 58, 17
81, 58, 52
81, 63, 20
81, 67, 15
81, 70, 45
81, 71, 7
81, 71, 47
81, 75, 10
81, 79, 28
81, 82, 47
81, 85, 47
81, 92, 54
81, 94, 32
81, 94, 47
81, 95, 49
81, 96, 20
81, 99, 2
81, 99, 36
81, 100, 6
81, 100, 34
82, 3, 11
82, 4, 3
82, 6, 9
82, 10, 25
82, 14, 40
82, 15, 23
82, 25, 18
82, 27, 49
82, 29, 20
82, 32, 26
82, 39, 7
82, 39, 54
82, 40, 43
82, 41, 10
82, 42, 5
82, 45, 24
82, 47, 27
82, 50, 11
82, 51, 4
82, 51, 10
82, 57, 19
82, 60, 1
82, 60, 40
82, 60, 53
82, 63, 52
82, 65, 23
82, 65, 28
82, 69, 44
82, 71, 37
82, 72, 33
82, 75, 20
82, 78, 18
82, 78, 51
82, 80, 5
82, 80, 23
82, 80, 32
82, 85, 33
82, 86, 11
82, 86, 44
82, 88, 49
82, 91, 3
82, 91, 26
82, 94, 25
82, 98, 13
82, 98, 25
82, 99, 36
82, 100, 24
82, 100, 42
83, 6, 6
83, 10, 27
83, 11, 48
83, 16, 17
83, 18, 56
83, 19, 32
83, 20, 26
83, 24, 21
83, 24, 53
83, 26, 42
83, 27, 44
83, 29, 26
83, 32, 40
83, 33, 13
83, 35, 30
83, 36, 54
83, 43, 13
83, 45, 14
83, 50, 41
83, 57, 7
83, 57, 44
83, 66, 19
83, 67, 15
83, 67, 29
83, 67, 40
83, 68, 19
83, 68, 41
83, 71, 10
83, 75, 10
83, 75, 33
83, 80, 6
83, 83, 26
83, 84, 6
83, 84, 14
83, 92, 17
83, 92, 29
83, 92, 56
83, 93, 27
83, 94, 37
84, 2, 27
84, 3, 15
84, 4, 44
84, 9, 47
84, 13, 12
84, 14, 16
84, 14, 23
84, 14, 51
84, 20, 29
84, 21, 39
84, 24, 50
84, 25, 11
84, 26, 7
84, 31, 6
84, 32, 29
84, 33, 27
84, 36, 48
84, 39, 59
84, 47, 33
84, 55, 40
84, 62, 30
84, 62, 39
84, 64, 30
84, 66, 35
84, 66, 39
84, 68, 13
84, 68, 44
84, 69, 33
84, 76, 4
84, 81, 12
84, 84, 28
84, 87, 10
84, 88, 18
84, 96, 28
84, 101, 47
85, 3, 39
85, 4, 3
85, 6, 7
85, 12, 15
85, 12, 38
85, 13, 32
85, 14, 20
85, 16, 33
85, 18, 33
85, 20, 4
85, 20, 55
85, 22, 20
85, 28, 47
85, 28, 57
85, 31, 39
85, 35, 11
85, 35, 24
85, 36, 33
85, 38, 21
85, 39, 50
85, 40, 10
85, 42, 9
85, 42, 19
85, 44, 9
85, 44, 53
85, 45, 5
85, 45, 42
85, 50, 36
85, 51, 36
85, 53, 28
85, 54, 12
85, 57, 30
85, 61, 32
85, 62, 16
85, 64, 21
85, 65, 29
85, 66, 23
85, 73, 2
85, 74, 17
85, 74, 20
85, 75, 3
85, 75, 53
85, 86, 15
85, 93, 38
85, 94, 23
85, 94, 33
85, 95, 36
85, 99, 47
85, 101, 14
86, 6, 13
86, 6, 53
86, 8, 21
86, 9, 38
86, 12, 5
86, 12, 47
86, 14, 16
86, 14, 38
86, 16, 27
86, 16, 48
86, 18, 16
86, 19, 21
86, 23, 55
86, 25, 3
86, 27, 22
86, 28, 14
86, 28, 27
86, 29, 47
86, 35, 15
86, 36, 40
86, 38, 21
86, 44, 41
86, 45, 5
86, 45, 32
86, 47, 11
86, 54, 18
86, 55, 43
86, 56, 8
86, 56, 36
86, 57, 21
86, 57, 32
86, 57, 45
86, 67, 26
86, 67, 55
86, 68, 33
86, 74, 33
86, 82, 17
86, 85, 13
86, 86, 36
86, 86, 52
86, 90, 13
86, 90, 43
86, 91, 14
86, 96, 22
87, 2, 20
87, 2, 47
87, 8, 23
87, 9, 15
87, 9, 28
87, 9, 38
87, 11, 14
87, 21, 15
87, 28, 22
87, 36, 46
87, 44, 44
87, 45, 7
87, 49, 6
87, 49, 36
87, 58, 38
87, 58, 44
87, 60, 3
87, 62, 20
87, 62, 28
87, 67, 56
87, 68, 52
87, 72, 50
87, 73, 6
87, 74, 19
87, 80, 28
87, 85, 47
87, 85, 51
87, 87, 62
87, 89, 7
87, 94, 22
87, 94, 32
87, 95, 32
87, 96, 19
87, 98, 6
87, 99, 50
88, 1, 51
88, 5, 34
88, 6, 2
88, 6, 4
88, 6, 29
88, 11, 37
88, 18, 1
88, 21, 32
88, 23, 32
88, 23, 35
88, 24, 10
88, 24, 19
88, 25, 36
88, 27, 54
88, 31, 44
88, 32, 42
88, 34, 34
88, 34, 37
88, 37, 11
88, 38, 5
88, 43, 48
88, 44, 13
88, 51, 27
88, 51, 47
88, 57, 3
88, 58, 18
88, 59, 46
88, 68, 17
88, 70, 21
88, 70, 51
88, 72, 19
88, 72, 36
88, 73, 37
88, 73, 45
88, 74, 10
88, 83, 32
88, 85, 10
88, 87, 7
88, 87, 44
88, 88, 3
88, 88, 54
88, 94, 9
88, 94, 37
88, 94, 42
88, 95, 43
89, 2, 34
89, 3, 16
89, 4, 26
89, 7, 37
89, 9, 40
89, 12, 13
89, 12, 47
89, 14, 57
89, 15, 1
89, 15, 12
89, 15, 28
89, 15, 50
89, 17, 7
89, 17, 39
89, 22, 10
89, 23, 22
89, 26, 19
89, 27, 39
89, 29, 53
89, 34, 4
89, 37, 32
89, 41, 12
89, 41, 35
89, 47, 18
89, 47, 21
89, 48, 23
89, 51, 44
89, 53, 28
89, 61, 50
89, 62, 37
89, 68, 18
89, 68, 51
89, 73, 30
89, 73, 40
89, 75, 40
89, 79, 24
89, 81, 34
89, 82, 1
89, 87, 10
89, 88, 22
89, 91, 45
89, 92, 57
89, 95, 34
89, 98, 16
89, 99, 23
89, 100, 35
89, 100, 36
90, 1, 7
90, 2, 1
90, 2, 42
90, 10, 12
90, 12, 16
90, 13, 32
90, 14, 22
90, 23, 9
90, 27, 53
90, 28, 13
90, 30, 32
90, 32, 27
90, 33, 23
90, 33, 43
90, 33, 67
90, 35, 3
90, 35, 8
90, 35, 11
90, 36, 19
90, 37, 37
90, 38, 47
90, 41, 16
90, 45, 53
90, 47, 7
90, 48, 34
90, 50, 20
90, 51, 48
90, 63, 43
90, 64, 8
90, 64, 46
90, 69, 42
90, 72, 45
90, 78, 13
90, 81, 5
90, 81, 42
90, 85, 11
90, 85, 32
90, 85, 69
90, 87, 31
90, 94, 45
90, 96, 34
90, 96, 44
90, 97, 53
91, 1, 29
91, 2, 32
91, 11, 52
91, 13, 9
91, 14, 51
91, 17, 52
91, 18, 13
91, 18, 30
91, 18, 35
91, 20, 28
91, 20, 44
91, 25, 40
91, 33, 46
91, 42, 45
91, 45, 37
91, 46, 4
91, 53, 34
91, 54, 7
91, 57, 52
91, 61, 32
91, 66, 49
91, 67, 13
91, 72, 7
91, 72, 46
91, 73, 27
91, 75, 22
91, 79, 28
91, 79, 45
91, 84, 52
91, 86, 9
91, 86, 15
91, 86, 18
91, 91, 14
91, 91, 23
91, 95, 8
91, 95, 28
91, 95, 44
91, 97, 8
91, 97, 17
92, 4, 4
92, 5, 1
92, 7, 13
92, 7, 16
92, 7, 48
92, 10, 42
92, 11, 28
92, 12, 55
92, 17, 23
92, 22, 17
92, 24, 29
92, 24, 45
92, 28, 4
92, 29, 11
92, 29, 28
92, 40, 26
92, 41, 36
92, 42, 6
92, 42, 47
92, 43, 9
92, 43, 37
92, 43, 45
92, 45, 10
92, 47, 23
92, 51, 27
92, 54, 36
92, 57, 32
92, 58, 20
92, 64, 9
92, 67, 5
92, 67, 44
92, 68, 4
92, 71, 59
92, 78, 14
92, 78, 42
92, 81, 24
92, 83, 26
92, 98, 5
92, 100, 17
93, 5, 47
93, 15, 8
93, 18, 32
93, 20, 6
93, 22, 15
93, 27, 21
93, 27, 37
93, 31, 15
93, 32, 20
93, 32, 34
93, 33, 10
93, 38, 25
93, 45, 36
93, 46, 55
93, 49, 32
93, 49, 57
93, 51, 42
93, 51, 44
93, 52, 12
93, 56, 19
93, 60, 8
93, 63, 23
93, 71, 25
93, 71, 54
93, 72, 32
93, 76, 24
93, 77, 51
93, 81, 34
93, 84, 15
93, 88, 9
93, 88, 27
93, 94, 42
93, 95, 17
93, 96, 36
93, 97, 3
94, 3, 10
94, 5, 51
94, 7, 46
94, 9, 21
94, 14, 38
94, 16, 27
94, 16, 33
94, 16, 42
94, 17, 48
94, 22, 19
94, 23, 18
94, 32, 22
94, 32, 36
94, 35, 7
94, 37, 6
94, 37, 40
94, 39, 22
94, 45, 21
94, 46, 14
94, 46, 29
94, 50, 40
94, 55, 45
94, 56, 16
94, 56, 25
94, 57, 12
94, 61, 45
94, 78, 16
94, 79, 45
94, 79, 51
94, 80, 24
94, 80, 54
94, 83, 40
94, 88, 27
94, 90, 38
94, 92, 18
94, 94, 52
94, 99, 33
94, 101, 46
95, 4, 42
95, 5, 30
95, 7, 8
95, 7, 20
95, 12, 39
95, 12, 44
95, 13, 21
95, 19, 5
95, 20, 12
95, 22, 38
95, 25, 25
95, 27, 5
95, 28, 41
95, 36, 1
95, 39, 12
95, 42, 28
95, 49, 42
95, 55, 12
95, 55, 16
95, 55, 44
95, 56, 4
95, 57, 3
95, 60, 38
95, 60, 41
95, 61, 17
95, 62, 39
95, 65, 3
95, 67, 39
95, 68, 2
95, 68, 46
95, 70, 40
95, 74, 12
95, 75, 5
95, 75, 45
95, 77, 4
95, 81, 32
95, 85, 3
95, 85, 32
95, 88, 10
95, 89, 32
95, 90, 26
95, 90, 47
95, 94, 21
95, 94, 25
95, 96, 8
95, 98, 12
96, 1, 30
96, 3, 20
96, 5, 38
96, 6, 54
96, 7, 11
96, 11, 1
96, 12, 4
96, 14, 18
96, 16, 49
96, 18, 31
96, 20, 34
96, 22, 36
96, 23, 18
96, 24, 31
96, 24, 48
96, 27, 41
96, 27, 50
96, 28, 11
96, 29, 14
96, 29, 28
96, 29, 47
96, 38, 38
96, 43, 15
96, 50, 31
96, 53, 14
96, 53, 19
96, 55, 45
96, 56, 41
96, 61, 21
96, 61, 26
96, 65, 29
96, 72, 6
96, 73, 18
96, 82, 53
96, 88, 4
96, 88, 28
96, 89, 6
96, 90, 20
96, 97, 11
96, 98, 54
96, 99, 9
97, 9, 31
97, 19, 25
97, 21, 30
97, 22, 1
97, 26, 5
97, 26, 14
97, 26, 44
97, 29, 51
97, 30, 49
97, 32, 28
97, 32, 32
97, 39, 47
97, 47, 21
97, 48, 43
97, 52, 1
97, 56, 37
97, 57, 51
97, 58, 20
97, 58, 49
97, 62, 41
97, 65, 12
97, 65, 32
97, 68, 49
97, 69, 43
97, 71, 17
97, 71, 25
97, 76, 32
97, 77, 9
97, 80, 52
97, 84, 19
97, 84, 28
97, 87, 19
97, 87, 21
97, 89, 5
97, 89, 34
97, 95, 31
97, 96, 39
97, 97, 22
97, 97, 25
97, 99, 3
97, 99, 36
97, 101, 47
98, 4, 49
98, 10, 34
98, 11, 40
98, 20, 21
98, 21, 42
98, 25, 9
98, 30, 1
98, 32, 30
98, 39, 30
98, 42, 50
98, 43, 15
98, 45, 32
98, 49, 48
98, 53, 32
98, 53, 46
98, 55, 1
98, 60, 10
98, 60, 16
98, 60, 32
98, 64, 28
98, 70, 34
98, 71, 46
98, 73, 7
98, 73, 48
98, 76, 21
98, 77, 1
98, 86, 6
98, 90, 42
98, 94, 6
98, 95, 12
98, 96, 11
98, 98, 47
99, 1, 44
99, 4, 3
99, 4, 43
99, 5, 31
99, 6, 36
99, 9, 6
99, 9, 22
99, 12, 10
99, 15, 66
99, 16, 31
99, 23, 2
99, 26, 46
99, 34, 16
99, 34, 19
99, 34, 52
99, 35, 20
99, 37, 16
99, 39, 26
99, 41, 48
99, 42, 44
99, 44, 18
99, 44, 36
99, 46, 14
99, 48, 12
99, 49, 6
99, 50, 36
99, 60, 28
99, 62, 8
99, 63, 19
99, 64, 3
99, 70, 4
99, 70, 11
99, 70, 23
99, 70, 30
99, 79, 31
99, 79, 35
99, 89, 26
99, 99, 2
99, 100, 30
100, 1, 13
100, 1, 32
100, 6, 42
100, 12, 46
100, 17, 25
100, 17, 49
100, 18, 50
100, 24, 40
100, 26, 52
100, 27, 7
100, 38, 13
100, 39, 10
100, 41, 38
100, 49, 1
100, 49, 35
100, 49, 41
100, 63, 12
100, 63, 31
100, 64, 21
100, 64, 30
100, 66, 46
100, 67, 10
100, 68, 48
100, 72, 33
100, 74, 31
100, 74, 51
100, 76, 42
100, 80, 35
100, 80, 50
100, 88, 7
100, 89, 6
100, 95, 41
100, 99, 53
101, 1, 55
101, 6, 5
101, 6, 16
101, 7, 34
101, 8, 41
101, 8, 47
101, 9, 39
101, 11, 20
101, 11, 59
101, 14, 24
101, 17, 14
101, 19, 19
101, 23, 45
101, 28, 6
101, 29, 11
101, 34, 22
101, 35, 1
101, 38, 52
101, 52, 34
101, 57, 2
101, 59, 9
101, 61, 21
101, 63, 34
101, 64, 11
101, 67, 33
101, 79, 39
101, 81, 44
101, 82, 23
101, 83, 52
101, 86, 24
101, 86, 37
101, 86, 41
101, 89, 30
101, 90, 45
101, 92, 5
101, 93, 14
101, 96, 16
101, 97, 29
101, 97, 39
101, 99, 44
101, 101, 47
