1, 3, 12
1, 3, 30
1, 5, 22
1, 6, 49
1, 9, 10
1, 9, 45
1, 10, 38
1, 10, 46
1, 16, 5
1, 17, 34
1, 18, 43
1, 25, 12
1, 27, 18
1, 28, 1
1, 31, 11
1, 31, 54
1, 33, 8
1, 35, 4
1, 41, 18
1, 41, 33
1, 42, 16
1, 42, 30
1, 43, 47
1, 44, 6
1, 45, 31
1, 50, 25
1, 51, 22
1, 55, 34
1, 55, 37
1, 57, 37
1, 62, 38
1, 65, 30
1, 66, 25
1, 68, 49
1, 70, 48
1, 71, 6
1, 74, 28
1, 75, 5
1, 75, 21
1, 75, 49
1, 76, 49
1, 79, 45
1, 80, 8
1, 80, 14
1, 81, 11
1, 81, 18
1, 88, 17
1, 88, 37
1, 93, 34
1, 97, 30
1, 98, 17
1, 99, 8
1, 99, 43
1, 101, 12
2, 1, 22
2, 1, 35
2, 3, 2
2, 3, 26
2, 8, 41
2, 8, 54
2, 16, 27
2, 16, 37
2, 17, 4
2, 17, 26
2, 18, 23
2, 20, 52
2, 23, 7
2, 23, 36
2, 25, 46
2, 27, 21
2, 30, 2
2, 30, 40
2, 31, 43
2, 35, 15
2, 35, 33
2, 36, 6
2, 36, 25
2, 38, 3
2, 38, 51
2, 42, 19
2, 43, 4
2, 46, 41
2, 48, 16
2, 49, 53
2, 56, 12
2, 61, 2
2, 61, 22
2, 62, 20
2, 63, 26
2, 67, 56
2, 68, 7
2, 68, 45
2, 68, 57
2, 69, 13
2, 70, 26
2, 71, 21
2, 73, 25
2, 74, 32
2, 76, 17
2, 77, 31
2, 83, 24
2, 83, 27
2, 85, 46
2, 86, 30
2, 88, 1
2, 88, 53
2, 90, 27
2, 92, 30
2, 93, 20
2, 99, 37
2, 101, 6
3, 1, 12
3, 1, 43
3, 3, 3
3, 3, 37
3, 4, 6
3, 7, 15
3, 7, 44
3, 9, 32
3, 10, 18
3, 15, 4
3, 15, 13
3, 15, 52
3, 17, 30
3, 17, 49
3, 20, 2
3, 20, 38
3, 23, 34
3, 23, 63
3, 27, 21
3, 29, 30
3, 30, 8
3, 31, 32
3, 34, 15
3, 34, 23
3, 34, 50
3, 40, 33
3, 41, 27
3, 42, 36
3, 44, 37
3, 46, 22
3, 47, 16
3, 50, 8
3, 51, 10
3, 56, 3
3, 60, 10
3, 60, 41
3, 63, 16
3, 63, 41
3, 64, 23
3, 66, 6
3, 69, 19
3, 69, 32
3, 71, 30
3, 72, 30
3, 72, 49
3, 74, 2
3, 75, 20
3, 76, 13
3, 76, 22
3, 78, 22
3, 82, 8
3, 82, 9
3, 83, 4
3, 84, 18
3, 84, 22
3, 84, 37
3, 89, 4
3, 90, 36
3, 92, 25
3, 98, 22
4, 1, 14
4, 3, 36
4, 5, 8
4, 6, 53
4, 7, 20
4, 8, 13
4, 13, 30
4, 15, 14
4, 17, 12
4, 17, 46
4, 18, 39
4, 21, 37
4, 22, 23
4, 23, 50
4, 25, 28
4, 25, 43
4, 29, 60
4, 31, 52
4, 34, 14
4, 35, 7
4, 36, 33
4, 36, 47
4, 38, 26
4, 40, 5
4, 40, 50
4, 47, 5
4, 47, 34
4, 48, 38
4, 49, 40
4, 50, 18
4, 50, 22
4, 50, 25
4, 50, 45
4, 51, 42
4, 55, 7
4, 55, 47
4, 58, 39
4, 63, 9
4, 63, 12
4, 63, 20
4, 63, 29
4, 66, 14
4, 68, 39
4, 74, 7
4, 77, 5
4, 80, 57
4, 81, 13
4, 82, 4
4, 84, 47
4, 87, 43
4, 88, 8
4, 89, 53
4, 91, 38
4, 92, 19
4, 95, 12
4, 97, 38
5, 2, 9
5, 4, 6
5, 4, 9
5, 7, 37
5, 10, 17
5, 11, 31
5, 12, 15
5, 12, 21
5, 12, 24
5, 14, 13
5, 14, 33
5, 18, 20
5, 18, 43
5, 19, 41
5, 20, 30
5, 23, 14
5, 27, 34
5, 28, 55
5, 30, 44
5, 33, 10
5, 33, 12
5, 34, 29
5, 36, 38
5, 36, 42
5, 42, 34
5, 45, 2
5, 48, 49
5, 48, 57
5, 53, 33
5, 56, 41
5, 58, 50
5, 66, 56
5, 67, 30
5, 68, 26
5, 70, 22
5, 72, 6
5, 73, 46
5, 74, 10
5, 74, 40
5, 75, 37
5, 76, 46
5, 78, 51
5, 79, 49
5, 80, 12
5, 80, 52
5, 84, 5
5, 85, 50
5, 89, 9
5, 91, 31
5, 92, 8
5, 95, 21
5, 96, 43
5, 97, 17
5, 98, 49
5, 98, 50
5, 99, 41
5, 100, 15
5, 100, 18
6, 1, 6
6, 1, 58
6, 4, 13
6, 4, 25
6, 10, 23
6, 15, 9
6, 15, 24
6, 15, 25
6, 15, 39
6, 16, 1
6, 20, 36
6, 21, 6
6, 24, 47
6, 25, 29
6, 31, 42
6, 37, 37
6, 38, 31
6, 40, 13
6, 46, 39
6, 49, 31
6, 50, 29
6, 52, 47
6, 53, 45
6, 54, 36
6, 55, 34
6, 56, 38
6, 58, 47
6, 59, 45
6, 60, 13
6, 67, 48
6, 69, 34
6, 69, 55
6, 74, 6
6, 78, 51
6, 81, 36
6, 83, 27
6, 85, 45
6, 86, 35
6, 87, 1
6, 89, 26
6, 92, 20
6, 98, 25
7, 2, 47
7, 3, 20
7, 4, 33
7, 5, 12
7, 5, 47
7, 12, 26
7, 19, 4
7, 20, 29
7, 20, 31
7, 21, 8
7, 22, 16
7, 22, 48
7, 23, 14
7, 24, 16
7, 24, 25
7, 30, 41
7, 34, 3
7, 35, 14
7, 36, 21
7, 37, 23
7, 37, 25
7, 39, 1
7, 39, 40
7, 40, 7
7, 41, 37
7, 43, 47
7, 43, 52
7, 45, 49
7, 46, 28
7, 46, 45
7, 47, 37
7, 48, 33
7, 49, 26
7, 52, 43
7, 54, 20
7, 55, 21
7, 58, 42
7, 60, 8
7, 60, 20
7, 61, 2
7, 62, 16
7, 62, 31
7, 63, 25
7, 66, 32
7, 66, 33
7, 66, 36
7, 66, 39
7, 67, 1
7, 71, 8
7, 72, 38
7, 73, 28
7, 74, 41
7, 76, 14
7, 78, 33
7, 79, 8
7, 79, 37
7, 81, 25
7, 82, 27
7, 85, 46
7, 91, 12
7, 94, 37
7, 95, 49
7, 96, 34
7, 96, 41
7, 97, 35
7, 98, 31
7, 99, 3
7, 99, 50
7, 100, 24
8, 3, 19
8, 5, 1
8, 5, 23
8, 5, 25
8, 5, 31
8, 6, 7
8, 6, 46
8, 7, 6
8, 8, 34
8, 9, 8
8, 11, 18
8, 15, 28
8, 15, 35
8, 20, 49
8, 21, 29
8, 21, 42
8, 23, 27
8, 25, 10
8, 25, 48
8, 26, 52
8, 30, 6
8, 35, 25
8, 36, 53
8, 38, 6
8, 38, 37
8, 40, 53
8, 44, 8
8, 44, 24
8, 45, 6
8, 46, 26
8, 49, 4
8, 53, 12
8, 53, 27
8, 57, 50
8, 63, 14
8, 66, 17
8, 66, 49
8, 71, 45
8, 72, 16
8, 74, 48
8, 79, 8
8, 80, 48
8, 81, 31
8, 81, 35
8, 82, 17
8, 86, 33
8, 87, 10
8, 87, 46
8, 88, 13
8, 88, 45
8, 90, 24
8, 92, 37
8, 95, 8
8, 98, 6
8, 100, 13
9, 1, 18
9, 1, 29
9, 2, 42
9, 6, 6
9, 6, 55
9, 7, 27
9, 7, 39
9, 8, 9
9, 8, 22
9, 8, 34
9, 9, 31
9, 12, 48
9, 12, 59
9, 13, 23
9, 16, 9
9, 16, 38
9, 19, 18
9, 21, 32
9, 21, 39
9, 22, 6
9, 23, 20
9, 24, 13
9, 24, 43
9, 29, 38
9, 32, 29
9, 32, 46
9, 38, 16
9, 39, 4
9, 39, 41
9, 44, 32
9, 45, 28
9, 58, 19
9, 58, 43
9, 61, 56
9, 66, 18
9, 66, 42
9, 66, 55
9, 67, 38
9, 68, 4
9, 70, 21
9, 74, 27
9, 74, 38
9, 77, 4
9, 83, 8
9, 84, 32
9, 86, 21
9, 86, 31
9, 87, 24
9, 88, 2
9, 88, 17
9, 90, 9
9, 90, 16
9, 92, 11
9, 92, 46
9, 95, 23
9, 96, 9
9, 96, 24
9, 98, 29
9, 98, 34
9, 98, 51
9, 100, 42
10, 2, 33
10, 4, 12
10, 4, 29
10, 6, 45
10, 6, 51
10, 11, 9
10, 11, 40
10, 12, 44
10, 12, 47
10, 14, 16
10, 15, 28
10, 16, 51
10, 18, 24
10, 18, 26
10, 19, 16
10, 22, 56
10, 23, 31
10, 25, 1
10, 28, 23
10, 29, 6
10, 31, 1
10, 31, 17
10, 31, 21
10, 34, 29
10, 39, 36
10, 39, 38
10, 41, 12
10, 42, 39
10, 43, 17
10, 44, 35
10, 46, 4
10, 46, 8
10, 48, 35
10, 50, 34
10, 51, 16
10, 53, 26
10, 54, 18
10, 54, 51
10, 58, 29
10, 58, 32
10, 68, 1
10, 74, 33
10, 75, 12
10, 79, 9
10, 85, 49
10, 88, 12
10, 88, 29
10, 89, 38
10, 92, 8
10, 92, 35
10, 92, 45
10, 94, 40
10, 97, 51
10, 98, 30
10, 99, 43
11, 1, 2
11, 1, 11
11, 3, 22
11, 4, 36
11, 5, 40
11, 6, 26
11, 6, 42
11, 6, 46
11, 6, 53
11, 7, 20
11, 9, 1
11, 12, 6
11, 13, 14
11, 17, 6
11, 17, 25
11, 17, 41
11, 17, 51
11, 21, 11
11, 21, 18
11, 24, 17
11, 24, 45
11, 27, 19
11, 32, 7
11, 32, 9
11, 32, 23
11, 32, 27
11, 32, 32
11, 33, 34
11, 34, 6
11, 49, 24
11, 50, 28
11, 50, 54
11, 51, 2
11, 53, 19
11, 54, 1
11, 54, 40
11, 54, 41
11, 55, 25
11, 57, 4
11, 57, 40
11, 60, 14
11, 61, 12
11, 61, 26
11, 62, 34
11, 64, 25
11, 69, 20
11, 69, 45
11, 72, 11
11, 75, 5
11, 79, 20
11, 79, 51
11, 80, 35
11, 82, 42
11, 85, 14
11, 85, 24
11, 88, 30
11, 91, 7
11, 92, 27
11, 94, 18
11, 97, 6
11, 97, 45
12, 1, 30
12, 1, 46
12, 2, 3
12, 2, 10
12, 2, 39
12, 7, 30
12, 9, 7
12, 11, 16
12, 12, 41
12, 15, 18
12, 15, 20
12, 22, 26
12, 25, 23
12, 27, 36
12, 30, 34
12, 30, 35
12, 31, 4
12, 33, 12
12, 36, 46
12, 38, 11
12, 38, 18
12, 39, 22
12, 41, 50
12, 43, 4
12, 43, 27
12, 46, 35
12, 47, 18
12, 49, 28
12, 50, 5
12, 50, 15
12, 52, 54
12, 55, 9
12, 55, 45
12, 56, 5
12, 57, 38
12, 57, 45
12, 58, 46
12, 62, 39
12, 65, 45
12, 68, 41
12, 69, 10
12, 69, 45
12, 70, 11
12, 74, 12
12, 74, 42
12, 78, 34
12, 81, 13
12, 82, 18
12, 84, 33
12, 86, 24
12, 90, 12
12, 92, 28
12, 93, 9
12, 94, 16
12, 95, 46
12, 100, 5
12, 100, 58
13, 1, 39
13, 4, 55
13, 5, 38
13, 7, 1
13, 8, 32
13, 13, 14
13, 13, 21
13, 15, 36
13, 18, 45
13, 21, 23
13, 23, 12
13, 23, 33
13, 25, 36
13, 27, 46
13, 27, 49
13, 28, 55
13, 30, 5
13, 30, 55
13, 32, 18
13, 33, 28
13, 34, 11
13, 36, 7
13, 37, 14
13, 40, 20
13, 41, 8
13, 41, 55
13, 42, 21
13, 43, 22
13, 46, 33
13, 51, 29
13, 51, 46
13, 53, 21
13, 53, 50
13, 54, 4
13, 55, 30
13, 57, 34
13, 58, 11
13, 58, 20
13, 58, 51
13, 60, 8
13, 62, 1
13, 66, 28
13, 70, 23
13, 70, 30
13, 73, 34
13, 74, 1
13, 74, 36
13, 77, 12
13, 81, 13
13, 88, 18
13, 88, 45
13, 90, 23
13, 91, 33
13, 98, 40
13, 100, 36
13, 101, 21
14, 1, 36
14, 2, 51
14, 4, 17
14, 6, 47
14, 9, 22
14, 11, 4
14, 15, 38
14, 15, 39
14, 17, 8
14, 17, 40
14, 20, 32
14, 22, 27
14, 26, 7
14, 27, 20
14, 30, 36
14, 31, 24
14, 32, 2
14, 39, 36
14, 39, 40
14, 41, 15
14, 41, 42
14, 42, 6
14, 42, 29
14, 43, 39
14, 44, 51
14, 46, 42
14, 48, 47
14, 52, 2
14, 53, 31
14, 55, 28
14, 57, 21
14, 57, 64
14, 60, 11
14, 61, 29
14, 62, 20
14, 63, 22
14, 64, 3
14, 64, 48
14, 66, 17
14, 66, 21
14, 67, 50
14, 68, 43
14, 69, 36
14, 71, 3
14, 71, 18
14, 76, 35
14, 78, 2
14, 80, 15
14, 81, 2
14, 82, 26
14, 82, 29
14, 82, 43
14, 85, 54
14, 86, 20
14, 87, 21
14, 88, 15
14, 88, 25
14, 89, 6
14, 89, 37
14, 90, 8
14, 91, 6
14, 91, 25
14, 91, 56
14, 92, 1
14, 92, 14
14, 92, 47
14, 98, 2
14, 100, 17
15, 3, 9
15, 4, 24
15, 7, 6
15, 7, 44
15, 7, 51
15, 8, 35
15, 10, 36
15, 16, 22
15, 16, 32
15, 16, 42
15, 17, 37
15, 18, 10
15, 21, 54
15, 22, 29
15, 22, 45
15, 22, 47
15, 23, 6
15, 23, 12
15, 25, 26
15, 25, 49
15, 28, 48
15, 28, 53
15, 29, 9
15, 30, 11
15, 30, 28
15, 31, 40
15, 33, 20
15, 37, 12
15, 37, 30
15, 37, 36
15, 39, 48
15, 40, 7
15, 40, 36
15, 43, 42
15, 44, 55
15, 45, 23
15, 47, 55
15, 48, 9
15, 54, 15
15, 56, 37
15, 61, 44
15, 62, 34
15, 66, 32
15, 67, 20
15, 69, 9
15, 70, 31
15, 71, 17
15, 71, 39
15, 72, 47
15, 73, 34
15, 74, 12
15, 74, 30
15, 75, 32
15, 77, 24
15, 81, 46
15, 83, 3
15, 85, 34
15, 85, 40
15, 87, 36
15, 91, 44
15, 92, 36
15, 92, 49
15, 94, 55
15, 95, 11
15, 96, 36
15, 98, 2
15, 98, 24
15, 99, 29
15, 100, 55
15, 101, 14
15, 101, 27
16, 4, 5
16, 5, 17
16, 6, 16
16, 6, 40
16, 8, 25
16, 8, 34
16, 9, 43
16, 10, 56
16, 11, 3
16, 13, 14
16, 18, 42
16, 18, 51
16, 21, 39
16, 25, 27
16, 27, 36
16, 29, 21
16, 31, 36
16, 32, 2
16, 34, 45
16, 37, 20
16, 40, 31
16, 45, 12
16, 46, 2
16, 46, 57
16, 52, 8
16, 55, 43
16, 57, 12
16, 60, 16
16, 62, 20
16, 65, 41
16, 68, 34
16, 68, 50
16, 68, 55
16, 70, 12
16, 77, 14
16, 77, 33
16, 78, 16
16, 79, 22
16, 83, 24
16, 83, 36
16, 84, 3
16, 84, 42
16, 86, 5
16, 90, 27
16, 95, 5
16, 97, 20
16, 98, 25
16, 99, 23
16, 101, 50
17, 2, 45
17, 7, 43
17, 7, 55
17, 8, 21
17, 8, 32
17, 9, 2
17, 11, 9
17, 11, 15
17, 12, 12
17, 14, 17
17, 14, 39
17, 15, 19
17, 19, 16
17, 19, 20
17, 19, 37
17, 20, 32
17, 21, 11
17, 22, 27
17, 26, 39
17, 27, 42
17, 31, 34
17, 33, 51
17, 37, 49
17, 39, 47
17, 40, 21
17, 44, 14
17, 44, 36
17, 44, 46
17, 49, 13
17, 49, 55
17, 55, 28
17, 56, 38
17, 57, 14
17, 58, 27
17, 58, 59
17, 60, 11
17, 60, 46
17, 60, 51
17, 63, 4
17, 63, 33
17, 68, 21
17, 70, 9
17, 70, 42
17, 75, 18
17, 76, 1
17, 79, 19
17, 91, 17
17, 93, 27
17, 95, 14
17, 95, 32
17, 96, 51
17, 100, 30
17, 101, 20
17, 101, 45
18, 1, 44
18, 1, 49
18, 3, 6
18, 6, 23
18, 9, 5
18, 12, 16
18, 12, 50
18, 14, 9
18, 15, 27
18, 15, 47
18, 19, 22
18, 24, 1
18, 24, 5
18, 25, 23
18, 25, 33
18, 26, 10
18, 31, 13
18, 34, 35
18, 34, 43
18, 38, 4
18, 38, 22
18, 39, 16
18, 41, 25
18, 42, 40
18, 43, 54
18, 46, 11
18, 48, 25
18, 50, 1
18, 50, 3
18, 50, 27
18, 52, 23
18, 59, 9
18, 59, 14
18, 63, 16
18, 66, 41
18, 69, 3
18, 69, 44
18, 76, 6
18, 76, 54
18, 77, 13
18, 77, 27
18, 77, 34
18, 79, 2
18, 79, 47
18, 81, 30
18, 82, 28
18, 86, 15
18, 86, 49
18, 87, 6
18, 88, 44
18, 89, 9
18, 89, 23
18, 90, 34
18, 93, 23
18, 98, 1
18, 100, 5
18, 100, 36
18, 101, 49
19, 4, 22
19, 8, 33
19, 10, 50
19, 16, 29
19, 17, 55
19, 19, 25
19, 22, 5
19, 22, 33
19, 26, 12
19, 27, 12
19, 27, 30
19, 29, 16
19, 29, 43
19, 35, 27
19, 43, 53
19, 44, 42
19, 44, 49
19, 49, 46
19, 50, 37
19, 59, 1
19, 63, 38
19, 64, 43
19, 68, 37
19, 72, 10
19, 73, 8
19, 74, 22
19, 78, 25
19, 80, 14
19, 83, 21
19, 83, 43
19, 85, 29
19, 85, 33
19, 89, 27
19, 93, 55
19, 95, 5
19, 95, 25
19, 97, 53
19, 100, 30
20, 6, 25
20, 7, 8
20, 8, 2
20, 8, 45
20, 15, 18
20, 15, 29
20, 16, 28
20, 20, 20
20, 23, 2
20, 26, 27
20, 27, 38
20, 32, 10
20, 32, 22
20, 32, 45
20, 35, 48
20, 37, 16
20, 37, 18
20, 38, 44
20, 39, 45
20, 40, 26
20, 44, 18
20, 45, 37
20, 46, 51
20, 47, 1
20, 48, 57
20, 49, 26
20, 49, 38
20, 51, 11
20, 51, 19
20, 51, 40
20, 52, 5
20, 52, 26
20, 52, 53
20, 54, 25
20, 55, 18
20, 56, 19
20, 56, 36
20, 57, 17
20, 58, 18
20, 59, 29
20, 60, 3
20, 60, 50
20, 61, 43
20, 61, 54
20, 67, 8
20, 74, 12
20, 75, 33
20, 80, 27
20, 83, 40
20, 84, 17
20, 84, 59
20, 87, 10
20, 89, 10
20, 92, 18
20, 92, 22
20, 93, 37
20, 93, 44
20, 97, 13
20, 97, 26
20, 98, 18
20, 99, 27
20, 101, 42
21, 2, 4
21, 2, 5
21, 3, 10
21, 5, 22
21, 6, 18
21, 7, 3
21, 8, 22
21, 8, 52
21, 9, 38
21, 12, 32
21, 19, 33
21, 24, 43
21, 27, 2
21, 27, 29
21, 27, 49
21, 29, 3
21, 30, 24
21, 34, 9
21, 35, 10
21, 35, 49
21, 37, 4
21, 37, 59
21, 38, 11
21, 38, 28
21, 42, 15
21, 42, 40
21, 45, 29
21, 46, 20
21, 51, 3
21, 56, 47
21, 61, 10
21, 64, 48
21, 65, 37
21, 72, 33
21, 73, 18
21, 73, 31
21, 74, 15
21, 76, 27
21, 76, 51
21, 78, 48
21, 79, 40
21, 79, 45
21, 85, 1
21, 85, 38
21, 86, 4
21, 88, 5
21, 88, 26
21, 92, 4
21, 93, 22
21, 98, 33
21, 100, 24
22, 3, 7
22, 3, 40
22, 3, 51
22, 5, 15
22, 9, 53
22, 13, 24
22, 13, 37
22, 13, 50
22, 14, 9
22, 17, 10
22, 17, 29
22, 18, 38
22, 19, 27
22, 20, 3
22, 22, 47
22, 24, 30
22, 24, 38
22, 25, 43
22, 26, 21
22, 27, 7
22, 27, 17
22, 29, 12
22, 34, 14
22, 36, 34
22, 37, 10
22, 38, 12
22, 43, 23
22, 44, 3
22, 44, 17
22, 46, 30
22, 46, 40
22, 47, 10
22, 47, 22
22, 49, 20
22, 49, 61
22, 50, 52
22, 52, 15
22, 52, 31
22, 55, 51
22, 58, 29
22, 58, 34
22, 58, 44
22, 59, 27
22, 61, 45
22, 63, 7
22, 66, 32
22, 76, 35
22, 77, 20
22, 81, 5
22, 82, 18
22, 87, 16
22, 93, 12
22, 93, 47
22, 94, 12
22, 94, 29
22, 95, 4
22, 96, 29
22, 96, 53
22, 98, 9
22, 101, 10
22, 101, 18
22, 101, 38
23, 1, 3
23, 2, 30
23, 3, 59
23, 6, 42
23, 7, 25
23, 8, 39
23, 9, 13
23, 9, 25
23, 9, 35
23, 9, 44
23, 14, 9
23, 17, 41
23, 18, 54
23, 20, 41
23, 21, 15
23, 21, 48
23, 23, 15
23, 29, 45
23, 30, 29
23, 42, 3
23, 43, 48
23, 44, 17
23, 44, 55
23, 46, 22
23, 47, 6
23, 47, 24
23, 48, 15
23, 51, 25
23, 54, 24
23, 56, 15
23, 57, 9
23, 57, 21
23, 58, 16
23, 59, 37
23, 61, 26
23, 62, 6
23, 63, 40
23, 65, 33
23, 69, 3
23, 69, 40
23, 72, 23
23, 73, 59
23, 77, 32
23, 78, 23
23, 79, 24
23, 81, 17
23, 81, 24
23, 84, 17
23, 84, 35
23, 85, 16
23, 93, 22
23, 93, 44
23, 95, 41
23, 96, 22
24, 2, 2
24, 2, 5
24, 5, 27
24, 8, 46
24, 10, 40
24, 12, 46
24, 13, 8
24, 13, 43
24, 17, 46
24, 20, 32
24, 22, 21
24, 25, 19
24, 26, 5
24, 33, 26
24, 34, 8
24, 38, 27
24, 40, 44
24, 42, 5
24, 42, 7
24, 43, 20
24, 43, 36
24, 45, 18
24, 46, 30
24, 47, 21
24, 50, 51
24, 51, 2
24, 53, 23
24, 53, 40
24, 53, 41
24, 55, 42
24, 61, 13
24, 64, 22
24, 64, 42
24, 67, 28
24, 69, 37
24, 69, 51
24, 72, 44
24, 74, 43
24, 79, 41
24, 80, 13
24, 83, 4
24, 84, 20
24, 84, 54
24, 85, 42
24, 85, 44
24, 87, 40
24, 88, 32
24, 89, 14
24, 93, 15
24, 93, 21
24, 94, 27
24, 95, 5
24, 96, 46
24, 100, 12
24, 100, 39
25, 7, 12
25, 8, 2
25, 8, 10
25, 13, 20
25, 21, 51
25, 23, 12
25, 23, 41
25, 24, 6
25, 27, 13
25, 28, 10
25, 30, 8
25, 30, 50
25, 40, 15
25, 40, 22
25, 42, 10
25, 42, 23
25, 47, 27
25, 48, 36
25, 49, 37
25, 50, 6
25, 53, 17
25, 59, 2
25, 61, 33
25, 69, 37
25, 69, 45
25, 72, 14
25, 72, 48
25, 74, 46
25, 78, 7
25, 81, 52
25, 83, 37
25, 84, 38
25, 97, 50
25, 98, 44
25, 100, 17
26, 13, 4
26, 13, 9
26, 13, 47
26, 13, 54
26, 16, 8
26, 17, 23
26, 19, 46
26, 20, 5
26, 20, 45
26, 21, 26
26, 25, 1
26, 25, 23
26, 26, 14
26, 26, 34
26, 30, 30
26, 32, 3
26, 33, 13
26, 34, 29
26, 35, 19
26, 36, 28
26, 37, 36
26, 38, 47
26, 39, 47
26, 39, 49
26, 40, 34
26, 43, 38
26, 46, 46
26, 47, 11
26, 48, 5
26, 51, 12
26, 53, 24
26, 57, 23
26, 59, 6
26, 59, 47
26, 60, 19
26, 62, 23
26, 62, 24
26, 66, 10
26, 67, 15
26, 67, 34
26, 67, 55
26, 69, 8
26, 69, 30
26, 69, 49
26, 70, 1
26, 70, 34
26, 73, 9
26, 73, 42
26, 74, 34
26, 75, 11
26, 79, 17
26, 80, 34
26, 82, 17
26, 84, 51
26, 85, 11
26, 85, 13
26, 85, 44
26, 88, 29
26, 88, 45
26, 89, 3
26, 94, 14
26, 94, 31
26, 95, 37
26, 98, 15
27, 4, 8
27, 4, 15
27, 4, 28
27, 4, 62
27, 10, 41
27, 14, 27
27, 15, 43
27, 19, 18
27, 22, 27
27, 23, 23
27, 27, 28
27, 29, 24
27, 33, 40
27, 38, 16
27, 38, 34
27, 40, 21
27, 43, 10
27, 45, 57
27, 53, 10
27, 57, 48
27, 61, 11
27, 62, 50
27, 64, 24
27, 66, 14
27, 69, 15
27, 71, 28
27, 71, 41
27, 74, 24
27, 74, 50
27, 78, 43
27, 81, 15
27, 81, 29
27, 81, 62
27, 83, 24
27, 86, 20
27, 88, 44
27, 89, 33
27, 91, 8
27, 93, 26
27, 95, 26
27, 97, 2
27, 100, 40
27, 100, 45
27, 101, 27
28, 1, 33
28, 2, 3
28, 6, 21
28, 13, 13
28, 16, 7
28, 16, 21
28, 19, 40
28, 22, 49
28, 24, 4
28, 24, 35
28, 24, 51
28, 25, 10
28, 25, 32
28, 28, 13
28, 32, 27
28, 40, 31
28, 42, 3
28, 45, 38
28, 48, 13
28, 49, 43
28, 49, 46
28, 50, 36
28, 51, 4
28, 51, 56
28, 53, 21
28, 55, 45
28, 59, 16
28, 62, 6
28, 62, 17
28, 64, 40
28, 67, 20
28, 68, 1
28, 68, 16
28, 69, 28
28, 70, 3
28, 71, 10
28, 74, 21
28, 74, 30
28, 77, 18
28, 79, 25
28, 79, 45
28, 82, 27
28, 82, 38
28, 84, 41
28, 88, 21
28, 88, 41
28, 91, 4
28, 92, 29
28, 93, 2
28, 93, 3
28, 94, 48
28, 95, 13
28, 95, 37
28, 95, 51
28, 98, 18
28, 100, 7
29, 1, 28
29, 4, 23
29, 4, 29
29, 5, 9
29, 7, 34
29, 11, 36
29, 12, 16
29, 14, 23
29, 18, 43
29, 21, 14
29, 21, 32
29, 23, 3
29, 23, 39
29, 23, 41
29, 25, 21
29, 25, 53
29, 28, 22
29, 31, 47
29, 32, 8
29, 32, 46
29, 34, 12
29, 36, 9
29, 38, 40
29, 40, 29
29, 42, 24
29, 42, 42
29, 43, 12
29, 45, 36
29, 48, 34
29, 50, 25
29, 51, 9
29, 51, 15
29, 51, 21
29, 52, 46
29, 52, 49
29, 54, 13
29, 54, 33
29, 56, 14
29, 58, 12
29, 58, 55
29, 59, 27
29, 60, 23
29, 62, 12
29, 64, 23
29, 66, 30
29, 67, 4
29, 70, 4
29, 73, 6
29, 76, 21
29, 77, 6
29, 78, 3
29, 78, 30
29, 80, 36
29, 85, 32
29, 85, 43
29, 87, 27
29, 89, 58
29, 91, 47
29, 92, 18
29, 93, 14
29, 93, 38
29, 94, 29
29, 98, 28
29, 100, 9
30, 2, 5
30, 2, 45
30, 5, 32
30, 9, 33
30, 11, 42
30, 13, 35
30, 15, 44
30, 16, 50
30, 17, 4
30, 17, 12
30, 17, 34
30, 19, 51
30, 21, 46
30, 22, 10
30, 22, 20
30, 23, 30
30, 27, 33
30, 31, 26
30, 34, 33
30, 37, 1
30, 37, 54
30, 38, 51
30, 39, 2
30, 44, 18
30, 45, 3
30, 46, 37
30, 48, 31
30, 56, 50
30, 57, 1
30, 57, 40
30, 59, 40
30, 59, 49
30, 60, 34
30, 61, 7
30, 61, 39
30, 65, 8
30, 66, 3
30, 71, 38
30, 74, 30
30, 79, 14
30, 79, 45
30, 80, 36
30, 81, 5
30, 83, 1
30, 84, 25
30, 85, 6
30, 91, 51
30, 93, 27
30, 94, 12
30, 95, 26
30, 96, 8
30, 98, 31
30, 98, 51
30, 99, 33
31, 1, 19
31, 2, 42
31, 10, 46
31, 12, 28
31, 12, 37
31, 13, 23
31, 15, 10
31, 15, 41
31, 16, 31
31, 20, 1
31, 20, 25
31, 21, 51
31, 27, 5
31, 27, 38
31, 30, 29
31, 38, 13
31, 41, 49
31, 42, 16
31, 43, 35
31, 45, 55
31, 48, 18
31, 52, 32
31, 54, 33
31, 58, 39
31, 59, 37
31, 60, 46
31, 62, 36
31, 64, 35
31, 70, 17
31, 71, 25
31, 72, 6
31, 74, 19
31, 76, 23
31, 78, 10
31, 78, 56
31, 81, 1
31, 81, 46
31, 83, 13
31, 83, 55
31, 86, 24
31, 88, 57
31, 89, 5
31, 89, 28
31, 89, 30
31, 90, 10
31, 93, 53
31, 94, 10
31, 95, 24
31, 96, 53
31, 98, 16
31, 99, 1
32, 5, 28
32, 6, 2
32, 7, 38
32, 9, 32
32, 10, 28
32, 11, 8
32, 11, 21
32, 11, 34
32, 12, 6
32, 12, 23
32, 14, 50
32, 15, 1
32, 20, 31
32, 24, 42
32, 24, 48
32, 25, 4
32, 25, 40
32, 26, 36
32, 27, 3
32, 27, 19
32, 27, 56
32, 29, 32
32, 33, 21
32, 34, 32
32, 35, 34
32, 37, 2
32, 39, 12
32, 40, 3
32, 41, 27
32, 41, 33
32, 41, 40
32, 42, 4
32, 46, 10
32, 46, 27
32, 47, 30
32, 48, 21
32, 52, 6
32, 57, 6
32, 57, 52
32, 64, 45
32, 67, 39
32, 68, 49
32, 70, 10
32, 75, 2
32, 76, 33
32, 78, 1
32, 78, 34
32, 80, 28
32, 82, 32
32, 82, 39
32, 83, 21
32, 83, 52
32, 86, 14
32, 87, 18
32, 87, 28
32, 88, 34
32, 89, 17
32, 89, 19
32, 91, 12
32, 92, 39
32, 93, 28
32, 95, 7
32, 96, 30
32, 97, 33
32, 99, 40
32, 101, 40
33, 1, 48
33, 2, 56
33, 4, 18
33, 5, 42
33, 8, 11
33, 8, 41
33, 9, 4
33, 12, 8
33, 17, 33
33, 18, 15
33, 18, 43
33, 19, 38
33, 21, 8
33, 21, 41
33, 22, 16
33, 24, 45
33, 25, 39
33, 27, 16
33, 33, 1
33, 33, 24
33, 39, 2
33, 39, 21
33, 39, 62
33, 43, 24
33, 43, 52
33, 53, 24
33, 53, 33
33, 54, 20
33, 57, 27
33, 61, 39
33, 62, 11
33, 62, 33
33, 65, 23
33, 65, 27
33, 66, 17
33, 68, 56
33, 71, 2
33, 71, 33
33, 72, 27
33, 73, 52
33, 75, 11
33, 75, 41
33, 75, 45
33, 79, 43
33, 80, 4
33, 86, 55
33, 88, 16
33, 88, 27
33, 91, 28
33, 93, 38
33, 94, 8
33, 96, 20
33, 97, 24
33, 98, 45
33, 100, 24
33, 101, 17
34, 1, 48
34, 3, 17
34, 10, 6
34, 10, 43
34, 12, 20
34, 12, 54
34, 14, 43
34, 16, 7
34, 16, 52
34, 25, 33
34, 29, 19
34, 30, 33
34, 30, 50
34, 31, 6
34, 31, 39
34, 32, 29
34, 35, 46
34, 36, 24
34, 38, 1
34, 39, 17
34, 39, 30
34, 39, 38
34, 41, 47
34, 42, 6
34, 43, 27
34, 45, 21
34, 47, 16
34, 51, 18
34, 57, 39
34, 61, 48
34, 62, 20
34, 75, 12
34, 77, 17
34, 81, 24
34, 84, 27
34, 87, 49
34, 88, 30
34, 92, 54
34, 93, 23
34, 96, 49
34, 98, 17
34, 99, 33
34, 100, 52
35, 1, 8
35, 1, 31
35, 1, 51
35, 2, 41
35, 6, 27
35, 6, 39
35, 7, 2
35, 8, 4
35, 8, 48
35, 10, 15
35, 10, 34
35, 15, 6
35, 17, 19
35, 17, 35
35, 18, 12
35, 19, 12
35, 20, 15
35, 22, 52
35, 25, 4
35, 26, 1
35, 28, 36
35, 28, 48
35, 30, 17
35, 31, 14
35, 32, 4
35, 32, 27
35, 33, 37
35, 34, 36
35, 35, 15
35, 35, 18
35, 36, 6
35, 39, 6
35, 40, 32
35, 41, 6
35, 41, 29
35, 42, 34
35, 44, 39
35, 44, 50
35, 45, 4
35, 48, 41
35, 48, 48
35, 51, 46
35, 52, 30
35, 53, 8
35, 53, 15
35, 56, 51
35, 59, 13
35, 59, 19
35, 61, 27
35, 64, 36
35, 66, 3
35, 67, 30
35, 68, 46
35, 71, 38
35, 72, 28
35, 74, 19
35, 74, 29
35, 77, 4
35, 79, 31
35, 79, 39
35, 81, 2
35, 83, 34
35, 86, 13
35, 89, 10
35, 89, 43
35, 90, 25
35, 92, 15
35, 93, 37
35, 93, 41
35, 96, 52
35, 98, 14
35, 100, 23
35, 101, 5
36, 8, 38
36, 11, 37
36, 15, 44
36, 17, 42
36, 21, 40
36, 27, 29
36, 29, 15
36, 29, 24
36, 30, 4
36, 34, 56
36, 36, 7
36, 37, 26
36, 40, 18
36, 48, 24
36, 49, 45
36, 51, 29
36, 54, 2
36, 54, 46
36, 57, 42
36, 60, 9
36, 62, 39
36, 64, 11
36, 73, 5
36, 77, 44
36, 77, 56
36, 80, 2
36, 82, 5
36, 83, 56
36, 86, 40
36, 89, 20
36, 90, 38
36, 92, 2
36, 92, 7
36, 95, 18
37, 2, 22
37, 2, 57
37, 4, 10
37, 4, 26
37, 5, 52
37, 7, 54
37, 11, 21
37, 22, 1
37, 22, 56
37, 29, 11
37, 29, 27
37, 31, 41
37, 36, 55
37, 38, 19
37, 38, 21
37, 38, 51
37, 39, 6
37, 39, 15
37, 39, 16
37, 41, 6
37, 41, 59
37, 43, 9
37, 44, 55
37, 46, 23
37, 46, 53
37, 47, 45
37, 49, 34
37, 53, 6
37, 55, 2
37, 57, 26
37, 57, 30
37, 58, 19
37, 63, 29
37, 64, 5
37, 64, 53
37, 67, 56
37, 69, 10
37, 71, 3
37, 71, 61
37, 72, 42
37, 74, 5
37, 74, 14
37, 74, 31
37, 80, 21
37, 83, 27
37, 85, 16
37, 86, 19
37, 86, 24
37, 88, 15
37, 89, 30
37, 91, 11
37, 92, 22
37, 92, 30
37, 95, 2
37, 95, 23
37, 95, 34
37, 97, 6
37, 99, 11
37, 99, 50
37, 100, 51
38, 3, 3
38, 4, 25
38, 10, 22
38, 10, 43
38, 12, 43
38, 16, 16
38, 17, 14
38, 18, 48
38, 21, 4
38, 21, 57
38, 23, 41
38, 25, 24
38, 26, 10
38, 26, 56
38, 29, 28
38, 30, 1
38, 30, 42
38, 30, 49
38, 32, 18
38, 32, 47
38, 35, 17
38, 37, 43
38, 39, 25
38, 46, 50
38, 49, 19
38, 50, 47
38, 52, 3
38, 54, 20
38, 58, 15
38, 59, 42
38, 60, 42
38, 61, 25
38, 61, 35
38, 61, 38
38, 63, 42
38, 69, 10
38, 72, 43
38, 73, 3
38, 75, 1
38, 76, 5
38, 76, 24
38, 77, 41
38, 78, 43
38, 79, 53
38, 84, 5
38, 85, 5
38, 86, 41
38, 87, 3
38, 87, 35
38, 88, 45
38, 89, 16
38, 92, 2
38, 94, 9
38, 94, 31
38, 95, 25
38, 97, 26
38, 97, 53
38, 100, 7
38, 101, 17
38, 101, 62
39, 2, 36
39, 2, 47
39, 7, 6
39, 12, 24
39, 22, 55
39, 26, 8
39, 31, 8
39, 32, 38
39, 34, 23
39, 34, 50
39, 35, 23
39, 35, 46
39, 46, 27
39, 46, 37
39, 47, 23
39, 48, 28
39, 49, 15
39, 53, 8
39, 54, 14
39, 58, 11
39, 63, 36
39, 68, 19
39, 68, 26
39, 73, 12
39, 73, 51
39, 74, 28
39, 74, 45
39, 78, 6
39, 81, 9
39, 81, 23
39, 83, 38
39, 83, 45
39, 92, 55
39, 97, 23
39, 99, 27
40, 1, 50
40, 3, 15
40, 3, 55
40, 4, 19
40, 5, 6
40, 5, 43
40, 7, 25
40, 7, 28
40, 8, 3
40, 11, 35
40, 13, 20
40, 13, 58
40, 15, 31
40, 17, 37
40, 18, 24
40, 23, 21
40, 24, 3
40, 24, 44
40, 28, 25
40, 28, 35
40, 32, 18
40, 32, 37
40, 34, 42
40, 36, 8
40, 37, 31
40, 39, 24
40, 39, 47
40, 41, 31
40, 43, 22
40, 44, 17
40, 45, 6
40, 45, 9
40, 46, 8
40, 47, 1
40, 52, 49
40, 53, 18
40, 53, 62
40, 54, 17
40, 55, 36
40, 56, 2
40, 58, 7
40, 58, 53
40, 58, 55
40, 61, 12
40, 63, 32
40, 64, 6
40, 64, 43
40, 69, 24
40, 70, 28
40, 71, 2
40, 71, 36
40, 71, 40
40, 72, 19
40, 72, 42
40, 73, 50
40, 74, 1
40, 76, 2
40, 77, 9
40, 77, 52
40, 78, 26
40, 82, 10
40, 87, 49
40, 88, 33
40, 88, 50
40, 89, 22
40, 90, 35
40, 92, 7
40, 93, 17
40, 95, 9
40, 95, 36
40, 98, 18
40, 98, 33
40, 99, 36
40, 99, 48
40, 100, 38
40, 101, 24
41, 4, 21
41, 7, 1
41, 11, 32
41, 12, 12
41, 15, 11
41, 21, 4
41, 22, 38
41, 23, 24
41, 25, 1
41, 27, 10
41, 29, 14
41, 30, 39
41, 34, 25
41, 35, 27
41, 40, 23
41, 42, 10
41, 42, 41
41, 47, 24
41, 48, 22
41, 48, 32
41, 51, 1
41, 52, 14
41, 52, 43
41, 54, 26
41, 55, 20
41, 60, 30
41, 61, 22
41, 61, 50
41, 62, 20
41, 63, 7
41, 63, 23
41, 64, 15
41, 65, 30
41, 67, 33
41, 68, 27
41, 68, 32
41, 70, 27
41, 71, 31
41, 74, 4
41, 76, 15
41, 77, 28
41, 83, 41
41, 85, 6
41, 85, 49
41, 88, 25
41, 90, 10
41, 93, 10
41, 93, 12
41, 94, 29
41, 95, 41
41, 96, 14
41, 96, 20
41, 96, 39
41, 100, 11
42, 2, 53
42, 4, 13
42, 4, 28
42, 6, 46
42, 7, 11
42, 7, 14
42, 9, 13
42, 9, 33
42, 11, 10
42, 12, 37
42, 14, 4
42, 17, 57
42, 19, 25
42, 19, 41
42, 21, 43
42, 26, 42
42, 28, 28
42, 34, 6
42, 34, 58
42, 35, 21
42, 37, 43
42, 38, 7
42, 38, 10
42, 49, 31
42, 50, 26
42, 54, 38
42, 55, 49
42, 56, 45
42, 57, 22
42, 58, 43
42, 59, 4
42, 59, 25
42, 61, 37
42, 62, 27
42, 67, 10
42, 71, 43
42, 72, 28
42, 77, 25
42, 77, 42
42, 78, 57
42, 85, 53
42, 89, 7
42, 90, 3
42, 90, 21
42, 98, 58
43, 3, 50
43, 6, 15
43, 6, 39
43, 6, 42
43, 7, 17
43, 7, 34
43, 8, 14
43, 10, 29
43, 18, 27
43, 19, 22
43, 19, 23
43, 20, 5
43, 21, 16
43, 24, 16
43, 24, 31
43, 27, 46
43, 29, 18
43, 29, 19
43, 34, 7
43, 34, 45
43, 39, 4
43, 41, 42
43, 43, 18
43, 44, 36
43, 51, 24
43, 52, 34
43, 52, 46
43, 54, 6
43, 54, 38
43, 61, 45
43, 62, 30
43, 62, 39
43, 63, 13
43, 64, 36
43, 66, 43
43, 67, 57
43, 69, 2
43, 69, 58
43, 70, 39
43, 75, 33
43, 77, 38
43, 79, 17
43, 79, 24
43, 80, 14
43, 81, 16
43, 83, 46
43, 88, 50
43, 90, 7
43, 90, 31
43, 91, 42
43, 91, 50
43, 93, 18
43, 93, 44
43, 98, 23
43, 98, 30
43, 98, 45
44, 2, 10
44, 2, 53
44, 3, 37
44, 8, 32
44, 10, 44
44, 11, 41
44, 12, 11
44, 12, 46
44, 13, 23
44, 14, 4
44, 15, 14
44, 15, 28
44, 17, 2
44, 17, 3
44, 17, 33
44, 18, 28
44, 19, 24
44, 20, 64
44, 21, 36
44, 23, 28
44, 24, 45
44, 26, 25
44, 27, 22
44, 34, 36
44, 39, 32
44, 41, 33
44, 42, 20
44, 44, 41
44, 46, 43
44, 48, 4
44, 50, 27
44, 52, 47
44, 52, 53
44, 54, 15
44, 56, 18
44, 56, 53
44, 60, 30
44, 62, 28
44, 62, 44
44, 70, 14
44, 71, 22
44, 77, 4
44, 79, 33
44, 81, 11
44, 81, 29
44, 81, 39
44, 85, 32
44, 89, 47
44, 93, 46
44, 94, 3
44, 94, 31
44, 97, 18
44, 98, 53
44, 100, 24
44, 100, 41
44, 100, 46
45, 2, 13
45, 2, 18
45, 2, 32
45, 3, 42
45, 4, 25
45, 4, 50
45, 6, 52
45, 8, 30
45, 10, 27
45, 11, 31
45, 13, 15
45, 13, 29
45, 17, 38
45, 19, 19
45, 21, 5
45, 21, 12
45, 22, 42
45, 24, 28
45, 33, 4
45, 33, 23
45, 34, 7
45, 34, 18
45, 34, 37
45, 36, 53
45, 38, 23
45, 41, 49
45, 41, 50
45, 42, 4
45, 45, 10
45, 45, 45
45, 48, 6
45, 49, 16
45, 53, 27
45, 54, 20
45, 55, 30
45, 58, 8
45, 76, 1
45, 76, 38
45, 77, 52
45, 78, 37
45, 80, 28
45, 81, 30
45, 82, 23
45, 82, 38
45, 83, 10
45, 85, 8
45, 85, 38
45, 87, 34
45, 90, 13
45, 92, 30
45, 92, 34
45, 92, 39
45, 92, 50
45, 93, 27
45, 96, 56
45, 97, 39
46, 3, 46
46, 9, 21
46, 10, 18
46, 14, 42
46, 16, 48
46, 17, 8
46, 17, 34
46, 20, 42
46, 22, 15
46, 27, 5
46, 27, 50
46, 30, 9
46, 31, 31
46, 32, 25
46, 32, 50
46, 35, 42
46, 40, 46
46, 42, 19
46, 43, 10
46, 43, 34
46, 44, 14
46, 44, 21
46, 47, 14
46, 48, 66
46, 50, 46
46, 51, 8
46, 51, 44
46, 52, 34
46, 53, 24
46, 58, 27
46, 59, 36
46, 64, 40
46, 66, 46
46, 66, 47
46, 68, 31
46, 70, 8
46, 73, 53
46, 76, 15
46, 76, 36
46, 78, 18
46, 79, 3
46, 88, 1
46, 89, 24
46, 91, 10
46, 95, 8
46, 96, 21
46, 98, 48
46, 100, 1
46, 100, 14
47, 2, 36
47, 6, 25
47, 9, 41
47, 9, 53
47, 10, 46
47, 12, 8
47, 13, 21
47, 14, 32
47, 15, 10
47, 15, 21
47, 15, 24
47, 15, 40
47, 16, 4
47, 19, 31
47, 20, 1
47, 25, 48
47, 26, 18
47, 27, 41
47, 27, 51
47, 29, 42
47, 33, 12
47, 33, 14
47, 33, 17
47, 34, 30
47, 36, 47
47, 37, 27
47, 37, 39
47, 39, 1
47, 41, 26
47, 42, 30
47, 43, 20
47, 46, 6
47, 48, 30
47, 48, 38
47, 52, 8
47, 53, 19
47, 53, 33
47, 54, 24
47, 55, 25
47, 56, 38
47, 57, 40
47, 59, 2
47, 59, 47
47, 60, 27
47, 62, 1
47, 62, 17
47, 63, 17
47, 65, 14
47, 65, 30
47, 65, 36
47, 67, 34
47, 68, 13
47, 73, 52
47, 74, 17
47, 79, 1
47, 79, 51
47, 82, 56
47, 85, 4
47, 88, 34
47, 91, 19
47, 91, 24
47, 91, 40
47, 92, 30
47, 100, 40
47, 101, 17
48, 1, 34
48, 2, 9
48, 2, 13
48, 4, 6
48, 4, 22
48, 5, 12
48, 5, 47
48, 6, 27
48, 8, 41
48, 14, 16
48, 16, 13
48, 17, 11
48, 17, 50
48, 18, 36
48, 18, 53
48, 23, 8
48, 24, 37
48, 27, 14
48, 27, 49
48, 31, 43
48, 33, 52
48, 34, 33
48, 35, 33
48, 36, 31
48, 42, 21
48, 43, 55
48, 44, 27
48, 46, 38
48, 49, 8
48, 49, 19
48, 51, 2
48, 54, 17
48, 56, 31
48, 58, 13
48, 60, 31
48, 62, 41
48, 63, 28
48, 64, 49
48, 65, 6
48, 65, 44
48, 72, 39
48, 73, 34
48, 75, 27
48, 76, 16
48, 76, 50
48, 78, 33
48, 83, 9
48, 83, 33
48, 84, 13
48, 84, 34
48, 85, 23
48, 88, 18
48, 88, 36
48, 90, 33
48, 97, 16
48, 97, 55
48, 100, 39
49, 1, 31
49, 1, 48
49, 4, 12
49, 6, 15
49, 10, 40
49, 13, 31
49, 15, 36
49, 16, 18
49, 18, 7
49, 18, 30
49, 21, 2
49, 21, 45
49, 25, 8
49, 30, 17
49, 30, 46
49, 30, 52
49, 32, 12
49, 32, 20
49, 35, 35
49, 35, 45
49, 36, 24
49, 37, 9
49, 37, 18
49, 37, 19
49, 38, 37
49, 40, 2
49, 40, 9
49, 46, 2
49, 46, 53
49, 47, 44
49, 53, 12
49, 53, 18
49, 53, 54
49, 56, 5
49, 56, 40
49, 58, 35
49, 59, 3
49, 59, 46
49, 61, 23
49, 62, 23
49, 65, 2
49, 65, 14
49, 65, 37
49, 69, 19
49, 69, 22
49, 70, 4
49, 75, 5
49, 75, 39
49, 77, 47
49, 80, 5
49, 83, 18
49, 87, 42
49, 88, 15
49, 88, 52
49, 89, 12
49, 100, 31
50, 3, 3
50, 6, 41
50, 12, 20
50, 13, 31
50, 15, 2
50, 15, 32
50, 15, 53
50, 21, 43
50, 22, 23
50, 29, 32
50, 29, 38
50, 30, 35
50, 31, 18
50, 39, 20
50, 42, 32
50, 44, 3
50, 48, 37
50, 48, 49
50, 53, 23
50, 53, 44
50, 56, 42
50, 59, 18
50, 70, 44
50, 72, 18
50, 72, 19
50, 75, 48
50, 76, 8
50, 81, 49
50, 82, 41
50, 86, 3
50, 87, 32
50, 92, 32
50, 92, 43
50, 93, 6
50, 93, 20
50, 99, 5
51, 1, 3
51, 1, 21
51, 4, 37
51, 4, 51
51, 5, 19
51, 5, 30
51, 6, 47
51, 10, 30
51, 11, 9
51, 11, 39
51, 12, 9
51, 12, 20
51, 12, 57
51, 13, 30
51, 18, 30
51, 18, 41
51, 19, 1
51, 20, 12
51, 21, 8
51, 21, 54
51, 22, 6
51, 22, 37
51, 23, 21
51, 23, 34
51, 25, 40
51, 27, 27
51, 31, 7
51, 32, 2
51, 33, 10
51, 34, 3
51, 34, 4
51, 34, 26
51, 36, 13
51, 37, 2
51, 40, 33
51, 46, 56
51, 51, 16
51, 53, 7
51, 53, 48
51, 62, 39
51, 64, 26
51, 65, 54
51, 66, 56
51, 71, 42
51, 78, 21
51, 78, 26
51, 79, 30
51, 81, 25
51, 82, 9
51, 82, 51
51, 84, 3
51, 84, 13
51, 86, 3
51, 88, 23
51, 90, 2
51, 94, 27
51, 95, 37
51, 96, 44
51, 98, 40
51, 101, 57
52, 1, 52
52, 2, 28
52, 3, 32
52, 9, 15
52, 11, 4
52, 15, 55
52, 17, 4
52, 17, 46
52, 23, 48
52, 24, 2
52, 28, 4
52, 28, 41
52, 32, 11
52, 34, 29
52, 37, 12
52, 40, 44
52, 41, 11
52, 43, 2
52, 43, 7
52, 45, 39
52, 47, 29
52, 48, 23
52, 49, 8
52, 53, 11
52, 55, 14
52, 62, 11
52, 62, 36
52, 65, 52
52, 67, 41
52, 68, 37
52, 74, 5
52, 74, 16
52, 82, 49
52, 84, 47
52, 85, 32
52, 89, 9
52, 93, 8
52, 93, 15
52, 95, 11
52, 96, 11
52, 96, 15
52, 97, 2
52, 98, 24
53, 1, 46
53, 2, 10
53, 2, 16
53, 4, 7
53, 4, 31
53, 4, 57
53, 5, 3
53, 7, 51
53, 9, 7
53, 12, 23
53, 12, 31
53, 12, 43
53, 16, 34
53, 23, 53
53, 24, 16
53, 25, 10
53, 25, 38
53, 26, 40
53, 27, 18
53, 28, 8
53, 29, 17
53, 32, 46
53, 33, 17
53, 36, 53
53, 37, 36
53, 40, 51
53, 44, 16
53, 44, 27
53, 46, 54
53, 49, 25
53, 49, 50
53, 51, 45
53, 54, 18
53, 54, 34
53, 59, 22
53, 60, 41
53, 62, 6
53, 62, 43
53, 66, 43
53, 69, 8
53, 71, 57
53, 73, 42
53, 74, 23
53, 76, 43
53, 78, 3
53, 79, 13
53, 79, 45
53, 80, 14
53, 82, 19
53, 88, 8
53, 88, 45
53, 88, 56
53, 89, 22
53, 90, 10
53, 91, 19
53, 91, 51
53, 95, 46
53, 96, 16
53, 96, 40
53, 100, 5
54, 2, 46
54, 3, 16
54, 3, 40
54, 4, 9
54, 8, 10
54, 8, 54
54, 9, 23
54, 9, 42
54, 12, 55
54, 17, 10
54, 20, 8
54, 20, 47
54, 21, 24
54, 22, 17
54, 31, 23
54, 31, 37
54, 35, 16
54, 37, 14
54, 42, 20
54, 43, 47
54, 44, 5
54, 44, 37
54, 44, 38
54, 44, 39
54, 48, 33
54, 51, 5
54, 52, 42
54, 54, 12
54, 55, 35
54, 57, 14
54, 62, 10
54, 65, 16
54, 67, 14
54, 67, 49
54, 69, 47
54, 74, 5
54, 74, 12
54, 77, 18
54, 78, 23
54, 79, 45
54, 80, 48
54, 81, 7
54, 88, 12
54, 88, 55
54, 94, 47
54, 98, 17
54, 100, 16
55, 2, 18
55, 2, 27
55, 3, 19
55, 5, 12
55, 7, 30
55, 8, 41
55, 13, 47
55, 17, 3
55, 17, 60
55, 19, 25
55, 20, 41
55, 21, 15
55, 21, 40
55, 22, 7
55, 24, 12
55, 25, 21
55, 26, 44
55, 28, 6
55, 28, 31
55, 29, 6
55, 29, 18
55, 32, 31
55, 33, 18
55, 36, 12
55, 36, 27
55, 36, 42
55, 37, 33
55, 38, 15
55, 39, 13
55, 40, 4
55, 43, 31
55, 44, 39
55, 46, 33
55, 48, 12
55, 52, 45
55, 53, 30
55, 55, 25
55, 60, 12
55, 62, 18
55, 62, 45
55, 69, 36
55, 72, 34
55, 73, 46
55, 75, 3
55, 78, 12
55, 78, 41
55, 83, 60
55, 84, 5
55, 84, 35
55, 85, 31
55, 89, 38
55, 92, 12
55, 92, 19
55, 92, 36
55, 93, 36
55, 93, 39
55, 95, 29
55, 96, 47
55, 98, 13
56, 7, 1
56, 11, 35
56, 12, 19
56, 12, 34
56, 15, 17
56, 15, 55
56, 17, 26
56, 19, 17
56, 20, 51
56, 24, 36
56, 33, 43
56, 38, 14
56, 38, 36
56, 40, 56
56, 43, 31
56, 44, 61
56, 47, 19
56, 49, 7
56, 50, 7
56, 50, 16
56, 50, 24
56, 50, 49
56, 54, 37
56, 55, 47
56, 57, 59
56, 59, 55
56, 60, 44
56, 61, 54
56, 62, 2
56, 62, 50
56, 67, 34
56, 73, 23
56, 74, 27
56, 79, 4
56, 79, 55
56, 80, 28
56, 82, 37
56, 83, 40
56, 83, 43
56, 85, 8
56, 86, 35
56, 87, 42
56, 88, 14
56, 88, 28
56, 90, 28
56, 92, 22
56, 94, 34
56, 95, 20
56, 98, 2
56, 98, 6
56, 98, 19
57, 2, 18
57, 2, 44
57, 4, 38
57, 7, 24
57, 8, 11
57, 8, 34
57, 10, 9
57, 13, 1
57, 13, 16
57, 13, 49
57, 17, 12
57, 18, 4
57, 18, 36
57, 18, 41
57, 19, 59
57, 20, 18
57, 20, 34
57, 22, 9
57, 26, 35
57, 26, 40
57, 29, 45
57, 31, 57
57, 35, 45
57, 38, 5
57, 38, 44
57, 40, 12
57, 41, 8
57, 41, 40
57, 42, 4
57, 44, 13
57, 44, 53
57, 46, 51
57, 49, 7
57, 49, 22
57, 50, 42
57, 55, 12
57, 56, 47
57, 57, 31
57, 58, 9
57, 58, 19
57, 59, 15
57, 61, 37
57, 61, 47
57, 64, 40
57, 65, 8
57, 65, 23
57, 69, 13
57, 70, 45
57, 73, 29
57, 73, 36
57, 74, 7
57, 76, 25
57, 78, 6
57, 78, 12
57, 83, 14
57, 87, 27
57, 87, 44
57, 88, 8
57, 91, 12
57, 91, 23
57, 92, 25
57, 93, 4
57, 93, 13
57, 93, 49
57, 96, 41
57, 99, 12
57, 100, 2
57, 100, 23
57, 101, 1
57, 101, 42
58, 2, 1
58, 4, 29
58, 7, 46
58, 10, 23
58, 11, 31
58, 12, 32
58, 14, 13
58, 19, 7
58, 20, 22
58, 23, 43
58, 28, 5
58, 28, 40
58, 29, 10
58, 29, 38
58, 30, 22
58, 32, 12
58, 32, 40
58, 33, 34
58, 34, 23
58, 35, 18
58, 40, 30
58, 42, 52
58, 43, 46
58, 44, 35
58, 49, 46
58, 54, 21
58, 58, 43
58, 58, 54
58, 60, 9
58, 60, 12
58, 60, 32
58, 61, 5
58, 71, 38
58, 72, 40
58, 75, 52
58, 77, 18
58, 77, 50
58, 77, 55
58, 79, 36
58, 81, 44
58, 84, 10
58, 84, 29
58, 86, 22
58, 86, 34
58, 86, 54
58, 87, 38
58, 89, 41
58, 90, 18
58, 94, 7
58, 96, 24
58, 98, 10
58, 99, 30
59, 1, 4
59, 1, 18
59, 1, 33
59, 2, 38
59, 3, 12
59, 6, 28
59, 6, 40
59, 6, 42
59, 7, 55
59, 8, 51
59, 9, 19
59, 9, 41
59, 15, 45
59, 17, 35
59, 17, 40
59, 18, 18
59, 19, 2
59, 20, 22
59, 25, 19
59, 25, 44
59, 30, 29
59, 30, 55
59, 34, 1
59, 35, 40
59, 39, 5
59, 39, 28
59, 40, 16
59, 42, 4
59, 42, 46
59, 44, 55
59, 46, 19
59, 46, 22
59, 47, 11
59, 48, 5
59, 48, 8
59, 50, 37
59, 50, 54
59, 52, 31
59, 53, 22
59, 54, 3
59, 54, 41
59, 58, 50
59, 59, 2
59, 59, 23
59, 66, 14
59, 66, 25
59, 66, 51
59, 68, 2
59, 69, 25
59, 70, 40
59, 71, 45
59, 72, 38
59, 74, 21
59, 75, 55
59, 76, 63
59, 77, 5
59, 77, 25
59, 78, 12
59, 80, 18
59, 80, 20
59, 80, 42
59, 81, 33
59, 84, 42
59, 88, 28
59, 92, 19
59, 92, 36
59, 93, 27
59, 96, 28
59, 101, 20
59, 101, 41
60, 3, 7
60, 3, 28
60, 5, 22
60, 7, 1
60, 7, 47
60, 8, 13
60, 11, 15
60, 13, 41
60, 14, 1
60, 14, 33
60, 20, 7
60, 22, 46
60, 23, 18
60, 23, 52
60, 24, 28
60, 25, 8
60, 25, 20
60, 25, 49
60, 27, 45
60, 28, 19
60, 30, 52
60, 33, 18
60, 34, 7
60, 34, 25
60, 35, 6
60, 35, 36
60, 36, 33
60, 38, 10
60, 38, 30
60, 38, 38
60, 41, 17
60, 41, 51
60, 44, 12
60, 47, 54
60, 49, 10
60, 49, 48
60, 49, 55
60, 50, 27
60, 52, 10
60, 53, 13
60, 53, 39
60, 58, 1
60, 59, 18
60, 59, 28
60, 59, 52
60, 62, 1
60, 62, 47
60, 66, 6
60, 67, 30
60, 68, 7
60, 68, 38
60, 68, 56
60, 69, 20
60, 70, 6
60, 72, 56
60, 75, 20
60, 78, 10
60, 78, 46
60, 80, 54
60, 81, 17
60, 82, 47
60, 83, 22
60, 83, 24
60, 85, 16
60, 86, 7
60, 87, 41
60, 88, 19
60, 88, 48
60, 90, 5
60, 94, 5
60, 96, 36
60, 99, 36
61, 5, 34
61, 7, 20
61, 7, 37
61, 8, 9
61, 11, 12
61, 11, 24
61, 13, 48
61, 14, 38
61, 15, 19
61, 16, 28
61, 17, 23
61, 22, 12
61, 23, 39
61, 28, 10
61, 33, 24
61, 33, 51
61, 36, 1
61, 36, 32
61, 38, 1
61, 42, 6
61, 42, 32
61, 42, 55
61, 44, 23
61, 45, 1
61, 45, 28
61, 55, 42
61, 57, 39
61, 60, 37
61, 62, 34
61, 68, 57
61, 71, 4
61, 71, 8
61, 72, 23
61, 73, 16
61, 74, 29
61, 76, 19
61, 76, 24
61, 86, 13
61, 88, 1
61, 88, 47
61, 92, 49
61, 95, 9
61, 95, 32
61, 96, 43
61, 96, 46
61, 98, 51
62, 6, 7
62, 8, 30
62, 10, 5
62, 12, 2
62, 12, 61
62, 14, 26
62, 15, 14
62, 18, 39
62, 22, 36
62, 27, 34
62, 29, 30
62, 32, 49
62, 33, 50
62, 34, 22
62, 37, 7
62, 37, 10
62, 38, 28
62, 40, 19
62, 43, 50
62, 44, 15
62, 45, 42
62, 47, 30
62, 60, 3
62, 60, 45
62, 62, 15
62, 64, 6
62, 66, 3
62, 66, 44
62, 70, 21
62, 71, 31
62, 88, 50
62, 91, 16
62, 91, 22
62, 91, 26
62, 93, 36
63, 1, 2
63, 3, 51
63, 5, 7
63, 8, 5
63, 8, 7
63, 12, 12
63, 12, 28
63, 15, 18
63, 16, 14
63, 16, 31
63, 17, 46
63, 18, 32
63, 20, 33
63, 23, 14
63, 25, 34
63, 26, 27
63, 26, 38
63, 29, 31
63, 35, 23
63, 35, 25
63, 35, 48
63, 38, 34
63, 39, 45
63, 41, 9
63, 46, 26
63, 46, 33
63, 47, 5
63, 47, 19
63, 50, 2
63, 50, 25
63, 51, 28
63, 52, 31
63, 54, 35
63, 57, 2
63, 57, 14
63, 58, 5
63, 58, 30
63, 62, 11
63, 64, 13
63, 64, 57
63, 65, 18
63, 67, 20
63, 68, 1
63, 70, 26
63, 70, 28
63, 72, 34
63, 74, 14
63, 74, 38
63, 75, 51
63, 76, 29
63, 78, 37
63, 79, 20
63, 80, 48
63, 81, 38
63, 81, 44
63, 90, 23
63, 91, 12
63, 94, 18
63, 96, 9
63, 98, 32
63, 98, 47
63, 100, 37
64, 1, 21
64, 3, 48
64, 4, 3
64, 4, 13
64, 4, 40
64, 5, 25
64, 6, 21
64, 6, 46
64, 10, 37
64, 13, 52
64, 15, 24
64, 15, 35
64, 20, 4
64, 22, 21
64, 23, 32
64, 24, 21
64, 26, 28
64, 29, 29
64, 31, 39
64, 33, 16
64, 40, 1
64, 40, 22
64, 43, 47
64, 44, 6
64, 44, 26
64, 45, 13
64, 48, 9
64, 48, 24
64, 48, 41
64, 51, 2
64, 53, 12
64, 58, 27
64, 62, 19
64, 62, 28
64, 64, 9
64, 64, 38
64, 67, 32
64, 67, 43
64, 68, 26
64, 70, 10
64, 73, 6
64, 73, 21
64, 74, 6
64, 74, 36
64, 76, 21
64, 84, 6
64, 84, 52
64, 87, 24
64, 88, 29
64, 88, 31
64, 89, 28
64, 96, 39
64, 97, 14
64, 98, 2
64, 99, 19
64, 99, 38
64, 101, 4
65, 3, 23
65, 3, 35
65, 4, 9
65, 6, 20
65, 15, 55
65, 15, 57
65, 16, 42
65, 17, 4
65, 19, 29
65, 19, 37
65, 21, 12
65, 22, 16
65, 22, 45
65, 24, 4
65, 29, 21
65, 33, 52
65, 37, 20
65, 37, 43
65, 38, 45
65, 42, 10
65, 43, 27
65, 44, 45
65, 45, 37
65, 46, 53
65, 47, 22
65, 49, 15
65, 51, 12
65, 51, 48
65, 51, 50
65, 53, 16
65, 58, 50
65, 63, 45
65, 64, 17
65, 66, 53
65, 67, 4
65, 69, 8
65, 71, 29
65, 72, 27
65, 74, 5
65, 74, 20
65, 77, 33
65, 78, 57
65, 79, 9
65, 79, 40
65, 86, 29
65, 91, 6
65, 91, 42
65, 92, 35
65, 95, 41
65, 97, 23
65, 97, 28
65, 100, 61
65, 101, 52
66, 1, 35
66, 2, 13
66, 2, 30
66, 2, 47
66, 3, 19
66, 3, 31
66, 6, 4
66, 6, 7
66, 7, 33
66, 10, 48
66, 15, 30
66, 15, 45
66, 20, 15
66, 21, 39
66, 22, 7
66, 23, 44
66, 24, 20
66, 26, 32
66, 27, 28
66, 28, 3
66, 30, 6
66, 36, 47
66, 44, 23
66, 44, 43
66, 46, 10
66, 48, 28
66, 50, 8
66, 55, 3
66, 55, 41
66, 57, 33
66, 58, 15
66, 58, 33
66, 59, 36
66, 60, 20
66, 60, 47
66, 61, 20
66, 61, 35
66, 66, 4
66, 66, 32
66, 67, 20
66, 70, 12
66, 70, 32
66, 71, 45
66, 72, 37
66, 74, 19
66, 80, 11
66, 80, 17
66, 81, 4
66, 81, 30
66, 84, 15
66, 84, 42
66, 85, 39
66, 88, 13
66, 91, 26
66, 91, 38
66, 92, 37
66, 92, 44
66, 93, 24
66, 94, 8
66, 94, 28
66, 96, 7
66, 96, 32
66, 101, 22
67, 7, 3
67, 14, 37
67, 17, 42
67, 17, 51
67, 21, 23
67, 24, 45
67, 25, 3
67, 26, 10
67, 26, 52
67, 30, 44
67, 33, 48
67, 34, 31
67, 37, 37
67, 39, 18
67, 39, 36
67, 40, 13
67, 41, 25
67, 43, 31
67, 54, 38
67, 57, 6
67, 57, 47
67, 57, 56
67, 71, 39
67, 73, 15
67, 73, 31
67, 79, 4
67, 82, 40
67, 83, 13
67, 87, 27
67, 89, 38
67, 89, 45
67, 94, 44
67, 100, 13
68, 4, 31
68, 7, 50
68, 8, 38
68, 9, 13
68, 11, 4
68, 12, 8
68, 17, 2
68, 17, 42
68, 18, 30
68, 19, 27
68, 20, 36
68, 21, 42
68, 22, 25
68, 22, 26
68, 23, 7
68, 23, 8
68, 23, 46
68, 25, 19
68, 29, 19
68, 32, 11
68, 34, 45
68, 35, 25
68, 37, 20
68, 37, 23
68, 38, 2
68, 38, 45
68, 39, 6
68, 40, 5
68, 40, 20
68, 41, 45
68, 42, 47
68, 46, 20
68, 49, 14
68, 50, 18
68, 52, 5
68, 52, 55
68, 54, 6
68, 54, 35
68, 57, 4
68, 57, 8
68, 57, 42
68, 58, 4
68, 58, 11
68, 62, 14
68, 66, 23
68, 73, 10
68, 75, 27
68, 77, 37
68, 80, 5
68, 80, 38
68, 81, 52
68, 86, 25
68, 90, 22
68, 91, 25
68, 91, 31
68, 92, 2
68, 93, 31
68, 95, 50
68, 97, 30
68, 97, 55
68, 98, 6
68, 98, 44
68, 99, 26
68, 100, 19
69, 1, 28
69, 2, 40
69, 2, 45
69, 4, 18
69, 8, 45
69, 9, 31
69, 11, 5
69, 11, 38
69, 16, 22
69, 16, 50
69, 17, 41
69, 19, 4
69, 20, 21
69, 22, 33
69, 26, 16
69, 34, 36
69, 34, 47
69, 37, 16
69, 40, 21
69, 42, 19
69, 43, 43
69, 44, 24
69, 44, 56
69, 46, 3
69, 50, 36
69, 53, 10
69, 55, 45
69, 56, 28
69, 60, 40
69, 65, 14
69, 65, 45
69, 71, 32
69, 72, 10
69, 72, 34
69, 74, 6
69, 74, 38
69, 77, 15
69, 86, 41
69, 86, 57
69, 87, 31
69, 90, 34
69, 92, 9
69, 94, 40
69, 96, 38
69, 98, 24
69, 99, 53
70, 4, 24
70, 6, 49
70, 9, 2
70, 9, 42
70, 12, 50
70, 13, 2
70, 13, 21
70, 18, 19
70, 19, 12
70, 21, 19
70, 26, 33
70, 27, 7
70, 30, 49
70, 31, 11
70, 32, 24
70, 33, 31
70, 35, 45
70, 36, 54
70, 38, 11
70, 42, 30
70, 43, 22
70, 46, 36
70, 47, 31
70, 49, 27
70, 52, 47
70, 54, 20
70, 56, 38
70, 60, 50
70, 62, 38
70, 63, 12
70, 67, 20
70, 69, 5
70, 69, 53
70, 72, 2
70, 74, 50
70, 76, 37
70, 81, 31
70, 85, 45
70, 89, 54
70, 90, 27
70, 92, 2
70, 92, 24
70, 96, 53
70, 101, 33
70, 101, 36
71, 1, 11
71, 1, 14
71, 1, 44
71, 2, 46
71, 3, 49
71, 5, 34
71, 10, 39
71, 11, 29
71, 15, 47
71, 17, 18
71, 18, 49
71, 20, 22
71, 25, 4
71, 26, 31
71, 29, 16
71, 38, 15
71, 40, 34
71, 43, 24
71, 49, 40
71, 57, 34
71, 58, 46
71, 59, 14
71, 62, 48
71, 63, 9
71, 63, 22
71, 63, 45
71, 66, 47
71, 66, 49
71, 67, 12
71, 69, 2
71, 69, 6
71, 69, 34
71, 71, 38
71, 75, 49
71, 76, 41
71, 77, 27
71, 77, 30
71, 77, 53
71, 78, 47
71, 79, 41
71, 81, 45
71, 83, 29
71, 84, 14
71, 87, 6
71, 90, 3
71, 93, 23
71, 94, 1
71, 94, 51
71, 97, 39
72, 3, 15
72, 6, 36
72, 6, 51
72, 7, 29
72, 8, 45
72, 9, 7
72, 10, 28
72, 11, 5
72, 11, 42
72, 12, 44
72, 12, 46
72, 13, 38
72, 14, 18
72, 18, 6
72, 20, 14
72, 20, 30
72, 21, 13
72, 25, 16
72, 25, 31
72, 28, 23
72, 31, 29
72, 32, 41
72, 36, 21
72, 36, 46
72, 42, 18
72, 43, 18
72, 45, 19
72, 45, 28
72, 46, 6
72, 47, 34
72, 48, 39
72, 49, 13
72, 50, 21
72, 51, 18
72, 51, 20
72, 52, 29
72, 55, 21
72, 57, 45
72, 61, 34
72, 63, 22
72, 64, 24
72, 67, 15
72, 67, 28
72, 68, 16
72, 68, 38
72, 72, 8
72, 77, 23
72, 79, 6
72, 79, 41
72, 81, 28
72, 85, 5
72, 87, 16
72, 89, 14
72, 96, 47
72, 98, 39
72, 99, 42
73, 3, 33
73, 5, 23
73, 9, 24
73, 9, 50
73, 10, 45
73, 11, 18
73, 11, 30
73, 15, 2
73, 17, 12
73, 18, 29
73, 27, 25
73, 32, 16
73, 36, 6
73, 37, 62
73, 39, 17
73, 40, 31
73, 41, 4
73, 41, 55
73, 42, 40
73, 42, 43
73, 42, 52
73, 45, 46
73, 46, 24
73, 51, 27
73, 51, 43
73, 55, 33
73, 58, 50
73, 64, 42
73, 66, 21
73, 66, 49
73, 67, 1
73, 67, 4
73, 67, 52
73, 68, 12
73, 71, 19
73, 72, 49
73, 76, 55
73, 77, 33
73, 78, 16
73, 78, 40
73, 80, 27
73, 82, 32
73, 83, 45
73, 91, 29
73, 91, 31
73, 94, 46
73, 101, 30
74, 1, 42
74, 3, 27
74, 4, 12
74, 6, 47
74, 15, 11
74, 15, 49
74, 16, 18
74, 19, 16
74, 24, 17
74, 24, 46
74, 27, 55
74, 28, 1
74, 30, 5
74, 31, 46
74, 33, 30
74, 36, 33
74, 37, 16
74, 38, 1
74, 38, 51
74, 39, 4
74, 43, 38
74, 45, 38
74, 51, 11
74, 51, 16
74, 52, 4
74, 52, 22
74, 53, 45
74, 54, 28
74, 57, 13
74, 57, 27
74, 60, 20
74, 60, 53
74, 61, 17
74, 61, 23
74, 61, 43
74, 61, 56
74, 62, 6
74, 62, 26
74, 62, 33
74, 64, 55
74, 65, 2
74, 68, 8
74, 72, 5
74, 73, 46
74, 76, 13
74, 77, 20
74, 78, 27
74, 79, 2
74, 85, 18
74, 86, 2
74, 86, 5
74, 87, 49
74, 91, 25
74, 91, 30
74, 93, 7
74, 93, 17
74, 93, 42
74, 97, 12
74, 99, 22
74, 101, 18
75, 2, 30
75, 7, 36
75, 9, 36
75, 11, 13
75, 12, 10
75, 12, 16
75, 12, 17
75, 14, 10
75, 15, 36
75, 16, 31
75, 19, 41
75, 21, 9
75, 21, 46
75, 22, 38
75, 28, 10
75, 29, 15
75, 30, 3
75, 30, 35
75, 30, 44
75, 31, 44
75, 33, 30
75, 34, 25
75, 38, 18
75, 38, 50
75, 40, 39
75, 42, 50
75, 46, 20
75, 46, 33
75, 48, 4
75, 49, 8
75, 50, 52
75, 51, 42
75, 56, 19
75, 56, 33
75, 58, 43
75, 61, 54
75, 65, 33
75, 66, 21
75, 66, 39
75, 70, 40
75, 72, 10
75, 79, 30
75, 79, 44
75, 80, 6
75, 80, 36
75, 81, 13
75, 81, 18
75, 82, 35
75, 82, 52
75, 82, 56
75, 84, 6
75, 84, 29
75, 86, 42
75, 87, 6
75, 89, 4
75, 91, 15
75, 93, 2
75, 94, 8
75, 95, 25
75, 96, 6
75, 96, 9
75, 96, 40
75, 98, 28
75, 99, 12
76, 1, 3
76, 1, 24
76, 2, 13
76, 2, 16
76, 3, 9
76, 3, 36
76, 6, 21
76, 8, 24
76, 8, 46
76, 14, 9
76, 14, 50
76, 18, 19
76, 19, 4
76, 23, 37
76, 27, 28
76, 30, 17
76, 31, 47
76, 33, 21
76, 35, 21
76, 42, 29
76, 44, 24
76, 45, 4
76, 45, 11
76, 47, 15
76, 52, 52
76, 55, 22
76, 57, 34
76, 58, 39
76, 59, 9
76, 65, 30
76, 69, 26
76, 75, 21
76, 78, 22
76, 80, 20
76, 80, 52
76, 82, 27
76, 85, 28
76, 85, 46
76, 87, 7
76, 87, 40
76, 89, 26
76, 92, 54
76, 93, 28
76, 98, 15
76, 100, 17
76, 100, 46
76, 101, 33
77, 1, 11
77, 2, 15
77, 3, 37
77, 4, 9
77, 7, 2
77, 10, 10
77, 13, 3
77, 14, 33
77, 17, 50
77, 18, 26
77, 18, 43
77, 19, 53
77, 21, 49
77, 22, 33
77, 22, 34
77, 23, 8
77, 23, 40
77, 24, 29
77, 26, 18
77, 27, 51
77, 31, 48
77, 32, 3
77, 33, 38
77, 37, 53
77, 39, 48
77, 41, 40
77, 45, 6
77, 45, 31
77, 53, 40
77, 53, 45
77, 56, 29
77, 56, 54
77, 57, 12
77, 57, 27
77, 61, 14
77, 67, 8
77, 71, 9
77, 72, 23
77, 74, 39
77, 75, 12
77, 75, 37
77, 77, 4
77, 78, 16
77, 79, 31
77, 80, 45
77, 84, 45
77, 86, 15
77, 87, 40
77, 88, 10
77, 88, 33
77, 91, 40
77, 92, 22
77, 93, 53
77, 95, 11
77, 98, 12
77, 98, 36
77, 100, 41
78, 1, 6
78, 1, 22
78, 1, 36
78, 1, 55
78, 7, 25
78, 8, 25
78, 8, 49
78, 14, 51
78, 20, 22
78, 23, 35
78, 25, 21
78, 27, 42
78, 28, 18
78, 34, 37
78, 35, 18
78, 35, 19
78, 38, 13
78, 40, 6
78, 42, 39
78, 43, 4
78, 43, 27
78, 43, 45
78, 43, 52
78, 48, 47
78, 49, 8
78, 51, 18
78, 54, 49
78, 57, 23
78, 57, 42
78, 58, 41
78, 61, 1
78, 63, 14
78, 64, 24
78, 66, 25
78, 68, 49
78, 69, 26
78, 71, 43
78, 73, 36
78, 77, 3
78, 81, 42
78, 82, 17
78, 82, 60
78, 83, 3
78, 84, 22
78, 89, 41
78, 92, 42
78, 92, 45
78, 93, 21
78, 96, 4
78, 96, 22
78, 97, 51
78, 98, 36
79, 6, 26
79, 6, 53
79, 8, 18
79, 10, 8
79, 10, 14
79, 10, 48
79, 11, 32
79, 14, 47
79, 15, 21
79, 15, 26
79, 15, 27
79, 16, 8
79, 16, 53
79, 19, 7
79, 24, 6
79, 27, 21
79, 29, 31
79, 31, 47
79, 34, 10
79, 34, 33
79, 34, 43
79, 37, 23
79, 40, 1
79, 41, 54
79, 42, 23
79, 42, 27
79, 48, 53
79, 50, 46
79, 58, 26
79, 58, 39
79, 60, 42
79, 63, 7
79, 64, 8
79, 67, 14
79, 70, 30
79, 72, 1
79, 72, 8
79, 72, 19
79, 74, 36
79, 75, 18
79, 76, 5
79, 76, 8
79, 76, 35
79, 81, 18
79, 81, 46
79, 82, 12
79, 85, 44
79, 86, 60
79, 87, 10
79, 87, 23
79, 89, 27
79, 89, 53
79, 90, 48
79, 93, 12
79, 100, 36
79, 100, 46
80, 3, 36
80, 6, 3
80, 6, 55
80, 7, 20
80, 8, 6
80, 9, 33
80, 9, 35
80, 10, 40
80, 11, 39
80, 12, 27
80, 13, 23
80, 15, 52
80, 16, 23
80, 16, 38
80, 18, 29
80, 18, 45
80, 18, 54
80, 20, 25
80, 21, 3
80, 22, 49
80, 24, 4
80, 25, 25
80, 27, 46
80, 30, 55
80, 34, 24
80, 36, 17
80, 38, 12
80, 41, 9
80, 41, 43
80, 43, 32
80, 45, 31
80, 51, 6
80, 51, 32
80, 53, 34
80, 54, 9
80, 54, 35
80, 55, 47
80, 57, 22
80, 60, 35
80, 62, 33
80, 64, 23
80, 67, 38
80, 73, 5
80, 73, 29
80, 75, 52
80, 79, 38
80, 81, 11
80, 83, 27
80, 84, 3
80, 86, 8
80, 87, 23
80, 87, 40
80, 87, 43
80, 88, 25
80, 89, 24
80, 89, 55
80, 92, 25
80, 94, 14
80, 94, 47
80, 95, 45
80, 97, 27
80, 100, 38
81, 1, 9
81, 3, 11
81, 4, 32
81, 5, 12
81, 5, 30
81, 11, 45
81, 13, 44
81, 19, 41
81, 22, 47
81, 23, 31
81, 25, 26
81, 26, 30
81, 28, 18
81, 28, 55
81, 32, 20
81, 33, 48
81, 37, 49
81, 38, 35
81, 41, 21
81, 42, 29
81, 44, 38
81, 45, 12
81, 46, 27
81, 51, 45
81, 52, 32
81, 53, 26
81, 56, 45
81, 58, 19
81, 62, 31
81, 63, 14
81, 64, 11
81, 65, 15
81, 65, 52
81, 66, 28
81, 70, 17
81, 71, 4
81, 71, 21
81, 74, 12
81, 76, 5
81, 78, 30
81, 79, 15
81, 82, 9
81, 83, 8
81, 83, 41
81, 85, 23
81, 86, 4
81, 89, 17
81, 89, 45
81, 94, 3
81, 99, 8
81, 99, 40
82, 3, 36
82, 4, 50
82, 6, 35
82, 8, 48
82, 8, 54
82, 9, 10
82, 10, 20
82, 10, 47
82, 11, 30
82, 13, 13
82, 15, 40
82, 17, 10
82, 19, 16
82, 20, 28
82, 21, 37
82, 26, 36
82, 27, 11
82, 30, 1
82, 30, 25
82, 32, 15
82, 36, 23
82, 37, 12
82, 37, 59
82, 39, 5
82, 39, 60
82, 41, 18
82, 45, 12
82, 49, 20
82, 49, 43
82, 58, 32
82, 59, 40
82, 63, 32
82, 67, 14
82, 70, 2
82, 71, 34
82, 74, 24
82, 77, 4
82, 78, 21
82, 79, 20
82, 80, 21
82, 81, 31
82, 84, 32
82, 89, 47
82, 91, 11
82, 91, 35
82, 92, 40
82, 92, 50
82, 96, 7
82, 96, 36
82, 99, 23
82, 100, 5
82, 100, 12
82, 100, 30
83, 1, 18
83, 1, 27
83, 2, 19
83, 3, 30
83, 5, 23
83, 6, 55
83, 7, 11
83, 11, 5
83, 12, 9
83, 13, 4
83, 13, 9
83, 14, 34
83, 20, 10
83, 20, 36
83, 25, 43
83, 26, 12
83, 26, 37
83, 28, 33
83, 29, 22
83, 29, 43
83, 30, 41
83, 31, 17
83, 32, 13
83, 35, 8
83, 37, 46
83, 38, 47
83, 39, 40
83, 39, 47
83, 40, 21
83, 43, 42
83, 43, 54
83, 44, 37
83, 45, 7
83, 45, 23
83, 45, 45
83, 46, 39
83, 47, 6
83, 47, 49
83, 49, 31
83, 52, 23
83, 52, 46
83, 53, 7
83, 54, 28
83, 59, 19
83, 60, 12
83, 61, 26
83, 63, 42
83, 66, 56
83, 67, 40
83, 68, 40
83, 69, 9
83, 72, 37
83, 73, 19
83, 75, 16
83, 75, 38
83, 76, 28
83, 77, 5
83, 84, 3
83, 84, 40
83, 86, 18
83, 86, 33
83, 86, 46
83, 90, 55
83, 93, 4
83, 97, 26
83, 98, 41
83, 99, 8
84, 1, 41
84, 4, 43
84, 5, 3
84, 5, 45
84, 6, 46
84, 7, 8
84, 7, 40
84, 8, 51
84, 10, 11
84, 11, 26
84, 16, 22
84, 21, 23
84, 22, 55
84, 25, 33
84, 30, 44
84, 32, 45
84, 34, 9
84, 34, 35
84, 35, 32
84, 36, 28
84, 37, 23
84, 40, 8
84, 40, 33
84, 41, 6
84, 41, 26
84, 41, 29
84, 45, 2
84, 45, 8
84, 46, 40
84, 52, 20
84, 55, 47
84, 56, 3
84, 56, 11
84, 57, 10
84, 58, 51
84, 59, 29
84, 60, 36
84, 61, 8
84, 63, 4
84, 63, 20
84, 66, 11
84, 66, 22
84, 67, 2
84, 71, 12
84, 71, 35
84, 74, 2
84, 76, 35
84, 83, 4
84, 86, 34
84, 88, 44
84, 89, 26
84, 89, 41
84, 93, 28
84, 101, 47
85, 2, 39
85, 8, 22
85, 15, 20
85, 17, 19
85, 20, 17
85, 22, 10
85, 24, 1
85, 24, 4
85, 24, 43
85, 29, 56
85, 33, 12
85, 38, 9
85, 38, 47
85, 38, 48
85, 39, 55
85, 40, 21
85, 40, 33
85, 46, 31
85, 49, 28
85, 52, 31
85, 53, 21
85, 53, 23
85, 55, 52
85, 57, 39
85, 57, 45
85, 61, 25
85, 64, 53
85, 65, 40
85, 65, 43
85, 67, 28
85, 69, 16
85, 69, 34
85, 71, 36
85, 72, 44
85, 73, 47
85, 73, 51
85, 80, 17
85, 83, 27
85, 84, 17
85, 86, 31
85, 89, 19
85, 90, 16
85, 90, 36
85, 96, 30
85, 98, 48
85, 99, 55
86, 1, 35
86, 7, 37
86, 10, 12
86, 13, 3
86, 13, 9
86, 13, 40
86, 14, 3
86, 14, 4
86, 16, 46
86, 17, 36
86, 19, 31
86, 22, 27
86, 25, 50
86, 27, 12
86, 28, 27
86, 29, 18
86, 31, 34
86, 36, 43
86, 39, 38
86, 42, 47
86, 46, 17
86, 50, 8
86, 51, 10
86, 52, 4
86, 54, 38
86, 60, 35
86, 60, 47
86, 62, 41
86, 64, 7
86, 64, 11
86, 68, 21
86, 68, 43
86, 69, 16
86, 70, 6
86, 71, 39
86, 73, 34
86, 73, 40
86, 74, 22
86, 74, 28
86, 74, 36
86, 75, 49
86, 76, 35
86, 78, 27
86, 79, 22
86, 80, 30
86, 80, 42
86, 81, 3
86, 84, 24
86, 84, 36
86, 85, 4
86, 86, 31
86, 87, 12
86, 96, 43
86, 96, 55
86, 97, 35
86, 98, 46
86, 100, 24
86, 100, 28
86, 101, 18
87, 2, 24
87, 3, 19
87, 5, 37
87, 6, 51
87, 9, 11
87, 12, 34
87, 13, 5
87, 14, 44
87, 18, 51
87, 20, 8
87, 20, 28
87, 21, 16
87, 24, 36
87, 27, 45
87, 28, 48
87, 38, 12
87, 42, 15
87, 46, 25
87, 48, 24
87, 49, 4
87, 50, 1
87, 52, 45
87, 53, 12
87, 53, 41
87, 56, 17
87, 56, 39
87, 59, 47
87, 61, 25
87, 64, 13
87, 67, 15
87, 69, 19
87, 70, 2
87, 71, 10
87, 72, 44
87, 78, 7
87, 80, 37
87, 85, 53
87, 88, 44
87, 89, 36
87, 94, 16
87, 95, 11
87, 101, 51
88, 1, 44
88, 2, 12
88, 9, 7
88, 9, 42
88, 10, 31
88, 11, 2
88, 12, 22
88, 12, 24
88, 14, 11
88, 14, 54
88, 15, 9
88, 16, 25
88, 17, 4
88, 19, 32
88, 21, 4
88, 21, 20
88, 21, 34
88, 22, 20
88, 26, 28
88, 27, 11
88, 27, 20
88, 30, 17
88, 35, 4
88, 36, 28
88, 36, 42
88, 38, 16
88, 40, 55
88, 43, 35
88, 44, 50
88, 46, 10
88, 46, 30
88, 46, 40
88, 47, 30
88, 51, 15
88, 51, 24
88, 51, 45
88, 52, 34
88, 54, 40
88, 54, 50
88, 56, 49
88, 60, 4
88, 62, 24
88, 65, 52
88, 68, 9
88, 69, 14
88, 70, 22
88, 71, 19
88, 71, 28
88, 74, 8
88, 78, 27
88, 81, 2
88, 81, 12
88, 81, 23
88, 84, 11
88, 84, 26
88, 85, 13
88, 86, 33
88, 87, 21
88, 87, 46
88, 88, 5
88, 88, 14
88, 88, 44
88, 91, 45
88, 95, 9
88, 95, 36
88, 96, 34
88, 99, 18
88, 99, 49
88, 100, 55
89, 6, 2
89, 6, 6
89, 10, 36
89, 11, 40
89, 12, 27
89, 16, 32
89, 17, 46
89, 18, 34
89, 21, 53
89, 27, 16
89, 31, 36
89, 32, 23
89, 34, 35
89, 38, 26
89, 40, 9
89, 40, 48
89, 41, 21
89, 41, 47
89, 42, 36
89, 51, 29
89, 55, 32
89, 57, 40
89, 58, 42
89, 61, 13
89, 66, 33
89, 69, 45
89, 70, 30
89, 71, 55
89, 72, 39
89, 75, 47
89, 77, 52
89, 79, 40
89, 79, 51
89, 80, 8
89, 80, 47
89, 90, 46
89, 93, 27
89, 93, 32
89, 97, 21
89, 97, 38
89, 98, 31
89, 100, 34
89, 101, 14
90, 1, 23
90, 1, 39
90, 1, 48
90, 4, 31
90, 5, 34
90, 7, 34
90, 7, 51
90, 10, 23
90, 15, 14
90, 18, 27
90, 18, 45
90, 24, 37
90, 27, 46
90, 31, 34
90, 32, 9
90, 33, 4
90, 34, 17
90, 37, 10
90, 37, 37
90, 39, 24
90, 39, 32
90, 42, 9
90, 44, 6
90, 45, 18
90, 45, 21
90, 56, 45
90, 57, 14
90, 57, 17
90, 57, 50
90, 59, 16
90, 66, 51
90, 68, 23
90, 70, 26
90, 70, 39
90, 76, 37
90, 80, 48
90, 88, 64
90, 90, 24
90, 90, 52
90, 91, 4
90, 91, 46
90, 92, 6
90, 93, 15
90, 94, 45
90, 95, 26
90, 96, 9
90, 98, 18
91, 1, 8
91, 2, 17
91, 6, 27
91, 12, 8
91, 15, 12
91, 17, 2
91, 17, 25
91, 18, 10
91, 18, 20
91, 19, 38
91, 20, 20
91, 20, 52
91, 22, 2
91, 22, 36
91, 25, 23
91, 27, 31
91, 30, 16
91, 30, 30
91, 30, 49
91, 30, 52
91, 33, 40
91, 37, 44
91, 38, 3
91, 38, 14
91, 39, 38
91, 41, 29
91, 45, 42
91, 46, 4
91, 46, 38
91, 49, 46
91, 52, 3
91, 52, 46
91, 54, 1
91, 56, 5
91, 58, 35
91, 58, 44
91, 59, 15
91, 59, 45
91, 60, 49
91, 62, 43
91, 65, 2
91, 65, 47
91, 68, 50
91, 68, 55
91, 76, 6
91, 76, 46
91, 77, 42
91, 79, 20
91, 81, 15
91, 83, 27
91, 84, 25
91, 85, 11
91, 85, 14
91, 85, 31
91, 88, 35
91, 90, 29
91, 94, 10
91, 96, 21
91, 96, 30
91, 98, 23
91, 100, 7
92, 3, 40
92, 4, 36
92, 6, 47
92, 9, 9
92, 9, 24
92, 10, 50
92, 10, 54
92, 12, 14
92, 12, 17
92, 16, 51
92, 17, 33
92, 18, 8
92, 29, 11
92, 30, 9
92, 30, 13
92, 30, 46
92, 31, 54
92, 32, 23
92, 33, 11
92, 33, 34
92, 33, 43
92, 35, 10
92, 37, 19
92, 38, 13
92, 45, 34
92, 46, 45
92, 48, 15
92, 50, 3
92, 50, 36
92, 56, 15
92, 57, 21
92, 57, 37
92, 58, 46
92, 61, 10
92, 61, 30
92, 66, 26
92, 69, 22
92, 69, 24
92, 69, 51
92, 71, 50
92, 79, 29
92, 81, 9
92, 81, 34
92, 81, 45
92, 83, 1
92, 84, 36
92, 85, 33
92, 86, 14
92, 88, 20
92, 89, 30
92, 92, 27
92, 97, 18
92, 98, 1
92, 100, 24
93, 1, 31
93, 3, 16
93, 4, 50
93, 6, 2
93, 7, 45
93, 8, 30
93, 10, 9
93, 12, 16
93, 18, 29
93, 18, 38
93, 21, 7
93, 21, 37
93, 21, 41
93, 21, 56
93, 26, 8
93, 26, 21
93, 30, 50
93, 32, 16
93, 33, 49
93, 34, 11
93, 37, 21
93, 40, 53
93, 44, 35
93, 46, 24
93, 46, 46
93, 46, 50
93, 47, 2
93, 47, 21
93, 59, 13
93, 60, 43
93, 66, 45
93, 69, 18
93, 69, 25
93, 69, 35
93, 69, 49
93, 72, 22
93, 75, 47
93, 77, 16
93, 81, 30
93, 85, 8
93, 85, 31
93, 86, 20
93, 87, 46
93, 89, 43
93, 90, 37
93, 92, 46
93, 95, 8
93, 96, 38
93, 97, 42
93, 98, 29
93, 101, 12
94, 2, 8
94, 2, 53
94, 3, 12
94, 7, 6
94, 7, 28
94, 7, 32
94, 8, 42
94, 9, 36
94, 10, 28
94, 12, 37
94, 12, 50
94, 13, 14
94, 14, 23
94, 15, 19
94, 15, 41
94, 17, 16
94, 17, 29
94, 17, 46
94, 18, 7
94, 18, 38
94, 24, 1
94, 24, 25
94, 24, 30
94, 25, 27
94, 25, 53
94, 26, 48
94, 31, 4
94, 31, 26
94, 31, 32
94, 33, 3
94, 35, 46
94, 36, 16
94, 36, 27
94, 40, 8
94, 42, 41
94, 44, 33
94, 44, 53
94, 45, 9
94, 47, 19
94, 49, 6
94, 52, 42
94, 53, 15
94, 54, 20
94, 54, 49
94, 56, 4
94, 56, 38
94, 60, 12
94, 64, 23
94, 64, 48
94, 68, 6
94, 69, 3
94, 69, 20
94, 70, 30
94, 77, 42
94, 78, 8
94, 83, 18
94, 84, 47
94, 86, 4
94, 87, 35
94, 89, 7
94, 93, 28
94, 96, 52
94, 97, 45
94, 98, 6
94, 98, 45
95, 7, 3
95, 14, 23
95, 16, 35
95, 19, 18
95, 21, 53
95, 27, 45
95, 31, 34
95, 39, 27
95, 41, 13
95, 42, 18
95, 43, 53
95, 48, 22
95, 54, 45
95, 55, 18
95, 59, 12
95, 64, 35
95, 67, 13
95, 69, 34
95, 71, 3
95, 73, 25
95, 74, 42
95, 85, 22
95, 87, 3
95, 92, 27
95, 93, 20
96, 2, 5
96, 2, 56
96, 4, 32
96, 4, 50
96, 6, 18
96, 11, 34
96, 13, 31
96, 16, 21
96, 17, 41
96, 17, 44
96, 21, 56
96, 22, 20
96, 23, 53
96, 25, 40
96, 26, 7
96, 31, 3
96, 31, 26
96, 32, 9
96, 32, 22
96, 39, 12
96, 43, 31
96, 44, 49
96, 45, 4
96, 50, 51
96, 56, 15
96, 56, 32
96, 58, 26
96, 61, 7
96, 62, 2
96, 62, 23
96, 62, 24
96, 63, 38
96, 65, 9
96, 71, 14
96, 71, 35
96, 80, 27
96, 83, 41
96, 84, 54
96, 86, 6
96, 96, 24
96, 96, 50
96, 97, 31
96, 98, 2
96, 98, 40
96, 99, 43
96, 100, 12
96, 101, 10
97, 5, 36
97, 5, 47
97, 7, 39
97, 9, 8
97, 9, 46
97, 10, 17
97, 15, 25
97, 19, 42
97, 20, 66
97, 21, 15
97, 21, 19
97, 24, 17
97, 24, 21
97, 27, 14
97, 27, 52
97, 28, 14
97, 29, 17
97, 30, 5
97, 30, 38
97, 32, 29
97, 33, 48
97, 35, 49
97, 37, 6
97, 37, 53
97, 40, 42
97, 43, 31
97, 46, 35
97, 48, 36
97, 49, 15
97, 50, 1
97, 52, 36
97, 52, 42
97, 55, 43
97, 57, 21
97, 59, 32
97, 60, 20
97, 64, 5
97, 68, 15
97, 71, 46
97, 78, 33
97, 79, 21
97, 82, 19
97, 82, 29
97, 83, 12
97, 84, 51
97, 85, 38
97, 88, 6
97, 92, 1
97, 95, 25
97, 96, 34
97, 100, 34
97, 100, 52
98, 1, 30
98, 2, 12
98, 7, 41
98, 8, 24
98, 14, 12
98, 16, 52
98, 23, 28
98, 24, 25
98, 24, 56
98, 25, 39
98, 27, 42
98, 28, 22
98, 30, 33
98, 36, 7
98, 36, 42
98, 39, 3
98, 39, 4
98, 39, 31
98, 41, 49
98, 43, 34
98, 45, 6
98, 45, 19
98, 46, 41
98, 47, 45
98, 48, 21
98, 48, 57
98, 55, 28
98, 56, 39
98, 58, 27
98, 60, 19
98, 61, 22
98, 61, 48
98, 63, 25
98, 69, 44
98, 74, 29
98, 75, 32
98, 79, 17
98, 80, 34
98, 83, 8
98, 83, 45
98, 84, 41
98, 85, 4
98, 85, 10
98, 85, 31
98, 85, 42
98, 88, 48
98, 92, 12
98, 93, 34
98, 95, 4
98, 95, 11
98, 95, 29
98, 96, 3
98, 96, 15
98, 96, 56
98, 97, 31
98, 98, 2
98, 99, 45
98, 100, 17
98, 100, 38
99, 3, 39
99, 5, 45
99, 6, 5
99, 7, 18
99, 10, 30
99, 11, 37
99, 15, 29
99, 19, 9
99, 19, 51
99, 21, 15
99, 21, 32
99, 21, 51
99, 22, 12
99, 26, 13
99, 26, 16
99, 27, 3
99, 27, 9
99, 27, 49
99, 28, 41
99, 30, 49
99, 33, 21
99, 33, 26
99, 38, 27
99, 42, 34
99, 42, 40
99, 44, 52
99, 47, 16
99, 47, 20
99, 48, 6
99, 52, 6
99, 53, 5
99, 54, 4
99, 54, 40
99, 54, 50
99, 55, 9
99, 56, 12
99, 56, 31
99, 58, 43
99, 59, 45
99, 60, 8
99, 60, 26
99, 60, 30
99, 61, 43
99, 61, 45
99, 64, 6
99, 65, 27
99, 65, 45
99, 66, 13
99, 71, 9
99, 75, 8
99, 75, 42
99, 75, 48
99, 78, 37
99, 78, 51
99, 79, 43
99, 81, 24
99, 81, 39
99, 87, 9
99, 88, 21
99, 89, 49
99, 90, 49
99, 95, 24
99, 95, 51
99, 96, 12
99, 96, 40
99, 97, 10
100, 2, 18
100, 2, 28
100, 2, 36
100, 3, 50
100, 5, 40
100, 8, 22
100, 9, 1
100, 9, 38
100, 9, 44
100, 14, 10
100, 17, 35
100, 19, 12
100, 19, 19
100, 23, 21
100, 23, 34
100, 24, 47
100, 27, 8
100, 30, 4
100, 31, 21
100, 33, 14
100, 35, 14
100, 40, 26
100, 41, 32
100, 42, 36
100, 44, 14
100, 46, 11
100, 48, 7
100, 49, 14
100, 55, 34
100, 55, 49
100, 57, 17
100, 59, 37
100, 62, 8
100, 65, 18
100, 66, 44
100, 67, 30
100, 70, 14
100, 70, 48
100, 71, 31
100, 71, 32
100, 74, 6
100, 76, 23
100, 76, 50
100, 77, 26
100, 77, 32
100, 77, 38
100, 79, 2
100, 80, 15
100, 90, 7
100, 90, 15
100, 90, 33
100, 91, 25
100, 91, 47
100, 93, 18
100, 93, 38
100, 94, 28
100, 99, 37
100, 100, 6
100, 100, 14
100, 101, 50
101, 1, 49
101, 3, 1
101, 3, 8
101, 3, 22
101, 6, 45
101, 10, 46
101, 11, 10
101, 11, 60
101, 15, 9
101, 15, 36
101, 16, 33
101, 18, 30
101, 20, 44
101, 22, 2
101, 23, 23
101, 26, 45
101, 28, 5
101, 29, 6
101, 33, 10
101, 33, 18
101, 35, 21
101, 37, 20
101, 38, 30
101, 48, 27
101, 54, 34
101, 56, 2
101, 57, 31
101, 57, 48
101, 59, 6
101, 60, 13
101, 61, 37
101, 62, 8
101, 62, 11
101, 68, 17
101, 70, 21
101, 71, 4
101, 71, 42
101, 74, 10
101, 74, 41
101, 78, 33
101, 79, 24
101, 81, 27
101, 81, 46
101, 85, 50
101, 86, 30
101, 89, 6
101, 91, 6
101, 91, 44
101, 93, 9
101, 96, 7
101, 96, 28
101, 97, 36
101, 101, 1
