1, 2, 34
1, 5, 11
1, 9, 22
1, 9, 45
1, 10, 53
1, 12, 7
1, 14, 37
1, 15, 33
1, 16, 30
1, 17, 42
1, 19, 49
1, 20, 25
1, 20, 38
1, 23, 36
1, 24, 48
1, 29, 3
1, 30, 8
1, 33, 12
1, 35, 23
1, 36, 31
1, 36, 49
1, 38, 3
1, 41, 17
1, 41, 30
1, 42, 2
1, 42, 32
1, 44, 47
1, 46, 30
1, 47, 3
1, 47, 17
1, 48, 39
1, 50, 27
1, 54, 2
1, 57, 37
1, 61, 2
1, 61, 43
1, 63, 16
1, 64, 40
1, 67, 48
1, 68, 8
1, 71, 31
1, 72, 6
1, 72, 27
1, 72, 31
1, 73, 23
1, 76, 13
1, 76, 49
1, 77, 47
1, 81, 29
1, 82, 8
1, 84, 24
1, 86, 30
1, 87, 37
1, 91, 35
1, 92, 34
1, 96, 39
1, 97, 23
1, 97, 42
1, 98, 30
1, 99, 11
1, 100, 7
2, 1, 23
2, 1, 35
2, 2, 12
2, 3, 38
2, 5, 24
2, 7, 15
2, 7, 52
2, 9, 31
2, 11, 25
2, 15, 14
2, 15, 52
2, 19, 51
2, 21, 36
2, 22, 33
2, 26, 12
2, 26, 21
2, 27, 7
2, 28, 21
2, 28, 41
2, 28, 55
2, 30, 3
2, 31, 44
2, 33, 14
2, 34, 11
2, 35, 7
2, 36, 6
2, 36, 38
2, 37, 24
2, 41, 5
2, 45, 6
2, 48, 34
2, 48, 42
2, 50, 47
2, 51, 11
2, 52, 21
2, 54, 35
2, 57, 39
2, 57, 47
2, 60, 41
2, 61, 19
2, 62, 22
2, 64, 26
2, 64, 29
2, 64, 38
2, 67, 26
2, 70, 11
2, 70, 57
2, 71, 31
2, 71, 48
2, 74, 20
2, 75, 21
2, 75, 49
2, 76, 38
2, 77, 6
2, 77, 22
2, 78, 18
2, 80, 14
2, 83, 9
2, 85, 47
2, 86, 17
2, 89, 51
2, 90, 2
2, 90, 25
2, 91, 22
2, 93, 18
2, 94, 31
2, 97, 5
2, 97, 14
2, 99, 18
3, 1, 57
3, 2, 45
3, 3, 30
3, 6, 26
3, 6, 49
3, 7, 20
3, 8, 18
3, 9, 10
3, 11, 13
3, 11, 36
3, 11, 46
3, 18, 5
3, 18, 26
3, 18, 35
3, 18, 39
3, 20, 29
3, 23, 6
3, 23, 15
3, 23, 47
3, 25, 42
3, 26, 25
3, 29, 33
3, 30, 16
3, 30, 55
3, 31, 44
3, 34, 4
3, 34, 32
3, 35, 14
3, 35, 46
3, 39, 49
3, 40, 33
3, 40, 50
3, 42, 28
3, 43, 47
3, 44, 21
3, 45, 15
3, 46, 25
3, 49, 51
3, 50, 14
3, 50, 20
3, 52, 18
3, 52, 32
3, 52, 39
3, 52, 43
3, 53, 8
3, 56, 6
3, 59, 35
3, 62, 10
3, 62, 24
3, 62, 26
3, 66, 25
3, 67, 45
3, 67, 54
3, 67, 57
3, 68, 39
3, 68, 55
3, 73, 6
3, 73, 7
3, 73, 31
3, 75, 25
3, 76, 5
3, 76, 50
3, 80, 36
3, 83, 10
3, 83, 21
3, 84, 2
3, 84, 7
3, 85, 48
3, 87, 22
3, 91, 28
3, 92, 29
3, 94, 8
3, 98, 42
4, 2, 8
4, 3, 35
4, 4, 6
4, 5, 5
4, 6, 45
4, 7, 3
4, 7, 41
4, 8, 13
4, 9, 33
4, 10, 18
4, 18, 46
4, 19, 19
4, 19, 25
4, 21, 8
4, 23, 25
4, 23, 63
4, 26, 33
4, 31, 34
4, 34, 28
4, 35, 12
4, 37, 23
4, 42, 37
4, 48, 30
4, 49, 44
4, 49, 57
4, 53, 47
4, 57, 11
4, 64, 15
4, 68, 18
4, 69, 26
4, 71, 49
4, 74, 22
4, 75, 39
4, 76, 1
4, 76, 17
4, 76, 32
4, 76, 46
4, 78, 12
4, 78, 47
4, 78, 49
4, 78, 57
4, 80, 50
4, 81, 13
4, 83, 8
4, 89, 3
4, 89, 7
4, 89, 55
4, 93, 39
4, 94, 17
4, 101, 37
5, 2, 2
5, 2, 6
5, 2, 16
5, 4, 19
5, 5, 23
5, 6, 7
5, 7, 37
5, 13, 12
5, 14, 11
5, 14, 20
5, 15, 4
5, 15, 8
5, 17, 11
5, 17, 26
5, 17, 43
5, 21, 1
5, 21, 4
5, 21, 41
5, 22, 48
5, 29, 58
5, 30, 44
5, 30, 52
5, 34, 22
5, 35, 34
5, 36, 43
5, 37, 22
5, 38, 33
5, 38, 37
5, 39, 34
5, 41, 14
5, 42, 9
5, 43, 38
5, 44, 35
5, 48, 38
5, 51, 32
5, 52, 25
5, 56, 41
5, 58, 6
5, 59, 13
5, 62, 11
5, 63, 20
5, 66, 7
5, 67, 50
5, 74, 6
5, 74, 9
5, 82, 4
5, 82, 36
5, 83, 28
5, 84, 36
5, 86, 49
5, 87, 45
5, 89, 26
5, 91, 20
5, 94, 19
5, 95, 20
5, 98, 50
5, 100, 42
6, 2, 12
6, 2, 13
6, 4, 37
6, 6, 12
6, 10, 34
6, 13, 26
6, 14, 31
6, 15, 30
6, 16, 27
6, 18, 37
6, 21, 49
6, 22, 13
6, 36, 26
6, 36, 39
6, 36, 53
6, 43, 26
6, 46, 2
6, 52, 44
6, 53, 26
6, 53, 35
6, 55, 42
6, 61, 11
6, 63, 31
6, 64, 12
6, 64, 30
6, 65, 35
6, 66, 16
6, 68, 26
6, 74, 40
6, 74, 46
6, 79, 31
6, 79, 37
6, 81, 27
6, 81, 28
6, 83, 46
6, 86, 2
6, 88, 44
6, 96, 13
6, 98, 26
6, 99, 48
6, 100, 1
7, 2, 6
7, 2, 47
7, 4, 20
7, 6, 16
7, 6, 29
7, 8, 23
7, 9, 6
7, 13, 16
7, 13, 45
7, 16, 1
7, 17, 51
7, 19, 34
7, 26, 17
7, 26, 28
7, 28, 30
7, 31, 43
7, 32, 14
7, 34, 38
7, 35, 26
7, 37, 4
7, 41, 1
7, 43, 6
7, 43, 52
7, 44, 18
7, 44, 48
7, 45, 31
7, 46, 47
7, 47, 34
7, 48, 27
7, 48, 31
7, 50, 47
7, 55, 16
7, 58, 13
7, 58, 43
7, 61, 16
7, 61, 54
7, 62, 32
7, 67, 1
7, 69, 39
7, 70, 23
7, 70, 46
7, 72, 29
7, 73, 49
7, 74, 14
7, 75, 26
7, 78, 38
7, 79, 9
7, 79, 16
7, 81, 31
7, 85, 50
7, 86, 33
7, 87, 34
7, 88, 20
7, 88, 45
7, 89, 11
7, 94, 49
7, 96, 39
7, 97, 49
7, 97, 51
7, 98, 17
8, 1, 20
8, 2, 23
8, 2, 34
8, 3, 23
8, 4, 46
8, 6, 12
8, 6, 43
8, 7, 43
8, 8, 7
8, 11, 7
8, 11, 8
8, 11, 58
8, 13, 9
8, 14, 28
8, 16, 34
8, 17, 40
8, 18, 28
8, 20, 8
8, 20, 32
8, 20, 36
8, 21, 9
8, 21, 31
8, 24, 26
8, 25, 48
8, 26, 14
8, 27, 1
8, 27, 11
8, 30, 7
8, 30, 40
8, 31, 31
8, 32, 7
8, 32, 21
8, 32, 48
8, 34, 12
8, 37, 18
8, 38, 2
8, 39, 5
8, 41, 40
8, 43, 34
8, 43, 39
8, 47, 38
8, 47, 39
8, 48, 35
8, 48, 55
8, 51, 45
8, 52, 52
8, 54, 17
8, 57, 41
8, 58, 28
8, 59, 2
8, 59, 32
8, 59, 44
8, 60, 20
8, 62, 36
8, 63, 25
8, 64, 23
8, 65, 18
8, 66, 49
8, 67, 54
8, 68, 35
8, 71, 39
8, 75, 6
8, 77, 4
8, 77, 15
8, 79, 7
8, 79, 51
8, 80, 34
8, 81, 48
8, 83, 9
8, 85, 24
8, 87, 50
8, 88, 8
8, 89, 12
8, 90, 2
8, 91, 9
8, 92, 39
8, 92, 45
8, 95, 8
8, 96, 24
8, 97, 34
8, 97, 42
8, 98, 31
8, 99, 14
8, 100, 22
9, 6, 27
9, 6, 55
9, 7, 22
9, 7, 32
9, 7, 47
9, 8, 2
9, 10, 8
9, 13, 24
9, 13, 47
9, 19, 19
9, 23, 20
9, 23, 57
9, 24, 12
9, 26, 50
9, 31, 1
9, 31, 16
9, 31, 38
9, 33, 35
9, 34, 26
9, 36, 20
9, 38, 35
9, 38, 38
9, 39, 41
9, 40, 13
9, 41, 37
9, 45, 45
9, 46, 9
9, 49, 25
9, 50, 27
9, 52, 39
9, 53, 12
9, 53, 25
9, 53, 34
9, 54, 51
9, 58, 4
9, 59, 27
9, 59, 47
9, 70, 2
9, 70, 20
9, 77, 38
9, 86, 12
9, 86, 21
9, 86, 24
9, 87, 8
9, 88, 6
9, 89, 13
9, 90, 31
9, 93, 41
9, 93, 45
9, 94, 9
9, 95, 37
9, 98, 32
9, 99, 22
9, 99, 39
9, 100, 7
10, 1, 29
10, 2, 40
10, 4, 6
10, 4, 41
10, 7, 25
10, 8, 12
10, 10, 21
10, 10, 34
10, 11, 17
10, 12, 31
10, 14, 17
10, 16, 3
10, 18, 43
10, 20, 16
10, 22, 24
10, 22, 44
10, 24, 6
10, 24, 18
10, 25, 43
10, 26, 32
10, 29, 24
10, 30, 36
10, 32, 29
10, 35, 11
10, 39, 8
10, 41, 51
10, 46, 4
10, 47, 27
10, 48, 23
10, 50, 17
10, 50, 29
10, 52, 19
10, 54, 29
10, 55, 22
10, 56, 45
10, 62, 40
10, 65, 39
10, 66, 34
10, 66, 39
10, 67, 47
10, 69, 44
10, 70, 11
10, 71, 6
10, 75, 12
10, 81, 41
10, 82, 32
10, 87, 29
10, 88, 43
10, 89, 16
10, 92, 12
10, 92, 35
10, 94, 11
10, 94, 27
10, 96, 32
10, 101, 4
10, 101, 57
11, 1, 37
11, 2, 28
11, 2, 48
11, 4, 3
11, 4, 11
11, 4, 39
11, 5, 1
11, 5, 32
11, 6, 28
11, 7, 7
11, 7, 19
11, 10, 40
11, 11, 9
11, 13, 6
11, 13, 14
11, 13, 20
11, 16, 29
11, 16, 51
11, 18, 24
11, 20, 25
11, 20, 27
11, 21, 39
11, 28, 5
11, 30, 4
11, 30, 30
11, 33, 8
11, 33, 26
11, 38, 11
11, 40, 37
11, 40, 53
11, 44, 26
11, 48, 2
11, 55, 5
11, 57, 43
11, 62, 14
11, 63, 45
11, 66, 36
11, 70, 45
11, 73, 32
11, 76, 4
11, 77, 51
11, 78, 33
11, 81, 20
11, 82, 4
11, 83, 19
11, 83, 32
11, 88, 40
11, 89, 23
11, 91, 1
11, 92, 45
11, 93, 9
11, 94, 48
11, 95, 28
11, 96, 29
11, 97, 49
11, 100, 35
12, 1, 39
12, 2, 9
12, 3, 2
12, 6, 40
12, 6, 51
12, 6, 54
12, 7, 31
12, 8, 39
12, 10, 45
12, 11, 46
12, 12, 16
12, 14, 19
12, 15, 26
12, 15, 36
12, 16, 27
12, 19, 45
12, 20, 32
12, 20, 53
12, 21, 10
12, 21, 23
12, 22, 25
12, 24, 19
12, 29, 34
12, 30, 7
12, 30, 41
12, 33, 29
12, 34, 12
12, 35, 5
12, 37, 19
12, 37, 33
12, 40, 11
12, 40, 34
12, 41, 11
12, 41, 47
12, 44, 3
12, 44, 34
12, 44, 42
12, 48, 16
12, 49, 1
12, 49, 46
12, 51, 16
12, 51, 20
12, 52, 21
12, 52, 47
12, 54, 4
12, 55, 2
12, 55, 10
12, 56, 42
12, 57, 52
12, 60, 12
12, 63, 21
12, 63, 35
12, 65, 45
12, 68, 23
12, 69, 7
12, 69, 21
12, 74, 42
12, 78, 1
12, 78, 3
12, 79, 12
12, 83, 26
12, 83, 41
12, 84, 19
12, 84, 54
12, 86, 22
12, 87, 5
12, 87, 14
12, 88, 31
12, 91, 34
12, 93, 12
12, 93, 18
12, 96, 16
12, 98, 5
12, 98, 35
12, 101, 14
13, 1, 42
13, 5, 54
13, 10, 32
13, 11, 20
13, 11, 23
13, 14, 12
13, 17, 10
13, 18, 8
13, 18, 40
13, 19, 37
13, 22, 46
13, 24, 23
13, 27, 50
13, 28, 18
13, 28, 53
13, 29, 10
13, 29, 35
13, 30, 5
13, 35, 14
13, 37, 49
13, 38, 13
13, 42, 22
13, 43, 27
13, 44, 38
13, 45, 22
13, 45, 58
13, 47, 26
13, 47, 56
13, 52, 3
13, 52, 28
13, 52, 52
13, 53, 9
13, 55, 43
13, 57, 21
13, 58, 20
13, 59, 31
13, 60, 8
13, 61, 11
13, 62, 4
13, 66, 2
13, 66, 40
13, 67, 20
13, 69, 42
13, 69, 47
13, 70, 10
13, 70, 19
13, 70, 32
13, 72, 45
13, 73, 33
13, 73, 47
13, 75, 33
13, 85, 33
13, 86, 14
13, 88, 27
13, 89, 23
13, 91, 47
13, 92, 55
13, 93, 4
13, 93, 5
13, 93, 10
13, 93, 53
13, 97, 45
13, 100, 23
13, 100, 26
14, 3, 37
14, 4, 5
14, 4, 10
14, 6, 46
14, 9, 6
14, 9, 46
14, 10, 43
14, 12, 40
14, 14, 36
14, 19, 32
14, 21, 46
14, 22, 33
14, 23, 10
14, 25, 7
14, 26, 25
14, 26, 38
14, 26, 47
14, 30, 37
14, 30, 55
14, 31, 18
14, 32, 23
14, 35, 20
14, 37, 31
14, 37, 45
14, 39, 38
14, 39, 55
14, 40, 23
14, 41, 21
14, 42, 28
14, 43, 10
14, 44, 43
14, 44, 51
14, 46, 1
14, 46, 22
14, 47, 33
14, 48, 41
14, 51, 32
14, 56, 15
14, 58, 6
14, 58, 38
14, 61, 64
14, 62, 27
14, 62, 47
14, 65, 29
14, 68, 55
14, 69, 34
14, 70, 8
14, 70, 37
14, 70, 38
14, 71, 12
14, 71, 23
14, 72, 19
14, 72, 28
14, 79, 13
14, 80, 15
14, 80, 46
14, 81, 5
14, 82, 13
14, 83, 1
14, 84, 21
14, 85, 25
14, 85, 37
14, 85, 41
14, 89, 17
14, 89, 43
14, 90, 30
14, 95, 14
14, 98, 16
14, 99, 38
14, 101, 49
15, 4, 49
15, 5, 5
15, 6, 3
15, 10, 9
15, 12, 15
15, 13, 4
15, 16, 22
15, 17, 30
15, 19, 43
15, 22, 30
15, 23, 19
15, 23, 39
15, 30, 55
15, 32, 2
15, 33, 42
15, 35, 36
15, 39, 46
15, 40, 3
15, 41, 21
15, 43, 41
15, 43, 49
15, 44, 15
15, 44, 33
15, 44, 55
15, 47, 36
15, 53, 14
15, 53, 45
15, 54, 38
15, 56, 34
15, 60, 47
15, 61, 45
15, 62, 3
15, 65, 19
15, 66, 42
15, 68, 43
15, 69, 10
15, 69, 33
15, 70, 5
15, 71, 12
15, 74, 36
15, 75, 16
15, 77, 23
15, 78, 45
15, 79, 15
15, 81, 17
15, 81, 25
15, 81, 42
15, 83, 30
15, 89, 6
15, 91, 14
15, 91, 37
15, 92, 24
15, 95, 2
15, 96, 24
15, 98, 1
15, 101, 4
15, 101, 45
16, 3, 17
16, 6, 52
16, 7, 42
16, 8, 34
16, 8, 44
16, 9, 20
16, 9, 38
16, 10, 23
16, 12, 7
16, 12, 10
16, 12, 52
16, 15, 42
16, 18, 52
16, 19, 35
16, 21, 26
16, 21, 54
16, 22, 12
16, 23, 45
16, 23, 49
16, 27, 2
16, 27, 41
16, 28, 34
16, 28, 49
16, 29, 28
16, 34, 12
16, 34, 36
16, 41, 57
16, 42, 16
16, 44, 52
16, 49, 2
16, 49, 54
16, 53, 36
16, 56, 30
16, 59, 25
16, 60, 12
16, 61, 16
16, 61, 47
16, 64, 3
16, 67, 21
16, 71, 8
16, 72, 4
16, 75, 31
16, 77, 10
16, 77, 26
16, 77, 35
16, 80, 20
16, 81, 2
16, 82, 19
16, 84, 20
16, 88, 34
16, 93, 17
16, 93, 49
16, 94, 38
16, 98, 23
16, 98, 36
16, 101, 54
17, 2, 24
17, 4, 16
17, 5, 5
17, 5, 6
17, 6, 23
17, 8, 14
17, 9, 34
17, 10, 36
17, 13, 53
17, 14, 15
17, 18, 20
17, 20, 9
17, 25, 28
17, 26, 36
17, 27, 19
17, 29, 29
17, 30, 8
17, 31, 23
17, 33, 2
17, 33, 36
17, 40, 15
17, 44, 43
17, 44, 46
17, 45, 37
17, 49, 4
17, 50, 9
17, 52, 23
17, 55, 12
17, 58, 12
17, 59, 42
17, 59, 57
17, 65, 40
17, 68, 44
17, 70, 11
17, 73, 34
17, 76, 31
17, 77, 27
17, 77, 53
17, 78, 16
17, 78, 47
17, 81, 21
17, 82, 36
17, 83, 5
17, 84, 33
17, 87, 4
17, 90, 18
17, 91, 8
17, 93, 33
17, 93, 53
17, 94, 26
17, 94, 28
17, 96, 27
17, 98, 49
17, 99, 2
17, 99, 27
17, 100, 6
17, 101, 33
18, 1, 6
18, 1, 45
18, 1, 51
18, 6, 9
18, 7, 9
18, 7, 56
18, 8, 43
18, 13, 26
18, 14, 28
18, 15, 29
18, 15, 36
18, 15, 49
18, 16, 50
18, 17, 36
18, 17, 39
18, 23, 3
18, 24, 30
18, 25, 24
18, 28, 6
18, 28, 13
18, 30, 27
18, 32, 33
18, 35, 21
18, 38, 20
18, 40, 3
18, 40, 20
18, 44, 6
18, 44, 11
18, 44, 39
18, 47, 25
18, 51, 29
18, 54, 9
18, 54, 31
18, 57, 26
18, 59, 10
18, 60, 34
18, 61, 20
18, 67, 49
18, 68, 21
18, 72, 29
18, 73, 11
18, 78, 6
18, 82, 26
18, 84, 50
18, 87, 45
18, 89, 27
18, 91, 13
18, 99, 24
18, 100, 30
18, 101, 18
19, 3, 44
19, 4, 21
19, 7, 6
19, 7, 35
19, 9, 1
19, 10, 13
19, 12, 21
19, 16, 56
19, 20, 16
19, 21, 5
19, 23, 32
19, 24, 2
19, 24, 8
19, 24, 11
19, 28, 36
19, 29, 44
19, 30, 51
19, 31, 11
19, 38, 10
19, 38, 27
19, 41, 13
19, 41, 36
19, 44, 25
19, 45, 6
19, 47, 13
19, 47, 27
19, 47, 49
19, 48, 46
19, 51, 50
19, 53, 8
19, 53, 43
19, 54, 19
19, 56, 47
19, 58, 15
19, 59, 33
19, 62, 36
19, 64, 43
19, 66, 39
19, 67, 20
19, 68, 34
19, 69, 11
19, 71, 22
19, 72, 15
19, 74, 8
19, 76, 2
19, 81, 29
19, 82, 58
19, 86, 11
19, 86, 17
19, 87, 8
19, 88, 15
19, 88, 27
19, 89, 10
19, 93, 32
19, 94, 25
19, 95, 43
19, 96, 13
19, 100, 47
20, 4, 3
20, 4, 4
20, 9, 22
20, 14, 20
20, 15, 29
20, 19, 27
20, 20, 16
20, 20, 25
20, 23, 43
20, 25, 16
20, 28, 29
20, 29, 6
20, 30, 22
20, 32, 13
20, 34, 47
20, 37, 45
20, 40, 27
20, 44, 18
20, 44, 49
20, 45, 1
20, 45, 10
20, 45, 16
20, 45, 19
20, 45, 33
20, 46, 43
20, 48, 55
20, 50, 39
20, 50, 60
20, 51, 4
20, 51, 36
20, 57, 18
20, 58, 25
20, 59, 9
20, 61, 49
20, 62, 3
20, 62, 54
20, 66, 20
20, 68, 6
20, 72, 37
20, 73, 26
20, 73, 33
20, 82, 42
20, 84, 17
20, 86, 4
20, 86, 6
20, 90, 23
20, 91, 18
20, 92, 29
20, 95, 54
20, 96, 4
20, 96, 37
20, 98, 27
20, 99, 43
21, 2, 4
21, 2, 7
21, 3, 41
21, 4, 21
21, 4, 42
21, 5, 18
21, 6, 6
21, 6, 39
21, 8, 24
21, 8, 52
21, 9, 50
21, 13, 37
21, 15, 19
21, 16, 40
21, 17, 28
21, 17, 38
21, 20, 33
21, 22, 22
21, 25, 6
21, 25, 26
21, 26, 31
21, 26, 43
21, 26, 50
21, 27, 17
21, 28, 15
21, 29, 5
21, 29, 25
21, 30, 24
21, 32, 7
21, 34, 44
21, 35, 13
21, 36, 9
21, 36, 50
21, 37, 4
21, 37, 17
21, 39, 27
21, 41, 22
21, 43, 42
21, 44, 2
21, 44, 55
21, 46, 24
21, 47, 11
21, 49, 39
21, 51, 1
21, 52, 19
21, 52, 47
21, 54, 7
21, 54, 25
21, 54, 26
21, 55, 37
21, 56, 24
21, 57, 16
21, 57, 33
21, 58, 29
21, 58, 32
21, 60, 2
21, 60, 8
21, 62, 7
21, 64, 16
21, 65, 36
21, 67, 35
21, 68, 8
21, 70, 35
21, 76, 52
21, 79, 23
21, 79, 47
21, 80, 29
21, 80, 43
21, 81, 37
21, 81, 45
21, 83, 17
21, 83, 42
21, 85, 30
21, 86, 15
21, 87, 18
21, 88, 39
21, 90, 30
21, 91, 5
21, 92, 38
21, 93, 22
21, 96, 54
21, 100, 13
21, 101, 7
22, 1, 30
22, 5, 8
22, 7, 26
22, 8, 47
22, 9, 12
22, 10, 45
22, 12, 30
22, 15, 6
22, 16, 40
22, 16, 48
22, 17, 10
22, 19, 2
22, 20, 21
22, 20, 22
22, 20, 47
22, 23, 28
22, 27, 9
22, 27, 38
22, 28, 2
22, 35, 34
22, 37, 28
22, 40, 44
22, 43, 22
22, 44, 11
22, 47, 20
22, 47, 32
22, 49, 20
22, 53, 31
22, 55, 18
22, 59, 5
22, 59, 45
22, 60, 18
22, 61, 8
22, 61, 43
22, 61, 48
22, 62, 26
22, 65, 31
22, 67, 4
22, 67, 41
22, 70, 43
22, 71, 36
22, 76, 30
22, 78, 20
22, 79, 14
22, 80, 18
22, 83, 2
22, 89, 25
22, 94, 43
22, 94, 47
22, 96, 13
22, 96, 14
22, 96, 45
22, 97, 24
22, 99, 19
22, 100, 12
22, 100, 38
23, 2, 2
23, 4, 13
23, 4, 59
23, 5, 16
23, 6, 42
23, 7, 55
23, 8, 13
23, 9, 40
23, 10, 25
23, 14, 24
23, 18, 54
23, 23, 41
23, 24, 17
23, 27, 22
23, 29, 14
23, 29, 33
23, 29, 44
23, 33, 30
23, 36, 6
23, 36, 13
23, 36, 19
23, 36, 58
23, 39, 23
23, 42, 10
23, 42, 46
23, 44, 37
23, 45, 8
23, 45, 21
23, 47, 16
23, 47, 40
23, 48, 15
23, 48, 17
23, 50, 1
23, 50, 49
23, 51, 26
23, 52, 39
23, 52, 41
23, 54, 50
23, 56, 28
23, 58, 35
23, 60, 51
23, 66, 26
23, 66, 45
23, 68, 30
23, 73, 25
23, 73, 59
23, 74, 42
23, 76, 36
23, 79, 24
23, 81, 26
23, 81, 53
23, 87, 40
23, 88, 4
23, 91, 6
23, 94, 21
23, 95, 4
23, 95, 23
23, 96, 29
23, 98, 9
23, 98, 34
23, 101, 17
24, 4, 51
24, 7, 36
24, 9, 2
24, 12, 45
24, 13, 10
24, 16, 26
24, 21, 40
24, 23, 14
24, 24, 19
24, 32, 25
24, 34, 21
24, 34, 31
24, 35, 44
24, 36, 9
24, 37, 28
24, 39, 49
24, 43, 5
24, 43, 31
24, 43, 35
24, 44, 17
24, 47, 26
24, 49, 11
24, 49, 51
24, 50, 9
24, 51, 24
24, 56, 14
24, 60, 35
24, 61, 13
24, 69, 36
24, 71, 3
24, 71, 8
24, 71, 17
24, 77, 16
24, 82, 2
24, 84, 38
24, 85, 5
24, 85, 45
24, 88, 42
24, 90, 3
24, 92, 15
24, 92, 17
24, 94, 40
24, 95, 31
24, 99, 24
24, 99, 40
25, 4, 4
25, 8, 7
25, 10, 44
25, 12, 10
25, 12, 46
25, 14, 21
25, 14, 44
25, 20, 3
25, 20, 51
25, 21, 31
25, 24, 49
25, 25, 5
25, 28, 51
25, 37, 37
25, 38, 16
25, 40, 44
25, 41, 33
25, 46, 31
25, 51, 22
25, 52, 23
25, 56, 41
25, 57, 3
25, 57, 23
25, 59, 10
25, 60, 35
25, 61, 21
25, 62, 25
25, 62, 40
25, 65, 29
25, 67, 15
25, 67, 48
25, 69, 35
25, 69, 52
25, 72, 34
25, 75, 4
25, 79, 34
25, 80, 54
25, 83, 19
25, 83, 51
25, 88, 31
25, 91, 6
25, 91, 45
25, 94, 42
25, 98, 44
25, 100, 40
26, 4, 28
26, 6, 28
26, 10, 39
26, 12, 42
26, 14, 1
26, 15, 21
26, 16, 10
26, 17, 21
26, 20, 45
26, 22, 48
26, 27, 1
26, 28, 3
26, 28, 24
26, 31, 29
26, 33, 40
26, 35, 46
26, 47, 25
26, 47, 45
26, 48, 37
26, 50, 6
26, 51, 5
26, 54, 36
26, 55, 50
26, 58, 48
26, 60, 4
26, 60, 41
26, 60, 46
26, 62, 39
26, 64, 24
26, 67, 10
26, 67, 38
26, 69, 11
26, 72, 29
26, 72, 48
26, 74, 1
26, 76, 15
26, 79, 18
26, 80, 34
26, 80, 40
26, 81, 11
26, 81, 13
26, 81, 14
26, 81, 15
26, 85, 10
26, 85, 39
26, 85, 42
26, 85, 48
26, 88, 28
26, 90, 16
26, 92, 29
26, 95, 25
26, 98, 54
26, 100, 16
26, 101, 6
27, 3, 62
27, 6, 20
27, 12, 17
27, 14, 12
27, 14, 23
27, 18, 19
27, 20, 26
27, 21, 10
27, 22, 27
27, 22, 51
27, 24, 24
27, 24, 39
27, 26, 11
27, 26, 14
27, 26, 53
27, 28, 14
27, 30, 21
27, 33, 25
27, 35, 15
27, 36, 2
27, 39, 2
27, 39, 33
27, 40, 30
27, 41, 24
27, 43, 3
27, 46, 58
27, 47, 21
27, 48, 35
27, 52, 10
27, 56, 49
27, 58, 7
27, 58, 25
27, 60, 51
27, 63, 10
27, 63, 14
27, 63, 24
27, 68, 14
27, 72, 15
27, 74, 12
27, 76, 26
27, 78, 19
27, 78, 39
27, 78, 62
27, 79, 6
27, 79, 42
27, 81, 38
27, 84, 21
27, 84, 23
27, 84, 45
27, 87, 33
27, 88, 3
27, 89, 40
27, 90, 10
27, 92, 3
27, 92, 44
27, 95, 17
27, 96, 24
27, 96, 35
27, 96, 51
27, 100, 41
27, 101, 46
28, 1, 47
28, 2, 28
28, 2, 36
28, 6, 13
28, 7, 33
28, 11, 55
28, 14, 28
28, 15, 19
28, 15, 41
28, 16, 22
28, 18, 43
28, 18, 45
28, 21, 40
28, 23, 5
28, 24, 3
28, 24, 21
28, 24, 33
28, 29, 8
28, 30, 26
28, 30, 29
28, 32, 4
28, 39, 22
28, 40, 29
28, 42, 21
28, 43, 38
28, 45, 10
28, 50, 2
28, 50, 55
28, 51, 37
28, 52, 45
28, 53, 46
28, 54, 21
28, 55, 55
28, 58, 1
28, 58, 13
28, 61, 6
28, 62, 18
28, 62, 40
28, 63, 14
28, 64, 3
28, 64, 40
28, 65, 22
28, 67, 2
28, 67, 32
28, 69, 34
28, 70, 10
28, 73, 8
28, 73, 47
28, 74, 42
28, 75, 36
28, 79, 45
28, 81, 29
28, 82, 38
28, 89, 47
28, 90, 5
28, 91, 19
28, 92, 13
28, 92, 47
28, 93, 41
28, 94, 13
28, 95, 12
28, 96, 14
28, 96, 17
28, 97, 33
28, 101, 28
29, 1, 20
29, 3, 3
29, 4, 4
29, 4, 33
29, 5, 4
29, 5, 8
29, 6, 11
29, 6, 24
29, 7, 12
29, 12, 35
29, 13, 36
29, 17, 31
29, 21, 43
29, 24, 35
29, 26, 27
29, 26, 28
29, 26, 39
29, 26, 46
29, 29, 34
29, 30, 31
29, 32, 26
29, 32, 48
29, 35, 11
29, 35, 13
29, 38, 39
29, 38, 46
29, 40, 17
29, 42, 34
29, 42, 42
29, 43, 36
29, 46, 10
29, 48, 33
29, 48, 43
29, 50, 15
29, 52, 10
29, 52, 29
29, 59, 39
29, 60, 23
29, 61, 49
29, 62, 48
29, 65, 45
29, 66, 7
29, 66, 54
29, 68, 14
29, 68, 27
29, 69, 36
29, 73, 20
29, 74, 48
29, 75, 29
29, 75, 31
29, 78, 46
29, 80, 3
29, 80, 26
29, 80, 35
29, 81, 2
29, 82, 15
29, 85, 24
29, 85, 31
29, 87, 29
29, 88, 56
29, 89, 42
29, 91, 4
29, 94, 30
29, 95, 11
29, 95, 29
29, 96, 2
29, 96, 27
29, 98, 32
29, 99, 16
29, 101, 27
30, 3, 30
30, 3, 43
30, 9, 28
30, 16, 1
30, 16, 31
30, 17, 6
30, 18, 45
30, 19, 13
30, 20, 19
30, 20, 26
30, 20, 50
30, 21, 45
30, 23, 4
30, 23, 33
30, 24, 41
30, 25, 39
30, 25, 51
30, 29, 13
30, 32, 44
30, 33, 33
30, 41, 14
30, 43, 16
30, 44, 4
30, 45, 36
30, 46, 53
30, 48, 21
30, 48, 34
30, 49, 12
30, 51, 43
30, 53, 14
30, 54, 33
30, 55, 14
30, 57, 38
30, 58, 34
30, 59, 48
30, 66, 24
30, 69, 18
30, 70, 49
30, 77, 1
30, 77, 12
30, 77, 24
30, 78, 33
30, 79, 29
30, 81, 1
30, 81, 11
30, 81, 24
30, 81, 46
30, 81, 54
30, 85, 26
30, 86, 21
30, 87, 26
30, 89, 17
30, 90, 28
30, 92, 13
30, 92, 39
30, 95, 24
30, 96, 50
30, 97, 4
30, 99, 8
30, 99, 9
30, 99, 51
30, 101, 11
31, 8, 44
31, 9, 33
31, 9, 35
31, 10, 23
31, 10, 39
31, 15, 8
31, 16, 2
31, 16, 10
31, 17, 5
31, 17, 15
31, 17, 30
31, 17, 42
31, 20, 13
31, 25, 8
31, 26, 20
31, 26, 37
31, 32, 6
31, 36, 35
31, 38, 53
31, 39, 13
31, 39, 63
31, 41, 38
31, 41, 52
31, 43, 40
31, 44, 30
31, 45, 25
31, 55, 39
31, 57, 14
31, 59, 5
31, 59, 32
31, 60, 32
31, 68, 25
31, 69, 5
31, 69, 17
31, 70, 7
31, 71, 35
31, 72, 37
31, 73, 44
31, 76, 27
31, 76, 56
31, 82, 15
31, 83, 19
31, 85, 8
31, 91, 20
31, 92, 10
31, 92, 52
31, 94, 28
31, 95, 38
31, 96, 37
31, 97, 55
31, 98, 29
31, 99, 2
31, 100, 40
32, 5, 40
32, 8, 10
32, 9, 7
32, 10, 28
32, 11, 7
32, 11, 10
32, 11, 31
32, 11, 35
32, 12, 21
32, 12, 46
32, 14, 4
32, 14, 5
32, 14, 51
32, 21, 33
32, 25, 39
32, 26, 57
32, 27, 39
32, 29, 5
32, 39, 3
32, 41, 6
32, 42, 7
32, 42, 38
32, 42, 40
32, 45, 4
32, 49, 15
32, 49, 18
32, 51, 6
32, 52, 31
32, 53, 18
32, 53, 34
32, 55, 22
32, 60, 9
32, 62, 12
32, 64, 10
32, 64, 38
32, 70, 5
32, 72, 28
32, 73, 18
32, 75, 12
32, 77, 42
32, 79, 4
32, 81, 27
32, 82, 2
32, 85, 32
32, 86, 16
32, 88, 57
32, 90, 31
32, 94, 4
32, 99, 34
32, 101, 45
33, 3, 49
33, 5, 42
33, 6, 5
33, 8, 1
33, 14, 24
33, 15, 33
33, 19, 43
33, 20, 48
33, 21, 43
33, 22, 4
33, 24, 18
33, 24, 46
33, 25, 5
33, 28, 33
33, 30, 18
33, 30, 39
33, 31, 23
33, 32, 38
33, 35, 8
33, 35, 32
33, 37, 1
33, 37, 14
33, 37, 28
33, 38, 32
33, 40, 1
33, 40, 25
33, 42, 23
33, 43, 45
33, 43, 48
33, 44, 6
33, 48, 16
33, 49, 41
33, 50, 30
33, 57, 14
33, 58, 50
33, 61, 38
33, 62, 39
33, 63, 27
33, 68, 22
33, 68, 27
33, 69, 41
33, 71, 33
33, 73, 20
33, 73, 31
33, 75, 42
33, 79, 46
33, 81, 1
33, 81, 52
33, 86, 30
33, 88, 14
33, 92, 11
33, 92, 23
33, 93, 4
33, 94, 8
33, 97, 21
33, 97, 22
33, 101, 5
34, 2, 8
34, 2, 18
34, 2, 31
34, 2, 56
34, 4, 1
34, 4, 29
34, 6, 16
34, 6, 41
34, 7, 3
34, 9, 30
34, 9, 44
34, 9, 47
34, 12, 17
34, 14, 53
34, 15, 19
34, 16, 19
34, 16, 36
34, 16, 51
34, 17, 17
34, 18, 35
34, 28, 15
34, 31, 1
34, 31, 28
34, 31, 31
34, 32, 15
34, 33, 6
34, 33, 7
34, 35, 4
34, 37, 20
34, 41, 51
34, 42, 31
34, 42, 36
34, 43, 30
34, 43, 49
34, 45, 10
34, 45, 20
34, 48, 46
34, 53, 49
34, 53, 51
34, 57, 24
34, 61, 18
34, 64, 22
34, 64, 31
34, 67, 56
34, 68, 37
34, 70, 27
34, 71, 1
34, 72, 3
34, 72, 9
34, 74, 1
34, 76, 19
34, 77, 36
34, 83, 25
34, 84, 21
34, 84, 38
34, 87, 51
34, 88, 37
34, 92, 36
34, 93, 52
34, 94, 24
34, 98, 49
34, 99, 24
34, 101, 16
34, 101, 17
35, 2, 3
35, 2, 48
35, 4, 23
35, 10, 14
35, 10, 47
35, 13, 44
35, 15, 7
35, 16, 11
35, 19, 33
35, 28, 27
35, 28, 46
35, 31, 16
35, 33, 38
35, 37, 45
35, 38, 27
35, 38, 35
35, 39, 8
35, 40, 29
35, 44, 38
35, 45, 19
35, 45, 20
35, 46, 50
35, 50, 3
35, 50, 8
35, 50, 24
35, 50, 44
35, 50, 46
35, 51, 12
35, 54, 29
35, 55, 46
35, 58, 39
35, 58, 41
35, 61, 47
35, 62, 24
35, 63, 1
35, 63, 37
35, 65, 26
35, 68, 48
35, 72, 53
35, 74, 4
35, 80, 40
35, 83, 7
35, 85, 11
35, 88, 33
35, 89, 23
35, 90, 30
35, 94, 6
35, 95, 38
35, 95, 41
35, 96, 25
35, 97, 14
35, 97, 48
35, 98, 20
35, 100, 45
36, 1, 22
36, 1, 32
36, 2, 30
36, 3, 24
36, 3, 40
36, 5, 52
36, 5, 56
36, 7, 3
36, 9, 39
36, 12, 36
36, 17, 15
36, 17, 41
36, 20, 8
36, 20, 37
36, 22, 54
36, 25, 11
36, 26, 4
36, 27, 16
36, 28, 10
36, 28, 40
36, 30, 1
36, 31, 48
36, 33, 17
36, 33, 20
36, 33, 58
36, 36, 54
36, 40, 6
36, 40, 16
36, 40, 18
36, 41, 31
36, 41, 54
36, 43, 19
36, 43, 53
36, 45, 1
36, 45, 47
36, 53, 5
36, 53, 18
36, 53, 32
36, 55, 4
36, 56, 19
36, 56, 32
36, 58, 9
36, 58, 26
36, 58, 54
36, 62, 28
36, 62, 40
36, 64, 35
36, 66, 44
36, 69, 12
36, 69, 14
36, 69, 48
36, 70, 4
36, 75, 32
36, 77, 10
36, 78, 22
36, 78, 30
36, 78, 43
36, 80, 2
36, 81, 56
36, 82, 5
36, 82, 21
36, 85, 20
36, 87, 16
36, 88, 43
36, 91, 28
36, 92, 15
36, 93, 57
36, 98, 24
36, 98, 33
37, 2, 50
37, 7, 11
37, 7, 52
37, 8, 42
37, 10, 19
37, 17, 9
37, 22, 3
37, 23, 41
37, 25, 32
37, 26, 18
37, 28, 24
37, 28, 35
37, 29, 49
37, 30, 28
37, 32, 42
37, 35, 6
37, 38, 15
37, 38, 18
37, 38, 54
37, 39, 45
37, 40, 9
37, 40, 27
37, 45, 11
37, 48, 24
37, 48, 34
37, 50, 19
37, 60, 12
37, 64, 12
37, 64, 50
37, 71, 42
37, 72, 36
37, 72, 50
37, 74, 13
37, 75, 2
37, 75, 6
37, 76, 12
37, 78, 1
37, 83, 44
37, 85, 28
37, 86, 5
37, 86, 55
37, 88, 9
37, 88, 22
37, 91, 11
37, 93, 18
37, 94, 32
37, 94, 34
37, 100, 3
37, 101, 27
37, 101, 53
38, 1, 44
38, 4, 40
38, 4, 56
38, 9, 21
38, 11, 44
38, 15, 16
38, 16, 24
38, 17, 35
38, 20, 1
38, 20, 47
38, 20, 55
38, 20, 58
38, 22, 54
38, 25, 6
38, 26, 32
38, 26, 56
38, 27, 1
38, 31, 5
38, 31, 52
38, 34, 17
38, 35, 10
38, 35, 34
38, 36, 23
38, 39, 25
38, 39, 44
38, 40, 23
38, 41, 33
38, 42, 15
38, 42, 24
38, 45, 7
38, 54, 61
38, 56, 10
38, 58, 44
38, 61, 40
38, 62, 26
38, 65, 7
38, 72, 42
38, 76, 9
38, 78, 7
38, 78, 56
38, 80, 35
38, 81, 52
38, 81, 53
38, 84, 41
38, 85, 16
38, 85, 26
38, 86, 16
38, 86, 42
38, 87, 32
38, 89, 1
38, 90, 7
38, 90, 48
38, 91, 55
38, 93, 1
38, 95, 23
38, 97, 21
38, 97, 53
38, 98, 7
38, 100, 25
38, 101, 10
38, 101, 61
39, 1, 33
39, 2, 23
39, 2, 55
39, 4, 16
39, 6, 25
39, 7, 8
39, 18, 12
39, 18, 30
39, 23, 42
39, 25, 26
39, 29, 19
39, 32, 17
39, 32, 21
39, 32, 28
39, 32, 48
39, 35, 41
39, 35, 42
39, 39, 33
39, 43, 54
39, 50, 48
39, 51, 43
39, 57, 43
39, 60, 53
39, 62, 34
39, 64, 38
39, 64, 44
39, 67, 18
39, 67, 57
39, 71, 28
39, 73, 18
39, 73, 51
39, 74, 25
39, 74, 60
39, 75, 42
39, 76, 43
39, 79, 23
39, 82, 22
39, 85, 36
39, 87, 22
39, 88, 48
39, 89, 23
39, 89, 35
39, 96, 49
39, 99, 51
39, 100, 16
39, 101, 36
40, 1, 13
40, 1, 50
40, 5, 7
40, 5, 44
40, 6, 28
40, 7, 3
40, 9, 2
40, 10, 23
40, 11, 32
40, 12, 24
40, 20, 17
40, 23, 23
40, 24, 4
40, 24, 44
40, 25, 19
40, 26, 33
40, 29, 14
40, 33, 26
40, 34, 10
40, 40, 22
40, 43, 9
40, 44, 25
40, 46, 2
40, 46, 36
40, 48, 23
40, 48, 30
40, 49, 22
40, 50, 3
40, 52, 41
40, 53, 17
40, 54, 10
40, 54, 15
40, 55, 17
40, 56, 24
40, 57, 1
40, 57, 38
40, 58, 4
40, 58, 12
40, 59, 50
40, 59, 56
40, 61, 13
40, 64, 26
40, 65, 15
40, 65, 33
40, 66, 16
40, 66, 24
40, 69, 26
40, 69, 31
40, 70, 28
40, 73, 2
40, 75, 2
40, 75, 23
40, 77, 14
40, 79, 6
40, 84, 5
40, 86, 24
40, 87, 3
40, 87, 47
40, 88, 15
40, 89, 27
40, 91, 13
40, 92, 10
40, 92, 37
40, 93, 17
40, 94, 39
40, 96, 24
40, 97, 23
40, 98, 8
41, 6, 9
41, 6, 33
41, 7, 18
41, 8, 7
41, 8, 32
41, 11, 36
41, 12, 15
41, 12, 44
41, 13, 24
41, 18, 22
41, 20, 4
41, 24, 30
41, 25, 46
41, 26, 1
41, 26, 9
41, 28, 17
41, 28, 25
41, 37, 47
41, 45, 28
41, 45, 41
41, 49, 27
41, 50, 43
41, 52, 48
41, 53, 32
41, 54, 38
41, 56, 19
41, 59, 23
41, 59, 44
41, 61, 47
41, 62, 44
41, 63, 7
41, 63, 19
41, 65, 11
41, 67, 36
41, 67, 40
41, 69, 27
41, 70, 43
41, 72, 3
41, 72, 40
41, 75, 33
41, 76, 26
41, 78, 25
41, 79, 15
41, 79, 18
41, 79, 49
41, 86, 37
41, 88, 46
41, 89, 9
41, 89, 42
41, 90, 7
41, 91, 33
41, 92, 44
41, 94, 26
41, 95, 14
41, 96, 36
41, 96, 43
41, 99, 33
41, 100, 38
42, 2, 28
42, 2, 53
42, 4, 19
42, 8, 29
42, 9, 34
42, 12, 16
42, 12, 45
42, 12, 59
42, 17, 24
42, 18, 3
42, 18, 11
42, 19, 6
42, 20, 28
42, 23, 14
42, 27, 28
42, 30, 17
42, 32, 14
42, 32, 16
42, 32, 38
42, 33, 37
42, 37, 46
42, 38, 2
42, 38, 7
42, 44, 9
42, 54, 19
42, 54, 40
42, 56, 1
42, 56, 50
42, 57, 7
42, 58, 22
42, 62, 31
42, 68, 31
42, 69, 38
42, 72, 11
42, 74, 34
42, 77, 28
42, 77, 42
42, 82, 39
42, 83, 42
42, 84, 6
42, 84, 46
42, 85, 37
42, 85, 48
42, 85, 52
42, 91, 24
42, 93, 9
42, 93, 14
42, 101, 10
43, 3, 21
43, 3, 52
43, 3, 55
43, 7, 39
43, 7, 42
43, 11, 11
43, 11, 13
43, 11, 29
43, 11, 31
43, 12, 11
43, 15, 15
43, 15, 37
43, 17, 2
43, 19, 29
43, 19, 56
43, 21, 37
43, 22, 42
43, 24, 31
43, 25, 3
43, 26, 45
43, 28, 7
43, 30, 5
43, 30, 36
43, 32, 25
43, 34, 21
43, 35, 10
43, 35, 41
43, 35, 58
43, 37, 34
43, 43, 6
43, 43, 20
43, 43, 29
43, 46, 17
43, 46, 25
43, 49, 33
43, 51, 15
43, 51, 54
43, 52, 1
43, 56, 37
43, 58, 3
43, 62, 29
43, 63, 5
43, 63, 13
43, 68, 42
43, 70, 27
43, 71, 42
43, 71, 55
43, 78, 13
43, 78, 28
43, 78, 39
43, 78, 53
43, 81, 11
43, 81, 27
43, 82, 10
43, 83, 45
43, 88, 37
43, 90, 34
43, 91, 3
43, 92, 50
43, 94, 2
43, 94, 47
43, 96, 32
43, 97, 18
43, 98, 25
43, 99, 13
43, 100, 31
43, 100, 52
43, 100, 58
43, 101, 42
44, 2, 43
44, 3, 7
44, 3, 19
44, 4, 36
44, 6, 44
44, 8, 15
44, 10, 43
44, 14, 3
44, 15, 27
44, 17, 36
44, 17, 38
44, 18, 28
44, 20, 5
44, 22, 4
44, 24, 21
44, 30, 12
44, 33, 18
44, 34, 5
44, 34, 35
44, 34, 37
44, 40, 1
44, 40, 50
44, 41, 24
44, 41, 49
44, 43, 24
44, 44, 16
44, 44, 38
44, 44, 43
44, 45, 5
44, 48, 33
44, 48, 64
44, 50, 48
44, 51, 27
44, 56, 44
44, 61, 30
44, 64, 40
44, 66, 14
44, 66, 47
44, 67, 3
44, 68, 1
44, 70, 56
44, 73, 22
44, 73, 38
44, 74, 6
44, 75, 29
44, 76, 38
44, 77, 35
44, 79, 16
44, 85, 32
44, 85, 39
44, 89, 7
44, 91, 52
44, 95, 37
44, 96, 18
44, 96, 55
44, 97, 19
44, 99, 49
45, 2, 32
45, 3, 26
45, 4, 9
45, 4, 12
45, 4, 49
45, 4, 51
45, 6, 46
45, 7, 14
45, 8, 23
45, 12, 20
45, 12, 39
45, 13, 1
45, 15, 2
45, 15, 19
45, 15, 29
45, 16, 11
45, 16, 24
45, 17, 24
45, 18, 37
45, 21, 20
45, 21, 58
45, 26, 38
45, 28, 48
45, 31, 24
45, 32, 48
45, 35, 45
45, 40, 42
45, 41, 34
45, 42, 14
45, 43, 19
45, 43, 42
45, 45, 19
45, 45, 22
45, 48, 15
45, 53, 33
45, 54, 1
45, 54, 29
45, 54, 52
45, 56, 39
45, 57, 23
45, 58, 6
45, 60, 25
45, 60, 36
45, 60, 44
45, 61, 36
45, 63, 17
45, 64, 16
45, 66, 56
45, 74, 8
45, 77, 2
45, 78, 32
45, 79, 26
45, 89, 34
45, 91, 24
45, 95, 26
45, 98, 23
45, 99, 44
46, 2, 12
46, 4, 21
46, 6, 13
46, 10, 38
46, 11, 30
46, 11, 49
46, 14, 36
46, 15, 34
46, 15, 40
46, 16, 44
46, 17, 1
46, 18, 8
46, 18, 41
46, 18, 42
46, 23, 26
46, 23, 37
46, 23, 38
46, 27, 49
46, 28, 6
46, 29, 40
46, 33, 13
46, 34, 38
46, 34, 43
46, 35, 3
46, 35, 52
46, 37, 27
46, 40, 26
46, 47, 6
46, 47, 44
46, 52, 34
46, 53, 7
46, 53, 14
46, 55, 15
46, 56, 19
46, 60, 24
46, 63, 24
46, 66, 18
46, 72, 15
46, 72, 40
46, 74, 17
46, 77, 30
46, 79, 31
46, 80, 1
46, 82, 5
46, 82, 22
46, 83, 22
46, 85, 25
46, 86, 6
46, 88, 1
46, 88, 34
46, 90, 10
46, 90, 26
46, 90, 30
46, 90, 41
46, 90, 49
46, 91, 26
46, 92, 8
46, 92, 38
46, 96, 21
46, 98, 46
47, 3, 7
47, 4, 46
47, 6, 25
47, 7, 40
47, 8, 22
47, 11, 19
47, 11, 41
47, 12, 31
47, 16, 47
47, 17, 46
47, 19, 51
47, 20, 39
47, 21, 1
47, 21, 19
47, 22, 13
47, 22, 15
47, 22, 41
47, 25, 28
47, 26, 9
47, 26, 14
47, 26, 19
47, 29, 20
47, 29, 52
47, 30, 24
47, 31, 13
47, 32, 52
47, 34, 17
47, 34, 47
47, 38, 47
47, 39, 30
47, 40, 25
47, 41, 13
47, 41, 22
47, 42, 47
47, 43, 5
47, 45, 25
47, 48, 42
47, 51, 9
47, 51, 45
47, 54, 16
47, 54, 19
47, 54, 25
47, 57, 4
47, 57, 25
47, 58, 2
47, 58, 48
47, 59, 8
47, 60, 31
47, 64, 30
47, 65, 32
47, 67, 38
47, 68, 33
47, 69, 8
47, 69, 47
47, 72, 11
47, 73, 51
47, 76, 16
47, 78, 3
47, 78, 38
47, 79, 52
47, 80, 51
47, 81, 8
47, 82, 34
47, 82, 50
47, 84, 34
47, 86, 14
47, 90, 13
47, 90, 17
47, 92, 29
47, 97, 15
47, 99, 41
47, 100, 2
47, 101, 16
48, 4, 31
48, 4, 37
48, 8, 26
48, 10, 14
48, 15, 18
48, 15, 40
48, 17, 10
48, 17, 15
48, 17, 30
48, 17, 50
48, 19, 41
48, 26, 38
48, 29, 36
48, 29, 48
48, 36, 28
48, 38, 3
48, 44, 57
48, 45, 32
48, 45, 37
48, 47, 39
48, 48, 10
48, 48, 55
48, 49, 31
48, 50, 14
48, 54, 12
48, 54, 55
48, 55, 31
48, 59, 13
48, 60, 29
48, 64, 35
48, 64, 40
48, 65, 14
48, 65, 28
48, 65, 45
48, 65, 48
48, 66, 4
48, 69, 12
48, 74, 50
48, 77, 7
48, 77, 47
48, 80, 18
48, 81, 55
48, 83, 4
48, 84, 31
48, 84, 41
48, 88, 15
48, 88, 38
48, 91, 18
48, 100, 55
48, 101, 30
49, 2, 34
49, 2, 48
49, 4, 7
49, 4, 34
49, 4, 48
49, 8, 10
49, 15, 53
49, 19, 38
49, 20, 38
49, 22, 7
49, 22, 56
49, 28, 47
49, 29, 34
49, 31, 6
49, 32, 3
49, 32, 53
49, 33, 12
49, 35, 44
49, 36, 31
49, 36, 34
49, 37, 19
49, 37, 20
49, 38, 9
49, 41, 1
49, 41, 36
49, 42, 35
49, 47, 6
49, 47, 25
49, 50, 20
49, 52, 18
49, 53, 26
49, 58, 33
49, 63, 29
49, 70, 45
49, 71, 6
49, 77, 7
49, 77, 48
49, 88, 1
49, 89, 9
49, 90, 41
49, 91, 32
49, 96, 29
49, 97, 38
49, 98, 6
49, 98, 36
49, 98, 56
50, 2, 12
50, 2, 28
50, 2, 36
50, 2, 54
50, 5, 7
50, 6, 15
50, 7, 15
50, 11, 30
50, 12, 8
50, 13, 19
50, 19, 6
50, 21, 44
50, 22, 2
50, 24, 23
50, 26, 27
50, 28, 20
50, 32, 16
50, 39, 9
50, 41, 10
50, 41, 38
50, 43, 7
50, 45, 41
50, 47, 8
50, 52, 49
50, 53, 24
50, 59, 1
50, 59, 33
50, 59, 42
50, 62, 23
50, 70, 19
50, 71, 44
50, 72, 27
50, 73, 33
50, 75, 6
50, 76, 28
50, 78, 32
50, 83, 19
50, 83, 45
50, 86, 12
50, 88, 54
50, 93, 44
50, 95, 16
50, 98, 15
50, 99, 2
51, 1, 45
51, 2, 21
51, 4, 18
51, 5, 44
51, 5, 51
51, 7, 19
51, 14, 32
51, 14, 33
51, 15, 2
51, 15, 9
51, 16, 45
51, 17, 1
51, 17, 12
51, 17, 30
51, 17, 40
51, 20, 24
51, 22, 38
51, 24, 40
51, 28, 33
51, 31, 6
51, 32, 10
51, 33, 2
51, 33, 23
51, 34, 32
51, 35, 14
51, 35, 24
51, 36, 28
51, 38, 38
51, 43, 1
51, 43, 15
51, 43, 56
51, 50, 48
51, 52, 20
51, 52, 43
51, 54, 14
51, 55, 43
51, 56, 38
51, 59, 44
51, 60, 1
51, 61, 35
51, 62, 7
51, 62, 37
51, 63, 4
51, 64, 11
51, 65, 55
51, 66, 40
51, 68, 18
51, 71, 6
51, 73, 14
51, 74, 40
51, 77, 26
51, 78, 41
51, 79, 10
51, 79, 47
51, 81, 51
51, 84, 2
51, 84, 32
51, 87, 14
51, 88, 2
51, 92, 45
51, 93, 7
51, 93, 10
51, 93, 26
51, 93, 33
51, 95, 38
51, 98, 25
51, 101, 41
52, 1, 3
52, 1, 29
52, 2, 9
52, 2, 45
52, 4, 18
52, 6, 39
52, 6, 47
52, 8, 34
52, 10, 59
52, 11, 6
52, 11, 12
52, 13, 54
52, 17, 32
52, 18, 9
52, 23, 19
52, 24, 23
52, 25, 18
52, 25, 45
52, 26, 3
52, 26, 30
52, 28, 5
52, 28, 16
52, 29, 38
52, 31, 12
52, 32, 10
52, 32, 29
52, 35, 1
52, 35, 29
52, 39, 19
52, 46, 31
52, 46, 37
52, 49, 25
52, 49, 54
52, 52, 44
52, 53, 32
52, 54, 16
52, 54, 40
52, 60, 43
52, 66, 47
52, 68, 16
52, 73, 20
52, 76, 22
52, 81, 25
52, 83, 38
52, 84, 50
52, 89, 9
52, 89, 55
52, 91, 18
52, 93, 21
52, 94, 15
52, 98, 17
53, 3, 32
53, 4, 16
53, 6, 2
53, 6, 29
53, 6, 51
53, 7, 14
53, 8, 41
53, 12, 40
53, 14, 21
53, 20, 50
53, 21, 7
53, 21, 45
53, 23, 5
53, 25, 48
53, 28, 9
53, 30, 41
53, 31, 38
53, 32, 17
53, 33, 20
53, 33, 45
53, 35, 35
53, 38, 12
53, 38, 44
53, 39, 30
53, 44, 27
53, 47, 12
53, 48, 34
53, 50, 49
53, 54, 7
53, 57, 18
53, 59, 24
53, 64, 28
53, 66, 51
53, 66, 55
53, 69, 16
53, 69, 38
53, 70, 33
53, 72, 21
53, 74, 2
53, 77, 20
53, 81, 44
53, 82, 14
53, 83, 5
53, 84, 22
53, 85, 50
53, 86, 32
53, 88, 22
53, 90, 18
53, 92, 9
53, 93, 51
53, 94, 17
53, 95, 11
53, 95, 43
53, 95, 45
54, 3, 6
54, 3, 55
54, 4, 46
54, 5, 21
54, 8, 23
54, 8, 55
54, 12, 44
54, 13, 21
54, 15, 37
54, 20, 24
54, 25, 8
54, 25, 15
54, 25, 33
54, 26, 11
54, 34, 15
54, 35, 52
54, 36, 14
54, 38, 16
54, 42, 37
54, 44, 36
54, 45, 6
54, 45, 53
54, 47, 24
54, 47, 28
54, 50, 13
54, 52, 29
54, 59, 44
54, 60, 11
54, 63, 11
54, 65, 44
54, 74, 5
54, 74, 23
54, 74, 24
54, 74, 58
54, 76, 44
54, 77, 16
54, 78, 13
54, 81, 17
54, 82, 3
54, 83, 35
54, 85, 30
54, 87, 46
54, 88, 11
54, 89, 37
54, 89, 41
54, 96, 38
54, 100, 5
55, 1, 27
55, 2, 36
55, 3, 17
55, 3, 44
55, 7, 35
55, 10, 29
55, 10, 54
55, 13, 49
55, 14, 19
55, 14, 36
55, 15, 8
55, 15, 60
55, 16, 10
55, 16, 48
55, 17, 9
55, 17, 33
55, 18, 3
55, 18, 50
55, 19, 2
55, 20, 17
55, 26, 40
55, 28, 4
55, 28, 41
55, 30, 16
55, 32, 32
55, 33, 39
55, 33, 44
55, 37, 12
55, 38, 14
55, 39, 35
55, 39, 37
55, 39, 51
55, 40, 2
55, 40, 9
55, 40, 55
55, 41, 39
55, 42, 35
55, 42, 59
55, 43, 5
55, 43, 33
55, 46, 20
55, 50, 11
55, 50, 38
55, 51, 10
55, 51, 49
55, 52, 18
55, 53, 28
55, 53, 45
55, 53, 46
55, 56, 14
55, 58, 32
55, 60, 2
55, 60, 43
55, 61, 51
55, 61, 56
55, 63, 45
55, 64, 16
55, 70, 35
55, 73, 12
55, 75, 41
55, 77, 27
55, 78, 45
55, 79, 41
55, 83, 6
55, 83, 16
55, 85, 7
55, 85, 58
55, 86, 9
55, 86, 11
55, 86, 45
55, 88, 54
55, 89, 9
55, 89, 28
55, 90, 16
55, 91, 47
55, 92, 18
55, 92, 38
55, 95, 34
55, 98, 14
55, 98, 15
55, 99, 12
56, 1, 1
56, 5, 12
56, 6, 23
56, 8, 34
56, 9, 41
56, 10, 10
56, 11, 4
56, 12, 54
56, 18, 43
56, 19, 8
56, 21, 16
56, 24, 36
56, 30, 40
56, 30, 45
56, 32, 24
56, 33, 14
56, 40, 5
56, 40, 49
56, 40, 54
56, 42, 38
56, 44, 14
56, 45, 29
56, 46, 36
56, 48, 50
56, 50, 16
56, 50, 23
56, 51, 4
56, 56, 32
56, 57, 11
56, 57, 14
56, 57, 60
56, 58, 20
56, 62, 7
56, 66, 10
56, 69, 46
56, 70, 34
56, 73, 44
56, 74, 26
56, 76, 40
56, 79, 8
56, 80, 12
56, 81, 3
56, 83, 40
56, 91, 11
56, 93, 4
56, 94, 20
56, 95, 36
56, 96, 24
56, 97, 45
56, 99, 8
56, 100, 1
57, 3, 17
57, 4, 29
57, 6, 38
57, 8, 7
57, 12, 26
57, 13, 30
57, 14, 12
57, 15, 4
57, 17, 33
57, 18, 18
57, 19, 9
57, 20, 21
57, 20, 34
57, 21, 39
57, 21, 61
57, 23, 36
57, 27, 5
57, 27, 11
57, 29, 58
57, 30, 28
57, 31, 53
57, 34, 34
57, 37, 22
57, 38, 43
57, 39, 29
57, 42, 43
57, 43, 21
57, 49, 6
57, 52, 5
57, 52, 23
57, 55, 49
57, 60, 8
57, 60, 45
57, 62, 7
57, 62, 50
57, 62, 51
57, 64, 18
57, 71, 30
57, 72, 39
57, 74, 3
57, 75, 56
57, 78, 9
57, 81, 30
57, 82, 29
57, 82, 46
57, 82, 47
57, 85, 55
57, 87, 30
57, 88, 15
57, 88, 34
57, 90, 25
57, 91, 35
57, 92, 43
57, 95, 6
57, 97, 7
57, 97, 20
57, 98, 39
57, 99, 18
57, 101, 23
58, 1, 4
58, 1, 17
58, 1, 44
58, 2, 12
58, 5, 35
58, 7, 1
58, 9, 53
58, 10, 12
58, 10, 32
58, 13, 21
58, 15, 45
58, 16, 1
58, 17, 11
58, 17, 18
58, 17, 36
58, 18, 19
58, 18, 26
58, 20, 23
58, 21, 14
58, 21, 41
58, 24, 44
58, 25, 48
58, 27, 37
58, 30, 20
58, 30, 42
58, 30, 50
58, 31, 16
58, 34, 41
58, 37, 33
58, 38, 15
58, 42, 11
58, 45, 55
58, 48, 8
58, 53, 13
58, 53, 33
58, 57, 47
58, 59, 25
58, 63, 35
58, 69, 15
58, 70, 1
58, 70, 43
58, 75, 23
58, 76, 17
58, 76, 53
58, 79, 21
58, 79, 55
58, 80, 28
58, 82, 42
58, 83, 4
58, 83, 11
58, 84, 2
58, 84, 44
58, 86, 21
58, 89, 26
58, 90, 19
58, 91, 18
58, 94, 24
58, 98, 3
58, 98, 29
58, 98, 36
58, 101, 32
58, 101, 41
59, 2, 7
59, 2, 28
59, 3, 13
59, 3, 31
59, 4, 33
59, 7, 42
59, 8, 47
59, 9, 45
59, 16, 40
59, 17, 28
59, 20, 36
59, 23, 7
59, 24, 19
59, 27, 7
59, 28, 21
59, 29, 46
59, 30, 5
59, 36, 46
59, 38, 28
59, 40, 19
59, 40, 43
59, 42, 2
59, 44, 13
59, 44, 46
59, 44, 56
59, 45, 53
59, 46, 19
59, 47, 54
59, 48, 8
59, 49, 45
59, 51, 11
59, 51, 42
59, 52, 7
59, 53, 27
59, 54, 40
59, 57, 22
59, 59, 1
59, 60, 29
59, 60, 31
59, 60, 38
59, 64, 5
59, 65, 7
59, 66, 6
59, 66, 34
59, 67, 3
59, 67, 36
59, 70, 56
59, 71, 7
59, 71, 39
59, 72, 29
59, 74, 8
59, 76, 59
59, 77, 3
59, 78, 10
59, 78, 33
59, 79, 36
59, 80, 21
59, 83, 35
59, 86, 42
59, 88, 28
59, 90, 42
59, 92, 11
59, 92, 34
59, 94, 7
59, 94, 22
59, 94, 27
59, 95, 6
59, 95, 7
59, 95, 8
59, 99, 2
59, 99, 45
60, 4, 22
60, 7, 13
60, 7, 36
60, 8, 2
60, 8, 7
60, 8, 53
60, 9, 20
60, 12, 39
60, 15, 15
60, 18, 3
60, 20, 9
60, 32, 7
60, 34, 1
60, 34, 21
60, 36, 31
60, 39, 4
60, 41, 13
60, 41, 51
60, 45, 28
60, 47, 11
60, 47, 17
60, 53, 12
60, 54, 3
60, 54, 31
60, 61, 11
60, 62, 3
60, 62, 47
60, 64, 15
60, 66, 14
60, 67, 39
60, 67, 57
60, 68, 18
60, 68, 26
60, 68, 53
60, 69, 52
60, 71, 49
60, 72, 8
60, 72, 22
60, 75, 20
60, 76, 21
60, 76, 38
60, 78, 47
60, 80, 18
60, 82, 18
60, 85, 14
60, 88, 20
60, 88, 37
60, 96, 28
60, 96, 36
60, 97, 42
60, 99, 40
61, 3, 28
61, 4, 39
61, 6, 9
61, 8, 39
61, 9, 6
61, 10, 12
61, 10, 23
61, 11, 15
61, 13, 29
61, 15, 36
61, 16, 34
61, 17, 38
61, 23, 43
61, 24, 33
61, 24, 51
61, 25, 28
61, 28, 18
61, 30, 13
61, 30, 30
61, 31, 21
61, 33, 24
61, 34, 18
61, 35, 15
61, 35, 34
61, 35, 51
61, 36, 6
61, 36, 12
61, 36, 38
61, 36, 46
61, 37, 2
61, 37, 9
61, 37, 24
61, 38, 30
61, 39, 20
61, 40, 44
61, 46, 37
61, 47, 17
61, 49, 23
61, 49, 49
61, 50, 2
61, 50, 55
61, 51, 37
61, 55, 12
61, 55, 55
61, 59, 17
61, 61, 53
61, 63, 36
61, 65, 42
61, 66, 12
61, 66, 25
61, 67, 49
61, 68, 34
61, 69, 28
61, 69, 44
61, 70, 20
61, 73, 17
61, 73, 36
61, 76, 40
61, 77, 65
61, 78, 11
61, 78, 48
61, 79, 20
61, 80, 50
61, 82, 24
61, 85, 7
61, 85, 42
61, 88, 48
61, 90, 4
61, 91, 15
61, 91, 29
61, 92, 37
61, 95, 30
61, 97, 51
61, 98, 38
61, 100, 36
62, 1, 23
62, 7, 7
62, 7, 43
62, 10, 6
62, 13, 8
62, 13, 24
62, 13, 26
62, 15, 14
62, 15, 17
62, 16, 59
62, 21, 16
62, 22, 46
62, 23, 15
62, 24, 18
62, 25, 48
62, 26, 33
62, 27, 26
62, 30, 29
62, 30, 48
62, 35, 30
62, 35, 48
62, 36, 27
62, 36, 40
62, 39, 49
62, 40, 9
62, 40, 20
62, 40, 31
62, 41, 51
62, 43, 1
62, 46, 43
62, 49, 57
62, 51, 33
62, 52, 3
62, 52, 32
62, 53, 40
62, 54, 41
62, 54, 42
62, 56, 26
62, 59, 29
62, 60, 38
62, 61, 4
62, 64, 29
62, 65, 5
62, 65, 7
62, 65, 20
62, 65, 24
62, 73, 22
62, 74, 16
62, 76, 28
62, 81, 44
62, 81, 54
62, 83, 26
62, 85, 12
62, 86, 15
62, 87, 30
62, 87, 48
62, 88, 1
62, 94, 49
62, 98, 8
62, 98, 49
62, 99, 22
63, 2, 35
63, 4, 14
63, 4, 20
63, 6, 5
63, 6, 41
63, 7, 29
63, 11, 2
63, 12, 52
63, 13, 47
63, 16, 27
63, 16, 40
63, 20, 4
63, 20, 33
63, 22, 45
63, 24, 17
63, 25, 36
63, 35, 2
63, 41, 11
63, 43, 34
63, 44, 8
63, 46, 27
63, 47, 13
63, 51, 5
63, 53, 12
63, 57, 3
63, 60, 2
63, 61, 26
63, 61, 29
63, 62, 17
63, 62, 45
63, 67, 3
63, 67, 33
63, 67, 41
63, 70, 30
63, 71, 50
63, 74, 29
63, 76, 35
63, 77, 31
63, 79, 18
63, 82, 36
63, 86, 24
63, 89, 33
63, 90, 47
63, 92, 23
63, 93, 32
64, 3, 6
64, 3, 48
64, 3, 51
64, 4, 40
64, 5, 21
64, 9, 6
64, 13, 17
64, 16, 27
64, 16, 37
64, 17, 44
64, 21, 7
64, 21, 20
64, 21, 33
64, 22, 46
64, 26, 30
64, 27, 44
64, 35, 19
64, 35, 52
64, 36, 9
64, 36, 23
64, 36, 46
64, 38, 47
64, 44, 22
64, 44, 25
64, 44, 47
64, 45, 33
64, 46, 7
64, 48, 21
64, 49, 25
64, 50, 12
64, 52, 12
64, 52, 47
64, 58, 48
64, 59, 2
64, 62, 11
64, 65, 47
64, 65, 55
64, 70, 7
64, 71, 45
64, 73, 7
64, 73, 41
64, 74, 13
64, 75, 6
64, 76, 21
64, 77, 17
64, 77, 22
64, 79, 9
64, 81, 48
64, 83, 14
64, 84, 5
64, 84, 52
64, 85, 28
64, 88, 33
64, 91, 37
64, 92, 8
64, 92, 19
64, 92, 21
64, 94, 13
64, 94, 46
64, 96, 2
64, 97, 13
64, 98, 34
65, 1, 1
65, 2, 28
65, 7, 25
65, 11, 36
65, 16, 50
65, 18, 47
65, 19, 15
65, 23, 33
65, 26, 5
65, 27, 38
65, 30, 39
65, 35, 17
65, 35, 19
65, 36, 38
65, 41, 48
65, 43, 11
65, 43, 43
65, 45, 36
65, 45, 53
65, 47, 28
65, 47, 30
65, 49, 13
65, 49, 44
65, 58, 2
65, 59, 50
65, 61, 47
65, 62, 35
65, 64, 38
65, 67, 1
65, 67, 16
65, 67, 53
65, 69, 21
65, 71, 25
65, 73, 5
65, 74, 19
65, 77, 39
65, 78, 57
65, 83, 41
65, 88, 44
65, 95, 41
65, 101, 38
66, 1, 8
66, 2, 14
66, 3, 21
66, 4, 23
66, 5, 3
66, 6, 7
66, 6, 33
66, 14, 55
66, 16, 30
66, 20, 11
66, 20, 16
66, 22, 38
66, 23, 3
66, 24, 14
66, 24, 23
66, 25, 33
66, 26, 20
66, 26, 29
66, 29, 18
66, 31, 43
66, 35, 30
66, 35, 46
66, 40, 18
66, 41, 22
66, 43, 29
66, 45, 23
66, 46, 11
66, 47, 36
66, 50, 10
66, 50, 37
66, 52, 46
66, 52, 55
66, 57, 3
66, 57, 8
66, 57, 33
66, 58, 35
66, 59, 13
66, 59, 44
66, 60, 20
66, 65, 30
66, 66, 28
66, 69, 13
66, 70, 32
66, 73, 31
66, 74, 20
66, 82, 4
66, 86, 14
66, 86, 25
66, 86, 43
66, 87, 25
66, 89, 23
66, 91, 37
66, 91, 45
66, 92, 28
66, 95, 50
66, 96, 7
66, 96, 29
66, 97, 6
66, 97, 35
66, 99, 59
66, 101, 33
67, 1, 49
67, 3, 31
67, 6, 19
67, 8, 39
67, 10, 14
67, 13, 42
67, 16, 1
67, 16, 33
67, 17, 6
67, 17, 43
67, 17, 56
67, 18, 34
67, 19, 30
67, 23, 47
67, 25, 1
67, 25, 30
67, 25, 46
67, 26, 8
67, 26, 9
67, 26, 52
67, 30, 4
67, 31, 11
67, 37, 15
67, 37, 45
67, 38, 22
67, 38, 24
67, 38, 33
67, 40, 3
67, 40, 48
67, 42, 33
67, 43, 48
67, 44, 47
67, 47, 12
67, 47, 42
67, 48, 21
67, 51, 5
67, 58, 28
67, 59, 20
67, 60, 9
67, 61, 27
67, 62, 14
67, 67, 23
67, 71, 9
67, 72, 31
67, 73, 35
67, 74, 8
67, 76, 7
67, 79, 14
67, 79, 52
67, 81, 3
67, 81, 15
67, 81, 32
67, 88, 22
67, 92, 8
67, 92, 24
67, 92, 39
67, 94, 23
67, 95, 55
67, 99, 23
67, 99, 52
67, 101, 6
68, 2, 44
68, 4, 49
68, 7, 31
68, 10, 4
68, 11, 33
68, 13, 2
68, 18, 12
68, 19, 42
68, 21, 33
68, 21, 41
68, 22, 24
68, 25, 10
68, 25, 20
68, 25, 45
68, 28, 1
68, 30, 49
68, 31, 22
68, 32, 21
68, 34, 44
68, 37, 7
68, 39, 3
68, 40, 11
68, 41, 5
68, 42, 16
68, 43, 30
68, 44, 55
68, 45, 23
68, 45, 42
68, 49, 18
68, 50, 15
68, 50, 17
68, 53, 9
68, 53, 41
68, 53, 42
68, 55, 32
68, 55, 40
68, 57, 29
68, 58, 14
68, 62, 4
68, 62, 46
68, 64, 12
68, 65, 20
68, 67, 20
68, 73, 16
68, 74, 39
68, 81, 7
68, 82, 32
68, 85, 28
68, 85, 42
68, 87, 29
68, 90, 26
68, 90, 31
68, 93, 30
68, 98, 26
68, 100, 12
68, 100, 49
68, 101, 22
69, 1, 33
69, 1, 39
69, 3, 35
69, 5, 6
69, 5, 18
69, 6, 38
69, 8, 43
69, 11, 47
69, 15, 37
69, 16, 27
69, 18, 5
69, 22, 26
69, 24, 33
69, 26, 15
69, 27, 2
69, 38, 2
69, 45, 45
69, 49, 23
69, 50, 9
69, 52, 7
69, 53, 35
69, 54, 6
69, 58, 34
69, 58, 55
69, 60, 35
69, 64, 39
69, 66, 14
69, 66, 49
69, 77, 38
69, 77, 48
69, 78, 26
69, 81, 37
69, 81, 41
69, 86, 45
69, 88, 27
69, 88, 57
69, 91, 2
69, 94, 40
69, 95, 11
69, 95, 44
69, 98, 5
69, 100, 33
69, 100, 35
70, 2, 14
70, 2, 28
70, 3, 44
70, 5, 23
70, 6, 50
70, 8, 38
70, 10, 43
70, 11, 8
70, 13, 5
70, 13, 22
70, 16, 19
70, 16, 50
70, 16, 51
70, 18, 37
70, 20, 18
70, 20, 23
70, 22, 21
70, 24, 29
70, 25, 33
70, 26, 9
70, 26, 29
70, 31, 30
70, 32, 36
70, 32, 54
70, 33, 39
70, 34, 29
70, 36, 18
70, 39, 34
70, 40, 20
70, 41, 6
70, 41, 24
70, 41, 26
70, 44, 22
70, 49, 34
70, 50, 14
70, 53, 19
70, 54, 28
70, 56, 30
70, 56, 47
70, 62, 8
70, 63, 21
70, 65, 44
70, 67, 49
70, 69, 5
70, 69, 31
70, 73, 11
70, 73, 38
70, 74, 25
70, 74, 36
70, 75, 41
70, 76, 17
70, 76, 30
70, 77, 37
70, 78, 40
70, 84, 43
70, 92, 50
70, 93, 23
70, 93, 50
70, 94, 8
70, 97, 20
70, 97, 38
70, 98, 44
70, 100, 23
70, 100, 54
71, 2, 47
71, 6, 33
71, 6, 49
71, 9, 6
71, 10, 18
71, 11, 17
71, 12, 3
71, 13, 36
71, 14, 10
71, 15, 47
71, 20, 29
71, 23, 37
71, 31, 47
71, 34, 20
71, 44, 5
71, 49, 3
71, 50, 28
71, 52, 19
71, 55, 39
71, 56, 29
71, 56, 44
71, 57, 43
71, 60, 37
71, 60, 51
71, 61, 49
71, 62, 10
71, 64, 43
71, 67, 12
71, 67, 52
71, 70, 5
71, 70, 40
71, 73, 33
71, 77, 51
71, 83, 29
71, 84, 7
71, 86, 43
71, 87, 14
71, 89, 2
71, 89, 6
71, 89, 55
71, 93, 2
72, 2, 12
72, 2, 50
72, 3, 12
72, 9, 46
72, 11, 27
72, 11, 37
72, 13, 33
72, 13, 41
72, 13, 48
72, 16, 39
72, 18, 6
72, 18, 52
72, 22, 22
72, 24, 2
72, 26, 15
72, 27, 17
72, 30, 34
72, 31, 13
72, 34, 14
72, 36, 58
72, 37, 16
72, 38, 14
72, 39, 22
72, 40, 32
72, 41, 29
72, 42, 16
72, 45, 45
72, 47, 17
72, 48, 30
72, 49, 39
72, 51, 12
72, 58, 32
72, 60, 48
72, 62, 19
72, 63, 57
72, 64, 13
72, 64, 50
72, 68, 8
72, 68, 27
72, 69, 52
72, 70, 34
72, 71, 2
72, 72, 1
72, 74, 14
72, 78, 41
72, 79, 7
72, 79, 39
72, 83, 45
72, 84, 16
72, 86, 34
72, 87, 4
72, 87, 33
72, 89, 27
72, 93, 27
72, 96, 2
72, 97, 13
72, 98, 40
72, 98, 47
72, 99, 30
72, 101, 42
73, 1, 15
73, 5, 24
73, 6, 46
73, 6, 51
73, 7, 31
73, 10, 2
73, 11, 28
73, 15, 2
73, 17, 17
73, 17, 21
73, 20, 14
73, 20, 19
73, 21, 23
73, 22, 14
73, 28, 25
73, 30, 42
73, 31, 26
73, 31, 49
73, 33, 29
73, 35, 8
73, 36, 51
73, 37, 10
73, 37, 18
73, 41, 3
73, 41, 24
73, 42, 39
73, 43, 23
73, 44, 34
73, 49, 45
73, 51, 1
73, 51, 44
73, 54, 48
73, 58, 41
73, 60, 26
73, 62, 46
73, 65, 2
73, 66, 40
73, 67, 1
73, 70, 38
73, 75, 49
73, 76, 14
73, 78, 4
73, 78, 21
73, 78, 29
73, 81, 7
73, 83, 29
73, 88, 15
73, 89, 28
73, 91, 40
73, 92, 14
73, 93, 24
73, 93, 39
73, 96, 39
73, 100, 44
73, 101, 21
74, 1, 10
74, 6, 12
74, 6, 46
74, 10, 21
74, 10, 53
74, 12, 13
74, 14, 17
74, 15, 8
74, 18, 38
74, 19, 42
74, 27, 24
74, 28, 44
74, 30, 4
74, 31, 7
74, 34, 39
74, 36, 20
74, 36, 33
74, 38, 39
74, 39, 49
74, 40, 6
74, 40, 42
74, 40, 53
74, 42, 49
74, 44, 40
74, 45, 28
74, 47, 28
74, 48, 22
74, 49, 3
74, 50, 21
74, 51, 22
74, 53, 26
74, 54, 22
74, 60, 6
74, 60, 8
74, 60, 19
74, 61, 31
74, 62, 17
74, 64, 26
74, 64, 38
74, 66, 22
74, 66, 33
74, 71, 14
74, 71, 19
74, 73, 46
74, 74, 20
74, 74, 55
74, 75, 2
74, 76, 26
74, 79, 14
74, 81, 33
74, 81, 54
74, 82, 36
74, 83, 48
74, 86, 2
74, 86, 49
74, 89, 8
74, 89, 19
74, 91, 28
74, 92, 10
74, 93, 7
74, 94, 48
74, 95, 42
74, 98, 12
74, 98, 29
75, 2, 10
75, 2, 24
75, 2, 33
75, 4, 28
75, 4, 38
75, 10, 34
75, 10, 36
75, 15, 46
75, 15, 47
75, 18, 11
75, 19, 26
75, 20, 4
75, 20, 17
75, 21, 46
75, 25, 48
75, 27, 50
75, 32, 15
75, 36, 1
75, 36, 50
75, 39, 17
75, 41, 17
75, 44, 10
75, 44, 56
75, 45, 43
75, 47, 16
75, 54, 39
75, 55, 28
75, 57, 24
75, 61, 13
75, 64, 42
75, 65, 52
75, 67, 12
75, 67, 26
75, 68, 19
75, 68, 23
75, 72, 6
75, 72, 10
75, 72, 48
75, 73, 49
75, 75, 30
75, 77, 36
75, 78, 43
75, 82, 51
75, 85, 5
75, 85, 46
75, 85, 48
75, 87, 4
75, 89, 15
75, 89, 32
75, 90, 4
75, 92, 34
75, 94, 4
75, 94, 11
75, 98, 15
75, 101, 17
75, 101, 41
76, 2, 18
76, 2, 36
76, 2, 42
76, 2, 55
76, 4, 20
76, 4, 30
76, 4, 36
76, 6, 24
76, 6, 34
76, 8, 12
76, 12, 8
76, 12, 15
76, 14, 2
76, 14, 51
76, 16, 30
76, 20, 10
76, 21, 49
76, 22, 33
76, 23, 18
76, 23, 39
76, 24, 28
76, 25, 8
76, 27, 2
76, 27, 20
76, 27, 22
76, 29, 10
76, 29, 21
76, 29, 46
76, 30, 18
76, 30, 44
76, 31, 48
76, 32, 43
76, 35, 11
76, 35, 19
76, 35, 37
76, 35, 52
76, 42, 37
76, 47, 32
76, 48, 42
76, 49, 55
76, 52, 52
76, 53, 45
76, 56, 23
76, 57, 14
76, 57, 25
76, 58, 35
76, 60, 12
76, 61, 54
76, 62, 23
76, 63, 40
76, 70, 8
76, 72, 6
76, 75, 20
76, 76, 22
76, 77, 2
76, 78, 15
76, 78, 33
76, 79, 18
76, 80, 8
76, 80, 44
76, 81, 11
76, 81, 45
76, 82, 42
76, 84, 24
76, 84, 36
76, 85, 10
76, 85, 33
76, 85, 42
76, 86, 15
76, 94, 21
76, 94, 29
76, 94, 55
76, 95, 8
76, 96, 34
76, 97, 22
76, 98, 29
76, 98, 51
76, 100, 21
76, 100, 39
77, 1, 3
77, 4, 6
77, 5, 24
77, 7, 20
77, 7, 47
77, 9, 31
77, 9, 44
77, 12, 11
77, 13, 24
77, 13, 33
77, 20, 8
77, 20, 33
77, 20, 53
77, 23, 20
77, 23, 28
77, 23, 55
77, 24, 35
77, 27, 28
77, 33, 25
77, 33, 33
77, 35, 15
77, 40, 40
77, 43, 5
77, 43, 28
77, 43, 30
77, 43, 52
77, 44, 3
77, 49, 48
77, 57, 23
77, 58, 19
77, 59, 8
77, 59, 43
77, 62, 3
77, 63, 6
77, 71, 35
77, 74, 24
77, 76, 11
77, 81, 32
77, 82, 26
77, 82, 29
77, 84, 45
77, 85, 28
77, 85, 41
77, 86, 12
77, 87, 30
77, 93, 53
77, 94, 24
77, 96, 40
77, 97, 11
77, 98, 32
78, 2, 13
78, 2, 22
78, 4, 4
78, 8, 9
78, 11, 23
78, 12, 48
78, 15, 42
78, 16, 6
78, 16, 27
78, 19, 26
78, 20, 19
78, 20, 36
78, 23, 10
78, 23, 41
78, 24, 35
78, 27, 12
78, 28, 30
78, 32, 3
78, 35, 16
78, 39, 8
78, 39, 49
78, 41, 1
78, 41, 52
78, 44, 43
78, 47, 3
78, 47, 9
78, 47, 52
78, 52, 39
78, 53, 35
78, 55, 10
78, 58, 25
78, 63, 20
78, 66, 23
78, 67, 49
78, 68, 48
78, 69, 3
78, 69, 19
78, 70, 8
78, 70, 31
78, 71, 12
78, 75, 39
78, 76, 35
78, 79, 7
78, 83, 6
78, 83, 57
78, 85, 16
78, 87, 40
78, 89, 52
78, 92, 22
79, 5, 10
79, 5, 11
79, 7, 25
79, 8, 15
79, 8, 46
79, 10, 45
79, 10, 48
79, 13, 19
79, 13, 35
79, 15, 53
79, 18, 23
79, 18, 52
79, 19, 28
79, 20, 48
79, 22, 48
79, 24, 4
79, 24, 46
79, 27, 18
79, 27, 43
79, 30, 55
79, 32, 2
79, 36, 18
79, 37, 36
79, 39, 44
79, 40, 18
79, 41, 11
79, 43, 23
79, 44, 35
79, 45, 5
79, 45, 38
79, 51, 6
79, 53, 30
79, 55, 30
79, 58, 39
79, 58, 41
79, 58, 55
79, 60, 35
79, 61, 36
79, 65, 31
79, 67, 25
79, 72, 45
79, 75, 8
79, 75, 53
79, 78, 18
79, 78, 30
79, 79, 4
79, 79, 23
79, 82, 10
79, 82, 15
79, 86, 43
79, 86, 46
79, 86, 58
79, 87, 24
79, 90, 41
79, 91, 48
79, 96, 28
79, 98, 4
79, 98, 36
79, 99, 44
79, 100, 4
79, 101, 36
80, 1, 3
80, 2, 15
80, 2, 30
80, 6, 56
80, 7, 7
80, 8, 1
80, 8, 8
80, 9, 21
80, 9, 54
80, 11, 27
80, 12, 46
80, 13, 48
80, 15, 42
80, 16, 27
80, 19, 40
80, 19, 44
80, 24, 3
80, 25, 30
80, 29, 3
80, 29, 40
80, 30, 46
80, 32, 31
80, 34, 31
80, 38, 11
80, 38, 13
80, 40, 16
80, 40, 20
80, 42, 28
80, 42, 32
80, 45, 17
80, 47, 11
80, 49, 4
80, 50, 45
80, 55, 51
80, 56, 40
80, 62, 16
80, 63, 13
80, 65, 15
80, 65, 22
80, 65, 56
80, 66, 3
80, 68, 14
80, 69, 30
80, 73, 36
80, 74, 36
80, 76, 6
80, 76, 12
80, 76, 16
80, 76, 54
80, 77, 6
80, 77, 17
80, 79, 16
80, 82, 27
80, 84, 3
80, 84, 21
80, 84, 45
80, 85, 8
80, 86, 4
80, 89, 15
80, 89, 27
80, 89, 46
80, 89, 56
80, 91, 45
80, 92, 10
80, 94, 21
80, 94, 43
80, 96, 48
80, 99, 40
81, 1, 11
81, 3, 30
81, 4, 37
81, 5, 19
81, 5, 52
81, 6, 5
81, 9, 10
81, 12, 40
81, 15, 21
81, 15, 37
81, 15, 51
81, 18, 54
81, 19, 9
81, 26, 17
81, 26, 46
81, 28, 14
81, 28, 55
81, 29, 18
81, 31, 18
81, 36, 35
81, 36, 58
81, 38, 12
81, 38, 18
81, 38, 25
81, 38, 61
81, 41, 29
81, 43, 37
81, 44, 21
81, 45, 5
81, 47, 25
81, 47, 31
81, 48, 50
81, 51, 6
81, 51, 9
81, 52, 32
81, 53, 34
81, 55, 10
81, 59, 42
81, 61, 19
81, 64, 7
81, 67, 41
81, 70, 9
81, 71, 22
81, 73, 29
81, 74, 5
81, 77, 4
81, 81, 7
81, 81, 38
81, 83, 32
81, 89, 34
81, 90, 23
81, 92, 3
81, 93, 11
81, 94, 24
81, 95, 24
82, 1, 42
82, 2, 30
82, 4, 12
82, 7, 18
82, 14, 31
82, 15, 42
82, 17, 25
82, 18, 17
82, 22, 33
82, 23, 32
82, 25, 26
82, 25, 39
82, 26, 25
82, 31, 40
82, 31, 44
82, 37, 48
82, 37, 49
82, 38, 22
82, 38, 44
82, 39, 8
82, 44, 11
82, 49, 42
82, 55, 23
82, 55, 47
82, 56, 28
82, 56, 45
82, 57, 31
82, 58, 18
82, 63, 42
82, 64, 32
82, 66, 14
82, 72, 17
82, 75, 16
82, 77, 40
82, 82, 13
82, 84, 41
82, 87, 18
82, 87, 40
82, 88, 45
82, 92, 12
82, 92, 46
82, 92, 50
82, 95, 26
82, 97, 3
82, 97, 7
82, 100, 7
83, 2, 18
83, 2, 34
83, 4, 18
83, 6, 55
83, 7, 35
83, 8, 40
83, 9, 51
83, 11, 33
83, 12, 31
83, 14, 6
83, 15, 12
83, 16, 9
83, 17, 28
83, 20, 2
83, 20, 27
83, 26, 36
83, 26, 43
83, 26, 50
83, 30, 24
83, 34, 46
83, 35, 33
83, 36, 24
83, 38, 53
83, 39, 4
83, 40, 32
83, 43, 1
83, 43, 38
83, 49, 33
83, 52, 44
83, 55, 14
83, 56, 47
83, 58, 51
83, 62, 32
83, 63, 16
83, 64, 12
83, 64, 50
83, 65, 10
83, 67, 26
83, 68, 6
83, 69, 39
83, 70, 37
83, 71, 3
83, 72, 35
83, 73, 25
83, 73, 33
83, 74, 36
83, 75, 21
83, 75, 49
83, 76, 21
83, 76, 28
83, 77, 45
83, 78, 34
83, 79, 9
83, 80, 40
83, 84, 17
83, 85, 3
83, 86, 11
83, 88, 33
83, 89, 26
83, 91, 55
83, 93, 41
83, 100, 8
83, 100, 17
83, 100, 31
84, 1, 28
84, 4, 36
84, 4, 41
84, 5, 23
84, 8, 10
84, 8, 39
84, 9, 12
84, 9, 31
84, 10, 21
84, 10, 26
84, 11, 11
84, 12, 46
84, 13, 8
84, 20, 11
84, 21, 8
84, 21, 37
84, 22, 12
84, 22, 22
84, 26, 33
84, 29, 33
84, 31, 10
84, 32, 11
84, 34, 33
84, 36, 20
84, 37, 28
84, 39, 41
84, 42, 7
84, 42, 42
84, 43, 23
84, 43, 53
84, 46, 9
84, 46, 31
84, 46, 48
84, 47, 39
84, 49, 26
84, 50, 17
84, 50, 20
84, 52, 22
84, 53, 24
84, 53, 43
84, 55, 5
84, 55, 26
84, 58, 38
84, 59, 47
84, 61, 27
84, 62, 28
84, 63, 21
84, 65, 29
84, 67, 20
84, 67, 38
84, 68, 34
84, 69, 16
84, 72, 3
84, 72, 6
84, 72, 11
84, 73, 41
84, 74, 15
84, 76, 22
84, 77, 26
84, 80, 28
84, 81, 21
84, 84, 33
84, 85, 23
84, 87, 34
84, 89, 47
84, 94, 2
84, 96, 34
84, 98, 42
84, 100, 22
84, 100, 39
84, 101, 17
84, 101, 30
85, 1, 42
85, 4, 46
85, 4, 51
85, 5, 11
85, 6, 8
85, 6, 47
85, 7, 40
85, 8, 26
85, 14, 3
85, 15, 19
85, 20, 36
85, 21, 15
85, 22, 21
85, 25, 11
85, 25, 34
85, 28, 49
85, 30, 16
85, 30, 55
85, 31, 34
85, 31, 43
85, 35, 7
85, 35, 45
85, 40, 26
85, 41, 6
85, 41, 47
85, 41, 54
85, 45, 44
85, 50, 29
85, 52, 21
85, 52, 28
85, 54, 12
85, 60, 8
85, 60, 36
85, 62, 40
85, 66, 51
85, 69, 34
85, 72, 37
85, 74, 1
85, 76, 3
85, 78, 27
85, 79, 40
85, 82, 13
85, 83, 27
85, 85, 47
85, 87, 4
85, 87, 37
85, 88, 31
85, 88, 37
85, 89, 19
85, 89, 29
85, 96, 42
85, 97, 34
85, 97, 49
85, 98, 54
85, 99, 46
85, 100, 31
86, 7, 52
86, 11, 35
86, 12, 4
86, 12, 41
86, 14, 1
86, 17, 52
86, 22, 1
86, 22, 27
86, 22, 56
86, 23, 43
86, 30, 21
86, 30, 27
86, 33, 12
86, 34, 33
86, 38, 47
86, 39, 30
86, 39, 46
86, 40, 9
86, 43, 29
86, 44, 35
86, 51, 6
86, 51, 10
86, 51, 27
86, 53, 22
86, 57, 47
86, 57, 49
86, 57, 52
86, 60, 8
86, 60, 13
86, 64, 4
86, 65, 39
86, 67, 10
86, 68, 41
86, 72, 3
86, 72, 9
86, 72, 45
86, 74, 22
86, 74, 38
86, 74, 42
86, 75, 53
86, 77, 8
86, 78, 31
86, 79, 17
86, 81, 2
86, 93, 29
86, 95, 34
86, 99, 47
87, 2, 24
87, 11, 44
87, 12, 9
87, 12, 40
87, 15, 45
87, 16, 18
87, 22, 36
87, 24, 6
87, 25, 17
87, 25, 22
87, 26, 47
87, 28, 18
87, 34, 3
87, 36, 13
87, 38, 16
87, 38, 37
87, 43, 30
87, 45, 16
87, 45, 49
87, 47, 32
87, 49, 30
87, 49, 41
87, 50, 9
87, 50, 47
87, 51, 2
87, 54, 25
87, 59, 30
87, 60, 45
87, 62, 24
87, 62, 37
87, 66, 52
87, 68, 10
87, 75, 27
87, 76, 36
87, 76, 50
87, 80, 22
87, 81, 38
87, 82, 2
87, 83, 5
87, 85, 27
87, 86, 21
87, 86, 54
87, 88, 43
87, 89, 8
87, 89, 12
87, 89, 42
87, 92, 28
87, 95, 49
87, 96, 52
87, 97, 17
87, 97, 33
87, 99, 24
87, 101, 52
88, 1, 12
88, 1, 16
88, 1, 46
88, 4, 37
88, 7, 4
88, 7, 6
88, 7, 33
88, 11, 35
88, 13, 25
88, 14, 33
88, 16, 1
88, 17, 29
88, 17, 44
88, 19, 30
88, 20, 5
88, 20, 34
88, 21, 19
88, 21, 54
88, 27, 44
88, 29, 16
88, 35, 26
88, 40, 22
88, 40, 49
88, 41, 14
88, 42, 24
88, 47, 26
88, 49, 4
88, 51, 16
88, 51, 37
88, 53, 18
88, 56, 32
88, 56, 41
88, 58, 13
88, 59, 13
88, 59, 25
88, 64, 13
88, 66, 7
88, 70, 21
88, 70, 45
88, 71, 19
88, 71, 23
88, 74, 46
88, 78, 48
88, 81, 12
88, 82, 23
88, 85, 14
88, 85, 33
88, 86, 37
88, 87, 46
88, 88, 5
88, 88, 45
88, 90, 64
88, 91, 18
88, 93, 44
88, 95, 12
88, 96, 13
88, 97, 30
88, 100, 54
88, 101, 14
89, 1, 48
89, 5, 19
89, 9, 40
89, 11, 2
89, 11, 23
89, 13, 9
89, 15, 2
89, 15, 12
89, 15, 53
89, 17, 36
89, 19, 27
89, 20, 32
89, 20, 39
89, 27, 9
89, 28, 38
89, 36, 28
89, 36, 39
89, 38, 12
89, 39, 9
89, 46, 4
89, 47, 18
89, 53, 43
89, 54, 41
89, 55, 49
89, 55, 50
89, 56, 19
89, 56, 39
89, 56, 41
89, 59, 1
89, 62, 12
89, 63, 1
89, 65, 45
89, 68, 14
89, 68, 18
89, 69, 15
89, 69, 26
89, 69, 31
89, 72, 37
89, 74, 48
89, 76, 43
89, 77, 53
89, 78, 38
89, 83, 28
89, 91, 8
89, 92, 12
89, 92, 14
89, 93, 32
89, 94, 36
89, 95, 8
89, 96, 9
89, 98, 9
89, 98, 38
89, 101, 31
90, 3, 3
90, 4, 31
90, 4, 39
90, 8, 25
90, 8, 53
90, 10, 27
90, 11, 7
90, 14, 24
90, 16, 12
90, 19, 7
90, 19, 19
90, 20, 16
90, 21, 5
90, 23, 37
90, 27, 25
90, 27, 33
90, 28, 37
90, 29, 30
90, 30, 8
90, 30, 52
90, 31, 34
90, 32, 4
90, 36, 43
90, 38, 50
90, 40, 16
90, 40, 53
90, 41, 37
90, 45, 19
90, 48, 34
90, 49, 46
90, 51, 29
90, 55, 36
90, 56, 37
90, 57, 16
90, 57, 43
90, 59, 20
90, 60, 44
90, 61, 31
90, 70, 26
90, 70, 29
90, 71, 39
90, 79, 7
90, 80, 48
90, 87, 37
90, 88, 45
90, 88, 52
90, 90, 36
90, 90, 45
90, 91, 24
90, 92, 44
90, 99, 30
90, 99, 44
90, 100, 5
91, 2, 24
91, 3, 40
91, 4, 15
91, 6, 34
91, 7, 36
91, 8, 24
91, 8, 47
91, 16, 3
91, 16, 33
91, 19, 25
91, 22, 2
91, 22, 54
91, 29, 11
91, 29, 46
91, 31, 21
91, 31, 23
91, 32, 7
91, 32, 39
91, 35, 3
91, 35, 4
91, 36, 7
91, 42, 8
91, 43, 6
91, 48, 20
91, 52, 3
91, 55, 2
91, 56, 15
91, 58, 15
91, 58, 37
91, 59, 5
91, 64, 46
91, 65, 33
91, 65, 51
91, 66, 14
91, 66, 49
91, 67, 21
91, 67, 25
91, 69, 51
91, 72, 20
91, 75, 56
91, 77, 6
91, 80, 34
91, 82, 13
91, 84, 24
91, 85, 31
91, 85, 47
91, 91, 46
91, 94, 19
91, 94, 31
91, 97, 17
91, 97, 18
91, 98, 34
91, 99, 19
91, 100, 25
92, 4, 31
92, 6, 37
92, 9, 50
92, 11, 55
92, 12, 4
92, 18, 9
92, 18, 45
92, 23, 23
92, 26, 27
92, 31, 33
92, 31, 53
92, 32, 13
92, 32, 16
92, 35, 10
92, 35, 47
92, 37, 24
92, 38, 32
92, 39, 3
92, 42, 46
92, 44, 27
92, 45, 41
92, 46, 22
92, 46, 47
92, 46, 50
92, 50, 37
92, 50, 45
92, 51, 36
92, 53, 7
92, 53, 18
92, 58, 15
92, 61, 13
92, 69, 33
92, 70, 4
92, 70, 56
92, 78, 47
92, 79, 40
92, 81, 7
92, 85, 37
92, 87, 3
92, 95, 27
92, 96, 9
92, 97, 45
93, 4, 1
93, 4, 47
93, 7, 4
93, 7, 30
93, 8, 29
93, 8, 34
93, 11, 15
93, 12, 21
93, 12, 23
93, 14, 11
93, 15, 19
93, 17, 12
93, 18, 19
93, 18, 28
93, 20, 37
93, 21, 9
93, 21, 36
93, 22, 30
93, 25, 6
93, 25, 47
93, 26, 5
93, 30, 51
93, 32, 2
93, 32, 45
93, 33, 12
93, 34, 11
93, 34, 40
93, 34, 49
93, 35, 18
93, 37, 19
93, 38, 37
93, 43, 35
93, 43, 54
93, 45, 34
93, 47, 7
93, 48, 15
93, 50, 1
93, 56, 51
93, 57, 13
93, 58, 9
93, 58, 46
93, 60, 45
93, 60, 48
93, 61, 49
93, 62, 23
93, 64, 35
93, 64, 48
93, 68, 33
93, 68, 44
93, 69, 17
93, 71, 20
93, 75, 16
93, 76, 8
93, 79, 28
93, 80, 18
93, 82, 2
93, 82, 30
93, 84, 8
93, 84, 15
93, 85, 12
93, 86, 11
93, 88, 9
93, 88, 22
93, 88, 27
93, 88, 33
93, 89, 4
93, 91, 29
93, 95, 24
93, 97, 21
93, 97, 53
93, 98, 40
94, 2, 7
94, 2, 9
94, 3, 55
94, 4, 11
94, 7, 29
94, 8, 43
94, 9, 10
94, 9, 22
94, 10, 9
94, 10, 51
94, 12, 16
94, 13, 14
94, 13, 15
94, 13, 40
94, 14, 13
94, 14, 21
94, 17, 52
94, 18, 7
94, 18, 40
94, 18, 45
94, 25, 53
94, 27, 25
94, 31, 13
94, 32, 27
94, 33, 8
94, 33, 29
94, 34, 24
94, 34, 46
94, 35, 46
94, 35, 52
94, 40, 27
94, 43, 40
94, 47, 25
94, 47, 37
94, 47, 44
94, 48, 3
94, 51, 44
94, 52, 47
94, 55, 18
94, 56, 49
94, 58, 13
94, 61, 43
94, 68, 21
94, 68, 52
94, 70, 9
94, 71, 6
94, 71, 31
94, 71, 50
94, 72, 25
94, 74, 34
94, 79, 22
94, 79, 42
94, 82, 42
94, 83, 21
94, 83, 22
94, 84, 45
94, 86, 19
94, 88, 2
94, 91, 27
94, 93, 19
94, 95, 34
94, 97, 8
94, 97, 23
94, 97, 34
94, 101, 11
95, 1, 28
95, 5, 44
95, 7, 17
95, 7, 29
95, 8, 8
95, 15, 42
95, 16, 47
95, 16, 48
95, 17, 30
95, 17, 38
95, 19, 17
95, 19, 54
95, 20, 17
95, 24, 23
95, 25, 3
95, 26, 39
95, 28, 13
95, 28, 17
95, 29, 21
95, 30, 31
95, 31, 22
95, 32, 32
95, 34, 7
95, 34, 49
95, 35, 13
95, 37, 12
95, 40, 8
95, 42, 19
95, 42, 53
95, 44, 46
95, 46, 35
95, 46, 38
95, 46, 43
95, 55, 37
95, 56, 1
95, 57, 26
95, 57, 35
95, 59, 5
95, 64, 3
95, 64, 40
95, 66, 12
95, 74, 46
95, 75, 41
95, 81, 44
95, 83, 19
95, 84, 11
95, 84, 34
95, 84, 54
95, 86, 7
95, 87, 32
95, 88, 8
95, 89, 4
95, 89, 47
95, 91, 28
95, 94, 39
95, 94, 47
95, 94, 49
95, 96, 39
96, 4, 49
96, 6, 20
96, 6, 42
96, 9, 33
96, 14, 23
96, 17, 28
96, 20, 37
96, 25, 51
96, 26, 27
96, 28, 40
96, 33, 26
96, 40, 3
96, 41, 31
96, 41, 33
96, 42, 49
96, 44, 8
96, 44, 35
96, 44, 46
96, 45, 19
96, 45, 22
96, 50, 1
96, 52, 12
96, 53, 39
96, 54, 37
96, 55, 42
96, 58, 26
96, 61, 21
96, 68, 12
96, 77, 23
96, 79, 20
96, 83, 21
96, 85, 4
96, 94, 24
96, 97, 24
96, 99, 37
97, 1, 57
97, 3, 37
97, 4, 32
97, 5, 5
97, 6, 10
97, 6, 38
97, 7, 50
97, 10, 43
97, 13, 10
97, 15, 35
97, 16, 39
97, 17, 26
97, 19, 42
97, 21, 19
97, 21, 67
97, 24, 40
97, 26, 2
97, 27, 45
97, 30, 1
97, 30, 3
97, 30, 17
97, 31, 29
97, 31, 38
97, 31, 44
97, 31, 49
97, 39, 42
97, 41, 12
97, 44, 2
97, 47, 4
97, 47, 56
97, 48, 13
97, 52, 2
97, 52, 6
97, 55, 30
97, 56, 17
97, 59, 33
97, 61, 38
97, 64, 15
97, 64, 22
97, 64, 26
97, 65, 5
97, 69, 14
97, 69, 44
97, 70, 28
97, 71, 45
97, 75, 5
97, 75, 32
97, 76, 42
97, 79, 31
97, 80, 35
97, 82, 39
97, 84, 50
97, 85, 44
97, 86, 40
97, 88, 48
97, 91, 35
97, 92, 1
97, 94, 32
97, 98, 1
97, 99, 2
97, 99, 44
97, 100, 12
97, 101, 53
98, 1, 44
98, 2, 40
98, 4, 11
98, 8, 5
98, 8, 30
98, 10, 19
98, 16, 32
98, 16, 51
98, 21, 55
98, 22, 13
98, 22, 15
98, 23, 11
98, 23, 17
98, 23, 56
98, 25, 28
98, 26, 52
98, 27, 7
98, 28, 24
98, 29, 18
98, 33, 7
98, 35, 21
98, 36, 26
98, 37, 33
98, 38, 7
98, 44, 48
98, 45, 31
98, 47, 38
98, 50, 50
98, 53, 39
98, 54, 4
98, 54, 47
98, 56, 10
98, 57, 21
98, 58, 25
98, 58, 43
98, 60, 32
98, 61, 2
98, 61, 6
98, 61, 20
98, 61, 45
98, 61, 49
98, 63, 20
98, 66, 45
98, 70, 44
98, 71, 24
98, 80, 29
98, 81, 38
98, 82, 8
98, 82, 29
98, 91, 7
98, 91, 11
98, 93, 11
98, 93, 56
98, 94, 13
98, 94, 30
98, 96, 4
98, 97, 37
98, 97, 38
98, 98, 17
98, 99, 2
98, 99, 17
98, 101, 10
98, 101, 49
99, 3, 41
99, 8, 27
99, 8, 38
99, 9, 1
99, 13, 30
99, 14, 36
99, 17, 35
99, 20, 9
99, 20, 13
99, 20, 51
99, 21, 51
99, 22, 24
99, 24, 6
99, 24, 33
99, 27, 49
99, 30, 34
99, 31, 49
99, 32, 7
99, 34, 17
99, 36, 39
99, 41, 27
99, 43, 15
99, 44, 39
99, 47, 15
99, 48, 47
99, 49, 8
99, 49, 23
99, 49, 27
99, 50, 1
99, 53, 4
99, 53, 28
99, 53, 35
99, 54, 36
99, 54, 40
99, 58, 12
99, 58, 46
99, 59, 7
99, 59, 9
99, 59, 44
99, 63, 41
99, 67, 31
99, 68, 31
99, 69, 4
99, 69, 10
99, 71, 8
99, 75, 42
99, 76, 32
99, 78, 49
99, 78, 53
99, 83, 13
99, 85, 32
99, 88, 20
99, 92, 51
99, 95, 4
99, 96, 24
99, 97, 5
99, 97, 9
99, 97, 36
99, 99, 33
99, 100, 46
100, 1, 37
100, 1, 50
100, 3, 28
100, 4, 50
100, 6, 44
100, 7, 25
100, 8, 36
100, 11, 46
100, 14, 9
100, 18, 22
100, 19, 31
100, 24, 2
100, 24, 21
100, 24, 48
100, 27, 4
100, 27, 16
100, 28, 5
100, 32, 26
100, 33, 20
100, 36, 14
100, 45, 6
100, 47, 21
100, 62, 5
100, 62, 10
100, 65, 26
100, 69, 18
100, 70, 31
100, 70, 49
100, 74, 6
100, 75, 26
100, 75, 36
100, 76, 48
100, 78, 36
100, 80, 2
100, 80, 33
100, 81, 23
100, 81, 45
100, 87, 50
100, 89, 33
100, 90, 46
100, 91, 4
100, 92, 24
100, 94, 9
100, 94, 30
100, 95, 39
100, 96, 51
100, 97, 28
100, 100, 37
100, 101, 16
101, 1, 21
101, 3, 2
101, 4, 7
101, 4, 18
101, 8, 23
101, 8, 44
101, 10, 10
101, 10, 59
101, 16, 11
101, 19, 43
101, 20, 32
101, 20, 45
101, 26, 11
101, 26, 45
101, 28, 43
101, 30, 9
101, 30, 21
101, 33, 16
101, 34, 10
101, 37, 1
101, 37, 20
101, 37, 30
101, 44, 34
101, 45, 31
101, 49, 15
101, 53, 49
101, 54, 15
101, 54, 29
101, 56, 34
101, 59, 31
101, 59, 45
101, 61, 6
101, 61, 30
101, 62, 40
101, 64, 24
101, 65, 14
101, 67, 40
101, 71, 17
101, 71, 18
101, 71, 33
101, 71, 42
101, 72, 21
101, 75, 10
101, 75, 42
101, 78, 16
101, 80, 23
101, 80, 26
101, 82, 38
101, 83, 9
101, 85, 7
101, 87, 29
101, 87, 49
101, 89, 16
101, 92, 4
101, 92, 43
101, 93, 18
101, 94, 28
101, 100, 6
101, 101, 3
