1, 3, 22
1, 3, 31
1, 12, 32
1, 13, 24
1, 14, 41
1, 15, 9
1, 15, 23
1, 15, 35
1, 15, 43
1, 16, 3
1, 21, 16
1, 21, 33
1, 23, 44
1, 25, 32
1, 27, 12
1, 30, 38
1, 34, 26
1, 38, 43
1, 45, 3
1, 45, 34
1, 46, 25
1, 47, 12
1, 49, 20
1, 51, 14
1, 53, 16
1, 54, 31
1, 59, 45
1, 61, 9
1, 62, 38
1, 67, 25
1, 69, 23
1, 69, 59
1, 70, 14
1, 71, 30
1, 75, 33
1, 77, 25
1, 78, 18
1, 81, 32
1, 83, 8
1, 87, 37
1, 90, 13
1, 90, 35
1, 91, 44
1, 93, 24
1, 96, 16
1, 99, 22
1, 99, 41
1, 101, 20
2, 1, 5
2, 2, 44
2, 3, 16
2, 3, 19
2, 5, 5
2, 9, 13
2, 9, 35
2, 10, 39
2, 10, 45
2, 12, 27
2, 16, 12
2, 16, 50
2, 24, 29
2, 30, 5
2, 33, 50
2, 37, 26
2, 39, 55
2, 40, 33
2, 41, 6
2, 41, 9
2, 45, 14
2, 48, 33
2, 50, 29
2, 54, 3
2, 56, 34
2, 61, 14
2, 62, 4
2, 63, 9
2, 66, 12
2, 68, 44
2, 68, 46
2, 76, 53
2, 78, 42
2, 79, 5
2, 86, 45
2, 87, 8
2, 89, 8
2, 94, 19
2, 99, 53
3, 4, 13
3, 8, 47
3, 9, 16
3, 11, 7
3, 12, 29
3, 17, 9
3, 20, 34
3, 24, 42
3, 27, 7
3, 27, 25
3, 29, 9
3, 31, 2
3, 31, 50
3, 36, 38
3, 39, 36
3, 40, 4
3, 49, 37
3, 51, 7
3, 52, 21
3, 53, 13
3, 55, 9
3, 64, 27
3, 66, 48
3, 69, 25
3, 72, 33
3, 74, 5
3, 75, 15
3, 82, 25
3, 82, 56
3, 87, 13
3, 89, 16
3, 90, 4
3, 96, 20
3, 98, 34
3, 99, 47
4, 1, 27
4, 1, 34
4, 3, 25
4, 3, 44
4, 5, 22
4, 7, 61
4, 11, 49
4, 12, 4
4, 14, 48
4, 15, 27
4, 20, 3
4, 22, 35
4, 22, 39
4, 23, 29
4, 23, 58
4, 26, 39
4, 28, 44
4, 36, 6
4, 42, 8
4, 42, 11
4, 42, 51
4, 44, 27
4, 49, 16
4, 53, 22
4, 63, 40
4, 65, 43
4, 66, 8
4, 70, 56
4, 73, 52
4, 75, 44
4, 76, 39
4, 78, 2
4, 78, 48
4, 79, 1
4, 80, 47
4, 88, 18
4, 89, 21
4, 95, 20
4, 96, 48
4, 99, 5
4, 100, 27
5, 2, 23
5, 5, 38
5, 7, 44
5, 10, 5
5, 18, 26
5, 18, 40
5, 19, 41
5, 21, 23
5, 23, 20
5, 23, 51
5, 25, 28
5, 30, 7
5, 31, 2
5, 32, 10
5, 35, 12
5, 37, 17
5, 37, 54
5, 40, 29
5, 42, 28
5, 48, 44
5, 50, 44
5, 54, 19
5, 58, 38
5, 61, 5
5, 64, 22
5, 67, 28
5, 68, 51
5, 69, 13
5, 71, 35
5, 73, 28
5, 76, 11
5, 78, 51
5, 79, 10
5, 79, 28
5, 85, 26
5, 89, 41
5, 90, 52
5, 93, 7
5, 94, 23
5, 94, 27
5, 99, 35
6, 1, 41
6, 2, 32
6, 2, 36
6, 5, 7
6, 5, 59
6, 8, 29
6, 10, 16
6, 15, 15
6, 16, 50
6, 18, 23
6, 19, 26
6, 20, 15
6, 25, 4
6, 27, 44
6, 27, 55
6, 28, 42
6, 38, 54
6, 39, 21
6, 40, 31
6, 41, 54
6, 44, 6
6, 44, 33
6, 49, 12
6, 55, 50
6, 57, 20
6, 57, 29
6, 57, 48
6, 61, 18
6, 64, 24
6, 67, 40
6, 72, 11
6, 72, 20
6, 72, 44
6, 74, 4
6, 76, 31
6, 77, 13
6, 79, 59
6, 83, 32
6, 83, 52
6, 84, 28
6, 85, 46
6, 87, 43
6, 88, 7
6, 88, 15
6, 90, 33
6, 96, 42
6, 100, 5
6, 101, 12
7, 2, 6
7, 2, 10
7, 2, 47
7, 3, 21
7, 4, 47
7, 5, 15
7, 5, 38
7, 8, 12
7, 8, 16
7, 8, 50
7, 14, 22
7, 15, 49
7, 17, 45
7, 19, 46
7, 25, 10
7, 27, 11
7, 27, 22
7, 27, 40
7, 34, 30
7, 35, 40
7, 36, 16
7, 37, 24
7, 43, 61
7, 44, 1
7, 55, 32
7, 59, 10
7, 61, 28
7, 66, 47
7, 75, 46
7, 77, 48
7, 88, 50
7, 89, 46
7, 94, 1
7, 94, 33
7, 94, 40
7, 96, 38
7, 100, 14
8, 2, 3
8, 3, 21
8, 6, 12
8, 8, 3
8, 10, 33
8, 13, 42
8, 20, 1
8, 20, 23
8, 26, 14
8, 27, 15
8, 27, 47
8, 30, 3
8, 34, 8
8, 36, 49
8, 39, 37
8, 47, 56
8, 48, 29
8, 49, 46
8, 50, 42
8, 56, 47
8, 57, 36
8, 62, 10
8, 63, 13
8, 63, 64
8, 67, 15
8, 69, 33
8, 70, 46
8, 72, 8
8, 73, 33
8, 74, 9
8, 75, 3
8, 75, 18
8, 75, 44
8, 78, 24
8, 80, 25
8, 82, 37
8, 84, 57
8, 89, 15
8, 89, 35
8, 90, 34
8, 93, 14
8, 95, 43
8, 96, 23
9, 6, 52
9, 7, 15
9, 8, 7
9, 8, 39
9, 11, 5
9, 12, 18
9, 22, 19
9, 22, 36
9, 24, 4
9, 24, 35
9, 24, 61
9, 27, 25
9, 32, 1
9, 34, 23
9, 35, 19
9, 37, 6
9, 38, 5
9, 43, 44
9, 45, 13
9, 51, 21
9, 52, 38
9, 53, 23
9, 53, 29
9, 61, 3
9, 61, 48
9, 63, 13
9, 64, 39
9, 64, 48
9, 65, 28
9, 78, 34
9, 81, 7
9, 87, 11
9, 88, 39
9, 89, 30
9, 90, 5
9, 92, 28
9, 96, 43
9, 97, 6
9, 97, 61
9, 99, 18
9, 99, 30
9, 101, 12
10, 2, 38
10, 4, 2
10, 4, 25
10, 13, 44
10, 16, 42
10, 17, 44
10, 19, 38
10, 19, 41
10, 20, 8
10, 20, 17
10, 21, 27
10, 29, 29
10, 29, 48
10, 31, 27
10, 36, 32
10, 38, 11
10, 42, 10
10, 44, 24
10, 44, 45
10, 47, 53
10, 51, 46
10, 56, 30
10, 58, 60
10, 59, 46
10, 71, 41
10, 82, 23
10, 85, 15
10, 92, 29
10, 94, 23
11, 5, 32
11, 7, 31
11, 7, 45
11, 8, 9
11, 8, 23
11, 9, 48
11, 10, 28
11, 20, 28
11, 21, 1
11, 21, 65
11, 25, 1
11, 26, 32
11, 26, 40
11, 30, 29
11, 39, 23
11, 40, 42
11, 44, 4
11, 44, 38
11, 48, 34
11, 49, 48
11, 51, 18
11, 54, 23
11, 56, 6
11, 65, 9
11, 65, 41
11, 67, 40
11, 72, 45
11, 80, 32
11, 84, 29
11, 85, 35
11, 86, 38
11, 87, 13
11, 89, 42
11, 99, 15
11, 101, 28
12, 1, 58
12, 4, 9
12, 4, 58
12, 6, 36
12, 13, 5
12, 17, 27
12, 18, 22
12, 22, 17
12, 22, 25
12, 24, 34
12, 24, 51
12, 26, 27
12, 27, 54
12, 29, 46
12, 31, 2
12, 31, 10
12, 31, 14
12, 35, 16
12, 36, 47
12, 37, 9
12, 39, 58
12, 47, 7
12, 50, 22
12, 52, 39
12, 52, 52
12, 55, 1
12, 56, 46
12, 57, 32
12, 58, 53
12, 59, 27
12, 61, 12
12, 61, 20
12, 63, 61
12, 64, 21
12, 65, 20
12, 65, 32
12, 66, 2
12, 67, 3
12, 67, 32
12, 67, 35
12, 67, 58
12, 71, 3
12, 74, 25
12, 75, 33
12, 78, 16
12, 78, 36
12, 79, 5
12, 79, 9
12, 81, 41
12, 85, 34
12, 93, 6
12, 93, 37
12, 95, 33
12, 100, 23
12, 101, 9
12, 101, 52
13, 2, 20
13, 4, 40
13, 5, 26
13, 8, 16
13, 8, 48
13, 8, 53
13, 11, 19
13, 22, 11
13, 24, 18
13, 31, 32
13, 35, 21
13, 37, 9
13, 47, 3
13, 49, 37
13, 50, 37
13, 52, 53
13, 54, 18
13, 55, 37
13, 59, 36
13, 63, 12
13, 66, 48
13, 76, 39
13, 79, 2
13, 82, 37
13, 82, 42
13, 83, 46
13, 84, 11
13, 84, 16
13, 86, 29
13, 86, 33
13, 87, 26
13, 90, 19
14, 1, 47
14, 5, 4
14, 7, 8
14, 8, 17
14, 9, 4
14, 12, 8
14, 12, 31
14, 14, 13
14, 15, 35
14, 17, 9
14, 18, 31
14, 23, 48
14, 25, 8
14, 25, 31
14, 26, 14
14, 28, 11
14, 31, 5
14, 36, 38
14, 37, 28
14, 39, 8
14, 42, 11
14, 42, 51
14, 47, 4
14, 53, 5
14, 54, 13
14, 57, 2
14, 58, 23
14, 59, 35
14, 60, 1
14, 68, 23
14, 69, 4
14, 69, 47
14, 71, 33
14, 75, 10
14, 77, 17
14, 80, 16
14, 82, 10
14, 84, 26
14, 88, 13
14, 94, 8
14, 95, 51
14, 96, 5
14, 100, 6
14, 100, 43
15, 3, 23
15, 6, 14
15, 10, 38
15, 15, 35
15, 19, 30
15, 20, 7
15, 21, 20
15, 22, 8
15, 23, 50
15, 24, 7
15, 24, 52
15, 25, 28
15, 27, 22
15, 28, 31
15, 35, 6
15, 36, 23
15, 39, 47
15, 42, 4
15, 42, 29
15, 44, 22
15, 44, 24
15, 44, 56
15, 48, 17
15, 53, 28
15, 60, 28
15, 61, 26
15, 71, 19
15, 71, 38
15, 72, 21
15, 75, 28
15, 76, 31
15, 78, 39
15, 82, 23
15, 86, 19
15, 89, 5
15, 90, 20
15, 91, 53
15, 92, 23
15, 94, 22
15, 95, 6
15, 96, 28
15, 97, 7
15, 97, 34
15, 101, 11
16, 6, 9
16, 7, 6
16, 8, 12
16, 8, 28
16, 14, 53
16, 15, 33
16, 17, 15
16, 22, 5
16, 25, 19
16, 27, 13
16, 30, 37
16, 31, 9
16, 31, 31
16, 43, 39
16, 43, 52
16, 45, 16
16, 47, 24
16, 47, 45
16, 50, 43
16, 51, 11
16, 51, 54
16, 55, 21
16, 60, 28
16, 61, 50
16, 64, 37
16, 65, 5
16, 66, 46
16, 70, 29
16, 77, 40
16, 80, 31
16, 84, 12
16, 85, 23
16, 87, 42
16, 91, 35
16, 97, 5
17, 2, 33
17, 5, 43
17, 6, 51
17, 16, 12
17, 16, 18
17, 16, 46
17, 18, 56
17, 19, 34
17, 31, 60
17, 35, 39
17, 50, 33
17, 51, 9
17, 57, 41
17, 75, 18
17, 77, 16
17, 80, 16
17, 84, 6
17, 90, 51
17, 91, 23
17, 95, 30
18, 8, 53
18, 13, 24
18, 15, 46
18, 16, 39
18, 18, 16
18, 21, 10
18, 22, 18
18, 22, 47
18, 24, 22
18, 27, 22
18, 30, 47
18, 32, 9
18, 32, 23
18, 33, 38
18, 33, 60
18, 34, 9
18, 36, 13
18, 36, 31
18, 37, 41
18, 37, 46
18, 40, 2
18, 42, 21
18, 42, 49
18, 43, 3
18, 43, 41
18, 44, 14
18, 44, 32
18, 48, 35
18, 49, 15
18, 50, 22
18, 51, 37
18, 53, 3
18, 55, 28
18, 56, 8
18, 56, 15
18, 63, 3
18, 66, 18
18, 71, 3
18, 71, 44
18, 72, 53
18, 78, 2
18, 79, 39
18, 81, 12
18, 82, 45
18, 85, 5
18, 87, 16
18, 94, 47
18, 96, 25
18, 97, 17
18, 97, 56
18, 99, 28
18, 100, 18
18, 101, 21
18, 101, 39
19, 1, 53
19, 4, 12
19, 4, 62
19, 5, 22
19, 8, 23
19, 8, 40
19, 10, 10
19, 10, 36
19, 12, 49
19, 14, 47
19, 19, 37
19, 23, 33
19, 23, 46
19, 25, 43
19, 28, 22
19, 30, 12
19, 31, 44
19, 37, 48
19, 55, 47
19, 56, 38
19, 61, 40
19, 62, 21
19, 63, 47
19, 66, 37
19, 71, 40
19, 76, 4
19, 76, 44
19, 79, 30
19, 81, 18
19, 81, 22
19, 82, 53
19, 95, 12
19, 97, 53
19, 98, 21
19, 100, 22
20, 2, 15
20, 3, 28
20, 3, 35
20, 11, 9
20, 14, 10
20, 14, 42
20, 16, 6
20, 16, 18
20, 17, 2
20, 23, 28
20, 23, 36
20, 25, 29
20, 29, 20
20, 30, 41
20, 33, 9
20, 36, 27
20, 36, 41
20, 36, 42
20, 39, 42
20, 40, 8
20, 40, 50
20, 44, 20
20, 45, 21
20, 48, 1
20, 53, 20
20, 56, 11
20, 59, 37
20, 60, 30
20, 62, 24
20, 66, 8
20, 66, 27
20, 75, 53
20, 79, 9
20, 83, 29
20, 83, 35
20, 85, 18
20, 87, 37
20, 90, 9
20, 90, 68
20, 92, 35
20, 94, 53
20, 96, 28
20, 97, 6
20, 98, 11
20, 99, 20
21, 8, 52
21, 18, 3
21, 18, 38
21, 18, 40
21, 21, 6
21, 21, 9
21, 21, 39
21, 22, 3
21, 33, 35
21, 33, 49
21, 34, 31
21, 34, 37
21, 40, 43
21, 45, 26
21, 48, 38
21, 48, 58
21, 49, 41
21, 50, 21
21, 50, 32
21, 57, 35
21, 59, 13
21, 69, 45
21, 74, 55
21, 75, 49
21, 81, 15
21, 81, 44
21, 84, 46
21, 86, 17
21, 87, 4
21, 87, 31
21, 87, 33
21, 89, 52
21, 98, 43
22, 2, 7
22, 3, 37
22, 6, 1
22, 8, 45
22, 12, 21
22, 20, 15
22, 23, 30
22, 26, 6
22, 29, 26
22, 31, 16
22, 35, 21
22, 36, 32
22, 37, 1
22, 42, 15
22, 42, 53
22, 45, 15
22, 46, 18
22, 47, 51
22, 48, 38
22, 51, 19
22, 51, 26
22, 52, 45
22, 57, 39
22, 62, 18
22, 63, 21
22, 66, 21
22, 68, 17
22, 68, 34
22, 72, 1
22, 73, 20
22, 73, 49
22, 76, 45
22, 80, 52
22, 81, 26
22, 88, 15
22, 94, 18
22, 97, 20
22, 100, 30
22, 100, 49
22, 101, 36
23, 2, 30
23, 3, 51
23, 5, 1
23, 5, 6
23, 5, 54
23, 11, 35
23, 13, 46
23, 14, 41
23, 15, 51
23, 22, 6
23, 22, 30
23, 23, 18
23, 24, 44
23, 30, 44
23, 35, 36
23, 40, 17
23, 43, 22
23, 45, 45
23, 46, 9
23, 47, 50
23, 52, 3
23, 52, 11
23, 52, 62
23, 62, 6
23, 62, 39
23, 64, 13
23, 65, 44
23, 68, 55
23, 71, 15
23, 77, 3
23, 81, 9
23, 81, 16
23, 82, 50
23, 85, 25
23, 88, 48
23, 89, 45
23, 90, 51
23, 90, 64
23, 91, 26
23, 91, 49
23, 96, 25
23, 96, 29
23, 99, 47
23, 100, 48
23, 101, 7
23, 101, 13
23, 101, 35
24, 8, 21
24, 8, 44
24, 9, 9
24, 12, 55
24, 15, 33
24, 15, 38
24, 17, 33
24, 17, 50
24, 20, 48
24, 24, 27
24, 28, 44
24, 30, 28
24, 31, 6
24, 32, 46
24, 35, 27
24, 38, 35
24, 45, 30
24, 47, 14
24, 47, 33
24, 48, 48
24, 51, 7
24, 54, 44
24, 60, 15
24, 67, 30
24, 68, 49
24, 69, 42
24, 72, 39
24, 73, 30
24, 74, 6
24, 76, 55
24, 77, 31
24, 80, 9
24, 81, 21
24, 85, 59
24, 88, 12
24, 88, 27
24, 91, 2
24, 91, 36
24, 93, 46
24, 97, 50
24, 100, 33
25, 1, 56
25, 2, 22
25, 6, 15
25, 12, 15
25, 19, 40
25, 20, 40
25, 23, 34
25, 33, 17
25, 33, 18
25, 33, 22
25, 47, 24
25, 47, 38
25, 49, 14
25, 52, 47
25, 55, 56
25, 57, 43
25, 58, 32
25, 59, 3
25, 59, 30
25, 59, 63
25, 61, 24
25, 62, 18
25, 62, 31
25, 70, 17
25, 71, 60
25, 75, 42
25, 80, 6
25, 80, 37
25, 80, 40
25, 88, 20
25, 91, 18
25, 91, 43
25, 96, 14
25, 97, 62
25, 98, 19
25, 101, 40
26, 2, 15
26, 3, 8
26, 4, 40
26, 7, 27
26, 9, 2
26, 15, 28
26, 16, 37
26, 19, 6
26, 19, 27
26, 22, 52
26, 29, 2
26, 30, 6
26, 31, 33
26, 39, 44
26, 42, 24
26, 43, 24
26, 45, 20
26, 48, 27
26, 57, 19
26, 60, 22
26, 65, 3
26, 68, 26
26, 70, 2
26, 70, 13
26, 70, 40
26, 72, 16
26, 73, 17
26, 73, 30
26, 74, 28
26, 75, 15
26, 81, 17
26, 81, 55
26, 82, 57
26, 86, 52
26, 88, 8
26, 91, 6
26, 94, 24
27, 1, 32
27, 4, 22
27, 8, 20
27, 8, 37
27, 8, 50
27, 12, 5
27, 12, 60
27, 13, 2
27, 13, 9
27, 16, 6
27, 18, 13
27, 23, 27
27, 23, 51
27, 37, 30
27, 38, 58
27, 39, 7
27, 46, 32
27, 47, 53
27, 53, 51
27, 54, 10
27, 59, 12
27, 59, 20
27, 59, 45
27, 60, 6
27, 71, 35
27, 77, 41
27, 80, 19
27, 81, 30
27, 81, 58
27, 84, 32
27, 85, 6
27, 85, 33
27, 86, 22
27, 89, 2
27, 90, 9
27, 91, 22
27, 92, 33
27, 98, 32
27, 99, 36
28, 3, 70
28, 4, 25
28, 5, 3
28, 6, 30
28, 10, 35
28, 12, 6
28, 13, 24
28, 17, 39
28, 20, 50
28, 21, 46
28, 23, 38
28, 24, 9
28, 27, 28
28, 33, 23
28, 37, 8
28, 45, 15
28, 47, 11
28, 47, 43
28, 48, 40
28, 52, 20
28, 60, 59
28, 62, 19
28, 62, 32
28, 63, 14
28, 63, 53
28, 64, 41
28, 65, 20
28, 65, 31
28, 66, 49
28, 68, 6
28, 68, 21
28, 69, 7
28, 70, 40
28, 71, 27
28, 79, 23
28, 82, 37
28, 83, 38
28, 87, 3
28, 87, 46
28, 92, 8
28, 92, 40
28, 93, 3
28, 93, 42
28, 94, 3
28, 98, 50
29, 2, 1
29, 14, 6
29, 16, 17
29, 21, 26
29, 25, 2
29, 27, 26
29, 30, 22
29, 30, 25
29, 31, 16
29, 33, 44
29, 36, 32
29, 38, 5
29, 41, 25
29, 42, 42
29, 43, 16
29, 43, 37
29, 44, 58
29, 49, 15
29, 49, 46
29, 50, 35
29, 50, 39
29, 59, 48
29, 62, 32
29, 64, 44
29, 70, 45
29, 77, 2
29, 77, 61
29, 82, 40
29, 89, 12
29, 89, 23
29, 91, 50
29, 92, 6
29, 98, 16
30, 6, 16
30, 9, 44
30, 12, 2
30, 12, 15
30, 12, 41
30, 14, 22
30, 17, 10
30, 30, 7
30, 32, 2
30, 36, 3
30, 37, 13
30, 38, 25
30, 39, 38
30, 41, 38
30, 42, 12
30, 43, 32
30, 44, 16
30, 44, 29
30, 50, 12
30, 51, 22
30, 54, 36
30, 55, 19
30, 58, 30
30, 62, 25
30, 65, 33
30, 67, 35
30, 70, 39
30, 73, 40
30, 73, 42
30, 75, 3
30, 78, 23
30, 79, 40
30, 82, 32
30, 83, 50
30, 85, 26
30, 88, 44
30, 91, 46
30, 93, 38
30, 94, 36
30, 96, 3
30, 96, 22
30, 100, 12
30, 100, 53
31, 9, 38
31, 10, 3
31, 12, 22
31, 16, 40
31, 17, 16
31, 17, 36
31, 19, 45
31, 20, 25
31, 24, 11
31, 24, 53
31, 25, 25
31, 29, 30
31, 30, 1
31, 30, 45
31, 31, 28
31, 31, 53
31, 37, 36
31, 38, 27
31, 39, 12
31, 41, 26
31, 50, 20
31, 52, 4
31, 53, 47
31, 56, 22
31, 56, 31
31, 58, 12
31, 58, 52
31, 59, 26
31, 82, 27
31, 86, 25
31, 88, 44
31, 89, 50
31, 99, 27
32, 1, 50
32, 2, 45
32, 4, 26
32, 5, 29
32, 6, 36
32, 14, 56
32, 15, 34
32, 19, 4
32, 25, 55
32, 26, 38
32, 27, 10
32, 27, 39
32, 28, 13
32, 29, 16
32, 30, 17
32, 31, 46
32, 32, 30
32, 33, 8
32, 34, 53
32, 37, 19
32, 45, 3
32, 45, 33
32, 49, 14
32, 49, 30
32, 49, 48
32, 65, 6
32, 66, 4
32, 67, 55
32, 68, 53
32, 79, 3
32, 82, 10
32, 82, 29
32, 82, 47
32, 82, 55
32, 86, 50
32, 88, 37
32, 92, 16
32, 95, 20
32, 97, 28
32, 97, 58
32, 99, 8
32, 99, 48
32, 100, 10
33, 1, 13
33, 6, 32
33, 6, 53
33, 9, 36
33, 9, 40
33, 11, 11
33, 13, 9
33, 17, 53
33, 19, 18
33, 21, 41
33, 28, 7
33, 28, 42
33, 29, 16
33, 33, 12
33, 40, 48
33, 58, 1
33, 63, 32
33, 63, 36
33, 63, 51
33, 66, 43
33, 67, 39
33, 71, 7
33, 73, 9
33, 74, 32
33, 83, 3
33, 83, 33
33, 87, 12
33, 90, 9
33, 94, 10
33, 95, 41
33, 97, 18
33, 98, 48
34, 1, 21
34, 8, 39
34, 8, 44
34, 13, 33
34, 14, 2
34, 17, 12
34, 26, 46
34, 35, 28
34, 35, 57
34, 37, 45
34, 42, 50
34, 45, 19
34, 47, 5
34, 49, 19
34, 50, 28
34, 52, 19
34, 52, 26
34, 54, 56
34, 58, 53
34, 62, 39
34, 66, 12
34, 78, 33
34, 83, 5
34, 84, 2
34, 86, 21
34, 94, 6
34, 95, 13
34, 95, 33
34, 96, 46
35, 1, 27
35, 4, 31
35, 7, 10
35, 7, 57
35, 12, 19
35, 16, 2
35, 16, 48
35, 19, 9
35, 21, 23
35, 24, 8
35, 25, 47
35, 32, 36
35, 34, 43
35, 35, 20
35, 36, 19
35, 38, 28
35, 39, 3
35, 46, 55
35, 49, 33
35, 54, 28
35, 54, 42
35, 57, 16
35, 60, 11
35, 63, 30
35, 64, 12
35, 68, 7
35, 68, 41
35, 69, 57
35, 70, 9
35, 74, 24
35, 75, 14
35, 79, 37
35, 80, 12
35, 87, 31
35, 88, 39
35, 91, 43
35, 92, 38
35, 95, 28
35, 98, 16
35, 98, 18
35, 99, 36
35, 100, 23
35, 101, 18
36, 5, 15
36, 6, 35
36, 10, 42
36, 12, 30
36, 14, 21
36, 14, 23
36, 17, 41
36, 19, 32
36, 21, 43
36, 22, 35
36, 25, 6
36, 25, 52
36, 30, 43
36, 31, 19
36, 31, 48
36, 33, 40
36, 35, 3
36, 35, 9
36, 43, 22
36, 44, 16
36, 46, 16
36, 46, 39
36, 49, 3
36, 49, 29
36, 51, 8
36, 52, 24
36, 57, 18
36, 58, 47
36, 58, 60
36, 59, 39
36, 60, 43
36, 63, 36
36, 64, 15
36, 73, 18
36, 80, 19
36, 82, 24
36, 83, 8
36, 84, 52
36, 86, 9
36, 89, 32
36, 90, 40
36, 94, 17
36, 96, 3
36, 99, 40
36, 100, 1
37, 3, 54
37, 5, 4
37, 5, 12
37, 6, 18
37, 8, 40
37, 12, 17
37, 12, 51
37, 17, 5
37, 19, 32
37, 20, 7
37, 22, 20
37, 24, 15
37, 26, 2
37, 34, 17
37, 36, 1
37, 37, 10
37, 39, 21
37, 39, 57
37, 43, 9
37, 45, 7
37, 49, 18
37, 51, 9
37, 53, 26
37, 60, 45
37, 66, 4
37, 76, 25
37, 76, 63
37, 79, 18
37, 81, 31
37, 87, 13
37, 87, 47
37, 93, 2
37, 93, 5
37, 93, 21
37, 94, 55
37, 95, 10
37, 95, 25
37, 95, 51
37, 98, 7
38, 3, 12
38, 3, 44
38, 4, 56
38, 8, 14
38, 8, 40
38, 10, 38
38, 15, 13
38, 18, 29
38, 18, 55
38, 21, 20
38, 21, 29
38, 22, 33
38, 25, 29
38, 27, 50
38, 32, 13
38, 37, 24
38, 39, 37
38, 42, 38
38, 43, 22
38, 50, 11
38, 52, 15
38, 53, 45
38, 59, 48
38, 60, 16
38, 63, 3
38, 64, 16
38, 66, 36
38, 70, 50
38, 71, 23
38, 72, 43
38, 74, 33
38, 75, 60
38, 81, 52
38, 82, 56
38, 85, 14
38, 85, 33
38, 86, 37
38, 88, 25
38, 93, 46
38, 94, 42
38, 98, 38
38, 99, 16
39, 4, 5
39, 5, 10
39, 12, 50
39, 15, 40
39, 16, 37
39, 18, 54
39, 26, 4
39, 28, 33
39, 29, 53
39, 30, 57
39, 31, 22
39, 31, 46
39, 34, 43
39, 42, 49
39, 48, 51
39, 49, 32
39, 50, 50
39, 50, 62
39, 52, 13
39, 56, 30
39, 60, 7
39, 63, 3
39, 69, 10
39, 70, 12
39, 72, 10
39, 72, 35
39, 74, 43
39, 77, 1
39, 80, 5
39, 84, 7
39, 84, 40
39, 90, 26
39, 95, 30
39, 100, 4
40, 2, 28
40, 6, 43
40, 9, 29
40, 10, 24
40, 12, 20
40, 15, 30
40, 26, 41
40, 27, 10
40, 33, 32
40, 41, 44
40, 42, 48
40, 44, 9
40, 45, 6
40, 49, 7
40, 49, 45
40, 53, 29
40, 56, 24
40, 66, 13
40, 68, 32
40, 68, 43
40, 69, 51
40, 70, 42
40, 71, 22
40, 71, 52
40, 87, 28
40, 88, 10
40, 93, 45
40, 95, 24
40, 95, 41
41, 1, 12
41, 3, 17
41, 6, 9
41, 8, 51
41, 9, 15
41, 12, 9
41, 15, 33
41, 18, 25
41, 25, 21
41, 31, 27
41, 34, 5
41, 36, 12
41, 36, 17
41, 39, 31
41, 41, 51
41, 42, 35
41, 47, 16
41, 51, 33
41, 53, 3
41, 57, 28
41, 62, 1
41, 62, 56
41, 69, 31
41, 71, 10
41, 74, 17
41, 75, 12
41, 75, 25
41, 77, 9
41, 80, 16
41, 87, 16
41, 88, 46
41, 91, 21
41, 92, 28
41, 93, 16
41, 99, 36
41, 100, 5
41, 101, 12
42, 2, 20
42, 10, 41
42, 12, 14
42, 16, 20
42, 16, 42
42, 18, 30
42, 21, 9
42, 27, 9
42, 27, 38
42, 33, 53
42, 35, 25
42, 42, 51
42, 48, 54
42, 49, 25
42, 51, 34
42, 53, 2
42, 53, 55
42, 59, 58
42, 62, 30
42, 65, 28
42, 68, 26
42, 74, 20
42, 74, 38
42, 74, 45
42, 80, 41
42, 82, 39
42, 82, 53
42, 85, 42
42, 91, 25
42, 94, 51
42, 97, 5
42, 97, 9
42, 97, 14
43, 7, 25
43, 8, 3
43, 8, 52
43, 11, 35
43, 14, 18
43, 23, 17
43, 24, 50
43, 28, 22
43, 31, 33
43, 32, 34
43, 36, 35
43, 36, 42
43, 37, 22
43, 49, 11
43, 55, 30
43, 62, 23
43, 63, 38
43, 64, 17
43, 64, 22
43, 65, 2
43, 67, 32
43, 68, 53
43, 70, 17
43, 71, 12
43, 71, 15
43, 73, 35
43, 73, 50
43, 74, 28
43, 75, 22
43, 79, 27
43, 81, 31
43, 87, 4
43, 91, 34
43, 99, 20
43, 99, 50
44, 3, 28
44, 4, 51
44, 5, 40
44, 8, 12
44, 8, 57
44, 10, 34
44, 13, 46
44, 24, 40
44, 27, 9
44, 28, 58
44, 32, 2
44, 37, 16
44, 37, 50
44, 41, 29
44, 43, 16
44, 46, 34
44, 49, 1
44, 52, 60
44, 53, 65
44, 55, 18
44, 57, 3
44, 58, 42
44, 59, 7
44, 59, 40
44, 64, 40
44, 65, 28
44, 69, 37
44, 70, 13
44, 71, 4
44, 81, 7
44, 81, 51
44, 84, 23
44, 86, 36
44, 88, 11
44, 95, 46
44, 95, 57
44, 98, 6
44, 99, 40
45, 2, 8
45, 5, 49
45, 7, 6
45, 11, 55
45, 16, 10
45, 20, 24
45, 21, 43
45, 22, 12
45, 23, 1
45, 23, 51
45, 24, 28
45, 24, 38
45, 27, 8
45, 31, 5
45, 33, 39
45, 35, 7
45, 36, 52
45, 38, 11
45, 38, 40
45, 40, 18
45, 40, 36
45, 44, 24
45, 45, 28
45, 47, 6
45, 47, 11
45, 49, 25
45, 49, 26
45, 50, 3
45, 50, 60
45, 51, 30
45, 53, 21
45, 53, 55
45, 54, 14
45, 60, 33
45, 62, 53
45, 67, 7
45, 68, 54
45, 72, 24
45, 79, 36
45, 84, 12
45, 87, 21
45, 87, 43
45, 88, 1
45, 88, 38
45, 91, 14
45, 92, 36
45, 99, 49
45, 101, 52
46, 1, 51
46, 8, 18
46, 15, 38
46, 21, 48
46, 24, 45
46, 27, 8
46, 29, 42
46, 31, 52
46, 33, 10
46, 36, 10
46, 36, 29
46, 39, 4
46, 40, 21
46, 40, 56
46, 41, 14
46, 41, 48
46, 47, 22
46, 49, 22
46, 54, 2
46, 54, 19
46, 54, 39
46, 54, 45
46, 63, 35
46, 67, 42
46, 69, 53
46, 72, 26
46, 74, 8
46, 74, 51
46, 76, 15
46, 76, 54
46, 80, 18
46, 82, 4
46, 82, 30
46, 90, 44
46, 90, 45
46, 93, 1
46, 93, 52
46, 95, 30
46, 100, 35
46, 101, 56
47, 2, 38
47, 2, 44
47, 3, 13
47, 5, 10
47, 7, 15
47, 9, 42
47, 14, 17
47, 18, 12
47, 18, 44
47, 19, 1
47, 26, 18
47, 33, 15
47, 36, 6
47, 36, 53
47, 45, 19
47, 49, 45
47, 52, 9
47, 61, 26
47, 65, 13
47, 66, 19
47, 74, 55
47, 82, 3
47, 85, 3
47, 85, 61
47, 87, 3
47, 97, 45
47, 98, 10
47, 99, 15
47, 100, 65
47, 101, 17
47, 101, 18
48, 1, 37
48, 2, 22
48, 5, 23
48, 6, 42
48, 7, 54
48, 9, 4
48, 10, 16
48, 12, 4
48, 12, 32
48, 12, 33
48, 13, 5
48, 13, 42
48, 15, 9
48, 20, 35
48, 20, 40
48, 25, 7
48, 25, 63
48, 27, 19
48, 29, 51
48, 30, 3
48, 30, 35
48, 31, 44
48, 33, 2
48, 43, 2
48, 54, 7
48, 58, 5
48, 64, 1
48, 65, 22
48, 77, 19
48, 77, 40
48, 78, 28
48, 78, 32
48, 81, 29
48, 81, 51
48, 82, 29
48, 85, 4
48, 90, 42
48, 92, 1
48, 93, 28
48, 93, 35
48, 94, 44
48, 95, 39
48, 95, 42
49, 2, 34
49, 4, 8
49, 8, 30
49, 12, 36
49, 12, 53
49, 14, 30
49, 21, 33
49, 21, 56
49, 22, 24
49, 23, 14
49, 23, 20
49, 23, 41
49, 28, 53
49, 31, 50
49, 32, 6
49, 32, 28
49, 35, 37
49, 36, 22
49, 43, 8
49, 46, 30
49, 49, 39
49, 52, 33
49, 58, 36
49, 59, 15
49, 62, 17
49, 63, 42
49, 66, 50
49, 67, 41
49, 72, 8
49, 76, 37
49, 77, 2
49, 85, 24
49, 87, 20
49, 88, 30
49, 89, 22
49, 92, 17
49, 92, 51
49, 93, 6
49, 96, 48
50, 1, 1
50, 2, 8
50, 7, 26
50, 9, 14
50, 10, 21
50, 10, 41
50, 16, 44
50, 16, 53
50, 19, 12
50, 19, 18
50, 20, 3
50, 21, 14
50, 22, 46
50, 25, 2
50, 25, 8
50, 25, 22
50, 26, 23
50, 29, 20
50, 38, 10
50, 40, 35
50, 40, 40
50, 43, 30
50, 47, 13
50, 50, 6
50, 51, 44
50, 54, 41
50, 54, 48
50, 62, 21
50, 62, 33
50, 65, 14
50, 67, 53
50, 70, 50
50, 72, 39
50, 79, 51
50, 79, 53
50, 81, 8
50, 81, 18
50, 85, 18
50, 85, 41
50, 89, 30
50, 90, 26
50, 91, 2
50, 91, 50
50, 92, 33
51, 6, 53
51, 8, 46
51, 24, 2
51, 45, 26
51, 45, 32
51, 45, 58
51, 49, 33
51, 54, 55
51, 58, 21
51, 64, 11
51, 76, 38
51, 79, 40
51, 83, 53
51, 90, 20
51, 98, 10
51, 98, 46
52, 2, 9
52, 4, 56
52, 7, 51
52, 10, 39
52, 11, 7
52, 12, 8
52, 12, 12
52, 19, 16
52, 22, 20
52, 22, 48
52, 23, 48
52, 25, 47
52, 29, 38
52, 31, 10
52, 33, 25
52, 33, 35
52, 41, 11
52, 44, 14
52, 46, 29
52, 46, 40
52, 47, 10
52, 47, 21
52, 47, 51
52, 48, 56
52, 51, 17
52, 52, 40
52, 53, 44
52, 56, 47
52, 59, 57
52, 61, 16
52, 63, 30
52, 64, 39
52, 73, 54
52, 77, 19
52, 81, 48
52, 82, 18
52, 86, 7
52, 90, 59
52, 95, 43
52, 101, 16
53, 4, 43
53, 6, 11
53, 6, 36
53, 8, 41
53, 11, 2
53, 12, 47
53, 16, 5
53, 17, 13
53, 21, 36
53, 28, 31
53, 29, 15
53, 31, 51
53, 32, 29
53, 39, 8
53, 39, 14
53, 39, 40
53, 41, 10
53, 42, 9
53, 47, 15
53, 53, 57
53, 57, 28
53, 58, 38
53, 68, 45
53, 70, 43
53, 73, 15
53, 73, 28
53, 80, 31
53, 81, 18
53, 82, 20
53, 82, 47
53, 82, 50
53, 83, 25
53, 87, 21
53, 88, 29
53, 89, 41
53, 94, 2
53, 98, 11
53, 100, 36
54, 1, 18
54, 6, 20
54, 6, 44
54, 9, 33
54, 10, 7
54, 15, 62
54, 22, 12
54, 24, 24
54, 25, 6
54, 27, 11
54, 27, 35
54, 32, 15
54, 38, 8
54, 45, 22
54, 46, 47
54, 47, 58
54, 56, 44
54, 57, 20
54, 57, 36
54, 57, 62
54, 59, 4
54, 61, 21
54, 61, 56
54, 66, 26
54, 67, 30
54, 70, 26
54, 73, 24
54, 73, 52
54, 74, 17
54, 76, 16
54, 76, 39
54, 79, 59
54, 80, 14
54, 82, 8
54, 82, 36
54, 85, 12
54, 88, 7
54, 93, 6
54, 93, 44
55, 3, 15
55, 3, 28
55, 4, 10
55, 8, 21
55, 9, 4
55, 11, 23
55, 13, 54
55, 17, 4
55, 17, 63
55, 20, 12
55, 21, 1
55, 25, 11
55, 27, 7
55, 31, 35
55, 32, 30
55, 40, 31
55, 42, 50
55, 44, 39
55, 44, 51
55, 51, 48
55, 63, 5
55, 63, 41
55, 63, 54
55, 67, 15
55, 70, 30
55, 72, 44
55, 82, 4
55, 82, 52
55, 84, 48
55, 87, 35
55, 90, 20
55, 94, 11
55, 96, 42
55, 98, 4
56, 1, 39
56, 2, 42
56, 3, 42
56, 5, 39
56, 20, 53
56, 32, 38
56, 35, 8
56, 36, 3
56, 36, 49
56, 37, 39
56, 37, 46
56, 39, 4
56, 48, 29
56, 50, 51
56, 52, 39
56, 53, 8
56, 53, 15
56, 53, 29
56, 66, 8
56, 66, 46
56, 70, 41
56, 70, 53
56, 71, 3
56, 78, 24
56, 80, 49
56, 85, 36
56, 86, 38
56, 87, 42
56, 89, 22
56, 90, 23
56, 91, 19
56, 91, 53
56, 94, 38
57, 3, 20
57, 3, 40
57, 11, 12
57, 12, 9
57, 13, 42
57, 17, 55
57, 18, 40
57, 19, 29
57, 22, 3
57, 32, 19
57, 34, 44
57, 39, 23
57, 40, 32
57, 40, 60
57, 41, 22
57, 55, 1
57, 67, 20
57, 69, 1
57, 69, 29
57, 70, 9
57, 74, 13
57, 77, 21
57, 81, 18
57, 81, 45
57, 82, 40
57, 87, 22
57, 88, 19
57, 90, 52
57, 97, 20
57, 98, 12
57, 98, 39
58, 3, 30
58, 7, 6
58, 8, 32
58, 8, 56
58, 9, 3
58, 9, 51
58, 10, 3
58, 11, 7
58, 13, 51
58, 14, 1
58, 17, 45
58, 18, 23
58, 22, 41
58, 25, 25
58, 32, 44
58, 35, 17
58, 36, 28
58, 37, 23
58, 39, 2
58, 41, 3
58, 41, 8
58, 41, 28
58, 42, 30
58, 43, 7
58, 43, 60
58, 44, 45
58, 46, 39
58, 48, 34
58, 49, 13
58, 51, 1
58, 51, 18
58, 51, 32
58, 57, 24
58, 57, 25
58, 58, 6
58, 58, 21
58, 58, 55
58, 59, 32
58, 59, 53
58, 62, 41
58, 66, 45
58, 66, 51
58, 69, 2
58, 72, 56
58, 77, 31
58, 80, 34
58, 80, 45
58, 82, 37
58, 87, 1
58, 92, 32
58, 92, 44
58, 98, 1
58, 99, 21
59, 1, 9
59, 3, 31
59, 6, 25
59, 10, 36
59, 14, 35
59, 15, 27
59, 17, 11
59, 17, 35
59, 21, 1
59, 21, 49
59, 27, 2
59, 27, 31
59, 27, 43
59, 28, 6
59, 31, 33
59, 34, 9
59, 37, 46
59, 39, 35
59, 52, 22
59, 52, 54
59, 53, 39
59, 55, 45
59, 58, 27
59, 61, 30
59, 63, 61
59, 64, 46
59, 67, 58
59, 69, 3
59, 77, 35
59, 81, 7
59, 84, 11
59, 84, 34
59, 85, 1
59, 88, 25
59, 90, 32
59, 95, 4
59, 95, 31
59, 96, 2
59, 96, 33
59, 97, 49
59, 98, 22
59, 98, 43
59, 99, 9
59, 101, 5
60, 3, 50
60, 6, 24
60, 8, 47
60, 11, 11
60, 11, 28
60, 14, 3
60, 15, 39
60, 31, 20
60, 35, 3
60, 35, 36
60, 40, 7
60, 42, 48
60, 50, 26
60, 52, 9
60, 53, 5
60, 57, 39
60, 58, 17
60, 58, 36
60, 71, 10
60, 80, 47
60, 81, 13
60, 81, 50
60, 89, 5
60, 89, 29
60, 89, 39
60, 92, 28
60, 93, 24
60, 95, 33
61, 2, 36
61, 18, 31
61, 21, 13
61, 22, 56
61, 26, 43
61, 27, 22
61, 27, 35
61, 29, 55
61, 30, 25
61, 31, 9
61, 31, 31
61, 33, 49
61, 37, 22
61, 40, 33
61, 45, 34
61, 50, 21
61, 55, 11
61, 57, 26
61, 59, 24
61, 62, 28
61, 64, 32
61, 66, 8
61, 70, 40
61, 71, 27
61, 73, 13
61, 74, 2
61, 74, 20
61, 74, 56
61, 76, 36
61, 82, 41
61, 84, 19
61, 85, 11
61, 86, 61
61, 89, 35
61, 100, 47
62, 1, 21
62, 2, 6
62, 2, 27
62, 9, 11
62, 12, 44
62, 15, 41
62, 16, 11
62, 16, 53
62, 17, 46
62, 18, 31
62, 21, 30
62, 22, 18
62, 28, 12
62, 33, 20
62, 33, 46
62, 35, 52
62, 37, 59
62, 46, 22
62, 46, 44
62, 48, 12
62, 49, 15
62, 49, 40
62, 53, 12
62, 54, 15
62, 61, 41
62, 66, 15
62, 67, 6
62, 67, 31
62, 67, 35
62, 71, 56
62, 76, 16
62, 78, 25
62, 79, 40
62, 80, 11
62, 80, 19
62, 86, 45
62, 87, 12
62, 89, 44
62, 90, 30
62, 93, 22
62, 93, 60
62, 97, 15
62, 99, 44
62, 100, 24
62, 100, 50
63, 4, 12
63, 7, 9
63, 10, 37
63, 11, 24
63, 14, 20
63, 20, 17
63, 24, 7
63, 24, 45
63, 30, 53
63, 31, 38
63, 31, 40
63, 32, 50
63, 33, 37
63, 37, 46
63, 38, 7
63, 39, 21
63, 42, 18
63, 44, 24
63, 47, 24
63, 48, 1
63, 48, 11
63, 48, 58
63, 50, 30
63, 61, 20
63, 64, 37
63, 65, 2
63, 66, 46
63, 70, 47
63, 71, 53
63, 73, 17
63, 82, 30
63, 86, 37
63, 90, 52
63, 95, 31
63, 97, 7
63, 97, 13
63, 99, 20
63, 99, 38
64, 2, 24
64, 4, 8
64, 5, 22
64, 5, 50
64, 6, 20
64, 8, 52
64, 9, 20
64, 9, 36
64, 13, 44
64, 15, 49
64, 19, 6
64, 21, 43
64, 22, 52
64, 26, 6
64, 26, 25
64, 34, 23
64, 35, 44
64, 45, 22
64, 47, 42
64, 48, 6
64, 48, 48
64, 54, 17
64, 61, 45
64, 66, 17
64, 79, 6
64, 79, 39
64, 80, 40
64, 84, 49
64, 89, 8
64, 92, 22
64, 95, 36
65, 2, 23
65, 3, 31
65, 3, 34
65, 3, 37
65, 6, 37
65, 8, 29
65, 8, 50
65, 12, 10
65, 19, 30
65, 25, 31
65, 33, 34
65, 33, 50
65, 36, 35
65, 42, 54
65, 44, 22
65, 44, 44
65, 53, 2
65, 56, 22
65, 59, 25
65, 61, 23
65, 61, 50
65, 65, 1
65, 65, 43
65, 69, 15
65, 72, 37
65, 74, 22
65, 85, 54
65, 87, 15
65, 87, 31
65, 88, 36
65, 90, 10
65, 90, 22
65, 90, 51
65, 91, 44
65, 95, 51
66, 1, 29
66, 3, 19
66, 3, 49
66, 5, 38
66, 19, 40
66, 19, 49
66, 20, 8
66, 21, 9
66, 21, 35
66, 21, 48
66, 22, 47
66, 23, 39
66, 26, 10
66, 29, 36
66, 30, 13
66, 38, 54
66, 43, 44
66, 44, 4
66, 45, 51
66, 50, 12
66, 53, 1
66, 53, 48
66, 54, 3
66, 54, 31
66, 54, 46
66, 57, 38
66, 61, 12
66, 64, 48
66, 67, 29
66, 70, 8
66, 71, 19
66, 73, 24
66, 73, 33
66, 75, 13
66, 75, 44
66, 76, 25
66, 77, 40
66, 78, 19
66, 79, 10
66, 79, 49
66, 80, 38
66, 80, 52
66, 82, 35
66, 85, 5
66, 85, 23
66, 85, 38
66, 92, 2
66, 92, 12
66, 92, 40
66, 93, 33
66, 94, 27
66, 98, 35
66, 99, 19
66, 99, 51
67, 2, 7
67, 3, 2
67, 7, 15
67, 10, 3
67, 11, 40
67, 16, 1
67, 17, 12
67, 17, 31
67, 17, 57
67, 18, 7
67, 18, 31
67, 25, 20
67, 26, 9
67, 28, 53
67, 32, 42
67, 34, 23
67, 34, 29
67, 44, 60
67, 45, 17
67, 66, 27
67, 66, 41
67, 66, 48
67, 68, 57
67, 74, 18
67, 75, 5
67, 77, 25
67, 77, 29
67, 79, 2
67, 86, 17
67, 87, 2
68, 6, 6
68, 8, 33
68, 9, 24
68, 12, 5
68, 13, 3
68, 15, 15
68, 15, 37
68, 20, 6
68, 20, 23
68, 20, 40
68, 23, 25
68, 24, 17
68, 29, 22
68, 30, 35
68, 41, 6
68, 41, 35
68, 42, 29
68, 46, 27
68, 46, 41
68, 47, 42
68, 49, 56
68, 50, 21
68, 51, 42
68, 52, 14
68, 52, 15
68, 53, 49
68, 60, 15
68, 67, 25
68, 68, 37
68, 69, 33
68, 72, 11
68, 73, 3
68, 77, 41
68, 82, 47
68, 87, 40
68, 88, 15
68, 95, 12
68, 97, 43
68, 99, 22
69, 2, 34
69, 3, 35
69, 9, 18
69, 11, 49
69, 15, 12
69, 15, 23
69, 18, 50
69, 19, 26
69, 23, 28
69, 23, 42
69, 26, 19
69, 26, 48
69, 28, 51
69, 30, 45
69, 35, 5
69, 35, 52
69, 39, 48
69, 40, 4
69, 40, 19
69, 40, 49
69, 42, 44
69, 46, 9
69, 53, 9
69, 54, 2
69, 61, 12
69, 62, 42
69, 68, 56
69, 73, 52
69, 86, 5
69, 87, 11
69, 88, 28
69, 95, 50
69, 97, 35
69, 100, 43
70, 2, 44
70, 4, 32
70, 7, 29
70, 9, 40
70, 10, 47
70, 15, 30
70, 20, 15
70, 30, 3
70, 30, 7
70, 30, 22
70, 35, 14
70, 39, 26
70, 39, 59
70, 42, 21
70, 42, 53
70, 43, 32
70, 45, 29
70, 45, 32
70, 47, 39
70, 51, 7
70, 52, 21
70, 53, 47
70, 62, 25
70, 62, 30
70, 71, 27
70, 72, 11
70, 79, 53
70, 80, 12
70, 82, 7
70, 82, 57
70, 89, 44
70, 94, 11
70, 94, 24
70, 95, 27
70, 96, 31
70, 96, 53
70, 98, 32
70, 99, 6
70, 99, 8
70, 100, 29
71, 2, 50
71, 7, 18
71, 22, 8
71, 24, 15
71, 27, 14
71, 37, 45
71, 51, 54
71, 59, 40
71, 62, 18
71, 65, 15
71, 69, 25
71, 72, 5
71, 79, 10
71, 84, 35
71, 85, 26
71, 94, 14
72, 1, 23
72, 8, 17
72, 10, 22
72, 12, 33
72, 13, 19
72, 18, 27
72, 19, 18
72, 22, 28
72, 35, 39
72, 35, 46
72, 40, 2
72, 42, 26
72, 44, 23
72, 46, 7
72, 46, 25
72, 59, 12
72, 59, 37
72, 60, 8
72, 69, 23
72, 70, 26
72, 73, 49
72, 74, 5
72, 75, 18
72, 75, 31
72, 76, 42
72, 82, 42
72, 88, 12
72, 89, 42
72, 90, 55
72, 91, 22
72, 97, 18
72, 99, 28
72, 99, 33
72, 100, 18
73, 3, 19
73, 3, 23
73, 5, 7
73, 6, 3
73, 6, 18
73, 7, 44
73, 8, 60
73, 10, 2
73, 10, 46
73, 11, 38
73, 13, 28
73, 25, 33
73, 26, 14
73, 28, 14
73, 33, 11
73, 35, 37
73, 36, 4
73, 38, 46
73, 58, 23
73, 60, 28
73, 61, 44
73, 62, 14
73, 64, 15
73, 64, 41
73, 67, 39
73, 68, 37
73, 68, 44
73, 68, 49
73, 68, 60
73, 72, 7
73, 73, 39
73, 74, 19
73, 78, 2
73, 78, 43
73, 81, 46
73, 82, 37
73, 87, 9
73, 92, 2
73, 92, 55
73, 94, 40
73, 96, 63
74, 7, 8
74, 7, 12
74, 8, 9
74, 9, 16
74, 9, 26
74, 9, 44
74, 20, 17
74, 20, 43
74, 23, 29
74, 26, 56
74, 27, 4
74, 28, 21
74, 33, 49
74, 35, 39
74, 37, 20
74, 38, 31
74, 39, 44
74, 40, 20
74, 40, 47
74, 47, 36
74, 49, 39
74, 51, 58
74, 52, 27
74, 52, 43
74, 55, 9
74, 56, 16
74, 60, 58
74, 64, 14
74, 64, 56
74, 66, 1
74, 67, 29
74, 71, 37
74, 72, 11
74, 75, 5
74, 75, 14
74, 78, 39
74, 80, 36
74, 81, 32
74, 81, 35
74, 84, 3
74, 84, 26
74, 84, 52
74, 89, 9
74, 91, 18
74, 96, 21
75, 2, 36
75, 5, 19
75, 5, 31
75, 6, 55
75, 8, 28
75, 8, 50
75, 9, 48
75, 14, 13
75, 15, 9
75, 16, 8
75, 23, 58
75, 27, 17
75, 31, 25
75, 37, 45
75, 38, 19
75, 41, 1
75, 43, 20
75, 45, 15
75, 49, 23
75, 53, 17
75, 57, 7
75, 58, 28
75, 61, 18
75, 62, 10
75, 62, 27
75, 77, 22
75, 79, 25
75, 83, 62
75, 84, 19
75, 87, 7
75, 92, 10
75, 94, 41
75, 99, 8
75, 101, 50
76, 2, 35
76, 2, 47
76, 5, 5
76, 6, 36
76, 8, 46
76, 15, 43
76, 15, 50
76, 18, 45
76, 26, 50
76, 38, 5
76, 38, 11
76, 38, 20
76, 41, 36
76, 41, 38
76, 41, 62
76, 42, 32
76, 43, 18
76, 43, 24
76, 43, 40
76, 46, 4
76, 48, 29
76, 50, 48
76, 55, 47
76, 57, 45
76, 62, 31
76, 75, 3
76, 81, 28
76, 81, 46
76, 84, 20
76, 84, 43
76, 92, 50
76, 94, 24
76, 97, 48
77, 2, 22
77, 2, 47
77, 6, 43
77, 10, 16
77, 10, 28
77, 10, 35
77, 11, 11
77, 14, 41
77, 14, 54
77, 15, 4
77, 19, 6
77, 19, 46
77, 20, 23
77, 22, 5
77, 23, 1
77, 25, 8
77, 27, 23
77, 30, 17
77, 31, 12
77, 31, 31
77, 34, 20
77, 41, 29
77, 45, 9
77, 48, 35
77, 50, 4
77, 50, 44
77, 51, 22
77, 51, 30
77, 54, 5
77, 55, 30
77, 64, 9
77, 65, 5
77, 66, 29
77, 71, 20
77, 74, 36
77, 75, 54
77, 76, 43
77, 79, 1
77, 79, 51
77, 81, 26
77, 85, 31
77, 87, 46
77, 90, 4
77, 94, 12
77, 97, 11
77, 100, 16
78, 1, 27
78, 3, 55
78, 4, 4
78, 8, 37
78, 11, 49
78, 12, 31
78, 19, 18
78, 30, 29
78, 30, 51
78, 34, 29
78, 34, 30
78, 36, 13
78, 38, 18
78, 44, 18
78, 46, 14
78, 48, 54
78, 54, 6
78, 54, 55
78, 56, 38
78, 59, 40
78, 60, 52
78, 61, 28
78, 62, 10
78, 65, 38
78, 67, 35
78, 68, 30
78, 70, 40
78, 74, 9
78, 77, 1
78, 86, 4
78, 88, 11
78, 92, 55
78, 94, 37
78, 98, 13
78, 99, 14
78, 99, 35
79, 1, 1
79, 7, 19
79, 9, 16
79, 11, 28
79, 13, 46
79, 17, 39
79, 24, 50
79, 25, 29
79, 29, 3
79, 29, 42
79, 31, 47
79, 35, 12
79, 35, 55
79, 38, 20
79, 38, 34
79, 38, 54
79, 40, 5
79, 40, 8
79, 42, 20
79, 48, 33
79, 53, 26
79, 55, 32
79, 64, 27
79, 66, 2
79, 66, 12
79, 72, 12
79, 72, 20
79, 73, 21
79, 74, 50
79, 78, 34
79, 80, 19
79, 80, 45
79, 82, 27
79, 85, 45
79, 91, 49
79, 92, 16
79, 93, 5
79, 96, 28
79, 97, 5
79, 97, 47
79, 98, 3
79, 98, 34
79, 98, 48
79, 99, 8
80, 7, 12
80, 7, 26
80, 9, 8
80, 9, 30
80, 10, 4
80, 10, 21
80, 14, 31
80, 16, 6
80, 17, 50
80, 20, 53
80, 27, 23
80, 30, 19
80, 30, 21
80, 34, 15
80, 35, 40
80, 48, 48
80, 56, 35
80, 66, 21
80, 66, 40
80, 66, 57
80, 69, 12
80, 75, 19
80, 79, 27
80, 80, 26
80, 81, 41
80, 83, 50
80, 94, 23
80, 96, 31
80, 97, 4
80, 97, 28
80, 97, 53
80, 100, 35
81, 1, 47
81, 4, 2
81, 5, 40
81, 7, 3
81, 8, 53
81, 18, 53
81, 21, 34
81, 24, 28
81, 29, 41
81, 34, 20
81, 35, 12
81, 36, 31
81, 40, 39
81, 43, 37
81, 45, 3
81, 49, 41
81, 49, 53
81, 50, 3
81, 52, 12
81, 56, 6
81, 59, 15
81, 60, 42
81, 61, 9
81, 61, 50
81, 61, 53
81, 63, 40
81, 63, 44
81, 70, 6
81, 74, 31
81, 77, 46
81, 81, 4
81, 82, 39
81, 93, 34
81, 96, 38
81, 96, 48
81, 101, 47
82, 2, 21
82, 3, 51
82, 4, 25
82, 8, 6
82, 11, 33
82, 14, 47
82, 14, 50
82, 19, 32
82, 19, 34
82, 21, 9
82, 23, 19
82, 25, 2
82, 28, 30
82, 36, 12
82, 37, 50
82, 43, 3
82, 43, 24
82, 43, 25
82, 43, 51
82, 45, 33
82, 51, 9
82, 57, 2
82, 57, 32
82, 58, 17
82, 63, 21
82, 64, 37
82, 70, 10
82, 73, 20
82, 80, 33
82, 87, 9
82, 97, 20
83, 2, 7
83, 2, 15
83, 3, 46
83, 4, 3
83, 4, 45
83, 8, 37
83, 9, 16
83, 12, 41
83, 17, 15
83, 19, 16
83, 20, 31
83, 23, 18
83, 30, 45
83, 30, 56
83, 31, 27
83, 35, 7
83, 38, 3
83, 40, 60
83, 45, 16
83, 48, 38
83, 48, 44
83, 53, 22
83, 56, 46
83, 59, 35
83, 60, 30
83, 61, 5
83, 63, 29
83, 66, 55
83, 72, 16
83, 73, 7
83, 73, 9
83, 74, 3
83, 75, 5
83, 76, 11
83, 78, 7
83, 79, 10
83, 84, 15
83, 86, 17
83, 87, 7
83, 89, 3
83, 89, 48
83, 92, 15
83, 92, 27
83, 92, 36
83, 92, 49
83, 96, 37
83, 99, 41
84, 6, 14
84, 8, 7
84, 11, 27
84, 13, 18
84, 14, 19
84, 18, 12
84, 18, 54
84, 19, 13
84, 24, 6
84, 25, 44
84, 25, 51
84, 31, 44
84, 36, 31
84, 43, 30
84, 48, 27
84, 51, 34
84, 51, 46
84, 54, 42
84, 56, 1
84, 58, 18
84, 64, 35
84, 66, 27
84, 67, 20
84, 67, 23
84, 67, 40
84, 68, 17
84, 69, 32
84, 71, 40
84, 73, 13
84, 74, 56
84, 76, 31
84, 82, 51
84, 83, 19
84, 89, 58
84, 92, 13
84, 97, 35
84, 99, 47
84, 101, 36
85, 2, 48
85, 8, 32
85, 10, 28
85, 10, 34
85, 10, 51
85, 11, 35
85, 15, 49
85, 16, 35
85, 22, 18
85, 23, 51
85, 25, 23
85, 27, 41
85, 28, 30
85, 28, 58
85, 29, 48
85, 34, 29
85, 37, 51
85, 44, 14
85, 44, 46
85, 50, 42
85, 59, 46
85, 60, 53
85, 63, 42
85, 68, 35
85, 69, 45
85, 78, 34
85, 79, 32
85, 82, 15
85, 84, 34
85, 85, 23
85, 85, 48
85, 91, 16
85, 93, 46
85, 95, 20
85, 99, 29
86, 1, 13
86, 2, 21
86, 14, 23
86, 19, 26
86, 19, 38
86, 20, 37
86, 21, 26
86, 26, 11
86, 36, 49
86, 37, 9
86, 38, 21
86, 41, 9
86, 42, 42
86, 44, 20
86, 51, 14
86, 54, 42
86, 66, 13
86, 67, 55
86, 70, 1
86, 70, 46
86, 74, 23
86, 75, 18
86, 75, 28
86, 76, 15
86, 79, 3
86, 86, 51
86, 87, 38
86, 90, 21
86, 95, 14
86, 96, 14
86, 97, 51
87, 3, 51
87, 6, 1
87, 8, 23
87, 12, 5
87, 12, 35
87, 14, 13
87, 15, 46
87, 17, 39
87, 20, 23
87, 29, 13
87, 31, 6
87, 32, 23
87, 33, 44
87, 34, 26
87, 34, 36
87, 36, 42
87, 37, 19
87, 42, 12
87, 42, 45
87, 43, 22
87, 43, 41
87, 44, 6
87, 44, 51
87, 47, 33
87, 47, 38
87, 56, 6
87, 58, 35
87, 71, 12
87, 71, 50
87, 77, 20
87, 81, 23
87, 82, 32
87, 82, 75
87, 84, 23
87, 85, 13
87, 89, 46
87, 90, 5
87, 94, 18
87, 96, 20
87, 100, 36
87, 101, 12
88, 2, 2
88, 2, 29
88, 2, 43
88, 4, 4
88, 7, 15
88, 8, 40
88, 12, 15
88, 16, 18
88, 19, 1
88, 19, 32
88, 19, 53
88, 22, 20
88, 24, 12
88, 30, 44
88, 31, 14
88, 32, 52
88, 36, 12
88, 45, 19
88, 49, 14
88, 50, 29
88, 54, 26
88, 55, 27
88, 63, 47
88, 64, 53
88, 67, 23
88, 67, 55
88, 75, 46
88, 76, 2
88, 90, 13
88, 93, 7
88, 94, 55
88, 96, 5
88, 99, 43
89, 1, 31
89, 1, 47
89, 3, 44
89, 5, 5
89, 7, 27
89, 15, 28
89, 16, 2
89, 16, 7
89, 16, 37
89, 17, 58
89, 19, 12
89, 24, 22
89, 24, 34
89, 25, 53
89, 36, 6
89, 36, 38
89, 38, 36
89, 44, 5
89, 44, 9
89, 45, 19
89, 48, 11
89, 49, 20
89, 53, 16
89, 56, 43
89, 60, 1
89, 61, 40
89, 68, 19
89, 71, 44
89, 72, 33
89, 72, 53
89, 75, 44
89, 80, 1
89, 83, 21
89, 85, 10
89, 87, 33
89, 93, 37
89, 99, 22
89, 101, 7
90, 3, 22
90, 3, 30
90, 4, 13
90, 5, 49
90, 8, 35
90, 11, 51
90, 13, 7
90, 15, 36
90, 19, 32
90, 20, 8
90, 29, 42
90, 32, 10
90, 35, 17
90, 38, 26
90, 39, 47
90, 42, 35
90, 46, 27
90, 50, 32
90, 53, 5
90, 54, 8
90, 56, 9
90, 58, 51
90, 59, 21
90, 63, 12
90, 68, 10
90, 68, 44
90, 79, 27
90, 79, 30
90, 89, 45
90, 90, 59
90, 93, 42
90, 97, 17
90, 98, 35
91, 8, 23
91, 8, 29
91, 13, 23
91, 14, 32
91, 17, 11
91, 17, 16
91, 19, 12
91, 25, 4
91, 26, 71
91, 27, 39
91, 32, 35
91, 33, 2
91, 36, 33
91, 39, 7
91, 41, 20
91, 42, 48
91, 45, 6
91, 51, 34
91, 55, 19
91, 55, 43
91, 57, 6
91, 63, 51
91, 64, 24
91, 64, 37
91, 64, 47
91, 66, 1
91, 66, 43
91, 68, 23
91, 68, 46
91, 71, 35
91, 71, 40
91, 77, 40
91, 82, 42
91, 82, 47
91, 84, 51
91, 86, 31
91, 94, 39
91, 101, 29
92, 9, 14
92, 11, 7
92, 12, 27
92, 14, 41
92, 15, 49
92, 16, 51
92, 18, 30
92, 23, 43
92, 25, 52
92, 26, 10
92, 27, 31
92, 28, 19
92, 30, 28
92, 32, 43
92, 40, 43
92, 44, 6
92, 56, 15
92, 57, 26
92, 60, 8
92, 63, 11
92, 65, 2
92, 68, 43
92, 70, 17
92, 70, 24
92, 72, 5
92, 73, 24
92, 75, 10
92, 80, 16
92, 84, 19
92, 89, 5
92, 90, 13
92, 90, 21
92, 94, 7
92, 97, 34
92, 97, 36
93, 8, 40
93, 8, 41
93, 12, 55
93, 20, 25
93, 21, 27
93, 21, 48
93, 22, 18
93, 31, 2
93, 31, 23
93, 32, 23
93, 37, 26
93, 39, 36
93, 43, 22
93, 44, 38
93, 46, 32
93, 47, 35
93, 50, 29
93, 53, 43
93, 55, 3
93, 58, 40
93, 59, 36
93, 59, 42
93, 62, 32
93, 65, 29
93, 68, 24
93, 70, 2
93, 71, 46
93, 71, 60
93, 73, 49
93, 78, 18
93, 78, 43
93, 83, 32
93, 87, 3
93, 87, 15
93, 90, 27
93, 94, 1
93, 94, 11
93, 101, 38
94, 3, 28
94, 8, 21
94, 9, 2
94, 10, 47
94, 12, 22
94, 14, 42
94, 15, 13
94, 16, 3
94, 16, 28
94, 18, 50
94, 22, 5
94, 24, 42
94, 25, 9
94, 25, 32
94, 30, 28
94, 32, 15
94, 32, 22
94, 44, 32
94, 46, 9
94, 46, 47
94, 46, 55
94, 48, 13
94, 60, 8
94, 60, 48
94, 74, 32
94, 77, 3
94, 77, 48
94, 78, 23
94, 78, 51
94, 79, 9
94, 80, 32
94, 83, 8
94, 94, 22
94, 97, 5
95, 5, 10
95, 12, 27
95, 16, 30
95, 20, 43
95, 25, 4
95, 28, 51
95, 32, 13
95, 36, 22
95, 40, 39
95, 41, 12
95, 45, 20
95, 55, 47
95, 56, 34
95, 57, 43
95, 58, 12
95, 58, 51
95, 59, 48
95, 63, 16
95, 66, 49
95, 81, 30
95, 83, 53
95, 85, 29
95, 89, 10
95, 95, 31
95, 95, 51
95, 97, 22
95, 100, 49
96, 2, 47
96, 3, 6
96, 3, 54
96, 6, 52
96, 10, 39
96, 12, 19
96, 21, 39
96, 21, 48
96, 23, 34
96, 27, 12
96, 28, 38
96, 31, 20
96, 32, 47
96, 37, 1
96, 43, 19
96, 47, 22
96, 50, 35
96, 50, 59
96, 51, 15
96, 53, 29
96, 53, 48
96, 57, 26
96, 62, 17
96, 67, 49
96, 68, 4
96, 80, 3
96, 80, 25
96, 83, 38
96, 84, 54
96, 86, 31
96, 86, 38
96, 89, 8
96, 89, 29
96, 95, 35
96, 97, 28
96, 97, 31
96, 98, 48
96, 100, 32
96, 101, 12
97, 2, 32
97, 4, 39
97, 6, 22
97, 8, 37
97, 10, 9
97, 23, 28
97, 23, 30
97, 24, 51
97, 25, 6
97, 31, 48
97, 33, 9
97, 33, 15
97, 37, 4
97, 37, 24
97, 39, 14
97, 47, 13
97, 55, 39
97, 57, 43
97, 61, 26
97, 63, 12
97, 66, 2
97, 66, 46
97, 72, 37
97, 87, 3
97, 91, 4
97, 97, 6
97, 98, 29
97, 99, 42
98, 13, 46
98, 15, 45
98, 18, 17
98, 18, 40
98, 19, 33
98, 19, 47
98, 21, 1
98, 23, 38
98, 28, 8
98, 29, 16
98, 31, 24
98, 32, 6
98, 32, 29
98, 39, 26
98, 48, 44
98, 51, 18
98, 62, 8
98, 63, 38
98, 64, 32
98, 67, 28
98, 68, 45
98, 68, 50
98, 72, 10
98, 75, 33
98, 79, 43
98, 81, 15
98, 81, 28
98, 82, 38
98, 83, 52
98, 86, 19
98, 86, 33
98, 87, 43
98, 88, 25
98, 90, 6
98, 90, 47
98, 92, 29
98, 96, 40
98, 96, 46
98, 99, 53
99, 7, 54
99, 13, 24
99, 18, 44
99, 18, 68
99, 19, 30
99, 22, 3
99, 23, 20
99, 26, 8
99, 30, 28
99, 32, 36
99, 34, 14
99, 34, 23
99, 36, 35
99, 38, 10
99, 38, 26
99, 38, 40
99, 40, 29
99, 40, 50
99, 44, 48
99, 45, 21
99, 46, 40
99, 48, 15
99, 51, 37
99, 53, 3
99, 54, 36
99, 62, 19
99, 62, 32
99, 62, 39
99, 64, 41
99, 65, 33
99, 68, 6
99, 69, 20
99, 69, 33
99, 71, 46
99, 72, 2
99, 72, 24
99, 75, 35
99, 77, 40
99, 81, 18
99, 81, 41
99, 86, 29
99, 90, 27
99, 94, 11
99, 95, 44
99, 97, 8
99, 98, 10
100, 2, 44
100, 3, 25
100, 5, 43
100, 6, 16
100, 7, 35
100, 8, 55
100, 16, 16
100, 24, 44
100, 32, 14
100, 34, 53
100, 38, 48
100, 47, 43
100, 52, 33
100, 56, 12
100, 58, 2
100, 60, 13
100, 64, 15
100, 70, 12
100, 71, 23
100, 73, 1
100, 75, 42
100, 80, 37
100, 81, 35
100, 82, 25
100, 92, 16
100, 96, 55
100, 100, 14
101, 1, 5
101, 2, 12
101, 3, 28
101, 5, 32
101, 6, 6
101, 7, 48
101, 9, 24
101, 10, 18
101, 11, 19
101, 11, 47
101, 12, 2
101, 18, 24
101, 19, 53
101, 21, 20
101, 22, 47
101, 28, 11
101, 28, 53
101, 36, 46
101, 37, 6
101, 42, 49
101, 51, 1
101, 56, 31
101, 57, 48
101, 59, 10
101, 60, 33
101, 62, 24
101, 65, 5
101, 69, 47
101, 71, 27
101, 71, 33
101, 73, 33
101, 76, 53
101, 84, 7
101, 84, 46
101, 89, 41
101, 90, 24
101, 93, 5
101, 96, 38
101, 97, 11
101, 100, 1
101, 100, 48
101, 100, 50
