1, 1, 44
1, 2, 31
1, 4, 2
1, 6, 8
1, 6, 12
1, 10, 50
1, 13, 40
1, 13, 47
1, 14, 12
1, 15, 28
1, 16, 3
1, 17, 25
1, 18, 6
1, 18, 53
1, 20, 32
1, 22, 28
1, 23, 24
1, 25, 1
1, 29, 42
1, 33, 10
1, 36, 21
1, 39, 21
1, 42, 35
1, 45, 19
1, 48, 31
1, 49, 49
1, 50, 17
1, 54, 8
1, 55, 12
1, 56, 15
1, 60, 18
1, 60, 42
1, 62, 23
1, 66, 11
1, 68, 54
1, 69, 3
1, 69, 50
1, 75, 40
1, 76, 46
1, 79, 17
1, 79, 47
1, 85, 3
1, 86, 28
1, 87, 31
1, 87, 55
1, 93, 32
1, 99, 10
1, 100, 49
2, 1, 27
2, 2, 9
2, 5, 35
2, 7, 23
2, 8, 12
2, 9, 18
2, 9, 42
2, 10, 30
2, 11, 45
2, 12, 8
2, 14, 31
2, 19, 24
2, 20, 16
2, 22, 44
2, 26, 28
2, 26, 47
2, 28, 51
2, 30, 2
2, 30, 25
2, 35, 5
2, 38, 31
2, 39, 2
2, 39, 30
2, 39, 42
2, 41, 22
2, 41, 38
2, 44, 33
2, 45, 7
2, 46, 23
2, 49, 35
2, 53, 27
2, 55, 43
2, 61, 19
2, 63, 9
2, 64, 13
2, 64, 48
2, 66, 24
2, 66, 33
2, 68, 33
2, 69, 42
2, 71, 20
2, 72, 8
2, 74, 33
2, 76, 27
2, 76, 55
2, 77, 9
2, 78, 23
2, 79, 5
2, 80, 47
2, 83, 16
2, 83, 45
2, 87, 38
2, 88, 3
2, 88, 44
2, 95, 8
2, 97, 51
2, 101, 2
3, 2, 20
3, 3, 20
3, 3, 28
3, 4, 15
3, 5, 35
3, 8, 21
3, 8, 44
3, 10, 15
3, 11, 39
3, 14, 21
3, 17, 42
3, 18, 32
3, 18, 37
3, 31, 50
3, 33, 18
3, 34, 5
3, 34, 11
3, 35, 24
3, 39, 4
3, 39, 50
3, 40, 7
3, 42, 13
3, 49, 26
3, 50, 12
3, 57, 5
3, 60, 1
3, 60, 37
3, 63, 42
3, 64, 20
3, 66, 54
3, 68, 6
3, 69, 20
3, 70, 45
3, 71, 32
3, 77, 5
3, 77, 42
3, 78, 16
3, 80, 26
3, 83, 8
3, 85, 36
3, 89, 13
3, 91, 28
3, 94, 44
3, 99, 18
3, 99, 39
3, 101, 15
4, 1, 14
4, 2, 8
4, 2, 24
4, 2, 37
4, 4, 14
4, 10, 52
4, 11, 43
4, 15, 5
4, 18, 7
4, 20, 30
4, 22, 11
4, 23, 8
4, 23, 33
4, 23, 45
4, 27, 51
4, 28, 18
4, 28, 43
4, 32, 5
4, 32, 34
4, 37, 39
4, 39, 42
4, 44, 26
4, 47, 12
4, 47, 35
4, 48, 23
4, 49, 41
4, 50, 45
4, 52, 24
4, 57, 8
4, 58, 22
4, 62, 7
4, 63, 14
4, 67, 30
4, 67, 37
4, 69, 17
4, 72, 60
4, 73, 5
4, 73, 45
4, 74, 51
4, 75, 6
4, 76, 24
4, 77, 14
4, 81, 43
4, 92, 27
4, 93, 22
4, 94, 11
4, 94, 21
4, 95, 35
4, 96, 5
4, 97, 27
4, 100, 22
5, 2, 57
5, 7, 54
5, 11, 17
5, 12, 49
5, 13, 42
5, 15, 24
5, 17, 4
5, 18, 34
5, 18, 45
5, 20, 25
5, 20, 40
5, 23, 24
5, 25, 22
5, 27, 39
5, 33, 7
5, 33, 55
5, 34, 44
5, 38, 26
5, 38, 35
5, 40, 37
5, 43, 42
5, 46, 29
5, 46, 57
5, 47, 43
5, 48, 2
5, 50, 42
5, 51, 41
5, 52, 18
5, 57, 49
5, 59, 18
5, 62, 30
5, 65, 45
5, 67, 35
5, 68, 26
5, 74, 34
5, 75, 52
5, 79, 35
5, 80, 10
5, 80, 17
5, 84, 47
5, 88, 19
5, 89, 34
5, 91, 48
5, 92, 12
5, 93, 19
5, 93, 39
5, 100, 25
5, 100, 42
6, 2, 7
6, 2, 49
6, 4, 14
6, 8, 1
6, 11, 11
6, 11, 31
6, 16, 8
6, 17, 35
6, 19, 1
6, 21, 50
6, 23, 62
6, 24, 58
6, 25, 14
6, 25, 47
6, 25, 60
6, 27, 22
6, 30, 25
6, 34, 16
6, 39, 12
6, 40, 23
6, 41, 47
6, 42, 1
6, 44, 52
6, 49, 39
6, 58, 35
6, 59, 38
6, 66, 54
6, 67, 30
6, 70, 18
6, 71, 35
6, 73, 7
6, 75, 3
6, 76, 6
6, 77, 8
6, 80, 22
6, 80, 51
6, 81, 22
6, 83, 24
6, 84, 14
6, 87, 52
6, 88, 23
6, 95, 8
6, 101, 36
7, 2, 43
7, 6, 13
7, 7, 17
7, 8, 33
7, 11, 11
7, 12, 25
7, 13, 10
7, 14, 32
7, 15, 42
7, 16, 25
7, 17, 36
7, 18, 39
7, 18, 50
7, 24, 19
7, 24, 44
7, 25, 10
7, 25, 39
7, 30, 6
7, 32, 27
7, 35, 24
7, 38, 6
7, 38, 52
7, 42, 1
7, 44, 12
7, 44, 49
7, 45, 12
7, 46, 5
7, 48, 17
7, 48, 46
7, 50, 32
7, 50, 45
7, 53, 36
7, 54, 57
7, 58, 31
7, 58, 42
7, 60, 21
7, 61, 9
7, 62, 9
7, 66, 25
7, 74, 38
7, 77, 13
7, 77, 48
7, 78, 33
7, 80, 33
7, 81, 4
7, 81, 11
7, 87, 10
7, 88, 11
7, 89, 7
7, 95, 40
7, 98, 17
7, 100, 35
7, 101, 12
7, 101, 32
8, 2, 25
8, 6, 3
8, 17, 23
8, 21, 44
8, 24, 24
8, 25, 41
8, 28, 27
8, 30, 9
8, 33, 10
8, 35, 1
8, 39, 21
8, 39, 34
8, 40, 46
8, 47, 31
8, 48, 18
8, 48, 34
8, 51, 4
8, 54, 3
8, 54, 21
8, 54, 35
8, 55, 28
8, 55, 30
8, 71, 48
8, 72, 30
8, 75, 32
8, 76, 42
8, 80, 44
8, 86, 37
8, 90, 34
8, 91, 41
8, 96, 1
8, 99, 55
8, 100, 23
9, 1, 40
9, 2, 46
9, 3, 35
9, 10, 11
9, 10, 48
9, 17, 26
9, 18, 30
9, 18, 43
9, 19, 15
9, 21, 31
9, 22, 64
9, 24, 18
9, 26, 31
9, 33, 14
9, 39, 14
9, 41, 19
9, 47, 33
9, 48, 42
9, 48, 57
9, 49, 37
9, 51, 39
9, 55, 42
9, 55, 50
9, 56, 48
9, 62, 15
9, 62, 36
9, 62, 39
9, 62, 43
9, 65, 40
9, 65, 51
9, 68, 20
9, 68, 38
9, 70, 48
9, 72, 21
9, 73, 9
9, 75, 14
9, 76, 14
9, 76, 45
9, 78, 17
9, 80, 33
9, 83, 15
9, 83, 32
9, 86, 21
9, 90, 24
9, 92, 31
9, 93, 51
9, 94, 43
9, 95, 8
9, 95, 37
9, 99, 46
9, 100, 35
10, 2, 10
10, 2, 37
10, 7, 4
10, 7, 8
10, 8, 6
10, 8, 18
10, 8, 42
10, 9, 35
10, 9, 61
10, 12, 3
10, 16, 1
10, 19, 12
10, 19, 18
10, 21, 8
10, 21, 22
10, 21, 27
10, 27, 33
10, 28, 26
10, 31, 10
10, 31, 18
10, 32, 22
10, 32, 45
10, 35, 5
10, 37, 25
10, 37, 39
10, 39, 54
10, 40, 38
10, 42, 6
10, 42, 53
10, 43, 28
10, 44, 33
10, 47, 10
10, 47, 52
10, 50, 32
10, 51, 17
10, 54, 28
10, 55, 49
10, 56, 1
10, 57, 33
10, 57, 52
10, 59, 12
10, 63, 37
10, 66, 4
10, 69, 35
10, 74, 6
10, 84, 30
10, 87, 7
10, 88, 31
10, 89, 28
10, 89, 45
10, 95, 22
10, 96, 18
10, 98, 18
10, 98, 42
10, 99, 25
10, 99, 61
10, 100, 10
10, 101, 27
11, 1, 2
11, 1, 38
11, 2, 21
11, 3, 1
11, 3, 33
11, 3, 56
11, 4, 29
11, 6, 7
11, 6, 51
11, 10, 16
11, 10, 46
11, 11, 19
11, 14, 38
11, 25, 11
11, 25, 22
11, 26, 56
11, 28, 24
11, 33, 14
11, 33, 29
11, 34, 8
11, 36, 29
11, 45, 6
11, 47, 5
11, 50, 5
11, 57, 14
11, 60, 18
11, 60, 29
11, 60, 40
11, 61, 30
11, 62, 12
11, 62, 16
11, 68, 49
11, 71, 16
11, 71, 46
11, 73, 7
11, 74, 4
11, 77, 6
11, 80, 35
11, 81, 28
11, 83, 11
11, 83, 33
11, 87, 56
11, 88, 15
11, 90, 23
11, 90, 51
11, 91, 25
11, 92, 40
11, 94, 6
11, 96, 12
11, 96, 19
11, 99, 33
12, 2, 11
12, 5, 8
12, 5, 12
12, 5, 45
12, 5, 57
12, 6, 18
12, 6, 28
12, 7, 3
12, 10, 31
12, 13, 12
12, 17, 22
12, 18, 46
12, 21, 24
12, 22, 4
12, 24, 15
12, 26, 4
12, 29, 2
12, 29, 6
12, 30, 7
12, 32, 25
12, 40, 33
12, 41, 22
12, 43, 15
12, 44, 12
12, 46, 7
12, 49, 25
12, 63, 63
12, 64, 3
12, 64, 59
12, 66, 57
12, 70, 18
12, 71, 3
12, 73, 8
12, 73, 35
12, 76, 29
12, 79, 18
12, 83, 38
12, 85, 2
12, 85, 25
12, 88, 4
12, 88, 46
12, 88, 47
13, 2, 21
13, 3, 23
13, 5, 31
13, 6, 41
13, 7, 59
13, 8, 49
13, 9, 13
13, 16, 32
13, 16, 48
13, 17, 27
13, 18, 31
13, 21, 28
13, 23, 11
13, 23, 20
13, 23, 44
13, 25, 1
13, 26, 54
13, 34, 34
13, 36, 12
13, 37, 11
13, 39, 3
13, 39, 5
13, 39, 20
13, 44, 24
13, 45, 9
13, 51, 1
13, 52, 21
13, 59, 34
13, 61, 4
13, 62, 11
13, 62, 23
13, 62, 29
13, 63, 37
13, 63, 44
13, 66, 32
13, 69, 29
13, 73, 13
13, 79, 7
13, 81, 24
13, 84, 48
13, 85, 1
13, 86, 22
13, 89, 12
13, 89, 23
13, 92, 36
13, 92, 52
13, 95, 44
13, 96, 4
13, 97, 3
13, 101, 28
14, 3, 7
14, 7, 40
14, 11, 8
14, 15, 20
14, 20, 29
14, 22, 9
14, 22, 35
14, 23, 2
14, 23, 5
14, 23, 23
14, 28, 57
14, 29, 28
14, 32, 6
14, 32, 37
14, 40, 31
14, 41, 40
14, 44, 17
14, 46, 1
14, 46, 54
14, 49, 35
14, 51, 8
14, 51, 46
14, 53, 2
14, 54, 13
14, 54, 17
14, 55, 40
14, 58, 22
14, 62, 38
14, 65, 21
14, 68, 11
14, 71, 34
14, 76, 14
14, 77, 35
14, 81, 12
14, 81, 20
14, 82, 35
14, 82, 37
14, 88, 17
14, 89, 3
14, 89, 34
14, 90, 29
14, 95, 15
14, 96, 29
14, 97, 7
14, 97, 13
14, 99, 6
14, 101, 46
15, 2, 34
15, 4, 54
15, 7, 19
15, 8, 35
15, 10, 41
15, 10, 43
15, 12, 36
15, 13, 17
15, 13, 38
15, 17, 15
15, 17, 19
15, 20, 22
15, 21, 22
15, 23, 36
15, 24, 52
15, 25, 30
15, 26, 37
15, 26, 54
15, 29, 48
15, 29, 52
15, 33, 11
15, 36, 49
15, 38, 23
15, 55, 26
15, 58, 21
15, 61, 1
15, 66, 6
15, 70, 32
15, 71, 20
15, 71, 47
15, 77, 17
15, 80, 30
15, 84, 31
15, 92, 22
15, 101, 52
16, 1, 40
16, 8, 2
16, 9, 12
16, 12, 10
16, 14, 49
16, 14, 50
16, 19, 34
16, 21, 3
16, 24, 27
16, 27, 46
16, 28, 36
16, 29, 35
16, 31, 40
16, 32, 35
16, 33, 13
16, 41, 38
16, 42, 41
16, 43, 8
16, 43, 48
16, 47, 36
16, 48, 12
16, 49, 44
16, 50, 18
16, 57, 15
16, 57, 20
16, 58, 28
16, 58, 53
16, 60, 20
16, 64, 52
16, 67, 17
16, 69, 35
16, 70, 41
16, 75, 23
16, 77, 25
16, 77, 47
16, 81, 24
16, 82, 17
16, 83, 34
16, 88, 37
16, 89, 52
16, 90, 15
16, 97, 56
16, 98, 6
16, 98, 46
16, 99, 37
16, 101, 27
17, 4, 7
17, 10, 16
17, 12, 18
17, 14, 6
17, 17, 38
17, 18, 50
17, 21, 45
17, 23, 5
17, 24, 7
17, 25, 34
17, 27, 40
17, 34, 3
17, 34, 17
17, 39, 41
17, 40, 49
17, 42, 2
17, 43, 14
17, 46, 18
17, 50, 2
17, 51, 50
17, 56, 16
17, 57, 12
17, 57, 31
17, 59, 32
17, 64, 6
17, 64, 37
17, 65, 38
17, 73, 20
17, 75, 36
17, 85, 57
17, 86, 3
17, 86, 48
17, 88, 6
17, 91, 16
17, 92, 12
17, 96, 45
17, 98, 34
17, 99, 38
18, 1, 53
18, 4, 26
18, 4, 45
18, 10, 8
18, 10, 27
18, 12, 6
18, 13, 53
18, 15, 15
18, 15, 44
18, 16, 17
18, 16, 35
18, 17, 31
18, 19, 41
18, 24, 16
18, 24, 19
18, 30, 31
18, 31, 10
18, 31, 45
18, 32, 32
18, 37, 44
18, 38, 48
18, 39, 26
18, 41, 5
18, 42, 32
18, 43, 22
18, 45, 43
18, 45, 53
18, 46, 32
18, 48, 20
18, 48, 29
18, 49, 57
18, 51, 13
18, 52, 34
18, 53, 26
18, 54, 16
18, 57, 4
18, 57, 19
18, 59, 34
18, 62, 35
18, 63, 18
18, 63, 37
18, 67, 20
18, 67, 32
18, 67, 47
18, 68, 55
18, 69, 11
18, 70, 22
18, 72, 50
18, 76, 53
18, 78, 20
18, 79, 23
18, 80, 1
18, 82, 33
18, 84, 17
18, 84, 34
18, 89, 52
18, 90, 34
18, 92, 2
18, 92, 19
18, 93, 15
18, 95, 27
18, 98, 6
18, 98, 21
18, 98, 32
18, 100, 50
19, 2, 4
19, 5, 3
19, 5, 27
19, 6, 23
19, 20, 39
19, 21, 36
19, 21, 46
19, 26, 6
19, 26, 10
19, 30, 4
19, 30, 48
19, 32, 5
19, 32, 21
19, 36, 7
19, 36, 39
19, 38, 23
19, 42, 22
19, 42, 26
19, 49, 16
19, 52, 23
19, 58, 15
19, 63, 46
19, 64, 6
19, 73, 52
19, 75, 56
19, 77, 13
19, 80, 5
19, 81, 3
19, 81, 46
19, 84, 22
19, 86, 39
19, 88, 10
19, 90, 36
19, 91, 29
19, 95, 44
19, 98, 37
20, 1, 46
20, 2, 29
20, 2, 51
20, 3, 40
20, 6, 22
20, 15, 52
20, 16, 12
20, 17, 36
20, 20, 14
20, 22, 36
20, 23, 22
20, 25, 2
20, 27, 45
20, 29, 21
20, 29, 55
20, 34, 16
20, 34, 24
20, 36, 27
20, 36, 48
20, 44, 22
20, 44, 56
20, 45, 36
20, 47, 12
20, 47, 44
20, 49, 32
20, 50, 48
20, 54, 44
20, 55, 36
20, 55, 40
20, 55, 46
20, 56, 38
20, 58, 45
20, 58, 62
20, 59, 29
20, 61, 33
20, 65, 30
20, 65, 44
20, 68, 21
20, 74, 32
20, 78, 31
20, 79, 33
20, 79, 45
20, 81, 17
20, 83, 29
20, 83, 41
20, 83, 46
20, 85, 45
20, 86, 36
20, 89, 31
20, 90, 24
20, 91, 3
20, 91, 25
20, 93, 56
20, 94, 14
20, 96, 25
20, 97, 18
20, 98, 54
21, 3, 13
21, 3, 17
21, 3, 51
21, 6, 19
21, 8, 8
21, 11, 43
21, 14, 40
21, 15, 32
21, 27, 6
21, 28, 13
21, 28, 41
21, 30, 49
21, 31, 41
21, 33, 35
21, 43, 19
21, 44, 3
21, 44, 45
21, 46, 22
21, 46, 45
21, 48, 41
21, 53, 20
21, 53, 28
21, 55, 47
21, 57, 43
21, 64, 9
21, 67, 5
21, 70, 35
21, 73, 27
21, 77, 16
21, 78, 9
21, 78, 28
21, 80, 36
21, 82, 44
21, 83, 15
21, 83, 18
21, 85, 6
21, 87, 6
21, 88, 18
21, 90, 19
21, 93, 13
21, 95, 21
21, 95, 51
21, 96, 24
21, 99, 47
22, 4, 17
22, 8, 10
22, 8, 44
22, 9, 15
22, 9, 37
22, 10, 2
22, 11, 21
22, 11, 42
22, 13, 12
22, 17, 58
22, 20, 8
22, 30, 17
22, 30, 26
22, 32, 44
22, 34, 17
22, 36, 7
22, 37, 58
22, 46, 62
22, 48, 11
22, 48, 25
22, 49, 14
22, 50, 8
22, 50, 41
22, 57, 8
22, 58, 10
22, 58, 21
22, 60, 23
22, 60, 26
22, 64, 2
22, 67, 33
22, 68, 18
22, 69, 14
22, 72, 48
22, 81, 15
22, 81, 43
22, 83, 3
22, 86, 42
22, 87, 63
22, 88, 38
22, 90, 37
22, 99, 7
22, 99, 20
23, 3, 20
23, 5, 57
23, 8, 18
23, 11, 34
23, 14, 5
23, 14, 49
23, 17, 31
23, 18, 27
23, 22, 28
23, 23, 51
23, 24, 6
23, 28, 10
23, 39, 40
23, 41, 13
23, 41, 30
23, 42, 29
23, 44, 34
23, 46, 51
23, 48, 8
23, 48, 12
23, 49, 39
23, 52, 2
23, 56, 32
23, 58, 5
23, 60, 51
23, 63, 25
23, 64, 37
23, 65, 20
23, 66, 41
23, 72, 28
23, 73, 14
23, 73, 17
23, 73, 51
23, 73, 59
23, 75, 36
23, 76, 5
23, 76, 46
23, 76, 49
23, 80, 29
23, 83, 10
23, 86, 16
23, 88, 2
23, 88, 62
23, 90, 7
23, 92, 18
23, 94, 27
23, 99, 6
23, 99, 34
23, 100, 21
23, 101, 12
24, 4, 44
24, 7, 6
24, 11, 24
24, 12, 49
24, 20, 52
24, 21, 43
24, 22, 45
24, 25, 36
24, 27, 11
24, 35, 3
24, 37, 29
24, 40, 17
24, 42, 15
24, 44, 6
24, 45, 49
24, 48, 29
24, 48, 51
24, 50, 8
24, 51, 29
24, 51, 51
24, 54, 1
24, 54, 12
24, 55, 16
24, 55, 26
24, 55, 41
24, 57, 45
24, 57, 51
24, 58, 34
24, 61, 5
24, 65, 15
24, 67, 20
24, 67, 49
24, 75, 43
24, 76, 16
24, 76, 23
24, 80, 13
24, 83, 40
24, 84, 19
24, 85, 9
24, 85, 52
24, 88, 48
24, 89, 1
24, 89, 13
24, 92, 4
24, 94, 34
24, 95, 42
24, 99, 17
24, 99, 31
24, 100, 37
25, 12, 4
25, 18, 31
25, 20, 27
25, 21, 47
25, 23, 9
25, 27, 1
25, 30, 27
25, 30, 44
25, 37, 12
25, 41, 14
25, 41, 49
25, 43, 30
25, 45, 24
25, 51, 52
25, 52, 27
25, 54, 39
25, 56, 20
25, 60, 1
25, 68, 9
25, 70, 7
25, 72, 37
25, 77, 37
25, 81, 28
25, 85, 54
25, 91, 47
25, 97, 20
25, 98, 24
25, 98, 27
25, 99, 38
25, 100, 32
25, 100, 52
26, 2, 12
26, 3, 3
26, 3, 30
26, 5, 14
26, 12, 41
26, 18, 57
26, 20, 3
26, 20, 40
26, 23, 36
26, 24, 31
26, 26, 41
26, 32, 13
26, 32, 46
26, 33, 30
26, 35, 10
26, 35, 25
26, 36, 14
26, 38, 17
26, 38, 26
26, 38, 48
26, 40, 45
26, 45, 18
26, 45, 39
26, 53, 13
26, 54, 6
26, 62, 32
26, 62, 48
26, 63, 4
26, 63, 16
26, 64, 13
26, 64, 15
26, 65, 23
26, 65, 36
26, 66, 31
26, 67, 14
26, 67, 39
26, 72, 9
26, 76, 40
26, 78, 14
26, 82, 3
26, 82, 38
26, 83, 30
26, 83, 41
26, 85, 13
26, 85, 26
26, 86, 5
26, 87, 25
26, 91, 4
26, 99, 7
26, 99, 45
27, 1, 7
27, 3, 28
27, 6, 27
27, 9, 1
27, 10, 36
27, 12, 14
27, 14, 27
27, 17, 25
27, 18, 7
27, 18, 44
27, 19, 13
27, 21, 9
27, 21, 37
27, 22, 14
27, 27, 4
27, 27, 20
27, 27, 23
27, 32, 34
27, 33, 9
27, 33, 15
27, 37, 4
27, 37, 40
27, 38, 3
27, 41, 23
27, 42, 42
27, 45, 12
27, 46, 41
27, 47, 21
27, 48, 49
27, 50, 13
27, 51, 36
27, 52, 44
27, 52, 47
27, 54, 27
27, 55, 17
27, 58, 36
27, 60, 1
27, 65, 33
27, 67, 23
27, 68, 48
27, 71, 23
27, 72, 18
27, 73, 7
27, 77, 14
27, 80, 8
27, 85, 56
27, 89, 26
27, 91, 20
27, 91, 32
27, 91, 41
27, 93, 1
27, 93, 26
27, 94, 42
27, 98, 48
27, 99, 33
27, 99, 42
28, 1, 1
28, 7, 4
28, 7, 35
28, 8, 30
28, 8, 51
28, 10, 58
28, 15, 50
28, 18, 34
28, 20, 38
28, 22, 6
28, 22, 52
28, 23, 41
28, 24, 30
28, 25, 34
28, 27, 36
28, 29, 7
28, 29, 13
28, 29, 22
28, 30, 25
28, 32, 9
28, 32, 29
28, 39, 11
28, 46, 35
28, 49, 36
28, 55, 37
28, 56, 52
28, 57, 32
28, 58, 49
28, 60, 57
28, 70, 27
28, 74, 4
28, 77, 51
28, 79, 44
28, 82, 28
28, 83, 29
28, 83, 38
28, 83, 50
28, 84, 23
28, 89, 26
28, 93, 6
28, 94, 43
28, 96, 22
28, 96, 27
28, 96, 41
28, 97, 58
29, 1, 31
29, 13, 24
29, 15, 23
29, 16, 43
29, 22, 13
29, 24, 34
29, 27, 5
29, 27, 21
29, 27, 28
29, 28, 32
29, 29, 4
29, 36, 31
29, 37, 27
29, 43, 36
29, 46, 32
29, 48, 27
29, 51, 10
29, 53, 46
29, 57, 3
29, 57, 48
29, 60, 13
29, 61, 8
29, 62, 32
29, 63, 10
29, 63, 32
29, 64, 34
29, 65, 43
29, 66, 57
29, 67, 23
29, 71, 61
29, 73, 39
29, 77, 21
29, 78, 56
29, 83, 37
29, 84, 5
29, 87, 27
29, 88, 9
29, 89, 21
29, 95, 24
29, 97, 56
29, 100, 17
30, 1, 26
30, 1, 69
30, 5, 7
30, 5, 23
30, 6, 29
30, 12, 1
30, 12, 37
30, 15, 23
30, 20, 4
30, 20, 28
30, 23, 14
30, 29, 21
30, 29, 28
30, 32, 26
30, 34, 3
30, 39, 27
30, 41, 27
30, 43, 35
30, 45, 14
30, 46, 2
30, 46, 45
30, 57, 12
30, 60, 21
30, 73, 46
30, 75, 27
30, 77, 14
30, 79, 37
30, 80, 29
30, 80, 49
30, 81, 54
30, 84, 23
30, 84, 42
30, 85, 16
30, 86, 43
30, 91, 7
30, 95, 27
30, 97, 17
30, 100, 14
31, 4, 20
31, 5, 33
31, 6, 37
31, 7, 44
31, 8, 5
31, 10, 3
31, 10, 26
31, 11, 42
31, 17, 21
31, 17, 41
31, 19, 29
31, 20, 13
31, 22, 38
31, 25, 15
31, 25, 40
31, 33, 10
31, 34, 15
31, 35, 6
31, 40, 34
31, 41, 51
31, 44, 17
31, 44, 24
31, 48, 38
31, 49, 24
31, 52, 30
31, 52, 44
31, 53, 7
31, 53, 42
31, 58, 3
31, 59, 9
31, 62, 31
31, 69, 1
31, 69, 41
31, 70, 9
31, 72, 40
31, 72, 49
31, 73, 29
31, 74, 5
31, 75, 43
31, 76, 25
31, 77, 10
31, 77, 40
31, 83, 6
31, 83, 42
31, 85, 46
31, 86, 3
31, 86, 44
31, 87, 32
31, 89, 7
31, 89, 54
31, 90, 28
31, 91, 5
31, 95, 5
31, 96, 27
31, 98, 3
31, 98, 15
31, 98, 57
32, 2, 39
32, 3, 54
32, 5, 11
32, 6, 2
32, 15, 13
32, 19, 31
32, 19, 34
32, 21, 48
32, 22, 2
32, 24, 50
32, 25, 53
32, 26, 17
32, 32, 8
32, 32, 51
32, 34, 54
32, 40, 37
32, 45, 2
32, 47, 10
32, 47, 26
32, 51, 7
32, 51, 20
32, 59, 22
32, 60, 1
32, 61, 44
32, 61, 52
32, 63, 38
32, 66, 16
32, 66, 54
32, 68, 9
32, 68, 33
32, 72, 2
32, 74, 16
32, 76, 30
32, 78, 27
32, 79, 31
32, 82, 51
32, 83, 27
32, 83, 46
32, 83, 52
32, 83, 54
32, 84, 27
32, 84, 50
32, 85, 5
32, 88, 13
32, 89, 17
32, 90, 39
32, 92, 11
32, 96, 48
32, 97, 17
32, 99, 48
33, 1, 40
33, 6, 10
33, 6, 16
33, 7, 27
33, 9, 37
33, 10, 22
33, 13, 12
33, 14, 40
33, 15, 8
33, 15, 49
33, 17, 26
33, 20, 54
33, 23, 43
33, 27, 40
33, 27, 44
33, 28, 2
33, 31, 32
33, 33, 41
33, 34, 46
33, 40, 12
33, 40, 50
33, 41, 6
33, 41, 16
33, 42, 22
33, 43, 45
33, 43, 54
33, 44, 27
33, 49, 40
33, 53, 12
33, 53, 26
33, 56, 16
33, 57, 23
33, 59, 45
33, 60, 38
33, 61, 5
33, 61, 10
33, 72, 1
33, 86, 29
33, 88, 12
33, 89, 26
33, 95, 26
33, 96, 4
33, 97, 42
33, 99, 8
33, 100, 21
34, 4, 44
34, 5, 41
34, 8, 8
34, 8, 57
34, 9, 13
34, 9, 46
34, 10, 34
34, 12, 19
34, 14, 12
34, 14, 20
34, 15, 2
34, 17, 16
34, 18, 28
34, 19, 42
34, 21, 54
34, 33, 26
34, 34, 4
34, 34, 20
34, 35, 4
34, 35, 35
34, 35, 59
34, 36, 33
34, 39, 36
34, 42, 20
34, 48, 10
34, 51, 8
34, 51, 35
34, 52, 23
34, 56, 1
34, 56, 49
34, 56, 51
34, 59, 46
34, 61, 27
34, 63, 32
34, 66, 46
34, 68, 17
34, 71, 41
34, 73, 4
34, 74, 12
34, 75, 8
34, 78, 35
34, 79, 5
34, 85, 18
34, 85, 30
34, 88, 13
34, 90, 17
34, 93, 17
34, 94, 5
34, 94, 10
34, 94, 41
34, 96, 30
34, 97, 10
35, 2, 46
35, 4, 21
35, 6, 52
35, 7, 32
35, 7, 41
35, 12, 33
35, 16, 49
35, 18, 4
35, 18, 10
35, 20, 35
35, 22, 2
35, 35, 35
35, 37, 10
35, 39, 33
35, 47, 38
35, 47, 43
35, 49, 1
35, 49, 17
35, 49, 27
35, 51, 10
35, 56, 27
35, 60, 25
35, 60, 46
35, 61, 32
35, 62, 5
35, 65, 44
35, 67, 52
35, 80, 4
35, 82, 41
35, 89, 25
35, 91, 15
35, 91, 37
35, 93, 33
35, 97, 17
35, 97, 38
35, 100, 49
36, 4, 25
36, 4, 54
36, 6, 1
36, 6, 27
36, 10, 17
36, 11, 39
36, 18, 18
36, 19, 44
36, 20, 23
36, 27, 20
36, 28, 14
36, 29, 38
36, 29, 44
36, 30, 7
36, 30, 19
36, 30, 28
36, 31, 25
36, 31, 50
36, 34, 15
36, 36, 6
36, 36, 21
36, 38, 44
36, 39, 6
36, 44, 2
36, 44, 61
36, 45, 27
36, 46, 12
36, 48, 6
36, 53, 18
36, 57, 42
36, 59, 35
36, 60, 8
36, 60, 15
36, 63, 32
36, 64, 1
36, 64, 27
36, 66, 9
36, 66, 55
36, 72, 32
36, 75, 25
36, 76, 2
36, 76, 51
36, 81, 27
36, 82, 19
36, 90, 39
36, 93, 19
36, 94, 3
36, 96, 51
36, 97, 35
36, 97, 44
36, 98, 19
36, 98, 20
36, 99, 15
36, 99, 18
36, 99, 24
37, 4, 55
37, 14, 13
37, 17, 22
37, 17, 26
37, 19, 21
37, 20, 42
37, 25, 3
37, 26, 7
37, 26, 13
37, 26, 22
37, 28, 3
37, 28, 49
37, 35, 17
37, 35, 46
37, 36, 38
37, 36, 51
37, 36, 53
37, 40, 1
37, 44, 23
37, 45, 16
37, 45, 29
37, 47, 24
37, 48, 7
37, 48, 50
37, 53, 13
37, 54, 28
37, 55, 23
37, 56, 35
37, 62, 26
37, 64, 27
37, 66, 34
37, 72, 42
37, 73, 57
37, 78, 2
37, 81, 42
37, 82, 55
37, 83, 5
37, 88, 38
37, 89, 51
37, 96, 1
37, 99, 11
37, 100, 31
38, 1, 10
38, 1, 21
38, 4, 57
38, 6, 13
38, 6, 52
38, 11, 18
38, 12, 42
38, 12, 45
38, 24, 30
38, 25, 53
38, 30, 38
38, 31, 38
38, 31, 48
38, 39, 47
38, 43, 52
38, 46, 21
38, 47, 8
38, 51, 17
38, 56, 57
38, 60, 36
38, 60, 54
38, 66, 27
38, 66, 41
38, 71, 7
38, 71, 30
38, 71, 45
38, 73, 3
38, 79, 53
38, 85, 10
38, 89, 25
38, 93, 21
38, 95, 36
38, 95, 48
38, 101, 49
39, 4, 1
39, 4, 52
39, 6, 2
39, 6, 49
39, 7, 19
39, 11, 34
39, 11, 44
39, 12, 31
39, 16, 7
39, 22, 34
39, 27, 8
39, 28, 40
39, 29, 29
39, 33, 25
39, 34, 16
39, 34, 44
39, 35, 8
39, 36, 5
39, 37, 27
39, 38, 31
39, 39, 20
39, 43, 23
39, 43, 34
39, 50, 24
39, 51, 15
39, 52, 49
39, 54, 1
39, 54, 16
39, 55, 18
39, 55, 36
39, 58, 19
39, 59, 13
39, 61, 22
39, 68, 11
39, 71, 28
39, 72, 19
39, 73, 7
39, 78, 17
39, 79, 11
39, 79, 37
39, 80, 15
39, 80, 31
39, 82, 52
39, 84, 46
39, 85, 16
39, 85, 38
39, 86, 24
39, 86, 41
39, 87, 6
39, 92, 9
39, 92, 25
39, 94, 10
39, 94, 27
39, 96, 8
39, 96, 16
39, 96, 29
39, 96, 50
39, 98, 2
39, 98, 61
39, 100, 13
39, 100, 51
40, 1, 1
40, 1, 16
40, 2, 51
40, 3, 26
40, 6, 10
40, 6, 15
40, 13, 12
40, 14, 10
40, 14, 40
40, 15, 3
40, 15, 14
40, 15, 57
40, 22, 37
40, 22, 39
40, 28, 24
40, 29, 30
40, 29, 44
40, 33, 46
40, 39, 18
40, 44, 13
40, 49, 26
40, 52, 54
40, 53, 7
40, 56, 45
40, 63, 45
40, 66, 11
40, 69, 20
40, 70, 30
40, 71, 59
40, 72, 3
40, 72, 53
40, 75, 19
40, 76, 31
40, 77, 39
40, 77, 62
40, 81, 10
40, 83, 9
40, 84, 5
40, 87, 21
40, 87, 44
40, 89, 8
40, 89, 37
40, 93, 26
40, 95, 45
40, 98, 16
40, 98, 23
40, 100, 32
41, 5, 29
41, 8, 43
41, 9, 11
41, 12, 11
41, 13, 14
41, 22, 60
41, 23, 4
41, 23, 27
41, 23, 58
41, 25, 27
41, 27, 26
41, 37, 39
41, 49, 10
41, 49, 65
41, 54, 2
41, 54, 14
41, 56, 17
41, 56, 40
41, 60, 36
41, 60, 56
41, 62, 18
41, 66, 37
41, 68, 43
41, 69, 60
41, 71, 4
41, 75, 27
41, 78, 9
41, 80, 5
41, 87, 2
41, 87, 40
41, 92, 6
41, 96, 37
41, 97, 45
41, 99, 6
42, 4, 9
42, 4, 25
42, 4, 53
42, 8, 41
42, 10, 30
42, 14, 24
42, 14, 33
42, 29, 28
42, 29, 42
42, 30, 13
42, 30, 15
42, 34, 46
42, 37, 37
42, 38, 51
42, 40, 19
42, 43, 41
42, 45, 18
42, 46, 7
42, 50, 51
42, 53, 62
42, 54, 42
42, 55, 32
42, 58, 22
42, 68, 44
42, 71, 30
42, 72, 25
42, 74, 19
42, 75, 47
42, 76, 25
42, 79, 2
42, 82, 18
42, 82, 30
42, 86, 33
42, 87, 47
42, 91, 13
42, 91, 30
42, 92, 9
42, 92, 13
42, 95, 53
42, 99, 32
42, 101, 19
43, 1, 38
43, 2, 10
43, 3, 12
43, 6, 12
43, 6, 48
43, 6, 55
43, 9, 33
43, 9, 36
43, 10, 19
43, 10, 43
43, 12, 23
43, 14, 22
43, 14, 42
43, 15, 6
43, 18, 1
43, 18, 32
43, 19, 14
43, 19, 54
43, 22, 3
43, 22, 41
43, 25, 29
43, 32, 10
43, 32, 27
43, 33, 1
43, 36, 19
43, 37, 10
43, 37, 28
43, 38, 27
43, 43, 20
43, 43, 48
43, 44, 1
43, 45, 3
43, 47, 23
43, 50, 48
43, 56, 4
43, 59, 2
43, 59, 38
43, 60, 23
43, 62, 10
43, 62, 32
43, 63, 27
43, 65, 28
43, 66, 55
43, 67, 4
43, 68, 34
43, 74, 12
43, 75, 21
43, 77, 22
43, 81, 4
43, 82, 29
43, 85, 6
43, 85, 19
43, 86, 14
43, 88, 36
43, 89, 33
43, 92, 3
43, 92, 25
43, 93, 48
43, 97, 27
43, 101, 42
44, 3, 46
44, 5, 21
44, 6, 18
44, 7, 9
44, 9, 48
44, 10, 31
44, 12, 52
44, 13, 18
44, 18, 19
44, 21, 42
44, 33, 22
44, 34, 11
44, 34, 57
44, 36, 16
44, 39, 26
44, 42, 24
44, 46, 13
44, 46, 29
44, 49, 29
44, 56, 46
44, 57, 33
44, 58, 3
44, 58, 23
44, 58, 48
44, 59, 24
44, 60, 21
44, 62, 16
44, 64, 9
44, 69, 10
44, 73, 3
44, 74, 18
44, 75, 42
44, 76, 35
44, 77, 29
44, 78, 8
44, 88, 19
44, 92, 46
44, 93, 34
44, 94, 22
44, 94, 35
44, 97, 24
44, 100, 10
45, 2, 13
45, 8, 32
45, 9, 47
45, 13, 30
45, 18, 14
45, 19, 25
45, 21, 37
45, 22, 46
45, 23, 29
45, 24, 23
45, 25, 44
45, 25, 58
45, 27, 52
45, 30, 39
45, 35, 39
45, 35, 50
45, 37, 6
45, 38, 12
45, 40, 41
45, 41, 4
45, 42, 22
45, 44, 55
45, 47, 48
45, 51, 2
45, 51, 45
45, 52, 24
45, 54, 15
45, 57, 15
45, 57, 37
45, 59, 37
45, 63, 31
45, 66, 23
45, 71, 41
45, 73, 52
45, 74, 9
45, 75, 29
45, 77, 50
45, 78, 44
45, 80, 30
45, 81, 37
45, 82, 25
45, 83, 49
45, 87, 29
45, 91, 41
45, 92, 47
45, 97, 31
45, 99, 44
45, 99, 47
46, 4, 43
46, 10, 35
46, 11, 15
46, 12, 47
46, 18, 34
46, 19, 32
46, 20, 39
46, 23, 12
46, 23, 13
46, 23, 15
46, 24, 1
46, 25, 40
46, 25, 59
46, 27, 23
46, 28, 4
46, 29, 2
46, 29, 22
46, 29, 36
46, 32, 42
46, 37, 10
46, 37, 48
46, 44, 44
46, 47, 11
46, 50, 11
46, 52, 47
46, 52, 56
46, 59, 23
46, 59, 35
46, 64, 45
46, 68, 40
46, 69, 41
46, 71, 12
46, 73, 43
46, 75, 13
46, 80, 13
46, 82, 4
46, 84, 59
46, 88, 50
46, 91, 11
46, 92, 32
46, 96, 26
46, 97, 36
46, 98, 2
46, 100, 20
46, 101, 15
47, 1, 46
47, 1, 54
47, 3, 7
47, 3, 23
47, 5, 7
47, 5, 52
47, 11, 31
47, 13, 14
47, 13, 37
47, 14, 29
47, 14, 35
47, 15, 11
47, 18, 3
47, 18, 20
47, 19, 34
47, 25, 12
47, 25, 19
47, 30, 16
47, 31, 46
47, 35, 51
47, 46, 23
47, 48, 22
47, 53, 18
47, 54, 31
47, 55, 20
47, 64, 11
47, 72, 51
47, 77, 51
47, 84, 37
47, 84, 46
47, 90, 34
47, 96, 55
47, 97, 54
47, 99, 16
47, 99, 45
48, 4, 42
48, 6, 33
48, 11, 5
48, 11, 8
48, 14, 44
48, 17, 17
48, 18, 19
48, 20, 42
48, 23, 51
48, 24, 51
48, 25, 30
48, 28, 29
48, 29, 39
48, 29, 50
48, 30, 12
48, 31, 22
48, 33, 36
48, 36, 3
48, 36, 33
48, 39, 8
48, 43, 33
48, 44, 32
48, 46, 29
48, 46, 36
48, 46, 45
48, 46, 47
48, 48, 18
48, 49, 4
48, 54, 25
48, 56, 1
48, 59, 3
48, 59, 23
48, 60, 14
48, 62, 29
48, 64, 2
48, 66, 22
48, 66, 48
48, 71, 33
48, 73, 5
48, 75, 4
48, 75, 38
48, 75, 40
48, 77, 39
48, 82, 12
48, 82, 17
48, 86, 16
48, 86, 24
48, 86, 42
48, 89, 19
48, 92, 29
48, 92, 40
48, 92, 51
48, 94, 3
48, 100, 46
48, 101, 62
49, 3, 10
49, 4, 13
49, 6, 13
49, 7, 56
49, 11, 42
49, 12, 41
49, 16, 11
49, 16, 45
49, 16, 46
49, 18, 48
49, 20, 13
49, 25, 51
49, 26, 15
49, 28, 6
49, 32, 3
49, 41, 30
49, 41, 56
49, 46, 17
49, 48, 27
49, 51, 8
49, 51, 43
49, 53, 28
49, 54, 26
49, 58, 39
49, 63, 35
49, 68, 30
49, 70, 51
49, 78, 6
49, 81, 35
49, 86, 15
49, 87, 37
49, 87, 51
49, 96, 28
49, 96, 31
49, 100, 41
49, 101, 15
50, 1, 35
50, 2, 13
50, 4, 4
50, 5, 45
50, 6, 25
50, 6, 52
50, 8, 18
50, 8, 26
50, 10, 6
50, 10, 31
50, 10, 33
50, 12, 2
50, 12, 16
50, 12, 27
50, 19, 50
50, 25, 34
50, 28, 42
50, 31, 16
50, 31, 36
50, 35, 25
50, 40, 6
50, 40, 47
50, 45, 18
50, 45, 36
50, 48, 8
50, 49, 15
50, 53, 39
50, 54, 3
50, 60, 42
50, 61, 36
50, 62, 6
50, 63, 5
50, 63, 15
50, 64, 13
50, 66, 35
50, 69, 55
50, 71, 10
50, 77, 26
50, 81, 50
50, 88, 33
50, 89, 15
50, 90, 2
50, 96, 42
50, 101, 38
51, 3, 3
51, 3, 5
51, 3, 15
51, 3, 39
51, 7, 42
51, 7, 58
51, 10, 3
51, 12, 10
51, 14, 1
51, 15, 51
51, 18, 39
51, 20, 23
51, 25, 40
51, 25, 50
51, 27, 33
51, 29, 4
51, 29, 12
51, 37, 13
51, 39, 41
51, 41, 8
51, 41, 23
51, 44, 38
51, 45, 9
51, 47, 57
51, 50, 7
51, 50, 15
51, 54, 10
51, 56, 15
51, 58, 10
51, 60, 16
51, 67, 40
51, 69, 17
51, 69, 49
51, 71, 5
51, 71, 50
51, 72, 42
51, 73, 58
51, 74, 31
51, 75, 10
51, 77, 8
51, 77, 51
51, 83, 35
51, 88, 8
51, 88, 58
51, 89, 44
51, 91, 12
51, 91, 53
51, 92, 45
51, 93, 16
51, 94, 23
51, 94, 26
51, 101, 13
52, 2, 37
52, 3, 40
52, 9, 46
52, 12, 10
52, 15, 5
52, 18, 17
52, 18, 33
52, 20, 6
52, 20, 43
52, 24, 9
52, 25, 16
52, 31, 46
52, 33, 29
52, 34, 35
52, 37, 39
52, 38, 15
52, 44, 54
52, 50, 32
52, 60, 53
52, 65, 27
52, 67, 46
52, 81, 37
52, 82, 15
52, 83, 6
52, 84, 19
52, 84, 43
52, 97, 9
53, 1, 19
53, 2, 33
53, 3, 22
53, 3, 37
53, 6, 36
53, 9, 12
53, 23, 15
53, 24, 27
53, 26, 6
53, 30, 23
53, 31, 10
53, 31, 34
53, 35, 1
53, 35, 36
53, 38, 13
53, 38, 18
53, 38, 56
53, 41, 37
53, 49, 29
53, 51, 47
53, 52, 54
53, 55, 42
53, 56, 20
53, 57, 26
53, 57, 34
53, 61, 43
53, 63, 12
53, 63, 15
53, 76, 18
53, 76, 51
53, 78, 28
53, 79, 6
53, 79, 54
53, 81, 15
53, 87, 1
53, 88, 42
53, 90, 23
53, 92, 19
53, 94, 52
53, 97, 14
53, 100, 12
54, 1, 8
54, 2, 20
54, 3, 19
54, 8, 54
54, 13, 30
54, 21, 3
54, 21, 22
54, 21, 46
54, 22, 2
54, 23, 34
54, 25, 10
54, 27, 12
54, 27, 54
54, 28, 18
54, 29, 28
54, 29, 29
54, 46, 6
54, 46, 36
54, 49, 25
54, 49, 58
54, 51, 41
54, 51, 43
54, 55, 27
54, 57, 40
54, 64, 21
54, 65, 45
54, 75, 20
54, 77, 41
54, 79, 37
54, 82, 20
54, 83, 12
54, 85, 30
54, 88, 11
54, 88, 43
54, 89, 44
54, 90, 10
54, 94, 46
54, 96, 46
54, 98, 6
55, 5, 48
55, 8, 30
55, 13, 11
55, 16, 4
55, 17, 16
55, 17, 46
55, 17, 62
55, 22, 13
55, 23, 33
55, 26, 5
55, 27, 3
55, 32, 22
55, 33, 1
55, 34, 34
55, 38, 32
55, 40, 11
55, 47, 1
55, 47, 19
55, 49, 9
55, 49, 48
55, 52, 35
55, 54, 43
55, 56, 19
55, 62, 29
55, 65, 16
55, 74, 2
55, 75, 26
55, 75, 34
55, 77, 5
55, 77, 57
55, 81, 48
55, 85, 58
55, 87, 36
55, 87, 48
55, 88, 5
55, 90, 36
55, 92, 38
55, 92, 52
55, 93, 28
55, 95, 22
55, 96, 27
55, 97, 11
55, 98, 1
56, 1, 56
56, 2, 32
56, 3, 11
56, 6, 25
56, 6, 35
56, 7, 44
56, 8, 27
56, 8, 51
56, 9, 45
56, 14, 27
56, 15, 14
56, 20, 24
56, 21, 38
56, 21, 61
56, 24, 24
56, 29, 38
56, 30, 35
56, 32, 18
56, 32, 28
56, 34, 42
56, 35, 12
56, 35, 44
56, 37, 49
56, 39, 9
56, 43, 44
56, 43, 49
56, 44, 4
56, 44, 25
56, 45, 7
56, 45, 33
56, 46, 25
56, 48, 38
56, 49, 63
56, 54, 41
56, 56, 59
56, 60, 52
56, 62, 11
56, 62, 38
56, 62, 48
56, 64, 2
56, 65, 33
56, 65, 43
56, 65, 48
56, 66, 25
56, 74, 11
56, 75, 33
56, 77, 47
56, 79, 52
56, 80, 36
56, 82, 32
56, 84, 27
56, 86, 41
56, 87, 2
56, 88, 23
56, 91, 32
57, 4, 28
57, 6, 8
57, 9, 17
57, 12, 3
57, 12, 52
57, 14, 33
57, 14, 44
57, 18, 33
57, 20, 8
57, 28, 43
57, 30, 25
57, 33, 10
57, 36, 11
57, 39, 26
57, 39, 39
57, 40, 50
57, 43, 36
57, 46, 35
57, 47, 9
57, 47, 14
57, 51, 14
57, 57, 31
57, 57, 54
57, 60, 35
57, 65, 52
57, 68, 14
57, 70, 49
57, 72, 56
57, 77, 6
57, 78, 8
57, 78, 33
57, 78, 43
57, 80, 17
57, 83, 31
57, 84, 25
57, 85, 44
57, 86, 39
57, 87, 6
57, 87, 54
57, 88, 26
57, 91, 32
57, 91, 36
57, 96, 26
57, 99, 3
58, 1, 42
58, 9, 30
58, 10, 55
58, 11, 50
58, 12, 46
58, 14, 15
58, 15, 56
58, 16, 8
58, 17, 12
58, 22, 32
58, 24, 8
58, 24, 44
58, 32, 6
58, 32, 45
58, 35, 21
58, 36, 34
58, 38, 15
58, 42, 27
58, 44, 9
58, 44, 31
58, 45, 54
58, 49, 26
58, 52, 30
58, 55, 27
58, 57, 8
58, 57, 9
58, 58, 56
58, 62, 20
58, 63, 42
58, 68, 34
58, 68, 46
58, 71, 12
58, 71, 23
58, 71, 44
58, 76, 6
58, 76, 55
58, 77, 35
58, 77, 46
58, 80, 22
58, 86, 15
58, 95, 20
58, 99, 6
58, 100, 22
58, 101, 50
59, 6, 4
59, 6, 22
59, 7, 23
59, 9, 12
59, 10, 47
59, 11, 25
59, 12, 31
59, 12, 42
59, 12, 53
59, 13, 32
59, 17, 22
59, 18, 1
59, 18, 25
59, 18, 30
59, 18, 51
59, 20, 5
59, 22, 20
59, 31, 44
59, 32, 26
59, 32, 51
59, 37, 30
59, 40, 1
59, 40, 24
59, 41, 22
59, 41, 32
59, 42, 4
59, 43, 47
59, 44, 51
59, 47, 43
59, 52, 8
59, 54, 21
59, 56, 17
59, 57, 2
59, 57, 4
59, 57, 5
59, 57, 44
59, 58, 36
59, 64, 26
59, 69, 35
59, 71, 58
59, 75, 48
59, 77, 22
59, 77, 23
59, 77, 40
59, 80, 26
59, 84, 17
59, 87, 12
59, 87, 37
59, 89, 3
59, 90, 5
59, 90, 9
59, 90, 19
59, 90, 46
59, 92, 8
59, 92, 22
59, 93, 4
59, 93, 32
59, 93, 39
59, 94, 16
59, 96, 42
59, 98, 43
59, 100, 26
60, 3, 23
60, 6, 23
60, 6, 24
60, 10, 27
60, 13, 40
60, 17, 36
60, 19, 24
60, 19, 27
60, 22, 44
60, 22, 50
60, 29, 38
60, 32, 2
60, 35, 1
60, 38, 8
60, 38, 50
60, 43, 7
60, 46, 23
60, 46, 57
60, 47, 13
60, 47, 14
60, 52, 22
60, 54, 30
60, 58, 46
60, 65, 4
60, 65, 53
60, 66, 7
60, 66, 65
60, 68, 27
60, 71, 5
60, 83, 24
60, 83, 50
60, 85, 36
60, 92, 40
60, 97, 40
60, 101, 14
60, 101, 46
61, 6, 4
61, 6, 40
61, 8, 2
61, 8, 28
61, 9, 1
61, 12, 11
61, 16, 38
61, 23, 11
61, 23, 12
61, 23, 43
61, 29, 9
61, 31, 39
61, 32, 21
61, 34, 8
61, 34, 17
61, 34, 52
61, 35, 16
61, 35, 23
61, 36, 40
61, 37, 3
61, 37, 18
61, 38, 45
61, 39, 19
61, 40, 52
61, 44, 12
61, 44, 43
61, 44, 51
61, 45, 9
61, 48, 24
61, 49, 24
61, 50, 12
61, 52, 1
61, 52, 15
61, 52, 38
61, 53, 22
61, 54, 35
61, 55, 7
61, 55, 43
61, 59, 4
61, 62, 4
61, 62, 13
61, 68, 51
61, 69, 43
61, 71, 7
61, 71, 38
61, 72, 16
61, 72, 49
61, 72, 56
61, 75, 12
61, 76, 36
61, 82, 17
61, 83, 52
61, 86, 9
61, 87, 24
61, 87, 32
61, 91, 27
61, 93, 39
61, 99, 2
61, 101, 38
62, 1, 10
62, 2, 32
62, 3, 35
62, 11, 36
62, 12, 10
62, 12, 36
62, 13, 40
62, 14, 16
62, 14, 24
62, 15, 7
62, 15, 52
62, 16, 11
62, 24, 8
62, 25, 4
62, 26, 50
62, 27, 23
62, 27, 36
62, 31, 21
62, 32, 35
62, 41, 50
62, 49, 26
62, 51, 4
62, 53, 36
62, 57, 10
62, 60, 9
62, 65, 31
62, 69, 32
62, 74, 50
62, 79, 11
62, 81, 46
62, 84, 20
62, 84, 42
62, 87, 23
62, 91, 50
62, 93, 12
62, 96, 9
62, 98, 46
62, 101, 8
63, 2, 29
63, 2, 37
63, 6, 8
63, 7, 20
63, 8, 17
63, 8, 37
63, 9, 9
63, 13, 47
63, 16, 49
63, 21, 44
63, 21, 46
63, 24, 7
63, 24, 41
63, 31, 55
63, 42, 21
63, 43, 5
63, 45, 6
63, 45, 17
63, 47, 7
63, 48, 35
63, 48, 43
63, 50, 46
63, 52, 34
63, 57, 31
63, 58, 35
63, 59, 37
63, 60, 9
63, 60, 21
63, 64, 8
63, 68, 35
63, 68, 50
63, 69, 44
63, 77, 16
63, 80, 36
63, 80, 41
63, 82, 20
63, 82, 36
63, 92, 19
63, 95, 31
63, 100, 5
63, 100, 23
64, 2, 8
64, 2, 11
64, 3, 32
64, 6, 52
64, 7, 33
64, 11, 29
64, 11, 45
64, 12, 3
64, 12, 9
64, 15, 24
64, 16, 48
64, 20, 28
64, 22, 6
64, 23, 12
64, 23, 44
64, 25, 47
64, 28, 40
64, 30, 31
64, 31, 17
64, 33, 35
64, 39, 42
64, 41, 20
64, 42, 23
64, 43, 28
64, 44, 42
64, 46, 57
64, 47, 2
64, 47, 4
64, 50, 14
64, 54, 40
64, 58, 25
64, 58, 36
64, 59, 12
64, 59, 28
64, 62, 15
64, 63, 42
64, 66, 15
64, 66, 24
64, 67, 22
64, 68, 7
64, 71, 14
64, 74, 17
64, 74, 23
64, 77, 23
64, 81, 6
64, 81, 29
64, 83, 16
64, 83, 39
64, 83, 45
64, 86, 9
64, 86, 49
64, 90, 32
64, 92, 12
64, 95, 26
64, 97, 19
64, 98, 39
64, 99, 20
65, 3, 1
65, 4, 33
65, 4, 48
65, 14, 13
65, 14, 57
65, 18, 37
65, 20, 49
65, 26, 56
65, 30, 9
65, 30, 51
65, 33, 22
65, 33, 29
65, 42, 45
65, 45, 57
65, 51, 4
65, 52, 10
65, 57, 12
65, 57, 27
65, 57, 28
65, 60, 20
65, 64, 11
65, 64, 33
65, 65, 13
65, 65, 21
65, 67, 30
65, 68, 21
65, 70, 44
65, 72, 27
65, 75, 31
65, 77, 2
65, 80, 26
65, 83, 40
65, 85, 57
65, 88, 39
65, 91, 27
65, 94, 51
65, 95, 17
65, 97, 1
65, 97, 49
65, 98, 29
66, 3, 5
66, 3, 51
66, 4, 24
66, 4, 44
66, 7, 32
66, 11, 49
66, 15, 37
66, 16, 27
66, 17, 42
66, 20, 22
66, 21, 7
66, 22, 48
66, 23, 19
66, 27, 31
66, 35, 1
66, 35, 46
66, 36, 18
66, 36, 29
66, 37, 21
66, 37, 49
66, 38, 3
66, 44, 38
66, 44, 52
66, 51, 26
66, 55, 52
66, 60, 26
66, 62, 18
66, 71, 34
66, 71, 35
66, 71, 38
66, 73, 39
66, 86, 37
66, 90, 23
66, 91, 22
66, 91, 30
66, 91, 51
66, 92, 22
66, 92, 42
66, 93, 5
66, 93, 43
66, 93, 44
66, 95, 31
66, 96, 38
66, 98, 37
67, 1, 23
67, 3, 10
67, 6, 4
67, 6, 38
67, 7, 19
67, 8, 9
67, 11, 4
67, 11, 5
67, 14, 31
67, 14, 43
67, 21, 27
67, 22, 53
67, 23, 40
67, 25, 1
67, 25, 17
67, 25, 30
67, 27, 14
67, 29, 35
67, 32, 29
67, 34, 50
67, 39, 54
67, 40, 23
67, 42, 56
67, 43, 5
67, 45, 24
67, 47, 52
67, 49, 17
67, 50, 44
67, 51, 1
67, 51, 10
67, 51, 12
67, 53, 38
67, 54, 40
67, 55, 3
67, 56, 19
67, 68, 43
67, 69, 23
67, 70, 9
67, 73, 29
67, 74, 27
67, 75, 50
67, 77, 5
67, 78, 19
67, 79, 11
67, 81, 49
67, 89, 14
67, 92, 12
67, 99, 25
68, 2, 49
68, 3, 19
68, 6, 40
68, 8, 51
68, 9, 21
68, 10, 3
68, 11, 19
68, 16, 11
68, 19, 1
68, 22, 32
68, 29, 46
68, 30, 27
68, 32, 35
68, 34, 3
68, 34, 37
68, 35, 6
68, 36, 56
68, 44, 31
68, 45, 41
68, 49, 11
68, 52, 21
68, 52, 61
68, 54, 45
68, 62, 33
68, 66, 28
68, 67, 3
68, 73, 5
68, 79, 17
68, 79, 41
68, 82, 27
68, 83, 52
68, 89, 45
68, 92, 32
68, 96, 41
68, 97, 28
68, 98, 6
68, 98, 17
68, 98, 60
68, 100, 8
69, 4, 21
69, 7, 36
69, 8, 40
69, 8, 44
69, 8, 47
69, 11, 31
69, 12, 31
69, 12, 59
69, 17, 19
69, 17, 31
69, 19, 15
69, 24, 23
69, 24, 27
69, 30, 8
69, 32, 28
69, 33, 42
69, 35, 47
69, 38, 43
69, 39, 36
69, 45, 22
69, 58, 40
69, 59, 46
69, 63, 4
69, 65, 51
69, 73, 5
69, 75, 43
69, 77, 8
69, 83, 15
69, 85, 13
69, 85, 38
69, 88, 40
69, 89, 33
69, 94, 13
69, 95, 27
69, 97, 34
69, 101, 36
70, 1, 16
70, 3, 12
70, 3, 20
70, 3, 30
70, 4, 40
70, 24, 14
70, 28, 18
70, 30, 22
70, 30, 48
70, 33, 46
70, 37, 44
70, 37, 62
70, 38, 26
70, 39, 5
70, 39, 18
70, 50, 14
70, 57, 38
70, 61, 16
70, 63, 25
70, 65, 46
70, 67, 48
70, 68, 54
70, 72, 20
70, 73, 24
70, 84, 5
70, 88, 12
70, 89, 16
70, 92, 38
70, 96, 18
70, 98, 3
71, 1, 29
71, 2, 47
71, 3, 2
71, 6, 22
71, 6, 41
71, 9, 7
71, 9, 38
71, 11, 1
71, 17, 4
71, 17, 21
71, 17, 25
71, 20, 28
71, 20, 32
71, 21, 10
71, 23, 11
71, 23, 20
71, 23, 25
71, 33, 30
71, 38, 32
71, 39, 27
71, 40, 33
71, 42, 38
71, 42, 43
71, 43, 22
71, 43, 27
71, 45, 42
71, 48, 30
71, 52, 44
71, 53, 10
71, 53, 20
71, 55, 19
71, 57, 1
71, 57, 9
71, 57, 49
71, 58, 21
71, 64, 45
71, 65, 15
71, 67, 31
71, 67, 37
71, 68, 6
71, 69, 1
71, 69, 13
71, 69, 29
71, 69, 42
71, 72, 9
71, 74, 4
71, 76, 11
71, 77, 29
71, 80, 41
71, 82, 47
71, 85, 2
71, 92, 8
71, 94, 25
71, 94, 28
71, 94, 34
71, 95, 15
71, 96, 54
71, 101, 32
72, 4, 32
72, 4, 47
72, 10, 45
72, 12, 8
72, 14, 3
72, 14, 21
72, 18, 39
72, 23, 17
72, 27, 21
72, 38, 48
72, 39, 18
72, 44, 30
72, 44, 40
72, 47, 9
72, 48, 3
72, 48, 45
72, 54, 27
72, 56, 47
72, 57, 48
72, 58, 30
72, 60, 13
72, 62, 8
72, 65, 32
72, 66, 23
72, 66, 40
72, 73, 18
72, 77, 35
72, 77, 39
72, 79, 47
72, 81, 4
72, 81, 41
72, 82, 22
72, 86, 24
72, 89, 3
72, 89, 52
72, 92, 45
72, 93, 17
72, 94, 28
72, 95, 22
72, 96, 18
73, 2, 48
73, 5, 8
73, 5, 12
73, 7, 50
73, 11, 31
73, 12, 29
73, 15, 42
73, 19, 15
73, 21, 22
73, 35, 16
73, 36, 31
73, 42, 21
73, 43, 24
73, 44, 25
73, 50, 22
73, 51, 6
73, 52, 18
73, 52, 52
73, 55, 50
73, 57, 52
73, 58, 31
73, 59, 9
73, 63, 26
73, 63, 44
73, 65, 39
73, 67, 56
73, 68, 18
73, 68, 54
73, 69, 13
73, 72, 17
73, 77, 13
73, 78, 27
73, 79, 55
73, 80, 52
73, 85, 54
73, 87, 31
73, 87, 39
73, 90, 6
73, 90, 55
73, 92, 8
73, 95, 40
73, 95, 48
73, 98, 12
73, 100, 17
73, 100, 42
74, 3, 39
74, 11, 36
74, 13, 9
74, 15, 5
74, 15, 52
74, 20, 29
74, 22, 25
74, 24, 47
74, 30, 2
74, 32, 10
74, 33, 14
74, 33, 19
74, 34, 16
74, 43, 30
74, 47, 36
74, 48, 12
74, 48, 39
74, 54, 34
74, 61, 2
74, 62, 25
74, 63, 42
74, 64, 8
74, 64, 57
74, 68, 6
74, 68, 47
74, 68, 52
74, 70, 9
74, 75, 41
74, 77, 48
74, 81, 16
74, 83, 6
74, 91, 5
74, 94, 54
74, 96, 48
74, 101, 39
75, 4, 32
75, 7, 17
75, 11, 42
75, 12, 52
75, 14, 11
75, 14, 34
75, 15, 17
75, 18, 56
75, 22, 4
75, 22, 39
75, 23, 29
75, 23, 41
75, 24, 6
75, 25, 30
75, 25, 54
75, 29, 4
75, 31, 32
75, 34, 40
75, 34, 52
75, 39, 14
75, 39, 41
75, 44, 35
75, 45, 32
75, 47, 33
75, 47, 52
75, 52, 22
75, 54, 42
75, 56, 4
75, 57, 41
75, 59, 46
75, 62, 14
75, 66, 34
75, 70, 27
75, 73, 46
75, 76, 6
75, 77, 39
75, 79, 25
75, 79, 56
75, 80, 9
75, 81, 17
75, 81, 60
75, 82, 37
75, 82, 48
75, 83, 4
75, 86, 2
75, 86, 26
75, 88, 38
75, 88, 47
75, 90, 38
75, 93, 6
75, 100, 10
75, 100, 36
76, 6, 1
76, 7, 27
76, 8, 8
76, 8, 25
76, 15, 19
76, 15, 28
76, 15, 36
76, 20, 42
76, 22, 60
76, 27, 17
76, 28, 51
76, 29, 48
76, 30, 23
76, 33, 26
76, 37, 32
76, 39, 16
76, 40, 12
76, 42, 54
76, 45, 23
76, 48, 41
76, 52, 22
76, 52, 25
76, 53, 18
76, 55, 12
76, 64, 28
76, 69, 35
76, 69, 42
76, 71, 10
76, 78, 28
76, 80, 1
76, 85, 17
76, 85, 54
76, 86, 8
76, 86, 42
76, 90, 36
76, 97, 17
77, 2, 25
77, 3, 19
77, 3, 31
77, 5, 49
77, 6, 13
77, 7, 4
77, 8, 46
77, 12, 48
77, 17, 4
77, 18, 50
77, 20, 40
77, 22, 23
77, 28, 49
77, 30, 44
77, 32, 18
77, 36, 48
77, 37, 21
77, 39, 30
77, 49, 17
77, 57, 23
77, 58, 43
77, 59, 5
77, 59, 41
77, 61, 40
77, 63, 28
77, 64, 51
77, 65, 4
77, 71, 4
77, 72, 21
77, 76, 31
77, 77, 5
77, 77, 42
77, 79, 40
77, 82, 28
77, 83, 30
77, 83, 49
77, 84, 36
77, 89, 18
77, 89, 23
77, 89, 44
77, 92, 13
77, 92, 30
77, 94, 11
77, 97, 9
78, 2, 39
78, 6, 21
78, 7, 29
78, 7, 32
78, 7, 44
78, 8, 11
78, 8, 16
78, 9, 25
78, 9, 42
78, 10, 33
78, 10, 37
78, 10, 44
78, 16, 3
78, 23, 5
78, 25, 17
78, 27, 31
78, 27, 36
78, 28, 24
78, 31, 42
78, 35, 9
78, 36, 4
78, 40, 34
78, 41, 22
78, 41, 44
78, 45, 50
78, 49, 4
78, 59, 9
78, 60, 1
78, 62, 17
78, 68, 11
78, 76, 1
78, 77, 17
78, 77, 31
78, 77, 37
78, 83, 46
78, 84, 22
78, 88, 4
78, 90, 16
78, 94, 27
78, 96, 3
78, 98, 24
78, 98, 25
78, 99, 14
78, 99, 44
78, 101, 32
79, 2, 46
79, 3, 4
79, 3, 23
79, 5, 36
79, 11, 9
79, 12, 49
79, 16, 18
79, 17, 43
79, 17, 53
79, 17, 56
79, 20, 28
79, 27, 44
79, 29, 33
79, 32, 37
79, 38, 17
79, 45, 21
79, 49, 35
79, 52, 30
79, 52, 41
79, 55, 30
79, 55, 46
79, 58, 6
79, 58, 37
79, 63, 9
79, 68, 55
79, 70, 44
79, 77, 4
79, 77, 16
79, 78, 31
79, 79, 27
79, 81, 43
79, 82, 23
79, 85, 44
79, 86, 46
79, 91, 4
79, 95, 28
79, 99, 49
80, 1, 47
80, 2, 21
80, 2, 39
80, 2, 57
80, 6, 8
80, 10, 19
80, 14, 44
80, 24, 32
80, 27, 22
80, 34, 16
80, 36, 21
80, 36, 42
80, 36, 54
80, 37, 19
80, 40, 24
80, 41, 40
80, 41, 57
80, 42, 4
80, 44, 8
80, 44, 52
80, 44, 56
80, 46, 26
80, 48, 31
80, 48, 46
80, 49, 36
80, 50, 1
80, 52, 27
80, 56, 54
80, 60, 34
80, 63, 14
80, 74, 12
80, 79, 7
80, 80, 2
80, 80, 4
80, 84, 14
80, 84, 47
80, 90, 54
80, 92, 26
80, 94, 12
80, 94, 52
80, 96, 8
80, 97, 12
80, 97, 52
80, 99, 31
80, 99, 47
80, 100, 21
80, 100, 43
80, 101, 36
81, 4, 34
81, 4, 49
81, 7, 10
81, 7, 28
81, 8, 54
81, 10, 27
81, 12, 25
81, 16, 35
81, 17, 20
81, 18, 43
81, 20, 54
81, 22, 9
81, 24, 14
81, 26, 28
81, 26, 41
81, 28, 57
81, 34, 30
81, 34, 36
81, 36, 1
81, 36, 51
81, 37, 14
81, 38, 26
81, 38, 43
81, 42, 13
81, 42, 26
81, 50, 18
81, 50, 45
81, 57, 8
81, 59, 28
81, 69, 45
81, 70, 18
81, 70, 35
81, 73, 9
81, 73, 20
81, 73, 35
81, 77, 2
81, 77, 8
81, 79, 27
81, 80, 22
81, 81, 34
81, 82, 33
81, 85, 43
81, 86, 50
81, 89, 49
81, 90, 5
81, 96, 17
81, 101, 35
82, 2, 7
82, 2, 19
82, 5, 3
82, 19, 21
82, 21, 24
82, 22, 38
82, 23, 50
82, 25, 10
82, 28, 44
82, 30, 32
82, 32, 5
82, 32, 10
82, 34, 15
82, 36, 34
82, 40, 8
82, 43, 14
82, 45, 25
82, 49, 4
82, 49, 38
82, 51, 8
82, 54, 22
82, 59, 29
82, 62, 23
82, 66, 28
82, 67, 30
82, 67, 35
82, 71, 50
82, 72, 21
82, 74, 19
82, 74, 32
82, 77, 3
82, 77, 53
82, 81, 12
82, 83, 45
82, 88, 10
82, 90, 37
82, 96, 24
83, 1, 28
83, 4, 45
83, 5, 13
83, 7, 5
83, 8, 8
83, 12, 11
83, 12, 27
83, 15, 23
83, 18, 4
83, 18, 33
83, 21, 17
83, 21, 50
83, 26, 22
83, 27, 20
83, 28, 27
83, 28, 57
83, 29, 24
83, 31, 41
83, 32, 32
83, 32, 46
83, 35, 48
83, 37, 49
83, 38, 18
83, 39, 54
83, 43, 5
83, 47, 5
83, 47, 7
83, 53, 43
83, 54, 34
83, 54, 44
83, 58, 53
83, 59, 22
83, 60, 20
83, 62, 7
83, 62, 35
83, 64, 23
83, 64, 34
83, 65, 13
83, 66, 16
83, 67, 30
83, 68, 7
83, 69, 36
83, 69, 42
83, 70, 45
83, 71, 38
83, 75, 3
83, 78, 24
83, 79, 17
83, 82, 19
83, 83, 11
83, 84, 24
83, 87, 59
83, 90, 12
83, 90, 29
83, 91, 2
83, 91, 39
83, 93, 39
83, 95, 48
83, 96, 25
83, 96, 57
83, 97, 21
83, 97, 26
83, 97, 36
83, 98, 28
84, 4, 14
84, 4, 32
84, 5, 3
84, 5, 36
84, 6, 44
84, 11, 46
84, 13, 14
84, 13, 16
84, 13, 40
84, 20, 18
84, 21, 5
84, 26, 49
84, 35, 24
84, 35, 26
84, 36, 20
84, 37, 12
84, 41, 38
84, 42, 15
84, 43, 42
84, 46, 29
84, 51, 7
84, 54, 27
84, 55, 5
84, 56, 20
84, 60, 52
84, 64, 19
84, 70, 14
84, 73, 41
84, 76, 16
84, 84, 14
84, 87, 12
84, 87, 32
84, 87, 52
84, 88, 31
84, 90, 49
84, 91, 17
84, 92, 36
84, 94, 26
84, 94, 44
84, 97, 24
84, 101, 5
84, 101, 15
85, 6, 38
85, 11, 33
85, 15, 51
85, 17, 21
85, 17, 27
85, 17, 42
85, 18, 48
85, 19, 4
85, 19, 31
85, 24, 18
85, 25, 39
85, 25, 51
85, 26, 54
85, 29, 46
85, 31, 4
85, 31, 39
85, 32, 14
85, 33, 26
85, 35, 56
85, 35, 63
85, 37, 31
85, 37, 39
85, 40, 8
85, 42, 13
85, 42, 32
85, 44, 49
85, 52, 23
85, 52, 41
85, 56, 40
85, 62, 19
85, 62, 33
85, 64, 37
85, 64, 52
85, 66, 21
85, 67, 39
85, 69, 20
85, 72, 18
85, 73, 3
85, 73, 35
85, 83, 5
85, 84, 30
85, 86, 19
85, 86, 33
85, 91, 14
85, 93, 56
85, 99, 48
86, 4, 54
86, 8, 13
86, 8, 23
86, 8, 43
86, 11, 11
86, 12, 37
86, 13, 32
86, 19, 23
86, 26, 17
86, 27, 11
86, 27, 22
86, 29, 48
86, 38, 61
86, 40, 46
86, 40, 49
86, 42, 37
86, 45, 43
86, 47, 33
86, 48, 17
86, 49, 26
86, 50, 38
86, 52, 18
86, 57, 29
86, 57, 42
86, 60, 43
86, 62, 1
86, 70, 19
86, 70, 41
86, 72, 37
86, 72, 38
86, 77, 53
86, 80, 30
86, 84, 43
86, 88, 13
86, 89, 7
86, 90, 54
86, 92, 43
86, 96, 32
87, 1, 48
87, 3, 20
87, 4, 25
87, 5, 35
87, 6, 52
87, 9, 48
87, 10, 7
87, 11, 24
87, 15, 32
87, 16, 1
87, 16, 33
87, 19, 21
87, 20, 28
87, 22, 53
87, 25, 9
87, 30, 12
87, 30, 42
87, 34, 28
87, 35, 17
87, 37, 31
87, 46, 7
87, 47, 37
87, 51, 35
87, 51, 45
87, 52, 2
87, 55, 50
87, 57, 8
87, 57, 25
87, 57, 33
87, 62, 15
87, 65, 23
87, 66, 57
87, 67, 18
87, 68, 26
87, 70, 7
87, 70, 8
87, 71, 4
87, 71, 20
87, 71, 52
87, 72, 1
87, 72, 48
87, 73, 28
87, 78, 28
87, 80, 8
87, 82, 33
87, 87, 6
87, 88, 38
87, 91, 21
87, 94, 21
87, 94, 30
87, 94, 44
87, 95, 37
87, 99, 44
88, 1, 27
88, 4, 2
88, 4, 34
88, 8, 12
88, 12, 14
88, 12, 19
88, 12, 49
88, 14, 10
88, 17, 18
88, 18, 32
88, 19, 2
88, 19, 34
88, 20, 4
88, 23, 34
88, 24, 31
88, 25, 12
88, 27, 37
88, 34, 11
88, 36, 2
88, 41, 23
88, 42, 41
88, 43, 13
88, 52, 11
88, 52, 24
88, 52, 48
88, 54, 12
88, 66, 54
88, 75, 36
88, 84, 13
88, 93, 4
88, 95, 10
88, 96, 4
88, 96, 19
88, 98, 34
88, 99, 38
88, 100, 49
89, 4, 40
89, 11, 37
89, 11, 38
89, 12, 57
89, 13, 11
89, 15, 51
89, 16, 48
89, 24, 8
89, 24, 58
89, 28, 17
89, 28, 26
89, 32, 32
89, 33, 14
89, 35, 42
89, 37, 37
89, 38, 13
89, 39, 18
89, 40, 34
89, 41, 11
89, 48, 6
89, 50, 7
89, 58, 19
89, 64, 48
89, 65, 18
89, 68, 34
89, 72, 21
89, 72, 49
89, 75, 19
89, 75, 38
89, 76, 23
89, 79, 45
89, 81, 1
89, 81, 42
89, 83, 9
89, 86, 33
89, 87, 38
89, 95, 38
90, 8, 28
90, 9, 36
90, 11, 4
90, 11, 56
90, 15, 16
90, 15, 27
90, 15, 45
90, 21, 37
90, 21, 43
90, 25, 53
90, 27, 10
90, 27, 52
90, 29, 28
90, 32, 10
90, 33, 35
90, 34, 5
90, 36, 33
90, 36, 37
90, 37, 42
90, 38, 6
90, 38, 23
90, 41, 40
90, 43, 14
90, 48, 2
90, 48, 38
90, 49, 29
90, 55, 17
90, 55, 37
90, 56, 40
90, 57, 4
90, 57, 32
90, 57, 46
90, 62, 5
90, 66, 6
90, 67, 6
90, 68, 9
90, 69, 46
90, 70, 45
90, 72, 60
90, 73, 46
90, 78, 50
90, 84, 31
90, 85, 10
90, 85, 18
90, 86, 48
90, 88, 28
90, 88, 45
90, 90, 24
90, 90, 37
90, 94, 32
90, 95, 27
90, 96, 8
90, 97, 37
90, 97, 42
91, 1, 8
91, 2, 34
91, 3, 1
91, 3, 28
91, 6, 2
91, 8, 4
91, 11, 4
91, 11, 11
91, 17, 22
91, 17, 23
91, 18, 34
91, 19, 14
91, 20, 13
91, 20, 17
91, 22, 26
91, 22, 28
91, 23, 36
91, 24, 23
91, 30, 26
91, 34, 20
91, 35, 26
91, 36, 7
91, 36, 47
91, 38, 50
91, 41, 19
91, 41, 25
91, 42, 45
91, 44, 13
91, 46, 45
91, 48, 20
91, 48, 29
91, 55, 34
91, 61, 52
91, 62, 10
91, 65, 28
91, 67, 39
91, 68, 49
91, 70, 18
91, 70, 35
91, 78, 23
91, 81, 24
91, 82, 6
91, 82, 14
91, 82, 35
91, 83, 14
91, 86, 3
91, 86, 28
91, 86, 66
91, 89, 31
91, 90, 14
91, 92, 25
91, 96, 28
91, 97, 10
92, 2, 33
92, 4, 18
92, 5, 11
92, 7, 47
92, 8, 18
92, 9, 27
92, 12, 41
92, 13, 37
92, 14, 24
92, 21, 28
92, 25, 39
92, 26, 27
92, 27, 40
92, 32, 34
92, 35, 6
92, 44, 5
92, 44, 55
92, 48, 24
92, 51, 7
92, 51, 47
92, 58, 22
92, 60, 12
92, 61, 8
92, 62, 31
92, 63, 46
92, 67, 47
92, 75, 29
92, 76, 24
92, 78, 18
92, 79, 13
92, 81, 12
92, 84, 12
92, 85, 30
92, 92, 27
92, 93, 34
92, 95, 37
92, 97, 14
92, 100, 19
93, 2, 12
93, 2, 51
93, 3, 46
93, 4, 49
93, 6, 28
93, 8, 21
93, 8, 53
93, 10, 34
93, 12, 14
93, 13, 24
93, 14, 32
93, 18, 6
93, 18, 33
93, 18, 49
93, 24, 30
93, 25, 22
93, 27, 11
93, 29, 44
93, 29, 49
93, 31, 21
93, 32, 10
93, 35, 17
93, 41, 47
93, 43, 7
93, 44, 16
93, 45, 14
93, 45, 23
93, 45, 36
93, 51, 39
93, 56, 46
93, 58, 49
93, 66, 24
93, 70, 55
93, 72, 33
93, 73, 43
93, 79, 42
93, 81, 25
93, 86, 22
93, 88, 15
93, 89, 33
93, 94, 43
93, 95, 53
93, 96, 12
93, 99, 23
93, 100, 16
94, 6, 2
94, 6, 23
94, 8, 21
94, 9, 32
94, 14, 40
94, 17, 15
94, 21, 3
94, 21, 39
94, 22, 20
94, 24, 19
94, 34, 11
94, 35, 10
94, 37, 4
94, 46, 6
94, 46, 14
94, 49, 57
94, 52, 46
94, 56, 16
94, 57, 20
94, 61, 27
94, 61, 44
94, 63, 6
94, 63, 45
94, 64, 20
94, 68, 33
94, 69, 3
94, 70, 22
94, 70, 40
94, 72, 8
94, 78, 3
94, 78, 50
94, 80, 35
94, 82, 50
94, 83, 29
94, 85, 46
94, 90, 2
94, 90, 6
94, 92, 11
94, 96, 8
94, 96, 45
94, 99, 9
94, 99, 32
94, 99, 55
94, 100, 35
95, 1, 42
95, 4, 52
95, 6, 51
95, 14, 42
95, 15, 17
95, 15, 46
95, 20, 9
95, 20, 52
95, 23, 2
95, 23, 16
95, 23, 51
95, 24, 6
95, 30, 26
95, 32, 45
95, 33, 20
95, 33, 35
95, 37, 12
95, 40, 1
95, 40, 46
95, 46, 51
95, 50, 45
95, 51, 29
95, 54, 15
95, 56, 15
95, 57, 12
95, 57, 49
95, 59, 23
95, 60, 36
95, 60, 40
95, 61, 19
95, 62, 9
95, 62, 36
95, 76, 6
95, 86, 6
95, 88, 9
95, 89, 8
95, 89, 17
95, 94, 16
95, 101, 46
96, 4, 11
96, 4, 17
96, 6, 37
96, 15, 3
96, 17, 50
96, 19, 10
96, 19, 18
96, 19, 44
96, 21, 61
96, 22, 41
96, 23, 50
96, 26, 13
96, 28, 41
96, 29, 44
96, 30, 15
96, 35, 5
96, 45, 18
96, 45, 49
96, 48, 13
96, 48, 37
96, 53, 2
96, 53, 46
96, 55, 3
96, 55, 41
96, 56, 17
96, 57, 44
96, 57, 50
96, 58, 3
96, 58, 49
96, 62, 20
96, 63, 2
96, 68, 5
96, 69, 50
96, 72, 3
96, 73, 27
96, 78, 44
96, 81, 52
96, 83, 54
96, 89, 21
96, 89, 25
96, 92, 40
96, 97, 10
96, 97, 34
97, 2, 31
97, 4, 8
97, 5, 11
97, 7, 40
97, 11, 39
97, 12, 21
97, 19, 12
97, 19, 24
97, 21, 31
97, 22, 32
97, 24, 32
97, 25, 1
97, 25, 11
97, 25, 19
97, 29, 42
97, 29, 52
97, 30, 49
97, 34, 20
97, 35, 39
97, 35, 44
97, 36, 29
97, 36, 53
97, 38, 27
97, 41, 16
97, 45, 19
97, 45, 29
97, 50, 2
97, 50, 32
97, 53, 42
97, 55, 18
97, 55, 47
97, 56, 37
97, 62, 41
97, 63, 38
97, 65, 31
97, 69, 10
97, 69, 11
97, 72, 1
97, 72, 42
97, 74, 16
97, 75, 8
97, 76, 35
97, 79, 27
97, 80, 17
97, 83, 27
97, 84, 50
97, 90, 44
97, 93, 28
97, 96, 32
97, 98, 21
97, 98, 49
97, 99, 24
97, 100, 56
97, 101, 2
97, 101, 12
98, 2, 32
98, 4, 48
98, 5, 45
98, 9, 37
98, 10, 22
98, 10, 50
98, 10, 61
98, 19, 54
98, 21, 24
98, 21, 54
98, 23, 35
98, 25, 8
98, 27, 39
98, 28, 10
98, 30, 47
98, 33, 7
98, 36, 21
98, 47, 12
98, 47, 44
98, 52, 11
98, 54, 33
98, 60, 14
98, 61, 5
98, 63, 35
98, 67, 17
98, 68, 10
98, 71, 34
98, 76, 40
98, 79, 47
98, 83, 18
98, 83, 19
98, 87, 8
98, 95, 5
98, 96, 41
98, 97, 14
98, 97, 54
98, 99, 45
98, 100, 37
98, 101, 2
99, 3, 28
99, 6, 41
99, 7, 32
99, 8, 49
99, 9, 1
99, 21, 7
99, 25, 2
99, 28, 4
99, 32, 21
99, 34, 6
99, 37, 10
99, 40, 44
99, 42, 16
99, 44, 45
99, 45, 20
99, 48, 28
99, 50, 48
99, 53, 12
99, 56, 32
99, 57, 45
99, 58, 10
99, 61, 22
99, 62, 29
99, 63, 20
99, 63, 27
99, 64, 12
99, 65, 30
99, 68, 50
99, 70, 32
99, 70, 42
99, 71, 48
99, 76, 30
99, 78, 20
99, 78, 41
99, 82, 44
99, 83, 22
99, 83, 41
99, 88, 6
99, 88, 46
99, 89, 1
99, 89, 26
99, 90, 34
99, 92, 11
99, 96, 16
99, 99, 7
100, 1, 56
100, 4, 1
100, 4, 14
100, 5, 2
100, 8, 6
100, 9, 32
100, 9, 46
100, 14, 24
100, 17, 23
100, 17, 33
100, 18, 48
100, 25, 44
100, 25, 51
100, 27, 8
100, 33, 17
100, 35, 17
100, 38, 52
100, 43, 13
100, 44, 30
100, 44, 32
100, 47, 35
100, 50, 5
100, 55, 1
100, 71, 32
100, 71, 47
100, 73, 7
100, 79, 1
100, 81, 27
100, 83, 35
100, 83, 43
100, 84, 48
100, 87, 33
100, 88, 17
100, 90, 37
100, 93, 13
100, 96, 22
100, 99, 10
101, 2, 13
101, 2, 46
101, 8, 41
101, 10, 20
101, 12, 8
101, 14, 32
101, 18, 15
101, 24, 44
101, 26, 5
101, 29, 49
101, 30, 28
101, 41, 9
101, 41, 25
101, 43, 35
101, 44, 34
101, 47, 2
101, 47, 11
101, 49, 41
101, 58, 27
101, 58, 44
101, 59, 32
101, 60, 9
101, 63, 35
101, 64, 13
101, 66, 46
101, 67, 12
101, 67, 20
101, 68, 48
101, 72, 32
101, 75, 23
101, 75, 51
101, 77, 30
101, 80, 34
101, 83, 38
101, 85, 25
101, 86, 24
101, 86, 41
101, 95, 44
101, 97, 6
101, 97, 35
101, 98, 31
101, 101, 46
