233, 246, 1
233, 247, 4
233, 248, 4
234, 241, 2
234, 241, 3
234, 242, 2
234, 242, 4
234, 243, 2
234, 244, 1
234, 244, 2
234, 244, 7
234, 245, 1
234, 245, 2
234, 245, 4
234, 246, 1
234, 246, 2
234, 246, 3
234, 246, 4
234, 246, 5
234, 246, 7
234, 247, 1
234, 247, 2
234, 247, 3
234, 247, 4
234, 247, 5
234, 248, 1
234, 248, 2
234, 248, 3
234, 248, 4
234, 248, 5
234, 249, 1
234, 249, 3
234, 249, 5
234, 250, 3
234, 252, 2
234, 253, 1
234, 254, 1
234, 254, 3
234, 255, 2
234, 255, 3
234, 256, 2
234, 256, 3
235, 239, 1
235, 239, 2
235, 240, 3
235, 241, 1
235, 241, 2
235, 241, 3
235, 242, 1
235, 242, 2
235, 242, 3
235, 242, 4
235, 243, 2
235, 244, 1
235, 244, 2
235, 244, 5
235, 244, 7
235, 245, 1
235, 245, 2
235, 245, 3
235, 245, 4
235, 245, 5
235, 245, 6
235, 245, 7
235, 246, 1
235, 246, 2
235, 246, 3
235, 246, 4
235, 246, 5
235, 246, 6
235, 246, 7
235, 247, 1
235, 247, 2
235, 247, 3
235, 247, 4
235, 247, 5
235, 247, 6
235, 247, 7
235, 248, 1
235, 248, 2
235, 248, 3
235, 248, 4
235, 248, 5
235, 248, 6
235, 248, 7
235, 249, 1
235, 249, 2
235, 249, 3
235, 249, 4
235, 249, 5
235, 249, 6
235, 249, 7
235, 250, 1
235, 250, 2
235, 250, 3
235, 250, 4
235, 250, 5
235, 250, 6
235, 251, 1
235, 252, 2
235, 252, 3
235, 253, 2
235, 253, 3
235, 254, 1
235, 254, 2
235, 254, 3
235, 255, 1
235, 255, 2
235, 255, 3
235, 256, 2
235, 256, 3
235, 256, 4
235, 257, 2
236, 239, 1
236, 239, 2
236, 240, 1
236, 240, 2
236, 240, 3
236, 241, 1
236, 241, 2
236, 241, 3
236, 241, 4
236, 242, 1
236, 242, 2
236, 242, 3
236, 242, 4
236, 243, 1
236, 243, 2
236, 243, 3
236, 244, 1
236, 244, 2
236, 244, 3
236, 244, 4
236, 244, 5
236, 244, 6
236, 245, 1
236, 245, 2
236, 245, 3
236, 245, 4
236, 245, 5
236, 245, 6
236, 245, 7
236, 246, 1
236, 246, 2
236, 246, 3
236, 246, 4
236, 246, 5
236, 246, 6
236, 246, 7
236, 247, 1
236, 247, 2
236, 247, 3
236, 247, 4
236, 247, 5
236, 247, 6
236, 247, 7
236, 248, 1
236, 248, 2
236, 248, 3
236, 248, 4
236, 248, 5
236, 248, 6
236, 248, 7
236, 249, 1
236, 249, 2
236, 249, 3
236, 249, 4
236, 249, 5
236, 249, 6
236, 249, 7
236, 250, 1
236, 250, 2
236, 250, 3
236, 250, 4
236, 250, 5
236, 250, 6
236, 251, 1
236, 251, 2
236, 251, 3
236, 251, 4
236, 251, 5
236, 252, 1
236, 252, 2
236, 252, 3
236, 252, 4
236, 252, 5
236, 252, 6
236, 253, 1
236, 253, 2
236, 253, 3
236, 254, 1
236, 254, 2
236, 254, 3
236, 255, 1
236, 255, 2
236, 255, 3
236, 256, 3
236, 256, 4
236, 257, 5
237, 240, 1
237, 241, 1
237, 241, 2
237, 242, 1
237, 242, 2
237, 242, 3
237, 242, 4
237, 243, 1
237, 243, 2
237, 243, 3
237, 243, 4
237, 244, 1
237, 244, 2
237, 244, 3
237, 244, 4
237, 244, 5
237, 244, 6
237, 245, 1
237, 245, 2
237, 245, 3
237, 245, 4
237, 245, 5
237, 245, 6
237, 245, 7
237, 246, 1
237, 246, 2
237, 246, 3
237, 246, 4
237, 246, 5
237, 246, 7
237, 247, 1
237, 247, 2
237, 247, 3
237, 247, 4
237, 247, 5
237, 247, 6
237, 247, 7
237, 248, 1
237, 248, 2
237, 248, 3
237, 248, 4
237, 248, 5
237, 248, 6
237, 248, 7
237, 248, 8
237, 249, 1
237, 249, 2
237, 249, 3
237, 249, 4
237, 249, 5
237, 249, 6
237, 249, 7
237, 250, 1
237, 250, 2
237, 250, 3
237, 250, 4
237, 250, 5
237, 250, 6
237, 251, 1
237, 251, 2
237, 251, 3
237, 251, 4
237, 251, 5
237, 251, 6
237, 252, 1
237, 252, 2
237, 252, 3
237, 252, 4
237, 252, 6
237, 253, 1
237, 253, 2
237, 253, 3
237, 253, 4
237, 254, 1
237, 254, 2
237, 254, 3
237, 254, 4
237, 254, 6
237, 255, 1
237, 255, 2
237, 255, 3
237, 255, 6
237, 256, 1
237, 256, 2
237, 256, 3
237, 256, 4
237, 257, 1
237, 257, 2
237, 257, 4
237, 257, 5
237, 257, 6
237, 258, 1
237, 258, 2
237, 258, 4
238, 238, 5
238, 239, 2
238, 239, 5
238, 240, 1
238, 241, 1
238, 241, 2
238, 241, 3
238, 242, 1
238, 242, 2
238, 242, 3
238, 242, 5
238, 243, 1
238, 243, 2
238, 243, 3
238, 243, 4
238, 243, 5
238, 243, 6
238, 244, 1
238, 244, 2
238, 244, 3
238, 244, 4
238, 244, 6
238, 245, 1
238, 245, 2
238, 245, 3
238, 245, 4
238, 245, 5
238, 245, 6
238, 245, 7
238, 246, 1
238, 246, 2
238, 246, 3
238, 246, 4
238, 246, 5
238, 246, 6
238, 246, 7
238, 247, 1
238, 247, 2
238, 247, 3
238, 247, 4
238, 247, 5
238, 247, 6
238, 247, 7
238, 248, 1
238, 248, 2
238, 248, 3
238, 248, 4
238, 248, 5
238, 248, 6
238, 248, 7
238, 249, 1
238, 249, 2
238, 249, 3
238, 249, 4
238, 249, 5
238, 249, 6
238, 250, 1
238, 250, 2
238, 250, 3
238, 250, 4
238, 250, 5
238, 250, 6
238, 251, 1
238, 251, 2
238, 251, 3
238, 251, 4
238, 251, 5
238, 251, 6
238, 252, 1
238, 252, 2
238, 252, 3
238, 252, 4
238, 252, 5
238, 252, 6
238, 252, 7
238, 253, 1
238, 253, 2
238, 253, 3
238, 253, 4
238, 253, 5
238, 253, 6
238, 254, 1
238, 254, 2
238, 254, 3
238, 254, 4
238, 254, 5
238, 254, 6
238, 254, 7
238, 255, 1
238, 255, 2
238, 255, 3
238, 255, 4
238, 255, 5
238, 255, 6
238, 255, 7
238, 255, 8
238, 255, 9
238, 256, 1
238, 256, 2
238, 256, 3
238, 256, 4
238, 256, 6
238, 257, 1
238, 257, 2
238, 257, 3
238, 257, 4
238, 257, 5
238, 257, 6
238, 258, 1
238, 258, 2
238, 258, 3
238, 258, 4
238, 258, 5
238, 259, 1
238, 259, 2
238, 260, 1
238, 260, 2
238, 260, 4
238, 260, 5
238, 261, 1
239, 237, 3
239, 237, 4
239, 238, 2
239, 238, 4
239, 238, 5
239, 239, 2
239, 239, 3
239, 239, 4
239, 239, 5
239, 240, 1
239, 240, 2
239, 240, 3
239, 240, 4
239, 240, 5
239, 241, 1
239, 241, 2
239, 241, 3
239, 241, 4
239, 241, 5
239, 242, 1
239, 242, 2
239, 242, 3
239, 242, 4
239, 242, 5
239, 243, 1
239, 243, 2
239, 243, 3
239, 243, 4
239, 244, 1
239, 244, 2
239, 244, 3
239, 244, 4
239, 244, 5
239, 244, 6
239, 244, 7
239, 244, 8
239, 245, 1
239, 245, 2
239, 245, 3
239, 245, 4
239, 245, 5
239, 245, 6
239, 245, 7
239, 246, 1
239, 246, 2
239, 246, 3
239, 246, 4
239, 246, 5
239, 246, 6
239, 246, 7
239, 247, 1
239, 247, 2
239, 247, 3
239, 247, 4
239, 247, 5
239, 247, 6
239, 247, 7
239, 247, 8
239, 247, 9
239, 248, 1
239, 248, 2
239, 248, 3
239, 248, 4
239, 248, 5
239, 248, 6
239, 248, 7
239, 249, 1
239, 249, 2
239, 249, 3
239, 249, 4
239, 249, 5
239, 249, 6
239, 249, 7
239, 249, 8
239, 250, 1
239, 250, 2
239, 250, 3
239, 250, 4
239, 250, 5
239, 250, 6
239, 251, 1
239, 251, 2
239, 251, 3
239, 251, 4
239, 251, 5
239, 251, 6
239, 251, 7
239, 251, 8
239, 252, 1
239, 252, 2
239, 252, 3
239, 252, 4
239, 252, 5
239, 252, 6
239, 253, 1
239, 253, 2
239, 253, 3
239, 253, 4
239, 253, 5
239, 253, 6
239, 254, 1
239, 254, 2
239, 254, 3
239, 254, 4
239, 254, 5
239, 254, 6
239, 255, 1
239, 255, 2
239, 255, 3
239, 255, 4
239, 255, 5
239, 255, 6
239, 255, 7
239, 255, 8
239, 255, 9
239, 256, 1
239, 256, 2
239, 256, 3
239, 256, 4
239, 256, 5
239, 256, 6
239, 256, 7
239, 257, 1
239, 257, 2
239, 257, 3
239, 257, 4
239, 257, 5
239, 257, 6
239, 257, 7
239, 258, 1
239, 258, 2
239, 258, 3
239, 258, 4
239, 258, 5
239, 258, 6
239, 259, 1
239, 259, 2
239, 259, 3
239, 259, 4
239, 260, 1
239, 260, 2
239, 260, 3
239, 260, 4
239, 260, 5
239, 261, 1
239, 261, 2
239, 261, 3
239, 261, 4
239, 261, 5
239, 262, 1
239, 262, 2
239, 263, 1
240, 237, 1
240, 237, 2
240, 237, 3
240, 238, 1
240, 238, 2
240, 238, 3
240, 238, 4
240, 238, 5
240, 239, 1
240, 239, 2
240, 239, 3
240, 239, 4
240, 239, 5
240, 240, 1
240, 240, 2
240, 240, 3
240, 240, 4
240, 240, 6
240, 241, 1
240, 241, 2
240, 241, 3
240, 241, 4
240, 241, 5
240, 241, 6
240, 242, 1
240, 242, 2
240, 242, 3
240, 242, 4
240, 242, 5
240, 242, 7
240, 243, 1
240, 243, 2
240, 243, 3
240, 243, 4
240, 243, 5
240, 243, 7
240, 243, 8
240, 243, 9
240, 244, 1
240, 244, 2
240, 244, 3
240, 244, 4
240, 244, 5
240, 244, 6
240, 244, 7
240, 245, 1
240, 245, 2
240, 245, 3
240, 245, 4
240, 245, 5
240, 245, 6
240, 245, 7
240, 246, 1
240, 246, 2
240, 246, 3
240, 246, 4
240, 246, 5
240, 246, 6
240, 246, 7
240, 246, 8
240, 246, 9
240, 247, 1
240, 247, 2
240, 247, 3
240, 247, 4
240, 247, 5
240, 247, 6
240, 247, 7
240, 247, 8
240, 247, 9
240, 248, 1
240, 248, 2
240, 248, 3
240, 248, 4
240, 248, 5
240, 248, 6
240, 248, 7
240, 248, 8
240, 248, 9
240, 249, 1
240, 249, 2
240, 249, 3
240, 249, 4
240, 249, 5
240, 249, 6
240, 249, 7
240, 249, 8
240, 250, 1
240, 250, 2
240, 250, 3
240, 250, 4
240, 250, 5
240, 250, 6
240, 250, 7
240, 251, 1
240, 251, 2
240, 251, 3
240, 251, 4
240, 251, 5
240, 251, 6
240, 251, 7
240, 251, 8
240, 251, 9
240, 252, 1
240, 252, 2
240, 252, 3
240, 252, 4
240, 252, 5
240, 252, 6
240, 252, 7
240, 253, 1
240, 253, 2
240, 253, 3
240, 253, 4
240, 253, 5
240, 253, 6
240, 253, 7
240, 254, 1
240, 254, 2
240, 254, 3
240, 254, 4
240, 254, 5
240, 254, 6
240, 254, 7
240, 254, 8
240, 255, 1
240, 255, 2
240, 255, 3
240, 255, 4
240, 255, 5
240, 255, 6
240, 255, 7
240, 255, 8
240, 256, 1
240, 256, 2
240, 256, 3
240, 256, 4
240, 256, 5
240, 256, 6
240, 256, 7
240, 256, 8
240, 257, 1
240, 257, 2
240, 257, 3
240, 257, 4
240, 257, 5
240, 257, 6
240, 257, 7
240, 258, 1
240, 258, 2
240, 258, 3
240, 258, 4
240, 258, 5
240, 258, 6
240, 259, 1
240, 259, 2
240, 259, 3
240, 259, 4
240, 259, 5
240, 260, 1
240, 260, 2
240, 260, 3
240, 260, 4
240, 260, 5
240, 261, 1
240, 261, 2
240, 261, 3
240, 261, 4
240, 262, 1
240, 262, 2
240, 262, 3
240, 262, 4
240, 263, 1
240, 263, 2
240, 263, 3
241, 236, 4
241, 237, 1
241, 237, 2
241, 237, 3
241, 237, 4
241, 237, 5
241, 238, 1
241, 238, 2
241, 238, 3
241, 238, 4
241, 238, 5
241, 238, 6
241, 238, 7
241, 239, 1
241, 239, 2
241, 239, 3
241, 239, 4
241, 239, 5
241, 240, 1
241, 240, 2
241, 240, 3
241, 240, 4
241, 240, 5
241, 240, 6
241, 240, 7
241, 241, 1
241, 241, 2
241, 241, 3
241, 241, 4
241, 241, 5
241, 241, 6
241, 242, 1
241, 242, 2
241, 242, 3
241, 242, 4
241, 242, 5
241, 243, 1
241, 243, 2
241, 243, 3
241, 243, 4
241, 243, 5
241, 244, 1
241, 244, 2
241, 244, 3
241, 244, 4
241, 244, 5
241, 244, 6
241, 244, 7
241, 245, 1
241, 245, 2
241, 245, 3
241, 245, 4
241, 245, 5
241, 245, 6
241, 245, 7
241, 246, 0
241, 246, 1
241, 246, 2
241, 246, 3
241, 246, 4
241, 246, 5
241, 246, 6
241, 246, 7
241, 246, 8
241, 246, 9
241, 247, 0
241, 247, 1
241, 247, 2
241, 247, 3
241, 247, 4
241, 247, 5
241, 247, 6
241, 247, 7
241, 247, 8
241, 247, 9
241, 248, 0
241, 248, 1
241, 248, 2
241, 248, 3
241, 248, 4
241, 248, 5
241, 248, 6
241, 248, 7
241, 248, 8
241, 248, 9
241, 248, 10
241, 249, 0
241, 249, 1
241, 249, 2
241, 249, 3
241, 249, 4
241, 249, 5
241, 249, 6
241, 249, 7
241, 249, 8
241, 249, 10
241, 250, 0
241, 250, 1
241, 250, 2
241, 250, 3
241, 250, 4
241, 250, 5
241, 250, 6
241, 250, 7
241, 251, 0
241, 251, 1
241, 251, 2
241, 251, 3
241, 251, 4
241, 251, 5
241, 251, 6
241, 251, 7
241, 251, 8
241, 252, 0
241, 252, 1
241, 252, 2
241, 252, 3
241, 252, 4
241, 252, 5
241, 252, 6
241, 252, 7
241, 253, 0
241, 253, 1
241, 253, 2
241, 253, 3
241, 253, 4
241, 253, 5
241, 253, 6
241, 253, 7
241, 254, 0
241, 254, 1
241, 254, 2
241, 254, 3
241, 254, 4
241, 254, 5
241, 254, 6
241, 254, 7
241, 255, 1
241, 255, 2
241, 255, 3
241, 255, 4
241, 255, 5
241, 255, 6
241, 255, 7
241, 255, 8
241, 256, 1
241, 256, 2
241, 256, 3
241, 256, 4
241, 256, 5
241, 256, 6
241, 256, 7
241, 256, 8
241, 257, 1
241, 257, 2
241, 257, 3
241, 257, 4
241, 257, 5
241, 257, 6
241, 257, 7
241, 258, 1
241, 258, 2
241, 258, 3
241, 258, 4
241, 258, 5
241, 258, 6
241, 258, 8
241, 259, 1
241, 259, 2
241, 259, 3
241, 259, 4
241, 259, 5
241, 259, 6
241, 259, 7
241, 259, 8
241, 260, 1
241, 260, 2
241, 260, 3
241, 260, 4
241, 260, 5
241, 261, 1
241, 261, 2
241, 261, 3
241, 261, 4
241, 261, 5
241, 261, 6
241, 262, 1
241, 262, 2
241, 262, 3
241, 262, 4
241, 263, 1
241, 263, 2
242, 236, 1
242, 236, 2
242, 237, 1
242, 237, 2
242, 237, 4
242, 237, 5
242, 238, 1
242, 238, 2
242, 238, 3
242, 238, 4
242, 238, 5
242, 238, 6
242, 239, 1
242, 239, 2
242, 239, 3
242, 239, 4
242, 239, 5
242, 239, 6
242, 239, 8
242, 240, 1
242, 240, 2
242, 240, 3
242, 240, 4
242, 240, 5
242, 240, 6
242, 241, 1
242, 241, 2
242, 241, 3
242, 241, 4
242, 241, 5
242, 241, 6
242, 242, 1
242, 242, 2
242, 242, 3
242, 242, 4
242, 242, 5
242, 242, 6
242, 243, 1
242, 243, 2
242, 243, 3
242, 243, 4
242, 243, 5
242, 243, 6
242, 244, 1
242, 244, 2
242, 244, 3
242, 244, 4
242, 244, 5
242, 244, 6
242, 244, 7
242, 244, 8
242, 245, 0
242, 245, 1
242, 245, 2
242, 245, 3
242, 245, 4
242, 245, 5
242, 245, 6
242, 245, 7
242, 245, 8
242, 245, 9
242, 246, 0
242, 246, 1
242, 246, 2
242, 246, 3
242, 246, 4
242, 246, 5
242, 246, 6
242, 246, 7
242, 246, 8
242, 246, 9
242, 246, 10
242, 247, 0
242, 247, 1
242, 247, 2
242, 247, 3
242, 247, 4
242, 247, 5
242, 247, 6
242, 247, 7
242, 247, 8
242, 247, 9
242, 247, 10
242, 247, 11
242, 248, 0
242, 248, 1
242, 248, 2
242, 248, 3
242, 248, 4
242, 248, 5
242, 248, 6
242, 248, 7
242, 248, 8
242, 248, 9
242, 249, 0
242, 249, 1
242, 249, 2
242, 249, 3
242, 249, 4
242, 249, 5
242, 249, 6
242, 249, 7
242, 249, 8
242, 249, 9
242, 250, 0
242, 250, 1
242, 250, 2
242, 250, 3
242, 250, 4
242, 250, 5
242, 250, 6
242, 250, 7
242, 250, 8
242, 250, 9
242, 251, 0
242, 251, 1
242, 251, 2
242, 251, 3
242, 251, 4
242, 251, 5
242, 251, 6
242, 251, 7
242, 251, 8
242, 251, 9
242, 252, 0
242, 252, 1
242, 252, 2
242, 252, 3
242, 252, 4
242, 252, 5
242, 252, 6
242, 252, 7
242, 252, 8
242, 253, 0
242, 253, 1
242, 253, 2
242, 253, 3
242, 253, 4
242, 253, 5
242, 253, 6
242, 253, 7
242, 254, 0
242, 254, 1
242, 254, 2
242, 254, 3
242, 254, 4
242, 254, 5
242, 254, 6
242, 254, 7
242, 254, 8
242, 255, 0
242, 255, 1
242, 255, 2
242, 255, 3
242, 255, 4
242, 255, 5
242, 255, 6
242, 255, 7
242, 255, 8
242, 256, 1
242, 256, 2
242, 256, 3
242, 256, 4
242, 256, 5
242, 256, 6
242, 256, 7
242, 256, 8
242, 256, 9
242, 257, 1
242, 257, 2
242, 257, 3
242, 257, 4
242, 257, 5
242, 257, 6
242, 257, 7
242, 257, 9
242, 258, 1
242, 258, 2
242, 258, 3
242, 258, 4
242, 258, 5
242, 258, 6
242, 258, 7
242, 258, 8
242, 259, 1
242, 259, 2
242, 259, 3
242, 259, 4
242, 259, 5
242, 259, 6
242, 259, 7
242, 260, 1
242, 260, 2
242, 260, 3
242, 260, 4
242, 260, 5
242, 260, 6
242, 260, 7
242, 261, 1
242, 261, 2
242, 261, 3
242, 261, 4
242, 261, 5
242, 261, 6
242, 261, 7
242, 262, 1
242, 262, 2
242, 262, 3
242, 262, 4
242, 262, 5
242, 262, 6
242, 263, 1
242, 263, 2
242, 263, 4
242, 264, 6
243, 236, 1
243, 236, 2
243, 237, 1
243, 237, 2
243, 237, 3
243, 237, 5
243, 238, 1
243, 238, 2
243, 238, 3
243, 238, 4
243, 238, 5
243, 238, 6
243, 238, 7
243, 239, 1
243, 239, 2
243, 239, 3
243, 239, 4
243, 239, 5
243, 239, 6
243, 239, 7
243, 239, 8
243, 240, 1
243, 240, 2
243, 240, 3
243, 240, 4
243, 240, 5
243, 240, 6
243, 241, 1
243, 241, 2
243, 241, 3
243, 241, 4
243, 241, 5
243, 242, 1
243, 242, 2
243, 242, 3
243, 242, 4
243, 242, 5
243, 242, 6
243, 243, 0
243, 243, 1
243, 243, 2
243, 243, 3
243, 243, 4
243, 243, 5
243, 243, 6
243, 244, 0
243, 244, 1
243, 244, 2
243, 244, 3
243, 244, 4
243, 244, 5
243, 244, 6
243, 244, 7
243, 244, 8
243, 245, 0
243, 245, 1
243, 245, 2
243, 245, 3
243, 245, 4
243, 245, 5
243, 245, 6
243, 245, 7
243, 245, 8
243, 245, 9
243, 246, 0
243, 246, 1
243, 246, 2
243, 246, 3
243, 246, 4
243, 246, 5
243, 246, 6
243, 246, 7
243, 246, 8
243, 246, 9
243, 246, 10
243, 246, 11
243, 247, 0
243, 247, 1
243, 247, 2
243, 247, 3
243, 247, 4
243, 247, 5
243, 247, 6
243, 247, 7
243, 247, 8
243, 247, 9
243, 247, 10
243, 247, 11
243, 248, 0
243, 248, 1
243, 248, 2
243, 248, 3
243, 248, 4
243, 248, 5
243, 248, 6
243, 248, 7
243, 248, 8
243, 248, 9
243, 248, 10
243, 249, 0
243, 249, 1
243, 249, 2
243, 249, 3
243, 249, 4
243, 249, 5
243, 249, 6
243, 249, 7
243, 249, 8
243, 249, 9
243, 249, 10
243, 250, 0
243, 250, 1
243, 250, 2
243, 250, 3
243, 250, 4
243, 250, 5
243, 250, 6
243, 250, 7
243, 250, 8
243, 250, 9
243, 251, 0
243, 251, 1
243, 251, 2
243, 251, 3
243, 251, 4
243, 251, 5
243, 251, 6
243, 251, 7
243, 251, 8
243, 251, 9
243, 252, 0
243, 252, 1
243, 252, 2
243, 252, 3
243, 252, 4
243, 252, 5
243, 252, 6
243, 252, 7
243, 252, 8
243, 253, 0
243, 253, 1
243, 253, 2
243, 253, 3
243, 253, 4
243, 253, 5
243, 253, 6
243, 253, 7
243, 254, 0
243, 254, 1
243, 254, 2
243, 254, 3
243, 254, 4
243, 254, 5
243, 254, 6
243, 254, 7
243, 255, 0
243, 255, 1
243, 255, 2
243, 255, 3
243, 255, 4
243, 255, 5
243, 255, 6
243, 255, 7
243, 255, 8
243, 255, 9
243, 256, 0
243, 256, 1
243, 256, 2
243, 256, 3
243, 256, 4
243, 256, 5
243, 256, 6
243, 256, 7
243, 256, 8
243, 256, 9
243, 257, 0
243, 257, 1
243, 257, 2
243, 257, 3
243, 257, 4
243, 257, 5
243, 257, 6
243, 257, 7
243, 258, 1
243, 258, 2
243, 258, 3
243, 258, 4
243, 258, 5
243, 258, 6
243, 258, 7
243, 258, 8
243, 258, 9
243, 259, 1
243, 259, 2
243, 259, 3
243, 259, 4
243, 259, 5
243, 259, 6
243, 260, 1
243, 260, 2
243, 260, 3
243, 260, 4
243, 260, 5
243, 260, 6
243, 261, 1
243, 261, 2
243, 261, 3
243, 261, 4
243, 261, 5
243, 261, 6
243, 262, 1
243, 262, 2
243, 262, 3
243, 262, 4
243, 262, 5
243, 262, 6
243, 263, 1
243, 263, 2
243, 263, 3
243, 263, 4
243, 263, 5
243, 263, 6
243, 264, 1
243, 264, 2
243, 264, 3
243, 264, 6
243, 265, 1
243, 265, 4
244, 236, 1
244, 236, 4
244, 237, 1
244, 237, 2
244, 237, 3
244, 237, 4
244, 237, 5
244, 237, 6
244, 238, 1
244, 238, 2
244, 238, 3
244, 238, 4
244, 238, 5
244, 238, 6
244, 238, 7
244, 238, 8
244, 239, 1
244, 239, 2
244, 239, 3
244, 239, 4
244, 239, 5
244, 239, 6
244, 239, 7
244, 239, 8
244, 240, 1
244, 240, 2
244, 240, 3
244, 240, 4
244, 240, 5
244, 240, 6
244, 241, 1
244, 241, 2
244, 241, 3
244, 241, 4
244, 241, 5
244, 242, 1
244, 242, 2
244, 242, 3
244, 242, 4
244, 242, 5
244, 242, 6
244, 243, 0
244, 243, 1
244, 243, 2
244, 243, 3
244, 243, 4
244, 243, 5
244, 243, 6
244, 244, 0
244, 244, 1
244, 244, 2
244, 244, 3
244, 244, 4
244, 244, 5
244, 244, 6
244, 244, 7
244, 244, 8
244, 245, 0
244, 245, 1
244, 245, 2
244, 245, 3
244, 245, 4
244, 245, 5
244, 245, 6
244, 245, 7
244, 245, 8
244, 246, 0
244, 246, 1
244, 246, 2
244, 246, 3
244, 246, 4
244, 246, 5
244, 246, 6
244, 246, 7
244, 246, 8
244, 246, 9
244, 246, 10
244, 246, 11
244, 247, 0
244, 247, 1
244, 247, 2
244, 247, 3
244, 247, 4
244, 247, 5
244, 247, 6
244, 247, 7
244, 247, 8
244, 247, 9
244, 247, 10
244, 247, 11
244, 248, 0
244, 248, 1
244, 248, 2
244, 248, 3
244, 248, 4
244, 248, 5
244, 248, 6
244, 248, 7
244, 248, 8
244, 248, 9
244, 248, 10
244, 248, 11
244, 248, 12
244, 249, 0
244, 249, 1
244, 249, 2
244, 249, 3
244, 249, 4
244, 249, 5
244, 249, 6
244, 249, 7
244, 249, 8
244, 250, 0
244, 250, 1
244, 250, 2
244, 250, 3
244, 250, 4
244, 250, 5
244, 250, 6
244, 250, 7
244, 250, 8
244, 250, 9
244, 251, 0
244, 251, 1
244, 251, 2
244, 251, 3
244, 251, 4
244, 251, 5
244, 251, 6
244, 251, 7
244, 251, 8
244, 251, 9
244, 251, 10
244, 252, 0
244, 252, 1
244, 252, 2
244, 252, 3
244, 252, 4
244, 252, 5
244, 252, 6
244, 252, 7
244, 253, 0
244, 253, 1
244, 253, 2
244, 253, 3
244, 253, 4
244, 253, 5
244, 253, 6
244, 253, 7
244, 254, 0
244, 254, 1
244, 254, 2
244, 254, 3
244, 254, 4
244, 254, 5
244, 254, 6
244, 254, 7
244, 254, 8
244, 255, 0
244, 255, 1
244, 255, 2
244, 255, 3
244, 255, 4
244, 255, 5
244, 255, 6
244, 255, 7
244, 255, 8
244, 256, 0
244, 256, 1
244, 256, 2
244, 256, 3
244, 256, 4
244, 256, 5
244, 256, 6
244, 256, 7
244, 256, 8
244, 256, 9
244, 257, 0
244, 257, 1
244, 257, 2
244, 257, 3
244, 257, 4
244, 257, 5
244, 257, 6
244, 257, 7
244, 257, 8
244, 258, 1
244, 258, 2
244, 258, 3
244, 258, 4
244, 258, 5
244, 258, 6
244, 258, 7
244, 258, 8
244, 259, 1
244, 259, 2
244, 259, 3
244, 259, 4
244, 259, 5
244, 259, 6
244, 259, 7
244, 259, 8
244, 260, 1
244, 260, 2
244, 260, 3
244, 260, 4
244, 260, 5
244, 260, 6
244, 260, 7
244, 260, 8
244, 261, 1
244, 261, 2
244, 261, 3
244, 261, 4
244, 261, 5
244, 261, 6
244, 261, 7
244, 262, 1
244, 262, 2
244, 262, 3
244, 262, 4
244, 262, 5
244, 262, 6
244, 262, 7
244, 263, 1
244, 263, 2
244, 263, 3
244, 263, 4
244, 263, 5
244, 263, 6
244, 264, 1
244, 264, 2
244, 264, 3
244, 264, 4
244, 264, 6
244, 264, 7
244, 265, 1
244, 265, 2
244, 265, 3
244, 265, 4
244, 265, 6
244, 265, 7
244, 266, 1
244, 266, 3
244, 267, 1
245, 233, 2
245, 233, 3
245, 234, 1
245, 234, 2
245, 234, 3
245, 235, 1
245, 235, 2
245, 235, 3
245, 236, 1
245, 236, 2
245, 236, 3
245, 236, 4
245, 236, 5
245, 237, 1
245, 237, 2
245, 237, 3
245, 237, 4
245, 237, 5
245, 237, 6
245, 238, 1
245, 238, 2
245, 238, 3
245, 238, 4
245, 239, 1
245, 239, 2
245, 239, 3
245, 239, 4
245, 239, 5
245, 239, 6
245, 240, 1
245, 240, 2
245, 240, 3
245, 240, 4
245, 240, 5
245, 240, 6
245, 241, 1
245, 241, 2
245, 241, 3
245, 241, 4
245, 241, 5
245, 241, 6
245, 241, 8
245, 242, 0
245, 242, 1
245, 242, 2
245, 242, 3
245, 242, 4
245, 242, 5
245, 242, 6
245, 242, 7
245, 242, 8
245, 243, 0
245, 243, 1
245, 243, 2
245, 243, 3
245, 243, 4
245, 243, 5
245, 243, 6
245, 243, 7
245, 244, 0
245, 244, 1
245, 244, 2
245, 244, 3
245, 244, 4
245, 244, 5
245, 244, 6
245, 244, 7
245, 244, 8
245, 244, 9
245, 245, 0
245, 245, 1
245, 245, 2
245, 245, 3
245, 245, 4
245, 245, 5
245, 245, 6
245, 245, 7
245, 245, 8
245, 245, 10
245, 246, 0
245, 246, 1
245, 246, 2
245, 246, 3
245, 246, 4
245, 246, 5
245, 246, 6
245, 246, 7
245, 246, 8
245, 246, 9
245, 246, 10
245, 247, 0
245, 247, 1
245, 247, 2
245, 247, 3
245, 247, 4
245, 247, 5
245, 247, 6
245, 247, 7
245, 247, 8
245, 247, 10
245, 247, 11
245, 248, 0
245, 248, 1
245, 248, 2
245, 248, 3
245, 248, 4
245, 248, 5
245, 248, 6
245, 248, 7
245, 248, 8
245, 248, 9
245, 248, 10
245, 249, 0
245, 249, 1
245, 249, 2
245, 249, 3
245, 249, 4
245, 249, 5
245, 249, 6
245, 249, 7
245, 249, 8
245, 249, 9
245, 250, 0
245, 250, 1
245, 250, 2
245, 250, 3
245, 250, 4
245, 250, 5
245, 250, 6
245, 250, 7
245, 250, 8
245, 250, 9
245, 251, 0
245, 251, 1
245, 251, 2
245, 251, 3
245, 251, 4
245, 251, 5
245, 251, 6
245, 251, 7
245, 251, 8
245, 251, 9
245, 252, 0
245, 252, 1
245, 252, 2
245, 252, 3
245, 252, 4
245, 252, 5
245, 252, 6
245, 252, 7
245, 252, 8
245, 253, 0
245, 253, 1
245, 253, 2
245, 253, 3
245, 253, 4
245, 253, 5
245, 253, 6
245, 253, 7
245, 253, 8
245, 254, 0
245, 254, 1
245, 254, 2
245, 254, 3
245, 254, 4
245, 254, 5
245, 254, 6
245, 254, 7
245, 254, 8
245, 255, 0
245, 255, 1
245, 255, 2
245, 255, 3
245, 255, 4
245, 255, 5
245, 255, 6
245, 255, 7
245, 255, 8
245, 256, 0
245, 256, 1
245, 256, 2
245, 256, 3
245, 256, 4
245, 256, 5
245, 256, 6
245, 256, 7
245, 256, 8
245, 257, 0
245, 257, 1
245, 257, 2
245, 257, 3
245, 257, 4
245, 257, 5
245, 257, 6
245, 257, 7
245, 258, 0
245, 258, 1
245, 258, 2
245, 258, 3
245, 258, 4
245, 258, 5
245, 258, 6
245, 258, 7
245, 258, 8
245, 259, 1
245, 259, 2
245, 259, 3
245, 259, 4
245, 259, 5
245, 259, 6
245, 259, 7
245, 259, 8
245, 260, 1
245, 260, 2
245, 260, 3
245, 260, 4
245, 260, 5
245, 260, 6
245, 260, 7
245, 260, 8
245, 260, 9
245, 261, 1
245, 261, 2
245, 261, 3
245, 261, 4
245, 261, 5
245, 261, 6
245, 261, 7
245, 262, 1
245, 262, 2
245, 262, 3
245, 262, 4
245, 262, 5
245, 262, 6
245, 262, 7
245, 262, 9
245, 263, 1
245, 263, 2
245, 263, 3
245, 263, 4
245, 263, 5
245, 263, 6
245, 264, 1
245, 264, 2
245, 264, 3
245, 264, 4
245, 264, 5
245, 265, 1
245, 265, 3
245, 266, 3
246, 234, 1
246, 234, 3
246, 235, 2
246, 235, 3
246, 236, 1
246, 236, 2
246, 236, 3
246, 236, 4
246, 237, 1
246, 237, 2
246, 237, 3
246, 237, 4
246, 237, 5
246, 237, 6
246, 237, 7
246, 238, 1
246, 238, 2
246, 238, 3
246, 238, 4
246, 238, 5
246, 238, 6
246, 238, 7
246, 239, 1
246, 239, 2
246, 239, 3
246, 239, 4
246, 239, 5
246, 239, 6
246, 239, 7
246, 240, 1
246, 240, 2
246, 240, 3
246, 240, 4
246, 240, 5
246, 240, 6
246, 240, 7
246, 241, 0
246, 241, 1
246, 241, 2
246, 241, 3
246, 241, 4
246, 241, 5
246, 241, 6
246, 241, 7
246, 242, 0
246, 242, 1
246, 242, 2
246, 242, 3
246, 242, 4
246, 242, 5
246, 242, 6
246, 242, 7
246, 243, 0
246, 243, 1
246, 243, 2
246, 243, 3
246, 243, 4
246, 243, 5
246, 243, 6
246, 243, 7
246, 243, 8
246, 244, 0
246, 244, 1
246, 244, 2
246, 244, 3
246, 244, 4
246, 244, 5
246, 244, 6
246, 244, 7
246, 244, 8
246, 244, 9
246, 245, 0
246, 245, 1
246, 245, 2
246, 245, 3
246, 245, 4
246, 245, 5
246, 245, 6
246, 245, 7
246, 245, 8
246, 246, 0
246, 246, 1
246, 246, 2
246, 246, 3
246, 246, 4
246, 246, 5
246, 246, 6
246, 246, 7
246, 247, 0
246, 247, 1
246, 247, 2
246, 247, 3
246, 247, 4
246, 247, 5
246, 247, 6
246, 247, 7
246, 247, 8
246, 247, 9
246, 248, 0
246, 248, 1
246, 248, 2
246, 248, 3
246, 248, 4
246, 248, 5
246, 248, 6
246, 248, 7
246, 249, 0
246, 249, 1
246, 249, 2
246, 249, 3
246, 249, 4
246, 249, 5
246, 249, 6
246, 249, 7
246, 249, 8
246, 249, 9
246, 249, 10
246, 250, 0
246, 250, 1
246, 250, 2
246, 250, 3
246, 250, 4
246, 250, 5
246, 250, 6
246, 250, 7
246, 250, 8
246, 251, 0
246, 251, 1
246, 251, 2
246, 251, 3
246, 251, 4
246, 251, 5
246, 251, 6
246, 251, 7
246, 251, 8
246, 252, 0
246, 252, 1
246, 252, 2
246, 252, 3
246, 252, 4
246, 252, 5
246, 252, 6
246, 252, 7
246, 252, 8
246, 252, 9
246, 253, 0
246, 253, 1
246, 253, 2
246, 253, 3
246, 253, 4
246, 253, 5
246, 253, 6
246, 253, 7
246, 253, 8
246, 254, 0
246, 254, 1
246, 254, 2
246, 254, 3
246, 254, 4
246, 254, 5
246, 254, 6
246, 254, 7
246, 255, 0
246, 255, 1
246, 255, 2
246, 255, 3
246, 255, 4
246, 255, 5
246, 255, 6
246, 255, 7
246, 256, 0
246, 256, 1
246, 256, 2
246, 256, 3
246, 256, 4
246, 256, 5
246, 256, 6
246, 256, 7
246, 256, 8
246, 257, 0
246, 257, 1
246, 257, 2
246, 257, 3
246, 257, 4
246, 257, 5
246, 257, 6
246, 257, 7
246, 257, 8
246, 258, 0
246, 258, 1
246, 258, 2
246, 258, 3
246, 258, 4
246, 258, 5
246, 258, 6
246, 258, 7
246, 258, 8
246, 258, 9
246, 259, 0
246, 259, 1
246, 259, 2
246, 259, 3
246, 259, 4
246, 259, 5
246, 259, 6
246, 259, 7
246, 259, 8
246, 260, 1
246, 260, 2
246, 260, 3
246, 260, 4
246, 260, 5
246, 260, 6
246, 260, 7
246, 260, 8
246, 261, 1
246, 261, 2
246, 261, 3
246, 261, 4
246, 261, 5
246, 261, 6
246, 261, 7
246, 261, 8
246, 262, 1
246, 262, 2
246, 262, 3
246, 262, 4
246, 262, 5
246, 262, 6
246, 262, 7
246, 262, 8
246, 262, 9
246, 263, 1
246, 263, 2
246, 263, 3
246, 263, 4
246, 263, 5
246, 263, 6
246, 264, 1
246, 264, 2
246, 264, 4
246, 264, 5
246, 264, 6
246, 265, 2
246, 265, 3
246, 265, 4
246, 266, 3
246, 266, 4
247, 235, 1
247, 235, 2
247, 236, 1
247, 236, 2
247, 236, 3
247, 236, 4
247, 236, 6
247, 237, 1
247, 237, 2
247, 237, 3
247, 237, 4
247, 237, 5
247, 237, 6
247, 238, 1
247, 238, 2
247, 238, 3
247, 238, 4
247, 238, 5
247, 238, 6
247, 239, 1
247, 239, 2
247, 239, 3
247, 239, 4
247, 239, 5
247, 239, 6
247, 239, 7
247, 240, 1
247, 240, 2
247, 240, 3
247, 240, 4
247, 240, 5
247, 240, 6
247, 240, 7
247, 241, 0
247, 241, 1
247, 241, 2
247, 241, 3
247, 241, 4
247, 241, 5
247, 241, 6
247, 241, 7
247, 241, 8
247, 242, 0
247, 242, 1
247, 242, 2
247, 242, 3
247, 242, 4
247, 242, 5
247, 242, 6
247, 242, 7
247, 242, 8
247, 243, 0
247, 243, 1
247, 243, 2
247, 243, 3
247, 243, 4
247, 243, 5
247, 243, 6
247, 243, 7
247, 243, 8
247, 244, 0
247, 244, 1
247, 244, 2
247, 244, 3
247, 244, 4
247, 244, 5
247, 244, 6
247, 244, 7
247, 244, 8
247, 244, 9
247, 245, 0
247, 245, 1
247, 245, 2
247, 245, 3
247, 245, 4
247, 245, 5
247, 245, 6
247, 245, 7
247, 245, 8
247, 246, 0
247, 246, 1
247, 246, 2
247, 246, 3
247, 246, 4
247, 246, 5
247, 246, 6
247, 246, 7
247, 246, 8
247, 247, 0
247, 247, 1
247, 247, 2
247, 247, 3
247, 247, 4
247, 247, 5
247, 247, 6
247, 247, 7
247, 247, 8
247, 248, 0
247, 248, 1
247, 248, 2
247, 248, 3
247, 248, 4
247, 248, 5
247, 248, 6
247, 248, 7
247, 248, 8
247, 249, 0
247, 249, 1
247, 249, 2
247, 249, 3
247, 249, 4
247, 249, 5
247, 249, 6
247, 249, 7
247, 249, 8
247, 249, 9
247, 250, 0
247, 250, 1
247, 250, 2
247, 250, 3
247, 250, 4
247, 250, 5
247, 250, 6
247, 250, 7
247, 250, 8
247, 250, 9
247, 251, 0
247, 251, 1
247, 251, 2
247, 251, 3
247, 251, 4
247, 251, 5
247, 251, 6
247, 251, 7
247, 251, 8
247, 251, 9
247, 252, 0
247, 252, 1
247, 252, 2
247, 252, 3
247, 252, 4
247, 252, 5
247, 252, 6
247, 252, 7
247, 252, 8
247, 252, 9
247, 253, 0
247, 253, 1
247, 253, 2
247, 253, 3
247, 253, 4
247, 253, 5
247, 253, 6
247, 253, 7
247, 253, 8
247, 253, 9
247, 254, 0
247, 254, 1
247, 254, 2
247, 254, 3
247, 254, 4
247, 254, 5
247, 254, 6
247, 254, 7
247, 254, 8
247, 255, 0
247, 255, 1
247, 255, 2
247, 255, 3
247, 255, 4
247, 255, 5
247, 255, 6
247, 255, 7
247, 255, 8
247, 256, 0
247, 256, 1
247, 256, 2
247, 256, 3
247, 256, 4
247, 256, 5
247, 256, 6
247, 256, 7
247, 256, 8
247, 257, 0
247, 257, 1
247, 257, 2
247, 257, 3
247, 257, 4
247, 257, 5
247, 257, 6
247, 257, 7
247, 257, 8
247, 258, 0
247, 258, 1
247, 258, 2
247, 258, 3
247, 258, 4
247, 258, 5
247, 258, 6
247, 258, 7
247, 258, 8
247, 258, 9
247, 259, 0
247, 259, 1
247, 259, 2
247, 259, 3
247, 259, 4
247, 259, 5
247, 259, 6
247, 259, 7
247, 259, 8
247, 260, 1
247, 260, 2
247, 260, 3
247, 260, 4
247, 260, 5
247, 260, 6
247, 260, 7
247, 260, 8
247, 261, 1
247, 261, 2
247, 261, 3
247, 261, 4
247, 261, 5
247, 261, 6
247, 261, 7
247, 261, 8
247, 261, 9
247, 262, 1
247, 262, 2
247, 262, 3
247, 262, 4
247, 262, 5
247, 262, 6
247, 262, 7
247, 262, 8
247, 262, 9
247, 263, 1
247, 263, 2
247, 263, 3
247, 263, 4
247, 263, 5
247, 263, 6
247, 264, 1
247, 264, 2
247, 264, 3
247, 264, 6
247, 265, 1
247, 265, 3
247, 265, 4
247, 265, 5
247, 265, 6
247, 266, 3
248, 233, 4
248, 234, 4
248, 235, 1
248, 235, 2
248, 235, 3
248, 236, 1
248, 236, 2
248, 236, 3
248, 236, 6
248, 236, 7
248, 237, 1
248, 237, 2
248, 237, 3
248, 237, 5
248, 237, 6
248, 237, 7
248, 238, 1
248, 238, 2
248, 238, 3
248, 238, 4
248, 238, 5
248, 238, 6
248, 238, 7
248, 239, 1
248, 239, 2
248, 239, 3
248, 239, 4
248, 239, 5
248, 239, 6
248, 239, 7
248, 240, 1
248, 240, 2
248, 240, 3
248, 240, 4
248, 240, 5
248, 240, 6
248, 240, 7
248, 241, 0
248, 241, 1
248, 241, 2
248, 241, 3
248, 241, 4
248, 241, 5
248, 241, 6
248, 241, 7
248, 242, 0
248, 242, 1
248, 242, 2
248, 242, 3
248, 242, 4
248, 242, 5
248, 242, 6
248, 242, 7
248, 243, 0
248, 243, 1
248, 243, 2
248, 243, 3
248, 243, 4
248, 243, 5
248, 243, 6
248, 243, 7
248, 243, 8
248, 244, 0
248, 244, 1
248, 244, 2
248, 244, 3
248, 244, 4
248, 244, 5
248, 244, 6
248, 244, 7
248, 244, 8
248, 244, 9
248, 245, 0
248, 245, 1
248, 245, 2
248, 245, 3
248, 245, 4
248, 245, 5
248, 245, 6
248, 245, 7
248, 245, 8
248, 245, 9
248, 246, 0
248, 246, 1
248, 246, 2
248, 246, 3
248, 246, 4
248, 246, 5
248, 246, 6
248, 246, 7
248, 246, 8
248, 246, 9
248, 247, 0
248, 247, 1
248, 247, 2
248, 247, 3
248, 247, 4
248, 247, 5
248, 247, 6
248, 247, 7
248, 247, 8
248, 247, 9
248, 248, 0
248, 248, 1
248, 248, 2
248, 248, 3
248, 248, 4
248, 248, 5
248, 248, 6
248, 248, 7
248, 248, 8
248, 248, 9
248, 249, 0
248, 249, 1
248, 249, 2
248, 249, 3
248, 249, 4
248, 249, 5
248, 249, 6
248, 249, 7
248, 249, 8
248, 249, 9
248, 250, 0
248, 250, 1
248, 250, 2
248, 250, 3
248, 250, 4
248, 250, 5
248, 250, 6
248, 250, 7
248, 250, 8
248, 250, 9
248, 251, 0
248, 251, 1
248, 251, 2
248, 251, 3
248, 251, 4
248, 251, 5
248, 251, 6
248, 251, 7
248, 251, 8
248, 252, 0
248, 252, 1
248, 252, 2
248, 252, 3
248, 252, 4
248, 252, 5
248, 252, 6
248, 252, 7
248, 252, 8
248, 253, 0
248, 253, 1
248, 253, 2
248, 253, 3
248, 253, 4
248, 253, 5
248, 253, 6
248, 253, 7
248, 253, 8
248, 254, 0
248, 254, 1
248, 254, 2
248, 254, 3
248, 254, 4
248, 254, 5
248, 254, 6
248, 254, 7
248, 254, 9
248, 255, 0
248, 255, 1
248, 255, 2
248, 255, 3
248, 255, 4
248, 255, 5
248, 255, 6
248, 255, 7
248, 255, 8
248, 255, 9
248, 256, 0
248, 256, 1
248, 256, 2
248, 256, 3
248, 256, 4
248, 256, 5
248, 256, 6
248, 256, 7
248, 256, 8
248, 256, 9
248, 257, 0
248, 257, 1
248, 257, 2
248, 257, 3
248, 257, 4
248, 257, 5
248, 257, 6
248, 257, 7
248, 257, 8
248, 258, 0
248, 258, 1
248, 258, 2
248, 258, 3
248, 258, 4
248, 258, 5
248, 258, 6
248, 258, 7
248, 258, 8
248, 259, 0
248, 259, 1
248, 259, 2
248, 259, 3
248, 259, 4
248, 259, 5
248, 259, 6
248, 259, 7
248, 259, 8
248, 259, 9
248, 260, 1
248, 260, 2
248, 260, 3
248, 260, 4
248, 260, 5
248, 260, 6
248, 260, 7
248, 260, 8
248, 261, 1
248, 261, 2
248, 261, 3
248, 261, 4
248, 261, 5
248, 261, 6
248, 261, 7
248, 261, 8
248, 261, 9
248, 261, 10
248, 262, 1
248, 262, 2
248, 262, 3
248, 262, 4
248, 262, 5
248, 262, 6
248, 262, 7
248, 262, 8
248, 262, 9
248, 263, 1
248, 263, 2
248, 263, 3
248, 263, 4
248, 263, 5
248, 263, 6
248, 263, 7
248, 263, 9
248, 264, 1
248, 264, 2
248, 264, 3
248, 264, 4
248, 264, 5
248, 265, 2
248, 265, 3
248, 265, 4
248, 265, 5
248, 265, 6
248, 266, 3
248, 266, 4
249, 234, 1
249, 234, 2
249, 234, 3
249, 234, 4
249, 235, 1
249, 235, 2
249, 235, 3
249, 235, 4
249, 236, 1
249, 236, 2
249, 236, 3
249, 236, 4
249, 237, 1
249, 237, 2
249, 237, 3
249, 237, 4
249, 237, 5
249, 237, 6
249, 238, 1
249, 238, 2
249, 238, 3
249, 238, 4
249, 238, 5
249, 238, 6
249, 239, 1
249, 239, 2
249, 239, 3
249, 239, 4
249, 239, 5
249, 239, 6
249, 240, 1
249, 240, 2
249, 240, 3
249, 240, 4
249, 240, 5
249, 240, 6
249, 240, 7
249, 240, 8
249, 241, 0
249, 241, 1
249, 241, 2
249, 241, 3
249, 241, 4
249, 241, 5
249, 241, 6
249, 242, 0
249, 242, 1
249, 242, 2
249, 242, 3
249, 242, 4
249, 242, 5
249, 242, 6
249, 243, 0
249, 243, 1
249, 243, 2
249, 243, 3
249, 243, 4
249, 243, 5
249, 243, 6
249, 243, 7
249, 244, 0
249, 244, 1
249, 244, 2
249, 244, 3
249, 244, 4
249, 244, 5
249, 244, 6
249, 244, 7
249, 245, 0
249, 245, 1
249, 245, 2
249, 245, 3
249, 245, 4
249, 245, 5
249, 245, 6
249, 245, 7
249, 245, 8
249, 245, 9
249, 245, 10
249, 246, 0
249, 246, 1
249, 246, 2
249, 246, 3
249, 246, 4
249, 246, 5
249, 246, 6
249, 246, 7
249, 246, 8
249, 246, 9
249, 246, 10
249, 247, 0
249, 247, 1
249, 247, 2
249, 247, 3
249, 247, 4
249, 247, 5
249, 247, 6
249, 247, 7
249, 247, 8
249, 247, 9
249, 247, 10
249, 248, 0
249, 248, 1
249, 248, 2
249, 248, 3
249, 248, 4
249, 248, 5
249, 248, 6
249, 248, 7
249, 248, 8
249, 249, 0
249, 249, 1
249, 249, 2
249, 249, 3
249, 249, 4
249, 249, 5
249, 249, 6
249, 249, 7
249, 249, 8
249, 250, 0
249, 250, 1
249, 250, 2
249, 250, 3
249, 250, 4
249, 250, 5
249, 250, 6
249, 250, 7
249, 250, 8
249, 250, 9
249, 250, 10
249, 251, 0
249, 251, 1
249, 251, 2
249, 251, 3
249, 251, 4
249, 251, 5
249, 251, 6
249, 251, 7
249, 251, 8
249, 251, 9
249, 252, 0
249, 252, 1
249, 252, 2
249, 252, 3
249, 252, 4
249, 252, 5
249, 252, 6
249, 252, 7
249, 253, 0
249, 253, 1
249, 253, 2
249, 253, 3
249, 253, 4
249, 253, 5
249, 253, 6
249, 253, 7
249, 253, 8
249, 253, 9
249, 254, 0
249, 254, 1
249, 254, 2
249, 254, 3
249, 254, 4
249, 254, 5
249, 254, 6
249, 254, 7
249, 254, 8
249, 254, 9
249, 255, 0
249, 255, 1
249, 255, 2
249, 255, 3
249, 255, 4
249, 255, 5
249, 255, 6
249, 255, 7
249, 255, 8
249, 256, 0
249, 256, 1
249, 256, 2
249, 256, 3
249, 256, 4
249, 256, 5
249, 256, 6
249, 256, 7
249, 256, 8
249, 256, 9
249, 257, 0
249, 257, 1
249, 257, 2
249, 257, 3
249, 257, 4
249, 257, 5
249, 257, 6
249, 257, 7
249, 257, 8
249, 257, 9
249, 258, 0
249, 258, 1
249, 258, 2
249, 258, 3
249, 258, 4
249, 258, 5
249, 258, 6
249, 258, 7
249, 258, 8
249, 259, 0
249, 259, 1
249, 259, 2
249, 259, 3
249, 259, 4
249, 259, 5
249, 259, 6
249, 259, 7
249, 259, 8
249, 259, 9
249, 260, 1
249, 260, 2
249, 260, 3
249, 260, 4
249, 260, 5
249, 260, 6
249, 260, 7
249, 260, 8
249, 261, 1
249, 261, 2
249, 261, 3
249, 261, 4
249, 261, 5
249, 261, 6
249, 261, 7
249, 261, 8
249, 262, 1
249, 262, 2
249, 262, 3
249, 262, 4
249, 262, 5
249, 262, 6
249, 262, 7
249, 262, 8
249, 263, 1
249, 263, 2
249, 263, 3
249, 263, 4
249, 263, 5
249, 263, 6
249, 263, 7
249, 263, 8
249, 263, 9
249, 264, 1
249, 264, 2
249, 264, 3
249, 264, 4
249, 264, 5
249, 264, 6
249, 264, 9
249, 265, 1
249, 265, 2
249, 265, 3
249, 265, 4
249, 265, 5
249, 266, 3
249, 266, 5
250, 232, 2
250, 233, 2
250, 234, 1
250, 234, 2
250, 234, 3
250, 235, 1
250, 235, 2
250, 235, 4
250, 235, 5
250, 236, 1
250, 236, 2
250, 236, 3
250, 236, 4
250, 236, 5
250, 236, 6
250, 237, 1
250, 237, 2
250, 237, 3
250, 237, 4
250, 237, 5
250, 237, 6
250, 237, 7
250, 238, 1
250, 238, 2
250, 238, 3
250, 238, 4
250, 238, 5
250, 238, 6
250, 239, 1
250, 239, 2
250, 239, 3
250, 239, 4
250, 239, 5
250, 239, 6
250, 240, 1
250, 240, 2
250, 240, 3
250, 240, 4
250, 240, 5
250, 240, 6
250, 240, 7
250, 241, 0
250, 241, 1
250, 241, 2
250, 241, 3
250, 241, 4
250, 241, 5
250, 241, 6
250, 242, 0
250, 242, 1
250, 242, 2
250, 242, 3
250, 242, 4
250, 242, 5
250, 242, 6
250, 243, 0
250, 243, 1
250, 243, 2
250, 243, 3
250, 243, 4
250, 243, 5
250, 243, 6
250, 243, 7
250, 244, 0
250, 244, 1
250, 244, 2
250, 244, 3
250, 244, 4
250, 244, 5
250, 244, 6
250, 244, 7
250, 245, 0
250, 245, 1
250, 245, 2
250, 245, 3
250, 245, 4
250, 245, 5
250, 245, 6
250, 245, 7
250, 245, 8
250, 246, 0
250, 246, 1
250, 246, 2
250, 246, 3
250, 246, 4
250, 246, 5
250, 246, 6
250, 246, 7
250, 246, 8
250, 247, 0
250, 247, 1
250, 247, 2
250, 247, 3
250, 247, 4
250, 247, 5
250, 247, 6
250, 247, 7
250, 247, 8
250, 247, 9
250, 247, 10
250, 248, 0
250, 248, 1
250, 248, 2
250, 248, 3
250, 248, 4
250, 248, 5
250, 248, 6
250, 248, 7
250, 248, 8
250, 249, 0
250, 249, 1
250, 249, 2
250, 249, 3
250, 249, 4
250, 249, 5
250, 249, 6
250, 249, 7
250, 249, 8
250, 250, 0
250, 250, 1
250, 250, 2
250, 250, 3
250, 250, 4
250, 250, 5
250, 250, 6
250, 250, 7
250, 250, 8
250, 250, 9
250, 250, 10
250, 251, 0
250, 251, 1
250, 251, 2
250, 251, 3
250, 251, 4
250, 251, 5
250, 251, 6
250, 251, 7
250, 251, 8
250, 251, 9
250, 252, 0
250, 252, 1
250, 252, 2
250, 252, 3
250, 252, 4
250, 252, 5
250, 252, 6
250, 252, 7
250, 253, 0
250, 253, 1
250, 253, 2
250, 253, 3
250, 253, 4
250, 253, 5
250, 253, 6
250, 253, 7
250, 253, 8
250, 253, 9
250, 253, 10
250, 254, 0
250, 254, 1
250, 254, 2
250, 254, 3
250, 254, 4
250, 254, 5
250, 254, 6
250, 254, 7
250, 255, 0
250, 255, 1
250, 255, 2
250, 255, 3
250, 255, 4
250, 255, 5
250, 255, 6
250, 255, 7
250, 255, 8
250, 255, 9
250, 256, 0
250, 256, 1
250, 256, 2
250, 256, 3
250, 256, 4
250, 256, 5
250, 256, 6
250, 256, 7
250, 257, 0
250, 257, 1
250, 257, 2
250, 257, 3
250, 257, 4
250, 257, 5
250, 257, 6
250, 257, 7
250, 257, 8
250, 257, 9
250, 258, 0
250, 258, 1
250, 258, 2
250, 258, 3
250, 258, 4
250, 258, 5
250, 258, 6
250, 258, 7
250, 258, 8
250, 258, 9
250, 259, 0
250, 259, 1
250, 259, 2
250, 259, 3
250, 259, 4
250, 259, 5
250, 259, 6
250, 259, 7
250, 259, 8
250, 259, 9
250, 260, 1
250, 260, 2
250, 260, 3
250, 260, 4
250, 260, 5
250, 260, 6
250, 260, 7
250, 260, 8
250, 260, 9
250, 261, 1
250, 261, 2
250, 261, 3
250, 261, 4
250, 261, 5
250, 261, 6
250, 261, 7
250, 261, 8
250, 262, 1
250, 262, 2
250, 262, 3
250, 262, 4
250, 262, 5
250, 262, 6
250, 262, 7
250, 262, 8
250, 263, 1
250, 263, 2
250, 263, 3
250, 263, 4
250, 263, 5
250, 263, 6
250, 263, 7
250, 263, 8
250, 264, 1
250, 264, 2
250, 264, 3
250, 264, 4
250, 264, 5
250, 264, 6
250, 265, 1
250, 265, 2
250, 265, 4
250, 265, 5
250, 265, 6
250, 265, 7
251, 232, 2
251, 234, 1
251, 234, 3
251, 235, 1
251, 235, 2
251, 235, 3
251, 236, 1
251, 236, 2
251, 236, 3
251, 236, 4
251, 236, 5
251, 236, 6
251, 237, 1
251, 237, 2
251, 237, 3
251, 237, 4
251, 237, 5
251, 237, 6
251, 238, 1
251, 238, 2
251, 238, 3
251, 238, 4
251, 238, 5
251, 238, 6
251, 238, 7
251, 239, 1
251, 239, 2
251, 239, 3
251, 239, 4
251, 239, 5
251, 239, 6
251, 239, 7
251, 240, 1
251, 240, 2
251, 240, 3
251, 240, 4
251, 240, 5
251, 240, 6
251, 240, 7
251, 241, 0
251, 241, 1
251, 241, 2
251, 241, 3
251, 241, 4
251, 241, 5
251, 241, 6
251, 242, 0
251, 242, 1
251, 242, 2
251, 242, 3
251, 242, 4
251, 242, 5
251, 242, 6
251, 242, 7
251, 243, 0
251, 243, 1
251, 243, 2
251, 243, 3
251, 243, 4
251, 243, 5
251, 243, 6
251, 243, 7
251, 244, 0
251, 244, 1
251, 244, 2
251, 244, 3
251, 244, 4
251, 244, 5
251, 244, 6
251, 244, 7
251, 244, 8
251, 245, 0
251, 245, 1
251, 245, 2
251, 245, 3
251, 245, 4
251, 245, 5
251, 245, 6
251, 245, 7
251, 245, 8
251, 246, 0
251, 246, 1
251, 246, 2
251, 246, 3
251, 246, 4
251, 246, 5
251, 246, 6
251, 246, 7
251, 246, 8
251, 247, 0
251, 247, 1
251, 247, 2
251, 247, 3
251, 247, 4
251, 247, 5
251, 247, 6
251, 247, 7
251, 247, 8
251, 247, 9
251, 248, 0
251, 248, 1
251, 248, 2
251, 248, 3
251, 248, 4
251, 248, 5
251, 248, 6
251, 248, 7
251, 248, 8
251, 249, 0
251, 249, 1
251, 249, 2
251, 249, 3
251, 249, 4
251, 249, 5
251, 249, 6
251, 249, 7
251, 249, 8
251, 249, 9
251, 250, 0
251, 250, 1
251, 250, 2
251, 250, 3
251, 250, 4
251, 250, 5
251, 250, 6
251, 250, 7
251, 250, 8
251, 250, 9
251, 250, 10
251, 251, 0
251, 251, 1
251, 251, 2
251, 251, 3
251, 251, 4
251, 251, 5
251, 251, 6
251, 251, 7
251, 251, 8
251, 252, 0
251, 252, 1
251, 252, 2
251, 252, 3
251, 252, 4
251, 252, 5
251, 252, 6
251, 252, 7
251, 253, 0
251, 253, 1
251, 253, 2
251, 253, 3
251, 253, 4
251, 253, 5
251, 253, 6
251, 253, 7
251, 253, 9
251, 254, 0
251, 254, 1
251, 254, 2
251, 254, 3
251, 254, 4
251, 254, 5
251, 254, 6
251, 254, 7
251, 254, 8
251, 254, 9
251, 255, 0
251, 255, 1
251, 255, 2
251, 255, 3
251, 255, 4
251, 255, 5
251, 255, 6
251, 255, 7
251, 255, 8
251, 256, 0
251, 256, 1
251, 256, 2
251, 256, 3
251, 256, 4
251, 256, 5
251, 256, 6
251, 256, 7
251, 256, 8
251, 257, 0
251, 257, 1
251, 257, 2
251, 257, 3
251, 257, 4
251, 257, 5
251, 257, 6
251, 257, 7
251, 257, 8
251, 257, 9
251, 258, 0
251, 258, 1
251, 258, 2
251, 258, 3
251, 258, 4
251, 258, 5
251, 258, 6
251, 258, 7
251, 258, 8
251, 258, 9
251, 259, 0
251, 259, 1
251, 259, 2
251, 259, 3
251, 259, 4
251, 259, 5
251, 259, 6
251, 259, 7
251, 259, 8
251, 259, 9
251, 260, 1
251, 260, 2
251, 260, 3
251, 260, 4
251, 260, 5
251, 260, 6
251, 260, 7
251, 260, 8
251, 260, 9
251, 261, 1
251, 261, 2
251, 261, 3
251, 261, 4
251, 261, 5
251, 261, 6
251, 261, 7
251, 261, 8
251, 261, 9
251, 262, 1
251, 262, 2
251, 262, 3
251, 262, 4
251, 262, 5
251, 262, 6
251, 262, 7
251, 262, 8
251, 262, 9
251, 263, 1
251, 263, 2
251, 263, 3
251, 263, 4
251, 263, 5
251, 263, 6
251, 264, 1
251, 264, 2
251, 264, 3
251, 264, 4
251, 264, 5
251, 264, 6
251, 264, 7
251, 265, 1
251, 265, 2
251, 265, 3
251, 265, 4
251, 265, 5
251, 265, 6
251, 266, 5
251, 266, 6
252, 234, 5
252, 235, 2
252, 235, 3
252, 235, 5
252, 236, 1
252, 236, 2
252, 236, 3
252, 236, 4
252, 236, 5
252, 236, 6
252, 237, 1
252, 237, 2
252, 237, 3
252, 237, 4
252, 237, 5
252, 238, 1
252, 238, 2
252, 238, 3
252, 238, 4
252, 238, 6
252, 238, 7
252, 239, 1
252, 239, 2
252, 239, 3
252, 239, 4
252, 239, 6
252, 239, 7
252, 240, 1
252, 240, 2
252, 240, 3
252, 240, 4
252, 240, 5
252, 240, 6
252, 240, 7
252, 240, 8
252, 241, 0
252, 241, 1
252, 241, 2
252, 241, 3
252, 241, 4
252, 241, 5
252, 241, 6
252, 241, 7
252, 242, 0
252, 242, 1
252, 242, 2
252, 242, 3
252, 242, 4
252, 242, 5
252, 242, 6
252, 243, 0
252, 243, 1
252, 243, 2
252, 243, 3
252, 243, 4
252, 243, 5
252, 243, 6
252, 243, 7
252, 243, 8
252, 244, 0
252, 244, 1
252, 244, 2
252, 244, 3
252, 244, 4
252, 244, 5
252, 244, 6
252, 244, 7
252, 244, 8
252, 245, 0
252, 245, 1
252, 245, 2
252, 245, 3
252, 245, 4
252, 245, 5
252, 245, 6
252, 245, 7
252, 245, 8
252, 245, 9
252, 246, 0
252, 246, 1
252, 246, 2
252, 246, 3
252, 246, 4
252, 246, 5
252, 246, 6
252, 246, 7
252, 246, 8
252, 247, 0
252, 247, 1
252, 247, 2
252, 247, 3
252, 247, 4
252, 247, 5
252, 247, 6
252, 247, 7
252, 247, 8
252, 247, 9
252, 248, 0
252, 248, 1
252, 248, 2
252, 248, 3
252, 248, 4
252, 248, 5
252, 248, 6
252, 248, 7
252, 248, 8
252, 248, 9
252, 249, 0
252, 249, 1
252, 249, 2
252, 249, 3
252, 249, 4
252, 249, 5
252, 249, 6
252, 249, 7
252, 249, 8
252, 249, 9
252, 250, 0
252, 250, 1
252, 250, 2
252, 250, 3
252, 250, 4
252, 250, 5
252, 250, 6
252, 250, 7
252, 250, 8
252, 251, 0
252, 251, 1
252, 251, 2
252, 251, 3
252, 251, 4
252, 251, 5
252, 251, 6
252, 251, 7
252, 251, 8
252, 252, 0
252, 252, 1
252, 252, 2
252, 252, 3
252, 252, 4
252, 252, 5
252, 252, 6
252, 252, 7
252, 252, 8
252, 253, 0
252, 253, 1
252, 253, 2
252, 253, 3
252, 253, 4
252, 253, 5
252, 253, 6
252, 253, 7
252, 253, 8
252, 253, 9
252, 254, 0
252, 254, 1
252, 254, 2
252, 254, 3
252, 254, 4
252, 254, 5
252, 254, 6
252, 254, 7
252, 254, 8
252, 254, 9
252, 255, 0
252, 255, 1
252, 255, 2
252, 255, 3
252, 255, 4
252, 255, 5
252, 255, 6
252, 255, 7
252, 255, 8
252, 255, 9
252, 255, 10
252, 256, 0
252, 256, 1
252, 256, 2
252, 256, 3
252, 256, 4
252, 256, 5
252, 256, 6
252, 256, 7
252, 257, 0
252, 257, 1
252, 257, 2
252, 257, 3
252, 257, 4
252, 257, 5
252, 257, 6
252, 257, 7
252, 257, 8
252, 258, 0
252, 258, 1
252, 258, 2
252, 258, 3
252, 258, 4
252, 258, 5
252, 258, 6
252, 258, 7
252, 258, 8
252, 259, 0
252, 259, 1
252, 259, 2
252, 259, 3
252, 259, 4
252, 259, 5
252, 259, 6
252, 259, 7
252, 259, 8
252, 260, 1
252, 260, 2
252, 260, 3
252, 260, 4
252, 260, 5
252, 260, 6
252, 260, 7
252, 260, 8
252, 260, 9
252, 261, 1
252, 261, 2
252, 261, 3
252, 261, 4
252, 261, 5
252, 261, 6
252, 261, 7
252, 262, 1
252, 262, 2
252, 262, 3
252, 262, 4
252, 262, 5
252, 262, 6
252, 262, 7
252, 263, 1
252, 263, 2
252, 263, 3
252, 263, 4
252, 263, 5
252, 263, 6
252, 264, 1
252, 264, 2
252, 264, 3
252, 264, 4
252, 264, 5
252, 264, 6
252, 265, 2
252, 265, 3
252, 265, 4
252, 265, 5
252, 265, 6
252, 266, 1
252, 266, 2
252, 266, 3
252, 266, 4
252, 266, 5
252, 266, 6
252, 267, 4
252, 268, 3
253, 235, 2
253, 235, 3
253, 236, 1
253, 236, 2
253, 236, 3
253, 236, 4
253, 237, 1
253, 237, 2
253, 237, 3
253, 237, 4
253, 238, 1
253, 238, 2
253, 238, 3
253, 238, 4
253, 238, 5
253, 238, 6
253, 239, 1
253, 239, 2
253, 239, 3
253, 239, 4
253, 239, 5
253, 239, 6
253, 240, 1
253, 240, 2
253, 240, 3
253, 240, 4
253, 240, 5
253, 240, 6
253, 240, 7
253, 240, 8
253, 241, 0
253, 241, 1
253, 241, 2
253, 241, 3
253, 241, 4
253, 241, 5
253, 241, 6
253, 242, 0
253, 242, 1
253, 242, 2
253, 242, 3
253, 242, 4
253, 242, 5
253, 242, 6
253, 242, 7
253, 242, 8
253, 243, 0
253, 243, 1
253, 243, 2
253, 243, 3
253, 243, 4
253, 243, 5
253, 243, 6
253, 243, 7
253, 243, 8
253, 244, 0
253, 244, 1
253, 244, 2
253, 244, 3
253, 244, 4
253, 244, 5
253, 244, 6
253, 244, 7
253, 244, 8
253, 245, 0
253, 245, 1
253, 245, 2
253, 245, 3
253, 245, 4
253, 245, 5
253, 245, 6
253, 245, 8
253, 245, 9
253, 246, 0
253, 246, 1
253, 246, 2
253, 246, 3
253, 246, 4
253, 246, 5
253, 246, 6
253, 246, 7
253, 246, 8
253, 246, 9
253, 247, 0
253, 247, 1
253, 247, 2
253, 247, 3
253, 247, 4
253, 247, 5
253, 247, 6
253, 247, 7
253, 248, 0
253, 248, 1
253, 248, 2
253, 248, 3
253, 248, 4
253, 248, 5
253, 248, 6
253, 248, 7
253, 248, 8
253, 248, 9
253, 249, 0
253, 249, 1
253, 249, 2
253, 249, 3
253, 249, 4
253, 249, 5
253, 249, 6
253, 249, 7
253, 249, 8
253, 249, 9
253, 250, 0
253, 250, 1
253, 250, 2
253, 250, 3
253, 250, 4
253, 250, 5
253, 250, 6
253, 250, 7
253, 250, 8
253, 251, 0
253, 251, 1
253, 251, 2
253, 251, 3
253, 251, 4
253, 251, 5
253, 251, 6
253, 251, 7
253, 251, 8
253, 252, 0
253, 252, 1
253, 252, 2
253, 252, 3
253, 252, 4
253, 252, 5
253, 252, 6
253, 252, 7
253, 252, 8
253, 253, 0
253, 253, 1
253, 253, 2
253, 253, 3
253, 253, 4
253, 253, 5
253, 253, 6
253, 253, 7
253, 253, 8
253, 254, 0
253, 254, 1
253, 254, 2
253, 254, 3
253, 254, 4
253, 254, 5
253, 254, 6
253, 254, 7
253, 254, 8
253, 255, 0
253, 255, 1
253, 255, 2
253, 255, 3
253, 255, 4
253, 255, 5
253, 255, 6
253, 255, 7
253, 255, 8
253, 256, 0
253, 256, 1
253, 256, 2
253, 256, 3
253, 256, 4
253, 256, 5
253, 256, 6
253, 256, 7
253, 256, 8
253, 256, 9
253, 257, 0
253, 257, 1
253, 257, 2
253, 257, 3
253, 257, 4
253, 257, 5
253, 257, 6
253, 257, 7
253, 257, 8
253, 258, 0
253, 258, 1
253, 258, 2
253, 258, 3
253, 258, 4
253, 258, 5
253, 258, 6
253, 258, 7
253, 258, 8
253, 258, 9
253, 259, 0
253, 259, 1
253, 259, 2
253, 259, 3
253, 259, 4
253, 259, 5
253, 259, 6
253, 259, 7
253, 259, 8
253, 260, 1
253, 260, 2
253, 260, 3
253, 260, 4
253, 260, 5
253, 260, 6
253, 260, 7
253, 260, 8
253, 260, 9
253, 261, 1
253, 261, 2
253, 261, 3
253, 261, 4
253, 261, 5
253, 261, 6
253, 261, 7
253, 262, 1
253, 262, 2
253, 262, 3
253, 262, 4
253, 262, 5
253, 262, 6
253, 262, 7
253, 262, 8
253, 263, 1
253, 263, 2
253, 263, 3
253, 263, 4
253, 263, 5
253, 263, 6
253, 264, 1
253, 264, 2
253, 264, 3
253, 264, 4
253, 264, 5
253, 264, 6
253, 265, 1
253, 265, 2
253, 265, 3
253, 265, 4
253, 265, 5
253, 265, 6
253, 266, 1
253, 266, 2
253, 266, 3
253, 266, 4
253, 267, 3
253, 267, 4
253, 268, 3
254, 235, 3
254, 235, 4
254, 236, 1
254, 236, 2
254, 236, 3
254, 236, 4
254, 236, 5
254, 237, 1
254, 237, 2
254, 237, 3
254, 237, 4
254, 237, 5
254, 238, 1
254, 238, 2
254, 238, 3
254, 238, 4
254, 238, 5
254, 238, 6
254, 239, 1
254, 239, 2
254, 239, 3
254, 239, 4
254, 239, 5
254, 239, 6
254, 240, 1
254, 240, 2
254, 240, 3
254, 240, 4
254, 240, 5
254, 240, 6
254, 241, 0
254, 241, 1
254, 241, 2
254, 241, 3
254, 241, 4
254, 241, 5
254, 241, 6
254, 242, 0
254, 242, 1
254, 242, 2
254, 242, 3
254, 242, 4
254, 242, 5
254, 242, 6
254, 242, 7
254, 243, 0
254, 243, 1
254, 243, 2
254, 243, 3
254, 243, 4
254, 243, 5
254, 243, 6
254, 243, 7
254, 244, 0
254, 244, 1
254, 244, 2
254, 244, 3
254, 244, 4
254, 244, 5
254, 244, 6
254, 244, 7
254, 244, 8
254, 245, 0
254, 245, 1
254, 245, 2
254, 245, 3
254, 245, 4
254, 245, 5
254, 245, 6
254, 245, 7
254, 245, 8
254, 245, 9
254, 246, 0
254, 246, 1
254, 246, 2
254, 246, 3
254, 246, 4
254, 246, 5
254, 246, 6
254, 246, 7
254, 247, 0
254, 247, 1
254, 247, 2
254, 247, 3
254, 247, 4
254, 247, 5
254, 247, 6
254, 247, 7
254, 247, 8
254, 248, 0
254, 248, 1
254, 248, 2
254, 248, 3
254, 248, 4
254, 248, 5
254, 248, 6
254, 248, 7
254, 249, 0
254, 249, 1
254, 249, 2
254, 249, 3
254, 249, 4
254, 249, 5
254, 249, 6
254, 249, 7
254, 249, 8
254, 250, 0
254, 250, 1
254, 250, 2
254, 250, 3
254, 250, 4
254, 250, 5
254, 250, 6
254, 250, 7
254, 250, 8
254, 251, 0
254, 251, 1
254, 251, 2
254, 251, 3
254, 251, 4
254, 251, 5
254, 251, 6
254, 251, 7
254, 251, 8
254, 251, 9
254, 252, 0
254, 252, 1
254, 252, 2
254, 252, 3
254, 252, 4
254, 252, 5
254, 252, 6
254, 252, 7
254, 252, 8
254, 253, 0
254, 253, 1
254, 253, 2
254, 253, 3
254, 253, 4
254, 253, 5
254, 253, 6
254, 253, 7
254, 253, 8
254, 253, 9
254, 254, 0
254, 254, 1
254, 254, 2
254, 254, 3
254, 254, 4
254, 254, 5
254, 254, 6
254, 254, 7
254, 254, 8
254, 255, 0
254, 255, 1
254, 255, 2
254, 255, 3
254, 255, 4
254, 255, 5
254, 255, 6
254, 255, 7
254, 256, 0
254, 256, 1
254, 256, 2
254, 256, 3
254, 256, 4
254, 256, 5
254, 256, 6
254, 256, 7
254, 256, 8
254, 256, 9
254, 257, 0
254, 257, 1
254, 257, 2
254, 257, 3
254, 257, 4
254, 257, 5
254, 257, 6
254, 257, 7
254, 257, 8
254, 257, 9
254, 258, 0
254, 258, 1
254, 258, 2
254, 258, 3
254, 258, 4
254, 258, 5
254, 258, 6
254, 258, 7
254, 258, 8
254, 259, 0
254, 259, 1
254, 259, 2
254, 259, 3
254, 259, 4
254, 259, 5
254, 259, 6
254, 259, 7
254, 259, 8
254, 259, 9
254, 260, 1
254, 260, 2
254, 260, 3
254, 260, 4
254, 260, 5
254, 260, 6
254, 260, 7
254, 260, 8
254, 261, 1
254, 261, 2
254, 261, 3
254, 261, 4
254, 261, 5
254, 261, 6
254, 261, 7
254, 262, 1
254, 262, 2
254, 262, 3
254, 262, 4
254, 262, 5
254, 262, 6
254, 263, 1
254, 263, 2
254, 263, 3
254, 263, 4
254, 263, 5
254, 263, 6
254, 263, 7
254, 264, 1
254, 264, 2
254, 264, 3
254, 264, 4
254, 264, 5
254, 264, 6
254, 264, 7
254, 265, 1
254, 265, 2
254, 265, 3
254, 265, 4
254, 265, 5
254, 265, 6
254, 266, 1
254, 266, 3
254, 266, 4
254, 266, 5
254, 267, 4
254, 267, 5
254, 268, 5
255, 236, 1
255, 237, 1
255, 237, 2
255, 237, 3
255, 237, 4
255, 237, 5
255, 237, 6
255, 238, 1
255, 238, 2
255, 238, 3
255, 238, 4
255, 238, 5
255, 239, 1
255, 239, 2
255, 239, 3
255, 239, 4
255, 239, 5
255, 239, 6
255, 239, 7
255, 240, 1
255, 240, 2
255, 240, 3
255, 240, 4
255, 240, 5
255, 240, 6
255, 241, 1
255, 241, 2
255, 241, 3
255, 241, 4
255, 241, 5
255, 241, 6
255, 242, 0
255, 242, 1
255, 242, 2
255, 242, 3
255, 242, 4
255, 242, 5
255, 242, 6
255, 242, 7
255, 243, 0
255, 243, 1
255, 243, 2
255, 243, 3
255, 243, 4
255, 243, 5
255, 243, 6
255, 243, 7
255, 244, 0
255, 244, 1
255, 244, 2
255, 244, 3
255, 244, 4
255, 244, 5
255, 244, 6
255, 244, 7
255, 244, 8
255, 245, 0
255, 245, 1
255, 245, 2
255, 245, 3
255, 245, 4
255, 245, 5
255, 245, 6
255, 245, 7
255, 245, 8
255, 246, 0
255, 246, 1
255, 246, 2
255, 246, 3
255, 246, 4
255, 246, 5
255, 246, 6
255, 246, 7
255, 246, 8
255, 247, 0
255, 247, 1
255, 247, 2
255, 247, 3
255, 247, 4
255, 247, 5
255, 247, 6
255, 247, 7
255, 247, 8
255, 248, 0
255, 248, 1
255, 248, 2
255, 248, 3
255, 248, 4
255, 248, 5
255, 248, 6
255, 248, 7
255, 249, 0
255, 249, 1
255, 249, 2
255, 249, 3
255, 249, 4
255, 249, 5
255, 249, 6
255, 249, 7
255, 249, 8
255, 250, 0
255, 250, 1
255, 250, 2
255, 250, 3
255, 250, 4
255, 250, 5
255, 250, 6
255, 250, 7
255, 251, 0
255, 251, 1
255, 251, 2
255, 251, 3
255, 251, 4
255, 251, 5
255, 251, 6
255, 251, 7
255, 252, 0
255, 252, 1
255, 252, 2
255, 252, 3
255, 252, 4
255, 252, 5
255, 252, 6
255, 252, 7
255, 252, 8
255, 252, 9
255, 253, 0
255, 253, 1
255, 253, 2
255, 253, 3
255, 253, 4
255, 253, 5
255, 253, 6
255, 253, 7
255, 253, 8
255, 253, 9
255, 253, 10
255, 254, 0
255, 254, 1
255, 254, 2
255, 254, 3
255, 254, 4
255, 254, 5
255, 254, 6
255, 254, 7
255, 254, 8
255, 255, 0
255, 255, 1
255, 255, 2
255, 255, 3
255, 255, 4
255, 255, 5
255, 255, 6
255, 255, 7
255, 255, 8
255, 255, 9
255, 256, 0
255, 256, 1
255, 256, 2
255, 256, 3
255, 256, 4
255, 256, 5
255, 256, 6
255, 256, 7
255, 256, 8
255, 256, 9
255, 257, 0
255, 257, 1
255, 257, 2
255, 257, 3
255, 257, 4
255, 257, 5
255, 257, 6
255, 257, 7
255, 257, 8
255, 257, 10
255, 258, 0
255, 258, 1
255, 258, 2
255, 258, 3
255, 258, 4
255, 258, 5
255, 258, 6
255, 258, 7
255, 258, 8
255, 258, 9
255, 258, 10
255, 259, 1
255, 259, 2
255, 259, 3
255, 259, 4
255, 259, 5
255, 259, 6
255, 259, 7
255, 259, 8
255, 259, 9
255, 260, 1
255, 260, 2
255, 260, 3
255, 260, 4
255, 260, 5
255, 260, 7
255, 260, 8
255, 261, 1
255, 261, 2
255, 261, 3
255, 261, 4
255, 261, 5
255, 261, 6
255, 261, 7
255, 261, 8
255, 262, 1
255, 262, 2
255, 262, 3
255, 262, 4
255, 262, 5
255, 262, 6
255, 263, 1
255, 263, 2
255, 263, 3
255, 263, 4
255, 263, 5
255, 263, 6
255, 264, 1
255, 264, 2
255, 264, 3
255, 264, 4
255, 265, 1
255, 265, 2
255, 265, 3
255, 265, 4
255, 266, 1
255, 266, 2
255, 266, 3
255, 266, 4
255, 266, 5
255, 267, 1
255, 267, 2
255, 267, 3
255, 267, 4
255, 267, 5
255, 268, 3
256, 236, 4
256, 237, 1
256, 237, 3
256, 237, 4
256, 238, 1
256, 238, 2
256, 238, 3
256, 238, 4
256, 238, 5
256, 238, 6
256, 239, 1
256, 239, 2
256, 239, 3
256, 239, 4
256, 239, 5
256, 239, 6
256, 239, 7
256, 240, 1
256, 240, 2
256, 240, 3
256, 240, 4
256, 240, 5
256, 240, 6
256, 241, 1
256, 241, 2
256, 241, 3
256, 241, 4
256, 241, 5
256, 241, 6
256, 241, 7
256, 241, 8
256, 242, 1
256, 242, 2
256, 242, 3
256, 242, 4
256, 242, 5
256, 242, 6
256, 242, 7
256, 242, 8
256, 243, 0
256, 243, 1
256, 243, 2
256, 243, 3
256, 243, 4
256, 243, 5
256, 243, 6
256, 243, 7
256, 244, 0
256, 244, 1
256, 244, 2
256, 244, 3
256, 244, 4
256, 244, 5
256, 244, 6
256, 244, 7
256, 244, 8
256, 245, 0
256, 245, 1
256, 245, 2
256, 245, 3
256, 245, 4
256, 245, 5
256, 245, 6
256, 245, 7
256, 245, 8
256, 245, 9
256, 245, 10
256, 246, 0
256, 246, 1
256, 246, 2
256, 246, 3
256, 246, 4
256, 246, 5
256, 246, 6
256, 246, 7
256, 247, 0
256, 247, 1
256, 247, 2
256, 247, 3
256, 247, 4
256, 247, 5
256, 247, 6
256, 247, 7
256, 247, 8
256, 248, 0
256, 248, 1
256, 248, 2
256, 248, 3
256, 248, 4
256, 248, 5
256, 248, 6
256, 248, 7
256, 249, 0
256, 249, 1
256, 249, 2
256, 249, 3
256, 249, 4
256, 249, 5
256, 249, 6
256, 249, 7
256, 250, 0
256, 250, 1
256, 250, 2
256, 250, 3
256, 250, 4
256, 250, 5
256, 250, 6
256, 250, 7
256, 250, 8
256, 250, 9
256, 251, 0
256, 251, 1
256, 251, 2
256, 251, 3
256, 251, 4
256, 251, 5
256, 251, 6
256, 251, 7
256, 251, 8
256, 252, 0
256, 252, 1
256, 252, 2
256, 252, 3
256, 252, 4
256, 252, 5
256, 252, 6
256, 252, 7
256, 252, 8
256, 252, 9
256, 253, 0
256, 253, 1
256, 253, 2
256, 253, 3
256, 253, 4
256, 253, 5
256, 253, 6
256, 253, 7
256, 253, 8
256, 253, 9
256, 254, 0
256, 254, 1
256, 254, 2
256, 254, 3
256, 254, 4
256, 254, 5
256, 254, 6
256, 254, 7
256, 254, 8
256, 254, 9
256, 255, 0
256, 255, 1
256, 255, 2
256, 255, 3
256, 255, 4
256, 255, 5
256, 255, 6
256, 255, 7
256, 255, 8
256, 255, 9
256, 255, 10
256, 256, 0
256, 256, 1
256, 256, 2
256, 256, 3
256, 256, 4
256, 256, 5
256, 256, 6
256, 256, 7
256, 256, 8
256, 256, 9
256, 257, 0
256, 257, 1
256, 257, 2
256, 257, 3
256, 257, 4
256, 257, 5
256, 257, 6
256, 257, 7
256, 257, 8
256, 257, 9
256, 257, 10
256, 258, 1
256, 258, 2
256, 258, 3
256, 258, 4
256, 258, 5
256, 258, 6
256, 258, 7
256, 258, 8
256, 258, 9
256, 258, 10
256, 259, 1
256, 259, 2
256, 259, 3
256, 259, 4
256, 259, 5
256, 259, 6
256, 259, 8
256, 259, 9
256, 260, 1
256, 260, 2
256, 260, 3
256, 260, 4
256, 260, 5
256, 260, 6
256, 260, 8
256, 260, 9
256, 261, 1
256, 261, 2
256, 261, 3
256, 261, 4
256, 261, 5
256, 261, 6
256, 261, 8
256, 261, 10
256, 262, 1
256, 262, 2
256, 262, 3
256, 262, 4
256, 262, 5
256, 262, 6
256, 263, 1
256, 263, 2
256, 263, 3
256, 263, 4
256, 263, 5
256, 263, 6
256, 264, 1
256, 264, 2
256, 264, 4
256, 265, 1
256, 265, 2
256, 265, 3
256, 265, 4
256, 266, 1
256, 266, 2
256, 266, 4
256, 268, 3
257, 236, 1
257, 237, 1
257, 237, 2
257, 237, 3
257, 237, 4
257, 238, 1
257, 238, 2
257, 238, 3
257, 238, 5
257, 238, 6
257, 239, 1
257, 239, 2
257, 239, 3
257, 239, 4
257, 239, 5
257, 239, 6
257, 240, 1
257, 240, 2
257, 240, 3
257, 240, 4
257, 240, 5
257, 240, 6
257, 240, 7
257, 240, 10
257, 241, 1
257, 241, 2
257, 241, 3
257, 241, 4
257, 241, 5
257, 241, 6
257, 241, 7
257, 241, 9
257, 241, 10
257, 242, 1
257, 242, 2
257, 242, 3
257, 242, 4
257, 242, 5
257, 242, 6
257, 242, 7
257, 242, 8
257, 242, 9
257, 242, 10
257, 243, 0
257, 243, 1
257, 243, 2
257, 243, 3
257, 243, 4
257, 243, 5
257, 243, 6
257, 243, 7
257, 243, 9
257, 244, 0
257, 244, 1
257, 244, 2
257, 244, 3
257, 244, 4
257, 244, 5
257, 244, 6
257, 244, 7
257, 244, 8
257, 244, 9
257, 245, 0
257, 245, 1
257, 245, 2
257, 245, 3
257, 245, 4
257, 245, 5
257, 245, 6
257, 245, 7
257, 245, 9
257, 246, 0
257, 246, 1
257, 246, 2
257, 246, 3
257, 246, 4
257, 246, 5
257, 246, 6
257, 246, 7
257, 246, 8
257, 247, 0
257, 247, 1
257, 247, 2
257, 247, 3
257, 247, 4
257, 247, 5
257, 247, 6
257, 247, 7
257, 247, 8
257, 248, 0
257, 248, 1
257, 248, 2
257, 248, 3
257, 248, 4
257, 248, 5
257, 248, 6
257, 248, 7
257, 249, 0
257, 249, 1
257, 249, 2
257, 249, 3
257, 249, 4
257, 249, 5
257, 249, 6
257, 249, 7
257, 250, 0
257, 250, 1
257, 250, 2
257, 250, 3
257, 250, 4
257, 250, 5
257, 250, 6
257, 250, 7
257, 250, 8
257, 250, 9
257, 251, 0
257, 251, 1
257, 251, 2
257, 251, 3
257, 251, 4
257, 251, 5
257, 251, 6
257, 251, 7
257, 251, 8
257, 252, 0
257, 252, 1
257, 252, 2
257, 252, 3
257, 252, 4
257, 252, 5
257, 252, 6
257, 252, 7
257, 252, 8
257, 252, 9
257, 252, 10
257, 253, 0
257, 253, 1
257, 253, 2
257, 253, 3
257, 253, 4
257, 253, 5
257, 253, 6
257, 253, 7
257, 253, 8
257, 254, 0
257, 254, 1
257, 254, 2
257, 254, 3
257, 254, 4
257, 254, 5
257, 254, 6
257, 254, 7
257, 254, 8
257, 254, 9
257, 254, 10
257, 255, 0
257, 255, 1
257, 255, 2
257, 255, 3
257, 255, 4
257, 255, 5
257, 255, 6
257, 255, 7
257, 255, 8
257, 255, 9
257, 255, 10
257, 256, 0
257, 256, 1
257, 256, 2
257, 256, 3
257, 256, 4
257, 256, 5
257, 256, 6
257, 256, 7
257, 256, 8
257, 256, 9
257, 257, 0
257, 257, 1
257, 257, 2
257, 257, 3
257, 257, 4
257, 257, 5
257, 257, 6
257, 257, 7
257, 257, 8
257, 257, 9
257, 257, 10
257, 258, 1
257, 258, 2
257, 258, 3
257, 258, 4
257, 258, 5
257, 258, 6
257, 258, 7
257, 258, 8
257, 258, 9
257, 258, 10
257, 259, 1
257, 259, 2
257, 259, 3
257, 259, 4
257, 259, 5
257, 259, 6
257, 259, 7
257, 259, 9
257, 259, 10
257, 260, 1
257, 260, 2
257, 260, 3
257, 260, 4
257, 260, 5
257, 260, 6
257, 260, 7
257, 260, 9
257, 260, 10
257, 261, 1
257, 261, 2
257, 261, 3
257, 261, 4
257, 261, 5
257, 261, 6
257, 261, 9
257, 261, 10
257, 262, 1
257, 262, 2
257, 262, 3
257, 262, 4
257, 262, 5
257, 262, 6
257, 262, 9
257, 262, 10
257, 263, 1
257, 263, 2
257, 263, 3
257, 263, 4
257, 263, 5
257, 264, 1
257, 264, 2
257, 264, 3
257, 264, 4
257, 265, 1
257, 265, 2
258, 237, 1
258, 237, 2
258, 237, 3
258, 238, 1
258, 238, 2
258, 238, 3
258, 238, 4
258, 238, 5
258, 239, 1
258, 239, 2
258, 239, 3
258, 239, 4
258, 239, 5
258, 239, 6
258, 240, 1
258, 240, 2
258, 240, 3
258, 240, 4
258, 240, 5
258, 240, 6
258, 240, 7
258, 241, 1
258, 241, 2
258, 241, 3
258, 241, 4
258, 241, 5
258, 241, 6
258, 241, 7
258, 241, 8
258, 242, 1
258, 242, 2
258, 242, 3
258, 242, 4
258, 242, 5
258, 242, 6
258, 242, 7
258, 242, 8
258, 242, 9
258, 243, 1
258, 243, 2
258, 243, 3
258, 243, 4
258, 243, 5
258, 243, 6
258, 243, 7
258, 243, 8
258, 244, 1
258, 244, 2
258, 244, 3
258, 244, 4
258, 244, 5
258, 244, 6
258, 244, 7
258, 244, 8
258, 245, 0
258, 245, 1
258, 245, 2
258, 245, 3
258, 245, 4
258, 245, 5
258, 245, 6
258, 245, 7
258, 246, 0
258, 246, 1
258, 246, 2
258, 246, 3
258, 246, 4
258, 246, 5
258, 246, 6
258, 246, 7
258, 246, 8
258, 247, 0
258, 247, 1
258, 247, 2
258, 247, 3
258, 247, 4
258, 247, 5
258, 247, 6
258, 247, 7
258, 247, 8
258, 248, 0
258, 248, 1
258, 248, 2
258, 248, 3
258, 248, 4
258, 248, 5
258, 248, 6
258, 248, 7
258, 248, 8
258, 249, 0
258, 249, 1
258, 249, 2
258, 249, 3
258, 249, 4
258, 249, 5
258, 249, 6
258, 249, 7
258, 250, 0
258, 250, 1
258, 250, 2
258, 250, 3
258, 250, 4
258, 250, 5
258, 250, 6
258, 250, 7
258, 250, 8
258, 251, 0
258, 251, 1
258, 251, 2
258, 251, 3
258, 251, 4
258, 251, 5
258, 251, 6
258, 251, 7
258, 251, 8
258, 252, 0
258, 252, 1
258, 252, 2
258, 252, 3
258, 252, 4
258, 252, 5
258, 252, 6
258, 252, 7
258, 252, 8
258, 252, 9
258, 252, 10
258, 253, 0
258, 253, 1
258, 253, 2
258, 253, 3
258, 253, 4
258, 253, 5
258, 253, 6
258, 253, 7
258, 253, 8
258, 253, 9
258, 253, 10
258, 254, 0
258, 254, 1
258, 254, 2
258, 254, 3
258, 254, 4
258, 254, 5
258, 254, 6
258, 254, 7
258, 254, 8
258, 254, 9
258, 255, 0
258, 255, 1
258, 255, 2
258, 255, 3
258, 255, 4
258, 255, 5
258, 255, 6
258, 255, 7
258, 255, 8
258, 255, 9
258, 256, 1
258, 256, 2
258, 256, 3
258, 256, 4
258, 256, 5
258, 256, 6
258, 256, 7
258, 256, 8
258, 256, 9
258, 257, 1
258, 257, 2
258, 257, 3
258, 257, 4
258, 257, 5
258, 257, 6
258, 257, 7
258, 257, 8
258, 257, 9
258, 258, 1
258, 258, 2
258, 258, 3
258, 258, 4
258, 258, 5
258, 258, 6
258, 258, 7
258, 258, 8
258, 258, 9
258, 259, 1
258, 259, 2
258, 259, 3
258, 259, 4
258, 259, 5
258, 259, 6
258, 259, 7
258, 259, 8
258, 259, 9
258, 260, 1
258, 260, 2
258, 260, 3
258, 260, 4
258, 260, 5
258, 260, 6
258, 260, 8
258, 260, 9
258, 260, 10
258, 261, 1
258, 261, 2
258, 261, 3
258, 261, 4
258, 261, 5
258, 261, 6
258, 261, 9
258, 262, 1
258, 262, 2
258, 262, 3
258, 262, 4
258, 263, 1
258, 263, 2
258, 263, 3
258, 263, 4
258, 264, 4
259, 237, 1
259, 237, 2
259, 238, 1
259, 238, 2
259, 238, 4
259, 238, 5
259, 238, 6
259, 239, 1
259, 239, 2
259, 239, 3
259, 239, 4
259, 239, 5
259, 239, 6
259, 240, 1
259, 240, 2
259, 240, 3
259, 240, 4
259, 240, 5
259, 240, 7
259, 241, 1
259, 241, 2
259, 241, 3
259, 241, 4
259, 241, 5
259, 241, 6
259, 241, 7
259, 241, 8
259, 242, 1
259, 242, 2
259, 242, 3
259, 242, 4
259, 242, 5
259, 242, 6
259, 242, 7
259, 243, 1
259, 243, 2
259, 243, 3
259, 243, 4
259, 243, 5
259, 243, 6
259, 243, 7
259, 243, 8
259, 244, 1
259, 244, 2
259, 244, 3
259, 244, 4
259, 244, 5
259, 244, 6
259, 244, 7
259, 244, 8
259, 245, 1
259, 245, 2
259, 245, 3
259, 245, 4
259, 245, 5
259, 245, 6
259, 245, 7
259, 245, 8
259, 245, 9
259, 246, 0
259, 246, 1
259, 246, 2
259, 246, 3
259, 246, 4
259, 246, 5
259, 246, 6
259, 246, 7
259, 246, 8
259, 247, 0
259, 247, 1
259, 247, 2
259, 247, 3
259, 247, 4
259, 247, 5
259, 247, 6
259, 247, 7
259, 247, 8
259, 248, 0
259, 248, 1
259, 248, 2
259, 248, 3
259, 248, 4
259, 248, 5
259, 248, 6
259, 248, 7
259, 249, 0
259, 249, 1
259, 249, 2
259, 249, 3
259, 249, 4
259, 249, 5
259, 249, 6
259, 249, 7
259, 249, 8
259, 250, 0
259, 250, 1
259, 250, 2
259, 250, 3
259, 250, 4
259, 250, 5
259, 250, 6
259, 250, 7
259, 250, 8
259, 251, 0
259, 251, 1
259, 251, 2
259, 251, 3
259, 251, 4
259, 251, 5
259, 251, 6
259, 251, 7
259, 251, 8
259, 252, 0
259, 252, 1
259, 252, 2
259, 252, 3
259, 252, 4
259, 252, 5
259, 252, 6
259, 252, 7
259, 252, 8
259, 252, 9
259, 253, 0
259, 253, 1
259, 253, 2
259, 253, 3
259, 253, 4
259, 253, 5
259, 253, 6
259, 253, 7
259, 253, 8
259, 253, 9
259, 254, 0
259, 254, 1
259, 254, 2
259, 254, 3
259, 254, 4
259, 254, 5
259, 254, 6
259, 254, 7
259, 254, 8
259, 254, 9
259, 255, 1
259, 255, 2
259, 255, 3
259, 255, 4
259, 255, 5
259, 255, 6
259, 255, 7
259, 255, 8
259, 255, 9
259, 256, 1
259, 256, 2
259, 256, 3
259, 256, 4
259, 256, 5
259, 256, 6
259, 256, 7
259, 256, 8
259, 256, 9
259, 256, 10
259, 257, 1
259, 257, 2
259, 257, 3
259, 257, 4
259, 257, 5
259, 257, 6
259, 257, 7
259, 257, 8
259, 257, 9
259, 258, 1
259, 258, 2
259, 258, 3
259, 258, 4
259, 258, 5
259, 258, 6
259, 258, 7
259, 258, 8
259, 258, 9
259, 259, 1
259, 259, 2
259, 259, 3
259, 259, 4
259, 259, 5
259, 259, 6
259, 259, 7
259, 259, 8
259, 259, 9
259, 260, 1
259, 260, 2
259, 260, 3
259, 260, 4
259, 260, 9
259, 260, 10
259, 261, 1
259, 261, 2
259, 261, 3
259, 261, 4
259, 261, 5
259, 261, 6
259, 261, 9
259, 261, 10
259, 262, 1
259, 262, 2
259, 262, 3
259, 263, 1
259, 263, 2
260, 236, 1
260, 237, 1
260, 237, 4
260, 238, 1
260, 238, 2
260, 238, 3
260, 238, 4
260, 239, 1
260, 239, 2
260, 239, 3
260, 239, 4
260, 239, 5
260, 240, 1
260, 240, 2
260, 240, 3
260, 240, 4
260, 240, 5
260, 240, 6
260, 241, 1
260, 241, 2
260, 241, 3
260, 241, 4
260, 241, 5
260, 241, 6
260, 242, 1
260, 242, 2
260, 242, 3
260, 242, 4
260, 242, 5
260, 242, 6
260, 242, 7
260, 243, 1
260, 243, 2
260, 243, 3
260, 243, 4
260, 243, 5
260, 243, 6
260, 243, 7
260, 244, 1
260, 244, 2
260, 244, 3
260, 244, 4
260, 244, 5
260, 244, 6
260, 244, 7
260, 245, 1
260, 245, 2
260, 245, 3
260, 245, 4
260, 245, 5
260, 245, 6
260, 245, 7
260, 245, 8
260, 246, 1
260, 246, 2
260, 246, 3
260, 246, 4
260, 246, 5
260, 246, 6
260, 246, 7
260, 246, 8
260, 247, 1
260, 247, 2
260, 247, 3
260, 247, 4
260, 247, 5
260, 247, 6
260, 247, 8
260, 247, 9
260, 248, 1
260, 248, 2
260, 248, 3
260, 248, 4
260, 248, 5
260, 248, 6
260, 248, 7
260, 249, 1
260, 249, 2
260, 249, 3
260, 249, 4
260, 249, 5
260, 249, 6
260, 249, 7
260, 250, 1
260, 250, 2
260, 250, 3
260, 250, 4
260, 250, 5
260, 250, 6
260, 250, 7
260, 251, 1
260, 251, 2
260, 251, 3
260, 251, 4
260, 251, 5
260, 251, 6
260, 251, 7
260, 251, 8
260, 252, 1
260, 252, 2
260, 252, 3
260, 252, 4
260, 252, 5
260, 252, 6
260, 252, 7
260, 252, 8
260, 252, 9
260, 253, 1
260, 253, 2
260, 253, 3
260, 253, 4
260, 253, 5
260, 253, 6
260, 253, 7
260, 253, 8
260, 253, 9
260, 254, 1
260, 254, 2
260, 254, 3
260, 254, 4
260, 254, 5
260, 254, 6
260, 254, 7
260, 254, 8
260, 255, 1
260, 255, 2
260, 255, 3
260, 255, 4
260, 255, 5
260, 255, 6
260, 255, 7
260, 255, 8
260, 255, 9
260, 256, 1
260, 256, 2
260, 256, 3
260, 256, 4
260, 256, 5
260, 256, 6
260, 256, 7
260, 256, 8
260, 256, 9
260, 256, 10
260, 257, 1
260, 257, 2
260, 257, 3
260, 257, 4
260, 257, 5
260, 257, 6
260, 257, 7
260, 257, 8
260, 257, 9
260, 257, 10
260, 258, 1
260, 258, 2
260, 258, 3
260, 258, 4
260, 258, 5
260, 258, 6
260, 258, 7
260, 258, 8
260, 259, 1
260, 259, 2
260, 259, 3
260, 259, 4
260, 259, 5
260, 259, 6
260, 259, 8
260, 260, 1
260, 260, 2
260, 260, 3
260, 260, 4
260, 260, 5
260, 260, 6
260, 260, 7
260, 260, 9
260, 260, 10
260, 261, 1
260, 261, 2
260, 261, 3
260, 261, 4
260, 261, 5
260, 261, 7
260, 261, 9
260, 262, 1
260, 262, 2
260, 262, 4
260, 262, 5
260, 263, 1
260, 263, 2
260, 263, 4
260, 264, 1
261, 237, 2
261, 238, 1
261, 238, 2
261, 239, 1
261, 239, 2
261, 240, 1
261, 240, 2
261, 240, 3
261, 241, 1
261, 241, 2
261, 241, 3
261, 241, 4
261, 241, 5
261, 242, 1
261, 242, 2
261, 242, 3
261, 242, 4
261, 242, 5
261, 242, 7
261, 243, 1
261, 243, 2
261, 243, 3
261, 243, 4
261, 243, 5
261, 244, 1
261, 244, 2
261, 244, 3
261, 244, 4
261, 244, 5
261, 244, 6
261, 245, 1
261, 245, 2
261, 245, 3
261, 245, 4
261, 245, 5
261, 245, 6
261, 245, 7
261, 245, 8
261, 246, 1
261, 246, 2
261, 246, 3
261, 246, 4
261, 246, 5
261, 246, 6
261, 246, 7
261, 246, 8
261, 247, 1
261, 247, 2
261, 247, 3
261, 247, 4
261, 247, 5
261, 247, 6
261, 247, 7
261, 247, 8
261, 248, 1
261, 248, 2
261, 248, 3
261, 248, 4
261, 248, 5
261, 248, 6
261, 248, 7
261, 249, 1
261, 249, 2
261, 249, 3
261, 249, 4
261, 249, 5
261, 249, 6
261, 249, 7
261, 250, 1
261, 250, 2
261, 250, 3
261, 250, 4
261, 250, 5
261, 250, 6
261, 250, 7
261, 251, 1
261, 251, 2
261, 251, 3
261, 251, 4
261, 251, 5
261, 251, 6
261, 252, 1
261, 252, 2
261, 252, 3
261, 252, 4
261, 252, 5
261, 252, 6
261, 252, 7
261, 252, 8
261, 253, 1
261, 253, 2
261, 253, 3
261, 253, 4
261, 253, 5
261, 253, 6
261, 253, 7
261, 254, 1
261, 254, 2
261, 254, 3
261, 254, 4
261, 254, 5
261, 254, 6
261, 254, 7
261, 254, 8
261, 255, 1
261, 255, 2
261, 255, 3
261, 255, 4
261, 255, 5
261, 255, 6
261, 255, 7
261, 256, 1
261, 256, 2
261, 256, 3
261, 256, 4
261, 256, 5
261, 256, 6
261, 256, 7
261, 256, 8
261, 256, 9
261, 257, 1
261, 257, 2
261, 257, 3
261, 257, 4
261, 257, 5
261, 257, 6
261, 257, 7
261, 258, 1
261, 258, 2
261, 258, 3
261, 258, 4
261, 258, 5
261, 258, 7
261, 259, 1
261, 259, 2
261, 259, 3
261, 259, 4
261, 260, 1
261, 260, 2
261, 260, 3
261, 260, 4
261, 261, 1
261, 261, 2
261, 261, 3
261, 262, 1
261, 263, 4
262, 238, 1
262, 238, 2
262, 240, 1
262, 240, 2
262, 241, 1
262, 241, 2
262, 241, 3
262, 242, 1
262, 242, 2
262, 242, 3
262, 242, 4
262, 243, 1
262, 243, 2
262, 243, 3
262, 243, 4
262, 243, 5
262, 243, 6
262, 244, 1
262, 244, 2
262, 244, 3
262, 244, 4
262, 244, 5
262, 244, 6
262, 245, 1
262, 245, 2
262, 245, 3
262, 245, 4
262, 245, 5
262, 246, 1
262, 246, 2
262, 246, 3
262, 246, 4
262, 246, 5
262, 246, 6
262, 246, 7
262, 247, 1
262, 247, 2
262, 247, 3
262, 247, 4
262, 247, 5
262, 247, 8
262, 248, 1
262, 248, 2
262, 248, 3
262, 248, 4
262, 248, 5
262, 248, 6
262, 248, 7
262, 249, 1
262, 249, 2
262, 249, 3
262, 249, 4
262, 249, 5
262, 249, 6
262, 250, 1
262, 250, 2
262, 250, 3
262, 250, 4
262, 251, 1
262, 251, 2
262, 251, 3
262, 251, 4
262, 251, 5
262, 251, 6
262, 251, 8
262, 252, 1
262, 252, 2
262, 252, 3
262, 252, 4
262, 252, 6
262, 252, 7
262, 252, 8
262, 253, 1
262, 253, 2
262, 253, 3
262, 253, 4
262, 253, 5
262, 253, 6
262, 253, 7
262, 254, 1
262, 254, 2
262, 254, 3
262, 254, 4
262, 254, 5
262, 254, 6
262, 255, 1
262, 255, 2
262, 255, 3
262, 255, 4
262, 255, 5
262, 255, 6
262, 255, 7
262, 256, 1
262, 256, 2
262, 256, 3
262, 256, 4
262, 256, 5
262, 256, 6
262, 257, 1
262, 257, 2
262, 257, 3
262, 257, 4
262, 257, 5
262, 257, 6
262, 257, 7
262, 258, 1
262, 258, 2
262, 258, 3
262, 258, 4
262, 258, 5
262, 259, 1
262, 259, 2
262, 259, 3
262, 259, 4
262, 260, 2
262, 260, 3
262, 260, 4
262, 261, 1
262, 261, 2
262, 262, 1
263, 240, 1
263, 240, 2
263, 240, 3
263, 241, 1
263, 241, 3
263, 242, 1
263, 242, 2
263, 242, 3
263, 242, 4
263, 243, 1
263, 243, 2
263, 243, 3
263, 243, 5
263, 244, 1
263, 244, 2
263, 244, 3
263, 244, 4
263, 244, 5
263, 245, 1
263, 245, 2
263, 245, 3
263, 245, 4
263, 245, 5
263, 246, 1
263, 246, 2
263, 246, 3
263, 246, 4
263, 246, 5
263, 246, 6
263, 246, 7
263, 247, 1
263, 247, 2
263, 247, 3
263, 247, 4
263, 247, 5
263, 247, 6
263, 248, 1
263, 248, 2
263, 248, 3
263, 248, 4
263, 248, 5
263, 248, 6
263, 249, 1
263, 249, 2
263, 249, 3
263, 249, 4
263, 249, 5
263, 249, 6
263, 250, 1
263, 250, 2
263, 250, 3
263, 250, 5
263, 251, 1
263, 251, 2
263, 251, 3
263, 251, 4
263, 251, 5
263, 251, 6
263, 251, 7
263, 252, 1
263, 252, 2
263, 252, 3
263, 252, 4
263, 252, 5
263, 252, 6
263, 252, 7
263, 253, 1
263, 253, 2
263, 253, 3
263, 253, 4
263, 254, 1
263, 254, 2
263, 254, 3
263, 254, 4
263, 254, 5
263, 254, 6
263, 255, 1
263, 255, 2
263, 255, 3
263, 255, 4
263, 255, 5
263, 255, 6
263, 255, 7
263, 256, 1
263, 256, 2
263, 256, 3
263, 256, 4
263, 256, 6
263, 256, 7
263, 257, 1
263, 257, 3
263, 257, 4
263, 257, 5
263, 257, 6
263, 258, 1
263, 258, 2
263, 258, 3
263, 258, 4
263, 259, 3
263, 260, 3
263, 261, 2
264, 239, 1
264, 239, 2
264, 240, 1
264, 240, 2
264, 241, 1
264, 241, 2
264, 242, 1
264, 242, 2
264, 242, 3
264, 242, 4
264, 243, 1
264, 243, 2
264, 243, 3
264, 244, 1
264, 244, 2
264, 244, 4
264, 245, 1
264, 245, 2
264, 245, 3
264, 245, 4
264, 245, 5
264, 246, 1
264, 246, 2
264, 246, 3
264, 246, 4
264, 246, 5
264, 247, 1
264, 247, 2
264, 247, 3
264, 247, 4
264, 248, 1
264, 248, 2
264, 248, 3
264, 248, 4
264, 248, 5
264, 249, 1
264, 249, 2
264, 249, 3
264, 249, 4
264, 249, 5
264, 250, 1
264, 250, 2
264, 250, 3
264, 250, 4
264, 251, 1
264, 251, 2
264, 251, 3
264, 251, 4
264, 251, 5
264, 251, 6
264, 252, 1
264, 252, 2
264, 252, 3
264, 252, 4
264, 252, 5
264, 252, 6
264, 253, 1
264, 253, 2
264, 253, 3
264, 253, 4
264, 253, 5
264, 254, 1
264, 254, 2
264, 254, 3
264, 254, 4
264, 254, 5
264, 254, 6
264, 254, 7
264, 254, 8
264, 255, 1
264, 255, 2
264, 255, 3
264, 255, 4
264, 255, 5
264, 256, 1
264, 256, 2
264, 256, 3
264, 256, 4
264, 256, 5
264, 257, 1
264, 257, 2
264, 257, 3
264, 257, 4
264, 257, 5
264, 258, 2
264, 258, 3
264, 259, 3
264, 260, 3
264, 261, 2
265, 239, 2
265, 240, 1
265, 240, 2
265, 241, 1
265, 241, 2
265, 242, 1
265, 242, 2
265, 242, 3
265, 242, 4
265, 243, 1
265, 243, 2
265, 243, 3
265, 244, 1
265, 244, 2
265, 244, 4
265, 245, 1
265, 245, 2
265, 245, 3
265, 245, 4
265, 246, 1
265, 246, 2
265, 246, 3
265, 246, 4
265, 247, 1
265, 247, 2
265, 247, 3
265, 247, 4
265, 248, 1
265, 248, 2
265, 248, 3
265, 248, 4
265, 249, 1
265, 249, 2
265, 249, 3
265, 249, 4
265, 249, 5
265, 250, 1
265, 250, 2
265, 250, 3
265, 251, 1
265, 251, 2
265, 251, 3
265, 251, 4
265, 251, 5
265, 252, 1
265, 252, 2
265, 252, 3
265, 252, 4
265, 252, 5
265, 253, 1
265, 253, 2
265, 253, 3
265, 253, 4
265, 253, 5
265, 253, 6
265, 254, 1
265, 254, 2
265, 254, 3
265, 254, 4
265, 254, 5
265, 255, 1
265, 255, 2
265, 255, 3
265, 255, 5
265, 256, 1
265, 256, 2
265, 256, 3
265, 257, 1
265, 257, 2
265, 257, 3
265, 257, 4
265, 257, 5
265, 258, 1
265, 258, 3
266, 242, 1
266, 243, 1
266, 243, 2
266, 244, 1
266, 244, 2
266, 244, 3
266, 244, 4
266, 245, 1
266, 245, 2
266, 245, 3
266, 245, 4
266, 246, 1
266, 246, 2
266, 246, 3
266, 246, 4
266, 247, 1
266, 247, 2
266, 247, 3
266, 248, 1
266, 248, 2
266, 248, 3
266, 248, 4
266, 249, 1
266, 249, 2
266, 249, 3
266, 249, 4
266, 249, 5
266, 250, 1
266, 250, 2
266, 250, 3
266, 250, 4
266, 250, 5
266, 250, 6
266, 251, 1
266, 251, 2
266, 251, 3
266, 251, 4
266, 251, 5
266, 252, 1
266, 252, 2
266, 252, 3
266, 252, 4
266, 253, 1
266, 253, 2
266, 253, 3
266, 253, 4
266, 254, 1
266, 254, 2
266, 254, 3
266, 254, 4
266, 254, 5
266, 255, 1
266, 255, 2
266, 255, 3
266, 256, 3
266, 256, 4
266, 258, 3
267, 242, 1
267, 242, 2
267, 243, 2
267, 245, 1
267, 245, 2
267, 245, 3
267, 245, 4
267, 246, 1
267, 246, 2
267, 247, 1
267, 248, 1
267, 248, 2
267, 249, 1
267, 249, 2
267, 250, 1
267, 250, 2
267, 251, 1
267, 251, 3
267, 251, 4
267, 252, 1
267, 253, 1
267, 253, 2
267, 253, 4
267, 255, 2
268, 242, 1
268, 243, 1
268, 243, 2
268, 243, 3
268, 248, 1
268, 248, 2
268, 248, 3
268, 249, 2
268, 251, 3
