241, 246, 0
241, 246, 1
241, 247, 0
241, 247, 1
241, 248, 0
241, 248, 1
241, 249, 0
241, 249, 1
241, 250, 0
241, 250, 1
241, 251, 0
241, 251, 1
241, 252, 0
241, 252, 1
241, 253, 0
241, 253, 1
241, 254, 0
241, 254, 1
242, 245, 0
242, 245, 1
242, 246, 0
242, 246, 1
242, 247, 0
242, 247, 1
242, 248, 0
242, 248, 1
242, 249, 0
242, 249, 1
242, 250, 0
242, 250, 1
242, 251, 0
242, 251, 1
242, 252, 0
242, 252, 1
242, 253, 0
242, 253, 1
242, 254, 0
242, 254, 1
242, 255, 0
242, 255, 1
243, 243, 0
243, 243, 1
243, 244, 0
243, 244, 1
243, 245, 0
243, 245, 1
243, 246, 0
243, 246, 1
243, 247, 0
243, 247, 1
243, 248, 0
243, 248, 1
243, 249, 0
243, 249, 1
243, 250, 0
243, 250, 1
243, 251, 0
243, 251, 1
243, 252, 0
243, 252, 1
243, 253, 0
243, 253, 1
243, 254, 0
243, 254, 1
243, 255, 0
243, 255, 1
243, 256, 0
243, 256, 1
243, 257, 0
243, 257, 1
244, 243, 0
244, 243, 1
244, 244, 0
244, 244, 1
244, 245, 0
244, 245, 1
244, 246, 0
244, 246, 1
244, 247, 0
244, 247, 1
244, 248, 0
244, 248, 1
244, 249, 0
244, 249, 1
244, 250, 0
244, 250, 1
244, 251, 0
244, 251, 1
244, 252, 0
244, 252, 1
244, 253, 0
244, 253, 1
244, 254, 0
244, 254, 1
244, 255, 0
244, 255, 1
244, 256, 0
244, 256, 1
244, 257, 0
244, 257, 1
245, 242, 0
245, 242, 1
245, 243, 0
245, 243, 1
245, 244, 0
245, 244, 1
245, 245, 0
245, 245, 1
245, 246, 0
245, 246, 1
245, 247, 0
245, 247, 1
245, 248, 0
245, 248, 1
245, 249, 0
245, 249, 1
245, 250, 0
245, 250, 1
245, 251, 0
245, 251, 1
245, 252, 0
245, 252, 1
245, 253, 0
245, 253, 1
245, 254, 0
245, 254, 1
245, 255, 0
245, 255, 1
245, 256, 0
245, 256, 1
245, 257, 0
245, 257, 1
245, 258, 0
245, 258, 1
246, 241, 0
246, 241, 1
246, 242, 0
246, 242, 1
246, 243, 0
246, 243, 1
246, 244, 0
246, 244, 1
246, 245, 0
246, 245, 1
246, 246, 0
246, 246, 1
246, 247, 0
246, 247, 1
246, 248, 0
246, 248, 1
246, 249, 0
246, 249, 1
246, 250, 0
246, 250, 1
246, 251, 0
246, 251, 1
246, 252, 0
246, 252, 1
246, 253, 0
246, 253, 1
246, 254, 0
246, 254, 1
246, 255, 0
246, 255, 1
246, 256, 0
246, 256, 1
246, 257, 0
246, 257, 1
246, 258, 0
246, 258, 1
246, 259, 0
246, 259, 1
247, 241, 0
247, 241, 1
247, 242, 0
247, 242, 1
247, 243, 0
247, 243, 1
247, 244, 0
247, 244, 1
247, 245, 0
247, 245, 1
247, 246, 0
247, 246, 1
247, 247, 0
247, 247, 1
247, 248, 0
247, 248, 1
247, 249, 0
247, 249, 1
247, 250, 0
247, 250, 1
247, 251, 0
247, 251, 1
247, 252, 0
247, 252, 1
247, 253, 0
247, 253, 1
247, 254, 0
247, 254, 1
247, 255, 0
247, 255, 1
247, 256, 0
247, 256, 1
247, 257, 0
247, 257, 1
247, 258, 0
247, 258, 1
247, 259, 0
247, 259, 1
248, 241, 0
248, 241, 1
248, 242, 0
248, 242, 1
248, 243, 0
248, 243, 1
248, 244, 0
248, 244, 1
248, 245, 0
248, 245, 1
248, 246, 0
248, 246, 1
248, 247, 0
248, 247, 1
248, 248, 0
248, 248, 1
248, 249, 0
248, 249, 1
248, 250, 0
248, 250, 1
248, 251, 0
248, 251, 1
248, 252, 0
248, 252, 1
248, 253, 0
248, 253, 1
248, 254, 0
248, 254, 1
248, 255, 0
248, 255, 1
248, 256, 0
248, 256, 1
248, 257, 0
248, 257, 1
248, 258, 0
248, 258, 1
248, 259, 0
248, 259, 1
249, 241, 0
249, 241, 1
249, 242, 0
249, 242, 1
249, 243, 0
249, 243, 1
249, 244, 0
249, 244, 1
249, 245, 0
249, 245, 1
249, 246, 0
249, 246, 1
249, 247, 0
249, 247, 1
249, 248, 0
249, 248, 1
249, 249, 0
249, 249, 1
249, 250, 0
249, 250, 1
249, 251, 0
249, 251, 1
249, 252, 0
249, 252, 1
249, 253, 0
249, 253, 1
249, 254, 0
249, 254, 1
249, 255, 0
249, 255, 1
249, 256, 0
249, 256, 1
249, 257, 0
249, 257, 1
249, 258, 0
249, 258, 1
249, 259, 0
249, 259, 1
250, 241, 0
250, 241, 1
250, 242, 0
250, 242, 1
250, 243, 0
250, 243, 1
250, 244, 0
250, 244, 1
250, 245, 0
250, 245, 1
250, 246, 0
250, 246, 1
250, 247, 0
250, 247, 1
250, 248, 0
250, 248, 1
250, 249, 0
250, 249, 1
250, 250, 0
250, 250, 1
250, 251, 0
250, 251, 1
250, 252, 0
250, 252, 1
250, 253, 0
250, 253, 1
250, 254, 0
250, 254, 1
250, 255, 0
250, 255, 1
250, 256, 0
250, 256, 1
250, 257, 0
250, 257, 1
250, 258, 0
250, 258, 1
250, 259, 0
250, 259, 1
251, 241, 0
251, 241, 1
251, 242, 0
251, 242, 1
251, 243, 0
251, 243, 1
251, 244, 0
251, 244, 1
251, 245, 0
251, 245, 1
251, 246, 0
251, 246, 1
251, 247, 0
251, 247, 1
251, 248, 0
251, 248, 1
251, 249, 0
251, 249, 1
251, 250, 0
251, 250, 1
251, 251, 0
251, 251, 1
251, 252, 0
251, 252, 1
251, 253, 0
251, 253, 1
251, 254, 0
251, 254, 1
251, 255, 0
251, 255, 1
251, 256, 0
251, 256, 1
251, 257, 0
251, 257, 1
251, 258, 0
251, 258, 1
251, 259, 0
251, 259, 1
252, 241, 0
252, 241, 1
252, 242, 0
252, 242, 1
252, 243, 0
252, 243, 1
252, 244, 0
252, 244, 1
252, 245, 0
252, 245, 1
252, 246, 0
252, 246, 1
252, 247, 0
252, 247, 1
252, 248, 0
252, 248, 1
252, 249, 0
252, 249, 1
252, 250, 0
252, 250, 1
252, 251, 0
252, 251, 1
252, 252, 0
252, 252, 1
252, 253, 0
252, 253, 1
252, 254, 0
252, 254, 1
252, 255, 0
252, 255, 1
252, 256, 0
252, 256, 1
252, 257, 0
252, 257, 1
252, 258, 0
252, 258, 1
252, 259, 0
252, 259, 1
253, 241, 0
253, 241, 1
253, 242, 0
253, 242, 1
253, 243, 0
253, 243, 1
253, 244, 0
253, 244, 1
253, 245, 0
253, 245, 1
253, 246, 0
253, 246, 1
253, 247, 0
253, 247, 1
253, 248, 0
253, 248, 1
253, 249, 0
253, 249, 1
253, 250, 0
253, 250, 1
253, 251, 0
253, 251, 1
253, 252, 0
253, 252, 1
253, 253, 0
253, 253, 1
253, 254, 0
253, 254, 1
253, 255, 0
253, 255, 1
253, 256, 0
253, 256, 1
253, 257, 0
253, 257, 1
253, 258, 0
253, 258, 1
253, 259, 0
253, 259, 1
254, 241, 0
254, 241, 1
254, 242, 0
254, 242, 1
254, 243, 0
254, 243, 1
254, 244, 0
254, 244, 1
254, 245, 0
254, 245, 1
254, 246, 0
254, 246, 1
254, 247, 0
254, 247, 1
254, 248, 0
254, 248, 1
254, 249, 0
254, 249, 1
254, 250, 0
254, 250, 1
254, 251, 0
254, 251, 1
254, 252, 0
254, 252, 1
254, 253, 0
254, 253, 1
254, 254, 0
254, 254, 1
254, 255, 0
254, 255, 1
254, 256, 0
254, 256, 1
254, 257, 0
254, 257, 1
254, 258, 0
254, 258, 1
254, 259, 0
254, 259, 1
255, 242, 0
255, 242, 1
255, 243, 0
255, 243, 1
255, 244, 0
255, 244, 1
255, 245, 0
255, 245, 1
255, 246, 0
255, 246, 1
255, 247, 0
255, 247, 1
255, 248, 0
255, 248, 1
255, 249, 0
255, 249, 1
255, 250, 0
255, 250, 1
255, 251, 0
255, 251, 1
255, 252, 0
255, 252, 1
255, 253, 0
255, 253, 1
255, 254, 0
255, 254, 1
255, 255, 0
255, 255, 1
255, 256, 0
255, 256, 1
255, 257, 0
255, 257, 1
255, 258, 0
255, 258, 1
256, 243, 0
256, 243, 1
256, 244, 0
256, 244, 1
256, 245, 0
256, 245, 1
256, 246, 0
256, 246, 1
256, 247, 0
256, 247, 1
256, 248, 0
256, 248, 1
256, 249, 0
256, 249, 1
256, 250, 0
256, 250, 1
256, 251, 0
256, 251, 1
256, 252, 0
256, 252, 1
256, 253, 0
256, 253, 1
256, 254, 0
256, 254, 1
256, 255, 0
256, 255, 1
256, 256, 0
256, 256, 1
256, 257, 0
256, 257, 1
257, 243, 0
257, 243, 1
257, 244, 0
257, 244, 1
257, 245, 0
257, 245, 1
257, 246, 0
257, 246, 1
257, 247, 0
257, 247, 1
257, 248, 0
257, 248, 1
257, 249, 0
257, 249, 1
257, 250, 0
257, 250, 1
257, 251, 0
257, 251, 1
257, 252, 0
257, 252, 1
257, 253, 0
257, 253, 1
257, 254, 0
257, 254, 1
257, 255, 0
257, 255, 1
257, 256, 0
257, 256, 1
257, 257, 0
257, 257, 1
258, 245, 0
258, 245, 1
258, 246, 0
258, 246, 1
258, 247, 0
258, 247, 1
258, 248, 0
258, 248, 1
258, 249, 0
258, 249, 1
258, 250, 0
258, 250, 1
258, 251, 0
258, 251, 1
258, 252, 0
258, 252, 1
258, 253, 0
258, 253, 1
258, 254, 0
258, 254, 1
258, 255, 0
258, 255, 1
259, 246, 0
259, 246, 1
259, 247, 0
259, 247, 1
259, 248, 0
259, 248, 1
259, 249, 0
259, 249, 1
259, 250, 0
259, 250, 1
259, 251, 0
259, 251, 1
259, 252, 0
259, 252, 1
259, 253, 0
259, 253, 1
259, 254, 0
259, 254, 1
