1, 1, 23
1, 2, 37
1, 4, 4
1, 4, 15
1, 5, 12
1, 11, 4
1, 11, 47
1, 12, 6
1, 12, 38
1, 13, 24
1, 13, 28
1, 14, 10
1, 15, 2
1, 15, 41
1, 17, 8
1, 17, 53
1, 21, 34
1, 24, 11
1, 24, 25
1, 24, 42
1, 25, 33
1, 26, 5
1, 35, 24
1, 42, 52
1, 44, 13
1, 45, 2
1, 47, 23
1, 50, 15
1, 50, 29
1, 51, 21
1, 52, 16
1, 53, 30
1, 54, 2
1, 62, 10
1, 63, 2
1, 67, 25
1, 68, 44
1, 68, 46
1, 69, 23
1, 71, 30
1, 74, 15
1, 76, 15
1, 77, 33
1, 78, 18
1, 80, 32
1, 88, 38
1, 89, 8
1, 89, 13
1, 90, 35
1, 90, 53
1, 94, 24
1, 99, 6
1, 99, 16
1, 99, 41
2, 2, 6
2, 2, 18
2, 3, 45
2, 4, 30
2, 8, 11
2, 9, 15
2, 11, 29
2, 14, 27
2, 15, 23
2, 17, 35
2, 17, 45
2, 19, 39
2, 20, 15
2, 27, 3
2, 29, 6
2, 32, 5
2, 32, 49
2, 39, 26
2, 40, 8
2, 40, 36
2, 40, 41
2, 42, 6
2, 45, 35
2, 48, 11
2, 49, 32
2, 50, 35
2, 52, 13
2, 54, 9
2, 57, 46
2, 60, 15
2, 61, 39
2, 63, 9
2, 64, 27
2, 65, 6
2, 66, 26
2, 67, 55
2, 71, 34
2, 71, 56
2, 72, 11
2, 76, 11
2, 76, 39
2, 76, 50
2, 78, 6
2, 79, 2
2, 82, 45
2, 84, 52
2, 84, 54
2, 88, 9
2, 89, 16
2, 91, 3
2, 91, 14
2, 91, 42
2, 96, 18
2, 98, 53
2, 99, 22
3, 3, 12
3, 4, 25
3, 12, 31
3, 15, 48
3, 22, 40
3, 40, 32
3, 50, 7
3, 50, 18
3, 53, 22
3, 62, 12
3, 66, 47
3, 77, 25
3, 79, 25
3, 80, 25
3, 93, 7
3, 99, 48
3, 100, 12
4, 2, 28
4, 3, 21
4, 9, 47
4, 10, 36
4, 11, 48
4, 17, 24
4, 19, 35
4, 23, 30
4, 27, 26
4, 27, 38
4, 32, 50
4, 35, 17
4, 35, 40
4, 36, 49
4, 38, 12
4, 39, 4
4, 41, 27
4, 42, 8
4, 44, 28
4, 48, 21
4, 64, 21
4, 64, 24
4, 64, 39
4, 65, 41
4, 67, 29
4, 68, 52
4, 71, 37
4, 73, 30
4, 76, 35
4, 77, 40
4, 80, 44
4, 80, 49
4, 81, 1
4, 83, 8
4, 83, 27
4, 86, 47
4, 90, 34
4, 93, 26
4, 96, 21
4, 98, 35
4, 99, 28
4, 100, 20
5, 1, 41
5, 3, 35
5, 4, 15
5, 4, 43
5, 6, 46
5, 16, 51
5, 17, 8
5, 19, 26
5, 21, 22
5, 22, 37
5, 25, 47
5, 26, 4
5, 29, 44
5, 30, 37
5, 31, 2
5, 34, 10
5, 36, 5
5, 40, 32
5, 42, 12
5, 44, 33
5, 46, 43
5, 55, 20
5, 58, 36
5, 60, 6
5, 73, 46
5, 74, 44
5, 75, 10
5, 76, 5
5, 76, 50
5, 78, 31
5, 85, 24
5, 88, 20
5, 90, 41
5, 95, 31
5, 99, 35
6, 1, 48
6, 2, 15
6, 2, 20
6, 3, 26
6, 3, 59
6, 5, 20
6, 6, 40
6, 7, 7
6, 7, 11
6, 7, 28
6, 8, 16
6, 14, 15
6, 14, 47
6, 23, 27
6, 24, 12
6, 24, 42
6, 24, 51
6, 27, 38
6, 29, 7
6, 31, 47
6, 36, 15
6, 38, 24
6, 38, 37
6, 39, 54
6, 41, 20
6, 42, 49
6, 44, 6
6, 46, 56
6, 54, 49
6, 57, 34
6, 62, 28
6, 67, 38
6, 72, 53
6, 76, 10
6, 78, 47
6, 78, 59
6, 86, 15
6, 90, 5
6, 90, 20
6, 93, 44
6, 95, 20
6, 95, 23
6, 95, 38
6, 96, 49
6, 101, 4
7, 2, 7
7, 2, 33
7, 2, 39
7, 8, 62
7, 9, 5
7, 10, 16
7, 13, 42
7, 16, 40
7, 17, 2
7, 18, 43
7, 19, 24
7, 20, 46
7, 21, 14
7, 22, 21
7, 25, 36
7, 33, 41
7, 34, 29
7, 34, 55
7, 37, 12
7, 38, 54
7, 44, 1
7, 50, 43
7, 53, 32
7, 56, 36
7, 57, 48
7, 61, 18
7, 63, 13
7, 65, 15
7, 73, 10
7, 74, 5
7, 74, 45
7, 75, 16
7, 77, 24
7, 79, 10
7, 83, 32
7, 84, 57
7, 87, 31
7, 89, 7
7, 89, 46
7, 93, 42
7, 94, 2
7, 95, 42
7, 97, 32
7, 99, 14
8, 2, 47
8, 3, 20
8, 4, 1
8, 7, 3
8, 7, 51
8, 8, 6
8, 8, 12
8, 8, 15
8, 10, 33
8, 11, 10
8, 25, 18
8, 25, 57
8, 27, 12
8, 27, 44
8, 29, 4
8, 33, 9
8, 34, 46
8, 47, 30
8, 48, 13
8, 50, 54
8, 52, 23
8, 55, 20
8, 60, 44
8, 63, 10
8, 63, 39
8, 63, 63
8, 64, 48
8, 65, 13
8, 65, 27
8, 69, 32
8, 72, 20
8, 75, 9
8, 79, 3
8, 81, 5
8, 85, 10
8, 87, 43
8, 88, 15
8, 88, 49
8, 91, 35
8, 92, 29
8, 95, 44
8, 98, 6
8, 99, 20
8, 101, 12
9, 1, 4
9, 2, 56
9, 4, 36
9, 5, 30
9, 7, 50
9, 13, 8
9, 16, 29
9, 18, 38
9, 19, 24
9, 20, 1
9, 20, 43
9, 25, 31
9, 25, 61
9, 26, 25
9, 27, 54
9, 29, 28
9, 30, 3
9, 32, 2
9, 32, 21
9, 36, 19
9, 38, 33
9, 42, 29
9, 42, 42
9, 44, 4
9, 51, 22
9, 53, 36
9, 55, 30
9, 58, 28
9, 59, 10
9, 61, 12
9, 65, 27
9, 67, 48
9, 73, 9
9, 73, 33
9, 75, 44
9, 78, 33
9, 80, 24
9, 89, 31
9, 89, 48
9, 91, 30
9, 92, 13
9, 93, 28
9, 94, 25
9, 97, 25
9, 99, 61
10, 2, 27
10, 7, 33
10, 8, 8
10, 8, 39
10, 10, 30
10, 13, 22
10, 13, 44
10, 15, 41
10, 18, 36
10, 20, 7
10, 21, 25
10, 22, 16
10, 24, 3
10, 24, 25
10, 27, 15
10, 28, 20
10, 31, 27
10, 34, 13
10, 37, 7
10, 43, 11
10, 43, 45
10, 44, 38
10, 44, 59
10, 49, 48
10, 51, 41
10, 51, 47
10, 52, 21
10, 54, 28
10, 55, 6
10, 55, 45
10, 58, 36
10, 58, 61
10, 59, 46
10, 61, 2
10, 67, 21
10, 68, 41
10, 80, 16
10, 82, 24
10, 82, 39
10, 83, 32
10, 88, 38
10, 89, 3
10, 89, 6
10, 95, 33
11, 5, 22
11, 7, 47
11, 8, 46
11, 11, 18
11, 20, 17
11, 20, 62
11, 23, 35
11, 25, 27
11, 25, 42
11, 26, 32
11, 30, 47
11, 31, 9
11, 32, 25
11, 38, 22
11, 44, 23
11, 46, 11
11, 47, 52
11, 49, 34
11, 50, 15
11, 52, 39
11, 52, 43
11, 54, 5
11, 60, 28
11, 61, 20
11, 62, 20
11, 65, 2
11, 67, 34
11, 71, 47
11, 72, 44
11, 73, 40
11, 81, 10
11, 84, 29
11, 86, 13
11, 86, 36
11, 93, 39
11, 100, 15
11, 100, 23
11, 100, 28
12, 2, 57
12, 3, 10
12, 8, 22
12, 10, 47
12, 14, 6
12, 16, 22
12, 18, 46
12, 21, 1
12, 23, 2
12, 23, 50
12, 29, 48
12, 33, 16
12, 36, 11
12, 37, 7
12, 38, 2
12, 38, 9
12, 40, 39
12, 44, 5
12, 46, 7
12, 49, 45
12, 52, 22
12, 52, 24
12, 55, 1
12, 58, 28
12, 62, 41
12, 67, 57
12, 68, 5
12, 68, 35
12, 71, 3
12, 71, 33
12, 73, 46
12, 75, 10
12, 76, 35
12, 79, 30
12, 81, 4
12, 83, 14
12, 85, 34
12, 88, 41
12, 89, 22
13, 1, 33
13, 4, 42
13, 5, 21
13, 5, 37
13, 7, 8
13, 7, 52
13, 8, 5
13, 11, 47
13, 16, 28
13, 19, 27
13, 26, 32
13, 28, 36
13, 40, 10
13, 40, 55
13, 48, 35
13, 50, 4
13, 50, 52
13, 51, 10
13, 54, 5
13, 54, 45
13, 56, 40
13, 58, 32
13, 63, 3
13, 63, 61
13, 65, 21
13, 73, 28
13, 75, 33
13, 78, 16
13, 81, 41
13, 82, 47
13, 84, 11
13, 87, 27
13, 88, 37
13, 93, 5
13, 93, 21
13, 95, 52
13, 96, 42
14, 5, 5
14, 6, 26
14, 7, 16
14, 9, 15
14, 11, 19
14, 18, 11
14, 21, 8
14, 21, 12
14, 23, 19
14, 23, 48
14, 25, 15
14, 25, 28
14, 25, 52
14, 28, 11
14, 28, 53
14, 30, 6
14, 32, 33
14, 36, 38
14, 38, 23
14, 44, 28
14, 45, 20
14, 52, 52
14, 55, 36
14, 56, 15
14, 58, 1
14, 58, 29
14, 63, 31
14, 64, 12
14, 67, 8
14, 67, 23
14, 74, 26
14, 75, 36
14, 76, 31
14, 80, 3
14, 80, 39
14, 81, 12
14, 83, 23
14, 88, 5
14, 90, 14
14, 90, 23
14, 92, 38
14, 93, 28
14, 96, 34
14, 97, 7
14, 99, 10
14, 100, 11
14, 100, 52
15, 3, 10
15, 3, 44
15, 7, 17
15, 9, 37
15, 10, 53
15, 12, 15
15, 13, 32
15, 15, 36
15, 17, 15
15, 17, 35
15, 22, 10
15, 22, 16
15, 23, 19
15, 24, 8
15, 26, 31
15, 35, 4
15, 40, 24
15, 44, 39
15, 44, 53
15, 46, 1
15, 46, 16
15, 52, 17
15, 53, 36
15, 58, 23
15, 58, 53
15, 61, 26
15, 65, 4
15, 67, 24
15, 67, 49
15, 68, 30
15, 72, 18
15, 72, 37
15, 79, 44
15, 80, 18
15, 81, 31
15, 82, 35
15, 83, 25
15, 84, 7
15, 85, 17
15, 86, 29
15, 92, 2
15, 92, 18
15, 93, 25
15, 96, 4
15, 100, 5
15, 100, 44
16, 7, 13
16, 7, 27
16, 16, 7
16, 17, 53
16, 18, 8
16, 19, 32
16, 23, 34
16, 26, 21
16, 30, 13
16, 30, 59
16, 35, 24
16, 37, 6
16, 37, 31
16, 37, 42
16, 42, 41
16, 43, 4
16, 43, 8
16, 43, 53
16, 47, 55
16, 48, 22
16, 61, 29
16, 65, 5
16, 65, 46
16, 68, 47
16, 69, 54
16, 70, 22
16, 75, 17
16, 77, 12
16, 80, 38
16, 81, 16
16, 87, 24
16, 88, 16
16, 91, 20
16, 92, 27
16, 99, 4
16, 101, 22
16, 101, 38
17, 16, 48
17, 17, 16
17, 17, 37
17, 19, 31
17, 22, 52
17, 23, 18
17, 25, 9
17, 25, 45
17, 27, 21
17, 35, 6
17, 35, 41
17, 40, 48
17, 43, 20
17, 47, 53
17, 48, 33
17, 49, 25
17, 50, 44
17, 53, 27
17, 54, 20
17, 54, 46
17, 59, 35
17, 77, 1
17, 78, 18
17, 80, 44
17, 85, 10
17, 88, 52
17, 100, 21
18, 3, 43
18, 4, 12
18, 4, 35
18, 4, 60
18, 5, 2
18, 5, 50
18, 11, 7
18, 11, 22
18, 15, 19
18, 16, 31
18, 17, 56
18, 22, 47
18, 23, 6
18, 23, 44
18, 24, 2
18, 24, 18
18, 25, 23
18, 27, 20
18, 29, 32
18, 29, 47
18, 31, 12
18, 32, 9
18, 32, 38
18, 32, 60
18, 34, 47
18, 36, 31
18, 38, 42
18, 44, 14
18, 46, 18
18, 48, 2
18, 48, 46
18, 49, 35
18, 50, 20
18, 51, 35
18, 53, 2
18, 54, 28
18, 56, 7
18, 59, 19
18, 60, 51
18, 61, 39
18, 65, 37
18, 66, 8
18, 67, 18
18, 70, 5
18, 71, 40
18, 71, 46
18, 80, 12
18, 80, 17
18, 81, 23
18, 81, 46
18, 85, 31
18, 87, 19
18, 93, 23
18, 93, 35
18, 93, 51
18, 93, 65
18, 95, 6
18, 95, 13
18, 95, 28
18, 95, 56
18, 98, 27
19, 2, 52
19, 5, 22
19, 12, 8
19, 14, 9
19, 14, 47
19, 18, 39
19, 28, 19
19, 31, 40
19, 42, 2
19, 42, 47
19, 48, 15
19, 48, 38
19, 56, 8
19, 62, 20
19, 67, 21
19, 72, 54
19, 76, 2
19, 81, 15
19, 81, 43
19, 82, 16
19, 82, 52
19, 85, 2
19, 92, 47
19, 95, 39
19, 99, 40
20, 1, 16
20, 4, 29
20, 8, 22
20, 8, 41
20, 10, 37
20, 13, 20
20, 14, 51
20, 15, 1
20, 15, 6
20, 17, 47
20, 18, 38
20, 20, 9
20, 20, 17
20, 21, 5
20, 21, 39
20, 22, 27
20, 25, 7
20, 25, 31
20, 31, 14
20, 32, 43
20, 33, 21
20, 33, 24
20, 35, 13
20, 35, 50
20, 36, 41
20, 42, 16
20, 42, 31
20, 45, 22
20, 45, 57
20, 49, 46
20, 50, 20
20, 56, 21
20, 57, 7
20, 57, 36
20, 62, 22
20, 62, 30
20, 62, 40
20, 63, 46
20, 70, 45
20, 78, 29
20, 85, 3
20, 85, 47
20, 86, 32
20, 97, 16
20, 97, 43
20, 98, 22
20, 99, 6
20, 101, 47
21, 4, 8
21, 5, 3
21, 16, 40
21, 19, 3
21, 22, 39
21, 23, 44
21, 34, 8
21, 38, 33
21, 38, 40
21, 39, 11
21, 39, 51
21, 40, 42
21, 48, 38
21, 50, 22
21, 50, 32
21, 62, 4
21, 65, 11
21, 69, 27
21, 79, 10
21, 79, 32
21, 81, 11
21, 81, 34
21, 81, 50
21, 86, 18
21, 88, 33
21, 89, 8
21, 97, 52
21, 100, 18
22, 3, 38
22, 4, 19
22, 5, 52
22, 6, 5
22, 11, 40
22, 12, 20
22, 12, 55
22, 14, 42
22, 16, 52
22, 20, 15
22, 21, 20
22, 22, 31
22, 28, 46
22, 31, 25
22, 31, 30
22, 31, 48
22, 33, 35
22, 36, 49
22, 42, 15
22, 42, 35
22, 42, 55
22, 46, 24
22, 46, 48
22, 47, 13
22, 47, 19
22, 50, 10
22, 50, 11
22, 50, 25
22, 50, 49
22, 56, 37
22, 57, 13
22, 62, 12
22, 62, 17
22, 67, 39
22, 67, 48
22, 67, 57
22, 69, 33
22, 72, 60
22, 73, 48
22, 75, 53
22, 82, 42
22, 86, 16
22, 87, 38
22, 90, 43
22, 93, 19
22, 93, 52
22, 96, 20
22, 97, 11
22, 100, 49
23, 2, 50
23, 4, 44
23, 7, 21
23, 9, 45
23, 11, 9
23, 11, 35
23, 16, 8
23, 16, 50
23, 17, 29
23, 19, 32
23, 20, 4
23, 24, 28
23, 25, 30
23, 29, 44
23, 33, 23
23, 34, 26
23, 34, 36
23, 37, 38
23, 38, 1
23, 48, 8
23, 49, 52
23, 50, 42
23, 50, 59
23, 51, 32
23, 54, 42
23, 57, 36
23, 59, 41
23, 65, 43
23, 66, 17
23, 67, 15
23, 71, 19
23, 73, 31
23, 73, 45
23, 74, 29
23, 79, 55
23, 82, 44
23, 86, 25
23, 87, 53
23, 88, 15
23, 88, 59
23, 89, 50
23, 90, 48
23, 92, 35
23, 95, 29
23, 100, 48
23, 101, 8
23, 101, 21
24, 6, 1
24, 7, 40
24, 12, 46
24, 16, 39
24, 23, 36
24, 32, 8
24, 35, 27
24, 37, 57
24, 43, 17
24, 43, 33
24, 47, 22
24, 52, 9
24, 53, 47
24, 57, 43
24, 62, 20
24, 62, 40
24, 65, 31
24, 68, 41
24, 71, 1
24, 71, 39
24, 74, 28
24, 82, 15
24, 82, 27
24, 88, 2
24, 89, 14
24, 89, 20
24, 89, 44
24, 93, 46
24, 95, 15
24, 95, 50
24, 98, 12
24, 99, 31
24, 99, 33
24, 99, 36
25, 2, 19
25, 2, 56
25, 4, 29
25, 11, 14
25, 15, 33
25, 20, 38
25, 20, 47
25, 35, 18
25, 35, 19
25, 45, 21
25, 46, 33
25, 48, 27
25, 49, 41
25, 50, 52
25, 52, 3
25, 54, 19
25, 55, 57
25, 58, 29
25, 59, 23
25, 60, 4
25, 60, 20
25, 60, 63
25, 62, 25
25, 62, 31
25, 63, 5
25, 69, 27
25, 71, 13
25, 71, 14
25, 73, 14
25, 73, 50
25, 74, 13
25, 75, 41
25, 77, 20
25, 81, 10
25, 81, 56
25, 85, 47
25, 86, 10
25, 86, 16
25, 87, 29
25, 93, 24
25, 96, 25
25, 97, 21
25, 99, 35
26, 4, 10
26, 6, 53
26, 7, 15
26, 12, 4
26, 15, 10
26, 16, 26
26, 20, 38
26, 23, 6
26, 24, 35
26, 26, 2
26, 29, 28
26, 29, 33
26, 38, 44
26, 43, 26
26, 48, 52
26, 49, 13
26, 49, 47
26, 52, 4
26, 53, 10
26, 57, 45
26, 58, 31
26, 61, 19
26, 65, 51
26, 74, 6
26, 76, 53
26, 83, 35
26, 85, 58
26, 91, 26
26, 93, 32
26, 100, 41
27, 1, 31
27, 4, 25
27, 5, 16
27, 6, 22
27, 8, 27
27, 8, 38
27, 9, 2
27, 11, 2
27, 13, 5
27, 13, 34
27, 18, 36
27, 21, 53
27, 22, 50
27, 23, 27
27, 33, 25
27, 37, 8
27, 39, 7
27, 46, 16
27, 46, 38
27, 46, 41
27, 60, 7
27, 62, 12
27, 62, 31
27, 67, 40
27, 72, 15
27, 72, 34
27, 73, 16
27, 76, 5
27, 80, 19
27, 80, 36
27, 81, 33
27, 83, 30
27, 85, 5
27, 85, 51
27, 86, 22
27, 88, 25
27, 89, 2
27, 89, 27
27, 89, 38
27, 90, 5
27, 91, 17
27, 91, 41
27, 92, 22
27, 96, 61
27, 100, 36
28, 3, 3
28, 9, 19
28, 15, 59
28, 17, 6
28, 17, 28
28, 20, 50
28, 23, 38
28, 23, 46
28, 26, 10
28, 27, 21
28, 30, 6
28, 31, 16
28, 32, 8
28, 34, 21
28, 35, 30
28, 37, 12
28, 43, 18
28, 43, 25
28, 48, 14
28, 48, 39
28, 50, 24
28, 51, 40
28, 62, 58
28, 64, 2
28, 65, 19
28, 65, 30
28, 67, 47
28, 68, 21
28, 69, 43
28, 72, 42
28, 74, 44
28, 79, 24
28, 81, 41
28, 82, 38
28, 83, 56
28, 86, 46
28, 88, 3
28, 91, 8
28, 92, 10
28, 92, 45
28, 97, 50
28, 98, 31
29, 5, 72
29, 6, 43
29, 16, 30
29, 18, 16
29, 18, 39
29, 19, 24
29, 21, 41
29, 22, 26
29, 26, 2
29, 26, 15
29, 26, 28
29, 30, 28
29, 31, 43
29, 36, 14
29, 40, 6
29, 41, 12
29, 41, 27
29, 44, 20
29, 44, 34
29, 48, 12
29, 48, 15
29, 48, 35
29, 54, 36
29, 57, 12
29, 57, 30
29, 59, 19
29, 64, 31
29, 65, 41
29, 65, 50
29, 70, 5
29, 71, 28
29, 72, 43
29, 74, 41
29, 77, 41
29, 78, 23
29, 79, 59
29, 83, 6
29, 83, 27
29, 90, 12
29, 92, 4
29, 96, 2
29, 101, 12
30, 3, 2
30, 7, 17
30, 7, 31
30, 7, 49
30, 8, 4
30, 9, 22
30, 14, 21
30, 17, 33
30, 18, 11
30, 19, 11
30, 30, 2
30, 31, 54
30, 33, 47
30, 36, 2
30, 41, 38
30, 42, 18
30, 42, 43
30, 43, 33
30, 51, 11
30, 54, 21
30, 57, 31
30, 58, 12
30, 58, 48
30, 60, 31
30, 62, 23
30, 62, 44
30, 65, 34
30, 69, 4
30, 78, 2
30, 78, 38
30, 84, 49
30, 89, 43
30, 91, 3
30, 92, 37
30, 93, 7
30, 93, 36
30, 93, 48
30, 97, 21
31, 6, 28
31, 6, 35
31, 10, 40
31, 11, 22
31, 13, 16
31, 13, 38
31, 18, 3
31, 19, 12
31, 21, 44
31, 29, 4
31, 30, 25
31, 32, 32
31, 34, 29
31, 35, 8
31, 38, 32
31, 39, 24
31, 39, 27
31, 42, 35
31, 48, 30
31, 54, 19
31, 58, 1
31, 58, 22
31, 58, 53
31, 76, 61
31, 80, 2
31, 82, 3
31, 82, 47
31, 83, 24
31, 85, 50
31, 87, 27
31, 88, 44
31, 94, 17
31, 96, 29
31, 98, 16
31, 98, 51
31, 99, 8
32, 2, 27
32, 2, 44
32, 9, 42
32, 9, 45
32, 10, 38
32, 17, 14
32, 22, 6
32, 22, 12
32, 24, 52
32, 25, 26
32, 25, 43
32, 26, 40
32, 26, 55
32, 27, 47
32, 29, 46
32, 32, 17
32, 34, 11
32, 34, 45
32, 38, 17
32, 38, 23
32, 42, 39
32, 46, 6
32, 47, 30
32, 48, 45
32, 49, 33
32, 52, 13
32, 52, 46
32, 53, 19
32, 56, 22
32, 60, 11
32, 63, 6
32, 65, 33
32, 68, 38
32, 69, 54
32, 77, 3
32, 82, 55
32, 87, 38
32, 91, 14
32, 91, 47
32, 94, 14
32, 97, 55
32, 99, 17
32, 100, 27
32, 101, 13
33, 2, 50
33, 8, 2
33, 8, 36
33, 8, 37
33, 12, 9
33, 16, 12
33, 17, 55
33, 20, 41
33, 26, 6
33, 26, 16
33, 27, 13
33, 28, 16
33, 34, 53
33, 36, 34
33, 52, 26
33, 64, 36
33, 65, 7
33, 67, 55
33, 69, 42
33, 73, 10
33, 75, 19
33, 81, 28
33, 89, 13
33, 90, 9
33, 90, 50
33, 93, 6
33, 93, 9
33, 93, 20
33, 97, 41
33, 99, 50
33, 101, 18
34, 1, 13
34, 2, 12
34, 2, 21
34, 3, 32
34, 6, 41
34, 12, 34
34, 13, 2
34, 14, 13
34, 18, 18
34, 20, 23
34, 20, 31
34, 20, 45
34, 22, 46
34, 25, 3
34, 26, 6
34, 26, 8
34, 27, 40
34, 35, 4
34, 42, 51
34, 43, 56
34, 47, 18
34, 53, 5
34, 54, 53
34, 57, 25
34, 67, 42
34, 70, 7
34, 70, 13
34, 71, 7
34, 75, 31
34, 82, 34
34, 84, 2
34, 84, 12
34, 89, 32
34, 94, 6
34, 95, 2
34, 98, 14
34, 99, 16
34, 99, 21
34, 100, 46
35, 2, 26
35, 5, 11
35, 5, 28
35, 5, 53
35, 6, 51
35, 7, 34
35, 8, 18
35, 9, 57
35, 11, 43
35, 13, 19
35, 18, 32
35, 19, 53
35, 20, 8
35, 24, 8
35, 33, 19
35, 33, 46
35, 33, 56
35, 34, 8
35, 34, 20
35, 35, 1
35, 36, 44
35, 39, 48
35, 45, 2
35, 47, 15
35, 47, 23
35, 48, 40
35, 51, 3
35, 54, 52
35, 55, 27
35, 58, 17
35, 59, 37
35, 61, 16
35, 61, 32
35, 65, 28
35, 66, 8
35, 67, 38
35, 69, 57
35, 71, 11
35, 77, 11
35, 79, 21
35, 79, 34
35, 82, 6
35, 82, 25
35, 83, 8
35, 91, 21
35, 94, 32
35, 95, 16
35, 96, 27
35, 97, 46
35, 100, 23
36, 4, 15
36, 9, 18
36, 9, 27
36, 9, 39
36, 12, 40
36, 13, 53
36, 14, 23
36, 16, 43
36, 17, 47
36, 18, 7
36, 18, 41
36, 22, 20
36, 28, 43
36, 29, 37
36, 32, 41
36, 37, 1
36, 42, 16
36, 47, 30
36, 47, 53
36, 48, 18
36, 49, 27
36, 50, 8
36, 52, 20
36, 56, 17
36, 57, 18
36, 58, 59
36, 59, 21
36, 61, 15
36, 62, 4
36, 62, 53
36, 66, 37
36, 75, 12
36, 77, 35
36, 80, 20
36, 81, 30
36, 82, 39
36, 85, 20
36, 86, 12
36, 86, 49
36, 88, 43
36, 90, 41
36, 93, 1
36, 94, 55
36, 95, 43
36, 97, 38
36, 99, 8
36, 101, 15
37, 4, 43
37, 5, 9
37, 6, 5
37, 8, 42
37, 13, 22
37, 15, 29
37, 16, 1
37, 19, 52
37, 25, 5
37, 26, 52
37, 26, 55
37, 27, 20
37, 36, 20
37, 36, 27
37, 37, 37
37, 39, 26
37, 40, 40
37, 41, 59
37, 45, 7
37, 48, 50
37, 50, 53
37, 53, 13
37, 53, 27
37, 58, 48
37, 60, 44
37, 60, 47
37, 62, 12
37, 62, 41
37, 72, 12
37, 72, 25
37, 77, 1
37, 82, 15
37, 84, 33
37, 85, 52
37, 87, 11
37, 89, 26
37, 92, 25
37, 93, 7
37, 94, 37
37, 96, 47
37, 100, 40
37, 101, 1
38, 2, 54
38, 5, 3
38, 6, 56
38, 10, 8
38, 16, 37
38, 22, 33
38, 23, 2
38, 23, 32
38, 27, 28
38, 30, 55
38, 36, 19
38, 40, 19
38, 42, 13
38, 45, 23
38, 48, 33
38, 51, 5
38, 51, 62
38, 53, 10
38, 54, 19
38, 54, 42
38, 60, 2
38, 60, 28
38, 68, 32
38, 70, 42
38, 70, 50
38, 74, 27
38, 74, 59
38, 75, 27
38, 79, 56
38, 83, 41
38, 90, 39
38, 91, 32
38, 101, 36
39, 5, 13
39, 9, 14
39, 9, 36
39, 13, 10
39, 14, 40
39, 15, 20
39, 16, 30
39, 24, 15
39, 30, 22
39, 30, 47
39, 31, 27
39, 33, 53
39, 35, 53
39, 37, 25
39, 39, 10
39, 40, 30
39, 42, 43
39, 42, 47
39, 52, 34
39, 52, 45
39, 60, 40
39, 64, 32
39, 64, 34
39, 68, 15
39, 69, 3
39, 69, 14
39, 70, 43
39, 71, 22
39, 72, 36
39, 72, 53
39, 74, 42
39, 74, 62
39, 82, 8
39, 82, 53
39, 88, 13
39, 88, 47
39, 89, 25
39, 94, 45
39, 98, 4
40, 1, 28
40, 3, 17
40, 7, 52
40, 10, 41
40, 12, 51
40, 27, 41
40, 28, 22
40, 31, 2
40, 33, 43
40, 39, 12
40, 44, 8
40, 46, 6
40, 48, 16
40, 51, 35
40, 53, 52
40, 55, 29
40, 60, 28
40, 74, 17
40, 74, 22
40, 82, 6
40, 85, 28
40, 86, 41
40, 87, 38
40, 89, 16
40, 91, 31
41, 2, 20
41, 4, 51
41, 5, 12
41, 7, 43
41, 8, 7
41, 8, 29
41, 11, 15
41, 12, 25
41, 19, 51
41, 20, 29
41, 21, 31
41, 27, 9
41, 32, 15
41, 32, 28
41, 32, 30
41, 35, 4
41, 36, 5
41, 40, 53
41, 42, 36
41, 42, 45
41, 44, 10
41, 46, 25
41, 49, 7
41, 50, 46
41, 52, 54
41, 54, 3
41, 55, 24
41, 55, 29
41, 61, 5
41, 61, 54
41, 63, 40
41, 64, 22
41, 66, 1
41, 67, 48
41, 68, 27
41, 69, 10
41, 69, 12
41, 69, 44
41, 70, 31
41, 74, 39
41, 76, 9
41, 76, 21
41, 79, 42
41, 80, 52
41, 87, 6
41, 89, 7
41, 89, 24
41, 91, 17
41, 93, 40
41, 93, 51
41, 94, 29
41, 95, 44
41, 96, 25
41, 99, 8
41, 101, 5
41, 101, 12
42, 14, 41
42, 16, 34
42, 28, 58
42, 33, 34
42, 36, 40
42, 42, 17
42, 52, 3
42, 52, 15
42, 52, 66
42, 58, 58
42, 61, 2
42, 70, 16
42, 72, 10
42, 78, 19
42, 79, 8
42, 91, 25
42, 98, 58
42, 100, 35
43, 3, 29
43, 3, 49
43, 5, 3
43, 10, 21
43, 10, 36
43, 12, 15
43, 21, 9
43, 21, 11
43, 21, 49
43, 22, 17
43, 22, 50
43, 22, 52
43, 23, 27
43, 25, 13
43, 26, 38
43, 27, 8
43, 36, 24
43, 37, 13
43, 37, 45
43, 43, 29
43, 46, 4
43, 48, 12
43, 48, 54
43, 54, 45
43, 60, 6
43, 60, 42
43, 61, 22
43, 67, 31
43, 68, 52
43, 71, 11
43, 71, 25
43, 74, 32
43, 77, 21
43, 82, 39
43, 87, 18
43, 89, 1
43, 92, 36
43, 97, 50
43, 98, 15
43, 101, 4
44, 4, 25
44, 7, 53
44, 8, 11
44, 8, 55
44, 9, 34
44, 15, 46
44, 16, 15
44, 18, 25
44, 22, 40
44, 23, 31
44, 23, 41
44, 31, 33
44, 33, 11
44, 37, 40
44, 40, 51
44, 41, 36
44, 42, 54
44, 46, 18
44, 47, 13
44, 48, 25
44, 55, 20
44, 59, 33
44, 61, 50
44, 64, 41
44, 65, 17
44, 69, 33
44, 70, 18
44, 71, 25
44, 71, 56
44, 73, 50
44, 74, 28
44, 79, 53
44, 80, 18
44, 80, 27
44, 83, 22
44, 84, 11
44, 90, 34
44, 94, 46
44, 100, 41
45, 5, 38
45, 6, 36
45, 7, 20
45, 9, 6
45, 18, 45
45, 21, 42
45, 23, 2
45, 25, 45
45, 27, 23
45, 27, 38
45, 28, 8
45, 33, 8
45, 35, 19
45, 35, 22
45, 36, 11
45, 39, 50
45, 40, 19
45, 44, 23
45, 46, 31
45, 49, 6
45, 49, 26
45, 49, 59
45, 52, 22
45, 54, 2
45, 56, 39
45, 56, 40
45, 57, 2
45, 58, 5
45, 58, 17
45, 61, 33
45, 70, 9
45, 77, 45
45, 78, 36
45, 79, 30
45, 81, 10
45, 85, 10
45, 86, 2
45, 88, 43
45, 89, 38
45, 92, 36
45, 97, 8
45, 99, 19
45, 101, 20
46, 2, 39
46, 3, 8
46, 5, 11
46, 5, 21
46, 5, 49
46, 7, 42
46, 16, 11
46, 21, 22
46, 24, 7
46, 27, 12
46, 28, 45
46, 32, 42
46, 34, 16
46, 34, 49
46, 35, 6
46, 39, 20
46, 43, 31
46, 43, 48
46, 46, 4
46, 47, 25
46, 47, 56
46, 49, 23
46, 50, 4
46, 52, 63
46, 62, 28
46, 64, 22
46, 66, 8
46, 66, 25
46, 67, 42
46, 68, 14
46, 70, 50
46, 73, 53
46, 78, 39
46, 80, 32
46, 80, 51
46, 83, 4
46, 89, 44
46, 89, 45
46, 93, 52
46, 96, 10
46, 96, 44
46, 99, 17
46, 99, 34
46, 100, 56
46, 101, 49
46, 101, 63
47, 1, 11
47, 1, 44
47, 10, 6
47, 12, 33
47, 15, 35
47, 17, 35
47, 18, 12
47, 20, 2
47, 22, 56
47, 27, 20
47, 30, 3
47, 32, 8
47, 34, 1
47, 36, 57
47, 37, 6
47, 38, 42
47, 39, 4
47, 39, 29
47, 42, 15
47, 47, 44
47, 49, 11
47, 52, 30
47, 54, 19
47, 61, 34
47, 64, 12
47, 65, 1
47, 69, 2
47, 75, 8
47, 78, 20
47, 79, 30
47, 83, 6
47, 87, 4
47, 89, 11
47, 90, 14
47, 90, 42
47, 93, 3
47, 93, 34
47, 96, 30
47, 98, 44
47, 101, 15
47, 101, 51
48, 1, 22
48, 1, 52
48, 2, 36
48, 4, 14
48, 6, 55
48, 7, 40
48, 11, 32
48, 12, 5
48, 12, 41
48, 15, 18
48, 16, 43
48, 19, 3
48, 21, 12
48, 26, 7
48, 27, 5
48, 27, 20
48, 27, 62
48, 30, 53
48, 39, 20
48, 42, 31
48, 43, 3
48, 44, 8
48, 52, 6
48, 63, 19
48, 66, 40
48, 68, 22
48, 70, 7
48, 70, 52
48, 76, 55
48, 77, 32
48, 78, 31
48, 78, 53
48, 79, 14
48, 84, 3
48, 90, 20
48, 90, 30
48, 90, 51
48, 93, 5
48, 96, 43
49, 10, 2
49, 10, 14
49, 16, 42
49, 16, 53
49, 18, 20
49, 21, 47
49, 22, 21
49, 22, 24
49, 27, 50
49, 28, 35
49, 32, 45
49, 37, 38
49, 45, 13
49, 54, 6
49, 59, 39
49, 67, 53
49, 73, 38
49, 77, 35
49, 80, 42
49, 82, 29
49, 85, 24
49, 89, 58
49, 92, 1
49, 92, 50
50, 3, 34
50, 4, 10
50, 6, 50
50, 7, 8
50, 7, 47
50, 8, 25
50, 9, 53
50, 12, 16
50, 12, 29
50, 13, 28
50, 17, 46
50, 20, 12
50, 22, 2
50, 24, 15
50, 24, 39
50, 25, 18
50, 26, 22
50, 28, 53
50, 29, 9
50, 33, 28
50, 35, 21
50, 40, 9
50, 42, 39
50, 46, 39
50, 51, 45
50, 51, 55
50, 54, 32
50, 59, 15
50, 62, 16
50, 62, 43
50, 72, 50
50, 78, 2
50, 79, 53
50, 80, 18
50, 81, 8
50, 83, 18
50, 83, 62
50, 86, 42
50, 90, 22
50, 91, 28
50, 91, 34
50, 93, 15
50, 94, 27
50, 97, 12
50, 98, 39
50, 99, 45
51, 1, 10
51, 4, 52
51, 10, 30
51, 14, 10
51, 17, 16
51, 25, 24
51, 26, 1
51, 26, 32
51, 26, 47
51, 28, 38
51, 37, 14
51, 45, 27
51, 48, 10
51, 48, 21
51, 50, 32
51, 53, 58
51, 65, 30
51, 68, 47
51, 69, 39
51, 73, 54
51, 80, 49
51, 83, 52
51, 87, 1
51, 89, 21
52, 4, 40
52, 5, 42
52, 8, 21
52, 11, 37
52, 11, 47
52, 19, 15
52, 19, 19
52, 21, 32
52, 22, 47
52, 24, 6
52, 31, 31
52, 32, 23
52, 32, 36
52, 32, 50
52, 40, 9
52, 40, 11
52, 40, 34
52, 42, 29
52, 43, 8
52, 43, 32
52, 45, 40
52, 46, 52
52, 49, 55
52, 54, 48
52, 59, 39
52, 62, 15
52, 64, 36
52, 66, 15
52, 68, 25
52, 71, 44
52, 76, 40
52, 78, 19
52, 82, 3
52, 86, 47
52, 88, 8
52, 96, 48
52, 99, 15
53, 2, 1
53, 2, 54
53, 6, 19
53, 7, 10
53, 7, 44
53, 8, 41
53, 9, 11
53, 10, 5
53, 11, 42
53, 12, 6
53, 13, 2
53, 14, 11
53, 19, 51
53, 20, 20
53, 21, 49
53, 26, 32
53, 37, 38
53, 38, 32
53, 38, 37
53, 43, 13
53, 48, 60
53, 51, 42
53, 52, 45
53, 54, 17
53, 54, 42
53, 58, 5
53, 58, 45
53, 59, 57
53, 66, 26
53, 69, 38
53, 72, 30
53, 73, 15
53, 73, 52
53, 77, 19
53, 78, 13
53, 79, 32
53, 80, 16
53, 80, 49
53, 82, 19
53, 83, 24
53, 84, 51
53, 87, 20
53, 88, 41
53, 89, 8
53, 91, 27
53, 92, 2
53, 94, 44
53, 97, 44
54, 5, 56
54, 7, 31
54, 8, 36
54, 10, 8
54, 11, 5
54, 19, 11
54, 27, 23
54, 37, 11
54, 40, 39
54, 42, 31
54, 43, 43
54, 44, 21
54, 46, 16
54, 56, 62
54, 57, 21
54, 57, 56
54, 58, 30
54, 60, 5
54, 60, 20
54, 61, 29
54, 62, 32
54, 64, 2
54, 64, 41
54, 74, 24
54, 77, 16
54, 80, 36
54, 81, 16
54, 83, 8
54, 91, 11
54, 98, 11
55, 3, 11
55, 3, 20
55, 3, 42
55, 5, 29
55, 11, 52
55, 14, 9
55, 17, 62
55, 18, 1
55, 18, 4
55, 18, 63
55, 21, 36
55, 24, 10
55, 30, 13
55, 32, 7
55, 32, 38
55, 35, 14
55, 35, 35
55, 36, 5
55, 39, 48
55, 50, 15
55, 50, 46
55, 58, 36
55, 59, 21
55, 70, 1
55, 70, 29
55, 75, 13
55, 76, 36
55, 79, 58
55, 82, 49
55, 83, 39
55, 84, 11
55, 87, 34
55, 88, 27
55, 91, 7
55, 91, 19
55, 91, 52
55, 94, 42
55, 97, 5
55, 97, 38
56, 1, 41
56, 3, 38
56, 5, 9
56, 6, 21
56, 11, 22
56, 17, 33
56, 22, 14
56, 27, 12
56, 32, 20
56, 34, 9
56, 38, 49
56, 41, 10
56, 41, 48
56, 41, 61
56, 42, 52
56, 44, 22
56, 56, 3
56, 61, 29
56, 62, 47
56, 63, 9
56, 65, 8
56, 65, 19
56, 65, 53
56, 72, 47
56, 73, 56
56, 79, 45
56, 80, 49
56, 84, 41
56, 87, 14
56, 87, 49
56, 90, 21
56, 91, 42
56, 96, 38
56, 98, 39
57, 2, 20
57, 6, 7
57, 8, 38
57, 8, 50
57, 11, 4
57, 11, 51
57, 12, 12
57, 13, 55
57, 14, 42
57, 18, 24
57, 18, 30
57, 18, 38
57, 20, 1
57, 21, 2
57, 29, 45
57, 36, 27
57, 37, 8
57, 39, 4
57, 42, 26
57, 43, 27
57, 47, 29
57, 50, 2
57, 52, 39
57, 53, 8
57, 54, 43
57, 54, 53
57, 57, 25
57, 58, 55
57, 60, 23
57, 60, 24
57, 60, 35
57, 63, 45
57, 67, 44
57, 69, 4
57, 69, 53
57, 74, 13
57, 78, 24
57, 79, 30
57, 85, 59
57, 89, 22
57, 89, 51
57, 90, 25
57, 97, 1
57, 97, 12
57, 97, 21
58, 7, 26
58, 8, 1
58, 8, 32
58, 14, 1
58, 15, 12
58, 33, 15
58, 33, 30
58, 34, 46
58, 35, 17
58, 35, 27
58, 35, 47
58, 38, 1
58, 43, 29
58, 43, 45
58, 44, 8
58, 44, 60
58, 46, 37
58, 49, 15
58, 49, 50
58, 51, 32
58, 54, 8
58, 54, 31
58, 58, 51
58, 59, 6
58, 59, 17
58, 59, 26
58, 62, 42
58, 65, 53
58, 68, 30
58, 70, 8
58, 80, 44
58, 82, 12
58, 85, 1
58, 87, 1
58, 87, 37
58, 92, 45
58, 97, 34
59, 1, 33
59, 8, 49
59, 14, 27
59, 14, 41
59, 17, 47
59, 23, 49
59, 24, 24
59, 26, 43
59, 30, 5
59, 31, 25
59, 31, 34
59, 34, 10
59, 36, 22
59, 38, 37
59, 39, 2
59, 40, 33
59, 44, 8
59, 45, 25
59, 50, 18
59, 52, 40
59, 54, 25
59, 55, 45
59, 58, 24
59, 63, 61
59, 65, 39
59, 71, 1
59, 73, 10
59, 77, 41
59, 80, 34
59, 82, 40
59, 83, 20
59, 83, 37
59, 85, 35
59, 88, 22
59, 88, 37
59, 95, 2
59, 96, 43
59, 96, 49
59, 97, 19
59, 99, 2
59, 100, 6
59, 100, 51
60, 1, 35
60, 5, 24
60, 8, 29
60, 9, 24
60, 9, 37
60, 11, 35
60, 13, 36
60, 17, 28
60, 19, 15
60, 20, 2
60, 21, 43
60, 22, 14
60, 23, 32
60, 31, 28
60, 32, 38
60, 34, 3
60, 38, 36
60, 40, 31
60, 42, 48
60, 44, 21
60, 48, 37
60, 58, 35
60, 59, 31
60, 66, 17
60, 67, 37
60, 67, 58
60, 68, 9
60, 70, 29
60, 73, 32
60, 74, 2
60, 78, 24
60, 82, 8
60, 87, 25
60, 87, 29
60, 89, 31
60, 89, 35
60, 92, 32
60, 94, 29
60, 95, 26
61, 1, 27
61, 4, 30
61, 7, 21
61, 10, 6
61, 11, 9
61, 11, 46
61, 14, 1
61, 14, 50
61, 14, 53
61, 15, 11
61, 17, 28
61, 21, 31
61, 21, 52
61, 21, 56
61, 27, 3
61, 27, 36
61, 31, 45
61, 32, 7
61, 32, 53
61, 34, 21
61, 35, 21
61, 38, 6
61, 44, 33
61, 48, 23
61, 50, 15
61, 55, 12
61, 57, 14
61, 57, 25
61, 61, 22
61, 68, 4
61, 68, 35
61, 75, 21
61, 75, 39
61, 79, 14
61, 80, 39
61, 80, 48
61, 82, 34
61, 86, 9
61, 86, 11
61, 90, 20
61, 90, 31
61, 90, 53
61, 92, 28
61, 95, 34
61, 97, 22
61, 98, 9
61, 99, 12
61, 99, 50
61, 101, 25
62, 1, 11
62, 2, 6
62, 2, 22
62, 3, 51
62, 6, 12
62, 13, 9
62, 16, 46
62, 25, 43
62, 28, 22
62, 28, 54
62, 31, 39
62, 34, 52
62, 38, 5
62, 38, 20
62, 38, 48
62, 46, 48
62, 51, 12
62, 51, 30
62, 54, 6
62, 60, 42
62, 64, 29
62, 65, 15
62, 66, 48
62, 69, 39
62, 69, 51
62, 71, 57
62, 72, 22
62, 72, 47
62, 73, 14
62, 73, 55
62, 81, 20
62, 81, 49
62, 87, 46
62, 94, 32
62, 95, 58
62, 100, 44
63, 8, 8
63, 10, 45
63, 16, 51
63, 20, 19
63, 20, 30
63, 20, 45
63, 23, 8
63, 23, 43
63, 28, 38
63, 30, 15
63, 31, 54
63, 47, 23
63, 48, 20
63, 49, 48
63, 52, 12
63, 60, 19
63, 65, 6
63, 66, 10
63, 80, 12
63, 81, 23
63, 82, 30
63, 83, 45
63, 84, 12
63, 89, 23
63, 92, 45
63, 98, 8
63, 99, 20
63, 101, 38
64, 1, 6
64, 3, 20
64, 6, 32
64, 7, 36
64, 7, 50
64, 9, 38
64, 11, 22
64, 11, 29
64, 12, 51
64, 15, 1
64, 15, 41
64, 16, 8
64, 35, 44
64, 36, 36
64, 37, 25
64, 44, 17
64, 47, 22
64, 47, 41
64, 50, 1
64, 54, 16
64, 55, 1
64, 59, 22
64, 61, 14
64, 61, 39
64, 65, 43
64, 67, 18
64, 68, 19
64, 72, 21
64, 73, 20
64, 79, 37
64, 81, 5
64, 82, 38
64, 85, 21
64, 87, 17
64, 89, 8
64, 90, 51
64, 94, 33
64, 95, 17
64, 95, 36
64, 95, 50
65, 1, 24
65, 1, 30
65, 12, 11
65, 21, 10
65, 21, 49
65, 24, 4
65, 24, 31
65, 26, 26
65, 28, 52
65, 31, 12
65, 32, 33
65, 32, 48
65, 43, 45
65, 44, 23
65, 44, 51
65, 48, 11
65, 49, 4
65, 49, 59
65, 51, 42
65, 54, 46
65, 55, 23
65, 57, 5
65, 60, 6
65, 63, 1
65, 66, 13
65, 67, 31
65, 74, 13
65, 74, 16
65, 75, 40
65, 85, 55
65, 87, 5
65, 91, 9
65, 92, 10
66, 1, 48
66, 2, 1
66, 2, 8
66, 4, 37
66, 4, 51
66, 5, 22
66, 9, 22
66, 14, 7
66, 16, 22
66, 20, 8
66, 25, 14
66, 27, 20
66, 27, 36
66, 27, 39
66, 35, 22
66, 40, 51
66, 43, 18
66, 43, 52
66, 45, 43
66, 45, 61
66, 47, 40
66, 49, 57
66, 54, 31
66, 59, 38
66, 60, 49
66, 63, 31
66, 64, 48
66, 68, 8
66, 70, 37
66, 75, 10
66, 75, 43
66, 76, 17
66, 77, 38
66, 78, 4
66, 78, 20
66, 78, 29
66, 80, 49
66, 80, 53
66, 81, 1
66, 85, 51
66, 90, 35
66, 90, 39
66, 100, 36
67, 2, 18
67, 7, 39
67, 8, 16
67, 15, 36
67, 15, 59
67, 19, 41
67, 21, 48
67, 31, 22
67, 33, 29
67, 35, 50
67, 40, 59
67, 42, 24
67, 42, 50
67, 43, 35
67, 45, 2
67, 46, 43
67, 48, 11
67, 53, 2
67, 54, 48
67, 68, 41
67, 68, 56
67, 69, 17
67, 78, 25
67, 78, 47
67, 85, 39
67, 88, 16
67, 89, 22
67, 90, 32
67, 91, 2
67, 95, 12
67, 95, 50
67, 96, 43
67, 100, 18
68, 2, 35
68, 3, 49
68, 8, 3
68, 10, 18
68, 10, 40
68, 11, 3
68, 11, 49
68, 13, 39
68, 14, 29
68, 16, 31
68, 17, 11
68, 19, 24
68, 19, 35
68, 20, 4
68, 21, 29
68, 24, 11
68, 24, 18
68, 26, 19
68, 26, 49
68, 28, 53
68, 29, 21
68, 34, 4
68, 41, 6
68, 41, 17
68, 42, 21
68, 44, 44
68, 47, 8
68, 49, 27
68, 51, 47
68, 52, 13
68, 52, 16
68, 53, 22
68, 60, 16
68, 61, 12
68, 61, 15
68, 66, 3
68, 66, 31
68, 67, 49
68, 68, 24
68, 71, 12
68, 72, 4
68, 73, 33
68, 73, 47
68, 74, 6
68, 75, 26
68, 84, 57
68, 86, 18
68, 88, 13
68, 89, 1
68, 95, 35
68, 96, 27
68, 97, 16
68, 97, 50
69, 2, 36
69, 3, 35
69, 4, 32
69, 4, 37
69, 8, 32
69, 9, 29
69, 12, 45
69, 14, 12
69, 14, 15
69, 17, 49
69, 18, 41
69, 21, 23
69, 23, 27
69, 29, 33
69, 31, 40
69, 36, 52
69, 38, 47
69, 38, 54
69, 39, 57
69, 40, 5
69, 42, 32
69, 50, 24
69, 50, 43
69, 56, 2
69, 57, 50
69, 66, 37
69, 68, 57
69, 72, 12
69, 78, 10
69, 82, 47
69, 86, 41
69, 95, 23
69, 96, 52
69, 97, 33
69, 100, 8
69, 100, 32
70, 3, 45
70, 7, 42
70, 9, 8
70, 13, 5
70, 14, 32
70, 22, 16
70, 22, 29
70, 26, 45
70, 30, 5
70, 31, 44
70, 36, 41
70, 40, 28
70, 42, 29
70, 44, 27
70, 49, 24
70, 50, 20
70, 53, 51
70, 54, 6
70, 54, 9
70, 58, 38
70, 60, 44
70, 62, 28
70, 67, 24
70, 68, 45
70, 73, 5
70, 73, 40
70, 81, 36
70, 81, 41
70, 85, 4
70, 87, 29
70, 87, 30
70, 87, 42
70, 90, 42
70, 91, 45
70, 100, 43
71, 2, 22
71, 7, 18
71, 15, 24
71, 17, 15
71, 17, 16
71, 19, 27
71, 24, 7
71, 29, 22
71, 31, 12
71, 33, 6
71, 36, 49
71, 44, 33
71, 54, 16
71, 60, 6
71, 61, 18
71, 62, 25
71, 65, 15
71, 68, 24
71, 77, 18
71, 94, 24
71, 95, 28
71, 97, 31
71, 97, 33
71, 98, 33
71, 99, 17
71, 100, 8
72, 1, 23
72, 11, 47
72, 12, 34
72, 16, 22
72, 21, 41
72, 25, 15
72, 32, 25
72, 34, 13
72, 34, 41
72, 35, 38
72, 41, 1
72, 41, 27
72, 46, 25
72, 47, 8
72, 48, 41
72, 64, 42
72, 67, 47
72, 69, 22
72, 79, 55
72, 81, 12
72, 82, 47
72, 83, 4
72, 85, 34
72, 86, 27
72, 89, 54
72, 93, 1
72, 93, 40
72, 95, 11
72, 95, 14
72, 95, 60
72, 96, 21
72, 98, 27
73, 1, 24
73, 3, 3
73, 3, 18
73, 5, 14
73, 6, 17
73, 7, 8
73, 7, 12
73, 7, 60
73, 9, 47
73, 10, 2
73, 14, 27
73, 19, 26
73, 20, 43
73, 22, 31
73, 25, 15
73, 26, 55
73, 38, 47
73, 39, 29
73, 40, 39
73, 48, 39
73, 50, 25
73, 50, 57
73, 55, 9
73, 55, 12
73, 60, 38
73, 61, 29
73, 62, 44
73, 63, 55
73, 65, 15
73, 68, 60
73, 73, 18
73, 73, 27
73, 75, 8
73, 75, 43
73, 76, 31
73, 76, 39
73, 76, 43
73, 77, 22
73, 78, 1
73, 79, 3
73, 79, 26
73, 81, 28
73, 83, 25
73, 85, 8
73, 89, 14
73, 90, 9
73, 92, 18
73, 93, 56
74, 2, 35
74, 5, 7
74, 5, 31
74, 8, 16
74, 8, 54
74, 9, 27
74, 11, 29
74, 16, 13
74, 17, 9
74, 25, 19
74, 32, 50
74, 37, 42
74, 38, 32
74, 39, 21
74, 39, 22
74, 40, 40
74, 40, 60
74, 41, 53
74, 43, 31
74, 44, 22
74, 47, 29
74, 51, 22
74, 57, 23
74, 57, 45
74, 61, 12
74, 62, 58
74, 67, 39
74, 67, 40
74, 68, 30
74, 68, 35
74, 69, 27
74, 71, 7
74, 76, 5
74, 77, 13
74, 80, 33
74, 80, 36
74, 80, 42
74, 83, 41
74, 87, 53
74, 89, 22
74, 100, 9
75, 2, 21
75, 6, 50
75, 8, 18
75, 8, 46
75, 10, 30
75, 20, 15
75, 22, 6
75, 22, 29
75, 28, 13
75, 36, 4
75, 38, 17
75, 50, 22
75, 50, 44
75, 52, 4
75, 52, 44
75, 58, 5
75, 58, 28
75, 63, 27
75, 65, 16
75, 67, 5
75, 73, 2
75, 81, 39
75, 85, 3
75, 85, 52
75, 85, 62
75, 86, 6
75, 86, 13
75, 87, 4
75, 94, 43
76, 2, 47
76, 3, 5
76, 3, 34
76, 7, 17
76, 10, 47
76, 11, 11
76, 11, 32
76, 11, 49
76, 14, 9
76, 14, 52
76, 16, 50
76, 23, 59
76, 25, 30
76, 29, 4
76, 31, 17
76, 34, 29
76, 38, 44
76, 40, 47
76, 41, 20
76, 43, 29
76, 44, 4
76, 44, 8
76, 44, 14
76, 44, 19
76, 47, 35
76, 48, 35
76, 53, 20
76, 60, 9
76, 63, 8
76, 64, 5
76, 65, 27
76, 65, 30
76, 65, 41
76, 71, 11
76, 71, 37
76, 72, 49
76, 75, 54
76, 84, 19
76, 87, 7
76, 88, 20
76, 90, 5
76, 90, 50
76, 97, 48
76, 98, 12
76, 101, 50
77, 1, 48
77, 4, 37
77, 9, 15
77, 10, 17
77, 10, 47
77, 16, 8
77, 21, 46
77, 24, 2
77, 24, 23
77, 26, 51
77, 31, 12
77, 31, 20
77, 36, 18
77, 43, 20
77, 44, 25
77, 45, 41
77, 46, 30
77, 50, 46
77, 57, 46
77, 61, 18
77, 62, 27
77, 66, 8
77, 72, 18
77, 80, 47
77, 80, 51
77, 83, 27
77, 84, 29
77, 94, 37
77, 96, 30
77, 98, 35
77, 98, 50
77, 99, 18
78, 2, 4
78, 2, 55
78, 7, 20
78, 8, 36
78, 8, 42
78, 12, 31
78, 16, 43
78, 18, 40
78, 18, 45
78, 19, 21
78, 20, 7
78, 29, 56
78, 31, 42
78, 35, 13
78, 37, 5
78, 39, 12
78, 40, 8
78, 46, 31
78, 47, 55
78, 55, 5
78, 55, 30
78, 55, 40
78, 57, 35
78, 60, 42
78, 66, 1
78, 68, 35
78, 73, 9
78, 73, 19
78, 73, 36
78, 81, 46
78, 84, 40
78, 86, 43
78, 86, 46
78, 87, 4
78, 91, 9
78, 94, 12
78, 94, 55
78, 97, 13
78, 97, 46
78, 98, 4
79, 1, 27
79, 2, 22
79, 6, 26
79, 6, 41
79, 7, 11
79, 7, 35
79, 12, 45
79, 17, 39
79, 17, 51
79, 24, 8
79, 28, 3
79, 28, 43
79, 30, 22
79, 32, 29
79, 34, 31
79, 34, 46
79, 35, 40
79, 36, 19
79, 38, 22
79, 38, 54
79, 46, 18
79, 46, 52
79, 52, 29
79, 52, 56
79, 56, 27
79, 61, 15
79, 68, 14
79, 71, 22
79, 72, 6
79, 72, 39
79, 73, 33
79, 77, 21
79, 78, 35
79, 79, 41
79, 84, 45
79, 92, 47
79, 93, 16
79, 96, 25
79, 97, 26
79, 98, 5
79, 98, 14
79, 98, 51
79, 99, 35
79, 100, 3
80, 2, 1
80, 4, 8
80, 9, 25
80, 11, 22
80, 17, 6
80, 17, 17
80, 21, 34
80, 21, 55
80, 27, 28
80, 29, 31
80, 33, 16
80, 33, 41
80, 36, 14
80, 37, 6
80, 37, 35
80, 40, 41
80, 42, 18
80, 43, 24
80, 46, 5
80, 57, 1
80, 57, 5
80, 57, 7
80, 58, 30
80, 60, 52
80, 64, 39
80, 65, 11
80, 68, 57
80, 77, 49
80, 79, 28
80, 80, 24
80, 94, 25
80, 95, 24
80, 98, 35
80, 100, 8
81, 1, 51
81, 9, 5
81, 9, 30
81, 11, 50
81, 14, 47
81, 17, 33
81, 24, 52
81, 25, 50
81, 29, 48
81, 30, 20
81, 32, 21
81, 35, 52
81, 42, 18
81, 42, 36
81, 43, 4
81, 45, 33
81, 48, 15
81, 52, 9
81, 58, 32
81, 59, 19
81, 59, 50
81, 60, 52
81, 65, 19
81, 65, 32
81, 66, 41
81, 72, 21
81, 73, 50
81, 75, 19
81, 77, 7
81, 80, 3
81, 81, 33
81, 82, 25
81, 83, 51
81, 94, 30
81, 94, 32
81, 101, 48
82, 1, 20
82, 1, 48
82, 6, 1
82, 9, 53
82, 10, 33
82, 11, 29
82, 12, 40
82, 13, 32
82, 19, 32
82, 21, 9
82, 32, 56
82, 34, 13
82, 35, 29
82, 38, 4
82, 40, 7
82, 46, 3
82, 48, 46
82, 49, 41
82, 50, 34
82, 51, 5
82, 54, 20
82, 57, 17
82, 60, 41
82, 63, 10
82, 64, 21
82, 67, 27
82, 67, 40
82, 70, 9
82, 76, 3
82, 79, 10
82, 80, 2
82, 84, 22
82, 84, 53
82, 86, 10
82, 93, 4
82, 94, 25
82, 95, 20
82, 95, 38
82, 96, 48
82, 100, 34
83, 1, 8
83, 2, 17
83, 4, 25
83, 5, 47
83, 9, 5
83, 9, 15
83, 9, 37
83, 15, 19
83, 15, 49
83, 17, 35
83, 19, 15
83, 23, 17
83, 24, 18
83, 24, 50
83, 25, 3
83, 26, 22
83, 26, 44
83, 27, 28
83, 28, 28
83, 29, 46
83, 31, 27
83, 37, 31
83, 37, 48
83, 41, 11
83, 42, 54
83, 43, 25
83, 47, 27
83, 49, 37
83, 51, 11
83, 57, 36
83, 57, 46
83, 59, 6
83, 61, 29
83, 64, 27
83, 64, 32
83, 66, 17
83, 68, 35
83, 70, 10
83, 71, 46
83, 72, 15
83, 76, 31
83, 81, 15
83, 89, 7
83, 89, 46
83, 90, 5
83, 90, 58
83, 91, 17
83, 92, 14
83, 93, 27
83, 93, 48
83, 99, 22
83, 99, 35
83, 101, 40
84, 2, 49
84, 3, 1
84, 6, 1
84, 7, 9
84, 8, 6
84, 17, 13
84, 17, 15
84, 19, 13
84, 20, 38
84, 24, 7
84, 26, 43
84, 26, 58
84, 31, 44
84, 36, 11
84, 41, 43
84, 43, 7
84, 44, 20
84, 45, 31
84, 45, 54
84, 47, 43
84, 57, 2
84, 61, 41
84, 61, 51
84, 62, 35
84, 64, 41
84, 65, 54
84, 66, 27
84, 67, 23
84, 68, 21
84, 69, 32
84, 69, 42
84, 69, 44
84, 70, 1
84, 70, 13
84, 76, 11
84, 83, 14
84, 86, 16
84, 91, 20
84, 93, 35
84, 94, 43
85, 4, 43
85, 11, 33
85, 12, 15
85, 12, 50
85, 14, 18
85, 14, 36
85, 17, 56
85, 18, 30
85, 19, 26
85, 19, 53
85, 26, 20
85, 35, 32
85, 39, 22
85, 39, 61
85, 44, 13
85, 54, 43
85, 59, 46
85, 67, 55
85, 73, 12
85, 74, 4
85, 74, 8
85, 76, 53
85, 79, 3
85, 84, 33
85, 85, 27
85, 91, 13
85, 95, 13
85, 95, 20
85, 95, 36
85, 100, 28
86, 3, 51
86, 5, 29
86, 7, 16
86, 12, 4
86, 12, 38
86, 15, 23
86, 18, 2
86, 18, 11
86, 21, 9
86, 23, 20
86, 26, 13
86, 26, 43
86, 29, 46
86, 30, 53
86, 31, 43
86, 34, 31
86, 34, 36
86, 38, 12
86, 39, 50
86, 44, 23
86, 45, 5
86, 45, 46
86, 58, 36
86, 63, 45
86, 65, 15
86, 71, 7
86, 73, 20
86, 75, 36
86, 79, 31
86, 87, 38
86, 93, 20
86, 97, 22
86, 97, 51
86, 99, 46
87, 3, 12
87, 6, 5
87, 7, 34
87, 9, 27
87, 14, 14
87, 14, 47
87, 17, 27
87, 19, 55
87, 21, 25
87, 30, 6
87, 36, 47
87, 37, 22
87, 40, 11
87, 44, 42
87, 50, 43
87, 51, 27
87, 53, 13
87, 54, 16
87, 56, 8
87, 75, 21
87, 76, 3
87, 81, 31
87, 88, 13
87, 88, 55
87, 89, 5
88, 1, 44
88, 2, 19
88, 5, 23
88, 7, 13
88, 7, 21
88, 8, 21
88, 8, 36
88, 8, 40
88, 13, 7
88, 14, 23
88, 16, 39
88, 20, 22
88, 22, 33
88, 29, 23
88, 31, 13
88, 32, 9
88, 34, 13
88, 35, 27
88, 36, 41
88, 37, 10
88, 42, 12
88, 45, 7
88, 48, 12
88, 48, 33
88, 52, 45
88, 54, 28
88, 54, 41
88, 61, 41
88, 67, 19
88, 70, 45
88, 70, 50
88, 70, 52
88, 72, 21
88, 73, 32
88, 76, 15
88, 76, 41
88, 82, 72
88, 83, 13
88, 84, 22
88, 85, 50
88, 88, 5
88, 90, 45
88, 93, 36
88, 94, 56
88, 95, 7
88, 96, 6
88, 98, 6
88, 99, 35
88, 99, 36
88, 100, 12
89, 1, 47
89, 2, 28
89, 15, 11
89, 15, 32
89, 16, 20
89, 17, 6
89, 18, 34
89, 20, 36
89, 22, 20
89, 23, 34
89, 24, 12
89, 24, 53
89, 26, 21
89, 27, 53
89, 29, 44
89, 31, 27
89, 34, 1
89, 35, 37
89, 36, 47
89, 40, 5
89, 42, 42
89, 44, 6
89, 46, 18
89, 46, 19
89, 47, 10
89, 48, 34
89, 48, 38
89, 50, 22
89, 52, 26
89, 54, 45
89, 59, 2
89, 60, 39
89, 62, 53
89, 65, 12
89, 66, 44
89, 66, 54
89, 72, 37
89, 74, 28
89, 82, 47
89, 89, 7
89, 92, 18
89, 95, 16
89, 96, 17
89, 97, 34
89, 101, 36
90, 1, 32
90, 2, 32
90, 3, 2
90, 5, 3
90, 6, 1
90, 10, 51
90, 12, 32
90, 16, 57
90, 17, 37
90, 20, 24
90, 21, 12
90, 24, 4
90, 27, 39
90, 33, 34
90, 33, 43
90, 36, 6
90, 36, 37
90, 37, 25
90, 37, 33
90, 40, 16
90, 42, 36
90, 52, 34
90, 52, 43
90, 54, 8
90, 55, 20
90, 57, 9
90, 59, 21
90, 62, 51
90, 63, 10
90, 66, 43
90, 67, 22
90, 69, 54
90, 72, 25
90, 74, 45
90, 80, 24
90, 80, 27
90, 81, 3
90, 81, 41
90, 89, 32
90, 90, 60
90, 95, 41
90, 97, 44
91, 4, 15
91, 4, 43
91, 5, 29
91, 10, 14
91, 12, 38
91, 13, 8
91, 15, 2
91, 15, 48
91, 15, 52
91, 18, 12
91, 19, 14
91, 27, 72
91, 35, 19
91, 40, 36
91, 40, 42
91, 43, 48
91, 44, 38
91, 49, 33
91, 57, 52
91, 60, 21
91, 64, 24
91, 65, 37
91, 69, 17
91, 79, 16
91, 79, 44
91, 81, 22
91, 82, 8
91, 84, 12
91, 84, 17
91, 88, 43
91, 91, 14
91, 100, 29
92, 3, 11
92, 3, 50
92, 8, 41
92, 10, 7
92, 16, 31
92, 21, 5
92, 22, 18
92, 22, 28
92, 24, 10
92, 24, 14
92, 26, 32
92, 28, 19
92, 30, 28
92, 31, 15
92, 43, 22
92, 46, 56
92, 57, 5
92, 57, 50
92, 66, 48
92, 67, 2
92, 68, 46
92, 69, 43
92, 70, 9
92, 70, 24
92, 71, 24
92, 72, 6
92, 72, 41
92, 73, 21
92, 73, 32
92, 73, 46
92, 77, 18
92, 79, 42
92, 81, 28
92, 83, 52
92, 85, 10
92, 86, 32
92, 90, 26
92, 92, 7
92, 94, 42
92, 95, 1
93, 10, 28
93, 12, 55
93, 15, 41
93, 16, 28
93, 17, 13
93, 25, 9
93, 27, 13
93, 27, 49
93, 32, 20
93, 44, 28
93, 46, 30
93, 48, 33
93, 48, 35
93, 50, 57
93, 54, 43
93, 55, 47
93, 56, 4
93, 58, 36
93, 58, 48
93, 60, 9
93, 60, 43
93, 62, 32
93, 71, 1
93, 72, 60
93, 75, 10
93, 79, 3
93, 79, 47
93, 80, 2
93, 81, 33
93, 97, 35
94, 4, 10
94, 6, 29
94, 8, 22
94, 10, 41
94, 11, 48
94, 12, 28
94, 13, 22
94, 17, 51
94, 18, 3
94, 18, 32
94, 18, 41
94, 19, 27
94, 19, 44
94, 22, 48
94, 23, 44
94, 24, 42
94, 27, 40
94, 30, 47
94, 32, 13
94, 32, 24
94, 33, 23
94, 42, 36
94, 43, 8
94, 50, 29
94, 54, 5
94, 56, 15
94, 56, 39
94, 58, 27
94, 63, 31
94, 66, 48
94, 73, 45
94, 78, 23
94, 78, 51
94, 79, 53
94, 84, 27
94, 87, 30
94, 89, 10
94, 89, 15
94, 93, 23
94, 95, 10
94, 95, 31
94, 95, 52
94, 96, 4
94, 98, 51
94, 101, 38
95, 7, 21
95, 9, 2
95, 12, 20
95, 21, 35
95, 25, 30
95, 29, 21
95, 32, 2
95, 38, 21
95, 39, 24
95, 40, 12
95, 46, 7
95, 46, 48
95, 49, 13
95, 50, 37
95, 54, 29
95, 54, 45
95, 56, 35
95, 58, 13
95, 61, 16
95, 65, 2
95, 83, 32
95, 88, 3
95, 90, 20
95, 94, 29
95, 97, 21
95, 97, 35
95, 101, 12
96, 2, 33
96, 2, 54
96, 4, 3
96, 5, 50
96, 21, 30
96, 22, 39
96, 23, 48
96, 24, 51
96, 28, 38
96, 31, 25
96, 32, 15
96, 36, 4
96, 38, 39
96, 43, 18
96, 44, 23
96, 44, 34
96, 53, 36
96, 53, 47
96, 58, 49
96, 60, 7
96, 65, 30
96, 68, 5
96, 69, 50
96, 70, 5
96, 70, 25
96, 71, 37
96, 77, 9
96, 82, 53
96, 83, 30
96, 84, 54
96, 87, 4
96, 87, 38
96, 88, 8
96, 91, 4
96, 92, 29
96, 95, 25
96, 97, 7
96, 100, 49
96, 101, 42
97, 6, 22
97, 8, 37
97, 9, 11
97, 13, 45
97, 18, 18
97, 22, 27
97, 23, 38
97, 25, 6
97, 26, 4
97, 30, 16
97, 34, 10
97, 38, 1
97, 38, 24
97, 40, 17
97, 45, 18
97, 47, 22
97, 48, 41
97, 48, 45
97, 51, 40
97, 52, 17
97, 57, 43
97, 61, 26
97, 62, 11
97, 62, 31
97, 63, 16
97, 63, 39
97, 67, 47
97, 72, 1
97, 78, 33
97, 83, 37
97, 87, 32
97, 88, 24
97, 95, 41
97, 98, 6
97, 98, 12
97, 98, 31
98, 2, 26
98, 2, 44
98, 2, 47
98, 6, 51
98, 7, 53
98, 9, 41
98, 10, 41
98, 11, 45
98, 17, 33
98, 18, 30
98, 18, 66
98, 21, 1
98, 23, 19
98, 27, 12
98, 30, 29
98, 31, 48
98, 32, 36
98, 34, 52
98, 35, 47
98, 48, 13
98, 48, 15
98, 57, 12
98, 58, 24
98, 63, 39
98, 64, 2
98, 67, 29
98, 68, 11
98, 68, 44
98, 72, 25
98, 74, 2
98, 78, 42
98, 79, 30
98, 80, 53
98, 82, 15
98, 82, 39
98, 82, 41
98, 84, 7
98, 87, 20
98, 87, 43
98, 89, 33
98, 91, 47
98, 94, 12
98, 96, 44
98, 97, 9
99, 1, 13
99, 5, 39
99, 21, 47
99, 22, 3
99, 23, 46
99, 26, 8
99, 28, 8
99, 30, 21
99, 32, 5
99, 32, 28
99, 34, 13
99, 35, 4
99, 36, 34
99, 39, 26
99, 42, 29
99, 50, 1
99, 52, 15
99, 55, 49
99, 58, 1
99, 62, 20
99, 62, 38
99, 63, 7
99, 65, 6
99, 65, 33
99, 67, 49
99, 68, 19
99, 69, 33
99, 70, 18
99, 71, 28
99, 71, 34
99, 72, 10
99, 77, 25
99, 77, 39
99, 80, 36
99, 90, 6
99, 93, 44
99, 97, 29
99, 98, 53
100, 1, 31
100, 5, 42
100, 6, 16
100, 6, 46
100, 7, 36
100, 12, 24
100, 13, 1
100, 20, 43
100, 31, 54
100, 37, 40
100, 38, 12
100, 38, 26
100, 38, 52
100, 42, 49
100, 43, 45
100, 51, 3
100, 51, 34
100, 58, 1
100, 59, 10
100, 61, 32
100, 69, 23
100, 71, 47
100, 72, 48
100, 73, 36
100, 75, 41
100, 75, 54
100, 82, 19
100, 82, 24
100, 82, 35
100, 89, 43
100, 90, 26
100, 96, 38
100, 99, 16
100, 100, 49
100, 101, 1
101, 1, 5
101, 5, 32
101, 7, 7
101, 8, 47
101, 10, 24
101, 10, 55
101, 11, 15
101, 11, 19
101, 16, 15
101, 18, 25
101, 21, 20
101, 21, 52
101, 23, 44
101, 28, 11
101, 34, 22
101, 37, 14
101, 41, 50
101, 46, 42
101, 52, 40
101, 57, 30
101, 60, 14
101, 61, 22
101, 64, 12
101, 75, 33
101, 82, 44
101, 86, 29
101, 88, 25
101, 91, 14
101, 92, 5
101, 96, 55
101, 97, 11
101, 101, 47
