1, 1, 8
1, 3, 47
1, 4, 12
1, 5, 13
1, 5, 37
1, 6, 30
1, 7, 45
1, 10, 18
1, 10, 23
1, 14, 31
1, 15, 25
1, 16, 10
1, 16, 14
1, 16, 20
1, 16, 54
1, 18, 44
1, 20, 31
1, 21, 43
1, 21, 48
1, 22, 33
1, 26, 21
1, 28, 8
1, 28, 21
1, 32, 7
1, 34, 14
1, 35, 3
1, 36, 49
1, 37, 45
1, 40, 29
1, 41, 37
1, 43, 6
1, 44, 49
1, 45, 17
1, 46, 1
1, 46, 44
1, 48, 37
1, 50, 31
1, 52, 26
1, 53, 37
1, 54, 39
1, 56, 12
1, 59, 38
1, 60, 3
1, 60, 18
1, 60, 27
1, 60, 42
1, 61, 45
1, 62, 10
1, 63, 20
1, 67, 47
1, 68, 10
1, 69, 28
1, 69, 48
1, 69, 54
1, 70, 17
1, 70, 25
1, 72, 49
1, 74, 21
1, 74, 30
1, 75, 36
1, 76, 45
1, 76, 48
1, 79, 10
1, 79, 22
1, 81, 7
1, 84, 5
1, 85, 4
1, 87, 3
1, 87, 26
1, 88, 20
1, 88, 52
1, 90, 23
1, 91, 33
1, 100, 18
2, 1, 3
2, 3, 7
2, 4, 21
2, 4, 42
2, 5, 31
2, 5, 49
2, 7, 38
2, 9, 10
2, 9, 19
2, 9, 32
2, 11, 8
2, 11, 34
2, 11, 36
2, 12, 17
2, 13, 31
2, 13, 32
2, 15, 31
2, 16, 9
2, 18, 29
2, 18, 46
2, 23, 1
2, 23, 27
2, 23, 43
2, 24, 40
2, 25, 31
2, 26, 33
2, 27, 31
2, 28, 16
2, 28, 48
2, 30, 41
2, 31, 11
2, 32, 8
2, 32, 43
2, 34, 29
2, 37, 4
2, 37, 6
2, 37, 24
2, 38, 2
2, 38, 19
2, 40, 47
2, 43, 20
2, 43, 34
2, 44, 5
2, 44, 7
2, 48, 39
2, 48, 48
2, 49, 9
2, 53, 19
2, 53, 25
2, 53, 42
2, 58, 20
2, 58, 45
2, 60, 17
2, 60, 34
2, 61, 31
2, 63, 3
2, 67, 6
2, 67, 56
2, 68, 24
2, 69, 10
2, 73, 32
2, 74, 40
2, 75, 2
2, 76, 8
2, 76, 59
2, 83, 24
2, 85, 38
2, 86, 31
2, 89, 32
2, 90, 19
2, 90, 38
2, 90, 54
2, 92, 16
2, 93, 29
2, 95, 28
2, 95, 40
2, 97, 6
2, 98, 41
2, 100, 11
2, 100, 19
2, 100, 42
2, 101, 3
2, 101, 8
3, 1, 34
3, 3, 15
3, 4, 19
3, 5, 13
3, 8, 26
3, 9, 32
3, 9, 52
3, 18, 52
3, 19, 51
3, 20, 35
3, 20, 39
3, 24, 48
3, 28, 2
3, 28, 26
3, 28, 39
3, 30, 14
3, 30, 49
3, 34, 14
3, 35, 7
3, 35, 12
3, 35, 26
3, 35, 34
3, 36, 12
3, 37, 34
3, 38, 13
3, 39, 15
3, 41, 35
3, 42, 27
3, 47, 12
3, 48, 34
3, 49, 14
3, 53, 30
3, 53, 31
3, 54, 34
3, 56, 41
3, 57, 40
3, 59, 27
3, 63, 26
3, 69, 48
3, 70, 6
3, 70, 57
3, 71, 13
3, 71, 14
3, 73, 9
3, 75, 27
3, 76, 12
3, 78, 49
3, 79, 32
3, 79, 48
3, 80, 49
3, 81, 29
3, 81, 39
3, 84, 14
3, 84, 20
3, 86, 47
3, 87, 2
3, 88, 15
3, 93, 16
3, 98, 30
3, 100, 26
3, 100, 41
3, 101, 19
4, 1, 16
4, 1, 19
4, 1, 37
4, 5, 1
4, 5, 3
4, 11, 44
4, 12, 22
4, 13, 39
4, 13, 49
4, 14, 28
4, 16, 6
4, 18, 27
4, 18, 45
4, 20, 25
4, 21, 7
4, 22, 27
4, 23, 5
4, 23, 41
4, 25, 47
4, 26, 55
4, 30, 2
4, 30, 56
4, 34, 42
4, 35, 39
4, 36, 34
4, 38, 23
4, 38, 33
4, 38, 49
4, 39, 15
4, 39, 35
4, 46, 53
4, 49, 25
4, 53, 19
4, 55, 33
4, 60, 43
4, 61, 23
4, 61, 38
4, 62, 25
4, 63, 36
4, 64, 14
4, 67, 44
4, 67, 50
4, 70, 7
4, 70, 20
4, 72, 29
4, 72, 47
4, 74, 47
4, 76, 21
4, 79, 23
4, 81, 16
4, 83, 27
4, 83, 46
4, 90, 45
4, 93, 22
4, 94, 37
4, 97, 12
4, 97, 49
4, 100, 35
4, 100, 39
5, 2, 12
5, 5, 44
5, 6, 41
5, 6, 48
5, 8, 10
5, 18, 27
5, 19, 7
5, 20, 3
5, 20, 10
5, 20, 49
5, 22, 20
5, 22, 36
5, 25, 1
5, 26, 15
5, 26, 36
5, 31, 35
5, 32, 18
5, 32, 57
5, 33, 33
5, 35, 22
5, 36, 38
5, 38, 18
5, 39, 4
5, 40, 33
5, 41, 22
5, 42, 28
5, 43, 15
5, 43, 17
5, 45, 40
5, 48, 6
5, 48, 42
5, 49, 27
5, 51, 21
5, 51, 33
5, 54, 11
5, 54, 15
5, 57, 29
5, 59, 10
5, 59, 39
5, 60, 14
5, 61, 1
5, 63, 33
5, 64, 15
5, 67, 48
5, 68, 1
5, 74, 7
5, 74, 39
5, 75, 47
5, 75, 52
5, 76, 40
5, 77, 13
5, 78, 18
5, 78, 45
5, 79, 30
5, 80, 34
5, 80, 45
5, 81, 15
5, 83, 5
5, 83, 10
5, 84, 39
5, 86, 10
5, 87, 36
5, 91, 32
5, 92, 27
5, 97, 49
5, 99, 51
6, 2, 3
6, 2, 7
6, 5, 12
6, 5, 27
6, 5, 33
6, 6, 30
6, 9, 34
6, 11, 20
6, 12, 10
6, 14, 52
6, 16, 27
6, 18, 22
6, 19, 38
6, 20, 27
6, 21, 9
6, 21, 13
6, 21, 28
6, 21, 35
6, 21, 51
6, 22, 2
6, 22, 7
6, 25, 10
6, 31, 15
6, 32, 23
6, 33, 7
6, 35, 19
6, 35, 37
6, 35, 41
6, 37, 15
6, 41, 51
6, 42, 47
6, 43, 3
6, 44, 32
6, 47, 28
6, 47, 39
6, 49, 32
6, 50, 28
6, 50, 34
6, 51, 47
6, 52, 7
6, 55, 47
6, 56, 6
6, 56, 45
6, 59, 24
6, 59, 45
6, 61, 21
6, 62, 6
6, 62, 55
6, 66, 15
6, 66, 48
6, 67, 17
6, 68, 33
6, 72, 52
6, 73, 28
6, 76, 3
6, 76, 20
6, 80, 17
6, 80, 48
6, 85, 33
6, 86, 28
6, 86, 51
6, 89, 8
6, 89, 9
6, 89, 49
6, 90, 21
6, 91, 30
6, 96, 6
6, 96, 12
6, 100, 32
6, 101, 23
7, 1, 36
7, 2, 10
7, 2, 14
7, 2, 35
7, 2, 47
7, 2, 52
7, 3, 22
7, 8, 23
7, 10, 56
7, 13, 26
7, 16, 16
7, 16, 42
7, 16, 50
7, 17, 33
7, 21, 12
7, 21, 24
7, 21, 62
7, 23, 11
7, 25, 29
7, 28, 17
7, 29, 45
7, 31, 44
7, 33, 28
7, 36, 24
7, 37, 1
7, 39, 41
7, 43, 39
7, 43, 47
7, 44, 37
7, 47, 33
7, 47, 49
7, 47, 56
7, 51, 36
7, 52, 6
7, 52, 39
7, 54, 48
7, 54, 53
7, 56, 8
7, 56, 52
7, 63, 24
7, 65, 27
7, 66, 12
7, 66, 14
7, 67, 40
7, 69, 10
7, 69, 46
7, 70, 27
7, 71, 42
7, 72, 24
7, 73, 52
7, 76, 5
7, 76, 33
7, 77, 2
7, 77, 48
7, 79, 10
7, 79, 26
7, 80, 29
7, 88, 33
7, 90, 45
7, 92, 11
7, 94, 23
7, 96, 40
7, 97, 1
7, 101, 5
7, 101, 23
8, 2, 20
8, 3, 43
8, 4, 16
8, 4, 55
8, 5, 21
8, 5, 35
8, 6, 28
8, 7, 27
8, 7, 33
8, 9, 3
8, 9, 32
8, 10, 5
8, 10, 41
8, 10, 47
8, 11, 7
8, 12, 45
8, 13, 6
8, 13, 30
8, 17, 29
8, 18, 35
8, 19, 20
8, 19, 22
8, 20, 44
8, 26, 27
8, 29, 6
8, 29, 40
8, 30, 8
8, 32, 45
8, 33, 10
8, 33, 13
8, 39, 37
8, 39, 39
8, 41, 5
8, 41, 21
8, 42, 43
8, 47, 21
8, 50, 38
8, 53, 35
8, 53, 40
8, 55, 3
8, 55, 15
8, 57, 25
8, 63, 39
8, 64, 33
8, 68, 51
8, 69, 10
8, 72, 32
8, 73, 48
8, 74, 2
8, 74, 6
8, 74, 25
8, 74, 28
8, 74, 38
8, 75, 3
8, 77, 16
8, 81, 33
8, 82, 28
8, 84, 3
8, 84, 15
8, 84, 20
8, 84, 37
8, 86, 26
8, 87, 45
8, 87, 48
8, 88, 2
8, 88, 7
8, 88, 24
8, 90, 15
8, 91, 37
8, 92, 21
8, 92, 26
8, 94, 29
8, 98, 37
8, 99, 47
8, 100, 13
8, 100, 50
8, 101, 33
9, 2, 19
9, 5, 31
9, 6, 3
9, 6, 10
9, 7, 21
9, 7, 50
9, 9, 33
9, 11, 15
9, 11, 45
9, 12, 1
9, 14, 20
9, 14, 36
9, 15, 9
9, 15, 15
9, 16, 2
9, 16, 28
9, 18, 1
9, 21, 57
9, 22, 27
9, 23, 29
9, 23, 33
9, 26, 6
9, 26, 14
9, 27, 33
9, 31, 5
9, 31, 9
9, 32, 19
9, 32, 34
9, 40, 13
9, 40, 35
9, 41, 10
9, 42, 4
9, 42, 52
9, 44, 32
9, 48, 2
9, 49, 45
9, 50, 19
9, 50, 23
9, 50, 27
9, 50, 28
9, 50, 40
9, 50, 49
9, 51, 16
9, 51, 54
9, 53, 22
9, 53, 35
9, 56, 6
9, 56, 40
9, 57, 14
9, 58, 12
9, 61, 12
9, 62, 33
9, 62, 34
9, 62, 42
9, 65, 18
9, 66, 18
9, 69, 1
9, 70, 35
9, 71, 29
9, 72, 19
9, 74, 38
9, 75, 5
9, 79, 52
9, 81, 40
9, 83, 3
9, 83, 49
9, 85, 21
9, 86, 5
9, 86, 31
9, 86, 44
9, 87, 44
9, 88, 15
9, 89, 13
9, 89, 41
9, 90, 9
9, 90, 16
9, 90, 42
9, 93, 10
9, 93, 46
9, 96, 35
9, 97, 9
9, 97, 39
9, 98, 20
9, 99, 32
9, 100, 22
9, 101, 57
10, 4, 39
10, 5, 26
10, 5, 41
10, 6, 21
10, 6, 53
10, 7, 40
10, 11, 30
10, 13, 29
10, 17, 12
10, 20, 18
10, 22, 53
10, 23, 49
10, 24, 6
10, 27, 31
10, 28, 3
10, 28, 48
10, 32, 33
10, 34, 23
10, 34, 32
10, 37, 37
10, 41, 10
10, 42, 42
10, 44, 24
10, 53, 32
10, 54, 18
10, 54, 43
10, 57, 7
10, 59, 52
10, 70, 47
10, 72, 34
10, 77, 33
10, 78, 13
10, 78, 53
10, 80, 34
10, 81, 6
10, 82, 10
10, 82, 16
10, 82, 18
10, 84, 18
10, 84, 38
10, 85, 30
10, 88, 42
10, 89, 26
10, 90, 50
10, 93, 9
10, 94, 2
10, 94, 44
10, 95, 33
10, 96, 37
10, 96, 39
10, 97, 26
10, 98, 49
10, 99, 43
10, 101, 19
11, 3, 28
11, 4, 51
11, 4, 54
11, 5, 4
11, 5, 42
11, 10, 12
11, 10, 41
11, 10, 42
11, 11, 13
11, 15, 8
11, 17, 41
11, 20, 20
11, 21, 38
11, 24, 8
11, 24, 21
11, 26, 6
11, 28, 9
11, 30, 41
11, 31, 20
11, 33, 51
11, 35, 17
11, 35, 27
11, 35, 43
11, 37, 46
11, 38, 34
11, 38, 36
11, 38, 53
11, 41, 41
11, 45, 32
11, 45, 60
11, 46, 26
11, 47, 44
11, 48, 11
11, 48, 35
11, 49, 7
11, 51, 17
11, 52, 42
11, 53, 2
11, 56, 1
11, 56, 40
11, 57, 46
11, 58, 24
11, 62, 15
11, 63, 26
11, 65, 44
11, 65, 52
11, 66, 31
11, 67, 38
11, 68, 6
11, 69, 34
11, 70, 9
11, 72, 14
11, 74, 46
11, 77, 42
11, 81, 9
11, 82, 14
11, 82, 27
11, 83, 13
11, 84, 21
11, 85, 7
11, 85, 20
11, 86, 41
11, 87, 25
11, 90, 12
11, 92, 2
11, 93, 4
11, 93, 7
11, 94, 7
11, 94, 15
11, 94, 33
11, 95, 45
11, 96, 45
11, 97, 7
11, 101, 19
12, 1, 2
12, 1, 39
12, 1, 50
12, 2, 44
12, 4, 30
12, 4, 40
12, 6, 7
12, 7, 6
12, 7, 26
12, 7, 29
12, 11, 21
12, 15, 16
12, 19, 25
12, 20, 26
12, 20, 31
12, 21, 17
12, 21, 45
12, 22, 33
12, 22, 46
12, 23, 10
12, 25, 41
12, 26, 21
12, 27, 20
12, 27, 43
12, 27, 45
12, 29, 37
12, 33, 34
12, 37, 12
12, 38, 11
12, 40, 8
12, 40, 23
12, 40, 51
12, 41, 29
12, 42, 14
12, 44, 1
12, 44, 11
12, 44, 21
12, 46, 52
12, 49, 13
12, 49, 15
12, 52, 16
12, 53, 12
12, 55, 29
12, 56, 33
12, 57, 7
12, 62, 44
12, 66, 35
12, 69, 5
12, 70, 50
12, 76, 4
12, 76, 40
12, 78, 32
12, 83, 54
12, 87, 7
12, 89, 16
12, 89, 45
12, 90, 21
12, 90, 46
12, 93, 31
12, 93, 40
12, 95, 7
12, 95, 37
12, 97, 6
12, 98, 25
13, 1, 5
13, 3, 7
13, 5, 15
13, 8, 9
13, 8, 41
13, 9, 52
13, 10, 12
13, 10, 17
13, 14, 27
13, 15, 5
13, 15, 18
13, 16, 8
13, 16, 23
13, 17, 31
13, 17, 42
13, 20, 36
13, 20, 41
13, 22, 11
13, 25, 24
13, 26, 14
13, 29, 19
13, 31, 28
13, 31, 39
13, 31, 54
13, 32, 48
13, 34, 14
13, 37, 18
13, 41, 1
13, 42, 4
13, 42, 58
13, 43, 45
13, 44, 38
13, 49, 29
13, 51, 34
13, 55, 12
13, 56, 17
13, 59, 20
13, 59, 32
13, 60, 10
13, 61, 29
13, 62, 5
13, 63, 28
13, 65, 23
13, 65, 54
13, 66, 24
13, 66, 39
13, 68, 48
13, 69, 50
13, 72, 5
13, 72, 32
13, 73, 42
13, 74, 21
13, 76, 7
13, 78, 36
13, 86, 20
13, 87, 29
13, 91, 10
13, 91, 21
13, 92, 31
13, 94, 11
13, 95, 2
13, 95, 17
13, 97, 15
13, 99, 14
13, 101, 32
14, 1, 43
14, 1, 44
14, 3, 11
14, 3, 42
14, 4, 37
14, 4, 45
14, 6, 17
14, 6, 47
14, 8, 15
14, 10, 20
14, 10, 38
14, 13, 13
14, 13, 43
14, 16, 32
14, 20, 13
14, 20, 20
14, 20, 33
14, 22, 26
14, 22, 46
14, 23, 51
14, 24, 26
14, 26, 37
14, 28, 29
14, 28, 49
14, 36, 3
14, 37, 9
14, 37, 32
14, 40, 4
14, 41, 16
14, 43, 43
14, 45, 2
14, 51, 9
14, 54, 24
14, 56, 2
14, 58, 44
14, 61, 15
14, 62, 49
14, 63, 7
14, 68, 9
14, 68, 21
14, 69, 39
14, 71, 9
14, 73, 35
14, 74, 15
14, 74, 49
14, 80, 2
14, 81, 13
14, 82, 38
14, 82, 42
14, 84, 20
14, 88, 3
14, 89, 13
14, 91, 46
14, 95, 49
14, 99, 34
14, 99, 45
15, 2, 39
15, 3, 10
15, 4, 22
15, 5, 2
15, 5, 50
15, 6, 5
15, 7, 2
15, 7, 51
15, 10, 25
15, 11, 32
15, 11, 39
15, 13, 23
15, 15, 43
15, 16, 15
15, 17, 35
15, 21, 43
15, 25, 48
15, 27, 40
15, 28, 32
15, 28, 37
15, 29, 1
15, 29, 33
15, 30, 54
15, 32, 23
15, 32, 26
15, 34, 13
15, 35, 43
15, 36, 31
15, 38, 35
15, 39, 40
15, 42, 32
15, 42, 45
15, 42, 51
15, 42, 54
15, 45, 28
15, 50, 34
15, 52, 23
15, 53, 10
15, 54, 4
15, 56, 18
15, 56, 33
15, 57, 23
15, 58, 37
15, 59, 5
15, 61, 64
15, 62, 21
15, 63, 11
15, 65, 4
15, 66, 2
15, 66, 5
15, 69, 20
15, 69, 42
15, 70, 9
15, 73, 25
15, 73, 26
15, 73, 33
15, 76, 35
15, 76, 51
15, 78, 21
15, 79, 16
15, 80, 35
15, 82, 31
15, 84, 31
15, 84, 34
15, 85, 38
15, 87, 25
15, 89, 37
15, 90, 2
15, 90, 48
15, 91, 21
15, 91, 29
15, 95, 54
15, 97, 23
15, 101, 26
16, 5, 20
16, 5, 34
16, 5, 48
16, 11, 12
16, 11, 42
16, 12, 38
16, 14, 9
16, 15, 55
16, 16, 8
16, 18, 9
16, 18, 35
16, 18, 50
16, 21, 21
16, 24, 26
16, 26, 1
16, 27, 5
16, 27, 25
16, 29, 8
16, 31, 11
16, 33, 33
16, 37, 2
16, 37, 42
16, 38, 7
16, 38, 39
16, 42, 22
16, 42, 35
16, 44, 46
16, 45, 51
16, 46, 25
16, 46, 43
16, 49, 28
16, 50, 7
16, 51, 16
16, 52, 54
16, 54, 49
16, 55, 27
16, 55, 31
16, 57, 38
16, 58, 44
16, 59, 23
16, 61, 7
16, 61, 33
16, 63, 44
16, 68, 27
16, 69, 40
16, 74, 29
16, 80, 23
16, 83, 18
16, 85, 34
16, 86, 23
16, 87, 35
16, 88, 45
16, 89, 26
16, 90, 17
16, 91, 22
16, 92, 5
16, 92, 14
16, 92, 55
16, 98, 2
16, 99, 28
17, 1, 45
17, 2, 7
17, 3, 58
17, 5, 37
17, 6, 17
17, 6, 41
17, 7, 10
17, 8, 41
17, 8, 54
17, 9, 9
17, 9, 43
17, 11, 19
17, 12, 33
17, 13, 19
17, 14, 35
17, 16, 13
17, 17, 30
17, 19, 29
17, 20, 48
17, 21, 25
17, 21, 46
17, 22, 53
17, 23, 12
17, 24, 10
17, 25, 35
17, 29, 21
17, 29, 24
17, 31, 35
17, 31, 43
17, 36, 4
17, 37, 28
17, 41, 13
17, 41, 38
17, 42, 18
17, 42, 29
17, 43, 47
17, 45, 45
17, 46, 15
17, 47, 12
17, 48, 58
17, 49, 1
17, 49, 4
17, 50, 18
17, 52, 3
17, 52, 7
17, 53, 23
17, 54, 33
17, 55, 32
17, 60, 10
17, 60, 11
17, 60, 49
17, 60, 51
17, 63, 31
17, 71, 12
17, 71, 33
17, 74, 9
17, 77, 12
17, 77, 13
17, 77, 30
17, 78, 17
17, 79, 45
17, 80, 21
17, 81, 1
17, 82, 21
17, 84, 6
17, 85, 17
17, 87, 16
17, 89, 7
17, 92, 9
17, 92, 51
17, 95, 25
17, 95, 26
17, 95, 32
17, 96, 1
17, 96, 46
17, 98, 18
17, 99, 29
17, 100, 15
18, 4, 12
18, 5, 7
18, 8, 5
18, 8, 35
18, 8, 37
18, 9, 25
18, 11, 26
18, 11, 54
18, 12, 37
18, 12, 46
18, 14, 16
18, 20, 5
18, 24, 45
18, 27, 35
18, 28, 27
18, 28, 51
18, 31, 51
18, 35, 28
18, 36, 11
18, 36, 45
18, 39, 14
18, 39, 20
18, 40, 9
18, 40, 39
18, 43, 36
18, 44, 21
18, 45, 21
18, 45, 53
18, 46, 8
18, 51, 5
18, 52, 13
18, 53, 41
18, 55, 48
18, 56, 31
18, 57, 7
18, 57, 15
18, 59, 56
18, 64, 38
18, 67, 17
18, 67, 35
18, 68, 20
18, 68, 21
18, 68, 44
18, 69, 34
18, 70, 5
18, 70, 16
18, 72, 45
18, 76, 12
18, 77, 46
18, 81, 21
18, 82, 46
18, 83, 19
18, 85, 31
18, 87, 13
18, 88, 26
18, 88, 35
18, 90, 8
18, 93, 37
18, 97, 7
18, 97, 34
18, 98, 35
18, 98, 39
18, 100, 54
18, 101, 45
19, 1, 30
19, 2, 6
19, 2, 15
19, 2, 49
19, 5, 6
19, 7, 5
19, 7, 49
19, 10, 12
19, 13, 13
19, 13, 21
19, 14, 25
19, 15, 10
19, 17, 7
19, 17, 50
19, 18, 3
19, 18, 27
19, 19, 22
19, 20, 14
19, 20, 39
19, 22, 29
19, 24, 15
19, 24, 27
19, 25, 15
19, 26, 4
19, 28, 19
19, 28, 20
19, 30, 11
19, 30, 34
19, 30, 37
19, 32, 20
19, 33, 2
19, 39, 48
19, 40, 41
19, 42, 20
19, 43, 37
19, 43, 38
19, 43, 46
19, 44, 40
19, 47, 45
19, 49, 49
19, 50, 6
19, 51, 32
19, 54, 26
19, 55, 24
19, 56, 5
19, 56, 29
19, 57, 47
19, 58, 32
19, 58, 37
19, 59, 43
19, 60, 38
19, 64, 17
19, 66, 41
19, 67, 47
19, 70, 13
19, 70, 19
19, 73, 9
19, 73, 38
19, 74, 18
19, 78, 25
19, 81, 14
19, 81, 30
19, 81, 51
19, 88, 12
19, 89, 40
19, 90, 16
19, 90, 44
19, 93, 56
19, 94, 10
19, 94, 20
19, 94, 50
19, 95, 10
19, 96, 3
19, 96, 7
19, 96, 49
19, 97, 43
20, 6, 10
20, 6, 32
20, 8, 1
20, 11, 3
20, 14, 30
20, 15, 40
20, 15, 43
20, 16, 48
20, 17, 38
20, 18, 2
20, 21, 32
20, 23, 24
20, 23, 45
20, 24, 21
20, 28, 5
20, 30, 5
20, 30, 48
20, 36, 38
20, 38, 21
20, 38, 25
20, 41, 7
20, 42, 3
20, 43, 49
20, 44, 42
20, 45, 31
20, 46, 6
20, 46, 10
20, 46, 25
20, 46, 30
20, 46, 44
20, 47, 33
20, 49, 33
20, 50, 20
20, 50, 36
20, 52, 26
20, 52, 43
20, 55, 26
20, 55, 45
20, 58, 4
20, 58, 17
20, 58, 38
20, 60, 5
20, 61, 19
20, 63, 3
20, 68, 37
20, 72, 28
20, 72, 32
20, 74, 2
20, 75, 14
20, 77, 31
20, 81, 19
20, 82, 25
20, 82, 43
20, 83, 2
20, 83, 42
20, 84, 33
20, 85, 40
20, 88, 14
20, 88, 44
20, 92, 33
20, 94, 21
20, 94, 28
20, 95, 4
20, 95, 28
20, 95, 42
20, 100, 26
20, 101, 12
20, 101, 48
21, 2, 2
21, 2, 8
21, 2, 42
21, 2, 44
21, 4, 40
21, 7, 39
21, 8, 6
21, 9, 21
21, 11, 23
21, 12, 21
21, 13, 36
21, 19, 8
21, 20, 19
21, 20, 48
21, 24, 26
21, 25, 19
21, 29, 24
21, 33, 24
21, 35, 4
21, 39, 29
21, 43, 56
21, 44, 14
21, 47, 61
21, 49, 22
21, 49, 53
21, 52, 34
21, 54, 18
21, 55, 40
21, 61, 41
21, 62, 2
21, 62, 27
21, 63, 42
21, 66, 33
21, 66, 44
21, 67, 12
21, 68, 11
21, 69, 31
21, 71, 36
21, 73, 23
21, 75, 33
21, 75, 43
21, 76, 20
21, 76, 23
21, 79, 36
21, 79, 42
21, 81, 13
21, 85, 4
21, 86, 2
21, 87, 41
21, 87, 42
21, 88, 8
21, 91, 23
21, 93, 48
21, 95, 21
21, 95, 44
21, 97, 6
21, 97, 11
21, 100, 17
21, 100, 20
21, 101, 15
22, 4, 6
22, 4, 26
22, 4, 57
22, 5, 19
22, 6, 21
22, 6, 48
22, 6, 53
22, 6, 55
22, 9, 27
22, 13, 2
22, 13, 7
22, 16, 18
22, 16, 35
22, 17, 28
22, 18, 2
22, 19, 28
22, 20, 40
22, 21, 36
22, 22, 27
22, 24, 2
22, 24, 29
22, 25, 2
22, 25, 4
22, 25, 9
22, 27, 4
22, 27, 42
22, 27, 44
22, 28, 10
22, 28, 24
22, 29, 37
22, 30, 6
22, 31, 18
22, 32, 39
22, 34, 32
22, 35, 11
22, 35, 55
22, 37, 27
22, 41, 47
22, 43, 25
22, 46, 18
22, 46, 37
22, 48, 9
22, 48, 23
22, 48, 26
22, 49, 53
22, 50, 12
22, 51, 2
22, 51, 27
22, 52, 1
22, 52, 39
22, 53, 47
22, 56, 19
22, 58, 16
22, 58, 39
22, 60, 52
22, 61, 9
22, 61, 30
22, 66, 21
22, 66, 32
22, 67, 37
22, 75, 49
22, 76, 44
22, 78, 10
22, 81, 15
22, 82, 11
22, 82, 30
22, 84, 22
22, 84, 43
22, 86, 40
22, 87, 2
22, 87, 6
22, 89, 12
22, 93, 6
22, 93, 24
22, 95, 30
22, 97, 35
22, 98, 53
22, 99, 10
22, 99, 12
23, 2, 15
23, 9, 23
23, 13, 9
23, 15, 44
23, 18, 44
23, 19, 22
23, 20, 42
23, 21, 31
23, 24, 15
23, 24, 16
23, 27, 2
23, 27, 43
23, 29, 43
23, 30, 9
23, 30, 42
23, 30, 44
23, 33, 19
23, 34, 26
23, 34, 35
23, 39, 21
23, 41, 32
23, 43, 29
23, 44, 19
23, 44, 28
23, 44, 44
23, 45, 45
23, 50, 15
23, 51, 15
23, 52, 37
23, 54, 1
23, 54, 47
23, 57, 14
23, 57, 50
23, 59, 16
23, 60, 10
23, 60, 27
23, 61, 2
23, 61, 26
23, 61, 27
23, 62, 42
23, 63, 10
23, 63, 23
23, 67, 21
23, 68, 24
23, 69, 14
23, 73, 18
23, 75, 6
23, 75, 44
23, 80, 17
23, 81, 50
23, 81, 59
23, 83, 15
23, 84, 7
23, 87, 47
23, 88, 19
23, 88, 43
23, 89, 29
23, 91, 5
23, 91, 37
23, 93, 26
23, 94, 19
23, 100, 26
23, 100, 37
24, 4, 4
24, 8, 44
24, 11, 14
24, 15, 24
24, 17, 25
24, 22, 15
24, 24, 12
24, 24, 50
24, 28, 52
24, 30, 32
24, 32, 21
24, 32, 22
24, 37, 27
24, 37, 36
24, 42, 9
24, 43, 33
24, 46, 17
24, 52, 47
24, 54, 27
24, 58, 18
24, 58, 45
24, 60, 49
24, 64, 24
24, 67, 5
24, 68, 29
24, 71, 47
24, 72, 52
24, 75, 32
24, 75, 39
24, 78, 14
24, 78, 22
24, 79, 13
24, 80, 50
24, 85, 15
24, 85, 25
24, 86, 3
24, 86, 21
24, 88, 5
24, 88, 14
24, 89, 29
24, 89, 33
24, 90, 19
24, 94, 2
24, 96, 44
24, 97, 14
25, 2, 29
25, 3, 16
25, 8, 3
25, 9, 25
25, 12, 40
25, 13, 45
25, 15, 23
25, 15, 52
25, 16, 22
25, 17, 6
25, 17, 28
25, 19, 33
25, 20, 20
25, 21, 27
25, 21, 52
25, 23, 42
25, 23, 48
25, 24, 5
25, 24, 49
25, 26, 35
25, 27, 7
25, 27, 56
25, 30, 28
25, 30, 29
25, 31, 48
25, 34, 47
25, 35, 27
25, 39, 12
25, 39, 30
25, 41, 18
25, 41, 43
25, 44, 4
25, 44, 31
25, 48, 21
25, 51, 12
25, 51, 38
25, 52, 12
25, 55, 40
25, 56, 32
25, 56, 37
25, 57, 48
25, 58, 9
25, 59, 25
25, 61, 37
25, 61, 49
25, 62, 13
25, 62, 51
25, 67, 8
25, 67, 23
25, 68, 32
25, 68, 39
25, 68, 51
25, 70, 16
25, 71, 10
25, 71, 45
25, 72, 8
25, 72, 27
25, 74, 59
25, 75, 15
25, 78, 3
25, 81, 36
25, 82, 35
25, 83, 18
25, 83, 23
25, 84, 39
25, 87, 33
25, 88, 30
25, 92, 15
25, 93, 6
25, 93, 39
25, 95, 23
25, 96, 45
25, 100, 14
25, 101, 9
25, 101, 28
26, 1, 18
26, 1, 52
26, 3, 12
26, 7, 6
26, 7, 37
26, 10, 42
26, 12, 3
26, 13, 41
26, 15, 11
26, 17, 8
26, 18, 17
26, 22, 15
26, 22, 38
26, 22, 40
26, 26, 39
26, 29, 46
26, 30, 12
26, 31, 25
26, 32, 3
26, 34, 23
26, 34, 45
26, 36, 9
26, 37, 5
26, 37, 13
26, 37, 46
26, 40, 35
26, 42, 28
26, 43, 44
26, 47, 33
26, 47, 54
26, 48, 25
26, 52, 4
26, 52, 5
26, 52, 21
26, 55, 38
26, 57, 50
26, 57, 52
26, 58, 3
26, 58, 4
26, 58, 45
26, 59, 21
26, 60, 25
26, 60, 57
26, 62, 5
26, 63, 8
26, 63, 40
26, 64, 39
26, 66, 13
26, 66, 40
26, 67, 4
26, 67, 25
26, 68, 34
26, 77, 4
26, 80, 17
26, 80, 49
26, 81, 10
26, 82, 1
26, 82, 42
26, 84, 55
26, 86, 32
26, 87, 10
26, 94, 17
26, 97, 46
26, 99, 28
26, 99, 48
26, 101, 12
26, 101, 41
27, 1, 19
27, 2, 45
27, 7, 39
27, 8, 27
27, 12, 31
27, 12, 40
27, 14, 1
27, 14, 54
27, 15, 15
27, 16, 36
27, 20, 5
27, 21, 34
27, 23, 21
27, 23, 32
27, 28, 18
27, 29, 2
27, 29, 47
27, 39, 45
27, 40, 16
27, 43, 7
27, 44, 11
27, 44, 39
27, 54, 43
27, 55, 4
27, 56, 17
27, 57, 37
27, 58, 51
27, 61, 24
27, 62, 31
27, 63, 42
27, 68, 6
27, 69, 10
27, 71, 30
27, 72, 7
27, 74, 1
27, 75, 32
27, 76, 5
27, 76, 43
27, 77, 31
27, 77, 51
27, 79, 27
27, 84, 5
27, 84, 52
27, 86, 33
27, 87, 54
27, 88, 21
27, 88, 31
27, 88, 39
27, 88, 43
27, 96, 15
27, 96, 16
27, 97, 12
27, 97, 24
27, 98, 36
27, 99, 28
27, 100, 4
27, 100, 31
28, 1, 2
28, 1, 33
28, 4, 36
28, 6, 11
28, 6, 13
28, 6, 61
28, 7, 8
28, 7, 22
28, 8, 4
28, 9, 32
28, 10, 15
28, 11, 36
28, 12, 46
28, 14, 14
28, 14, 16
28, 14, 33
28, 15, 3
28, 15, 45
28, 16, 49
28, 21, 42
28, 23, 13
28, 23, 26
28, 26, 41
28, 32, 22
28, 36, 12
28, 36, 46
28, 37, 6
28, 42, 33
28, 43, 51
28, 44, 35
28, 47, 43
28, 48, 2
28, 51, 55
28, 53, 47
28, 56, 14
28, 58, 13
28, 62, 9
28, 65, 8
28, 70, 15
28, 71, 13
28, 72, 6
28, 73, 41
28, 75, 26
28, 75, 42
28, 76, 53
28, 77, 42
28, 77, 45
28, 80, 8
28, 84, 46
28, 87, 22
28, 90, 1
28, 90, 46
28, 90, 51
28, 91, 42
28, 92, 3
28, 93, 51
28, 95, 14
28, 95, 26
28, 97, 6
28, 98, 9
28, 98, 52
28, 100, 42
29, 7, 39
29, 9, 34
29, 11, 4
29, 11, 22
29, 14, 28
29, 17, 14
29, 18, 29
29, 18, 44
29, 19, 38
29, 20, 27
29, 25, 25
29, 25, 26
29, 27, 18
29, 29, 46
29, 32, 7
29, 33, 15
29, 33, 21
29, 34, 5
29, 35, 2
29, 36, 16
29, 39, 17
29, 42, 17
29, 42, 35
29, 43, 4
29, 44, 37
29, 47, 54
29, 49, 26
29, 49, 35
29, 50, 9
29, 50, 13
29, 51, 44
29, 52, 48
29, 55, 12
29, 55, 33
29, 58, 14
29, 60, 39
29, 65, 18
29, 66, 34
29, 67, 41
29, 69, 23
29, 69, 46
29, 70, 31
29, 71, 11
29, 71, 35
29, 77, 58
29, 78, 25
29, 79, 15
29, 80, 2
29, 80, 35
29, 81, 9
29, 82, 18
29, 82, 30
29, 83, 22
29, 84, 29
29, 88, 3
29, 91, 12
29, 93, 10
29, 99, 36
29, 99, 38
29, 99, 47
29, 100, 16
29, 100, 33
30, 1, 28
30, 2, 2
30, 3, 39
30, 6, 3
30, 8, 23
30, 10, 27
30, 12, 30
30, 13, 5
30, 13, 15
30, 16, 5
30, 18, 9
30, 18, 34
30, 18, 41
30, 19, 46
30, 21, 43
30, 22, 5
30, 22, 32
30, 25, 12
30, 26, 50
30, 30, 33
30, 31, 31
30, 31, 45
30, 33, 14
30, 33, 30
30, 34, 35
30, 40, 7
30, 41, 1
30, 41, 23
30, 41, 30
30, 41, 53
30, 42, 39
30, 44, 13
30, 45, 23
30, 46, 15
30, 47, 5
30, 47, 7
30, 48, 20
30, 49, 27
30, 51, 30
30, 51, 33
30, 52, 17
30, 54, 23
30, 55, 37
30, 58, 5
30, 61, 26
30, 61, 41
30, 61, 43
30, 63, 15
30, 63, 26
30, 63, 47
30, 64, 18
30, 64, 46
30, 66, 3
30, 69, 4
30, 69, 21
30, 71, 7
30, 73, 19
30, 81, 3
30, 81, 12
30, 84, 15
30, 84, 19
30, 85, 3
30, 85, 30
30, 85, 33
30, 86, 18
30, 86, 23
30, 86, 27
30, 86, 39
30, 89, 17
30, 89, 22
30, 90, 7
30, 90, 32
30, 91, 17
30, 92, 5
30, 92, 28
30, 93, 37
30, 95, 2
30, 95, 11
30, 95, 43
30, 97, 39
31, 2, 47
31, 2, 50
31, 3, 31
31, 4, 18
31, 8, 28
31, 9, 35
31, 14, 4
31, 14, 37
31, 15, 8
31, 16, 23
31, 18, 32
31, 24, 21
31, 26, 26
31, 26, 56
31, 27, 2
31, 28, 35
31, 30, 24
31, 32, 45
31, 38, 25
31, 39, 21
31, 39, 39
31, 43, 15
31, 46, 50
31, 50, 6
31, 50, 40
31, 55, 16
31, 55, 38
31, 60, 42
31, 61, 13
31, 62, 9
31, 65, 23
31, 66, 11
31, 71, 35
31, 72, 12
31, 72, 42
31, 74, 3
31, 74, 15
31, 74, 29
31, 75, 34
31, 79, 35
31, 80, 2
31, 80, 4
31, 80, 22
31, 80, 39
31, 80, 40
31, 80, 47
31, 82, 23
31, 83, 45
31, 86, 28
31, 90, 24
31, 92, 25
31, 95, 39
31, 96, 21
31, 97, 6
31, 97, 34
31, 100, 32
31, 100, 35
32, 1, 27
32, 4, 3
32, 4, 49
32, 5, 33
32, 6, 31
32, 7, 2
32, 10, 43
32, 13, 10
32, 13, 20
32, 13, 37
32, 15, 23
32, 15, 29
32, 19, 31
32, 19, 48
32, 20, 15
32, 20, 32
32, 21, 8
32, 22, 35
32, 23, 45
32, 25, 13
32, 26, 9
32, 27, 48
32, 28, 25
32, 29, 18
32, 30, 18
32, 32, 5
32, 38, 13
32, 38, 60
32, 39, 3
32, 39, 23
32, 39, 36
32, 41, 11
32, 41, 26
32, 41, 47
32, 42, 32
32, 45, 19
32, 45, 28
32, 49, 30
32, 49, 36
32, 50, 29
32, 51, 36
32, 53, 3
32, 53, 9
32, 54, 22
32, 55, 28
32, 56, 19
32, 56, 28
32, 59, 8
32, 59, 33
32, 62, 30
32, 65, 46
32, 69, 32
32, 69, 35
32, 69, 45
32, 70, 45
32, 71, 5
32, 72, 52
32, 73, 25
32, 73, 30
32, 76, 32
32, 77, 6
32, 77, 44
32, 78, 40
32, 79, 15
32, 85, 8
32, 90, 30
32, 91, 53
32, 93, 46
32, 94, 25
32, 94, 31
32, 96, 15
32, 97, 44
32, 98, 8
32, 99, 25
32, 100, 2
32, 101, 18
33, 1, 19
33, 1, 57
33, 3, 26
33, 4, 32
33, 6, 6
33, 8, 48
33, 9, 5
33, 9, 48
33, 11, 25
33, 14, 7
33, 14, 19
33, 14, 39
33, 16, 21
33, 17, 29
33, 22, 8
33, 23, 16
33, 24, 52
33, 26, 31
33, 26, 33
33, 26, 39
33, 31, 2
33, 33, 8
33, 34, 6
33, 34, 16
33, 35, 51
33, 37, 28
33, 37, 34
33, 41, 48
33, 44, 19
33, 52, 17
33, 52, 18
33, 52, 37
33, 53, 12
33, 56, 19
33, 60, 1
33, 60, 51
33, 62, 39
33, 64, 37
33, 65, 1
33, 66, 23
33, 66, 57
33, 69, 29
33, 69, 37
33, 71, 39
33, 72, 18
33, 74, 4
33, 74, 56
33, 75, 48
33, 77, 7
33, 81, 26
33, 83, 1
33, 84, 6
33, 86, 2
33, 86, 53
33, 88, 34
33, 88, 51
33, 91, 48
33, 95, 29
33, 96, 26
33, 97, 47
33, 98, 51
33, 99, 52
33, 100, 7
33, 100, 23
33, 101, 16
33, 101, 28
34, 5, 44
34, 7, 11
34, 7, 14
34, 7, 44
34, 7, 52
34, 8, 33
34, 10, 6
34, 10, 9
34, 10, 47
34, 11, 51
34, 15, 5
34, 16, 9
34, 16, 41
34, 16, 52
34, 17, 15
34, 20, 2
34, 21, 7
34, 23, 45
34, 27, 13
34, 29, 49
34, 31, 26
34, 33, 25
34, 34, 23
34, 36, 35
34, 36, 39
34, 39, 21
34, 40, 8
34, 40, 46
34, 42, 9
34, 42, 27
34, 42, 38
34, 46, 45
34, 46, 47
34, 49, 25
34, 49, 52
34, 50, 29
34, 51, 2
34, 54, 44
34, 56, 17
34, 57, 11
34, 58, 20
34, 58, 54
34, 59, 26
34, 59, 34
34, 59, 53
34, 60, 29
34, 63, 14
34, 63, 35
34, 65, 47
34, 67, 10
34, 68, 45
34, 69, 5
34, 75, 26
34, 77, 3
34, 78, 7
34, 78, 46
34, 79, 15
34, 85, 27
34, 85, 33
34, 87, 13
34, 89, 32
34, 92, 1
34, 92, 54
34, 92, 55
34, 93, 29
34, 95, 5
34, 95, 39
34, 96, 7
34, 98, 2
34, 99, 39
34, 101, 9
35, 2, 1
35, 2, 36
35, 2, 51
35, 3, 56
35, 4, 38
35, 5, 25
35, 7, 31
35, 10, 16
35, 11, 22
35, 12, 37
35, 15, 52
35, 16, 53
35, 17, 17
35, 18, 2
35, 18, 16
35, 18, 18
35, 18, 26
35, 20, 36
35, 23, 2
35, 26, 53
35, 31, 38
35, 31, 40
35, 33, 16
35, 33, 27
35, 34, 53
35, 36, 25
35, 37, 33
35, 39, 42
35, 40, 8
35, 40, 27
35, 40, 51
35, 41, 25
35, 43, 39
35, 44, 1
35, 45, 7
35, 47, 19
35, 48, 7
35, 48, 16
35, 52, 40
35, 53, 5
35, 54, 6
35, 55, 9
35, 55, 26
35, 66, 25
35, 67, 20
35, 69, 16
35, 70, 31
35, 70, 48
35, 71, 31
35, 71, 59
35, 72, 27
35, 72, 51
35, 73, 2
35, 73, 5
35, 78, 18
35, 78, 44
35, 85, 41
35, 86, 12
35, 86, 22
35, 87, 15
35, 90, 5
35, 91, 26
35, 94, 17
35, 99, 19
35, 99, 33
35, 100, 25
35, 101, 42
36, 1, 15
36, 7, 20
36, 11, 34
36, 14, 45
36, 18, 28
36, 20, 50
36, 23, 30
36, 25, 3
36, 25, 54
36, 27, 7
36, 29, 44
36, 34, 16
36, 36, 7
36, 37, 37
36, 40, 17
36, 40, 47
36, 43, 7
36, 45, 40
36, 46, 20
36, 46, 23
36, 46, 46
36, 51, 25
36, 53, 3
36, 57, 1
36, 57, 26
36, 58, 49
36, 61, 37
36, 63, 7
36, 66, 13
36, 68, 15
36, 68, 26
36, 69, 5
36, 69, 38
36, 75, 31
36, 75, 52
36, 76, 20
36, 79, 24
36, 79, 30
36, 79, 37
36, 81, 5
36, 81, 56
36, 83, 54
36, 84, 10
36, 93, 2
36, 95, 1
36, 95, 28
36, 95, 56
36, 96, 40
36, 98, 47
36, 100, 16
37, 2, 5
37, 4, 43
37, 6, 2
37, 9, 11
37, 9, 20
37, 9, 36
37, 9, 47
37, 10, 14
37, 15, 8
37, 15, 25
37, 15, 47
37, 20, 8
37, 21, 17
37, 21, 29
37, 24, 13
37, 24, 53
37, 25, 6
37, 25, 39
37, 26, 15
37, 26, 31
37, 26, 40
37, 29, 14
37, 31, 4
37, 32, 4
37, 32, 51
37, 33, 42
37, 33, 55
37, 34, 25
37, 37, 19
37, 38, 7
37, 38, 13
37, 39, 48
37, 40, 27
37, 40, 43
37, 41, 10
37, 41, 31
37, 42, 23
37, 43, 12
37, 45, 54
37, 47, 23
37, 48, 3
37, 49, 17
37, 53, 36
37, 54, 57
37, 56, 7
37, 58, 26
37, 58, 35
37, 59, 4
37, 59, 45
37, 61, 14
37, 61, 28
37, 62, 28
37, 62, 34
37, 64, 53
37, 65, 13
37, 65, 40
37, 65, 45
37, 67, 48
37, 71, 21
37, 72, 43
37, 73, 13
37, 76, 2
37, 79, 49
37, 81, 9
37, 81, 24
37, 82, 8
37, 83, 46
37, 85, 16
37, 85, 36
37, 86, 4
37, 86, 37
37, 88, 29
37, 91, 34
37, 92, 12
37, 92, 23
37, 93, 18
37, 93, 42
37, 95, 7
37, 100, 39
37, 100, 51
37, 100, 60
37, 101, 26
37, 101, 27
37, 101, 48
38, 2, 7
38, 6, 32
38, 7, 31
38, 7, 42
38, 8, 17
38, 8, 41
38, 9, 2
38, 10, 21
38, 11, 15
38, 11, 20
38, 12, 16
38, 13, 11
38, 14, 37
38, 16, 11
38, 17, 26
38, 21, 24
38, 21, 28
38, 26, 7
38, 26, 22
38, 27, 19
38, 28, 1
38, 28, 17
38, 28, 34
38, 30, 21
38, 31, 24
38, 31, 46
38, 32, 17
38, 32, 28
38, 32, 35
38, 34, 4
38, 37, 26
38, 45, 37
38, 46, 5
38, 46, 34
38, 48, 43
38, 55, 25
38, 59, 47
38, 60, 37
38, 70, 35
38, 71, 31
38, 72, 37
38, 77, 21
38, 79, 10
38, 80, 42
38, 81, 35
38, 85, 24
38, 87, 38
38, 89, 7
38, 89, 46
38, 90, 32
38, 92, 43
38, 93, 28
38, 101, 9
39, 2, 2
39, 2, 18
39, 2, 50
39, 4, 16
39, 4, 46
39, 5, 45
39, 5, 53
39, 6, 44
39, 9, 17
39, 12, 29
39, 17, 6
39, 18, 46
39, 18, 58
39, 20, 30
39, 22, 5
39, 24, 6
39, 24, 54
39, 25, 16
39, 25, 34
39, 29, 41
39, 30, 11
39, 32, 17
39, 32, 42
39, 34, 13
39, 35, 5
39, 35, 36
39, 37, 32
39, 37, 52
39, 38, 13
39, 40, 25
39, 40, 29
39, 41, 52
39, 42, 22
39, 43, 7
39, 44, 44
39, 46, 36
39, 47, 27
39, 47, 31
39, 52, 42
39, 53, 45
39, 54, 16
39, 55, 45
39, 56, 19
39, 56, 37
39, 57, 6
39, 58, 16
39, 64, 11
39, 64, 43
39, 65, 52
39, 66, 14
39, 67, 28
39, 68, 46
39, 69, 47
39, 71, 25
39, 72, 39
39, 75, 13
39, 75, 18
39, 76, 49
39, 78, 55
39, 81, 54
39, 83, 42
39, 85, 17
39, 85, 46
39, 86, 17
39, 86, 19
39, 86, 34
39, 88, 7
39, 88, 21
39, 90, 9
39, 90, 37
39, 91, 33
39, 92, 13
39, 92, 46
39, 94, 16
39, 94, 21
39, 94, 50
39, 94, 55
39, 96, 22
39, 96, 28
39, 99, 43
39, 100, 53
40, 2, 32
40, 2, 53
40, 6, 8
40, 10, 44
40, 11, 1
40, 11, 36
40, 17, 19
40, 27, 15
40, 27, 25
40, 30, 2
40, 30, 23
40, 32, 7
40, 33, 47
40, 38, 7
40, 38, 14
40, 40, 19
40, 42, 26
40, 43, 10
40, 45, 40
40, 48, 20
40, 52, 1
40, 52, 8
40, 52, 40
40, 54, 19
40, 54, 38
40, 59, 13
40, 59, 45
40, 61, 1
40, 62, 32
40, 66, 46
40, 67, 24
40, 69, 18
40, 70, 36
40, 71, 55
40, 72, 9
40, 75, 44
40, 76, 2
40, 78, 42
40, 79, 20
40, 80, 31
40, 83, 6
40, 86, 40
40, 87, 8
40, 87, 19
40, 88, 18
40, 88, 31
40, 90, 25
40, 91, 7
40, 94, 7
40, 95, 39
40, 96, 14
40, 98, 50
40, 99, 49
40, 100, 33
41, 1, 23
41, 1, 45
41, 2, 38
41, 2, 41
41, 5, 35
41, 8, 17
41, 12, 11
41, 12, 22
41, 13, 23
41, 13, 55
41, 15, 2
41, 15, 31
41, 22, 1
41, 25, 39
41, 27, 33
41, 28, 43
41, 29, 34
41, 32, 29
41, 33, 21
41, 34, 10
41, 35, 41
41, 41, 23
41, 41, 39
41, 43, 2
41, 44, 3
41, 44, 8
41, 44, 21
41, 45, 23
41, 46, 4
41, 50, 48
41, 52, 12
41, 53, 17
41, 60, 37
41, 60, 46
41, 61, 39
41, 62, 52
41, 63, 22
41, 63, 27
41, 64, 14
41, 66, 28
41, 68, 21
41, 73, 12
41, 73, 29
41, 76, 36
41, 77, 2
41, 77, 26
41, 79, 11
41, 79, 45
41, 85, 50
41, 86, 28
41, 86, 31
41, 87, 41
41, 89, 38
41, 93, 32
41, 95, 18
41, 96, 9
41, 98, 23
41, 99, 12
41, 99, 17
41, 99, 27
42, 1, 42
42, 2, 21
42, 5, 26
42, 5, 39
42, 8, 2
42, 11, 23
42, 11, 43
42, 12, 44
42, 13, 15
42, 13, 32
42, 15, 40
42, 16, 3
42, 16, 20
42, 16, 37
42, 17, 16
42, 18, 37
42, 18, 42
42, 19, 5
42, 19, 11
42, 19, 43
42, 19, 56
42, 24, 30
42, 28, 7
42, 28, 20
42, 31, 36
42, 32, 37
42, 34, 49
42, 35, 39
42, 37, 1
42, 38, 33
42, 39, 5
42, 41, 49
42, 43, 16
42, 43, 19
42, 43, 56
42, 44, 39
42, 47, 26
42, 48, 52
42, 51, 32
42, 53, 4
42, 53, 14
42, 54, 27
42, 57, 53
42, 58, 7
42, 58, 48
42, 59, 10
42, 59, 18
42, 59, 36
42, 60, 33
42, 63, 12
42, 63, 16
42, 64, 25
42, 65, 32
42, 69, 3
42, 69, 25
42, 71, 53
42, 72, 54
42, 73, 3
42, 73, 22
42, 73, 39
42, 75, 28
42, 77, 22
42, 80, 2
42, 81, 42
42, 82, 37
42, 82, 44
42, 84, 38
42, 86, 37
42, 87, 42
42, 87, 43
42, 88, 51
42, 89, 40
42, 90, 4
42, 91, 2
42, 93, 15
42, 94, 39
42, 100, 37
42, 100, 39
43, 3, 52
43, 5, 8
43, 7, 13
43, 15, 31
43, 16, 3
43, 16, 24
43, 18, 19
43, 21, 21
43, 22, 4
43, 25, 37
43, 26, 20
43, 27, 5
43, 28, 38
43, 31, 26
43, 32, 17
43, 32, 23
43, 32, 37
43, 32, 42
43, 35, 49
43, 36, 9
43, 39, 45
43, 46, 48
43, 47, 12
43, 47, 47
43, 48, 34
43, 58, 2
43, 58, 49
43, 59, 17
43, 59, 25
43, 60, 30
43, 63, 9
43, 65, 20
43, 65, 24
43, 65, 27
43, 71, 37
43, 71, 38
43, 71, 39
43, 72, 2
43, 76, 30
43, 76, 33
43, 80, 17
43, 82, 5
43, 86, 8
43, 86, 19
43, 87, 33
43, 88, 49
43, 92, 33
43, 92, 52
43, 94, 37
43, 95, 31
43, 98, 21
43, 100, 57
43, 101, 9
43, 101, 45
44, 1, 24
44, 1, 49
44, 2, 24
44, 2, 33
44, 4, 55
44, 5, 24
44, 7, 23
44, 8, 28
44, 8, 41
44, 10, 12
44, 11, 48
44, 18, 15
44, 18, 28
44, 18, 30
44, 19, 47
44, 21, 34
44, 24, 18
44, 26, 3
44, 27, 6
44, 27, 46
44, 30, 16
44, 31, 13
44, 34, 19
44, 35, 39
44, 37, 5
44, 39, 29
44, 41, 16
44, 42, 24
44, 43, 1
44, 45, 12
44, 46, 39
44, 48, 17
44, 48, 47
44, 50, 18
44, 50, 37
44, 53, 15
44, 54, 42
44, 54, 49
44, 55, 2
44, 57, 4
44, 57, 25
44, 59, 41
44, 59, 46
44, 63, 7
44, 64, 36
44, 65, 11
44, 65, 38
44, 66, 3
44, 66, 17
44, 67, 11
44, 68, 2
44, 71, 41
44, 73, 19
44, 74, 28
44, 75, 15
44, 76, 17
44, 78, 4
44, 78, 6
44, 78, 23
44, 79, 20
44, 80, 49
44, 81, 30
44, 81, 32
44, 81, 45
44, 82, 13
44, 83, 33
44, 86, 16
44, 86, 41
44, 87, 28
44, 88, 23
44, 90, 11
44, 90, 22
44, 91, 7
44, 95, 16
44, 95, 55
44, 96, 39
44, 97, 33
44, 98, 25
45, 4, 21
45, 4, 45
45, 4, 53
45, 5, 26
45, 5, 49
45, 6, 41
45, 8, 12
45, 8, 19
45, 8, 31
45, 9, 20
45, 12, 13
45, 14, 30
45, 17, 42
45, 18, 39
45, 21, 19
45, 23, 10
45, 25, 47
45, 26, 49
45, 32, 33
45, 32, 59
45, 34, 17
45, 34, 19
45, 35, 11
45, 35, 16
45, 36, 51
45, 37, 41
45, 40, 39
45, 40, 45
45, 41, 13
45, 46, 23
45, 48, 5
45, 48, 50
45, 50, 9
45, 50, 13
45, 51, 15
45, 52, 42
45, 53, 36
45, 57, 6
45, 58, 25
45, 59, 2
45, 59, 16
45, 59, 52
45, 62, 31
45, 71, 31
45, 71, 43
45, 76, 13
45, 76, 16
45, 78, 32
45, 79, 53
45, 80, 41
45, 80, 49
45, 82, 21
45, 83, 49
45, 85, 28
45, 89, 50
45, 90, 42
45, 91, 9
45, 92, 33
45, 101, 41
46, 2, 14
46, 3, 11
46, 3, 34
46, 4, 53
46, 6, 16
46, 6, 45
46, 7, 5
46, 7, 38
46, 11, 14
46, 11, 34
46, 11, 48
46, 12, 28
46, 12, 42
46, 13, 39
46, 14, 45
46, 15, 13
46, 16, 27
46, 16, 41
46, 17, 4
46, 17, 5
46, 18, 46
46, 20, 9
46, 20, 39
46, 21, 25
46, 22, 41
46, 24, 41
46, 27, 15
46, 28, 46
46, 29, 3
46, 30, 19
46, 34, 38
46, 34, 50
46, 37, 20
46, 39, 22
46, 39, 44
46, 40, 27
46, 41, 32
46, 43, 21
46, 44, 59
46, 46, 29
46, 53, 44
46, 55, 32
46, 55, 34
46, 55, 44
46, 57, 18
46, 58, 10
46, 58, 42
46, 66, 33
46, 67, 41
46, 69, 40
46, 70, 13
46, 70, 43
46, 71, 46
46, 72, 28
46, 73, 1
46, 74, 28
46, 79, 42
46, 81, 41
46, 82, 3
46, 82, 11
46, 82, 53
46, 86, 20
46, 86, 42
46, 90, 39
46, 92, 1
46, 92, 3
46, 92, 48
46, 94, 27
46, 95, 20
46, 95, 39
46, 96, 45
46, 101, 18
47, 1, 31
47, 1, 51
47, 6, 25
47, 6, 26
47, 7, 12
47, 11, 6
47, 12, 1
47, 12, 18
47, 15, 35
47, 16, 49
47, 17, 25
47, 17, 37
47, 18, 23
47, 18, 30
47, 20, 8
47, 20, 56
47, 21, 5
47, 22, 7
47, 24, 1
47, 24, 18
47, 26, 38
47, 29, 7
47, 30, 33
47, 30, 47
47, 30, 54
47, 32, 47
47, 33, 10
47, 37, 18
47, 39, 12
47, 41, 5
47, 41, 18
47, 41, 32
47, 42, 24
47, 43, 8
47, 43, 9
47, 45, 7
47, 45, 41
47, 49, 1
47, 49, 53
47, 50, 37
47, 51, 5
47, 51, 47
47, 52, 28
47, 54, 15
47, 54, 22
47, 55, 11
47, 55, 54
47, 56, 15
47, 58, 41
47, 62, 31
47, 63, 15
47, 63, 39
47, 64, 36
47, 65, 18
47, 66, 25
47, 67, 6
47, 67, 40
47, 72, 6
47, 72, 8
47, 73, 10
47, 74, 30
47, 75, 19
47, 76, 6
47, 76, 48
47, 77, 45
47, 78, 27
47, 79, 36
47, 80, 29
47, 82, 7
47, 84, 12
47, 85, 5
47, 87, 3
47, 87, 23
47, 90, 1
47, 91, 11
47, 91, 25
47, 91, 35
47, 92, 9
47, 92, 15
47, 95, 5
47, 96, 22
47, 97, 3
47, 99, 29
47, 101, 19
47, 101, 46
47, 101, 47
47, 101, 54
48, 3, 50
48, 5, 31
48, 5, 37
48, 6, 29
48, 6, 48
48, 12, 34
48, 13, 55
48, 14, 18
48, 17, 42
48, 21, 46
48, 22, 15
48, 22, 38
48, 24, 13
48, 24, 28
48, 25, 20
48, 25, 56
48, 29, 19
48, 33, 50
48, 35, 48
48, 37, 31
48, 39, 29
48, 39, 40
48, 40, 35
48, 41, 29
48, 41, 41
48, 44, 1
48, 45, 58
48, 46, 8
48, 46, 34
48, 48, 48
48, 50, 10
48, 53, 35
48, 59, 31
48, 59, 42
48, 61, 3
48, 68, 26
48, 68, 55
48, 71, 3
48, 74, 20
48, 77, 47
48, 83, 15
48, 83, 35
48, 88, 38
48, 89, 25
48, 92, 12
48, 92, 45
48, 93, 18
48, 95, 50
48, 100, 28
48, 101, 17
49, 2, 27
49, 5, 16
49, 6, 24
49, 8, 8
49, 8, 38
49, 9, 32
49, 11, 11
49, 11, 32
49, 12, 6
49, 12, 12
49, 13, 43
49, 16, 17
49, 18, 3
49, 19, 5
49, 20, 26
49, 20, 56
49, 24, 5
49, 24, 26
49, 25, 16
49, 25, 41
49, 26, 28
49, 26, 31
49, 27, 37
49, 28, 23
49, 30, 22
49, 30, 34
49, 30, 38
49, 32, 11
49, 34, 34
49, 34, 48
49, 36, 27
49, 37, 2
49, 37, 14
49, 37, 46
49, 40, 10
49, 40, 35
49, 42, 9
49, 43, 17
49, 44, 46
49, 47, 28
49, 48, 14
49, 48, 42
49, 49, 16
49, 52, 29
49, 54, 39
49, 55, 32
49, 56, 12
49, 57, 4
49, 59, 24
49, 60, 25
49, 60, 27
49, 61, 40
49, 62, 49
49, 66, 40
49, 66, 48
49, 67, 29
49, 69, 28
49, 70, 14
49, 70, 19
49, 76, 39
49, 76, 48
49, 78, 26
49, 79, 26
49, 79, 46
49, 81, 6
49, 81, 23
49, 81, 43
49, 81, 45
49, 82, 41
49, 86, 56
49, 88, 18
49, 88, 32
49, 94, 23
49, 95, 12
49, 98, 17
49, 98, 37
50, 1, 33
50, 4, 15
50, 6, 31
50, 11, 21
50, 14, 40
50, 18, 8
50, 31, 1
50, 31, 19
50, 33, 11
50, 34, 8
50, 34, 49
50, 36, 21
50, 37, 1
50, 37, 51
50, 39, 3
50, 40, 38
50, 43, 7
50, 45, 5
50, 47, 12
50, 48, 20
50, 49, 42
50, 52, 42
50, 52, 54
50, 52, 55
50, 53, 20
50, 54, 23
50, 55, 18
50, 55, 53
50, 57, 10
50, 59, 42
50, 60, 45
50, 61, 27
50, 62, 3
50, 62, 7
50, 64, 13
50, 67, 31
50, 69, 12
50, 69, 37
50, 72, 38
50, 75, 34
50, 76, 1
50, 76, 8
50, 77, 25
50, 78, 19
50, 81, 20
50, 86, 49
50, 87, 3
50, 87, 55
50, 88, 33
50, 89, 10
50, 89, 12
50, 90, 56
50, 91, 1
50, 92, 15
50, 94, 25
50, 100, 8
50, 100, 54
51, 2, 33
51, 2, 45
51, 2, 47
51, 3, 14
51, 3, 18
51, 6, 7
51, 9, 13
51, 10, 41
51, 11, 11
51, 14, 49
51, 15, 42
51, 18, 38
51, 18, 43
51, 18, 45
51, 22, 1
51, 23, 46
51, 26, 39
51, 28, 34
51, 31, 5
51, 31, 38
51, 32, 27
51, 32, 32
51, 34, 9
51, 34, 24
51, 38, 41
51, 39, 20
51, 40, 11
51, 40, 28
51, 44, 22
51, 45, 23
51, 46, 42
51, 48, 26
51, 50, 21
51, 50, 35
51, 61, 44
51, 65, 21
51, 65, 53
51, 65, 54
51, 69, 45
51, 71, 18
51, 76, 45
51, 84, 21
51, 84, 44
51, 86, 32
51, 90, 43
51, 91, 41
51, 93, 7
51, 93, 28
51, 93, 33
51, 95, 11
51, 101, 13
52, 2, 38
52, 3, 8
52, 3, 22
52, 3, 33
52, 4, 16
52, 4, 38
52, 4, 43
52, 8, 32
52, 13, 33
52, 15, 4
52, 15, 29
52, 15, 31
52, 17, 1
52, 20, 22
52, 23, 19
52, 23, 40
52, 28, 27
52, 36, 35
52, 37, 15
52, 39, 35
52, 39, 50
52, 42, 41
52, 43, 2
52, 45, 32
52, 46, 10
52, 50, 7
52, 51, 34
52, 53, 27
52, 54, 27
52, 54, 52
52, 55, 11
52, 56, 41
52, 59, 8
52, 59, 29
52, 60, 20
52, 60, 46
52, 63, 3
52, 63, 45
52, 64, 38
52, 67, 11
52, 73, 33
52, 77, 9
52, 78, 50
52, 80, 25
52, 81, 40
52, 81, 53
52, 82, 37
52, 83, 19
52, 86, 8
52, 89, 11
52, 91, 25
52, 93, 16
52, 94, 46
52, 95, 7
52, 97, 2
52, 97, 38
52, 99, 22
52, 99, 34
52, 100, 22
52, 100, 35
53, 1, 28
53, 2, 14
53, 2, 28
53, 3, 8
53, 4, 13
53, 4, 55
53, 5, 21
53, 5, 53
53, 7, 37
53, 8, 21
53, 12, 9
53, 17, 45
53, 23, 25
53, 23, 37
53, 24, 7
53, 25, 37
53, 25, 50
53, 31, 36
53, 32, 15
53, 33, 14
53, 34, 29
53, 36, 1
53, 36, 48
53, 39, 13
53, 39, 29
53, 39, 49
53, 42, 17
53, 43, 27
53, 44, 39
53, 46, 5
53, 50, 18
53, 54, 26
53, 56, 38
53, 64, 8
53, 66, 55
53, 67, 14
53, 67, 27
53, 72, 45
53, 74, 14
53, 76, 25
53, 79, 38
53, 81, 28
53, 86, 2
53, 86, 14
53, 86, 45
53, 90, 15
53, 90, 21
53, 91, 34
53, 91, 41
53, 93, 36
53, 95, 1
53, 95, 7
53, 98, 14
53, 100, 36
54, 1, 11
54, 2, 21
54, 3, 47
54, 4, 32
54, 4, 38
54, 4, 43
54, 5, 51
54, 8, 23
54, 11, 18
54, 11, 60
54, 12, 2
54, 16, 9
54, 16, 22
54, 17, 51
54, 18, 8
54, 18, 59
54, 19, 12
54, 20, 10
54, 22, 2
54, 24, 43
54, 26, 30
54, 27, 14
54, 28, 10
54, 32, 2
54, 32, 52
54, 35, 50
54, 39, 42
54, 42, 3
54, 45, 52
54, 50, 17
54, 50, 52
54, 52, 34
54, 53, 5
54, 58, 16
54, 58, 59
54, 61, 1
54, 61, 29
54, 61, 30
54, 65, 25
54, 65, 43
54, 69, 21
54, 71, 11
54, 71, 51
54, 73, 8
54, 75, 3
54, 75, 15
54, 75, 60
54, 76, 20
54, 76, 28
54, 76, 51
54, 77, 12
54, 77, 21
54, 78, 23
54, 80, 2
54, 80, 15
54, 80, 45
54, 83, 5
54, 83, 34
54, 84, 7
54, 86, 22
54, 90, 6
54, 93, 31
54, 94, 52
54, 97, 2
54, 97, 10
54, 99, 19
54, 100, 14
54, 100, 18
55, 2, 3
55, 3, 5
55, 3, 27
55, 3, 34
55, 3, 39
55, 5, 42
55, 6, 1
55, 9, 37
55, 9, 41
55, 9, 57
55, 10, 33
55, 10, 57
55, 11, 28
55, 11, 51
55, 13, 3
55, 16, 6
55, 18, 37
55, 18, 45
55, 20, 12
55, 20, 36
55, 20, 47
55, 21, 46
55, 22, 3
55, 22, 48
55, 23, 41
55, 26, 11
55, 26, 43
55, 27, 5
55, 28, 19
55, 29, 40
55, 33, 35
55, 34, 11
55, 36, 17
55, 39, 35
55, 42, 9
55, 45, 21
55, 45, 57
55, 46, 33
55, 48, 20
55, 48, 23
55, 48, 37
55, 49, 9
55, 52, 40
55, 52, 49
55, 53, 30
55, 53, 31
55, 57, 8
55, 65, 11
55, 68, 14
55, 68, 35
55, 68, 37
55, 68, 53
55, 70, 14
55, 76, 38
55, 77, 28
55, 79, 36
55, 81, 14
55, 81, 44
55, 83, 1
55, 84, 14
55, 86, 27
55, 87, 40
55, 91, 23
55, 91, 40
55, 92, 32
55, 93, 3
55, 93, 10
55, 93, 46
55, 98, 39
55, 99, 37
55, 100, 13
55, 101, 7
55, 101, 17
55, 101, 44
56, 4, 1
56, 4, 36
56, 5, 12
56, 6, 42
56, 8, 14
56, 9, 3
56, 9, 52
56, 9, 54
56, 11, 47
56, 11, 48
56, 12, 36
56, 13, 10
56, 15, 20
56, 15, 22
56, 17, 7
56, 17, 8
56, 17, 41
56, 19, 18
56, 23, 32
56, 24, 6
56, 28, 5
56, 28, 7
56, 30, 17
56, 30, 40
56, 30, 44
56, 31, 52
56, 33, 34
56, 36, 25
56, 36, 38
56, 42, 28
56, 42, 51
56, 44, 56
56, 51, 12
56, 51, 27
56, 51, 54
56, 54, 16
56, 55, 47
56, 58, 16
56, 59, 6
56, 62, 15
56, 62, 52
56, 64, 6
56, 64, 12
56, 67, 34
56, 73, 2
56, 77, 52
56, 78, 56
56, 79, 13
56, 80, 40
56, 83, 29
56, 84, 20
56, 84, 22
56, 85, 3
56, 85, 12
56, 86, 7
56, 86, 42
56, 89, 15
56, 90, 19
56, 93, 18
56, 93, 47
56, 94, 44
56, 97, 22
56, 97, 25
57, 2, 15
57, 2, 29
57, 3, 31
57, 4, 35
57, 7, 45
57, 12, 5
57, 12, 58
57, 13, 41
57, 14, 2
57, 16, 24
57, 18, 11
57, 20, 37
57, 21, 19
57, 21, 24
57, 21, 57
57, 22, 15
57, 22, 24
57, 23, 45
57, 28, 57
57, 31, 30
57, 31, 44
57, 34, 17
57, 36, 43
57, 37, 38
57, 38, 19
57, 39, 55
57, 40, 2
57, 40, 35
57, 41, 9
57, 46, 1
57, 47, 11
57, 47, 47
57, 52, 11
57, 54, 53
57, 55, 9
57, 55, 33
57, 55, 44
57, 57, 17
57, 63, 42
57, 64, 57
57, 66, 18
57, 74, 10
57, 74, 20
57, 74, 36
57, 77, 2
57, 81, 42
57, 84, 45
57, 86, 11
57, 89, 24
57, 89, 31
57, 90, 5
57, 90, 11
57, 90, 53
57, 91, 29
57, 91, 57
57, 93, 43
57, 96, 37
57, 98, 36
57, 99, 34
58, 2, 7
58, 4, 1
58, 8, 2
58, 10, 8
58, 10, 26
58, 12, 27
58, 14, 48
58, 17, 35
58, 23, 18
58, 23, 35
58, 24, 36
58, 26, 19
58, 26, 33
58, 26, 37
58, 26, 42
58, 26, 47
58, 28, 21
58, 30, 11
58, 30, 44
58, 33, 39
58, 35, 12
58, 37, 1
58, 37, 5
58, 37, 29
58, 37, 45
58, 38, 19
58, 41, 36
58, 41, 56
58, 45, 4
58, 45, 11
58, 46, 40
58, 47, 15
58, 49, 19
58, 50, 23
58, 51, 41
58, 54, 13
58, 54, 23
58, 57, 39
58, 61, 31
58, 62, 42
58, 63, 49
58, 64, 9
58, 65, 8
58, 66, 51
58, 67, 48
58, 72, 18
58, 72, 34
58, 72, 46
58, 74, 7
58, 76, 21
58, 77, 13
58, 79, 4
58, 80, 9
58, 81, 2
58, 81, 29
58, 83, 33
58, 85, 43
58, 86, 12
58, 86, 27
58, 87, 26
58, 87, 37
58, 92, 11
58, 92, 28
58, 96, 39
58, 98, 39
58, 100, 18
58, 101, 29
59, 1, 16
59, 2, 34
59, 3, 22
59, 5, 12
59, 5, 22
59, 10, 13
59, 11, 48
59, 13, 15
59, 15, 36
59, 16, 2
59, 16, 38
59, 17, 39
59, 17, 61
59, 18, 34
59, 19, 29
59, 20, 37
59, 26, 11
59, 26, 13
59, 29, 9
59, 29, 29
59, 30, 50
59, 35, 26
59, 35, 45
59, 37, 12
59, 38, 52
59, 40, 30
59, 41, 14
59, 41, 15
59, 41, 22
59, 41, 47
59, 41, 52
59, 44, 52
59, 45, 37
59, 47, 7
59, 47, 26
59, 47, 37
59, 48, 21
59, 49, 39
59, 52, 5
59, 52, 21
59, 53, 2
59, 54, 15
59, 59, 42
59, 61, 10
59, 62, 33
59, 63, 7
59, 66, 14
59, 68, 6
59, 69, 26
59, 72, 42
59, 73, 9
59, 74, 40
59, 74, 42
59, 77, 55
59, 78, 37
59, 79, 50
59, 84, 47
59, 85, 34
59, 86, 14
59, 86, 41
59, 95, 2
59, 95, 4
59, 95, 44
59, 95, 50
59, 96, 25
59, 96, 48
59, 97, 45
59, 98, 24
59, 98, 36
59, 99, 42
59, 99, 47
60, 1, 23
60, 1, 31
60, 2, 9
60, 2, 26
60, 3, 16
60, 3, 53
60, 7, 35
60, 8, 6
60, 9, 6
60, 9, 27
60, 12, 2
60, 16, 14
60, 17, 2
60, 17, 14
60, 20, 47
60, 21, 17
60, 21, 21
60, 26, 10
60, 26, 44
60, 27, 12
60, 27, 39
60, 32, 20
60, 33, 20
60, 33, 28
60, 34, 18
60, 35, 23
60, 36, 15
60, 36, 35
60, 37, 35
60, 38, 26
60, 40, 49
60, 41, 32
60, 41, 37
60, 42, 12
60, 43, 3
60, 44, 31
60, 46, 37
60, 48, 31
60, 53, 27
60, 54, 24
60, 54, 48
60, 56, 18
60, 59, 38
60, 60, 52
60, 63, 23
60, 63, 30
60, 63, 31
60, 65, 47
60, 68, 3
60, 69, 5
60, 69, 9
60, 69, 35
60, 70, 30
60, 71, 25
60, 71, 33
60, 72, 52
60, 74, 4
60, 76, 21
60, 77, 26
60, 77, 48
60, 78, 15
60, 78, 30
60, 78, 39
60, 78, 63
60, 79, 20
60, 79, 45
60, 82, 14
60, 82, 47
60, 83, 10
60, 84, 53
60, 85, 37
60, 87, 25
60, 90, 20
60, 90, 45
60, 90, 49
60, 92, 23
60, 93, 5
60, 93, 15
60, 94, 15
60, 94, 45
60, 97, 12
60, 97, 29
60, 99, 27
60, 100, 2
60, 100, 36
61, 4, 1
61, 4, 42
61, 5, 7
61, 5, 33
61, 11, 37
61, 12, 33
61, 13, 14
61, 14, 28
61, 14, 35
61, 15, 31
61, 16, 35
61, 16, 41
61, 17, 9
61, 24, 10
61, 24, 34
61, 24, 49
61, 25, 41
61, 26, 34
61, 29, 24
61, 29, 49
61, 31, 12
61, 32, 2
61, 34, 24
61, 37, 21
61, 37, 28
61, 39, 16
61, 39, 23
61, 39, 35
61, 39, 52
61, 41, 25
61, 44, 28
61, 46, 50
61, 48, 2
61, 49, 9
61, 50, 43
61, 51, 16
61, 55, 14
61, 56, 2
61, 59, 30
61, 60, 27
61, 62, 21
61, 63, 5
61, 66, 10
61, 66, 16
61, 67, 1
61, 69, 36
61, 70, 57
61, 71, 2
61, 73, 7
61, 73, 41
61, 75, 25
61, 77, 23
61, 78, 10
61, 79, 28
61, 80, 17
61, 82, 31
61, 83, 24
61, 83, 50
61, 85, 40
61, 86, 23
61, 87, 19
61, 88, 20
61, 92, 35
61, 95, 7
61, 95, 12
61, 98, 9
62, 1, 43
62, 2, 30
62, 2, 35
62, 3, 3
62, 4, 19
62, 4, 21
62, 5, 41
62, 6, 42
62, 9, 45
62, 10, 12
62, 10, 29
62, 10, 39
62, 10, 53
62, 11, 22
62, 13, 37
62, 17, 15
62, 17, 46
62, 23, 13
62, 23, 18
62, 27, 15
62, 28, 19
62, 29, 13
62, 32, 13
62, 32, 21
62, 35, 5
62, 36, 24
62, 37, 6
62, 38, 47
62, 39, 12
62, 39, 44
62, 40, 48
62, 41, 38
62, 41, 49
62, 43, 43
62, 46, 1
62, 46, 40
62, 47, 42
62, 48, 16
62, 48, 27
62, 51, 35
62, 52, 30
62, 52, 42
62, 53, 10
62, 53, 41
62, 55, 22
62, 57, 3
62, 57, 13
62, 60, 14
62, 60, 26
62, 61, 31
62, 62, 25
62, 63, 21
62, 65, 18
62, 65, 29
62, 66, 31
62, 67, 58
62, 70, 27
62, 71, 54
62, 72, 18
62, 72, 21
62, 75, 15
62, 79, 19
62, 79, 48
62, 81, 36
62, 81, 58
62, 83, 5
62, 83, 15
62, 83, 21
62, 88, 15
62, 88, 26
62, 90, 18
62, 90, 50
62, 92, 39
62, 94, 15
62, 94, 31
62, 95, 32
62, 95, 45
62, 98, 37
62, 100, 41
63, 2, 29
63, 3, 7
63, 5, 13
63, 5, 27
63, 8, 5
63, 8, 44
63, 9, 20
63, 9, 34
63, 10, 21
63, 12, 4
63, 13, 16
63, 14, 8
63, 14, 20
63, 15, 23
63, 18, 16
63, 18, 46
63, 19, 12
63, 19, 19
63, 20, 6
63, 21, 6
63, 21, 37
63, 22, 18
63, 23, 8
63, 26, 3
63, 30, 2
63, 30, 31
63, 30, 38
63, 32, 45
63, 34, 20
63, 35, 1
63, 36, 8
63, 41, 46
63, 44, 1
63, 47, 48
63, 48, 18
63, 48, 38
63, 49, 22
63, 50, 44
63, 51, 27
63, 52, 34
63, 53, 54
63, 56, 8
63, 56, 29
63, 56, 31
63, 58, 19
63, 61, 2
63, 61, 37
63, 62, 27
63, 62, 35
63, 64, 34
63, 65, 46
63, 66, 34
63, 66, 48
63, 67, 3
63, 67, 5
63, 67, 37
63, 69, 35
63, 69, 48
63, 72, 30
63, 72, 36
63, 73, 12
63, 74, 12
63, 75, 17
63, 77, 55
63, 80, 6
63, 83, 36
63, 87, 3
63, 87, 4
63, 87, 8
63, 87, 31
63, 87, 37
63, 88, 33
63, 91, 27
63, 91, 30
63, 93, 6
63, 94, 18
63, 96, 32
63, 98, 5
64, 1, 3
64, 2, 8
64, 2, 30
64, 3, 47
64, 10, 43
64, 12, 27
64, 15, 25
64, 16, 43
64, 19, 33
64, 22, 15
64, 23, 1
64, 23, 8
64, 23, 23
64, 29, 11
64, 32, 3
64, 34, 17
64, 35, 39
64, 36, 35
64, 37, 15
64, 41, 19
64, 43, 52
64, 46, 36
64, 47, 28
64, 48, 6
64, 52, 11
64, 52, 57
64, 53, 47
64, 55, 50
64, 57, 39
64, 57, 43
64, 58, 8
64, 59, 3
64, 60, 17
64, 63, 11
64, 63, 54
64, 64, 47
64, 72, 39
64, 75, 14
64, 76, 23
64, 76, 33
64, 77, 13
64, 77, 22
64, 82, 41
64, 86, 7
64, 88, 13
64, 89, 25
64, 90, 35
64, 90, 48
64, 91, 10
64, 94, 2
64, 94, 50
64, 95, 2
64, 95, 30
64, 97, 19
64, 99, 12
64, 100, 35
64, 101, 57
65, 1, 9
65, 1, 46
65, 7, 34
65, 8, 24
65, 8, 26
65, 13, 15
65, 14, 41
65, 14, 51
65, 19, 29
65, 21, 41
65, 24, 29
65, 24, 33
65, 24, 45
65, 27, 31
65, 29, 29
65, 30, 6
65, 30, 44
65, 36, 44
65, 39, 20
65, 41, 30
65, 42, 32
65, 44, 34
65, 46, 8
65, 47, 12
65, 47, 26
65, 47, 27
65, 47, 45
65, 48, 20
65, 49, 8
65, 50, 2
65, 50, 56
65, 52, 7
65, 53, 37
65, 55, 27
65, 57, 46
65, 57, 49
65, 58, 1
65, 59, 2
65, 59, 42
65, 61, 11
65, 61, 27
65, 64, 6
65, 66, 11
65, 66, 50
65, 66, 51
65, 67, 9
65, 71, 10
65, 72, 28
65, 74, 4
65, 74, 18
65, 74, 39
65, 75, 4
65, 81, 4
65, 83, 4
65, 83, 49
65, 83, 51
65, 84, 44
65, 85, 3
65, 89, 30
65, 90, 39
65, 91, 28
65, 94, 7
65, 95, 1
65, 95, 5
65, 96, 51
65, 97, 36
66, 1, 31
66, 6, 16
66, 11, 15
66, 13, 51
66, 18, 40
66, 19, 37
66, 21, 46
66, 25, 35
66, 26, 53
66, 27, 20
66, 27, 27
66, 28, 16
66, 29, 2
66, 29, 11
66, 29, 41
66, 32, 21
66, 34, 21
66, 35, 32
66, 36, 49
66, 37, 21
66, 38, 23
66, 38, 42
66, 39, 1
66, 41, 5
66, 43, 23
66, 44, 48
66, 48, 39
66, 49, 15
66, 49, 22
66, 51, 13
66, 52, 20
66, 54, 18
66, 59, 21
66, 59, 40
66, 59, 45
66, 61, 32
66, 66, 5
66, 67, 44
66, 68, 3
66, 68, 44
66, 74, 16
66, 74, 26
66, 76, 30
66, 77, 27
66, 78, 40
66, 80, 17
66, 80, 29
66, 83, 41
66, 84, 31
66, 84, 46
66, 86, 15
66, 86, 21
66, 86, 29
66, 90, 23
66, 90, 48
66, 91, 40
66, 100, 31
66, 101, 5
66, 101, 23
67, 2, 27
67, 6, 32
67, 7, 40
67, 9, 3
67, 14, 3
67, 14, 58
67, 15, 42
67, 21, 24
67, 21, 29
67, 23, 19
67, 26, 1
67, 26, 3
67, 29, 11
67, 30, 39
67, 31, 19
67, 35, 43
67, 36, 46
67, 37, 15
67, 39, 41
67, 43, 45
67, 43, 53
67, 44, 32
67, 50, 9
67, 50, 39
67, 53, 5
67, 54, 15
67, 57, 25
67, 59, 47
67, 66, 20
67, 66, 23
67, 66, 48
67, 67, 12
67, 67, 27
67, 69, 20
67, 70, 25
67, 70, 43
67, 71, 16
67, 71, 40
67, 72, 57
67, 73, 33
67, 74, 39
67, 75, 29
67, 75, 47
67, 76, 29
67, 80, 37
67, 81, 49
67, 84, 15
67, 91, 17
67, 91, 45
67, 98, 41
67, 99, 19
67, 99, 58
67, 100, 23
67, 101, 30
68, 5, 18
68, 6, 17
68, 6, 23
68, 7, 11
68, 11, 41
68, 11, 45
68, 12, 1
68, 12, 4
68, 14, 7
68, 15, 35
68, 17, 31
68, 19, 3
68, 20, 48
68, 22, 7
68, 24, 31
68, 26, 9
68, 26, 38
68, 27, 21
68, 27, 34
68, 28, 20
68, 31, 31
68, 31, 46
68, 36, 3
68, 39, 45
68, 41, 33
68, 42, 9
68, 44, 22
68, 48, 23
68, 49, 27
68, 51, 45
68, 52, 5
68, 55, 21
68, 55, 45
68, 57, 48
68, 59, 27
68, 61, 35
68, 64, 14
68, 64, 31
68, 64, 45
68, 68, 7
68, 70, 48
68, 71, 6
68, 71, 34
68, 74, 9
68, 77, 8
68, 80, 27
68, 81, 7
68, 84, 17
68, 85, 41
68, 85, 46
68, 88, 24
68, 89, 1
68, 89, 29
68, 92, 16
68, 93, 34
68, 95, 27
68, 97, 12
68, 98, 3
69, 2, 18
69, 4, 31
69, 4, 39
69, 4, 40
69, 5, 48
69, 12, 3
69, 14, 17
69, 14, 31
69, 15, 1
69, 15, 42
69, 18, 15
69, 22, 5
69, 22, 26
69, 22, 48
69, 23, 19
69, 24, 13
69, 25, 23
69, 26, 47
69, 29, 5
69, 29, 6
69, 31, 39
69, 34, 20
69, 34, 38
69, 34, 46
69, 35, 28
69, 36, 28
69, 36, 47
69, 37, 15
69, 39, 19
69, 40, 11
69, 42, 22
69, 42, 53
69, 43, 15
69, 47, 45
69, 47, 54
69, 49, 49
69, 56, 29
69, 58, 32
69, 59, 1
69, 62, 7
69, 62, 36
69, 63, 20
69, 63, 21
69, 66, 44
69, 67, 12
69, 67, 19
69, 73, 34
69, 74, 6
69, 76, 6
69, 77, 43
69, 82, 30
69, 82, 39
69, 82, 46
69, 84, 2
69, 84, 42
69, 87, 41
69, 88, 43
69, 90, 26
69, 91, 3
69, 91, 47
69, 93, 29
69, 95, 38
69, 100, 20
69, 100, 40
69, 101, 23
70, 2, 6
70, 2, 29
70, 4, 35
70, 5, 49
70, 5, 50
70, 6, 44
70, 11, 12
70, 11, 37
70, 13, 11
70, 13, 46
70, 15, 9
70, 16, 53
70, 18, 2
70, 18, 13
70, 19, 6
70, 21, 25
70, 22, 27
70, 22, 32
70, 23, 15
70, 23, 27
70, 27, 10
70, 27, 25
70, 28, 17
70, 29, 48
70, 31, 30
70, 32, 5
70, 33, 11
70, 34, 39
70, 35, 46
70, 37, 31
70, 38, 45
70, 39, 16
70, 43, 23
70, 48, 33
70, 48, 42
70, 50, 7
70, 52, 43
70, 53, 27
70, 55, 5
70, 55, 19
70, 55, 43
70, 57, 8
70, 60, 18
70, 60, 38
70, 61, 29
70, 62, 47
70, 63, 49
70, 65, 50
70, 67, 11
70, 70, 7
70, 71, 10
70, 71, 32
70, 71, 39
70, 72, 22
70, 72, 41
70, 73, 36
70, 73, 40
70, 81, 23
70, 82, 29
70, 86, 27
70, 87, 10
70, 87, 13
70, 91, 29
70, 93, 35
70, 94, 33
70, 96, 42
70, 98, 48
70, 99, 6
70, 100, 34
70, 100, 60
71, 2, 4
71, 2, 12
71, 2, 36
71, 2, 39
71, 5, 37
71, 5, 44
71, 6, 40
71, 6, 42
71, 9, 45
71, 10, 50
71, 12, 14
71, 14, 33
71, 16, 28
71, 17, 25
71, 17, 38
71, 17, 49
71, 18, 28
71, 22, 24
71, 22, 35
71, 23, 34
71, 27, 42
71, 30, 54
71, 31, 32
71, 32, 28
71, 33, 14
71, 36, 9
71, 38, 21
71, 40, 17
71, 43, 16
71, 44, 3
71, 44, 28
71, 46, 17
71, 48, 2
71, 49, 37
71, 51, 2
71, 51, 21
71, 52, 16
71, 52, 30
71, 55, 33
71, 55, 34
71, 56, 10
71, 56, 44
71, 57, 44
71, 60, 20
71, 61, 23
71, 62, 10
71, 66, 14
71, 70, 50
71, 74, 4
71, 74, 28
71, 75, 33
71, 77, 42
71, 80, 16
71, 80, 34
71, 81, 25
71, 82, 40
71, 88, 4
71, 91, 54
71, 93, 12
71, 95, 25
71, 95, 36
71, 97, 10
71, 99, 39
71, 100, 43
72, 1, 12
72, 1, 15
72, 2, 47
72, 6, 21
72, 6, 29
72, 8, 13
72, 9, 25
72, 12, 19
72, 13, 8
72, 13, 27
72, 15, 15
72, 15, 20
72, 17, 26
72, 20, 21
72, 23, 13
72, 24, 25
72, 34, 44
72, 34, 57
72, 35, 19
72, 36, 13
72, 36, 47
72, 37, 49
72, 39, 14
72, 39, 21
72, 39, 35
72, 43, 6
72, 43, 25
72, 44, 2
72, 44, 3
72, 45, 8
72, 45, 21
72, 46, 44
72, 48, 21
72, 48, 52
72, 50, 43
72, 51, 2
72, 51, 12
72, 56, 41
72, 57, 11
72, 62, 21
72, 62, 29
72, 63, 2
72, 63, 29
72, 65, 47
72, 66, 41
72, 66, 53
72, 67, 56
72, 68, 26
72, 68, 45
72, 69, 13
72, 70, 17
72, 73, 37
72, 74, 15
72, 74, 47
72, 75, 37
72, 81, 8
72, 81, 50
72, 83, 6
72, 86, 31
72, 87, 41
72, 88, 3
72, 89, 8
72, 89, 17
72, 90, 19
72, 90, 49
72, 90, 57
72, 93, 10
72, 93, 25
72, 93, 43
72, 94, 3
72, 94, 13
72, 94, 26
72, 97, 19
72, 97, 41
72, 98, 47
72, 99, 13
72, 99, 31
73, 1, 16
73, 5, 14
73, 5, 45
73, 7, 6
73, 7, 30
73, 8, 9
73, 8, 39
73, 9, 46
73, 11, 2
73, 11, 45
73, 13, 23
73, 13, 36
73, 13, 39
73, 15, 47
73, 17, 53
73, 19, 23
73, 19, 45
73, 21, 5
73, 21, 53
73, 26, 1
73, 27, 12
73, 28, 14
73, 31, 37
73, 35, 36
73, 37, 21
73, 38, 42
73, 41, 25
73, 42, 10
73, 42, 20
73, 43, 39
73, 45, 38
73, 46, 1
73, 46, 17
73, 52, 27
73, 54, 23
73, 55, 11
73, 57, 6
73, 59, 44
73, 59, 52
73, 66, 14
73, 69, 42
73, 70, 5
73, 71, 7
73, 76, 6
73, 76, 29
73, 81, 55
73, 83, 38
73, 84, 37
73, 86, 1
73, 86, 47
73, 89, 2
73, 89, 31
73, 91, 30
73, 93, 9
73, 95, 5
73, 95, 44
73, 98, 48
74, 1, 36
74, 2, 49
74, 4, 6
74, 7, 22
74, 10, 43
74, 11, 34
74, 12, 16
74, 14, 5
74, 19, 2
74, 19, 25
74, 20, 27
74, 20, 37
74, 20, 44
74, 23, 5
74, 23, 33
74, 28, 25
74, 28, 48
74, 32, 8
74, 33, 33
74, 34, 47
74, 36, 9
74, 36, 17
74, 37, 40
74, 39, 23
74, 40, 9
74, 43, 19
74, 43, 34
74, 44, 24
74, 52, 12
74, 55, 24
74, 55, 31
74, 57, 38
74, 57, 53
74, 58, 31
74, 60, 20
74, 61, 43
74, 62, 6
74, 63, 23
74, 67, 42
74, 72, 14
74, 72, 33
74, 73, 7
74, 73, 17
74, 73, 21
74, 74, 25
74, 74, 31
74, 75, 5
74, 76, 9
74, 76, 46
74, 78, 13
74, 78, 17
74, 79, 44
74, 80, 16
74, 81, 43
74, 81, 48
74, 81, 49
74, 85, 1
74, 85, 44
74, 89, 1
74, 89, 44
74, 91, 5
74, 92, 25
74, 92, 33
74, 92, 48
74, 94, 17
74, 94, 19
74, 95, 19
74, 95, 37
74, 99, 52
74, 101, 50
75, 1, 16
75, 2, 28
75, 4, 7
75, 7, 23
75, 7, 26
75, 8, 3
75, 10, 35
75, 12, 38
75, 13, 15
75, 13, 48
75, 15, 5
75, 15, 19
75, 16, 36
75, 17, 16
75, 20, 21
75, 20, 37
75, 22, 2
75, 22, 45
75, 26, 14
75, 31, 18
75, 33, 34
75, 35, 9
75, 35, 43
75, 36, 49
75, 38, 18
75, 40, 5
75, 43, 27
75, 43, 28
75, 46, 37
75, 49, 45
75, 51, 25
75, 53, 20
75, 53, 51
75, 54, 34
75, 59, 6
75, 60, 43
75, 64, 39
75, 66, 5
75, 72, 12
75, 72, 19
75, 73, 32
75, 74, 3
75, 74, 12
75, 78, 33
75, 82, 28
75, 83, 35
75, 85, 7
75, 85, 17
75, 86, 44
75, 89, 5
75, 94, 48
75, 95, 2
75, 95, 51
75, 97, 9
75, 97, 36
75, 98, 15
75, 98, 21
75, 99, 45
76, 1, 22
76, 2, 19
76, 2, 42
76, 2, 51
76, 3, 10
76, 5, 5
76, 5, 15
76, 5, 29
76, 6, 17
76, 7, 27
76, 8, 4
76, 11, 53
76, 13, 7
76, 16, 9
76, 16, 32
76, 18, 18
76, 18, 45
76, 19, 38
76, 19, 51
76, 20, 44
76, 21, 16
76, 21, 51
76, 24, 8
76, 24, 18
76, 24, 45
76, 24, 48
76, 28, 29
76, 29, 8
76, 30, 44
76, 32, 8
76, 33, 47
76, 34, 29
76, 35, 2
76, 36, 50
76, 38, 42
76, 40, 8
76, 43, 19
76, 45, 23
76, 46, 32
76, 48, 27
76, 51, 23
76, 51, 54
76, 53, 27
76, 56, 10
76, 57, 46
76, 59, 16
76, 60, 2
76, 62, 28
76, 63, 19
76, 65, 28
76, 66, 25
76, 66, 32
76, 67, 21
76, 67, 42
76, 68, 45
76, 70, 47
76, 71, 5
76, 71, 13
76, 73, 6
76, 73, 16
76, 73, 28
76, 73, 53
76, 80, 18
76, 81, 20
76, 82, 9
76, 82, 30
76, 82, 32
76, 83, 24
76, 84, 15
76, 84, 45
76, 86, 6
76, 86, 40
76, 89, 18
76, 90, 16
76, 90, 45
76, 91, 37
76, 94, 32
76, 95, 29
76, 96, 53
76, 100, 16
76, 100, 33
76, 101, 30
77, 3, 22
77, 12, 51
77, 16, 43
77, 17, 11
77, 18, 35
77, 23, 1
77, 23, 25
77, 25, 33
77, 25, 48
77, 27, 12
77, 28, 28
77, 29, 15
77, 31, 9
77, 34, 20
77, 34, 36
77, 35, 26
77, 36, 1
77, 36, 4
77, 37, 40
77, 38, 18
77, 39, 6
77, 40, 19
77, 40, 41
77, 41, 44
77, 44, 3
77, 44, 58
77, 45, 31
77, 52, 4
77, 55, 31
77, 58, 25
77, 61, 39
77, 62, 51
77, 63, 8
77, 70, 2
77, 74, 39
77, 76, 40
77, 78, 22
77, 79, 3
77, 79, 43
77, 80, 4
77, 81, 12
77, 86, 44
77, 87, 29
77, 89, 25
77, 91, 4
77, 92, 23
77, 93, 11
77, 95, 2
77, 96, 45
77, 101, 15
77, 101, 23
78, 3, 8
78, 5, 23
78, 5, 46
78, 6, 5
78, 6, 28
78, 8, 6
78, 8, 15
78, 8, 34
78, 9, 49
78, 13, 34
78, 14, 36
78, 16, 54
78, 18, 34
78, 23, 41
78, 26, 39
78, 26, 40
78, 27, 29
78, 27, 49
78, 31, 15
78, 31, 52
78, 36, 33
78, 38, 36
78, 39, 56
78, 41, 36
78, 42, 17
78, 42, 39
78, 45, 19
78, 46, 53
78, 47, 8
78, 48, 3
78, 49, 1
78, 51, 42
78, 53, 46
78, 54, 6
78, 54, 34
78, 56, 23
78, 56, 25
78, 56, 40
78, 57, 35
78, 58, 10
78, 58, 16
78, 59, 20
78, 59, 35
78, 59, 56
78, 61, 5
78, 63, 29
78, 63, 42
78, 70, 25
78, 71, 14
78, 71, 49
78, 72, 10
78, 73, 8
78, 73, 55
78, 75, 6
78, 76, 33
78, 78, 14
78, 81, 12
78, 81, 24
78, 81, 36
78, 81, 56
78, 82, 16
78, 88, 54
78, 89, 27
78, 90, 41
78, 90, 49
78, 91, 5
78, 94, 33
78, 97, 40
78, 100, 21
79, 5, 33
79, 5, 34
79, 7, 6
79, 8, 26
79, 8, 45
79, 9, 43
79, 10, 9
79, 10, 41
79, 12, 10
79, 12, 25
79, 12, 45
79, 15, 16
79, 18, 25
79, 19, 2
79, 19, 25
79, 20, 9
79, 20, 35
79, 22, 2
79, 23, 43
79, 24, 15
79, 24, 21
79, 29, 27
79, 30, 50
79, 31, 43
79, 32, 27
79, 33, 35
79, 35, 45
79, 39, 3
79, 41, 33
79, 42, 33
79, 48, 12
79, 49, 49
79, 50, 3
79, 50, 7
79, 51, 41
79, 51, 49
79, 59, 32
79, 59, 47
79, 60, 26
79, 62, 15
79, 63, 18
79, 65, 18
79, 65, 49
79, 68, 35
79, 73, 51
79, 74, 17
79, 74, 31
79, 76, 23
79, 76, 41
79, 79, 24
79, 80, 44
79, 83, 10
79, 83, 45
79, 84, 7
79, 87, 10
79, 90, 16
79, 91, 19
79, 92, 41
79, 93, 22
79, 93, 40
79, 94, 38
79, 97, 21
79, 99, 48
79, 101, 33
80, 2, 2
80, 8, 29
80, 9, 10
80, 9, 52
80, 10, 9
80, 13, 49
80, 14, 5
80, 14, 30
80, 19, 47
80, 20, 2
80, 20, 31
80, 20, 40
80, 22, 22
80, 24, 46
80, 27, 53
80, 28, 1
80, 29, 17
80, 29, 33
80, 30, 11
80, 32, 2
80, 36, 19
80, 38, 25
80, 38, 55
80, 39, 10
80, 42, 14
80, 43, 49
80, 45, 2
80, 45, 17
80, 49, 12
80, 49, 25
80, 50, 43
80, 52, 9
80, 56, 44
80, 57, 40
80, 57, 51
80, 62, 25
80, 66, 10
80, 67, 40
80, 69, 42
80, 70, 31
80, 73, 9
80, 74, 46
80, 76, 16
80, 76, 52
80, 77, 22
80, 80, 17
80, 80, 30
80, 81, 19
80, 81, 43
80, 82, 41
80, 83, 10
80, 88, 2
80, 88, 49
80, 89, 11
80, 89, 32
80, 93, 45
80, 95, 21
80, 97, 12
80, 99, 31
80, 100, 42
80, 101, 5
81, 4, 18
81, 8, 5
81, 8, 48
81, 9, 20
81, 11, 22
81, 12, 22
81, 14, 8
81, 14, 19
81, 18, 26
81, 18, 53
81, 18, 55
81, 19, 25
81, 20, 10
81, 20, 31
81, 23, 9
81, 25, 47
81, 26, 19
81, 28, 26
81, 29, 56
81, 33, 18
81, 33, 33
81, 37, 27
81, 37, 32
81, 39, 3
81, 40, 27
81, 40, 46
81, 42, 5
81, 42, 42
81, 44, 24
81, 44, 48
81, 45, 23
81, 46, 32
81, 48, 8
81, 48, 9
81, 48, 39
81, 48, 49
81, 50, 24
81, 50, 31
81, 54, 23
81, 56, 37
81, 56, 54
81, 57, 15
81, 61, 7
81, 65, 4
81, 65, 53
81, 69, 37
81, 72, 15
81, 73, 1
81, 73, 32
81, 75, 6
81, 77, 30
81, 81, 27
81, 82, 22
81, 83, 15
81, 86, 5
81, 86, 35
81, 87, 16
81, 89, 8
81, 89, 20
81, 89, 23
81, 90, 46
81, 91, 7
81, 96, 25
81, 98, 34
81, 100, 9
82, 1, 40
82, 2, 37
82, 3, 11
82, 4, 35
82, 5, 28
82, 5, 31
82, 5, 43
82, 5, 51
82, 6, 2
82, 6, 6
82, 6, 24
82, 7, 38
82, 8, 9
82, 8, 12
82, 8, 38
82, 8, 50
82, 9, 33
82, 12, 9
82, 17, 11
82, 18, 1
82, 21, 18
82, 23, 46
82, 25, 27
82, 26, 38
82, 26, 49
82, 29, 2
82, 33, 10
82, 37, 13
82, 38, 36
82, 39, 20
82, 40, 6
82, 42, 41
82, 43, 37
82, 44, 9
82, 48, 41
82, 50, 16
82, 53, 25
82, 53, 45
82, 60, 31
82, 60, 45
82, 60, 52
82, 61, 49
82, 62, 9
82, 62, 33
82, 64, 48
82, 66, 11
82, 66, 29
82, 66, 53
82, 68, 34
82, 69, 26
82, 70, 18
82, 73, 38
82, 76, 25
82, 76, 40
82, 77, 6
82, 78, 2
82, 78, 4
82, 78, 46
82, 81, 20
82, 83, 13
82, 84, 33
82, 85, 38
82, 86, 18
82, 86, 47
82, 90, 2
82, 91, 23
82, 92, 21
82, 92, 31
82, 93, 51
82, 95, 24
82, 98, 35
82, 100, 41
83, 2, 18
83, 4, 41
83, 4, 54
83, 9, 13
83, 9, 22
83, 9, 52
83, 10, 47
83, 11, 11
83, 12, 3
83, 12, 27
83, 13, 36
83, 15, 2
83, 16, 8
83, 16, 29
83, 16, 50
83, 20, 37
83, 23, 5
83, 25, 26
83, 26, 34
83, 26, 36
83, 29, 15
83, 30, 54
83, 33, 20
83, 37, 42
83, 38, 48
83, 38, 50
83, 38, 60
83, 40, 22
83, 42, 52
83, 43, 15
83, 46, 48
83, 50, 19
83, 52, 29
83, 53, 5
83, 54, 30
83, 56, 25
83, 56, 41
83, 57, 15
83, 58, 20
83, 58, 37
83, 60, 34
83, 61, 31
83, 62, 21
83, 68, 3
83, 68, 36
83, 69, 10
83, 69, 34
83, 77, 13
83, 79, 11
83, 80, 7
83, 81, 29
83, 83, 6
83, 88, 60
83, 89, 20
83, 89, 27
83, 94, 21
83, 95, 26
83, 95, 37
83, 97, 2
83, 97, 52
83, 99, 8
83, 99, 29
83, 100, 50
83, 100, 54
83, 101, 5
83, 101, 16
83, 101, 19
84, 3, 30
84, 6, 41
84, 8, 23
84, 9, 19
84, 10, 27
84, 11, 1
84, 12, 5
84, 13, 31
84, 13, 45
84, 14, 19
84, 14, 20
84, 14, 31
84, 15, 43
84, 17, 1
84, 18, 8
84, 18, 15
84, 19, 25
84, 20, 36
84, 21, 1
84, 21, 2
84, 23, 7
84, 23, 43
84, 26, 14
84, 26, 31
84, 26, 32
84, 27, 12
84, 28, 42
84, 29, 41
84, 32, 6
84, 32, 20
84, 32, 28
84, 32, 32
84, 33, 19
84, 33, 42
84, 34, 7
84, 34, 13
84, 38, 11
84, 38, 20
84, 39, 13
84, 39, 32
84, 40, 13
84, 41, 7
84, 42, 3
84, 45, 10
84, 48, 29
84, 50, 5
84, 50, 6
84, 53, 40
84, 54, 11
84, 55, 17
84, 55, 44
84, 56, 46
84, 61, 15
84, 61, 28
84, 62, 7
84, 62, 27
84, 63, 19
84, 64, 18
84, 64, 36
84, 65, 23
84, 66, 7
84, 66, 21
84, 66, 41
84, 67, 13
84, 67, 44
84, 68, 4
84, 68, 22
84, 69, 23
84, 70, 42
84, 72, 29
84, 72, 42
84, 74, 25
84, 74, 26
84, 75, 27
84, 75, 31
84, 77, 3
84, 79, 41
84, 80, 13
84, 80, 45
84, 81, 36
84, 82, 30
84, 84, 45
84, 85, 30
84, 86, 2
84, 91, 11
84, 93, 4
84, 93, 42
84, 94, 10
84, 96, 24
84, 98, 46
84, 99, 41
84, 100, 21
85, 2, 19
85, 2, 32
85, 5, 19
85, 10, 42
85, 14, 40
85, 16, 41
85, 20, 11
85, 24, 15
85, 28, 2
85, 29, 48
85, 35, 7
85, 35, 16
85, 35, 30
85, 35, 48
85, 36, 24
85, 37, 15
85, 40, 22
85, 40, 43
85, 41, 27
85, 41, 53
85, 42, 54
85, 45, 42
85, 46, 12
85, 47, 34
85, 50, 32
85, 51, 33
85, 54, 39
85, 55, 10
85, 55, 27
85, 58, 1
85, 64, 17
85, 71, 36
85, 73, 4
85, 75, 37
85, 81, 19
85, 83, 3
85, 83, 27
85, 88, 52
85, 95, 15
85, 97, 29
85, 98, 48
85, 99, 32
85, 100, 7
85, 100, 42
86, 1, 40
86, 2, 29
86, 3, 8
86, 3, 34
86, 4, 13
86, 4, 44
86, 6, 30
86, 9, 26
86, 10, 21
86, 12, 36
86, 13, 24
86, 15, 2
86, 17, 16
86, 21, 12
86, 22, 33
86, 22, 44
86, 23, 22
86, 23, 36
86, 24, 27
86, 26, 49
86, 30, 45
86, 31, 52
86, 36, 28
86, 37, 51
86, 41, 35
86, 44, 38
86, 45, 26
86, 46, 16
86, 46, 49
86, 48, 27
86, 49, 26
86, 49, 37
86, 52, 42
86, 53, 32
86, 57, 21
86, 58, 49
86, 59, 8
86, 59, 31
86, 59, 39
86, 60, 3
86, 61, 33
86, 62, 22
86, 63, 5
86, 63, 34
86, 63, 42
86, 66, 39
86, 68, 13
86, 70, 35
86, 71, 7
86, 74, 38
86, 76, 42
86, 79, 32
86, 81, 28
86, 82, 3
86, 84, 29
86, 86, 24
86, 86, 45
86, 87, 44
86, 88, 20
86, 89, 12
86, 89, 30
86, 90, 38
86, 91, 54
86, 93, 12
86, 96, 31
86, 97, 39
86, 99, 16
86, 100, 13
86, 100, 38
86, 100, 40
86, 101, 30
87, 1, 13
87, 1, 48
87, 2, 52
87, 3, 3
87, 4, 16
87, 6, 39
87, 7, 34
87, 12, 9
87, 13, 2
87, 16, 45
87, 17, 37
87, 21, 55
87, 22, 6
87, 22, 40
87, 23, 27
87, 23, 46
87, 24, 54
87, 25, 36
87, 27, 33
87, 27, 45
87, 28, 48
87, 31, 13
87, 35, 34
87, 36, 38
87, 36, 48
87, 38, 19
87, 39, 15
87, 39, 36
87, 46, 39
87, 47, 14
87, 49, 27
87, 50, 6
87, 52, 26
87, 53, 23
87, 56, 28
87, 59, 24
87, 63, 7
87, 65, 13
87, 66, 52
87, 67, 1
87, 67, 31
87, 69, 21
87, 71, 13
87, 73, 16
87, 73, 52
87, 74, 8
87, 75, 21
87, 75, 27
87, 76, 20
87, 77, 4
87, 78, 9
87, 79, 12
87, 81, 36
87, 82, 1
87, 82, 25
87, 84, 37
87, 84, 47
87, 88, 10
87, 88, 45
87, 89, 7
87, 89, 32
87, 89, 36
87, 90, 46
87, 92, 14
87, 92, 44
87, 95, 34
87, 99, 13
87, 100, 17
87, 100, 32
87, 100, 55
88, 4, 5
88, 4, 7
88, 4, 43
88, 5, 18
88, 6, 13
88, 6, 47
88, 12, 42
88, 13, 12
88, 15, 51
88, 16, 13
88, 16, 32
88, 17, 3
88, 17, 12
88, 17, 35
88, 18, 29
88, 22, 37
88, 25, 20
88, 25, 33
88, 27, 7
88, 29, 12
88, 29, 19
88, 29, 39
88, 32, 8
88, 32, 34
88, 34, 23
88, 41, 10
88, 42, 14
88, 42, 29
88, 44, 46
88, 45, 7
88, 46, 45
88, 47, 1
88, 47, 39
88, 51, 13
88, 51, 46
88, 52, 4
88, 52, 42
88, 53, 23
88, 53, 40
88, 56, 51
88, 58, 12
88, 66, 32
88, 66, 42
88, 68, 46
88, 69, 31
88, 72, 38
88, 72, 43
88, 75, 3
88, 77, 44
88, 78, 44
88, 78, 49
88, 80, 21
88, 81, 10
88, 82, 38
88, 85, 32
88, 86, 26
88, 87, 37
88, 87, 42
88, 88, 18
88, 91, 19
88, 92, 43
88, 95, 13
88, 95, 49
88, 97, 9
88, 101, 19
89, 1, 37
89, 3, 23
89, 4, 12
89, 8, 1
89, 8, 23
89, 12, 33
89, 14, 37
89, 14, 41
89, 16, 35
89, 19, 5
89, 20, 10
89, 25, 10
89, 28, 30
89, 36, 12
89, 36, 26
89, 40, 41
89, 41, 51
89, 43, 49
89, 44, 18
89, 46, 7
89, 46, 16
89, 46, 43
89, 53, 17
89, 55, 30
89, 55, 40
89, 57, 37
89, 59, 42
89, 61, 20
89, 62, 47
89, 65, 24
89, 66, 10
89, 67, 17
89, 67, 21
89, 69, 20
89, 69, 27
89, 72, 3
89, 73, 48
89, 74, 28
89, 76, 36
89, 79, 23
89, 81, 15
89, 82, 10
89, 84, 31
89, 85, 15
89, 85, 21
89, 90, 17
89, 90, 60
89, 94, 33
89, 96, 10
89, 97, 42
89, 99, 37
89, 101, 30
90, 1, 33
90, 3, 32
90, 6, 48
90, 7, 29
90, 10, 36
90, 10, 45
90, 11, 8
90, 12, 28
90, 13, 6
90, 13, 20
90, 15, 3
90, 16, 25
90, 18, 22
90, 20, 23
90, 21, 31
90, 22, 4
90, 23, 34
90, 24, 24
90, 28, 29
90, 30, 9
90, 32, 20
90, 32, 42
90, 32, 52
90, 33, 16
90, 33, 52
90, 34, 7
90, 34, 9
90, 34, 20
90, 36, 25
90, 37, 14
90, 39, 1
90, 39, 21
90, 39, 50
90, 40, 47
90, 41, 26
90, 41, 48
90, 42, 22
90, 44, 8
90, 45, 21
90, 46, 19
90, 49, 21
90, 51, 16
90, 52, 45
90, 54, 42
90, 55, 37
90, 55, 48
90, 55, 51
90, 56, 5
90, 57, 50
90, 58, 4
90, 58, 25
90, 59, 16
90, 59, 45
90, 60, 34
90, 64, 39
90, 67, 15
90, 67, 47
90, 69, 52
90, 73, 7
90, 76, 48
90, 77, 25
90, 78, 17
90, 81, 22
90, 85, 36
90, 86, 23
90, 86, 53
90, 87, 29
90, 87, 47
90, 88, 2
90, 88, 12
90, 89, 37
90, 90, 9
90, 93, 43
90, 94, 14
90, 95, 16
90, 99, 3
90, 99, 54
90, 101, 28
91, 5, 7
91, 6, 32
91, 6, 52
91, 8, 16
91, 13, 19
91, 15, 45
91, 17, 34
91, 17, 57
91, 18, 14
91, 20, 3
91, 28, 28
91, 29, 45
91, 33, 33
91, 36, 9
91, 36, 26
91, 37, 2
91, 37, 33
91, 47, 44
91, 49, 14
91, 52, 4
91, 52, 34
91, 53, 12
91, 54, 42
91, 55, 16
91, 58, 9
91, 58, 43
91, 59, 18
91, 62, 52
91, 63, 8
91, 66, 23
91, 68, 19
91, 71, 42
91, 74, 21
91, 76, 55
91, 80, 7
91, 81, 27
91, 86, 33
91, 90, 23
91, 92, 9
91, 95, 6
91, 95, 32
91, 95, 45
91, 97, 23
91, 97, 26
92, 1, 47
92, 4, 46
92, 5, 39
92, 6, 23
92, 6, 53
92, 8, 54
92, 9, 14
92, 9, 27
92, 10, 13
92, 10, 17
92, 17, 53
92, 19, 9
92, 19, 19
92, 19, 31
92, 20, 36
92, 20, 37
92, 21, 6
92, 21, 17
92, 21, 38
92, 22, 4
92, 22, 27
92, 22, 50
92, 22, 54
92, 27, 38
92, 30, 13
92, 30, 34
92, 31, 41
92, 32, 19
92, 32, 43
92, 33, 24
92, 34, 4
92, 34, 29
92, 37, 10
92, 41, 25
92, 41, 31
92, 43, 33
92, 48, 5
92, 55, 37
92, 57, 15
92, 59, 31
92, 61, 12
92, 61, 14
92, 62, 46
92, 64, 36
92, 64, 46
92, 65, 52
92, 69, 33
92, 69, 57
92, 72, 24
92, 74, 53
92, 74, 56
92, 75, 27
92, 76, 39
92, 79, 44
92, 80, 8
92, 80, 16
92, 82, 48
92, 83, 13
92, 85, 12
92, 85, 43
92, 89, 7
92, 89, 10
92, 89, 31
92, 93, 50
92, 94, 47
92, 95, 37
92, 96, 25
92, 99, 10
92, 99, 54
93, 1, 27
93, 4, 34
93, 5, 35
93, 9, 29
93, 9, 37
93, 10, 5
93, 10, 8
93, 10, 10
93, 10, 13
93, 11, 44
93, 14, 9
93, 14, 45
93, 16, 13
93, 18, 39
93, 18, 44
93, 18, 50
93, 19, 28
93, 22, 17
93, 27, 22
93, 27, 48
93, 28, 5
93, 28, 52
93, 29, 10
93, 30, 50
93, 31, 45
93, 33, 2
93, 37, 36
93, 39, 25
93, 41, 41
93, 42, 20
93, 43, 13
93, 44, 1
93, 45, 47
93, 46, 36
93, 46, 45
93, 47, 27
93, 49, 29
93, 49, 39
93, 50, 10
93, 50, 37
93, 52, 47
93, 54, 34
93, 56, 28
93, 59, 33
93, 61, 38
93, 65, 32
93, 69, 5
93, 73, 36
93, 75, 36
93, 77, 47
93, 81, 33
93, 82, 27
93, 83, 1
93, 85, 8
93, 88, 22
93, 89, 29
93, 89, 32
93, 90, 4
93, 91, 17
93, 98, 25
93, 99, 2
93, 99, 36
93, 100, 42
93, 101, 17
94, 3, 10
94, 4, 52
94, 8, 11
94, 10, 43
94, 11, 23
94, 11, 56
94, 14, 27
94, 14, 51
94, 20, 11
94, 23, 3
94, 23, 45
94, 26, 21
94, 26, 22
94, 27, 2
94, 29, 5
94, 29, 27
94, 29, 44
94, 30, 13
94, 30, 22
94, 31, 39
94, 32, 9
94, 32, 13
94, 34, 21
94, 34, 49
94, 41, 16
94, 41, 31
94, 42, 39
94, 43, 17
94, 45, 20
94, 45, 51
94, 45, 54
94, 47, 1
94, 47, 43
94, 48, 34
94, 52, 31
94, 52, 48
94, 53, 19
94, 54, 13
94, 54, 27
94, 54, 40
94, 55, 26
94, 58, 17
94, 58, 43
94, 58, 52
94, 60, 10
94, 61, 1
94, 61, 44
94, 63, 23
94, 65, 40
94, 69, 20
94, 70, 13
94, 71, 34
94, 73, 25
94, 73, 29
94, 74, 22
94, 78, 45
94, 79, 11
94, 80, 21
94, 82, 43
94, 83, 56
94, 86, 5
94, 87, 38
94, 90, 22
94, 93, 19
94, 93, 29
94, 93, 35
94, 94, 9
94, 95, 30
94, 96, 21
94, 97, 6
94, 98, 39
94, 100, 43
94, 101, 9
94, 101, 13
95, 3, 17
95, 7, 5
95, 8, 31
95, 11, 39
95, 12, 14
95, 13, 22
95, 13, 32
95, 14, 27
95, 14, 30
95, 14, 42
95, 18, 6
95, 18, 39
95, 19, 52
95, 20, 38
95, 24, 5
95, 24, 50
95, 28, 32
95, 31, 26
95, 32, 52
95, 33, 3
95, 33, 34
95, 34, 8
95, 34, 45
95, 43, 5
95, 44, 31
95, 46, 1
95, 52, 6
95, 53, 35
95, 53, 37
95, 61, 9
95, 61, 28
95, 63, 4
95, 63, 14
95, 63, 21
95, 66, 16
95, 68, 53
95, 73, 37
95, 76, 8
95, 77, 4
95, 79, 17
95, 79, 18
95, 79, 42
95, 81, 38
95, 82, 11
95, 87, 22
95, 88, 4
95, 89, 30
95, 95, 33
95, 98, 18
95, 101, 3
96, 1, 21
96, 2, 8
96, 2, 50
96, 4, 44
96, 5, 3
96, 5, 20
96, 7, 31
96, 7, 42
96, 10, 23
96, 11, 8
96, 11, 51
96, 12, 7
96, 17, 28
96, 18, 32
96, 18, 42
96, 18, 52
96, 20, 31
96, 24, 16
96, 26, 50
96, 27, 27
96, 32, 30
96, 32, 43
96, 35, 11
96, 35, 28
96, 39, 13
96, 40, 16
96, 43, 10
96, 43, 47
96, 44, 19
96, 44, 21
96, 47, 45
96, 52, 1
96, 55, 15
96, 55, 40
96, 57, 11
96, 57, 29
96, 58, 28
96, 60, 15
96, 60, 20
96, 61, 38
96, 63, 7
96, 63, 49
96, 66, 46
96, 67, 50
96, 69, 5
96, 69, 32
96, 71, 6
96, 73, 10
96, 75, 33
96, 76, 27
96, 76, 39
96, 76, 44
96, 81, 39
96, 82, 21
96, 83, 33
96, 84, 31
96, 84, 42
96, 85, 3
96, 88, 33
96, 91, 12
96, 92, 8
96, 94, 3
96, 94, 40
96, 94, 47
96, 95, 54
96, 97, 34
96, 98, 20
96, 99, 23
96, 99, 38
96, 100, 53
97, 2, 44
97, 4, 35
97, 7, 7
97, 8, 27
97, 11, 18
97, 13, 25
97, 14, 41
97, 16, 18
97, 16, 22
97, 23, 38
97, 23, 41
97, 28, 4
97, 29, 31
97, 31, 4
97, 31, 12
97, 31, 48
97, 38, 2
97, 42, 15
97, 42, 39
97, 43, 38
97, 44, 19
97, 46, 26
97, 56, 8
97, 57, 35
97, 57, 36
97, 60, 2
97, 60, 42
97, 61, 45
97, 64, 12
97, 64, 18
97, 64, 53
97, 69, 45
97, 70, 44
97, 72, 8
97, 72, 28
97, 73, 47
97, 79, 19
97, 81, 44
97, 89, 19
97, 92, 27
97, 93, 7
97, 95, 26
97, 95, 30
97, 95, 39
97, 96, 16
97, 98, 2
97, 98, 51
98, 1, 8
98, 1, 56
98, 6, 25
98, 8, 39
98, 9, 44
98, 9, 47
98, 11, 28
98, 16, 46
98, 19, 48
98, 20, 8
98, 20, 9
98, 22, 29
98, 24, 16
98, 25, 6
98, 25, 19
98, 26, 3
98, 26, 9
98, 27, 40
98, 28, 17
98, 28, 39
98, 28, 43
98, 30, 19
98, 31, 18
98, 32, 28
98, 33, 49
98, 34, 25
98, 36, 7
98, 39, 35
98, 40, 47
98, 41, 41
98, 42, 26
98, 46, 23
98, 47, 5
98, 48, 34
98, 48, 54
98, 49, 17
98, 53, 9
98, 53, 20
98, 53, 44
98, 54, 39
98, 55, 8
98, 56, 1
98, 56, 14
98, 58, 24
98, 60, 9
98, 60, 49
98, 61, 30
98, 63, 40
98, 64, 15
98, 66, 13
98, 68, 32
98, 69, 18
98, 69, 46
98, 70, 48
98, 71, 46
98, 73, 33
98, 74, 6
98, 74, 37
98, 75, 7
98, 75, 52
98, 78, 29
98, 79, 37
98, 83, 11
98, 83, 50
98, 84, 13
98, 85, 7
98, 85, 37
98, 86, 3
98, 86, 28
98, 89, 45
98, 90, 6
98, 93, 12
98, 93, 39
98, 95, 19
98, 95, 23
98, 97, 25
98, 97, 46
98, 98, 30
98, 99, 4
98, 99, 47
99, 1, 39
99, 2, 34
99, 2, 51
99, 4, 26
99, 5, 16
99, 5, 43
99, 6, 24
99, 7, 30
99, 7, 50
99, 9, 3
99, 9, 57
99, 10, 9
99, 12, 40
99, 18, 36
99, 22, 7
99, 22, 23
99, 23, 10
99, 23, 56
99, 24, 3
99, 24, 12
99, 24, 30
99, 24, 65
99, 27, 4
99, 27, 49
99, 28, 14
99, 28, 33
99, 33, 13
99, 33, 30
99, 37, 44
99, 38, 2
99, 38, 31
99, 43, 46
99, 44, 31
99, 49, 36
99, 50, 2
99, 50, 20
99, 50, 38
99, 51, 38
99, 54, 34
99, 56, 45
99, 57, 8
99, 60, 34
99, 60, 46
99, 61, 10
99, 63, 22
99, 63, 26
99, 63, 35
99, 66, 31
99, 69, 23
99, 71, 20
99, 71, 31
99, 71, 35
99, 74, 47
99, 75, 37
99, 80, 22
99, 84, 33
99, 84, 39
99, 85, 1
99, 85, 33
99, 86, 47
99, 92, 8
99, 94, 16
99, 96, 2
99, 97, 2
99, 97, 38
99, 101, 5
99, 101, 12
100, 2, 12
100, 11, 33
100, 13, 10
100, 13, 21
100, 14, 17
100, 14, 36
100, 15, 17
100, 16, 35
100, 16, 53
100, 17, 48
100, 18, 14
100, 19, 35
100, 19, 52
100, 21, 32
100, 21, 43
100, 21, 46
100, 22, 20
100, 23, 49
100, 24, 6
100, 25, 11
100, 25, 19
100, 26, 53
100, 29, 24
100, 31, 5
100, 32, 17
100, 34, 22
100, 36, 10
100, 38, 53
100, 44, 4
100, 44, 37
100, 44, 42
100, 45, 28
100, 46, 23
100, 52, 5
100, 52, 31
100, 52, 48
100, 54, 29
100, 57, 25
100, 58, 41
100, 59, 29
100, 60, 6
100, 60, 43
100, 61, 19
100, 62, 38
100, 65, 1
100, 66, 12
100, 67, 17
100, 68, 9
100, 68, 21
100, 70, 17
100, 71, 21
100, 71, 38
100, 72, 31
100, 78, 14
100, 78, 36
100, 78, 53
100, 80, 35
100, 81, 13
100, 82, 29
100, 83, 21
100, 85, 50
100, 90, 31
100, 91, 46
100, 92, 5
100, 93, 56
100, 96, 35
100, 98, 6
100, 99, 47
100, 101, 12
101, 1, 49
101, 2, 2
101, 2, 29
101, 3, 12
101, 5, 4
101, 5, 21
101, 6, 45
101, 7, 47
101, 8, 37
101, 10, 19
101, 15, 18
101, 18, 11
101, 18, 31
101, 20, 30
101, 20, 43
101, 23, 48
101, 24, 33
101, 25, 27
101, 29, 21
101, 29, 41
101, 30, 6
101, 35, 4
101, 37, 28
101, 39, 14
101, 40, 21
101, 45, 21
101, 46, 42
101, 47, 47
101, 48, 53
101, 50, 2
101, 50, 17
101, 57, 11
101, 57, 23
101, 64, 25
101, 66, 41
101, 70, 14
101, 75, 29
101, 77, 43
101, 78, 3
101, 79, 26
101, 84, 3
101, 84, 46
101, 85, 45
101, 86, 25
101, 88, 14
101, 90, 5
101, 92, 9
101, 92, 50
101, 95, 27
101, 96, 28
101, 97, 19
101, 98, 5
101, 99, 33
101, 100, 4
101, 100, 35
101, 101, 18
101, 101, 42
