1, 2, 21
1, 3, 25
1, 3, 32
1, 4, 11
1, 12, 38
1, 12, 40
1, 12, 47
1, 13, 14
1, 14, 19
1, 15, 3
1, 16, 27
1, 16, 51
1, 17, 44
1, 19, 21
1, 19, 53
1, 22, 46
1, 23, 44
1, 30, 2
1, 31, 42
1, 34, 5
1, 35, 11
1, 38, 38
1, 39, 50
1, 41, 35
1, 41, 37
1, 45, 30
1, 47, 35
1, 48, 54
1, 51, 18
1, 60, 43
1, 63, 19
1, 64, 11
1, 64, 13
1, 64, 54
1, 66, 25
1, 69, 16
1, 69, 53
1, 74, 28
1, 74, 39
1, 75, 42
1, 76, 23
1, 77, 12
1, 77, 25
1, 79, 47
1, 83, 46
1, 88, 40
1, 91, 27
1, 92, 32
1, 99, 38
1, 100, 11
2, 2, 21
2, 4, 15
2, 5, 28
2, 6, 23
2, 8, 43
2, 10, 42
2, 10, 44
2, 11, 13
2, 15, 28
2, 19, 18
2, 20, 5
2, 20, 32
2, 23, 21
2, 25, 2
2, 27, 52
2, 29, 28
2, 32, 52
2, 33, 8
2, 35, 12
2, 38, 2
2, 38, 5
2, 39, 19
2, 39, 50
2, 42, 21
2, 42, 36
2, 42, 48
2, 46, 19
2, 46, 24
2, 48, 26
2, 50, 7
2, 56, 13
2, 59, 23
2, 61, 1
2, 61, 17
2, 62, 20
2, 66, 28
2, 67, 27
2, 68, 48
2, 69, 45
2, 71, 32
2, 73, 21
2, 74, 3
2, 74, 34
2, 76, 42
2, 78, 5
2, 78, 18
2, 78, 22
2, 79, 22
2, 84, 15
2, 84, 47
2, 85, 27
2, 86, 3
2, 96, 52
2, 98, 29
2, 101, 2
3, 3, 9
3, 4, 36
3, 4, 37
3, 6, 1
3, 6, 37
3, 10, 30
3, 12, 16
3, 12, 41
3, 13, 8
3, 14, 31
3, 15, 7
3, 15, 13
3, 18, 33
3, 19, 38
3, 20, 44
3, 24, 10
3, 24, 28
3, 26, 30
3, 31, 33
3, 35, 18
3, 35, 25
3, 36, 21
3, 44, 28
3, 45, 12
3, 49, 32
3, 49, 40
3, 52, 9
3, 57, 18
3, 58, 36
3, 63, 9
3, 63, 14
3, 63, 42
3, 63, 45
3, 64, 20
3, 66, 37
3, 69, 3
3, 69, 19
3, 72, 5
3, 76, 51
3, 79, 16
3, 83, 9
3, 85, 30
3, 88, 12
3, 88, 44
3, 98, 8
4, 1, 8
4, 1, 57
4, 3, 27
4, 5, 8
4, 5, 44
4, 8, 50
4, 10, 41
4, 13, 24
4, 19, 34
4, 28, 18
4, 31, 8
4, 34, 22
4, 37, 31
4, 38, 5
4, 38, 29
4, 38, 43
4, 40, 14
4, 43, 4
4, 46, 8
4, 47, 57
4, 50, 44
4, 50, 45
4, 57, 5
4, 57, 15
4, 57, 43
4, 67, 36
4, 69, 41
4, 77, 6
4, 77, 54
4, 79, 3
4, 83, 18
4, 85, 45
4, 88, 56
4, 89, 27
4, 90, 34
4, 92, 13
4, 92, 23
4, 92, 43
4, 97, 20
4, 99, 14
4, 100, 21
4, 100, 42
5, 5, 13
5, 6, 22
5, 7, 54
5, 8, 33
5, 9, 17
5, 11, 11
5, 12, 14
5, 18, 24
5, 19, 35
5, 19, 38
5, 20, 44
5, 23, 34
5, 24, 22
5, 26, 50
5, 27, 20
5, 29, 43
5, 32, 56
5, 34, 44
5, 37, 33
5, 40, 13
5, 40, 37
5, 42, 23
5, 47, 35
5, 48, 27
5, 52, 39
5, 52, 45
5, 53, 28
5, 55, 58
5, 57, 47
5, 58, 38
5, 60, 31
5, 60, 34
5, 64, 7
5, 64, 46
5, 64, 50
5, 66, 30
5, 66, 33
5, 67, 35
5, 67, 39
5, 69, 7
5, 69, 34
5, 72, 60
5, 73, 47
5, 74, 7
5, 76, 49
5, 77, 6
5, 77, 10
5, 77, 14
5, 80, 36
5, 80, 44
5, 80, 51
5, 81, 11
5, 81, 34
5, 85, 24
5, 85, 37
5, 89, 7
5, 90, 48
5, 94, 20
5, 94, 37
5, 95, 7
5, 95, 39
5, 96, 4
5, 97, 17
5, 98, 22
5, 100, 15
5, 100, 37
6, 2, 1
6, 2, 13
6, 7, 13
6, 12, 30
6, 13, 31
6, 13, 43
6, 15, 1
6, 17, 6
6, 17, 7
6, 17, 38
6, 17, 43
6, 20, 4
6, 22, 6
6, 22, 25
6, 24, 56
6, 33, 25
6, 35, 9
6, 36, 24
6, 39, 43
6, 41, 1
6, 47, 21
6, 47, 42
6, 48, 2
6, 48, 24
6, 48, 33
6, 50, 44
6, 51, 18
6, 55, 30
6, 59, 38
6, 69, 57
6, 70, 31
6, 71, 17
6, 73, 39
6, 85, 13
6, 87, 10
6, 87, 23
6, 87, 51
6, 88, 19
6, 100, 24
6, 100, 43
6, 100, 49
7, 2, 8
7, 2, 45
7, 3, 19
7, 7, 1
7, 7, 19
7, 12, 26
7, 12, 49
7, 13, 10
7, 17, 27
7, 17, 50
7, 18, 37
7, 20, 2
7, 21, 30
7, 21, 50
7, 21, 62
7, 22, 14
7, 23, 47
7, 25, 41
7, 25, 62
7, 26, 12
7, 30, 7
7, 33, 47
7, 38, 26
7, 45, 13
7, 45, 49
7, 45, 51
7, 46, 14
7, 47, 43
7, 48, 29
7, 50, 4
7, 50, 11
7, 50, 17
7, 52, 22
7, 53, 36
7, 54, 21
7, 55, 50
7, 57, 15
7, 57, 42
7, 61, 10
7, 62, 9
7, 62, 19
7, 63, 28
7, 66, 20
7, 66, 25
7, 72, 22
7, 73, 7
7, 74, 4
7, 74, 14
7, 74, 42
7, 76, 48
7, 77, 35
7, 81, 3
7, 87, 8
7, 91, 30
7, 91, 41
7, 94, 12
7, 97, 34
7, 101, 37
8, 3, 45
8, 4, 13
8, 4, 49
8, 7, 5
8, 7, 18
8, 16, 24
8, 17, 22
8, 21, 32
8, 22, 6
8, 24, 19
8, 24, 25
8, 25, 35
8, 25, 40
8, 26, 47
8, 30, 20
8, 32, 9
8, 32, 29
8, 37, 39
8, 37, 51
8, 38, 14
8, 39, 46
8, 43, 26
8, 45, 5
8, 45, 37
8, 46, 14
8, 47, 33
8, 48, 36
8, 48, 49
8, 49, 38
8, 55, 35
8, 65, 51
8, 68, 47
8, 72, 34
8, 73, 9
8, 75, 11
8, 80, 19
8, 82, 13
8, 82, 22
8, 84, 33
8, 88, 20
8, 88, 36
8, 89, 1
8, 89, 34
8, 91, 24
8, 94, 45
8, 95, 7
8, 98, 22
8, 98, 46
8, 100, 32
8, 100, 35
9, 1, 10
9, 1, 40
9, 3, 28
9, 6, 32
9, 6, 35
9, 8, 43
9, 9, 17
9, 10, 14
9, 10, 60
9, 11, 7
9, 13, 32
9, 14, 25
9, 20, 29
9, 26, 40
9, 27, 27
9, 28, 59
9, 37, 40
9, 38, 6
9, 40, 31
9, 41, 15
9, 42, 34
9, 44, 28
9, 45, 1
9, 45, 6
9, 45, 58
9, 46, 33
9, 46, 45
9, 48, 9
9, 54, 28
9, 56, 52
9, 62, 14
9, 62, 34
9, 65, 38
9, 65, 41
9, 65, 42
9, 69, 36
9, 73, 13
9, 73, 31
9, 73, 33
9, 79, 45
9, 81, 33
9, 83, 15
9, 87, 31
9, 89, 44
9, 93, 38
9, 93, 51
9, 95, 12
9, 96, 40
9, 100, 27
9, 100, 52
10, 1, 47
10, 2, 37
10, 4, 34
10, 4, 44
10, 6, 4
10, 6, 56
10, 12, 16
10, 18, 42
10, 19, 15
10, 20, 23
10, 25, 16
10, 28, 57
10, 31, 14
10, 33, 9
10, 34, 17
10, 35, 4
10, 36, 2
10, 38, 21
10, 39, 25
10, 41, 23
10, 43, 13
10, 48, 4
10, 49, 27
10, 52, 19
10, 52, 24
10, 52, 27
10, 52, 41
10, 54, 48
10, 58, 49
10, 67, 57
10, 71, 47
10, 74, 44
10, 78, 16
10, 79, 34
10, 80, 37
10, 81, 29
10, 84, 28
10, 84, 48
10, 87, 6
10, 88, 14
10, 88, 57
10, 91, 27
10, 94, 6
10, 94, 19
10, 98, 9
10, 98, 44
10, 98, 61
10, 99, 24
11, 1, 12
11, 1, 40
11, 1, 52
11, 5, 51
11, 6, 27
11, 8, 7
11, 9, 31
11, 13, 47
11, 14, 38
11, 17, 43
11, 20, 13
11, 20, 29
11, 20, 30
11, 26, 18
11, 28, 35
11, 31, 22
11, 32, 9
11, 33, 1
11, 37, 31
11, 41, 37
11, 41, 39
11, 53, 2
11, 55, 43
11, 56, 3
11, 56, 34
11, 58, 34
11, 60, 30
11, 61, 10
11, 61, 27
11, 61, 28
11, 62, 3
11, 62, 20
11, 62, 42
11, 65, 36
11, 67, 5
11, 72, 29
11, 72, 49
11, 73, 9
11, 78, 30
11, 81, 7
11, 81, 14
11, 84, 20
11, 85, 1
11, 88, 22
11, 88, 47
11, 90, 51
11, 94, 41
11, 96, 2
11, 97, 3
12, 2, 3
12, 2, 34
12, 4, 8
12, 4, 24
12, 5, 17
12, 5, 25
12, 5, 29
12, 7, 56
12, 8, 20
12, 9, 11
12, 11, 4
12, 17, 26
12, 20, 8
12, 20, 18
12, 21, 33
12, 22, 30
12, 24, 13
12, 26, 53
12, 27, 2
12, 28, 25
12, 30, 4
12, 30, 6
12, 35, 10
12, 35, 25
12, 39, 3
12, 39, 54
12, 41, 5
12, 41, 53
12, 43, 31
12, 46, 55
12, 51, 2
12, 51, 47
12, 52, 7
12, 63, 34
12, 66, 43
12, 67, 30
12, 70, 4
12, 71, 21
12, 73, 34
12, 74, 4
12, 75, 14
12, 76, 29
12, 79, 6
12, 86, 26
12, 89, 5
12, 90, 25
12, 90, 37
12, 91, 24
12, 97, 18
12, 97, 19
12, 99, 17
12, 101, 33
13, 4, 10
13, 4, 21
13, 4, 59
13, 5, 39
13, 6, 31
13, 7, 32
13, 8, 14
13, 8, 48
13, 12, 11
13, 14, 18
13, 15, 19
13, 15, 46
13, 23, 24
13, 24, 44
13, 25, 54
13, 33, 14
13, 34, 10
13, 34, 30
13, 35, 47
13, 37, 11
13, 37, 36
13, 38, 7
13, 40, 21
13, 42, 15
13, 42, 20
13, 44, 24
13, 50, 31
13, 51, 5
13, 51, 35
13, 54, 14
13, 54, 19
13, 55, 2
13, 58, 39
13, 60, 10
13, 61, 25
13, 61, 31
13, 61, 64
13, 62, 59
13, 63, 14
13, 65, 7
13, 69, 49
13, 75, 8
13, 77, 15
13, 77, 47
13, 81, 13
13, 82, 23
13, 83, 32
13, 83, 35
13, 87, 18
13, 89, 21
13, 90, 6
13, 90, 46
13, 93, 54
13, 95, 5
13, 95, 44
13, 98, 6
13, 98, 47
14, 3, 21
14, 4, 4
14, 4, 9
14, 5, 4
14, 9, 34
14, 9, 44
14, 19, 22
14, 20, 19
14, 20, 48
14, 25, 12
14, 25, 35
14, 27, 4
14, 27, 55
14, 29, 28
14, 39, 20
14, 40, 11
14, 43, 21
14, 48, 8
14, 56, 41
14, 57, 20
14, 59, 21
14, 68, 9
14, 70, 19
14, 71, 46
14, 73, 8
14, 73, 34
14, 75, 21
14, 86, 22
14, 88, 12
14, 90, 15
14, 96, 28
14, 97, 11
14, 100, 54
15, 1, 35
15, 4, 54
15, 10, 8
15, 12, 7
15, 15, 20
15, 18, 26
15, 19, 31
15, 21, 2
15, 22, 8
15, 23, 15
15, 23, 23
15, 24, 1
15, 25, 30
15, 26, 34
15, 26, 53
15, 29, 38
15, 30, 37
15, 31, 3
15, 42, 43
15, 45, 7
15, 46, 2
15, 47, 38
15, 48, 14
15, 56, 14
15, 56, 26
15, 57, 5
15, 57, 29
15, 57, 49
15, 61, 6
15, 63, 12
15, 63, 50
15, 65, 22
15, 66, 7
15, 69, 22
15, 70, 41
15, 72, 32
15, 73, 25
15, 79, 30
15, 79, 36
15, 83, 17
15, 90, 30
15, 95, 16
15, 96, 7
15, 99, 28
15, 100, 48
15, 101, 3
15, 101, 25
16, 1, 42
16, 6, 40
16, 9, 11
16, 9, 34
16, 10, 43
16, 12, 14
16, 12, 37
16, 12, 39
16, 12, 51
16, 17, 35
16, 17, 41
16, 18, 50
16, 20, 21
16, 20, 30
16, 23, 5
16, 23, 27
16, 25, 36
16, 27, 46
16, 27, 48
16, 28, 24
16, 32, 37
16, 32, 39
16, 34, 30
16, 35, 5
16, 37, 47
16, 39, 49
16, 42, 41
16, 43, 14
16, 43, 32
16, 45, 1
16, 45, 43
16, 45, 54
16, 49, 18
16, 49, 57
16, 56, 15
16, 56, 18
16, 56, 28
16, 60, 54
16, 61, 2
16, 61, 20
16, 62, 40
16, 66, 40
16, 71, 34
16, 73, 36
16, 74, 14
16, 77, 35
16, 79, 23
16, 83, 32
16, 83, 37
16, 86, 2
16, 86, 30
16, 86, 36
16, 86, 48
16, 86, 55
16, 88, 18
16, 89, 34
16, 89, 53
16, 90, 30
16, 93, 13
16, 94, 21
16, 96, 37
16, 97, 46
16, 98, 55
16, 99, 37
16, 100, 47
17, 8, 20
17, 9, 26
17, 9, 43
17, 12, 9
17, 14, 48
17, 15, 43
17, 16, 30
17, 16, 34
17, 16, 39
17, 17, 15
17, 17, 30
17, 18, 7
17, 23, 45
17, 25, 38
17, 29, 29
17, 29, 52
17, 31, 13
17, 36, 18
17, 42, 51
17, 50, 2
17, 51, 50
17, 54, 15
17, 54, 34
17, 58, 33
17, 68, 33
17, 71, 25
17, 77, 8
17, 77, 17
17, 79, 25
17, 80, 18
17, 83, 34
17, 85, 5
17, 85, 18
17, 86, 3
17, 86, 45
17, 88, 7
17, 99, 39
18, 3, 55
18, 5, 1
18, 7, 17
18, 9, 18
18, 11, 50
18, 12, 39
18, 16, 18
18, 22, 37
18, 23, 20
18, 25, 11
18, 28, 6
18, 28, 39
18, 30, 45
18, 30, 51
18, 32, 10
18, 35, 27
18, 35, 36
18, 39, 6
18, 42, 25
18, 42, 37
18, 44, 30
18, 46, 30
18, 48, 46
18, 48, 54
18, 49, 1
18, 53, 17
18, 53, 23
18, 55, 38
18, 57, 19
18, 62, 21
18, 67, 16
18, 67, 39
18, 67, 45
18, 68, 10
18, 68, 18
18, 68, 55
18, 74, 55
18, 78, 21
18, 79, 2
18, 79, 17
18, 82, 5
18, 84, 23
18, 84, 31
18, 84, 46
18, 86, 38
18, 89, 32
18, 90, 20
18, 92, 25
18, 93, 44
18, 97, 23
18, 97, 54
18, 100, 6
18, 101, 37
19, 2, 45
19, 3, 47
19, 5, 24
19, 6, 27
19, 9, 7
19, 10, 2
19, 10, 18
19, 15, 12
19, 19, 37
19, 23, 7
19, 24, 21
19, 28, 36
19, 32, 52
19, 45, 3
19, 45, 22
19, 46, 39
19, 46, 43
19, 47, 22
19, 48, 18
19, 49, 26
19, 49, 30
19, 54, 35
19, 54, 45
19, 56, 13
19, 56, 46
19, 58, 18
19, 58, 44
19, 59, 46
19, 60, 60
19, 62, 7
19, 62, 33
19, 63, 46
19, 65, 41
19, 68, 21
19, 70, 22
19, 70, 52
19, 77, 12
19, 77, 32
19, 78, 27
19, 78, 52
19, 79, 5
19, 81, 2
19, 82, 44
19, 83, 41
19, 86, 37
19, 90, 34
19, 94, 2
19, 94, 12
19, 94, 26
19, 94, 58
19, 100, 18
19, 100, 34
19, 100, 47
20, 2, 5
20, 4, 20
20, 5, 26
20, 11, 8
20, 11, 42
20, 14, 53
20, 16, 32
20, 25, 44
20, 26, 7
20, 28, 18
20, 30, 44
20, 32, 5
20, 33, 24
20, 33, 34
20, 33, 41
20, 33, 44
20, 36, 16
20, 36, 49
20, 38, 23
20, 40, 23
20, 43, 16
20, 43, 56
20, 46, 46
20, 48, 13
20, 48, 48
20, 51, 12
20, 51, 20
20, 52, 26
20, 60, 7
20, 60, 30
20, 61, 31
20, 62, 22
20, 65, 31
20, 65, 47
20, 75, 32
20, 78, 16
20, 79, 13
20, 79, 35
20, 80, 44
20, 84, 39
20, 85, 2
20, 85, 12
20, 88, 18
20, 88, 31
20, 90, 24
20, 92, 3
20, 93, 16
20, 99, 7
20, 99, 31
21, 1, 12
21, 1, 16
21, 1, 52
21, 2, 13
21, 4, 5
21, 8, 44
21, 9, 5
21, 14, 52
21, 18, 27
21, 21, 13
21, 23, 35
21, 24, 1
21, 25, 5
21, 28, 12
21, 29, 21
21, 31, 22
21, 31, 48
21, 36, 8
21, 38, 41
21, 39, 22
21, 45, 64
21, 48, 10
21, 48, 16
21, 51, 1
21, 54, 41
21, 58, 11
21, 59, 46
21, 60, 35
21, 70, 13
21, 76, 6
21, 79, 8
21, 81, 17
21, 84, 5
21, 84, 21
21, 84, 44
21, 88, 50
21, 88, 61
21, 89, 10
21, 91, 48
21, 93, 25
21, 95, 52
22, 1, 29
22, 5, 57
22, 8, 22
22, 10, 2
22, 10, 21
22, 12, 43
22, 22, 28
22, 22, 43
22, 22, 46
22, 28, 10
22, 28, 41
22, 33, 17
22, 34, 11
22, 36, 1
22, 36, 57
22, 37, 8
22, 41, 17
22, 42, 13
22, 43, 15
22, 43, 34
22, 44, 44
22, 45, 23
22, 46, 37
22, 49, 41
22, 50, 7
22, 50, 48
22, 53, 25
22, 55, 46
22, 57, 25
22, 59, 23
22, 63, 41
22, 69, 36
22, 73, 23
22, 73, 51
22, 80, 14
22, 80, 29
22, 83, 2
22, 83, 8
22, 85, 8
22, 85, 43
22, 86, 15
22, 89, 7
22, 89, 21
22, 93, 17
22, 93, 28
22, 94, 22
22, 95, 23
22, 100, 14
22, 100, 46
22, 101, 36
23, 3, 51
23, 4, 40
23, 7, 9
23, 7, 12
23, 8, 18
23, 10, 34
23, 13, 4
23, 13, 25
23, 14, 48
23, 15, 36
23, 16, 49
23, 18, 27
23, 18, 58
23, 21, 6
23, 24, 31
23, 27, 6
23, 27, 11
23, 31, 25
23, 33, 25
23, 45, 48
23, 46, 25
23, 46, 30
23, 47, 11
23, 50, 40
23, 52, 29
23, 52, 53
23, 54, 39
23, 56, 21
23, 57, 52
23, 60, 52
23, 61, 6
23, 66, 9
23, 66, 34
23, 67, 20
23, 67, 39
23, 68, 5
23, 68, 9
23, 72, 47
23, 72, 51
23, 73, 18
23, 76, 49
23, 80, 30
23, 84, 18
23, 88, 2
23, 89, 36
23, 97, 25
23, 98, 21
23, 98, 40
23, 99, 34
23, 100, 7
24, 1, 31
24, 2, 19
24, 4, 45
24, 5, 17
24, 11, 43
24, 12, 34
24, 17, 32
24, 17, 39
24, 18, 21
24, 19, 43
24, 20, 31
24, 20, 48
24, 25, 4
24, 26, 50
24, 27, 29
24, 29, 7
24, 30, 11
24, 41, 47
24, 42, 32
24, 43, 48
24, 44, 6
24, 47, 8
24, 48, 10
24, 48, 30
24, 48, 54
24, 49, 27
24, 52, 13
24, 59, 34
24, 61, 5
24, 63, 3
24, 63, 32
24, 68, 30
24, 72, 14
24, 72, 58
24, 75, 35
24, 75, 46
24, 82, 39
24, 83, 26
24, 85, 13
24, 85, 61
24, 86, 17
24, 87, 45
24, 94, 43
24, 99, 13
24, 99, 40
24, 100, 20
25, 2, 3
25, 9, 38
25, 20, 52
25, 23, 35
25, 23, 38
25, 24, 39
25, 26, 1
25, 30, 21
25, 32, 43
25, 35, 30
25, 37, 13
25, 38, 16
25, 41, 29
25, 43, 30
25, 47, 7
25, 47, 52
25, 49, 26
25, 57, 33
25, 62, 6
25, 63, 21
25, 63, 39
25, 65, 13
25, 67, 48
25, 71, 7
25, 76, 24
25, 76, 34
25, 83, 40
25, 84, 38
25, 84, 52
25, 88, 3
25, 88, 39
25, 91, 3
25, 92, 7
25, 95, 17
25, 96, 6
25, 100, 30
25, 100, 51
26, 3, 1
26, 6, 17
26, 6, 28
26, 19, 25
26, 20, 6
26, 20, 27
26, 22, 13
26, 24, 10
26, 25, 21
26, 25, 33
26, 27, 40
26, 30, 28
26, 34, 25
26, 34, 33
26, 35, 2
26, 35, 15
26, 38, 13
26, 40, 45
26, 46, 38
26, 49, 17
26, 52, 26
26, 52, 36
26, 54, 15
26, 58, 47
26, 59, 28
26, 61, 1
26, 62, 14
26, 64, 14
26, 64, 40
26, 65, 14
26, 69, 14
26, 70, 37
26, 70, 48
26, 71, 8
26, 72, 38
26, 73, 17
26, 73, 25
26, 75, 19
26, 78, 14
26, 80, 27
26, 85, 14
26, 86, 55
26, 89, 30
26, 90, 20
26, 94, 21
26, 94, 24
26, 94, 28
26, 94, 33
26, 95, 48
27, 6, 4
27, 8, 29
27, 9, 37
27, 10, 14
27, 12, 42
27, 15, 27
27, 15, 52
27, 18, 11
27, 18, 34
27, 21, 7
27, 22, 39
27, 25, 23
27, 25, 24
27, 25, 34
27, 29, 12
27, 32, 45
27, 33, 10
27, 34, 7
27, 35, 11
27, 36, 6
27, 37, 25
27, 38, 39
27, 39, 28
27, 40, 15
27, 43, 36
27, 46, 21
27, 46, 42
27, 54, 1
27, 54, 5
27, 54, 12
27, 56, 19
27, 61, 1
27, 63, 10
27, 65, 30
27, 65, 35
27, 68, 19
27, 68, 23
27, 72, 14
27, 74, 24
27, 76, 43
27, 81, 29
27, 83, 1
27, 83, 37
27, 85, 4
27, 85, 25
27, 86, 6
27, 86, 11
27, 88, 57
27, 91, 21
27, 92, 7
27, 95, 34
27, 96, 28
27, 96, 39
27, 97, 23
27, 97, 42
27, 100, 6
28, 1, 28
28, 3, 7
28, 3, 65
28, 7, 34
28, 8, 57
28, 9, 37
28, 14, 23
28, 17, 22
28, 17, 23
28, 19, 44
28, 29, 3
28, 29, 21
28, 30, 26
28, 30, 30
28, 30, 35
28, 41, 11
28, 41, 28
28, 43, 42
28, 45, 18
28, 45, 32
28, 48, 37
28, 51, 46
28, 53, 43
28, 53, 44
28, 56, 40
28, 58, 33
28, 61, 35
28, 61, 57
28, 62, 8
28, 63, 23
28, 66, 23
28, 66, 58
28, 70, 22
28, 71, 39
28, 72, 48
28, 73, 40
28, 74, 7
28, 77, 15
28, 77, 42
28, 78, 20
28, 80, 9
28, 80, 53
28, 82, 24
28, 90, 42
28, 91, 26
28, 91, 44
28, 92, 42
28, 94, 1
28, 97, 26
28, 97, 55
28, 100, 13
28, 100, 31
28, 101, 32
29, 4, 20
29, 9, 1
29, 14, 43
29, 19, 40
29, 21, 51
29, 23, 15
29, 24, 29
29, 27, 20
29, 29, 6
29, 34, 30
29, 39, 1
29, 41, 21
29, 41, 35
29, 48, 39
29, 49, 11
29, 51, 9
29, 56, 1
29, 57, 3
29, 57, 12
29, 57, 28
29, 57, 48
29, 57, 49
29, 57, 51
29, 60, 34
29, 61, 32
29, 62, 43
29, 70, 1
29, 79, 13
29, 80, 36
29, 82, 32
29, 83, 29
29, 84, 19
29, 84, 46
29, 87, 49
29, 88, 32
29, 89, 9
29, 89, 23
29, 91, 10
30, 1, 27
30, 2, 30
30, 2, 41
30, 4, 9
30, 4, 32
30, 7, 28
30, 9, 45
30, 10, 52
30, 11, 1
30, 12, 41
30, 17, 3
30, 17, 29
30, 20, 4
30, 20, 28
30, 20, 44
30, 23, 6
30, 23, 39
30, 25, 16
30, 30, 32
30, 31, 28
30, 41, 13
30, 43, 14
30, 45, 12
30, 48, 49
30, 49, 3
30, 50, 25
30, 51, 6
30, 52, 9
30, 54, 18
30, 55, 17
30, 55, 35
30, 62, 9
30, 62, 39
30, 70, 10
30, 76, 26
30, 76, 58
30, 80, 46
30, 82, 24
30, 82, 52
30, 84, 41
30, 84, 54
30, 85, 42
30, 88, 26
30, 88, 28
30, 90, 3
30, 90, 9
30, 93, 6
30, 93, 27
30, 97, 2
30, 98, 16
31, 3, 6
31, 5, 23
31, 8, 5
31, 8, 40
31, 15, 16
31, 17, 4
31, 17, 41
31, 20, 39
31, 20, 54
31, 22, 1
31, 22, 15
31, 22, 54
31, 26, 5
31, 32, 15
31, 35, 6
31, 37, 7
31, 39, 28
31, 41, 16
31, 42, 22
31, 48, 27
31, 57, 24
31, 58, 44
31, 60, 15
31, 60, 22
31, 61, 22
31, 63, 5
31, 63, 32
31, 64, 43
31, 69, 41
31, 73, 4
31, 73, 29
31, 75, 24
31, 77, 12
31, 77, 38
31, 82, 46
31, 83, 15
31, 83, 50
31, 84, 4
31, 88, 13
31, 89, 54
31, 91, 13
31, 92, 7
31, 92, 26
31, 93, 22
31, 95, 55
31, 100, 15
31, 100, 16
32, 2, 39
32, 2, 54
32, 6, 16
32, 8, 39
32, 11, 13
32, 12, 3
32, 14, 9
32, 14, 21
32, 15, 49
32, 17, 28
32, 19, 4
32, 19, 49
32, 20, 33
32, 24, 12
32, 24, 42
32, 24, 49
32, 29, 29
32, 30, 32
32, 33, 16
32, 33, 26
32, 33, 52
32, 34, 23
32, 35, 3
32, 35, 11
32, 35, 55
32, 36, 57
32, 38, 32
32, 40, 33
32, 41, 6
32, 48, 38
32, 54, 14
32, 59, 3
32, 60, 11
32, 61, 34
32, 61, 52
32, 63, 39
32, 68, 54
32, 69, 2
32, 69, 31
32, 75, 2
32, 75, 31
32, 75, 46
32, 79, 28
32, 79, 31
32, 80, 16
32, 83, 29
32, 83, 43
32, 85, 46
32, 90, 38
32, 94, 27
32, 95, 1
32, 96, 16
32, 96, 57
32, 97, 23
32, 98, 9
32, 98, 49
32, 100, 28
33, 6, 1
33, 6, 28
33, 9, 21
33, 14, 8
33, 14, 41
33, 16, 2
33, 16, 22
33, 17, 33
33, 18, 13
33, 18, 25
33, 21, 42
33, 26, 17
33, 32, 34
33, 33, 5
33, 33, 9
33, 33, 47
33, 36, 39
33, 38, 1
33, 40, 13
33, 40, 36
33, 42, 46
33, 42, 50
33, 43, 2
33, 43, 44
33, 46, 27
33, 47, 28
33, 49, 23
33, 51, 44
33, 53, 7
33, 54, 45
33, 61, 45
33, 67, 15
33, 71, 41
33, 73, 3
33, 73, 46
33, 76, 8
33, 83, 27
33, 85, 28
33, 86, 2
33, 86, 5
33, 88, 17
33, 90, 24
33, 93, 33
34, 2, 45
34, 3, 42
34, 4, 3
34, 7, 8
34, 8, 34
34, 10, 25
34, 10, 44
34, 12, 34
34, 12, 54
34, 14, 19
34, 14, 21
34, 16, 13
34, 18, 9
34, 22, 54
34, 25, 1
34, 27, 13
34, 27, 38
34, 32, 6
34, 35, 36
34, 36, 46
34, 38, 1
34, 38, 12
34, 38, 51
34, 43, 22
34, 43, 52
34, 45, 11
34, 48, 15
34, 49, 40
34, 50, 28
34, 53, 23
34, 53, 29
34, 56, 48
34, 63, 6
34, 63, 27
34, 63, 32
34, 65, 35
34, 67, 53
34, 73, 3
34, 75, 42
34, 79, 38
34, 82, 22
34, 85, 54
34, 87, 15
34, 88, 12
34, 91, 36
34, 94, 40
34, 94, 44
34, 95, 49
34, 96, 6
34, 96, 8
34, 96, 22
34, 96, 52
34, 98, 42
34, 101, 9
35, 3, 21
35, 6, 52
35, 9, 7
35, 9, 40
35, 10, 14
35, 15, 17
35, 31, 20
35, 36, 7
35, 39, 42
35, 41, 21
35, 45, 16
35, 46, 29
35, 48, 44
35, 49, 36
35, 50, 1
35, 53, 10
35, 57, 1
35, 57, 28
35, 60, 46
35, 61, 27
35, 61, 44
35, 67, 7
35, 71, 1
35, 71, 61
35, 73, 14
35, 73, 31
35, 75, 12
35, 78, 37
35, 80, 4
35, 80, 27
35, 81, 40
35, 84, 50
35, 84, 52
35, 86, 30
35, 89, 17
35, 92, 16
35, 92, 21
35, 96, 1
35, 97, 10
35, 98, 35
36, 3, 55
36, 4, 46
36, 5, 28
36, 11, 16
36, 19, 18
36, 20, 2
36, 20, 43
36, 22, 38
36, 28, 46
36, 29, 36
36, 30, 25
36, 30, 49
36, 32, 38
36, 33, 15
36, 34, 20
36, 34, 24
36, 35, 20
36, 41, 36
36, 46, 2
36, 46, 5
36, 46, 60
36, 47, 25
36, 49, 20
36, 52, 36
36, 52, 53
36, 54, 48
36, 55, 33
36, 57, 27
36, 58, 30
36, 59, 6
36, 59, 18
36, 59, 23
36, 62, 32
36, 65, 9
36, 65, 55
36, 79, 3
36, 88, 16
36, 89, 27
36, 93, 46
36, 95, 32
36, 96, 15
36, 96, 16
36, 97, 20
36, 97, 30
36, 98, 47
36, 99, 18
36, 101, 11
37, 4, 56
37, 5, 26
37, 6, 50
37, 9, 17
37, 13, 39
37, 14, 21
37, 17, 41
37, 22, 39
37, 27, 2
37, 27, 53
37, 29, 27
37, 30, 22
37, 31, 21
37, 31, 29
37, 32, 7
37, 32, 52
37, 33, 16
37, 37, 5
37, 37, 24
37, 39, 38
37, 46, 16
37, 46, 27
37, 51, 15
37, 56, 56
37, 58, 36
37, 59, 44
37, 59, 54
37, 61, 21
37, 61, 23
37, 64, 29
37, 67, 43
37, 68, 14
37, 69, 57
37, 72, 24
37, 79, 18
37, 81, 42
37, 86, 41
37, 87, 38
37, 88, 21
37, 88, 29
37, 90, 38
37, 93, 2
37, 93, 18
37, 96, 19
37, 98, 23
38, 2, 54
38, 5, 47
38, 6, 3
38, 12, 11
38, 13, 36
38, 14, 43
38, 17, 3
38, 18, 21
38, 19, 25
38, 19, 48
38, 21, 36
38, 22, 38
38, 24, 4
38, 28, 9
38, 29, 48
38, 30, 34
38, 30, 41
38, 33, 25
38, 35, 35
38, 37, 51
38, 48, 6
38, 48, 51
38, 54, 10
38, 54, 18
38, 54, 23
38, 57, 34
38, 59, 13
38, 59, 15
38, 59, 34
38, 60, 6
38, 63, 41
38, 71, 43
38, 72, 6
38, 75, 1
38, 75, 32
38, 76, 54
38, 78, 24
38, 80, 6
38, 80, 52
38, 82, 4
38, 87, 25
38, 91, 26
38, 91, 53
38, 94, 35
38, 101, 32
38, 101, 48
39, 1, 1
39, 1, 11
39, 1, 23
39, 1, 50
39, 5, 13
39, 5, 50
39, 11, 34
39, 11, 44
39, 12, 30
39, 14, 9
39, 14, 44
39, 27, 3
39, 28, 13
39, 29, 8
39, 29, 40
39, 33, 8
39, 35, 25
39, 35, 53
39, 40, 46
39, 43, 52
39, 44, 13
39, 44, 22
39, 44, 30
39, 45, 9
39, 47, 1
39, 53, 1
39, 58, 1
39, 59, 21
39, 59, 36
39, 63, 2
39, 65, 28
39, 66, 30
39, 69, 8
39, 69, 55
39, 70, 23
39, 76, 21
39, 76, 40
39, 77, 3
39, 80, 54
39, 82, 52
39, 83, 28
39, 85, 6
39, 86, 10
39, 86, 44
39, 90, 7
39, 90, 10
39, 92, 21
39, 95, 11
39, 95, 25
39, 97, 50
39, 98, 2
39, 98, 8
39, 98, 62
39, 100, 12
39, 100, 51
40, 2, 16
40, 6, 2
40, 6, 10
40, 9, 10
40, 13, 14
40, 17, 2
40, 18, 20
40, 25, 31
40, 28, 28
40, 37, 5
40, 38, 25
40, 40, 20
40, 40, 29
40, 41, 18
40, 44, 23
40, 50, 13
40, 57, 46
40, 67, 10
40, 69, 15
40, 72, 2
40, 77, 23
40, 79, 12
40, 80, 5
40, 81, 15
40, 87, 36
40, 88, 34
40, 92, 7
40, 93, 14
40, 94, 5
40, 94, 45
40, 95, 37
40, 95, 46
40, 95, 53
40, 96, 32
40, 97, 7
40, 97, 24
40, 97, 29
40, 100, 16
41, 1, 49
41, 2, 26
41, 7, 12
41, 7, 36
41, 8, 18
41, 8, 27
41, 9, 30
41, 10, 21
41, 14, 12
41, 14, 16
41, 14, 22
41, 15, 32
41, 15, 55
41, 16, 21
41, 23, 2
41, 23, 58
41, 23, 60
41, 24, 51
41, 29, 43
41, 30, 12
41, 32, 40
41, 32, 45
41, 33, 26
41, 35, 36
41, 37, 10
41, 38, 18
41, 43, 21
41, 44, 26
41, 49, 24
41, 50, 9
41, 51, 28
41, 51, 52
41, 52, 49
41, 54, 18
41, 55, 5
41, 58, 16
41, 59, 28
41, 59, 39
41, 62, 22
41, 68, 21
41, 68, 30
41, 68, 44
41, 69, 20
41, 69, 58
41, 70, 3
41, 71, 49
41, 72, 30
41, 72, 58
41, 73, 3
41, 74, 12
41, 75, 32
41, 76, 9
41, 76, 61
41, 77, 27
41, 78, 23
41, 81, 11
41, 82, 8
41, 82, 30
41, 86, 5
41, 89, 2
41, 90, 15
41, 92, 26
42, 1, 12
42, 3, 52
42, 4, 8
42, 4, 28
42, 4, 56
42, 7, 32
42, 8, 45
42, 12, 13
42, 12, 14
42, 14, 41
42, 20, 28
42, 25, 30
42, 26, 27
42, 28, 24
42, 29, 3
42, 29, 27
42, 34, 36
42, 35, 46
42, 41, 49
42, 47, 8
42, 54, 62
42, 55, 3
42, 55, 16
42, 55, 41
42, 60, 54
42, 62, 7
42, 62, 45
42, 66, 36
42, 66, 46
42, 69, 34
42, 72, 24
42, 74, 30
42, 77, 30
42, 83, 41
42, 87, 47
42, 89, 24
42, 89, 39
42, 92, 12
42, 92, 32
42, 97, 45
42, 100, 34
42, 101, 18
43, 4, 39
43, 8, 42
43, 14, 18
43, 14, 28
43, 16, 32
43, 18, 1
43, 19, 12
43, 20, 12
43, 20, 42
43, 24, 57
43, 31, 4
43, 32, 21
43, 33, 49
43, 35, 16
43, 35, 20
43, 36, 40
43, 36, 49
43, 37, 2
43, 37, 40
43, 41, 27
43, 44, 13
43, 45, 42
43, 48, 21
43, 50, 63
43, 52, 45
43, 57, 5
43, 57, 46
43, 58, 36
43, 59, 1
43, 59, 35
43, 67, 27
43, 67, 39
43, 69, 3
43, 69, 31
43, 73, 19
43, 74, 28
43, 74, 46
43, 74, 52
43, 77, 8
43, 79, 5
43, 79, 26
43, 81, 27
43, 83, 3
43, 85, 20
43, 86, 32
43, 86, 35
43, 86, 48
43, 87, 42
43, 88, 14
43, 88, 52
43, 90, 18
43, 90, 49
43, 91, 5
43, 91, 20
43, 100, 21
43, 100, 26
43, 100, 37
44, 1, 47
44, 5, 18
44, 8, 20
44, 9, 33
44, 10, 28
44, 14, 10
44, 19, 5
44, 19, 19
44, 20, 35
44, 20, 55
44, 20, 59
44, 22, 40
44, 27, 23
44, 32, 11
44, 32, 21
44, 33, 21
44, 33, 39
44, 36, 29
44, 41, 44
44, 46, 4
44, 49, 28
44, 56, 33
44, 57, 16
44, 58, 23
44, 60, 25
44, 61, 33
44, 61, 55
44, 63, 7
44, 63, 29
44, 66, 25
44, 73, 40
44, 73, 52
44, 78, 46
44, 83, 18
44, 89, 11
44, 92, 10
44, 93, 33
44, 94, 44
44, 96, 30
44, 97, 9
44, 97, 56
44, 101, 47
45, 6, 46
45, 8, 12
45, 8, 49
45, 9, 32
45, 10, 18
45, 10, 37
45, 11, 14
45, 12, 52
45, 18, 25
45, 23, 42
45, 24, 27
45, 24, 46
45, 30, 10
45, 32, 22
45, 36, 39
45, 37, 8
45, 38, 45
45, 39, 5
45, 41, 21
45, 42, 12
45, 42, 41
45, 43, 34
45, 44, 20
45, 44, 57
45, 46, 17
45, 52, 2
45, 56, 36
45, 59, 4
45, 61, 34
45, 61, 37
45, 67, 10
45, 68, 2
45, 86, 41
45, 88, 26
45, 90, 41
45, 93, 25
45, 94, 34
45, 97, 23
45, 97, 45
45, 100, 20
46, 1, 10
46, 5, 14
46, 7, 12
46, 11, 42
46, 14, 6
46, 14, 35
46, 14, 42
46, 16, 9
46, 16, 32
46, 17, 34
46, 19, 40
46, 21, 39
46, 23, 14
46, 24, 12
46, 25, 18
46, 25, 23
46, 30, 6
46, 30, 45
46, 32, 58
46, 33, 45
46, 34, 50
46, 39, 6
46, 40, 26
46, 44, 28
46, 47, 28
46, 48, 10
46, 48, 48
46, 50, 23
46, 51, 47
46, 52, 30
46, 53, 16
46, 57, 21
46, 61, 23
46, 62, 18
46, 63, 26
46, 63, 48
46, 64, 12
46, 64, 50
46, 70, 12
46, 72, 10
46, 72, 42
46, 73, 45
46, 74, 13
46, 74, 39
46, 75, 34
46, 79, 44
46, 81, 35
46, 82, 26
46, 85, 43
46, 87, 49
46, 92, 32
46, 97, 42
46, 101, 14
47, 1, 54
47, 2, 23
47, 3, 8
47, 3, 45
47, 5, 51
47, 8, 44
47, 8, 53
47, 10, 15
47, 11, 48
47, 13, 34
47, 14, 9
47, 16, 21
47, 17, 17
47, 19, 29
47, 19, 34
47, 19, 36
47, 22, 52
47, 23, 1
47, 27, 12
47, 27, 19
47, 29, 11
47, 30, 13
47, 32, 16
47, 32, 52
47, 42, 34
47, 48, 6
47, 49, 18
47, 50, 13
47, 50, 44
47, 54, 54
47, 56, 26
47, 60, 23
47, 65, 44
47, 67, 21
47, 74, 20
47, 75, 28
47, 77, 52
47, 78, 48
47, 85, 16
47, 85, 58
47, 86, 36
47, 90, 52
47, 91, 29
47, 94, 51
47, 96, 54
47, 97, 16
47, 98, 1
47, 98, 35
47, 99, 26
48, 4, 4
48, 6, 34
48, 9, 44
48, 14, 31
48, 15, 19
48, 15, 47
48, 16, 9
48, 17, 42
48, 22, 12
48, 23, 39
48, 27, 30
48, 28, 50
48, 30, 36
48, 32, 36
48, 33, 34
48, 40, 41
48, 42, 34
48, 46, 48
48, 47, 22
48, 52, 41
48, 61, 12
48, 62, 37
48, 64, 1
48, 73, 6
48, 73, 33
48, 81, 12
48, 81, 19
48, 82, 4
48, 83, 13
48, 83, 36
48, 83, 40
48, 85, 50
48, 86, 25
48, 89, 38
48, 93, 42
48, 96, 43
48, 100, 16
48, 101, 39
48, 101, 60
49, 6, 46
49, 8, 13
49, 9, 27
49, 11, 5
49, 11, 7
49, 11, 42
49, 12, 18
49, 12, 28
49, 12, 35
49, 14, 43
49, 20, 6
49, 20, 13
49, 20, 52
49, 23, 50
49, 25, 16
49, 28, 49
49, 29, 3
49, 31, 37
49, 36, 10
49, 37, 34
49, 38, 21
49, 43, 21
49, 43, 54
49, 45, 39
49, 48, 5
49, 52, 43
49, 54, 28
49, 56, 17
49, 57, 13
49, 59, 26
49, 59, 38
49, 60, 28
49, 62, 43
49, 63, 7
49, 68, 25
49, 72, 52
49, 75, 39
49, 77, 4
49, 77, 27
49, 78, 52
49, 79, 5
49, 79, 37
49, 81, 50
49, 87, 33
49, 88, 43
49, 92, 16
49, 94, 3
49, 94, 31
49, 97, 26
49, 99, 15
49, 100, 46
50, 1, 3
50, 3, 12
50, 6, 7
50, 6, 53
50, 7, 9
50, 7, 18
50, 13, 40
50, 19, 24
50, 25, 30
50, 26, 39
50, 32, 3
50, 33, 8
50, 34, 1
50, 38, 13
50, 38, 21
50, 43, 32
50, 53, 1
50, 53, 10
50, 53, 47
50, 58, 39
50, 64, 6
50, 64, 14
50, 67, 30
50, 77, 30
50, 86, 8
50, 87, 8
50, 95, 23
50, 96, 9
50, 101, 39
51, 1, 4
51, 1, 23
51, 2, 16
51, 2, 38
51, 5, 41
51, 6, 13
51, 7, 42
51, 11, 12
51, 12, 9
51, 12, 33
51, 17, 1
51, 17, 7
51, 20, 50
51, 24, 11
51, 26, 42
51, 27, 28
51, 32, 11
51, 33, 17
51, 35, 4
51, 35, 27
51, 36, 54
51, 39, 48
51, 43, 35
51, 46, 12
51, 47, 28
51, 47, 47
51, 47, 57
51, 48, 15
51, 48, 23
51, 48, 53
51, 49, 47
51, 53, 5
51, 54, 31
51, 55, 15
51, 55, 19
51, 58, 10
51, 59, 50
51, 63, 5
51, 63, 45
51, 64, 13
51, 66, 35
51, 67, 42
51, 69, 16
51, 69, 49
51, 71, 55
51, 73, 8
51, 73, 50
51, 76, 8
51, 76, 50
51, 77, 11
51, 85, 15
51, 85, 33
51, 88, 4
51, 89, 19
51, 89, 53
51, 92, 52
51, 95, 17
52, 1, 34
52, 2, 38
52, 4, 19
52, 6, 41
52, 7, 26
52, 7, 58
52, 14, 4
52, 14, 33
52, 20, 42
52, 24, 27
52, 35, 37
52, 38, 10
52, 41, 38
52, 41, 53
52, 47, 26
52, 47, 34
52, 49, 18
52, 49, 46
52, 50, 14
52, 53, 44
52, 55, 34
52, 57, 25
52, 60, 16
52, 63, 44
52, 64, 10
52, 67, 38
52, 67, 46
52, 70, 6
52, 71, 41
52, 75, 19
52, 83, 20
52, 83, 41
52, 84, 35
52, 88, 58
52, 89, 5
52, 89, 21
52, 90, 10
52, 91, 5
52, 91, 42
52, 94, 15
52, 96, 26
53, 2, 32
53, 2, 49
53, 4, 41
53, 5, 51
53, 7, 35
53, 10, 3
53, 12, 15
53, 13, 29
53, 18, 15
53, 20, 13
53, 21, 23
53, 22, 48
53, 24, 6
53, 24, 18
53, 24, 51
53, 25, 2
53, 25, 18
53, 27, 3
53, 27, 20
53, 27, 46
53, 28, 13
53, 29, 23
53, 31, 34
53, 33, 28
53, 34, 13
53, 36, 5
53, 39, 41
53, 41, 8
53, 42, 33
53, 45, 2
53, 45, 30
53, 50, 8
53, 50, 53
53, 54, 12
53, 59, 28
53, 62, 14
53, 72, 58
53, 75, 56
53, 77, 35
53, 78, 20
53, 80, 15
53, 81, 48
53, 82, 51
53, 84, 15
53, 85, 2
53, 85, 43
53, 89, 23
53, 93, 29
53, 93, 46
53, 96, 15
53, 98, 6
53, 100, 14
54, 1, 18
54, 2, 8
54, 2, 57
54, 3, 13
54, 6, 54
54, 7, 25
54, 15, 3
54, 16, 52
54, 18, 42
54, 22, 1
54, 26, 19
54, 26, 34
54, 27, 10
54, 27, 15
54, 27, 51
54, 36, 34
54, 37, 1
54, 40, 8
54, 41, 20
54, 53, 36
54, 53, 46
54, 55, 30
54, 55, 38
54, 73, 25
54, 74, 3
54, 80, 8
54, 81, 36
54, 82, 13
54, 85, 48
54, 91, 10
54, 91, 54
54, 92, 43
54, 95, 52
54, 96, 1
55, 4, 18
55, 5, 44
55, 6, 28
55, 7, 20
55, 10, 13
55, 12, 31
55, 14, 35
55, 16, 16
55, 16, 62
55, 17, 9
55, 17, 45
55, 19, 60
55, 24, 41
55, 26, 5
55, 26, 24
55, 30, 22
55, 30, 36
55, 35, 11
55, 37, 30
55, 39, 16
55, 44, 25
55, 45, 42
55, 45, 53
55, 46, 3
55, 46, 20
55, 46, 58
55, 49, 32
55, 52, 8
55, 54, 9
55, 54, 18
55, 55, 40
55, 55, 45
55, 63, 17
55, 64, 44
55, 72, 30
55, 73, 19
55, 77, 3
55, 81, 42
55, 84, 16
55, 84, 28
55, 84, 29
55, 84, 58
55, 88, 36
55, 90, 36
55, 92, 40
55, 93, 20
55, 94, 3
55, 94, 22
55, 96, 30
55, 98, 11
56, 4, 29
56, 4, 34
56, 7, 35
56, 8, 43
56, 20, 9
56, 20, 24
56, 23, 7
56, 27, 34
56, 30, 28
56, 32, 46
56, 47, 5
56, 47, 41
56, 50, 41
56, 52, 28
56, 58, 20
56, 58, 54
56, 60, 8
56, 60, 55
56, 62, 39
56, 65, 1
56, 65, 48
56, 65, 51
56, 66, 25
56, 77, 48
56, 85, 37
56, 86, 3
56, 88, 44
56, 92, 29
56, 92, 32
56, 92, 35
56, 96, 46
57, 2, 35
57, 6, 7
57, 7, 11
57, 8, 42
57, 11, 50
57, 11, 52
57, 14, 27
57, 15, 43
57, 15, 53
57, 18, 37
57, 20, 23
57, 21, 20
57, 22, 33
57, 30, 31
57, 34, 13
57, 34, 39
57, 34, 42
57, 36, 2
57, 36, 38
57, 36, 48
57, 37, 14
57, 40, 24
57, 41, 26
57, 41, 49
57, 42, 31
57, 43, 34
57, 44, 32
57, 46, 13
57, 47, 24
57, 47, 38
57, 48, 9
57, 48, 37
57, 51, 10
57, 51, 60
57, 54, 28
57, 55, 57
57, 58, 41
57, 59, 1
57, 64, 33
57, 68, 49
57, 74, 44
57, 75, 12
57, 76, 35
57, 77, 52
57, 78, 33
57, 79, 35
57, 79, 39
57, 80, 7
57, 80, 17
57, 80, 40
57, 84, 42
57, 86, 37
57, 87, 45
57, 88, 11
57, 94, 20
57, 94, 22
57, 96, 41
57, 100, 27
57, 101, 21
58, 1, 42
58, 7, 21
58, 8, 25
58, 9, 48
58, 12, 47
58, 13, 3
58, 14, 15
58, 15, 9
58, 16, 10
58, 20, 32
58, 23, 6
58, 23, 11
58, 23, 44
58, 23, 47
58, 30, 16
58, 30, 26
58, 32, 44
58, 34, 20
58, 35, 11
58, 35, 44
58, 41, 10
58, 41, 53
58, 43, 4
58, 44, 47
58, 45, 27
58, 46, 24
58, 47, 6
58, 47, 9
58, 47, 54
58, 55, 5
58, 55, 30
58, 57, 16
58, 58, 10
58, 58, 52
58, 60, 48
58, 63, 19
58, 69, 45
58, 70, 22
58, 73, 45
58, 78, 32
58, 80, 4
58, 83, 24
58, 86, 6
58, 88, 15
58, 89, 45
58, 90, 3
58, 90, 10
58, 91, 20
58, 94, 15
58, 94, 25
58, 99, 3
58, 101, 48
59, 1, 35
59, 10, 26
59, 10, 32
59, 11, 22
59, 11, 40
59, 15, 31
59, 17, 9
59, 20, 32
59, 22, 42
59, 27, 38
59, 28, 6
59, 28, 35
59, 29, 41
59, 30, 1
59, 30, 29
59, 37, 33
59, 37, 39
59, 40, 1
59, 42, 7
59, 43, 32
59, 43, 48
59, 48, 43
59, 54, 20
59, 60, 10
59, 61, 43
59, 66, 24
59, 68, 14
59, 71, 6
59, 71, 34
59, 71, 57
59, 73, 9
59, 73, 47
59, 76, 61
59, 78, 20
59, 78, 43
59, 78, 48
59, 80, 41
59, 82, 22
59, 82, 31
59, 83, 17
59, 84, 35
59, 86, 12
59, 86, 57
59, 87, 10
59, 90, 32
59, 90, 38
59, 92, 39
59, 97, 5
59, 98, 1
60, 3, 23
60, 4, 12
60, 6, 4
60, 6, 39
60, 9, 55
60, 10, 11
60, 11, 2
60, 11, 54
60, 15, 46
60, 17, 1
60, 17, 20
60, 19, 30
60, 20, 6
60, 20, 27
60, 20, 50
60, 22, 12
60, 22, 35
60, 31, 51
60, 34, 17
60, 35, 33
60, 36, 21
60, 39, 46
60, 46, 16
60, 54, 45
60, 57, 9
60, 58, 30
60, 58, 46
60, 59, 34
60, 61, 35
60, 65, 9
60, 65, 49
60, 65, 55
60, 67, 41
60, 68, 32
60, 72, 36
60, 73, 49
60, 74, 4
60, 74, 6
60, 74, 54
60, 76, 23
60, 76, 55
60, 78, 11
60, 79, 35
60, 82, 46
60, 87, 21
60, 89, 5
60, 90, 27
60, 99, 38
60, 100, 16
61, 2, 10
61, 6, 3
61, 8, 10
61, 8, 35
61, 12, 30
61, 13, 36
61, 14, 38
61, 15, 7
61, 15, 13
61, 15, 15
61, 15, 27
61, 16, 36
61, 17, 50
61, 21, 44
61, 24, 7
61, 25, 3
61, 27, 50
61, 31, 8
61, 31, 25
61, 34, 3
61, 34, 22
61, 34, 42
61, 35, 5
61, 36, 18
61, 38, 50
61, 39, 10
61, 41, 23
61, 43, 5
61, 43, 45
61, 43, 51
61, 45, 50
61, 48, 9
61, 50, 8
61, 53, 15
61, 54, 34
61, 55, 25
61, 55, 38
61, 56, 23
61, 58, 3
61, 58, 32
61, 58, 45
61, 62, 12
61, 69, 32
61, 74, 18
61, 78, 15
61, 80, 18
61, 84, 23
61, 84, 50
61, 88, 27
61, 92, 7
61, 92, 13
61, 92, 40
61, 95, 8
61, 101, 38
61, 101, 45
62, 2, 31
62, 7, 16
62, 8, 23
62, 8, 28
62, 12, 41
62, 14, 48
62, 15, 7
62, 15, 52
62, 18, 37
62, 25, 11
62, 29, 22
62, 34, 8
62, 34, 48
62, 37, 1
62, 37, 30
62, 46, 13
62, 46, 25
62, 48, 4
62, 50, 27
62, 54, 36
62, 57, 5
62, 57, 30
62, 58, 2
62, 58, 36
62, 59, 5
62, 60, 22
62, 65, 22
62, 66, 60
62, 68, 28
62, 75, 36
62, 81, 17
62, 83, 26
62, 83, 43
62, 89, 23
62, 98, 44
62, 99, 7
62, 99, 41
63, 3, 23
63, 4, 36
63, 5, 19
63, 5, 32
63, 6, 53
63, 8, 36
63, 12, 29
63, 14, 14
63, 21, 25
63, 21, 42
63, 23, 44
63, 27, 41
63, 30, 31
63, 31, 30
63, 31, 55
63, 32, 21
63, 41, 24
63, 42, 48
63, 43, 5
63, 43, 10
63, 43, 16
63, 46, 24
63, 46, 55
63, 47, 43
63, 47, 57
63, 48, 10
63, 49, 27
63, 50, 34
63, 51, 12
63, 51, 14
63, 52, 2
63, 59, 26
63, 65, 21
63, 66, 25
63, 67, 47
63, 72, 10
63, 73, 23
63, 80, 41
63, 82, 53
63, 83, 21
63, 86, 31
63, 89, 25
63, 91, 24
63, 92, 50
63, 93, 10
63, 93, 19
63, 97, 19
63, 97, 46
63, 99, 5
63, 100, 24
64, 2, 49
64, 3, 4
64, 3, 12
64, 5, 1
64, 5, 2
64, 5, 24
64, 8, 3
64, 8, 7
64, 8, 33
64, 22, 50
64, 23, 14
64, 24, 29
64, 29, 40
64, 30, 20
64, 31, 16
64, 32, 52
64, 40, 50
64, 42, 20
64, 44, 5
64, 45, 7
64, 46, 36
64, 46, 52
64, 49, 17
64, 50, 11
64, 50, 24
64, 51, 2
64, 51, 5
64, 56, 35
64, 58, 10
64, 60, 10
64, 61, 4
64, 62, 15
64, 63, 44
64, 64, 11
64, 65, 30
64, 68, 8
64, 68, 24
64, 69, 45
64, 70, 15
64, 73, 28
64, 77, 51
64, 78, 11
64, 79, 4
64, 79, 26
64, 82, 16
64, 83, 36
64, 86, 40
64, 88, 39
64, 88, 50
64, 90, 33
64, 91, 22
64, 93, 24
64, 94, 1
64, 97, 31
64, 100, 20
65, 1, 35
65, 2, 31
65, 4, 48
65, 12, 3
65, 14, 42
65, 14, 57
65, 17, 26
65, 17, 28
65, 20, 29
65, 26, 28
65, 32, 29
65, 35, 16
65, 35, 36
65, 37, 28
65, 38, 18
65, 38, 22
65, 38, 38
65, 38, 43
65, 41, 24
65, 41, 46
65, 44, 42
65, 46, 2
65, 50, 4
65, 51, 47
65, 54, 41
65, 55, 40
65, 56, 54
65, 58, 38
65, 61, 8
65, 69, 43
65, 70, 22
65, 70, 35
65, 73, 16
65, 73, 40
65, 75, 31
65, 78, 3
65, 78, 18
65, 81, 9
65, 81, 29
65, 83, 57
65, 91, 26
65, 92, 11
65, 92, 42
65, 94, 16
65, 95, 24
65, 96, 52
65, 100, 28
66, 3, 45
66, 5, 49
66, 6, 31
66, 7, 7
66, 12, 10
66, 12, 60
66, 15, 48
66, 16, 37
66, 17, 44
66, 21, 20
66, 22, 5
66, 22, 47
66, 23, 7
66, 23, 22
66, 26, 46
66, 27, 55
66, 30, 10
66, 30, 34
66, 35, 43
66, 46, 37
66, 50, 9
66, 52, 22
66, 56, 28
66, 60, 29
66, 62, 23
66, 65, 21
66, 65, 31
66, 65, 44
66, 66, 7
66, 68, 5
66, 72, 14
66, 78, 16
66, 81, 47
66, 83, 41
66, 85, 7
66, 86, 45
66, 88, 22
66, 89, 32
66, 94, 32
66, 98, 9
66, 99, 30
66, 99, 48
67, 1, 10
67, 4, 9
67, 7, 22
67, 10, 3
67, 11, 40
67, 11, 49
67, 13, 32
67, 17, 38
67, 20, 33
67, 21, 20
67, 21, 28
67, 24, 17
67, 25, 2
67, 27, 14
67, 32, 21
67, 32, 31
67, 33, 44
67, 36, 51
67, 37, 43
67, 39, 2
67, 42, 21
67, 44, 22
67, 44, 51
67, 51, 10
67, 52, 38
67, 54, 63
67, 59, 20
67, 62, 20
67, 66, 13
67, 67, 12
67, 67, 35
67, 68, 9
67, 70, 25
67, 70, 34
67, 71, 38
67, 72, 34
67, 74, 52
67, 77, 24
67, 84, 38
67, 84, 44
67, 91, 43
67, 92, 5
67, 92, 43
67, 92, 51
67, 93, 14
67, 93, 43
67, 94, 39
67, 99, 17
67, 99, 38
68, 5, 38
68, 6, 18
68, 7, 41
68, 8, 50
68, 9, 40
68, 12, 17
68, 14, 9
68, 15, 40
68, 19, 1
68, 19, 52
68, 20, 18
68, 23, 20
68, 23, 42
68, 29, 28
68, 30, 8
68, 35, 18
68, 35, 34
68, 38, 16
68, 38, 53
68, 41, 36
68, 42, 23
68, 42, 32
68, 43, 40
68, 46, 21
68, 50, 17
68, 50, 43
68, 51, 26
68, 55, 5
68, 55, 46
68, 63, 35
68, 66, 13
68, 68, 28
68, 71, 26
68, 73, 20
68, 76, 20
68, 77, 41
68, 82, 16
68, 82, 26
68, 83, 38
68, 87, 18
68, 88, 14
68, 88, 41
68, 91, 29
68, 92, 13
68, 97, 25
68, 97, 34
68, 97, 42
68, 101, 61
69, 3, 31
69, 5, 4
69, 5, 19
69, 6, 21
69, 6, 47
69, 7, 35
69, 10, 30
69, 23, 22
69, 26, 25
69, 27, 27
69, 28, 18
69, 34, 47
69, 35, 56
69, 37, 8
69, 41, 6
69, 41, 57
69, 42, 31
69, 44, 28
69, 52, 3
69, 56, 48
69, 58, 47
69, 61, 28
69, 65, 51
69, 71, 40
69, 72, 4
69, 76, 6
69, 78, 18
69, 84, 54
69, 93, 35
69, 94, 22
69, 96, 56
69, 97, 3
69, 100, 7
69, 100, 25
69, 100, 39
70, 1, 16
70, 1, 28
70, 2, 23
70, 2, 48
70, 4, 22
70, 13, 4
70, 15, 19
70, 19, 4
70, 20, 32
70, 31, 48
70, 32, 2
70, 33, 27
70, 39, 3
70, 39, 25
70, 39, 42
70, 40, 34
70, 40, 46
70, 48, 18
70, 49, 10
70, 50, 7
70, 50, 45
70, 54, 19
70, 55, 2
70, 55, 48
70, 57, 23
70, 57, 38
70, 60, 16
70, 63, 10
70, 65, 6
70, 67, 39
70, 67, 44
70, 70, 8
70, 74, 7
70, 75, 5
70, 76, 46
70, 82, 52
70, 86, 25
70, 94, 39
70, 95, 19
70, 95, 27
70, 101, 33
71, 2, 49
71, 3, 2
71, 3, 47
71, 5, 12
71, 5, 42
71, 7, 30
71, 8, 30
71, 9, 44
71, 10, 7
71, 13, 2
71, 15, 3
71, 17, 19
71, 19, 40
71, 22, 21
71, 23, 11
71, 24, 25
71, 25, 21
71, 29, 48
71, 30, 22
71, 35, 29
71, 36, 62
71, 43, 26
71, 43, 39
71, 46, 44
71, 52, 9
71, 52, 13
71, 55, 19
71, 56, 18
71, 61, 41
71, 62, 2
71, 62, 42
71, 65, 16
71, 65, 55
71, 67, 29
71, 67, 53
71, 68, 52
71, 70, 1
71, 70, 23
71, 73, 19
71, 74, 3
71, 74, 11
71, 77, 48
71, 79, 39
71, 84, 12
71, 85, 5
71, 86, 3
71, 87, 40
71, 88, 13
71, 91, 30
71, 92, 3
71, 92, 7
71, 94, 29
71, 96, 5
71, 100, 42
72, 4, 12
72, 6, 23
72, 10, 30
72, 11, 38
72, 12, 20
72, 16, 21
72, 18, 24
72, 20, 28
72, 21, 33
72, 34, 47
72, 35, 16
72, 42, 24
72, 45, 43
72, 46, 32
72, 55, 51
72, 56, 26
72, 57, 31
72, 59, 12
72, 61, 25
72, 62, 14
72, 65, 38
72, 65, 48
72, 68, 12
72, 68, 37
72, 69, 30
72, 70, 41
72, 72, 47
72, 80, 54
72, 83, 36
72, 90, 55
72, 91, 6
72, 91, 53
72, 92, 16
72, 92, 53
72, 95, 28
72, 96, 20
72, 99, 38
73, 4, 34
73, 5, 22
73, 6, 50
73, 9, 37
73, 12, 39
73, 16, 48
73, 17, 49
73, 21, 13
73, 22, 16
73, 22, 39
73, 25, 15
73, 31, 16
73, 33, 21
73, 35, 30
73, 40, 20
73, 41, 24
73, 41, 38
73, 42, 23
73, 42, 43
73, 44, 31
73, 45, 22
73, 48, 3
73, 48, 8
73, 49, 41
73, 50, 44
73, 54, 21
73, 54, 35
73, 55, 5
73, 56, 46
73, 56, 49
73, 60, 25
73, 63, 8
73, 63, 41
73, 63, 45
73, 65, 22
73, 66, 12
73, 66, 34
73, 67, 50
73, 77, 12
73, 77, 39
73, 78, 27
73, 78, 29
73, 78, 41
73, 78, 50
73, 79, 25
73, 80, 15
73, 81, 21
73, 81, 41
73, 81, 56
73, 82, 49
73, 86, 26
73, 87, 47
73, 90, 30
73, 92, 4
73, 92, 43
73, 101, 16
74, 3, 7
74, 3, 48
74, 11, 44
74, 12, 9
74, 13, 8
74, 13, 43
74, 14, 11
74, 14, 53
74, 19, 15
74, 20, 28
74, 22, 25
74, 23, 44
74, 29, 49
74, 32, 9
74, 33, 16
74, 34, 8
74, 35, 40
74, 38, 14
74, 41, 53
74, 45, 32
74, 47, 35
74, 53, 23
74, 54, 42
74, 54, 43
74, 59, 30
74, 61, 28
74, 67, 13
74, 69, 7
74, 70, 49
74, 76, 54
74, 77, 35
74, 84, 8
74, 87, 4
74, 89, 1
74, 89, 5
74, 93, 14
74, 94, 40
74, 96, 11
74, 97, 46
75, 3, 39
75, 5, 26
75, 5, 37
75, 6, 48
75, 9, 5
75, 12, 30
75, 12, 52
75, 14, 13
75, 19, 43
75, 20, 29
75, 25, 32
75, 25, 54
75, 29, 6
75, 29, 23
75, 30, 2
75, 32, 32
75, 35, 25
75, 35, 47
75, 43, 21
75, 43, 34
75, 48, 37
75, 49, 12
75, 50, 18
75, 52, 53
75, 53, 47
75, 54, 19
75, 56, 11
75, 57, 9
75, 60, 48
75, 62, 43
75, 63, 52
75, 65, 27
75, 67, 57
75, 68, 18
75, 70, 9
75, 70, 43
75, 71, 17
75, 71, 32
75, 75, 41
75, 76, 5
75, 77, 6
75, 77, 10
75, 81, 5
75, 83, 47
75, 85, 6
75, 85, 54
75, 87, 45
75, 89, 38
75, 93, 6
75, 96, 17
75, 97, 7
75, 97, 48
75, 100, 35
76, 4, 27
76, 4, 30
76, 7, 1
76, 9, 32
76, 9, 35
76, 11, 20
76, 14, 5
76, 15, 16
76, 15, 27
76, 16, 17
76, 16, 53
76, 16, 55
76, 20, 40
76, 25, 31
76, 27, 29
76, 27, 51
76, 30, 1
76, 30, 49
76, 36, 19
76, 39, 31
76, 39, 50
76, 43, 26
76, 46, 51
76, 53, 28
76, 57, 16
76, 60, 37
76, 63, 15
76, 65, 5
76, 65, 33
76, 69, 36
76, 70, 11
76, 71, 28
76, 78, 30
76, 78, 37
76, 79, 27
76, 81, 3
76, 81, 27
76, 81, 60
76, 83, 3
76, 83, 17
76, 86, 42
76, 89, 40
76, 90, 15
76, 93, 28
76, 100, 31
76, 100, 51
77, 1, 20
77, 5, 47
77, 6, 24
77, 7, 22
77, 7, 31
77, 10, 24
77, 14, 4
77, 15, 36
77, 16, 3
77, 20, 23
77, 21, 6
77, 21, 42
77, 22, 59
77, 23, 6
77, 26, 18
77, 29, 38
77, 32, 18
77, 35, 16
77, 35, 28
77, 39, 18
77, 42, 20
77, 45, 55
77, 47, 33
77, 47, 43
77, 50, 7
77, 50, 25
77, 59, 8
77, 73, 4
77, 74, 20
77, 77, 3
77, 81, 18
77, 85, 25
77, 88, 2
77, 88, 36
77, 89, 17
77, 90, 42
77, 93, 11
77, 93, 21
77, 98, 44
77, 99, 22
77, 100, 11
77, 100, 33
78, 1, 13
78, 1, 27
78, 8, 29
78, 9, 1
78, 9, 45
78, 12, 47
78, 12, 49
78, 13, 34
78, 21, 28
78, 27, 17
78, 27, 26
78, 39, 15
78, 41, 41
78, 42, 13
78, 46, 5
78, 47, 17
78, 55, 31
78, 57, 7
78, 57, 27
78, 58, 23
78, 58, 39
78, 68, 29
78, 74, 9
78, 78, 16
78, 81, 41
78, 83, 37
78, 84, 23
78, 84, 31
78, 85, 49
78, 86, 45
78, 86, 47
78, 91, 17
78, 94, 28
78, 100, 36
79, 2, 21
79, 2, 41
79, 2, 45
79, 4, 23
79, 4, 57
79, 5, 28
79, 7, 37
79, 9, 11
79, 11, 25
79, 11, 34
79, 12, 16
79, 17, 42
79, 18, 21
79, 25, 23
79, 26, 40
79, 27, 41
79, 27, 45
79, 34, 54
79, 35, 36
79, 38, 21
79, 40, 13
79, 41, 6
79, 41, 40
79, 42, 44
79, 45, 9
79, 45, 54
79, 47, 3
79, 53, 23
79, 53, 41
79, 58, 8
79, 58, 45
79, 61, 1
79, 63, 10
79, 67, 57
79, 69, 45
79, 73, 34
79, 76, 42
79, 77, 15
79, 78, 7
79, 78, 8
79, 79, 31
79, 79, 37
79, 80, 4
79, 82, 44
79, 95, 53
79, 97, 4
79, 97, 11
79, 98, 22
79, 98, 25
79, 98, 45
79, 100, 4
79, 101, 31
80, 1, 40
80, 2, 3
80, 2, 47
80, 5, 8
80, 5, 51
80, 9, 18
80, 15, 43
80, 16, 34
80, 16, 54
80, 16, 55
80, 19, 18
80, 22, 52
80, 23, 5
80, 25, 32
80, 27, 27
80, 31, 42
80, 32, 6
80, 32, 37
80, 33, 16
80, 34, 2
80, 34, 54
80, 36, 21
80, 38, 32
80, 39, 43
80, 42, 4
80, 42, 55
80, 43, 34
80, 44, 23
80, 45, 49
80, 46, 25
80, 49, 20
80, 50, 45
80, 52, 30
80, 56, 45
80, 57, 54
80, 60, 4
80, 60, 30
80, 61, 17
80, 61, 41
80, 62, 34
80, 66, 37
80, 67, 35
80, 70, 37
80, 72, 34
80, 75, 11
80, 79, 22
80, 81, 27
80, 83, 46
80, 85, 42
80, 89, 13
80, 89, 54
80, 95, 2
80, 95, 7
80, 95, 27
80, 97, 52
80, 99, 13
80, 99, 47
80, 101, 43
81, 1, 18
81, 1, 28
81, 4, 13
81, 4, 36
81, 5, 51
81, 7, 54
81, 9, 45
81, 12, 26
81, 13, 10
81, 16, 51
81, 20, 56
81, 22, 17
81, 26, 19
81, 26, 32
81, 28, 35
81, 32, 10
81, 37, 8
81, 38, 40
81, 41, 5
81, 41, 25
81, 43, 21
81, 45, 34
81, 46, 13
81, 49, 41
81, 55, 34
81, 55, 45
81, 61, 17
81, 61, 32
81, 62, 20
81, 65, 11
81, 73, 4
81, 76, 19
81, 76, 28
81, 78, 24
81, 79, 3
81, 79, 9
81, 83, 13
81, 88, 50
81, 89, 26
81, 90, 38
81, 96, 24
82, 3, 9
82, 4, 32
82, 5, 2
82, 10, 52
82, 11, 8
82, 12, 15
82, 16, 21
82, 18, 3
82, 18, 42
82, 29, 24
82, 31, 33
82, 33, 45
82, 34, 24
82, 36, 20
82, 37, 13
82, 37, 49
82, 39, 28
82, 39, 39
82, 47, 46
82, 48, 3
82, 48, 36
82, 49, 27
82, 53, 23
82, 59, 21
82, 62, 7
82, 62, 37
82, 64, 29
82, 66, 28
82, 72, 2
82, 72, 21
82, 74, 1
82, 74, 20
82, 75, 14
82, 77, 3
82, 83, 32
82, 87, 9
82, 87, 59
82, 88, 4
82, 89, 49
82, 90, 12
82, 95, 20
82, 96, 24
82, 97, 42
83, 1, 8
83, 3, 37
83, 8, 11
83, 14, 40
83, 16, 41
83, 17, 30
83, 21, 50
83, 22, 14
83, 24, 28
83, 24, 39
83, 26, 39
83, 26, 53
83, 28, 57
83, 33, 16
83, 35, 25
83, 35, 47
83, 38, 48
83, 42, 26
83, 43, 6
83, 45, 43
83, 50, 7
83, 53, 7
83, 53, 43
83, 55, 5
83, 56, 28
83, 61, 21
83, 62, 37
83, 63, 31
83, 64, 13
83, 66, 21
83, 67, 7
83, 68, 30
83, 69, 14
83, 69, 20
83, 69, 34
83, 69, 45
83, 70, 13
83, 78, 34
83, 80, 11
83, 80, 13
83, 81, 18
83, 85, 26
83, 88, 17
83, 88, 40
83, 90, 25
83, 92, 39
83, 93, 50
83, 94, 39
83, 94, 43
83, 96, 37
83, 99, 47
84, 4, 14
84, 4, 30
84, 7, 46
84, 11, 28
84, 12, 7
84, 12, 44
84, 13, 31
84, 14, 23
84, 17, 20
84, 18, 27
84, 19, 4
84, 20, 6
84, 20, 16
84, 21, 23
84, 22, 7
84, 24, 9
84, 26, 12
84, 26, 50
84, 28, 57
84, 29, 45
84, 30, 38
84, 31, 20
84, 35, 27
84, 36, 24
84, 36, 55
84, 38, 32
84, 38, 62
84, 39, 16
84, 39, 54
84, 43, 14
84, 46, 4
84, 46, 29
84, 46, 48
84, 49, 26
84, 50, 32
84, 51, 7
84, 51, 50
84, 52, 41
84, 53, 46
84, 58, 20
84, 58, 53
84, 61, 52
84, 66, 57
84, 67, 16
84, 71, 17
84, 71, 46
84, 73, 49
84, 76, 51
84, 84, 5
84, 86, 14
84, 88, 31
84, 88, 52
84, 90, 35
84, 90, 48
84, 91, 29
84, 93, 13
84, 96, 17
84, 96, 24
84, 97, 26
84, 99, 28
85, 1, 27
85, 4, 3
85, 4, 20
85, 7, 5
85, 7, 38
85, 9, 11
85, 10, 13
85, 10, 33
85, 11, 15
85, 19, 31
85, 19, 48
85, 24, 51
85, 28, 46
85, 31, 42
85, 33, 14
85, 36, 39
85, 37, 13
85, 46, 16
85, 50, 38
85, 51, 18
85, 51, 46
85, 54, 23
85, 64, 16
85, 64, 52
85, 66, 23
85, 69, 42
85, 79, 16
85, 85, 20
85, 85, 30
85, 88, 33
85, 92, 16
85, 92, 23
85, 93, 31
85, 94, 26
85, 94, 57
85, 95, 59
86, 4, 42
86, 5, 54
86, 6, 35
86, 7, 37
86, 12, 36
86, 15, 1
86, 19, 24
86, 25, 8
86, 25, 17
86, 29, 43
86, 30, 4
86, 30, 32
86, 33, 18
86, 34, 16
86, 43, 13
86, 43, 43
86, 46, 8
86, 51, 44
86, 54, 18
86, 55, 43
86, 56, 26
86, 57, 8
86, 57, 34
86, 59, 34
86, 63, 14
86, 65, 39
86, 66, 1
86, 70, 19
86, 70, 48
86, 71, 1
86, 71, 38
86, 74, 36
86, 75, 4
86, 80, 9
86, 88, 16
86, 88, 44
86, 89, 24
86, 92, 54
86, 100, 18
87, 2, 48
87, 3, 26
87, 4, 36
87, 5, 2
87, 6, 19
87, 11, 44
87, 11, 50
87, 16, 21
87, 16, 32
87, 17, 3
87, 20, 3
87, 21, 30
87, 23, 35
87, 25, 32
87, 28, 48
87, 29, 12
87, 30, 11
87, 30, 25
87, 32, 27
87, 34, 5
87, 35, 4
87, 35, 27
87, 35, 34
87, 39, 9
87, 40, 31
87, 41, 40
87, 42, 37
87, 43, 13
87, 46, 33
87, 47, 38
87, 54, 42
87, 55, 13
87, 55, 50
87, 58, 23
87, 59, 43
87, 62, 12
87, 62, 33
87, 67, 27
87, 69, 7
87, 70, 34
87, 70, 52
87, 72, 33
87, 72, 36
87, 73, 39
87, 73, 40
87, 76, 31
87, 85, 30
87, 89, 2
87, 91, 44
87, 94, 26
87, 94, 45
87, 95, 35
87, 96, 9
87, 96, 43
87, 97, 35
87, 98, 34
87, 100, 38
87, 100, 48
88, 7, 13
88, 7, 50
88, 12, 47
88, 14, 28
88, 14, 41
88, 15, 32
88, 21, 6
88, 23, 10
88, 23, 37
88, 25, 16
88, 25, 57
88, 26, 20
88, 31, 9
88, 38, 13
88, 40, 20
88, 40, 60
88, 42, 51
88, 51, 35
88, 55, 37
88, 60, 16
88, 67, 18
88, 70, 4
88, 70, 19
88, 71, 21
88, 72, 60
88, 78, 28
88, 78, 52
88, 80, 30
88, 81, 34
88, 82, 27
88, 89, 6
88, 96, 18
88, 99, 3
89, 2, 1
89, 3, 42
89, 5, 28
89, 11, 5
89, 12, 37
89, 15, 32
89, 16, 18
89, 17, 7
89, 18, 33
89, 19, 35
89, 19, 38
89, 21, 35
89, 22, 52
89, 28, 36
89, 31, 35
89, 32, 32
89, 34, 38
89, 36, 42
89, 38, 26
89, 39, 18
89, 39, 45
89, 46, 30
89, 49, 7
89, 50, 11
89, 51, 12
89, 52, 2
89, 52, 24
89, 53, 6
89, 55, 16
89, 59, 46
89, 61, 20
89, 63, 46
89, 66, 28
89, 70, 34
89, 70, 44
89, 71, 8
89, 76, 18
89, 79, 42
89, 81, 7
89, 83, 40
89, 84, 11
89, 86, 6
89, 87, 6
89, 88, 45
89, 91, 37
89, 92, 4
89, 93, 32
89, 94, 37
89, 97, 37
90, 3, 8
90, 7, 52
90, 10, 24
90, 12, 14
90, 12, 37
90, 12, 56
90, 14, 19
90, 14, 40
90, 15, 12
90, 16, 44
90, 16, 48
90, 16, 51
90, 19, 44
90, 27, 29
90, 28, 18
90, 30, 9
90, 30, 54
90, 33, 43
90, 35, 10
90, 35, 34
90, 37, 24
90, 40, 40
90, 41, 44
90, 45, 11
90, 46, 45
90, 48, 21
90, 55, 12
90, 56, 41
90, 57, 32
90, 57, 49
90, 58, 11
90, 59, 5
90, 62, 10
90, 67, 5
90, 68, 44
90, 69, 10
90, 71, 22
90, 72, 48
90, 73, 23
90, 74, 39
90, 78, 24
90, 78, 29
90, 80, 16
90, 80, 52
90, 83, 8
90, 83, 15
90, 83, 28
90, 84, 19
90, 85, 13
90, 86, 30
90, 86, 34
90, 89, 36
90, 94, 30
91, 2, 34
91, 5, 17
91, 8, 15
91, 8, 34
91, 12, 26
91, 12, 40
91, 14, 16
91, 14, 45
91, 17, 22
91, 18, 15
91, 20, 20
91, 21, 16
91, 23, 24
91, 25, 52
91, 28, 48
91, 32, 27
91, 34, 5
91, 35, 18
91, 36, 37
91, 36, 46
91, 41, 13
91, 41, 36
91, 43, 48
91, 48, 2
91, 48, 46
91, 49, 38
91, 50, 28
91, 55, 33
91, 59, 23
91, 59, 51
91, 62, 12
91, 63, 7
91, 63, 31
91, 64, 48
91, 66, 40
91, 67, 5
91, 67, 18
91, 71, 40
91, 74, 44
91, 79, 31
91, 80, 11
91, 81, 13
91, 84, 28
91, 86, 22
91, 86, 47
91, 86, 70
91, 88, 16
91, 89, 24
91, 90, 15
91, 90, 30
91, 92, 10
91, 95, 12
91, 98, 11
92, 1, 12
92, 1, 34
92, 5, 3
92, 8, 5
92, 12, 57
92, 14, 10
92, 15, 36
92, 15, 44
92, 17, 32
92, 20, 13
92, 20, 28
92, 24, 27
92, 28, 39
92, 33, 13
92, 38, 23
92, 42, 15
92, 46, 4
92, 48, 15
92, 57, 22
92, 57, 47
92, 66, 33
92, 66, 54
92, 67, 25
92, 68, 54
92, 71, 34
92, 78, 22
92, 78, 49
92, 79, 4
92, 80, 37
92, 86, 28
92, 89, 2
92, 90, 34
92, 91, 27
92, 95, 33
92, 96, 10
92, 96, 28
92, 97, 13
93, 1, 49
93, 3, 28
93, 3, 47
93, 4, 33
93, 6, 24
93, 9, 35
93, 10, 11
93, 12, 10
93, 12, 33
93, 12, 41
93, 13, 24
93, 14, 13
93, 14, 16
93, 17, 15
93, 17, 47
93, 22, 26
93, 24, 21
93, 25, 38
93, 26, 25
93, 27, 11
93, 29, 27
93, 29, 52
93, 31, 22
93, 32, 10
93, 35, 11
93, 35, 16
93, 35, 46
93, 36, 6
93, 38, 6
93, 39, 50
93, 41, 21
93, 43, 6
93, 44, 6
93, 46, 18
93, 48, 24
93, 48, 48
93, 51, 47
93, 52, 39
93, 53, 42
93, 55, 15
93, 62, 9
93, 67, 48
93, 68, 16
93, 68, 49
93, 71, 7
93, 71, 20
93, 73, 45
93, 74, 46
93, 76, 6
93, 79, 2
93, 82, 44
93, 82, 51
93, 83, 34
93, 94, 26
93, 95, 37
93, 96, 6
93, 96, 44
93, 99, 41
93, 100, 16
93, 100, 20
93, 100, 57
94, 1, 42
94, 2, 46
94, 6, 19
94, 6, 27
94, 9, 31
94, 10, 52
94, 11, 4
94, 13, 25
94, 16, 5
94, 18, 50
94, 19, 20
94, 21, 51
94, 23, 2
94, 23, 30
94, 24, 24
94, 30, 45
94, 33, 34
94, 34, 33
94, 38, 5
94, 38, 13
94, 51, 46
94, 53, 46
94, 56, 19
94, 56, 51
94, 57, 12
94, 57, 45
94, 60, 43
94, 62, 22
94, 64, 20
94, 73, 27
94, 77, 42
94, 83, 9
94, 83, 30
94, 87, 8
94, 90, 7
94, 96, 15
94, 97, 34
94, 98, 26
94, 99, 34
94, 100, 8
95, 2, 53
95, 3, 12
95, 8, 2
95, 9, 47
95, 19, 39
95, 20, 45
95, 21, 39
95, 21, 62
95, 23, 20
95, 23, 52
95, 24, 19
95, 25, 17
95, 26, 5
95, 30, 50
95, 31, 46
95, 33, 9
95, 33, 47
95, 34, 10
95, 34, 20
95, 35, 35
95, 37, 4
95, 38, 29
95, 40, 15
95, 41, 1
95, 41, 44
95, 44, 53
95, 45, 18
95, 46, 36
95, 49, 24
95, 53, 29
95, 54, 36
95, 54, 41
95, 55, 15
95, 57, 13
95, 58, 41
95, 60, 5
95, 60, 43
95, 60, 46
95, 61, 10
95, 61, 26
95, 61, 34
95, 63, 2
95, 64, 4
95, 68, 1
95, 68, 4
95, 68, 51
95, 72, 2
95, 76, 49
95, 78, 15
95, 85, 24
95, 85, 45
95, 87, 6
95, 89, 15
95, 89, 17
95, 91, 41
95, 95, 52
95, 96, 4
95, 98, 1
95, 98, 46
95, 100, 46
96, 4, 11
96, 5, 22
96, 6, 40
96, 19, 50
96, 20, 24
96, 22, 4
96, 22, 40
96, 27, 2
96, 28, 41
96, 34, 44
96, 36, 29
96, 36, 52
96, 38, 27
96, 43, 54
96, 45, 18
96, 45, 36
96, 46, 21
96, 49, 57
96, 50, 2
96, 56, 15
96, 57, 43
96, 57, 47
96, 58, 44
96, 61, 18
96, 62, 21
96, 63, 35
96, 63, 39
96, 69, 11
96, 71, 9
96, 77, 17
96, 92, 24
96, 95, 9
96, 97, 27
96, 99, 24
96, 100, 32
96, 100, 50
97, 7, 8
97, 12, 49
97, 19, 12
97, 20, 32
97, 21, 54
97, 22, 39
97, 25, 23
97, 25, 43
97, 29, 13
97, 39, 5
97, 46, 28
97, 50, 4
97, 55, 5
97, 60, 6
97, 60, 41
97, 62, 19
97, 75, 25
97, 77, 8
97, 79, 30
97, 81, 17
97, 83, 34
97, 84, 54
97, 86, 32
97, 87, 8
97, 90, 20
97, 95, 17
97, 95, 32
97, 97, 11
97, 97, 13
97, 98, 49
97, 101, 11
98, 2, 32
98, 3, 33
98, 5, 17
98, 8, 37
98, 8, 44
98, 12, 50
98, 20, 13
98, 22, 9
98, 23, 30
98, 23, 50
98, 25, 7
98, 26, 32
98, 28, 12
98, 28, 41
98, 29, 2
98, 29, 46
98, 30, 10
98, 30, 52
98, 34, 7
98, 34, 20
98, 35, 39
98, 46, 37
98, 47, 11
98, 53, 43
98, 54, 14
98, 57, 23
98, 63, 27
98, 64, 30
98, 65, 14
98, 69, 33
98, 72, 3
98, 72, 41
98, 73, 33
98, 79, 21
98, 79, 35
98, 82, 22
98, 83, 27
98, 84, 41
98, 84, 50
98, 85, 25
98, 87, 17
98, 92, 44
98, 97, 23
98, 98, 55
98, 99, 37
98, 100, 37
99, 3, 28
99, 3, 41
99, 5, 11
99, 6, 10
99, 6, 30
99, 8, 22
99, 9, 1
99, 9, 34
99, 21, 23
99, 22, 54
99, 24, 12
99, 26, 39
99, 35, 20
99, 37, 11
99, 40, 45
99, 42, 16
99, 44, 24
99, 46, 46
99, 49, 27
99, 50, 10
99, 50, 48
99, 52, 13
99, 53, 1
99, 54, 10
99, 60, 14
99, 62, 37
99, 63, 34
99, 66, 46
99, 67, 11
99, 70, 12
99, 70, 48
99, 76, 39
99, 77, 41
99, 80, 36
99, 82, 21
99, 82, 46
99, 84, 38
99, 86, 22
99, 89, 1
99, 93, 13
99, 97, 54
99, 99, 5
99, 101, 2
99, 101, 28
100, 1, 57
100, 2, 13
100, 2, 49
100, 5, 2
100, 8, 48
100, 9, 7
100, 12, 9
100, 13, 20
100, 13, 32
100, 17, 23
100, 17, 35
100, 20, 45
100, 23, 37
100, 24, 1
100, 24, 21
100, 25, 21
100, 28, 49
100, 29, 10
100, 30, 26
100, 34, 18
100, 35, 16
100, 40, 7
100, 42, 34
100, 43, 13
100, 43, 30
100, 43, 31
100, 46, 45
100, 48, 3
100, 48, 13
100, 52, 33
100, 55, 47
100, 56, 1
100, 57, 47
100, 58, 33
100, 59, 21
100, 62, 9
100, 62, 29
100, 65, 30
100, 66, 20
100, 68, 31
100, 69, 16
100, 69, 49
100, 70, 13
100, 70, 44
100, 71, 30
100, 73, 47
100, 78, 30
100, 79, 1
100, 79, 47
100, 83, 43
100, 83, 50
100, 84, 42
100, 87, 15
100, 89, 7
100, 96, 23
100, 98, 6
100, 100, 10
100, 100, 49
101, 2, 48
101, 5, 3
101, 6, 35
101, 7, 46
101, 8, 40
101, 8, 42
101, 10, 21
101, 10, 60
101, 14, 25
101, 17, 17
101, 19, 6
101, 25, 44
101, 28, 6
101, 32, 5
101, 32, 22
101, 33, 15
101, 39, 51
101, 41, 24
101, 42, 36
101, 46, 19
101, 49, 40
101, 56, 34
101, 57, 9
101, 57, 33
101, 59, 25
101, 63, 8
101, 64, 14
101, 68, 46
101, 72, 6
101, 75, 24
101, 77, 51
101, 79, 34
101, 80, 27
101, 90, 35
101, 90, 36
101, 90, 46
101, 92, 5
101, 93, 13
101, 93, 28
101, 93, 44
101, 94, 28
101, 96, 16
101, 96, 40
101, 98, 35
