1, 1, 6
1, 1, 31
1, 2, 9
1, 2, 13
1, 3, 34
1, 4, 18
1, 6, 22
1, 7, 26
1, 7, 46
1, 8, 30
1, 8, 42
1, 9, 1
1, 9, 53
1, 10, 15
1, 11, 29
1, 11, 45
1, 13, 26
1, 13, 33
1, 15, 13
1, 15, 41
1, 18, 51
1, 19, 30
1, 22, 36
1, 22, 38
1, 23, 21
1, 26, 2
1, 27, 35
1, 30, 21
1, 31, 3
1, 32, 10
1, 32, 49
1, 33, 13
1, 34, 16
1, 34, 18
1, 35, 17
1, 36, 2
1, 37, 23
1, 37, 37
1, 38, 33
1, 39, 35
1, 39, 37
1, 40, 46
1, 42, 11
1, 42, 48
1, 43, 7
1, 43, 25
1, 43, 40
1, 44, 11
1, 47, 15
1, 47, 40
1, 48, 38
1, 49, 53
1, 50, 23
1, 51, 25
1, 52, 32
1, 52, 38
1, 54, 47
1, 55, 10
1, 58, 18
1, 60, 44
1, 61, 26
1, 61, 27
1, 62, 16
1, 63, 48
1, 66, 15
1, 69, 16
1, 69, 25
1, 69, 29
1, 70, 45
1, 70, 49
1, 71, 17
1, 71, 41
1, 71, 48
1, 72, 27
1, 72, 32
1, 72, 54
1, 73, 4
1, 74, 48
1, 75, 20
1, 75, 24
1, 75, 32
1, 75, 36
1, 76, 8
1, 78, 11
1, 79, 39
1, 81, 6
1, 81, 18
1, 81, 21
1, 81, 32
1, 82, 4
1, 82, 28
1, 84, 35
1, 85, 50
1, 86, 6
1, 90, 48
1, 91, 44
1, 92, 23
1, 92, 29
1, 92, 31
1, 93, 15
1, 99, 11
1, 100, 4
1, 100, 12
1, 100, 34
2, 2, 21
2, 2, 51
2, 3, 26
2, 4, 15
2, 7, 3
2, 8, 39
2, 9, 16
2, 9, 18
2, 11, 38
2, 12, 14
2, 14, 18
2, 14, 23
2, 14, 39
2, 16, 13
2, 17, 49
2, 18, 2
2, 18, 51
2, 18, 56
2, 19, 32
2, 19, 34
2, 19, 45
2, 22, 43
2, 25, 22
2, 27, 8
2, 27, 46
2, 29, 7
2, 30, 6
2, 32, 1
2, 33, 10
2, 34, 45
2, 36, 3
2, 37, 22
2, 39, 5
2, 39, 13
2, 39, 47
2, 40, 32
2, 42, 1
2, 44, 30
2, 45, 37
2, 46, 25
2, 47, 17
2, 48, 8
2, 49, 1
2, 49, 39
2, 50, 5
2, 51, 29
2, 52, 24
2, 53, 9
2, 53, 36
2, 53, 41
2, 54, 36
2, 55, 26
2, 57, 40
2, 59, 39
2, 63, 25
2, 65, 2
2, 65, 51
2, 67, 7
2, 67, 52
2, 68, 13
2, 68, 20
2, 71, 4
2, 71, 23
2, 71, 50
2, 73, 48
2, 74, 47
2, 76, 10
2, 76, 43
2, 77, 1
2, 78, 20
2, 81, 13
2, 82, 9
2, 83, 20
2, 83, 49
2, 84, 13
2, 85, 12
2, 85, 34
2, 85, 41
2, 86, 18
2, 87, 22
2, 87, 37
2, 88, 26
2, 88, 54
2, 89, 50
2, 91, 23
2, 92, 5
2, 92, 41
2, 94, 27
2, 95, 9
2, 95, 12
2, 98, 2
2, 98, 36
2, 100, 15
2, 101, 29
3, 3, 48
3, 4, 11
3, 5, 8
3, 5, 23
3, 6, 4
3, 6, 38
3, 8, 21
3, 8, 33
3, 11, 22
3, 12, 26
3, 15, 42
3, 15, 53
3, 16, 29
3, 20, 4
3, 20, 9
3, 22, 1
3, 22, 15
3, 22, 18
3, 24, 37
3, 28, 19
3, 29, 44
3, 29, 45
3, 30, 12
3, 30, 49
3, 31, 36
3, 32, 15
3, 33, 14
3, 34, 57
3, 35, 30
3, 37, 34
3, 38, 31
3, 39, 21
3, 41, 44
3, 42, 3
3, 44, 35
3, 45, 40
3, 47, 38
3, 47, 41
3, 53, 42
3, 54, 21
3, 55, 14
3, 55, 38
3, 56, 23
3, 58, 51
3, 60, 18
3, 62, 23
3, 64, 1
3, 64, 19
3, 66, 1
3, 66, 33
3, 69, 33
3, 72, 37
3, 72, 54
3, 75, 25
3, 76, 8
3, 79, 12
3, 79, 17
3, 80, 28
3, 81, 41
3, 82, 9
3, 82, 44
3, 83, 5
3, 84, 5
3, 84, 49
3, 86, 10
3, 87, 24
3, 89, 31
3, 90, 26
3, 90, 40
3, 92, 22
3, 92, 43
3, 92, 45
3, 96, 6
3, 96, 36
3, 96, 40
3, 96, 50
3, 100, 9
3, 100, 21
3, 101, 38
4, 1, 36
4, 2, 16
4, 2, 32
4, 3, 7
4, 4, 29
4, 4, 47
4, 6, 19
4, 6, 24
4, 8, 6
4, 8, 26
4, 9, 9
4, 9, 35
4, 10, 6
4, 10, 33
4, 10, 34
4, 10, 38
4, 11, 2
4, 12, 30
4, 12, 42
4, 13, 26
4, 13, 62
4, 14, 1
4, 14, 23
4, 15, 17
4, 16, 9
4, 16, 11
4, 16, 21
4, 16, 34
4, 16, 40
4, 20, 11
4, 22, 5
4, 22, 36
4, 23, 13
4, 23, 29
4, 24, 9
4, 24, 16
4, 24, 27
4, 26, 1
4, 28, 38
4, 30, 24
4, 30, 29
4, 31, 3
4, 31, 54
4, 32, 39
4, 33, 24
4, 35, 24
4, 35, 43
4, 37, 9
4, 37, 35
4, 38, 9
4, 38, 32
4, 39, 16
4, 39, 24
4, 39, 33
4, 40, 29
4, 41, 18
4, 42, 31
4, 46, 6
4, 46, 45
4, 49, 26
4, 51, 14
4, 52, 2
4, 52, 9
4, 53, 25
4, 55, 40
4, 58, 10
4, 58, 36
4, 59, 35
4, 60, 12
4, 60, 28
4, 60, 45
4, 61, 1
4, 61, 45
4, 62, 16
4, 63, 24
4, 64, 32
4, 64, 35
4, 65, 44
4, 65, 53
4, 66, 48
4, 67, 9
4, 67, 24
4, 67, 29
4, 68, 38
4, 69, 29
4, 70, 36
4, 72, 24
4, 75, 31
4, 75, 40
4, 77, 23
4, 79, 10
4, 80, 1
4, 80, 27
4, 82, 24
4, 83, 34
4, 84, 12
4, 84, 30
4, 84, 41
4, 86, 22
4, 91, 29
4, 92, 53
4, 93, 20
4, 94, 11
4, 95, 9
4, 96, 10
4, 96, 29
4, 97, 2
4, 97, 32
4, 97, 40
4, 97, 44
4, 99, 18
4, 100, 29
5, 2, 5
5, 2, 47
5, 4, 35
5, 5, 13
5, 6, 34
5, 8, 23
5, 9, 10
5, 9, 35
5, 9, 42
5, 10, 47
5, 11, 21
5, 12, 14
5, 13, 53
5, 15, 39
5, 17, 24
5, 17, 44
5, 18, 37
5, 18, 42
5, 19, 34
5, 20, 10
5, 23, 5
5, 23, 6
5, 23, 29
5, 24, 48
5, 26, 26
5, 27, 19
5, 27, 20
5, 27, 32
5, 32, 7
5, 37, 8
5, 37, 9
5, 37, 43
5, 39, 41
5, 41, 28
5, 42, 34
5, 44, 15
5, 44, 33
5, 47, 5
5, 48, 16
5, 48, 53
5, 49, 23
5, 49, 25
5, 49, 54
5, 50, 29
5, 52, 15
5, 52, 26
5, 57, 25
5, 60, 49
5, 61, 3
5, 61, 32
5, 62, 1
5, 62, 13
5, 63, 44
5, 70, 6
5, 74, 2
5, 74, 21
5, 75, 2
5, 75, 34
5, 76, 7
5, 78, 3
5, 78, 9
5, 78, 24
5, 79, 14
5, 79, 52
5, 80, 12
5, 81, 36
5, 81, 48
5, 83, 7
5, 86, 20
5, 90, 2
5, 90, 37
5, 91, 38
5, 91, 45
5, 91, 46
5, 92, 39
5, 93, 8
5, 93, 32
5, 96, 3
5, 100, 3
5, 101, 14
5, 101, 34
6, 2, 11
6, 4, 8
6, 4, 58
6, 5, 16
6, 6, 5
6, 6, 49
6, 8, 7
6, 8, 21
6, 11, 15
6, 11, 31
6, 11, 44
6, 14, 14
6, 16, 36
6, 17, 33
6, 18, 9
6, 18, 51
6, 19, 46
6, 20, 24
6, 20, 42
6, 23, 17
6, 23, 41
6, 25, 6
6, 25, 21
6, 26, 34
6, 27, 1
6, 28, 4
6, 28, 42
6, 32, 52
6, 33, 24
6, 36, 36
6, 37, 19
6, 37, 33
6, 39, 37
6, 41, 25
6, 45, 35
6, 49, 46
6, 50, 38
6, 51, 21
6, 51, 29
6, 52, 30
6, 53, 18
6, 54, 15
6, 54, 39
6, 55, 32
6, 56, 16
6, 56, 29
6, 57, 35
6, 58, 9
6, 59, 22
6, 62, 18
6, 63, 17
6, 63, 19
6, 65, 33
6, 65, 47
6, 67, 13
6, 68, 31
6, 69, 17
6, 70, 47
6, 71, 44
6, 71, 49
6, 73, 19
6, 73, 36
6, 75, 11
6, 75, 27
6, 75, 42
6, 76, 15
6, 78, 4
6, 78, 33
6, 79, 23
6, 79, 58
6, 80, 5
6, 82, 16
6, 84, 5
6, 85, 44
6, 86, 47
6, 92, 8
6, 93, 37
6, 95, 36
6, 95, 41
6, 97, 2
6, 97, 42
6, 97, 48
6, 100, 41
6, 100, 51
6, 101, 25
7, 1, 4
7, 1, 35
7, 2, 28
7, 3, 5
7, 3, 24
7, 3, 41
7, 3, 49
7, 4, 24
7, 5, 18
7, 6, 14
7, 8, 35
7, 8, 38
7, 9, 8
7, 9, 30
7, 11, 7
7, 12, 51
7, 13, 30
7, 14, 48
7, 16, 22
7, 17, 36
7, 18, 44
7, 18, 47
7, 19, 38
7, 20, 1
7, 20, 41
7, 23, 20
7, 23, 30
7, 28, 51
7, 29, 3
7, 29, 5
7, 29, 49
7, 30, 2
7, 31, 23
7, 33, 4
7, 33, 10
7, 33, 29
7, 35, 22
7, 36, 8
7, 36, 15
7, 36, 24
7, 38, 39
7, 38, 40
7, 40, 2
7, 41, 8
7, 42, 28
7, 42, 45
7, 45, 19
7, 45, 46
7, 46, 15
7, 46, 55
7, 50, 14
7, 50, 27
7, 50, 41
7, 51, 7
7, 51, 12
7, 53, 5
7, 53, 45
7, 54, 16
7, 54, 23
7, 55, 18
7, 55, 49
7, 56, 5
7, 56, 28
7, 56, 47
7, 59, 2
7, 61, 32
7, 61, 44
7, 62, 27
7, 62, 38
7, 63, 10
7, 63, 27
7, 64, 15
7, 65, 42
7, 67, 56
7, 69, 21
7, 70, 18
7, 71, 24
7, 71, 33
7, 72, 46
7, 73, 47
7, 74, 43
7, 76, 6
7, 76, 32
7, 76, 45
7, 77, 21
7, 77, 49
7, 78, 1
7, 79, 30
7, 81, 15
7, 84, 2
7, 84, 3
7, 86, 19
7, 86, 23
7, 86, 36
7, 87, 23
7, 89, 6
7, 89, 19
7, 89, 45
7, 91, 11
7, 92, 1
7, 92, 8
7, 92, 40
7, 97, 5
7, 97, 38
7, 98, 8
7, 98, 51
7, 99, 24
7, 100, 42
7, 100, 46
7, 100, 55
7, 101, 28
8, 2, 4
8, 2, 15
8, 2, 41
8, 2, 45
8, 3, 34
8, 3, 52
8, 4, 37
8, 6, 2
8, 6, 16
8, 8, 43
8, 10, 25
8, 13, 48
8, 15, 24
8, 15, 37
8, 16, 18
8, 17, 22
8, 17, 46
8, 18, 28
8, 18, 31
8, 19, 47
8, 20, 18
8, 21, 12
8, 21, 32
8, 22, 8
8, 22, 17
8, 23, 37
8, 24, 41
8, 26, 50
8, 26, 52
8, 27, 49
8, 28, 25
8, 29, 39
8, 30, 5
8, 30, 11
8, 30, 40
8, 31, 45
8, 32, 8
8, 33, 7
8, 37, 21
8, 37, 41
8, 38, 2
8, 39, 14
8, 39, 15
8, 39, 26
8, 42, 45
8, 44, 23
8, 44, 51
8, 45, 43
8, 46, 17
8, 46, 33
8, 46, 36
8, 48, 27
8, 48, 46
8, 49, 5
8, 49, 49
8, 50, 2
8, 51, 3
8, 52, 48
8, 54, 23
8, 54, 28
8, 54, 37
8, 57, 49
8, 59, 3
8, 60, 54
8, 61, 39
8, 63, 31
8, 64, 2
8, 65, 40
8, 66, 23
8, 66, 46
8, 68, 32
8, 68, 33
8, 75, 4
8, 75, 26
8, 75, 39
8, 76, 32
8, 77, 28
8, 81, 17
8, 82, 27
8, 82, 46
8, 84, 48
8, 85, 15
8, 86, 32
8, 86, 40
8, 86, 51
8, 87, 35
8, 88, 27
8, 89, 8
8, 89, 10
8, 90, 27
8, 91, 5
8, 92, 21
8, 92, 34
8, 92, 47
8, 94, 37
8, 94, 43
8, 95, 19
8, 98, 25
8, 99, 3
8, 99, 45
8, 100, 14
8, 100, 18
8, 101, 5
8, 101, 35
9, 3, 48
9, 4, 16
9, 5, 9
9, 5, 48
9, 6, 19
9, 8, 6
9, 9, 10
9, 9, 50
9, 11, 47
9, 18, 2
9, 19, 8
9, 19, 44
9, 20, 22
9, 20, 30
9, 23, 23
9, 23, 40
9, 24, 15
9, 24, 30
9, 24, 32
9, 25, 29
9, 25, 44
9, 28, 17
9, 30, 33
9, 30, 47
9, 32, 10
9, 33, 22
9, 33, 26
9, 33, 38
9, 35, 20
9, 38, 31
9, 38, 43
9, 40, 46
9, 41, 19
9, 42, 28
9, 42, 36
9, 42, 52
9, 44, 6
9, 44, 14
9, 48, 22
9, 48, 38
9, 48, 49
9, 50, 32
9, 52, 4
9, 52, 20
9, 53, 14
9, 55, 29
9, 56, 34
9, 58, 12
9, 61, 31
9, 61, 44
9, 62, 35
9, 64, 8
9, 64, 46
9, 66, 26
9, 67, 21
9, 68, 51
9, 69, 25
9, 75, 7
9, 75, 30
9, 77, 11
9, 77, 48
9, 77, 54
9, 78, 35
9, 80, 15
9, 81, 1
9, 81, 13
9, 83, 16
9, 83, 20
9, 83, 34
9, 83, 47
9, 84, 13
9, 84, 31
9, 85, 19
9, 87, 4
9, 88, 17
9, 88, 43
9, 88, 46
9, 90, 6
9, 90, 7
9, 90, 29
9, 93, 2
9, 96, 11
9, 96, 12
9, 96, 18
9, 96, 38
9, 100, 28
9, 101, 51
10, 1, 44
10, 1, 47
10, 3, 16
10, 5, 23
10, 5, 39
10, 7, 21
10, 7, 44
10, 8, 12
10, 9, 33
10, 10, 12
10, 12, 13
10, 12, 21
10, 12, 29
10, 12, 32
10, 13, 27
10, 13, 42
10, 14, 20
10, 17, 9
10, 18, 5
10, 18, 50
10, 19, 15
10, 19, 29
10, 21, 24
10, 22, 6
10, 22, 52
10, 24, 26
10, 24, 47
10, 25, 5
10, 25, 31
10, 26, 43
10, 28, 4
10, 28, 35
10, 29, 3
10, 29, 12
10, 31, 40
10, 32, 23
10, 32, 33
10, 33, 34
10, 33, 40
10, 36, 23
10, 41, 7
10, 43, 36
10, 43, 41
10, 44, 34
10, 45, 4
10, 47, 27
10, 47, 35
10, 48, 15
10, 48, 24
10, 48, 35
10, 48, 42
10, 50, 3
10, 50, 19
10, 51, 15
10, 51, 17
10, 53, 13
10, 53, 22
10, 54, 46
10, 55, 16
10, 55, 24
10, 58, 37
10, 59, 35
10, 60, 11
10, 61, 2
10, 61, 26
10, 62, 33
10, 63, 32
10, 65, 47
10, 68, 7
10, 68, 43
10, 70, 4
10, 70, 27
10, 73, 29
10, 75, 38
10, 76, 29
10, 77, 4
10, 77, 19
10, 79, 8
10, 79, 25
10, 81, 21
10, 82, 26
10, 82, 30
10, 82, 40
10, 82, 50
10, 85, 29
10, 86, 8
10, 87, 9
10, 87, 28
10, 87, 39
10, 89, 12
10, 89, 36
10, 94, 11
10, 95, 16
10, 95, 29
10, 95, 38
10, 96, 20
10, 96, 22
10, 97, 15
10, 99, 41
10, 100, 24
11, 1, 45
11, 2, 1
11, 2, 24
11, 4, 17
11, 5, 41
11, 8, 23
11, 10, 15
11, 10, 21
11, 12, 8
11, 12, 39
11, 15, 13
11, 15, 45
11, 18, 14
11, 18, 27
11, 18, 36
11, 20, 25
11, 21, 6
11, 21, 10
11, 22, 36
11, 25, 14
11, 28, 11
11, 32, 3
11, 32, 26
11, 33, 12
11, 33, 37
11, 39, 1
11, 41, 24
11, 41, 46
11, 42, 9
11, 44, 21
11, 44, 23
11, 45, 18
11, 45, 21
11, 45, 28
11, 46, 30
11, 48, 43
11, 49, 30
11, 49, 41
11, 49, 48
11, 51, 33
11, 52, 32
11, 55, 3
11, 60, 44
11, 61, 10
11, 61, 34
11, 61, 48
11, 62, 22
11, 62, 26
11, 63, 2
11, 63, 25
11, 63, 32
11, 63, 36
11, 64, 16
11, 65, 2
11, 65, 49
11, 67, 45
11, 69, 35
11, 70, 14
11, 70, 51
11, 71, 11
11, 71, 13
11, 74, 26
11, 76, 40
11, 76, 41
11, 78, 44
11, 78, 51
11, 79, 18
11, 82, 19
11, 82, 33
11, 83, 14
11, 83, 36
11, 85, 21
11, 85, 39
11, 86, 1
11, 90, 49
11, 92, 38
11, 93, 26
11, 93, 36
11, 93, 51
11, 95, 31
11, 95, 54
11, 96, 11
11, 97, 12
11, 97, 45
11, 100, 8
11, 100, 46
12, 2, 34
12, 5, 33
12, 6, 38
12, 6, 48
12, 7, 1
12, 9, 3
12, 10, 12
12, 11, 48
12, 14, 39
12, 15, 45
12, 16, 4
12, 16, 49
12, 17, 35
12, 18, 40
12, 19, 2
12, 19, 8
12, 19, 46
12, 20, 18
12, 22, 11
12, 22, 20
12, 22, 30
12, 25, 5
12, 27, 37
12, 30, 18
12, 30, 37
12, 30, 43
12, 32, 32
12, 33, 6
12, 39, 34
12, 39, 45
12, 39, 53
12, 41, 42
12, 48, 39
12, 49, 19
12, 49, 24
12, 50, 40
12, 51, 8
12, 54, 21
12, 55, 30
12, 56, 26
12, 56, 32
12, 58, 15
12, 60, 4
12, 62, 50
12, 67, 9
12, 69, 24
12, 70, 4
12, 72, 12
12, 73, 35
12, 75, 21
12, 76, 9
12, 77, 45
12, 78, 26
12, 80, 7
12, 80, 35
12, 81, 43
12, 83, 3
12, 84, 6
12, 85, 30
12, 86, 16
12, 86, 48
12, 87, 19
12, 87, 45
12, 89, 25
12, 89, 36
12, 90, 1
12, 90, 38
12, 90, 46
12, 91, 29
12, 93, 46
12, 95, 1
12, 95, 47
12, 96, 32
12, 96, 38
12, 97, 33
12, 98, 6
12, 98, 20
12, 99, 40
12, 100, 18
13, 2, 33
13, 2, 44
13, 3, 6
13, 4, 38
13, 5, 13
13, 5, 34
13, 6, 5
13, 6, 13
13, 6, 44
13, 6, 46
13, 8, 19
13, 8, 29
13, 8, 34
13, 8, 46
13, 8, 51
13, 9, 47
13, 12, 9
13, 12, 32
13, 15, 20
13, 15, 24
13, 15, 30
13, 16, 15
13, 16, 17
13, 16, 34
13, 17, 14
13, 17, 18
13, 20, 26
13, 23, 30
13, 24, 7
13, 24, 26
13, 25, 35
13, 26, 36
13, 28, 7
13, 28, 32
13, 29, 37
13, 29, 41
13, 29, 48
13, 30, 29
13, 31, 7
13, 32, 45
13, 33, 47
13, 35, 1
13, 35, 38
13, 36, 33
13, 37, 11
13, 37, 12
13, 37, 45
13, 40, 38
13, 40, 47
13, 41, 54
13, 42, 19
13, 42, 38
13, 43, 13
13, 44, 5
13, 45, 29
13, 45, 37
13, 47, 11
13, 48, 27
13, 49, 1
13, 49, 52
13, 51, 43
13, 52, 8
13, 52, 10
13, 52, 51
13, 54, 1
13, 54, 10
13, 54, 18
13, 54, 41
13, 55, 43
13, 56, 10
13, 56, 19
13, 56, 21
13, 58, 4
13, 58, 55
13, 59, 1
13, 61, 6
13, 61, 11
13, 61, 13
13, 61, 17
13, 62, 41
13, 63, 51
13, 65, 5
13, 65, 24
13, 66, 16
13, 68, 6
13, 69, 47
13, 71, 16
13, 73, 11
13, 74, 8
13, 74, 37
13, 74, 38
13, 77, 29
13, 81, 25
13, 83, 10
13, 83, 35
13, 83, 37
13, 83, 48
13, 84, 23
13, 84, 32
13, 86, 13
13, 86, 32
13, 87, 29
13, 88, 7
13, 88, 24
13, 89, 30
13, 91, 41
13, 93, 11
13, 93, 38
13, 94, 15
13, 94, 18
13, 94, 21
13, 97, 11
13, 99, 5
13, 100, 47
13, 101, 18
14, 1, 11
14, 3, 36
14, 3, 37
14, 5, 4
14, 7, 20
14, 8, 36
14, 9, 6
14, 9, 39
14, 9, 45
14, 14, 11
14, 14, 26
14, 14, 51
14, 16, 32
14, 18, 43
14, 18, 44
14, 19, 4
14, 19, 20
14, 21, 8
14, 21, 40
14, 22, 14
14, 22, 27
14, 22, 42
14, 23, 21
14, 24, 22
14, 26, 8
14, 29, 42
14, 30, 22
14, 31, 26
14, 32, 28
14, 32, 34
14, 33, 4
14, 33, 41
14, 35, 35
14, 37, 36
14, 37, 41
14, 39, 12
14, 40, 7
14, 40, 19
14, 40, 20
14, 40, 38
14, 42, 38
14, 45, 32
14, 46, 9
14, 48, 30
14, 48, 36
14, 49, 22
14, 54, 10
14, 55, 39
14, 60, 40
14, 61, 32
14, 62, 19
14, 62, 21
14, 62, 37
14, 62, 47
14, 67, 45
14, 69, 42
14, 69, 46
14, 71, 18
14, 71, 35
14, 72, 29
14, 72, 42
14, 73, 14
14, 74, 42
14, 75, 4
14, 75, 13
14, 75, 31
14, 85, 6
14, 86, 21
14, 87, 11
14, 88, 22
14, 89, 33
14, 91, 36
14, 92, 44
14, 93, 20
14, 95, 35
14, 97, 9
14, 97, 22
14, 98, 28
14, 99, 10
14, 99, 14
14, 99, 42
14, 101, 9
14, 101, 38
15, 2, 30
15, 2, 56
15, 3, 18
15, 3, 35
15, 11, 43
15, 12, 37
15, 15, 8
15, 16, 26
15, 16, 34
15, 18, 51
15, 19, 5
15, 20, 5
15, 20, 22
15, 21, 40
15, 21, 54
15, 22, 12
15, 22, 16
15, 23, 39
15, 24, 27
15, 27, 38
15, 30, 14
15, 30, 22
15, 32, 21
15, 34, 13
15, 34, 14
15, 34, 41
15, 36, 20
15, 36, 26
15, 36, 53
15, 37, 14
15, 37, 32
15, 38, 17
15, 39, 48
15, 40, 18
15, 40, 26
15, 40, 31
15, 40, 53
15, 42, 10
15, 44, 51
15, 45, 10
15, 45, 50
15, 46, 13
15, 47, 25
15, 47, 30
15, 48, 32
15, 49, 38
15, 52, 21
15, 54, 44
15, 55, 16
15, 56, 2
15, 56, 46
15, 57, 42
15, 60, 38
15, 60, 44
15, 61, 1
15, 61, 12
15, 63, 38
15, 67, 2
15, 67, 21
15, 67, 33
15, 68, 32
15, 69, 27
15, 70, 46
15, 71, 3
15, 71, 49
15, 73, 53
15, 74, 13
15, 78, 49
15, 79, 14
15, 79, 37
15, 81, 5
15, 84, 2
15, 84, 14
15, 84, 27
15, 84, 41
15, 85, 34
15, 87, 6
15, 89, 3
15, 89, 49
15, 94, 39
15, 97, 4
15, 97, 25
15, 99, 8
15, 99, 16
15, 99, 47
15, 101, 35
16, 2, 1
16, 3, 41
16, 3, 50
16, 5, 40
16, 6, 46
16, 7, 4
16, 7, 53
16, 8, 26
16, 8, 38
16, 9, 24
16, 11, 29
16, 12, 16
16, 12, 18
16, 12, 22
16, 13, 31
16, 13, 38
16, 13, 41
16, 15, 19
16, 15, 42
16, 16, 31
16, 17, 50
16, 20, 7
16, 20, 47
16, 20, 53
16, 21, 44
16, 21, 49
16, 22, 26
16, 22, 44
16, 22, 50
16, 23, 23
16, 24, 10
16, 26, 47
16, 26, 50
16, 27, 12
16, 28, 9
16, 29, 14
16, 30, 12
16, 30, 55
16, 31, 30
16, 33, 10
16, 34, 28
16, 34, 44
16, 35, 25
16, 36, 43
16, 37, 8
16, 40, 39
16, 41, 19
16, 41, 25
16, 42, 30
16, 43, 33
16, 45, 8
16, 45, 44
16, 46, 19
16, 46, 30
16, 47, 9
16, 48, 29
16, 48, 38
16, 50, 6
16, 50, 38
16, 50, 41
16, 52, 1
16, 52, 31
16, 52, 33
16, 55, 6
16, 55, 25
16, 55, 27
16, 56, 25
16, 57, 8
16, 57, 48
16, 58, 2
16, 58, 45
16, 59, 18
16, 59, 34
16, 61, 27
16, 61, 28
16, 65, 45
16, 66, 47
16, 68, 38
16, 70, 52
16, 72, 9
16, 75, 12
16, 76, 22
16, 77, 18
16, 78, 44
16, 79, 49
16, 81, 54
16, 82, 48
16, 83, 26
16, 83, 47
16, 84, 9
16, 84, 18
16, 88, 16
16, 88, 53
16, 89, 51
16, 90, 27
16, 90, 43
16, 92, 28
16, 95, 7
16, 96, 19
16, 96, 44
16, 100, 36
16, 100, 41
16, 101, 29
16, 101, 55
17, 2, 6
17, 4, 2
17, 4, 15
17, 5, 25
17, 10, 5
17, 10, 14
17, 10, 25
17, 11, 9
17, 11, 14
17, 12, 10
17, 12, 46
17, 14, 43
17, 15, 10
17, 17, 8
17, 17, 24
17, 18, 17
17, 18, 38
17, 18, 41
17, 19, 43
17, 20, 31
17, 21, 43
17, 22, 19
17, 24, 46
17, 24, 49
17, 27, 4
17, 31, 15
17, 31, 48
17, 32, 6
17, 32, 7
17, 32, 26
17, 32, 44
17, 32, 50
17, 35, 53
17, 37, 36
17, 38, 48
17, 39, 57
17, 41, 31
17, 41, 51
17, 42, 37
17, 43, 37
17, 46, 21
17, 47, 2
17, 47, 20
17, 48, 37
17, 53, 10
17, 54, 2
17, 55, 28
17, 55, 41
17, 57, 46
17, 58, 4
17, 61, 15
17, 63, 7
17, 63, 27
17, 63, 50
17, 64, 20
17, 67, 9
17, 67, 19
17, 68, 1
17, 70, 2
17, 70, 39
17, 71, 6
17, 71, 32
17, 72, 1
17, 72, 8
17, 72, 26
17, 72, 52
17, 73, 13
17, 73, 46
17, 76, 3
17, 77, 9
17, 78, 39
17, 79, 9
17, 79, 40
17, 80, 33
17, 81, 7
17, 83, 4
17, 83, 29
17, 83, 41
17, 85, 14
17, 86, 9
17, 87, 16
17, 87, 43
17, 91, 18
17, 91, 33
17, 92, 21
17, 94, 6
17, 94, 28
17, 95, 24
17, 96, 44
17, 97, 14
17, 97, 15
17, 99, 5
17, 99, 38
18, 1, 43
18, 3, 9
18, 3, 39
18, 3, 40
18, 3, 45
18, 4, 29
18, 5, 54
18, 6, 11
18, 10, 7
18, 11, 19
18, 12, 32
18, 13, 1
18, 13, 13
18, 13, 23
18, 13, 30
18, 14, 49
18, 20, 29
18, 21, 4
18, 23, 27
18, 23, 44
18, 25, 7
18, 27, 18
18, 28, 40
18, 29, 25
18, 32, 36
18, 32, 42
18, 33, 43
18, 35, 13
18, 35, 40
18, 39, 35
18, 40, 9
18, 40, 44
18, 41, 14
18, 41, 26
18, 42, 1
18, 44, 22
18, 45, 20
18, 46, 11
18, 46, 21
18, 47, 12
18, 47, 28
18, 47, 43
18, 50, 28
18, 51, 5
18, 51, 23
18, 52, 3
18, 54, 17
18, 54, 38
18, 56, 51
18, 57, 27
18, 58, 14
18, 59, 10
18, 61, 6
18, 61, 19
18, 64, 27
18, 64, 37
18, 65, 23
18, 66, 24
18, 66, 44
18, 70, 19
18, 72, 28
18, 72, 42
18, 72, 48
18, 76, 39
18, 80, 10
18, 82, 25
18, 87, 32
18, 89, 20
18, 90, 5
18, 91, 26
18, 92, 9
18, 92, 18
18, 92, 48
18, 92, 50
18, 94, 54
18, 95, 51
18, 97, 31
18, 98, 33
18, 98, 45
18, 99, 7
18, 99, 35
19, 3, 22
19, 3, 46
19, 3, 49
19, 4, 15
19, 4, 23
19, 5, 42
19, 7, 5
19, 8, 53
19, 10, 4
19, 11, 35
19, 12, 27
19, 13, 29
19, 14, 32
19, 16, 27
19, 16, 45
19, 18, 28
19, 19, 48
19, 20, 14
19, 20, 15
19, 22, 17
19, 22, 28
19, 22, 38
19, 24, 41
19, 25, 1
19, 25, 28
19, 27, 54
19, 29, 35
19, 35, 21
19, 36, 12
19, 43, 18
19, 43, 32
19, 45, 9
19, 47, 33
19, 47, 48
19, 49, 9
19, 50, 53
19, 52, 22
19, 53, 39
19, 53, 42
19, 53, 51
19, 54, 2
19, 54, 33
19, 55, 20
19, 55, 22
19, 55, 38
19, 59, 8
19, 59, 40
19, 59, 44
19, 60, 27
19, 61, 8
19, 61, 30
19, 61, 49
19, 63, 51
19, 66, 37
19, 67, 2
19, 68, 5
19, 69, 13
19, 69, 26
19, 71, 42
19, 72, 23
19, 73, 19
19, 74, 11
19, 74, 36
19, 77, 20
19, 78, 46
19, 79, 14
19, 79, 42
19, 80, 13
19, 81, 50
19, 82, 14
19, 83, 23
19, 84, 6
19, 84, 38
19, 85, 46
19, 86, 5
19, 86, 12
19, 86, 51
19, 88, 9
19, 88, 34
19, 89, 27
19, 91, 6
19, 91, 28
19, 93, 40
19, 94, 23
19, 94, 35
19, 98, 21
19, 98, 45
19, 99, 9
19, 100, 5
19, 100, 14
19, 100, 18
19, 100, 37
20, 1, 46
20, 3, 29
20, 6, 39
20, 7, 15
20, 7, 39
20, 9, 6
20, 9, 23
20, 9, 28
20, 11, 12
20, 15, 34
20, 16, 48
20, 17, 33
20, 18, 33
20, 19, 24
20, 22, 36
20, 23, 10
20, 24, 9
20, 24, 25
20, 25, 30
20, 27, 18
20, 28, 6
20, 30, 12
20, 30, 26
20, 32, 18
20, 33, 22
20, 33, 27
20, 34, 28
20, 38, 28
20, 39, 51
20, 40, 17
20, 40, 50
20, 41, 13
20, 41, 35
20, 41, 48
20, 42, 34
20, 44, 5
20, 44, 19
20, 46, 6
20, 46, 40
20, 46, 42
20, 46, 49
20, 47, 21
20, 48, 42
20, 49, 33
20, 50, 8
20, 51, 28
20, 51, 36
20, 52, 34
20, 53, 15
20, 55, 8
20, 55, 30
20, 55, 47
20, 57, 43
20, 57, 45
20, 58, 13
20, 58, 23
20, 59, 4
20, 59, 21
20, 59, 51
20, 60, 36
20, 62, 6
20, 63, 8
20, 63, 35
20, 66, 45
20, 67, 54
20, 68, 4
20, 68, 22
20, 71, 6
20, 73, 24
20, 74, 42
20, 75, 13
20, 75, 17
20, 77, 14
20, 78, 25
20, 80, 4
20, 81, 29
20, 82, 21
20, 84, 15
20, 85, 41
20, 86, 4
20, 87, 17
20, 88, 51
20, 91, 2
20, 91, 12
20, 91, 40
20, 92, 8
20, 95, 2
20, 95, 24
20, 95, 50
20, 96, 26
20, 96, 27
20, 98, 49
20, 101, 28
21, 5, 8
21, 6, 18
21, 7, 41
21, 7, 42
21, 8, 11
21, 9, 47
21, 10, 2
21, 11, 6
21, 11, 43
21, 15, 7
21, 15, 16
21, 15, 36
21, 15, 43
21, 16, 24
21, 21, 25
21, 22, 13
21, 22, 21
21, 23, 9
21, 23, 19
21, 24, 19
21, 25, 31
21, 26, 34
21, 27, 2
21, 27, 5
21, 27, 51
21, 27, 53
21, 28, 39
21, 29, 2
21, 31, 38
21, 32, 50
21, 34, 20
21, 35, 10
21, 35, 47
21, 37, 26
21, 39, 43
21, 40, 45
21, 41, 11
21, 41, 33
21, 42, 40
21, 42, 42
21, 44, 28
21, 45, 13
21, 45, 16
21, 45, 33
21, 45, 44
21, 45, 47
21, 49, 47
21, 50, 3
21, 51, 24
21, 51, 32
21, 51, 51
21, 54, 4
21, 54, 27
21, 54, 30
21, 56, 26
21, 57, 1
21, 57, 39
21, 60, 11
21, 61, 8
21, 63, 9
21, 63, 41
21, 64, 2
21, 65, 16
21, 66, 22
21, 67, 30
21, 67, 41
21, 68, 9
21, 70, 53
21, 71, 43
21, 74, 22
21, 76, 34
21, 78, 15
21, 81, 18
21, 81, 49
21, 82, 11
21, 84, 23
21, 84, 32
21, 85, 6
21, 85, 20
21, 85, 26
21, 87, 12
21, 87, 27
21, 87, 39
21, 88, 5
21, 89, 4
21, 89, 8
21, 89, 14
21, 89, 19
21, 89, 24
21, 91, 2
21, 94, 32
21, 98, 23
21, 99, 45
21, 100, 7
21, 101, 42
22, 1, 33
22, 3, 29
22, 4, 25
22, 5, 2
22, 5, 19
22, 8, 26
22, 9, 8
22, 9, 21
22, 9, 35
22, 9, 55
22, 11, 12
22, 11, 17
22, 12, 34
22, 12, 36
22, 13, 9
22, 14, 2
22, 15, 6
22, 15, 48
22, 17, 49
22, 18, 15
22, 18, 28
22, 18, 37
22, 18, 42
22, 20, 4
22, 20, 30
22, 20, 45
22, 21, 20
22, 21, 28
22, 21, 33
22, 22, 49
22, 25, 13
22, 27, 7
22, 27, 21
22, 27, 27
22, 28, 25
22, 29, 40
22, 30, 3
22, 30, 14
22, 32, 33
22, 33, 48
22, 35, 33
22, 35, 39
22, 36, 3
22, 37, 5
22, 37, 50
22, 39, 5
22, 40, 17
22, 43, 9
22, 44, 36
22, 44, 44
22, 45, 19
22, 47, 2
22, 47, 20
22, 47, 46
22, 47, 51
22, 48, 30
22, 50, 43
22, 51, 40
22, 52, 8
22, 55, 3
22, 55, 4
22, 55, 32
22, 57, 51
22, 58, 11
22, 59, 27
22, 62, 24
22, 63, 18
22, 64, 32
22, 68, 21
22, 69, 34
22, 70, 28
22, 72, 19
22, 72, 33
22, 74, 34
22, 75, 24
22, 75, 26
22, 75, 30
22, 75, 32
22, 77, 8
22, 80, 3
22, 83, 18
22, 83, 30
22, 84, 28
22, 85, 28
22, 86, 13
22, 89, 6
22, 91, 40
22, 92, 55
22, 94, 43
22, 95, 40
22, 96, 2
22, 96, 44
22, 96, 46
22, 97, 23
22, 98, 2
22, 99, 12
22, 99, 31
22, 99, 50
23, 2, 39
23, 2, 46
23, 3, 19
23, 4, 7
23, 6, 15
23, 11, 37
23, 11, 38
23, 12, 22
23, 18, 27
23, 18, 38
23, 19, 3
23, 20, 41
23, 24, 16
23, 25, 23
23, 27, 2
23, 27, 31
23, 29, 3
23, 30, 32
23, 32, 1
23, 33, 25
23, 34, 20
23, 35, 24
23, 37, 8
23, 38, 1
23, 39, 47
23, 41, 46
23, 42, 28
23, 44, 25
23, 47, 7
23, 50, 28
23, 53, 6
23, 53, 12
23, 53, 51
23, 54, 38
23, 55, 11
23, 55, 22
23, 57, 52
23, 58, 7
23, 60, 19
23, 60, 38
23, 63, 2
23, 63, 16
23, 64, 36
23, 68, 19
23, 70, 51
23, 71, 29
23, 71, 39
23, 73, 15
23, 73, 20
23, 74, 26
23, 75, 5
23, 77, 44
23, 78, 23
23, 78, 41
23, 84, 33
23, 84, 46
23, 85, 22
23, 86, 19
23, 87, 31
23, 87, 36
23, 89, 25
23, 89, 30
23, 89, 46
23, 90, 36
23, 90, 47
23, 92, 1
23, 92, 15
23, 92, 24
23, 92, 42
23, 94, 16
23, 95, 46
23, 96, 34
23, 96, 50
23, 97, 3
23, 98, 15
23, 100, 2
23, 100, 5
23, 100, 9
23, 100, 44
24, 1, 50
24, 4, 1
24, 4, 2
24, 4, 6
24, 4, 15
24, 5, 24
24, 5, 52
24, 6, 3
24, 6, 7
24, 6, 40
24, 7, 30
24, 7, 47
24, 7, 51
24, 8, 30
24, 9, 6
24, 9, 9
24, 9, 32
24, 11, 26
24, 13, 21
24, 14, 41
24, 15, 19
24, 15, 50
24, 16, 36
24, 16, 39
24, 16, 41
24, 17, 8
24, 17, 20
24, 17, 26
24, 17, 42
24, 18, 37
24, 18, 41
24, 19, 29
24, 19, 41
24, 20, 11
24, 23, 3
24, 23, 39
24, 27, 26
24, 27, 29
24, 30, 12
24, 30, 19
24, 30, 38
24, 30, 44
24, 32, 17
24, 37, 12
24, 37, 52
24, 39, 29
24, 40, 34
24, 40, 36
24, 42, 37
24, 43, 18
24, 49, 26
24, 50, 24
24, 50, 48
24, 53, 49
24, 54, 37
24, 54, 44
24, 55, 9
24, 55, 26
24, 56, 24
24, 57, 26
24, 57, 51
24, 58, 18
24, 60, 26
24, 61, 5
24, 61, 29
24, 61, 32
24, 65, 37
24, 66, 28
24, 66, 38
24, 67, 11
24, 67, 31
24, 67, 44
24, 68, 4
24, 68, 24
24, 69, 12
24, 70, 7
24, 73, 55
24, 74, 44
24, 76, 5
24, 76, 45
24, 77, 12
24, 77, 28
24, 77, 32
24, 77, 39
24, 78, 26
24, 78, 43
24, 80, 19
24, 82, 1
24, 83, 39
24, 84, 41
24, 86, 7
24, 86, 36
24, 87, 15
24, 87, 37
24, 90, 2
24, 90, 19
24, 92, 42
24, 94, 29
24, 94, 30
24, 95, 18
24, 97, 40
24, 99, 35
24, 100, 8
24, 100, 49
24, 101, 15
25, 1, 1
25, 3, 14
25, 6, 6
25, 6, 37
25, 7, 29
25, 7, 47
25, 8, 12
25, 9, 2
25, 9, 35
25, 12, 8
25, 12, 38
25, 13, 16
25, 13, 49
25, 14, 49
25, 15, 2
25, 15, 14
25, 15, 38
25, 17, 47
25, 20, 27
25, 20, 48
25, 24, 7
25, 24, 31
25, 26, 11
25, 26, 12
25, 26, 19
25, 26, 23
25, 26, 43
25, 27, 18
25, 29, 23
25, 29, 48
25, 31, 6
25, 32, 11
25, 32, 35
25, 33, 12
25, 35, 2
25, 35, 24
25, 35, 45
25, 38, 24
25, 39, 50
25, 41, 51
25, 42, 2
25, 42, 38
25, 43, 28
25, 44, 3
25, 44, 26
25, 44, 29
25, 44, 40
25, 47, 34
25, 47, 53
25, 48, 2
25, 49, 21
25, 50, 3
25, 50, 34
25, 50, 63
25, 52, 5
25, 52, 44
25, 53, 4
25, 53, 17
25, 53, 42
25, 54, 11
25, 55, 30
25, 56, 11
25, 59, 16
25, 59, 17
25, 60, 42
25, 61, 13
25, 61, 35
25, 61, 47
25, 62, 17
25, 63, 38
25, 63, 55
25, 64, 17
25, 65, 24
25, 65, 48
25, 67, 8
25, 67, 28
25, 67, 46
25, 68, 1
25, 69, 32
25, 72, 33
25, 73, 11
25, 73, 21
25, 73, 34
25, 75, 3
25, 77, 6
25, 79, 53
25, 81, 17
25, 81, 42
25, 82, 22
25, 82, 41
25, 83, 51
25, 85, 18
25, 85, 20
25, 87, 24
25, 88, 2
25, 89, 24
25, 91, 27
25, 93, 23
25, 93, 49
25, 94, 26
25, 95, 39
25, 96, 9
25, 97, 16
25, 97, 28
25, 98, 1
26, 1, 2
26, 1, 45
26, 2, 24
26, 3, 39
26, 3, 41
26, 4, 5
26, 4, 37
26, 6, 36
26, 7, 31
26, 9, 24
26, 10, 30
26, 10, 31
26, 12, 23
26, 13, 14
26, 14, 7
26, 14, 27
26, 14, 47
26, 17, 34
26, 19, 26
26, 20, 46
26, 21, 33
26, 22, 11
26, 22, 24
26, 22, 29
26, 23, 2
26, 24, 11
26, 24, 46
26, 25, 21
26, 26, 12
26, 27, 12
26, 27, 31
26, 28, 44
26, 29, 32
26, 29, 45
26, 32, 26
26, 34, 13
26, 34, 19
26, 35, 28
26, 37, 24
26, 39, 8
26, 39, 21
26, 39, 22
26, 40, 5
26, 40, 13
26, 41, 40
26, 47, 9
26, 47, 16
26, 48, 39
26, 49, 54
26, 50, 19
26, 50, 34
26, 52, 11
26, 52, 14
26, 54, 19
26, 54, 25
26, 55, 23
26, 58, 20
26, 60, 5
26, 60, 31
26, 61, 19
26, 62, 11
26, 62, 29
26, 65, 18
26, 66, 20
26, 68, 2
26, 70, 23
26, 71, 10
26, 71, 15
26, 72, 11
26, 73, 30
26, 75, 9
26, 78, 45
26, 79, 2
26, 79, 51
26, 80, 29
26, 80, 35
26, 80, 45
26, 81, 2
26, 81, 33
26, 81, 40
26, 84, 46
26, 85, 48
26, 86, 28
26, 86, 40
26, 87, 39
26, 88, 44
26, 90, 22
26, 90, 24
26, 91, 2
26, 94, 37
26, 95, 36
26, 95, 45
26, 99, 5
26, 99, 16
27, 1, 15
27, 2, 19
27, 2, 29
27, 2, 34
27, 3, 7
27, 3, 35
27, 5, 9
27, 8, 8
27, 10, 19
27, 11, 41
27, 12, 12
27, 12, 49
27, 16, 20
27, 17, 3
27, 17, 37
27, 18, 24
27, 22, 23
27, 26, 6
27, 26, 34
27, 26, 46
27, 29, 17
27, 29, 34
27, 30, 42
27, 30, 48
27, 30, 52
27, 31, 44
27, 32, 40
27, 33, 14
27, 33, 25
27, 35, 2
27, 37, 4
27, 38, 4
27, 38, 31
27, 40, 36
27, 41, 36
27, 42, 6
27, 42, 19
27, 43, 2
27, 44, 6
27, 44, 13
27, 45, 29
27, 45, 46
27, 48, 25
27, 49, 7
27, 51, 7
27, 53, 27
27, 53, 38
27, 54, 36
27, 55, 45
27, 55, 47
27, 58, 15
27, 58, 41
27, 58, 46
27, 59, 37
27, 61, 7
27, 61, 36
27, 63, 23
27, 65, 35
27, 67, 1
27, 68, 21
27, 69, 13
27, 69, 34
27, 69, 44
27, 70, 3
27, 70, 45
27, 71, 37
27, 72, 41
27, 73, 14
27, 73, 19
27, 76, 44
27, 77, 31
27, 78, 56
27, 80, 8
27, 80, 13
27, 80, 17
27, 81, 32
27, 82, 8
27, 82, 40
27, 83, 13
27, 83, 50
27, 85, 41
27, 86, 33
27, 89, 15
27, 90, 6
27, 90, 24
27, 90, 31
27, 91, 8
27, 91, 14
27, 93, 3
27, 94, 12
27, 94, 47
27, 96, 25
27, 97, 7
27, 97, 51
27, 98, 25
27, 99, 29
27, 99, 51
27, 100, 2
27, 100, 9
27, 100, 34
27, 100, 44
28, 1, 36
28, 2, 24
28, 4, 4
28, 4, 8
28, 6, 51
28, 8, 47
28, 9, 26
28, 9, 44
28, 11, 21
28, 11, 29
28, 12, 14
28, 13, 18
28, 15, 52
28, 17, 24
28, 17, 45
28, 18, 2
28, 18, 45
28, 20, 22
28, 21, 41
28, 25, 2
28, 27, 40
28, 30, 8
28, 30, 9
28, 33, 30
28, 37, 1
28, 37, 35
28, 38, 36
28, 39, 20
28, 42, 34
28, 44, 44
28, 45, 34
28, 48, 4
28, 52, 7
28, 58, 37
28, 59, 23
28, 61, 21
28, 63, 17
28, 64, 4
28, 65, 24
28, 65, 50
28, 66, 11
28, 66, 30
28, 67, 35
28, 68, 2
28, 69, 17
28, 69, 23
28, 69, 40
28, 72, 8
28, 72, 36
28, 72, 56
28, 75, 32
28, 75, 42
28, 76, 51
28, 77, 47
28, 79, 20
28, 79, 22
28, 81, 37
28, 81, 47
28, 83, 5
28, 83, 24
28, 87, 21
28, 88, 46
28, 91, 8
28, 91, 54
28, 92, 21
28, 92, 41
28, 93, 30
28, 96, 48
28, 97, 19
28, 98, 30
28, 98, 39
28, 99, 18
28, 99, 31
28, 100, 8
28, 101, 14
29, 1, 22
29, 1, 39
29, 2, 40
29, 4, 1
29, 5, 41
29, 6, 6
29, 7, 38
29, 8, 29
29, 12, 52
29, 14, 3
29, 14, 5
29, 14, 10
29, 14, 49
29, 15, 10
29, 17, 13
29, 18, 3
29, 18, 30
29, 19, 7
29, 19, 42
29, 20, 4
29, 20, 14
29, 21, 15
29, 23, 4
29, 23, 33
29, 24, 1
29, 24, 47
29, 27, 13
29, 29, 47
29, 32, 17
29, 33, 11
29, 34, 37
29, 34, 43
29, 35, 18
29, 35, 40
29, 36, 14
29, 36, 46
29, 36, 59
29, 37, 23
29, 38, 2
29, 39, 13
29, 39, 28
29, 40, 16
29, 41, 38
29, 42, 6
29, 42, 23
29, 43, 17
29, 43, 34
29, 44, 20
29, 45, 40
29, 47, 3
29, 48, 48
29, 50, 7
29, 50, 10
29, 50, 31
29, 52, 39
29, 55, 22
29, 57, 1
29, 57, 48
29, 60, 15
29, 61, 9
29, 61, 30
29, 62, 21
29, 63, 40
29, 65, 38
29, 65, 39
29, 66, 32
29, 68, 17
29, 69, 9
29, 71, 39
29, 72, 4
29, 72, 10
29, 72, 11
29, 72, 32
29, 73, 37
29, 73, 49
29, 74, 29
29, 78, 10
29, 79, 13
29, 81, 33
29, 81, 50
29, 82, 22
29, 84, 12
29, 85, 2
29, 85, 31
29, 85, 34
29, 88, 8
29, 89, 42
29, 90, 13
29, 90, 41
29, 92, 11
29, 92, 20
29, 92, 31
29, 93, 17
29, 93, 18
29, 93, 38
29, 95, 13
29, 95, 21
29, 96, 15
29, 96, 21
29, 97, 34
29, 101, 22
30, 4, 13
30, 4, 45
30, 6, 31
30, 6, 42
30, 7, 18
30, 8, 32
30, 8, 46
30, 10, 40
30, 11, 1
30, 11, 5
30, 11, 38
30, 13, 30
30, 14, 44
30, 15, 40
30, 16, 28
30, 16, 50
30, 17, 4
30, 18, 24
30, 18, 34
30, 19, 21
30, 20, 29
30, 21, 19
30, 22, 10
30, 22, 12
30, 23, 49
30, 25, 4
30, 25, 38
30, 32, 5
30, 34, 15
30, 38, 29
30, 39, 1
30, 39, 21
30, 39, 27
30, 41, 27
30, 42, 50
30, 45, 24
30, 46, 29
30, 47, 22
30, 48, 41
30, 49, 17
30, 50, 39
30, 51, 28
30, 52, 36
30, 53, 20
30, 53, 44
30, 53, 56
30, 54, 5
30, 54, 37
30, 54, 45
30, 57, 39
30, 58, 22
30, 61, 6
30, 61, 38
30, 62, 14
30, 65, 8
30, 67, 47
30, 69, 12
30, 71, 9
30, 71, 38
30, 73, 24
30, 74, 34
30, 76, 36
30, 77, 2
30, 77, 36
30, 77, 45
30, 79, 18
30, 79, 39
30, 81, 2
30, 81, 15
30, 81, 25
30, 82, 36
30, 83, 3
30, 83, 20
30, 83, 46
30, 84, 7
30, 84, 40
30, 87, 39
30, 89, 3
30, 89, 34
30, 89, 49
30, 90, 13
30, 91, 10
30, 94, 50
30, 95, 27
30, 96, 13
30, 100, 27
30, 101, 4
30, 101, 12
30, 101, 44
31, 1, 27
31, 2, 15
31, 4, 3
31, 5, 20
31, 5, 33
31, 6, 30
31, 8, 12
31, 9, 40
31, 11, 9
31, 11, 24
31, 11, 36
31, 13, 25
31, 13, 49
31, 16, 3
31, 17, 34
31, 17, 46
31, 18, 10
31, 20, 36
31, 20, 48
31, 22, 2
31, 22, 11
31, 26, 46
31, 28, 47
31, 29, 16
31, 30, 2
31, 31, 26
31, 32, 40
31, 33, 7
31, 35, 5
31, 35, 17
31, 35, 41
31, 37, 23
31, 40, 11
31, 40, 36
31, 41, 4
31, 41, 9
31, 45, 22
31, 46, 26
31, 46, 36
31, 47, 4
31, 49, 8
31, 49, 20
31, 50, 6
31, 51, 19
31, 53, 49
31, 54, 47
31, 62, 25
31, 62, 28
31, 62, 48
31, 66, 30
31, 70, 3
31, 70, 36
31, 71, 34
31, 75, 14
31, 75, 39
31, 75, 49
31, 76, 40
31, 77, 2
31, 77, 16
31, 78, 24
31, 78, 44
31, 79, 25
31, 79, 28
31, 82, 18
31, 84, 51
31, 89, 47
31, 92, 24
31, 92, 27
31, 93, 44
31, 94, 9
31, 95, 11
31, 95, 33
31, 97, 8
31, 98, 26
31, 99, 19
31, 101, 44
32, 1, 26
32, 1, 41
32, 3, 17
32, 3, 31
32, 4, 38
32, 5, 12
32, 5, 13
32, 6, 24
32, 6, 44
32, 7, 25
32, 8, 6
32, 10, 36
32, 11, 7
32, 11, 50
32, 13, 3
32, 13, 5
32, 14, 22
32, 16, 12
32, 16, 24
32, 17, 23
32, 17, 54
32, 18, 39
32, 20, 26
32, 21, 5
32, 21, 26
32, 21, 45
32, 22, 9
32, 22, 14
32, 23, 20
32, 23, 22
32, 23, 28
32, 26, 3
32, 26, 17
32, 26, 32
32, 26, 48
32, 28, 34
32, 29, 45
32, 30, 13
32, 31, 52
32, 32, 20
32, 32, 24
32, 32, 43
32, 35, 47
32, 36, 16
32, 37, 14
32, 40, 17
32, 42, 2
32, 42, 16
32, 45, 31
32, 46, 12
32, 46, 13
32, 51, 26
32, 51, 44
32, 53, 31
32, 54, 24
32, 56, 23
32, 57, 12
32, 57, 14
32, 57, 52
32, 58, 20
32, 58, 39
32, 59, 5
32, 61, 12
32, 63, 2
32, 63, 12
32, 63, 13
32, 63, 36
32, 64, 14
32, 64, 22
32, 65, 12
32, 66, 47
32, 66, 50
32, 67, 3
32, 67, 22
32, 69, 7
32, 71, 12
32, 71, 28
32, 75, 4
32, 75, 6
32, 75, 23
32, 75, 54
32, 79, 1
32, 79, 47
32, 79, 60
32, 81, 10
32, 83, 13
32, 84, 4
32, 84, 32
32, 85, 5
32, 91, 39
32, 91, 47
32, 92, 3
32, 92, 29
32, 92, 34
32, 95, 35
32, 95, 36
32, 96, 27
32, 97, 9
32, 98, 5
32, 100, 31
32, 100, 42
32, 100, 45
32, 101, 28
33, 1, 17
33, 3, 3
33, 3, 8
33, 3, 57
33, 5, 49
33, 6, 50
33, 7, 18
33, 9, 20
33, 9, 40
33, 11, 34
33, 11, 37
33, 13, 7
33, 13, 41
33, 16, 49
33, 18, 16
33, 19, 28
33, 20, 9
33, 20, 31
33, 21, 9
33, 21, 15
33, 23, 8
33, 26, 37
33, 27, 2
33, 30, 36
33, 30, 46
33, 31, 1
33, 31, 23
33, 31, 30
33, 32, 2
33, 33, 35
33, 35, 48
33, 36, 14
33, 37, 20
33, 37, 26
33, 37, 35
33, 37, 45
33, 39, 25
33, 39, 29
33, 40, 15
33, 41, 17
33, 42, 8
33, 42, 24
33, 42, 30
33, 43, 7
33, 43, 16
33, 45, 49
33, 47, 19
33, 47, 39
33, 47, 40
33, 47, 51
33, 49, 20
33, 51, 14
33, 51, 26
33, 52, 39
33, 54, 17
33, 55, 41
33, 56, 33
33, 56, 36
33, 57, 32
33, 58, 7
33, 59, 42
33, 61, 12
33, 61, 19
33, 62, 8
33, 62, 46
33, 63, 2
33, 63, 21
33, 63, 42
33, 63, 50
33, 65, 39
33, 67, 7
33, 67, 45
33, 71, 7
33, 73, 14
33, 73, 30
33, 73, 40
33, 74, 15
33, 74, 51
33, 75, 39
33, 75, 48
33, 78, 14
33, 78, 34
33, 81, 54
33, 83, 4
33, 83, 16
33, 83, 40
33, 86, 17
33, 86, 51
33, 87, 10
33, 87, 49
33, 88, 33
33, 91, 18
33, 92, 21
33, 92, 50
33, 95, 14
33, 95, 37
33, 96, 42
33, 97, 28
33, 100, 33
33, 100, 36
34, 1, 28
34, 1, 50
34, 2, 13
34, 5, 14
34, 5, 18
34, 5, 35
34, 8, 5
34, 9, 30
34, 9, 47
34, 10, 50
34, 11, 7
34, 12, 42
34, 13, 46
34, 14, 29
34, 17, 10
34, 21, 37
34, 22, 40
34, 25, 48
34, 26, 22
34, 27, 11
34, 27, 16
34, 27, 44
34, 28, 55
34, 29, 52
34, 30, 1
34, 30, 9
34, 30, 21
34, 32, 35
34, 33, 8
34, 34, 4
34, 34, 43
34, 35, 49
34, 36, 36
34, 36, 41
34, 37, 25
34, 37, 26
34, 38, 13
34, 39, 6
34, 39, 48
34, 40, 22
34, 42, 7
34, 42, 42
34, 42, 50
34, 46, 32
34, 47, 42
34, 48, 8
34, 49, 36
34, 50, 47
34, 51, 9
34, 51, 10
34, 52, 24
34, 53, 10
34, 53, 26
34, 55, 7
34, 55, 11
34, 55, 16
34, 55, 24
34, 56, 6
34, 56, 23
34, 57, 10
34, 57, 51
34, 58, 39
34, 59, 45
34, 61, 13
34, 61, 16
34, 63, 32
34, 65, 14
34, 66, 5
34, 66, 28
34, 67, 12
34, 67, 16
34, 67, 36
34, 70, 35
34, 71, 9
34, 73, 30
34, 75, 1
34, 75, 14
34, 75, 41
34, 81, 29
34, 81, 38
34, 82, 11
34, 84, 18
34, 85, 31
34, 86, 10
34, 86, 18
34, 90, 36
34, 93, 15
34, 93, 35
34, 94, 10
34, 95, 4
34, 96, 46
34, 98, 48
34, 99, 56
35, 1, 37
35, 3, 51
35, 4, 26
35, 4, 31
35, 4, 36
35, 6, 27
35, 6, 34
35, 7, 22
35, 8, 41
35, 13, 10
35, 13, 16
35, 14, 1
35, 14, 11
35, 14, 30
35, 15, 6
35, 15, 16
35, 17, 26
35, 18, 16
35, 19, 27
35, 19, 43
35, 21, 6
35, 22, 22
35, 25, 32
35, 25, 49
35, 26, 7
35, 26, 17
35, 27, 32
35, 27, 49
35, 31, 19
35, 31, 42
35, 32, 2
35, 35, 42
35, 36, 34
35, 37, 38
35, 38, 3
35, 40, 34
35, 40, 40
35, 41, 1
35, 41, 33
35, 42, 4
35, 42, 25
35, 43, 44
35, 45, 32
35, 45, 47
35, 47, 3
35, 47, 51
35, 48, 23
35, 49, 34
35, 52, 38
35, 55, 54
35, 57, 8
35, 57, 34
35, 58, 21
35, 59, 48
35, 60, 27
35, 62, 16
35, 62, 23
35, 63, 42
35, 64, 1
35, 65, 29
35, 65, 30
35, 65, 52
35, 70, 36
35, 72, 27
35, 73, 1
35, 73, 10
35, 74, 22
35, 75, 6
35, 75, 16
35, 76, 19
35, 76, 41
35, 77, 28
35, 78, 8
35, 78, 18
35, 81, 22
35, 82, 33
35, 82, 37
35, 83, 29
35, 84, 21
35, 85, 4
35, 85, 28
35, 86, 27
35, 86, 42
35, 87, 23
35, 87, 25
35, 88, 10
35, 89, 41
35, 89, 49
35, 92, 30
35, 94, 9
35, 94, 19
35, 94, 29
35, 95, 25
35, 95, 30
35, 97, 42
35, 98, 3
35, 98, 13
35, 98, 26
35, 98, 32
36, 2, 40
36, 2, 41
36, 3, 41
36, 4, 1
36, 4, 54
36, 5, 17
36, 6, 31
36, 7, 23
36, 8, 22
36, 10, 52
36, 11, 23
36, 11, 31
36, 14, 22
36, 14, 46
36, 19, 38
36, 20, 14
36, 21, 49
36, 23, 5
36, 23, 31
36, 23, 52
36, 24, 21
36, 26, 20
36, 27, 2
36, 30, 22
36, 30, 25
36, 30, 33
36, 31, 21
36, 33, 46
36, 34, 8
36, 35, 25
36, 41, 10
36, 41, 48
36, 42, 18
36, 43, 32
36, 46, 25
36, 50, 24
36, 50, 27
36, 50, 38
36, 50, 45
36, 56, 50
36, 58, 32
36, 61, 15
36, 62, 5
36, 62, 26
36, 63, 32
36, 64, 52
36, 68, 37
36, 71, 33
36, 73, 8
36, 73, 36
36, 75, 24
36, 75, 48
36, 76, 42
36, 80, 23
36, 80, 33
36, 81, 17
36, 84, 14
36, 88, 21
36, 88, 40
36, 90, 31
36, 91, 22
36, 92, 5
36, 92, 46
36, 94, 39
36, 97, 42
36, 100, 10
36, 100, 25
36, 100, 46
37, 1, 34
37, 2, 32
37, 2, 43
37, 3, 19
37, 5, 11
37, 5, 33
37, 6, 20
37, 9, 14
37, 9, 16
37, 10, 6
37, 11, 6
37, 12, 17
37, 14, 1
37, 14, 46
37, 15, 38
37, 16, 35
37, 20, 26
37, 20, 29
37, 22, 14
37, 23, 2
37, 25, 15
37, 25, 30
37, 26, 7
37, 29, 29
37, 29, 41
37, 30, 1
37, 31, 15
37, 32, 18
37, 34, 11
37, 35, 1
37, 36, 4
37, 37, 5
37, 40, 30
37, 40, 52
37, 43, 1
37, 43, 23
37, 43, 26
37, 45, 17
37, 46, 17
37, 47, 3
37, 49, 2
37, 49, 43
37, 50, 13
37, 50, 20
37, 50, 38
37, 51, 20
37, 51, 38
37, 52, 37
37, 53, 8
37, 54, 18
37, 54, 42
37, 55, 20
37, 56, 3
37, 56, 43
37, 57, 1
37, 57, 50
37, 58, 38
37, 61, 16
37, 61, 46
37, 62, 46
37, 63, 33
37, 65, 14
37, 66, 10
37, 66, 48
37, 67, 32
37, 67, 34
37, 68, 15
37, 69, 51
37, 70, 48
37, 71, 7
37, 72, 5
37, 72, 9
37, 73, 32
37, 73, 49
37, 74, 13
37, 74, 35
37, 75, 38
37, 76, 19
37, 77, 24
37, 77, 44
37, 78, 41
37, 80, 56
37, 81, 2
37, 81, 38
37, 81, 48
37, 84, 11
37, 84, 29
37, 88, 3
37, 88, 23
37, 92, 30
37, 93, 21
37, 94, 3
37, 94, 7
37, 95, 28
37, 96, 29
37, 97, 50
37, 98, 5
37, 100, 13
37, 100, 52
37, 101, 30
37, 101, 41
38, 2, 24
38, 4, 40
38, 4, 41
38, 5, 8
38, 6, 12
38, 9, 32
38, 11, 2
38, 12, 1
38, 12, 29
38, 12, 53
38, 14, 19
38, 15, 11
38, 15, 26
38, 16, 23
38, 16, 51
38, 21, 27
38, 24, 28
38, 26, 25
38, 26, 53
38, 27, 29
38, 28, 30
38, 31, 32
38, 32, 4
38, 33, 7
38, 33, 16
38, 33, 33
38, 34, 5
38, 34, 17
38, 34, 24
38, 35, 32
38, 36, 29
38, 41, 4
38, 45, 11
38, 45, 20
38, 45, 31
38, 45, 36
38, 45, 47
38, 46, 2
38, 46, 32
38, 47, 2
38, 48, 17
38, 48, 50
38, 49, 11
38, 50, 30
38, 53, 7
38, 54, 47
38, 59, 21
38, 59, 46
38, 61, 3
38, 62, 20
38, 62, 26
38, 64, 30
38, 64, 40
38, 68, 1
38, 68, 44
38, 73, 2
38, 76, 27
38, 76, 55
38, 77, 5
38, 77, 23
38, 81, 27
38, 84, 5
38, 84, 30
38, 85, 12
38, 85, 35
38, 87, 8
38, 87, 51
38, 88, 45
38, 89, 38
38, 90, 19
38, 91, 11
38, 91, 29
38, 93, 17
38, 93, 20
38, 93, 45
38, 97, 2
38, 98, 16
38, 98, 37
38, 99, 32
38, 101, 17
38, 101, 20
39, 2, 11
39, 3, 51
39, 4, 45
39, 6, 46
39, 7, 8
39, 7, 25
39, 8, 4
39, 8, 20
39, 8, 43
39, 9, 1
39, 9, 5
39, 11, 12
39, 11, 26
39, 12, 25
39, 13, 44
39, 15, 29
39, 17, 23
39, 17, 50
39, 18, 6
39, 20, 2
39, 20, 10
39, 20, 49
39, 20, 56
39, 21, 11
39, 21, 51
39, 24, 23
39, 27, 34
39, 29, 6
39, 30, 10
39, 30, 33
39, 30, 37
39, 31, 44
39, 32, 17
39, 33, 6
39, 37, 48
39, 38, 33
39, 38, 40
39, 38, 46
39, 39, 5
39, 40, 6
39, 41, 3
39, 45, 13
39, 45, 23
39, 47, 36
39, 50, 10
39, 51, 12
39, 51, 46
39, 52, 2
39, 54, 34
39, 57, 8
39, 57, 20
39, 58, 33
39, 60, 46
39, 63, 16
39, 63, 24
39, 65, 11
39, 66, 12
39, 66, 23
39, 67, 27
39, 67, 39
39, 68, 11
39, 68, 28
39, 70, 20
39, 70, 21
39, 70, 37
39, 71, 10
39, 71, 23
39, 71, 51
39, 72, 54
39, 75, 34
39, 76, 25
39, 78, 1
39, 78, 13
39, 79, 46
39, 81, 22
39, 83, 44
39, 84, 19
39, 84, 48
39, 86, 27
39, 86, 44
39, 87, 4
39, 87, 40
39, 90, 23
39, 90, 26
39, 94, 40
39, 97, 5
39, 99, 16
40, 2, 21
40, 2, 52
40, 4, 32
40, 8, 18
40, 8, 31
40, 9, 14
40, 10, 9
40, 10, 49
40, 11, 27
40, 12, 17
40, 12, 19
40, 13, 15
40, 13, 32
40, 14, 5
40, 15, 18
40, 16, 11
40, 16, 24
40, 16, 41
40, 17, 32
40, 18, 2
40, 21, 1
40, 21, 4
40, 22, 32
40, 23, 13
40, 26, 42
40, 27, 25
40, 28, 2
40, 32, 16
40, 32, 38
40, 32, 40
40, 32, 50
40, 34, 47
40, 35, 34
40, 35, 39
40, 37, 4
40, 37, 17
40, 37, 44
40, 38, 33
40, 38, 42
40, 39, 11
40, 40, 18
40, 40, 30
40, 40, 31
40, 42, 27
40, 43, 49
40, 44, 13
40, 46, 30
40, 49, 27
40, 50, 11
40, 52, 7
40, 52, 37
40, 53, 43
40, 54, 7
40, 56, 10
40, 57, 31
40, 57, 34
40, 58, 4
40, 59, 42
40, 59, 46
40, 61, 12
40, 61, 36
40, 64, 16
40, 64, 32
40, 66, 29
40, 67, 38
40, 70, 44
40, 73, 21
40, 73, 31
40, 73, 38
40, 74, 1
40, 74, 41
40, 75, 4
40, 75, 33
40, 76, 24
40, 76, 28
40, 77, 9
40, 78, 18
40, 78, 27
40, 79, 34
40, 81, 14
40, 82, 11
40, 82, 24
40, 83, 5
40, 83, 19
40, 84, 24
40, 86, 7
40, 87, 40
40, 88, 30
40, 90, 20
40, 91, 47
40, 94, 16
40, 94, 46
40, 94, 53
40, 95, 3
40, 96, 26
40, 96, 34
40, 97, 32
40, 98, 11
40, 98, 38
40, 99, 36
40, 100, 26
40, 101, 26
41, 3, 46
41, 4, 5
41, 4, 51
41, 5, 17
41, 6, 34
41, 12, 16
41, 13, 8
41, 13, 45
41, 16, 3
41, 16, 44
41, 18, 15
41, 20, 3
41, 20, 31
41, 21, 27
41, 23, 38
41, 26, 6
41, 26, 7
41, 26, 19
41, 27, 12
41, 27, 45
41, 28, 13
41, 31, 9
41, 32, 14
41, 32, 37
41, 33, 31
41, 35, 34
41, 36, 6
41, 36, 19
41, 37, 11
41, 37, 38
41, 37, 52
41, 39, 50
41, 40, 6
41, 40, 37
41, 41, 40
41, 43, 4
41, 43, 55
41, 44, 10
41, 44, 17
41, 47, 17
41, 50, 54
41, 51, 24
41, 52, 5
41, 52, 49
41, 53, 46
41, 54, 46
41, 59, 16
41, 60, 6
41, 61, 54
41, 62, 34
41, 62, 41
41, 64, 30
41, 65, 3
41, 68, 3
41, 68, 56
41, 72, 34
41, 73, 42
41, 75, 13
41, 75, 36
41, 78, 40
41, 80, 36
41, 82, 26
41, 83, 4
41, 84, 44
41, 85, 49
41, 86, 22
41, 87, 33
41, 88, 27
41, 88, 45
41, 89, 19
41, 90, 35
41, 90, 37
41, 91, 38
41, 93, 9
41, 93, 38
41, 96, 44
41, 97, 9
41, 99, 55
41, 100, 6
41, 100, 38
42, 1, 5
42, 1, 17
42, 2, 23
42, 3, 35
42, 5, 43
42, 5, 46
42, 9, 26
42, 10, 47
42, 11, 19
42, 12, 41
42, 13, 9
42, 14, 50
42, 16, 37
42, 18, 18
42, 18, 27
42, 18, 37
42, 18, 39
42, 18, 42
42, 19, 45
42, 20, 14
42, 20, 40
42, 21, 47
42, 25, 4
42, 25, 38
42, 25, 50
42, 26, 2
42, 27, 45
42, 30, 30
42, 31, 29
42, 31, 48
42, 32, 22
42, 37, 1
42, 37, 13
42, 38, 49
42, 39, 9
42, 39, 19
42, 40, 22
42, 44, 3
42, 44, 7
42, 44, 10
42, 46, 3
42, 48, 12
42, 49, 41
42, 50, 8
42, 50, 9
42, 51, 23
42, 51, 41
42, 53, 21
42, 54, 46
42, 55, 37
42, 56, 28
42, 56, 47
42, 58, 31
42, 59, 50
42, 61, 26
42, 62, 21
42, 64, 11
42, 64, 23
42, 64, 34
42, 66, 12
42, 67, 2
42, 71, 38
42, 72, 1
42, 72, 45
42, 75, 4
42, 75, 51
42, 77, 1
42, 77, 48
42, 78, 2
42, 78, 21
42, 79, 39
42, 80, 5
42, 81, 40
42, 82, 3
42, 83, 31
42, 83, 51
42, 84, 8
42, 84, 39
42, 85, 14
42, 85, 21
42, 86, 19
42, 87, 29
42, 87, 30
42, 88, 22
42, 89, 10
42, 90, 19
42, 90, 35
42, 91, 5
42, 91, 38
42, 92, 9
42, 92, 26
42, 92, 33
42, 95, 40
42, 96, 30
42, 97, 17
42, 99, 46
42, 101, 40
43, 1, 4
43, 1, 49
43, 2, 21
43, 3, 4
43, 3, 40
43, 4, 38
43, 7, 13
43, 7, 21
43, 9, 11
43, 9, 22
43, 11, 2
43, 11, 12
43, 12, 40
43, 13, 34
43, 16, 43
43, 19, 35
43, 20, 21
43, 22, 5
43, 22, 8
43, 22, 18
43, 22, 36
43, 23, 24
43, 26, 35
43, 27, 39
43, 28, 3
43, 30, 11
43, 31, 15
43, 34, 36
43, 34, 55
43, 35, 8
43, 35, 24
43, 35, 25
43, 35, 30
43, 38, 9
43, 39, 47
43, 40, 26
43, 41, 5
43, 42, 41
43, 44, 22
43, 44, 35
43, 45, 15
43, 45, 19
43, 46, 7
43, 46, 33
43, 47, 40
43, 48, 12
43, 49, 8
43, 52, 37
43, 55, 25
43, 55, 49
43, 57, 15
43, 57, 47
43, 58, 17
43, 60, 11
43, 62, 18
43, 63, 38
43, 63, 49
43, 63, 50
43, 64, 29
43, 64, 33
43, 64, 52
43, 65, 33
43, 66, 24
43, 69, 29
43, 70, 19
43, 70, 20
43, 74, 4
43, 74, 34
43, 74, 51
43, 75, 35
43, 76, 10
43, 76, 20
43, 76, 39
43, 76, 46
43, 77, 8
43, 77, 34
43, 78, 42
43, 78, 48
43, 80, 15
43, 81, 4
43, 82, 49
43, 83, 39
43, 86, 21
43, 86, 32
43, 89, 29
43, 89, 43
43, 90, 39
43, 92, 13
43, 92, 15
43, 92, 36
43, 93, 13
43, 94, 22
43, 94, 30
43, 95, 29
43, 97, 39
43, 97, 55
43, 98, 21
43, 98, 35
43, 101, 17
43, 101, 30
44, 3, 46
44, 5, 9
44, 5, 47
44, 6, 15
44, 6, 30
44, 6, 32
44, 8, 40
44, 9, 17
44, 10, 8
44, 11, 43
44, 11, 44
44, 12, 15
44, 16, 1
44, 19, 29
44, 21, 42
44, 21, 46
44, 22, 20
44, 23, 2
44, 24, 44
44, 25, 24
44, 27, 32
44, 29, 2
44, 30, 28
44, 33, 34
44, 33, 50
44, 36, 42
44, 37, 36
44, 39, 7
44, 39, 35
44, 46, 34
44, 46, 39
44, 48, 45
44, 51, 9
44, 51, 15
44, 52, 19
44, 52, 50
44, 54, 11
44, 54, 35
44, 55, 11
44, 55, 17
44, 55, 22
44, 55, 56
44, 56, 6
44, 57, 20
44, 57, 38
44, 57, 41
44, 58, 21
44, 58, 38
44, 59, 38
44, 59, 48
44, 60, 44
44, 62, 32
44, 64, 11
44, 66, 29
44, 67, 18
44, 67, 30
44, 69, 26
44, 69, 49
44, 70, 36
44, 71, 24
44, 71, 40
44, 72, 40
44, 80, 11
44, 80, 20
44, 81, 27
44, 82, 24
44, 82, 36
44, 84, 2
44, 86, 17
44, 86, 34
44, 86, 36
44, 86, 47
44, 89, 19
44, 89, 28
44, 89, 50
44, 90, 40
44, 91, 50
44, 92, 20
44, 93, 9
44, 96, 6
44, 96, 33
44, 97, 19
44, 97, 57
44, 99, 1
44, 100, 15
45, 1, 23
45, 2, 2
45, 2, 26
45, 3, 34
45, 5, 23
45, 7, 49
45, 8, 33
45, 8, 37
45, 9, 3
45, 9, 26
45, 9, 40
45, 14, 6
45, 15, 21
45, 15, 25
45, 15, 45
45, 17, 31
45, 17, 40
45, 18, 16
45, 18, 45
45, 21, 5
45, 22, 3
45, 22, 24
45, 24, 10
45, 24, 40
45, 25, 8
45, 27, 12
45, 27, 15
45, 28, 14
45, 28, 37
45, 29, 21
45, 30, 8
45, 30, 29
45, 30, 42
45, 31, 46
45, 35, 44
45, 36, 33
45, 37, 2
45, 37, 3
45, 39, 45
45, 41, 19
45, 42, 18
45, 43, 23
45, 43, 44
45, 43, 50
45, 45, 1
45, 45, 25
45, 46, 35
45, 47, 11
45, 47, 14
45, 47, 22
45, 47, 47
45, 50, 34
45, 50, 40
45, 51, 20
45, 59, 25
45, 60, 2
45, 63, 37
45, 66, 6
45, 66, 42
45, 67, 41
45, 68, 29
45, 68, 42
45, 69, 6
45, 70, 7
45, 71, 34
45, 74, 2
45, 77, 7
45, 77, 16
45, 77, 22
45, 77, 42
45, 77, 44
45, 78, 19
45, 78, 29
45, 78, 31
45, 80, 35
45, 81, 19
45, 81, 21
45, 81, 23
45, 81, 48
45, 82, 12
45, 84, 22
45, 86, 40
45, 87, 12
45, 88, 27
45, 90, 5
45, 90, 23
45, 91, 33
45, 92, 5
45, 93, 12
45, 93, 25
45, 95, 19
45, 95, 41
45, 95, 46
45, 97, 15
45, 97, 20
45, 97, 46
45, 98, 2
45, 99, 16
45, 99, 29
45, 99, 53
45, 100, 8
45, 101, 49
45, 101, 50
46, 1, 49
46, 2, 5
46, 4, 54
46, 6, 2
46, 6, 36
46, 8, 39
46, 8, 48
46, 9, 27
46, 9, 31
46, 9, 38
46, 10, 35
46, 10, 38
46, 14, 9
46, 15, 23
46, 15, 33
46, 18, 13
46, 18, 33
46, 19, 11
46, 19, 42
46, 20, 8
46, 20, 37
46, 20, 43
46, 22, 21
46, 22, 22
46, 25, 14
46, 27, 1
46, 27, 8
46, 27, 30
46, 30, 22
46, 30, 54
46, 31, 13
46, 31, 38
46, 31, 47
46, 33, 50
46, 35, 2
46, 39, 3
46, 39, 22
46, 42, 30
46, 42, 48
46, 44, 6
46, 45, 19
46, 47, 47
46, 48, 2
46, 48, 27
46, 48, 39
46, 49, 40
46, 49, 49
46, 52, 28
46, 54, 40
46, 57, 40
46, 58, 49
46, 59, 1
46, 59, 4
46, 61, 22
46, 63, 1
46, 66, 21
46, 67, 23
46, 68, 10
46, 68, 14
46, 68, 32
46, 68, 34
46, 69, 14
46, 69, 17
46, 70, 3
46, 70, 11
46, 74, 15
46, 75, 16
46, 76, 2
46, 76, 29
46, 76, 42
46, 77, 23
46, 77, 24
46, 79, 43
46, 80, 1
46, 82, 30
46, 83, 53
46, 84, 15
46, 84, 26
46, 85, 8
46, 85, 17
46, 87, 14
46, 89, 30
46, 93, 50
46, 94, 13
46, 97, 32
46, 98, 24
46, 99, 22
46, 99, 47
46, 100, 12
47, 2, 26
47, 4, 9
47, 5, 15
47, 5, 31
47, 6, 11
47, 8, 5
47, 8, 22
47, 8, 49
47, 11, 2
47, 11, 14
47, 11, 42
47, 11, 44
47, 14, 21
47, 16, 25
47, 17, 23
47, 18, 38
47, 20, 5
47, 24, 8
47, 25, 6
47, 25, 17
47, 26, 46
47, 26, 50
47, 27, 1
47, 27, 52
47, 29, 5
47, 29, 14
47, 29, 50
47, 30, 42
47, 31, 19
47, 31, 40
47, 32, 23
47, 33, 10
47, 34, 22
47, 35, 24
47, 41, 6
47, 41, 21
47, 41, 34
47, 42, 10
47, 42, 26
47, 42, 42
47, 43, 40
47, 44, 22
47, 46, 5
47, 46, 24
47, 48, 12
47, 51, 12
47, 52, 4
47, 52, 18
47, 55, 20
47, 57, 9
47, 57, 31
47, 59, 7
47, 61, 21
47, 62, 40
47, 63, 40
47, 65, 29
47, 65, 34
47, 67, 16
47, 67, 37
47, 68, 5
47, 68, 38
47, 69, 48
47, 71, 22
47, 71, 36
47, 72, 6
47, 73, 33
47, 75, 44
47, 80, 15
47, 80, 53
47, 81, 13
47, 82, 51
47, 83, 26
47, 85, 18
47, 86, 23
47, 89, 44
47, 91, 46
47, 92, 46
47, 93, 33
47, 96, 18
47, 100, 28
47, 101, 46
48, 1, 12
48, 2, 29
48, 3, 16
48, 3, 19
48, 4, 47
48, 4, 53
48, 5, 52
48, 8, 4
48, 8, 12
48, 9, 13
48, 10, 11
48, 11, 23
48, 12, 16
48, 13, 24
48, 13, 40
48, 14, 50
48, 16, 4
48, 16, 5
48, 17, 33
48, 20, 28
48, 20, 47
48, 21, 4
48, 21, 43
48, 22, 5
48, 22, 35
48, 24, 1
48, 24, 24
48, 25, 42
48, 25, 53
48, 27, 25
48, 27, 29
48, 27, 32
48, 30, 9
48, 30, 22
48, 30, 41
48, 32, 30
48, 32, 47
48, 33, 10
48, 33, 37
48, 36, 20
48, 36, 26
48, 38, 19
48, 39, 42
48, 40, 8
48, 40, 11
48, 40, 29
48, 40, 35
48, 41, 37
48, 42, 24
48, 44, 15
48, 52, 28
48, 54, 28
48, 54, 53
48, 55, 27
48, 56, 18
48, 56, 26
48, 56, 47
48, 57, 28
48, 59, 2
48, 59, 39
48, 60, 2
48, 60, 18
48, 60, 51
48, 61, 27
48, 61, 35
48, 61, 43
48, 61, 53
48, 63, 1
48, 65, 3
48, 69, 3
48, 69, 54
48, 74, 25
48, 76, 45
48, 76, 52
48, 77, 12
48, 78, 35
48, 79, 2
48, 79, 11
48, 79, 16
48, 81, 38
48, 83, 43
48, 84, 25
48, 85, 9
48, 86, 22
48, 86, 28
48, 88, 5
48, 88, 35
48, 89, 1
48, 89, 16
48, 89, 46
48, 91, 13
48, 91, 22
48, 92, 4
48, 92, 35
48, 93, 3
48, 94, 42
48, 95, 53
48, 98, 21
48, 99, 5
48, 100, 10
48, 100, 40
49, 2, 44
49, 3, 7
49, 3, 47
49, 6, 28
49, 7, 13
49, 7, 18
49, 7, 26
49, 7, 27
49, 7, 49
49, 9, 39
49, 9, 40
49, 10, 45
49, 11, 7
49, 11, 41
49, 12, 26
49, 12, 28
49, 12, 31
49, 12, 42
49, 13, 11
49, 13, 13
49, 13, 44
49, 15, 15
49, 16, 51
49, 17, 44
49, 18, 14
49, 18, 41
49, 18, 47
49, 20, 19
49, 20, 24
49, 20, 38
49, 21, 15
49, 21, 54
49, 23, 1
49, 23, 40
49, 24, 20
49, 26, 19
49, 26, 46
49, 27, 4
49, 27, 21
49, 27, 36
49, 28, 40
49, 29, 29
49, 30, 13
49, 32, 17
49, 32, 39
49, 33, 14
49, 33, 27
49, 34, 32
49, 34, 45
49, 36, 43
49, 37, 46
49, 39, 24
49, 42, 18
49, 42, 38
49, 44, 10
49, 44, 37
49, 45, 23
49, 46, 51
49, 47, 8
49, 47, 28
49, 48, 2
49, 48, 18
49, 50, 21
49, 50, 35
49, 50, 44
49, 51, 8
49, 51, 51
49, 52, 24
49, 54, 6
49, 54, 38
49, 56, 21
49, 57, 13
49, 63, 22
49, 63, 29
49, 64, 22
49, 64, 27
49, 65, 14
49, 66, 2
49, 66, 15
49, 66, 43
49, 67, 31
49, 68, 49
49, 69, 27
49, 69, 30
49, 71, 10
49, 72, 11
49, 72, 47
49, 75, 3
49, 75, 28
49, 76, 27
49, 78, 1
49, 78, 27
49, 78, 32
49, 79, 41
49, 82, 26
49, 83, 44
49, 83, 51
49, 84, 17
49, 84, 45
49, 85, 2
49, 86, 6
49, 86, 42
49, 86, 51
49, 87, 23
49, 87, 53
49, 89, 4
49, 89, 47
49, 90, 11
49, 90, 18
49, 91, 27
49, 93, 23
49, 93, 32
49, 94, 13
49, 95, 4
49, 96, 13
49, 96, 28
49, 101, 21
50, 2, 6
50, 3, 23
50, 3, 41
50, 6, 11
50, 7, 2
50, 7, 40
50, 7, 44
50, 12, 41
50, 13, 5
50, 14, 44
50, 18, 14
50, 18, 20
50, 20, 12
50, 29, 26
50, 29, 28
50, 30, 18
50, 32, 24
50, 33, 2
50, 33, 9
50, 36, 24
50, 36, 32
50, 36, 38
50, 41, 3
50, 43, 13
50, 43, 40
50, 44, 26
50, 47, 40
50, 49, 38
50, 50, 8
50, 50, 43
50, 51, 8
50, 52, 8
50, 53, 51
50, 56, 16
50, 57, 39
50, 57, 46
50, 58, 6
50, 60, 23
50, 61, 41
50, 66, 11
50, 74, 34
50, 75, 35
50, 76, 2
50, 77, 28
50, 77, 44
50, 79, 9
50, 79, 40
50, 81, 12
50, 87, 3
50, 87, 7
50, 87, 47
50, 89, 9
50, 92, 6
50, 92, 16
50, 92, 24
50, 92, 35
50, 94, 46
50, 95, 30
50, 100, 5
50, 100, 19
51, 1, 3
51, 2, 39
51, 3, 32
51, 4, 14
51, 4, 19
51, 4, 32
51, 5, 24
51, 5, 37
51, 5, 42
51, 6, 38
51, 8, 7
51, 8, 23
51, 12, 26
51, 14, 2
51, 15, 32
51, 16, 41
51, 18, 2
51, 20, 38
51, 21, 17
51, 23, 46
51, 24, 9
51, 25, 17
51, 26, 32
51, 28, 21
51, 30, 11
51, 30, 27
51, 30, 49
51, 32, 3
51, 32, 27
51, 32, 32
51, 34, 7
51, 34, 15
51, 34, 47
51, 36, 50
51, 37, 46
51, 38, 4
51, 38, 6
51, 40, 16
51, 44, 46
51, 45, 22
51, 45, 24
51, 46, 13
51, 46, 17
51, 47, 8
51, 48, 4
51, 48, 18
51, 48, 21
51, 48, 42
51, 49, 32
51, 50, 23
51, 50, 27
51, 51, 21
51, 53, 16
51, 53, 36
51, 54, 43
51, 54, 56
51, 57, 46
51, 58, 56
51, 59, 13
51, 59, 34
51, 60, 30
51, 60, 44
51, 61, 20
51, 62, 5
51, 62, 15
51, 62, 47
51, 63, 10
51, 64, 14
51, 65, 5
51, 66, 51
51, 68, 7
51, 69, 29
51, 69, 47
51, 70, 14
51, 70, 35
51, 73, 2
51, 74, 9
51, 75, 15
51, 76, 8
51, 76, 28
51, 76, 37
51, 77, 48
51, 78, 47
51, 80, 11
51, 80, 43
51, 81, 15
51, 81, 44
51, 82, 4
51, 82, 20
51, 82, 22
51, 84, 30
51, 86, 30
51, 86, 40
51, 87, 14
51, 89, 16
51, 89, 42
51, 89, 55
51, 91, 19
51, 92, 24
51, 92, 28
51, 94, 39
51, 94, 40
51, 95, 16
51, 95, 32
51, 95, 37
51, 96, 15
51, 96, 44
51, 97, 46
51, 98, 49
51, 99, 3
51, 100, 7
51, 100, 24
51, 101, 17
52, 1, 29
52, 1, 43
52, 3, 24
52, 3, 29
52, 5, 29
52, 6, 13
52, 6, 22
52, 8, 17
52, 8, 41
52, 10, 33
52, 11, 7
52, 11, 21
52, 13, 10
52, 13, 41
52, 15, 24
52, 20, 18
52, 21, 45
52, 23, 27
52, 23, 36
52, 25, 20
52, 26, 12
52, 27, 7
52, 27, 32
52, 32, 16
52, 33, 3
52, 35, 1
52, 35, 17
52, 35, 27
52, 35, 35
52, 35, 40
52, 36, 20
52, 37, 22
52, 37, 30
52, 38, 19
52, 38, 33
52, 38, 39
52, 39, 29
52, 40, 2
52, 40, 15
52, 40, 44
52, 45, 1
52, 46, 8
52, 51, 29
52, 52, 31
52, 53, 8
52, 53, 36
52, 56, 45
52, 58, 22
52, 60, 4
52, 61, 27
52, 63, 2
52, 63, 20
52, 65, 43
52, 67, 2
52, 68, 36
52, 69, 7
52, 69, 46
52, 71, 51
52, 72, 20
52, 72, 37
52, 75, 18
52, 76, 10
52, 80, 32
52, 82, 13
52, 83, 12
52, 86, 12
52, 87, 8
52, 93, 16
52, 93, 44
52, 95, 1
52, 97, 45
52, 98, 26
52, 98, 32
52, 100, 38
52, 101, 33
53, 1, 23
53, 1, 29
53, 3, 7
53, 3, 19
53, 3, 30
53, 3, 53
53, 6, 16
53, 9, 13
53, 9, 14
53, 9, 19
53, 9, 27
53, 9, 38
53, 10, 18
53, 10, 35
53, 11, 46
53, 12, 24
53, 12, 30
53, 12, 35
53, 17, 38
53, 19, 6
53, 20, 12
53, 20, 53
53, 21, 1
53, 22, 9
53, 23, 2
53, 25, 15
53, 28, 8
53, 28, 11
53, 28, 21
53, 28, 32
53, 28, 33
53, 30, 39
53, 31, 22
53, 31, 39
53, 32, 21
53, 36, 29
53, 39, 10
53, 40, 15
53, 40, 48
53, 42, 33
53, 43, 7
53, 43, 36
53, 43, 38
53, 44, 34
53, 45, 14
53, 45, 31
53, 47, 2
53, 48, 53
53, 49, 38
53, 50, 43
53, 50, 48
53, 51, 11
53, 52, 10
53, 53, 9
53, 54, 41
53, 57, 7
53, 57, 31
53, 57, 54
53, 58, 29
53, 60, 44
53, 61, 9
53, 61, 54
53, 62, 5
53, 62, 39
53, 64, 21
53, 65, 50
53, 66, 5
53, 68, 50
53, 68, 53
53, 69, 31
53, 71, 20
53, 71, 43
53, 73, 16
53, 73, 31
53, 75, 3
53, 75, 43
53, 77, 22
53, 78, 21
53, 79, 49
53, 84, 34
53, 84, 44
53, 86, 13
53, 87, 24
53, 87, 42
53, 90, 15
53, 91, 10
53, 93, 8
53, 93, 31
53, 95, 21
53, 97, 44
54, 1, 15
54, 2, 2
54, 2, 42
54, 4, 10
54, 4, 44
54, 4, 47
54, 7, 13
54, 8, 6
54, 10, 2
54, 10, 29
54, 14, 19
54, 14, 43
54, 15, 18
54, 16, 23
54, 16, 47
54, 18, 20
54, 18, 46
54, 18, 50
54, 19, 4
54, 19, 41
54, 21, 30
54, 21, 42
54, 23, 39
54, 26, 13
54, 26, 21
54, 26, 36
54, 29, 4
54, 29, 41
54, 32, 8
54, 32, 50
54, 33, 24
54, 33, 35
54, 34, 28
54, 35, 34
54, 36, 44
54, 38, 33
54, 41, 42
54, 42, 15
54, 42, 31
54, 45, 4
54, 48, 17
54, 48, 51
54, 50, 25
54, 51, 20
54, 52, 25
54, 54, 28
54, 55, 2
54, 55, 27
54, 55, 37
54, 56, 32
54, 57, 44
54, 57, 47
54, 61, 10
54, 63, 17
54, 65, 51
54, 66, 40
54, 68, 13
54, 68, 41
54, 70, 39
54, 72, 4
54, 73, 31
54, 75, 26
54, 75, 34
54, 76, 29
54, 77, 14
54, 78, 16
54, 86, 14
54, 87, 2
54, 87, 33
54, 88, 21
54, 88, 49
54, 89, 6
54, 89, 15
54, 89, 17
54, 89, 20
54, 89, 23
54, 89, 37
54, 90, 6
54, 90, 47
54, 91, 24
54, 92, 19
54, 95, 21
54, 96, 18
54, 98, 41
55, 1, 20
55, 3, 26
55, 3, 46
55, 4, 28
55, 6, 2
55, 7, 8
55, 7, 26
55, 8, 53
55, 9, 1
55, 9, 17
55, 10, 51
55, 13, 16
55, 14, 34
55, 14, 42
55, 15, 5
55, 16, 40
55, 16, 41
55, 18, 56
55, 22, 14
55, 24, 60
55, 26, 15
55, 26, 38
55, 26, 41
55, 28, 8
55, 29, 19
55, 31, 17
55, 31, 31
55, 32, 32
55, 34, 22
55, 34, 39
55, 36, 17
55, 37, 18
55, 38, 15
55, 39, 48
55, 40, 59
55, 41, 12
55, 42, 42
55, 44, 15
55, 45, 49
55, 47, 23
55, 47, 45
55, 49, 47
55, 51, 34
55, 54, 45
55, 55, 29
55, 56, 17
55, 56, 28
55, 58, 30
55, 59, 4
55, 59, 13
55, 59, 39
55, 59, 58
55, 61, 7
55, 61, 8
55, 61, 29
55, 62, 8
55, 63, 44
55, 65, 50
55, 66, 19
55, 68, 17
55, 69, 11
55, 70, 14
55, 70, 23
55, 71, 51
55, 77, 11
55, 78, 23
55, 79, 17
55, 80, 45
55, 81, 40
55, 82, 2
55, 82, 26
55, 83, 45
55, 86, 8
55, 87, 31
55, 88, 2
55, 88, 41
55, 90, 25
55, 90, 31
55, 90, 35
55, 92, 5
55, 92, 9
55, 95, 34
55, 96, 38
55, 97, 2
55, 98, 10
55, 99, 26
55, 100, 39
56, 2, 8
56, 3, 38
56, 5, 37
56, 6, 47
56, 6, 48
56, 8, 36
56, 9, 42
56, 10, 30
56, 11, 12
56, 11, 15
56, 12, 47
56, 13, 1
56, 13, 8
56, 13, 25
56, 13, 38
56, 14, 5
56, 17, 26
56, 17, 40
56, 18, 16
56, 18, 25
56, 18, 50
56, 19, 27
56, 20, 14
56, 20, 24
56, 21, 14
56, 22, 37
56, 25, 32
56, 26, 42
56, 27, 44
56, 28, 13
56, 30, 11
56, 30, 45
56, 30, 49
56, 32, 40
56, 33, 9
56, 36, 9
56, 36, 46
56, 37, 47
56, 38, 14
56, 38, 29
56, 38, 55
56, 39, 21
56, 39, 31
56, 40, 11
56, 40, 28
56, 41, 24
56, 42, 21
56, 43, 43
56, 45, 4
56, 46, 5
56, 46, 45
56, 48, 7
56, 48, 38
56, 48, 49
56, 49, 28
56, 50, 29
56, 50, 33
56, 51, 13
56, 54, 29
56, 57, 8
56, 57, 37
56, 60, 45
56, 63, 6
56, 65, 24
56, 65, 29
56, 65, 41
56, 68, 6
56, 69, 30
56, 72, 55
56, 75, 2
56, 75, 17
56, 75, 25
56, 75, 43
56, 75, 51
56, 77, 13
56, 77, 26
56, 78, 32
56, 78, 38
56, 78, 50
56, 78, 55
56, 85, 6
56, 86, 34
56, 86, 47
56, 87, 32
56, 87, 40
56, 88, 27
56, 90, 21
56, 90, 31
56, 92, 36
56, 92, 42
56, 94, 11
56, 95, 40
56, 97, 1
56, 97, 48
56, 98, 35
56, 99, 12
56, 99, 44
57, 2, 21
57, 4, 35
57, 5, 16
57, 7, 23
57, 8, 55
57, 10, 26
57, 11, 6
57, 11, 41
57, 12, 24
57, 14, 14
57, 17, 22
57, 17, 39
57, 17, 50
57, 18, 30
57, 19, 1
57, 19, 6
57, 21, 17
57, 23, 37
57, 24, 10
57, 26, 47
57, 27, 12
57, 27, 47
57, 29, 35
57, 29, 38
57, 31, 29
57, 32, 11
57, 32, 13
57, 34, 14
57, 35, 8
57, 35, 30
57, 35, 41
57, 36, 41
57, 36, 49
57, 37, 8
57, 38, 18
57, 38, 37
57, 41, 10
57, 41, 27
57, 43, 25
57, 43, 34
57, 44, 54
57, 45, 9
57, 45, 22
57, 46, 4
57, 47, 37
57, 47, 39
57, 50, 14
57, 50, 29
57, 50, 44
57, 54, 4
57, 54, 23
57, 54, 24
57, 56, 24
57, 58, 17
57, 58, 22
57, 62, 30
57, 62, 35
57, 63, 16
57, 64, 4
57, 64, 54
57, 65, 47
57, 67, 8
57, 67, 30
57, 68, 55
57, 71, 51
57, 72, 42
57, 73, 11
57, 73, 49
57, 75, 47
57, 77, 43
57, 78, 15
57, 79, 26
57, 79, 52
57, 80, 4
57, 80, 29
57, 81, 3
57, 81, 6
57, 81, 23
57, 85, 9
57, 85, 50
57, 86, 30
57, 86, 36
57, 89, 22
57, 89, 39
57, 89, 41
57, 91, 21
57, 91, 25
57, 92, 24
57, 92, 45
57, 93, 12
57, 93, 36
57, 96, 13
57, 96, 47
57, 98, 14
57, 99, 10
57, 99, 16
57, 99, 41
58, 1, 17
58, 1, 41
58, 2, 33
58, 2, 38
58, 2, 40
58, 3, 10
58, 3, 16
58, 3, 27
58, 9, 13
58, 9, 21
58, 11, 36
58, 11, 45
58, 12, 6
58, 12, 52
58, 13, 22
58, 14, 14
58, 14, 36
58, 15, 20
58, 15, 22
58, 15, 44
58, 16, 8
58, 17, 55
58, 19, 49
58, 20, 47
58, 21, 40
58, 23, 5
58, 23, 13
58, 28, 8
58, 28, 27
58, 28, 35
58, 28, 49
58, 30, 32
58, 31, 3
58, 33, 6
58, 33, 38
58, 35, 34
58, 36, 6
58, 37, 44
58, 38, 1
58, 43, 50
58, 46, 9
58, 46, 24
58, 46, 35
58, 47, 28
58, 49, 13
58, 53, 41
58, 54, 16
58, 54, 28
58, 54, 46
58, 56, 10
58, 56, 46
58, 57, 32
58, 59, 16
58, 60, 46
58, 61, 7
58, 63, 32
58, 65, 41
58, 66, 13
58, 66, 21
58, 66, 26
58, 69, 36
58, 70, 40
58, 71, 45
58, 74, 4
58, 74, 7
58, 75, 20
58, 76, 20
58, 76, 32
58, 77, 38
58, 79, 6
58, 79, 48
58, 81, 38
58, 82, 10
58, 83, 1
58, 83, 16
58, 84, 9
58, 85, 3
58, 90, 7
58, 92, 40
58, 92, 52
58, 93, 49
58, 97, 27
58, 99, 36
58, 99, 44
58, 100, 4
58, 100, 22
58, 100, 28
58, 100, 51
59, 1, 44
59, 2, 2
59, 3, 21
59, 3, 26
59, 4, 4
59, 4, 10
59, 4, 49
59, 6, 25
59, 7, 13
59, 7, 23
59, 7, 38
59, 8, 17
59, 9, 2
59, 9, 31
59, 9, 47
59, 9, 48
59, 10, 20
59, 14, 5
59, 14, 23
59, 16, 15
59, 19, 20
59, 19, 48
59, 20, 5
59, 20, 53
59, 21, 7
59, 21, 9
59, 22, 19
59, 22, 28
59, 22, 38
59, 23, 20
59, 25, 36
59, 25, 46
59, 26, 46
59, 27, 50
59, 29, 9
59, 31, 42
59, 32, 2
59, 32, 7
59, 33, 13
59, 33, 16
59, 34, 6
59, 36, 45
59, 37, 36
59, 37, 56
59, 39, 47
59, 43, 4
59, 43, 17
59, 43, 44
59, 43, 51
59, 44, 14
59, 46, 30
59, 46, 59
59, 48, 23
59, 48, 27
59, 52, 8
59, 52, 55
59, 55, 34
59, 56, 28
59, 56, 41
59, 56, 44
59, 57, 7
59, 58, 3
59, 58, 32
59, 58, 36
59, 61, 23
59, 63, 4
59, 65, 50
59, 66, 8
59, 67, 8
59, 67, 21
59, 68, 26
59, 69, 21
59, 75, 11
59, 75, 12
59, 76, 4
59, 76, 51
59, 77, 36
59, 79, 10
59, 81, 2
59, 81, 27
59, 81, 45
59, 81, 53
59, 83, 12
59, 83, 20
59, 83, 26
59, 85, 31
59, 86, 23
59, 86, 37
59, 87, 45
59, 88, 9
59, 88, 13
59, 88, 30
59, 90, 14
59, 92, 8
59, 93, 11
59, 93, 27
59, 93, 38
59, 94, 7
59, 94, 23
59, 95, 40
59, 98, 25
59, 98, 32
59, 99, 9
59, 100, 28
59, 100, 40
59, 100, 48
59, 101, 25
60, 3, 33
60, 3, 34
60, 3, 37
60, 6, 37
60, 8, 19
60, 8, 33
60, 9, 38
60, 9, 54
60, 10, 15
60, 11, 2
60, 11, 34
60, 13, 29
60, 13, 48
60, 14, 4
60, 14, 34
60, 15, 43
60, 17, 3
60, 17, 51
60, 18, 13
60, 19, 15
60, 22, 14
60, 22, 29
60, 23, 11
60, 24, 9
60, 24, 17
60, 25, 11
60, 25, 14
60, 27, 18
60, 28, 22
60, 28, 46
60, 29, 20
60, 30, 3
60, 31, 25
60, 31, 55
60, 33, 50
60, 36, 33
60, 39, 36
60, 46, 6
60, 46, 39
60, 48, 13
60, 51, 48
60, 53, 38
60, 54, 2
60, 54, 20
60, 54, 29
60, 55, 2
60, 55, 11
60, 55, 21
60, 56, 29
60, 56, 44
60, 58, 2
60, 59, 7
60, 59, 15
60, 59, 54
60, 63, 22
60, 63, 27
60, 64, 23
60, 69, 46
60, 70, 37
60, 71, 17
60, 72, 2
60, 72, 44
60, 74, 26
60, 75, 15
60, 77, 1
60, 79, 14
60, 85, 18
60, 85, 19
60, 85, 38
60, 86, 3
60, 87, 13
60, 88, 19
60, 90, 4
60, 90, 29
60, 92, 34
60, 94, 5
60, 94, 25
60, 95, 34
60, 95, 50
60, 100, 4
60, 101, 15
60, 101, 29
61, 2, 35
61, 3, 28
61, 4, 20
61, 4, 26
61, 4, 34
61, 5, 47
61, 7, 1
61, 7, 3
61, 7, 49
61, 8, 4
61, 9, 5
61, 9, 22
61, 9, 28
61, 9, 40
61, 10, 16
61, 12, 51
61, 13, 15
61, 14, 15
61, 16, 24
61, 16, 30
61, 16, 34
61, 18, 23
61, 18, 36
61, 22, 7
61, 22, 41
61, 22, 46
61, 24, 6
61, 26, 14
61, 26, 29
61, 26, 43
61, 28, 7
61, 28, 44
61, 32, 36
61, 33, 7
61, 36, 14
61, 37, 5
61, 38, 46
61, 39, 15
61, 41, 28
61, 44, 26
61, 44, 35
61, 44, 46
61, 47, 5
61, 47, 27
61, 49, 53
61, 50, 48
61, 51, 15
61, 51, 33
61, 53, 24
61, 54, 44
61, 54, 46
61, 56, 30
61, 58, 29
61, 58, 30
61, 58, 35
61, 59, 25
61, 60, 10
61, 60, 30
61, 61, 2
61, 61, 39
61, 61, 42
61, 64, 2
61, 64, 8
61, 64, 47
61, 65, 11
61, 65, 32
61, 65, 36
61, 66, 4
61, 66, 25
61, 67, 35
61, 68, 11
61, 68, 20
61, 69, 1
61, 69, 16
61, 69, 32
61, 72, 11
61, 72, 35
61, 73, 1
61, 73, 56
61, 74, 32
61, 75, 2
61, 75, 14
61, 75, 16
61, 75, 20
61, 75, 22
61, 75, 38
61, 75, 43
61, 76, 8
61, 76, 28
61, 78, 44
61, 79, 11
61, 81, 35
61, 82, 4
61, 82, 41
61, 83, 3
61, 85, 17
61, 88, 43
61, 89, 22
61, 89, 34
61, 91, 2
61, 92, 23
61, 93, 3
61, 94, 26
61, 94, 43
61, 96, 11
61, 96, 28
61, 98, 29
61, 100, 21
61, 101, 34
62, 1, 8
62, 3, 3
62, 8, 5
62, 12, 14
62, 12, 42
62, 13, 28
62, 14, 4
62, 17, 32
62, 19, 1
62, 19, 26
62, 19, 41
62, 20, 7
62, 21, 3
62, 21, 34
62, 22, 22
62, 22, 36
62, 22, 44
62, 22, 52
62, 23, 51
62, 24, 16
62, 24, 27
62, 26, 31
62, 27, 10
62, 27, 20
62, 27, 35
62, 28, 47
62, 29, 8
62, 29, 24
62, 29, 46
62, 30, 13
62, 30, 28
62, 31, 8
62, 32, 35
62, 34, 14
62, 35, 17
62, 35, 47
62, 37, 10
62, 37, 28
62, 40, 21
62, 40, 42
62, 40, 49
62, 41, 24
62, 41, 29
62, 42, 27
62, 43, 13
62, 44, 22
62, 44, 38
62, 47, 10
62, 48, 38
62, 49, 36
62, 50, 20
62, 51, 7
62, 52, 26
62, 53, 32
62, 55, 16
62, 55, 18
62, 55, 24
62, 56, 3
62, 56, 5
62, 56, 18
62, 59, 13
62, 59, 25
62, 60, 38
62, 63, 9
62, 64, 2
62, 64, 45
62, 65, 4
62, 65, 13
62, 66, 11
62, 66, 51
62, 68, 7
62, 68, 34
62, 68, 38
62, 69, 4
62, 72, 27
62, 72, 52
62, 73, 11
62, 73, 17
62, 74, 5
62, 75, 14
62, 78, 40
62, 79, 40
62, 80, 3
62, 81, 7
62, 81, 29
62, 83, 38
62, 84, 8
62, 85, 28
62, 86, 41
62, 87, 35
62, 88, 9
62, 89, 13
62, 90, 19
62, 90, 23
62, 90, 30
62, 91, 49
62, 93, 29
62, 93, 40
62, 94, 32
62, 95, 21
62, 95, 38
62, 95, 46
62, 96, 15
62, 96, 47
62, 99, 5
62, 99, 44
62, 100, 1
63, 2, 26
63, 2, 30
63, 4, 44
63, 5, 31
63, 8, 32
63, 10, 52
63, 13, 4
63, 13, 42
63, 15, 14
63, 18, 21
63, 23, 23
63, 24, 52
63, 30, 2
63, 30, 34
63, 32, 47
63, 35, 4
63, 37, 17
63, 37, 26
63, 38, 28
63, 40, 11
63, 40, 31
63, 41, 11
63, 41, 14
63, 41, 50
63, 43, 41
63, 44, 1
63, 45, 28
63, 47, 39
63, 49, 30
63, 53, 8
63, 53, 14
63, 54, 46
63, 55, 42
63, 56, 34
63, 57, 8
63, 58, 23
63, 59, 3
63, 61, 47
63, 61, 49
63, 63, 28
63, 65, 21
63, 70, 29
63, 71, 12
63, 73, 47
63, 74, 8
63, 74, 25
63, 74, 30
63, 75, 52
63, 76, 10
63, 78, 20
63, 82, 8
63, 86, 26
63, 87, 11
63, 87, 31
63, 87, 42
63, 89, 36
63, 89, 44
63, 90, 4
63, 90, 34
63, 95, 46
63, 96, 11
63, 98, 3
63, 98, 30
63, 99, 32
64, 5, 8
64, 5, 41
64, 6, 16
64, 7, 3
64, 7, 24
64, 8, 13
64, 8, 35
64, 10, 36
64, 11, 34
64, 12, 23
64, 14, 37
64, 15, 3
64, 15, 40
64, 15, 45
64, 16, 28
64, 17, 9
64, 18, 1
64, 18, 9
64, 18, 25
64, 18, 31
64, 20, 18
64, 20, 22
64, 20, 45
64, 22, 29
64, 22, 37
64, 23, 1
64, 23, 3
64, 24, 38
64, 26, 18
64, 29, 12
64, 29, 15
64, 29, 20
64, 29, 23
64, 29, 52
64, 31, 4
64, 31, 7
64, 31, 11
64, 31, 23
64, 32, 5
64, 33, 27
64, 36, 5
64, 36, 22
64, 36, 40
64, 37, 48
64, 39, 36
64, 39, 47
64, 41, 2
64, 41, 12
64, 41, 30
64, 42, 25
64, 42, 38
64, 43, 4
64, 43, 24
64, 44, 1
64, 44, 41
64, 46, 7
64, 50, 14
64, 52, 2
64, 52, 3
64, 52, 6
64, 55, 48
64, 58, 28
64, 59, 41
64, 60, 46
64, 64, 16
64, 64, 34
64, 66, 20
64, 67, 8
64, 67, 9
64, 68, 24
64, 69, 3
64, 70, 45
64, 71, 40
64, 75, 4
64, 75, 35
64, 76, 13
64, 77, 31
64, 77, 40
64, 80, 47
64, 81, 40
64, 82, 19
64, 82, 22
64, 83, 25
64, 83, 26
64, 84, 28
64, 85, 1
64, 85, 19
64, 85, 36
64, 85, 45
64, 86, 4
64, 86, 38
64, 86, 49
64, 87, 36
64, 88, 27
64, 89, 3
64, 90, 39
64, 90, 51
64, 92, 37
64, 93, 50
64, 95, 9
64, 95, 22
64, 98, 36
64, 99, 34
65, 1, 6
65, 1, 20
65, 2, 4
65, 2, 9
65, 2, 13
65, 2, 32
65, 3, 18
65, 3, 28
65, 5, 48
65, 6, 24
65, 9, 1
65, 9, 38
65, 10, 22
65, 11, 3
65, 12, 36
65, 12, 54
65, 13, 50
65, 15, 19
65, 18, 47
65, 20, 34
65, 23, 23
65, 35, 7
65, 35, 9
65, 37, 21
65, 37, 34
65, 38, 4
65, 44, 52
65, 46, 11
65, 47, 35
65, 48, 7
65, 48, 45
65, 50, 3
65, 51, 29
65, 52, 15
65, 53, 10
65, 54, 8
65, 54, 49
65, 55, 46
65, 55, 53
65, 62, 19
65, 62, 38
65, 63, 9
65, 63, 38
65, 65, 40
65, 65, 47
65, 69, 17
65, 69, 46
65, 72, 13
65, 73, 33
65, 73, 60
65, 74, 20
65, 74, 24
65, 75, 39
65, 78, 28
65, 78, 29
65, 78, 48
65, 80, 46
65, 81, 44
65, 83, 1
65, 83, 25
65, 83, 49
65, 83, 50
65, 85, 28
65, 86, 51
65, 90, 7
65, 93, 6
65, 95, 32
65, 97, 31
65, 99, 7
65, 99, 14
65, 100, 25
65, 100, 30
65, 100, 54
65, 101, 16
66, 1, 22
66, 1, 35
66, 2, 24
66, 2, 27
66, 3, 2
66, 3, 22
66, 5, 35
66, 8, 6
66, 8, 45
66, 9, 31
66, 12, 19
66, 12, 46
66, 13, 14
66, 16, 4
66, 16, 54
66, 18, 10
66, 18, 16
66, 19, 4
66, 19, 42
66, 20, 4
66, 20, 9
66, 20, 35
66, 20, 39
66, 21, 26
66, 22, 13
66, 22, 45
66, 23, 5
66, 25, 36
66, 26, 8
66, 27, 5
66, 29, 30
66, 29, 31
66, 29, 37
66, 33, 11
66, 33, 22
66, 33, 23
66, 33, 36
66, 35, 12
66, 36, 18
66, 36, 30
66, 36, 48
66, 37, 3
66, 38, 37
66, 39, 12
66, 39, 22
66, 40, 18
66, 40, 32
66, 40, 44
66, 41, 38
66, 42, 42
66, 43, 16
66, 43, 51
66, 44, 5
66, 44, 26
66, 45, 6
66, 45, 43
66, 49, 31
66, 49, 45
66, 52, 39
66, 53, 16
66, 54, 7
66, 54, 42
66, 55, 54
66, 57, 15
66, 57, 26
66, 58, 31
66, 58, 47
66, 59, 35
66, 60, 48
66, 61, 6
66, 61, 49
66, 63, 10
66, 65, 2
66, 65, 32
66, 65, 48
66, 67, 7
66, 67, 12
66, 69, 4
66, 69, 41
66, 72, 8
66, 72, 38
66, 75, 14
66, 77, 36
66, 77, 37
66, 77, 41
66, 79, 5
66, 81, 3
66, 81, 35
66, 81, 43
66, 82, 45
66, 83, 13
66, 83, 34
66, 84, 5
66, 85, 31
66, 85, 34
66, 87, 24
66, 87, 28
66, 87, 47
66, 88, 22
66, 88, 27
66, 88, 41
66, 90, 2
66, 90, 14
66, 92, 41
66, 93, 4
66, 94, 9
66, 94, 17
66, 95, 42
66, 96, 3
66, 96, 48
66, 97, 48
66, 98, 49
66, 99, 26
66, 100, 38
66, 101, 19
67, 1, 8
67, 3, 25
67, 4, 11
67, 6, 19
67, 6, 44
67, 7, 12
67, 8, 21
67, 9, 39
67, 10, 34
67, 15, 30
67, 16, 19
67, 16, 49
67, 19, 24
67, 19, 29
67, 19, 54
67, 20, 7
67, 22, 9
67, 23, 34
67, 23, 39
67, 24, 26
67, 24, 42
67, 27, 27
67, 28, 2
67, 28, 19
67, 31, 33
67, 31, 42
67, 32, 38
67, 32, 44
67, 33, 12
67, 33, 14
67, 33, 16
67, 37, 12
67, 38, 49
67, 41, 26
67, 41, 43
67, 42, 19
67, 42, 40
67, 43, 22
67, 44, 30
67, 45, 25
67, 46, 27
67, 46, 31
67, 47, 4
67, 47, 17
67, 47, 26
67, 47, 44
67, 48, 43
67, 58, 40
67, 59, 27
67, 59, 31
67, 61, 22
67, 63, 55
67, 64, 46
67, 65, 9
67, 66, 40
67, 67, 34
67, 70, 54
67, 71, 4
67, 71, 38
67, 72, 42
67, 74, 27
67, 75, 31
67, 78, 14
67, 79, 7
67, 79, 21
67, 79, 56
67, 81, 2
67, 81, 26
67, 83, 16
67, 86, 8
67, 90, 32
67, 92, 18
67, 92, 22
67, 94, 26
67, 95, 25
67, 95, 29
67, 96, 1
67, 100, 38
68, 1, 11
68, 1, 36
68, 1, 46
68, 2, 41
68, 5, 45
68, 6, 21
68, 6, 30
68, 6, 46
68, 7, 3
68, 7, 46
68, 8, 19
68, 8, 24
68, 11, 17
68, 11, 47
68, 11, 52
68, 13, 8
68, 13, 22
68, 13, 50
68, 14, 14
68, 14, 30
68, 15, 41
68, 16, 11
68, 17, 42
68, 17, 48
68, 18, 39
68, 20, 15
68, 20, 27
68, 21, 32
68, 21, 40
68, 22, 47
68, 24, 23
68, 24, 31
68, 24, 37
68, 24, 44
68, 25, 19
68, 27, 7
68, 27, 41
68, 27, 47
68, 28, 9
68, 30, 12
68, 30, 24
68, 32, 43
68, 33, 23
68, 34, 24
68, 34, 28
68, 34, 35
68, 35, 50
68, 37, 39
68, 39, 6
68, 39, 31
68, 39, 46
68, 40, 13
68, 40, 22
68, 43, 17
68, 43, 47
68, 44, 33
68, 44, 42
68, 45, 20
68, 45, 29
68, 47, 38
68, 48, 2
68, 48, 24
68, 49, 18
68, 49, 47
68, 50, 15
68, 50, 27
68, 54, 15
68, 54, 51
68, 55, 12
68, 55, 19
68, 55, 30
68, 55, 35
68, 58, 29
68, 59, 5
68, 59, 6
68, 59, 43
68, 61, 51
68, 62, 23
68, 62, 36
68, 63, 10
68, 64, 20
68, 65, 37
68, 66, 5
68, 69, 16
68, 73, 33
68, 74, 14
68, 74, 41
68, 74, 48
68, 75, 12
68, 75, 26
68, 76, 17
68, 79, 12
68, 79, 26
68, 79, 28
68, 79, 44
68, 80, 3
68, 80, 28
68, 80, 44
68, 82, 1
68, 82, 8
68, 84, 2
68, 85, 2
68, 85, 6
68, 86, 36
68, 87, 2
68, 87, 14
68, 87, 36
68, 90, 3
68, 91, 4
68, 91, 50
68, 92, 26
68, 94, 34
68, 95, 22
68, 95, 40
68, 96, 27
68, 96, 40
68, 97, 38
68, 98, 19
68, 98, 30
68, 98, 31
68, 100, 14
68, 100, 54
68, 101, 45
69, 4, 2
69, 5, 10
69, 5, 30
69, 6, 43
69, 8, 42
69, 9, 47
69, 11, 39
69, 13, 45
69, 15, 27
69, 16, 44
69, 17, 19
69, 18, 14
69, 21, 41
69, 21, 44
69, 23, 2
69, 24, 19
69, 24, 54
69, 25, 21
69, 25, 36
69, 29, 7
69, 30, 31
69, 31, 3
69, 31, 38
69, 35, 17
69, 35, 51
69, 37, 3
69, 38, 38
69, 40, 34
69, 41, 14
69, 41, 25
69, 42, 11
69, 42, 31
69, 42, 50
69, 44, 42
69, 46, 17
69, 47, 20
69, 48, 12
69, 48, 29
69, 49, 3
69, 49, 8
69, 49, 23
69, 52, 24
69, 54, 18
69, 56, 35
69, 58, 44
69, 60, 38
69, 60, 40
69, 60, 44
69, 63, 5
69, 63, 10
69, 65, 49
69, 65, 51
69, 66, 11
69, 66, 22
69, 67, 5
69, 67, 41
69, 67, 50
69, 68, 27
69, 68, 34
69, 69, 20
69, 72, 19
69, 72, 45
69, 72, 52
69, 74, 42
69, 76, 44
69, 80, 1
69, 81, 22
69, 81, 50
69, 87, 26
69, 90, 36
69, 90, 54
69, 92, 21
69, 94, 35
69, 94, 42
69, 95, 38
69, 97, 7
69, 97, 23
69, 97, 52
69, 98, 21
69, 98, 26
69, 100, 21
70, 1, 14
70, 2, 4
70, 2, 32
70, 3, 43
70, 4, 5
70, 4, 47
70, 5, 4
70, 7, 24
70, 7, 31
70, 7, 40
70, 8, 1
70, 9, 1
70, 9, 18
70, 11, 5
70, 16, 18
70, 16, 35
70, 16, 46
70, 17, 4
70, 17, 28
70, 18, 12
70, 18, 27
70, 20, 25
70, 21, 37
70, 22, 38
70, 24, 15
70, 27, 34
70, 28, 42
70, 29, 10
70, 30, 19
70, 32, 8
70, 32, 16
70, 32, 33
70, 32, 41
70, 32, 44
70, 32, 50
70, 33, 24
70, 34, 5
70, 34, 18
70, 38, 39
70, 38, 51
70, 39, 6
70, 39, 14
70, 39, 29
70, 39, 44
70, 41, 38
70, 44, 24
70, 45, 8
70, 45, 47
70, 47, 17
70, 47, 22
70, 47, 48
70, 48, 34
70, 49, 32
70, 52, 2
70, 52, 22
70, 52, 40
70, 53, 15
70, 53, 51
70, 54, 2
70, 54, 11
70, 55, 10
70, 55, 23
70, 56, 30
70, 58, 21
70, 61, 38
70, 66, 8
70, 66, 48
70, 68, 49
70, 69, 26
70, 69, 35
70, 69, 40
70, 69, 47
70, 70, 28
70, 70, 47
70, 71, 41
70, 73, 4
70, 73, 34
70, 73, 38
70, 74, 32
70, 77, 24
70, 81, 6
70, 81, 24
70, 81, 42
70, 81, 50
70, 82, 39
70, 82, 50
70, 83, 18
70, 84, 11
70, 85, 1
70, 85, 35
70, 85, 44
70, 88, 8
70, 88, 16
70, 88, 46
70, 88, 51
70, 92, 25
70, 95, 33
70, 99, 30
70, 99, 42
70, 100, 31
70, 100, 41
70, 101, 25
71, 1, 35
71, 2, 52
71, 3, 36
71, 4, 18
71, 4, 29
71, 4, 39
71, 6, 34
71, 10, 34
71, 10, 47
71, 11, 7
71, 11, 36
71, 13, 21
71, 17, 16
71, 18, 11
71, 21, 8
71, 22, 2
71, 22, 17
71, 24, 21
71, 26, 25
71, 28, 12
71, 29, 22
71, 29, 29
71, 32, 45
71, 34, 30
71, 36, 4
71, 36, 24
71, 38, 18
71, 39, 14
71, 39, 48
71, 39, 57
71, 43, 23
71, 44, 13
71, 47, 43
71, 49, 41
71, 50, 35
71, 51, 36
71, 52, 51
71, 56, 2
71, 56, 49
71, 57, 26
71, 57, 40
71, 58, 47
71, 59, 35
71, 60, 11
71, 62, 33
71, 63, 16
71, 64, 2
71, 66, 32
71, 66, 46
71, 67, 49
71, 68, 2
71, 72, 14
71, 73, 16
71, 74, 36
71, 75, 50
71, 77, 32
71, 78, 3
71, 78, 42
71, 84, 35
71, 84, 43
71, 85, 39
71, 86, 1
71, 86, 33
71, 87, 18
71, 88, 16
71, 92, 18
71, 92, 33
71, 94, 30
71, 97, 4
71, 98, 13
71, 98, 45
72, 1, 11
72, 1, 46
72, 2, 19
72, 5, 26
72, 6, 37
72, 7, 21
72, 8, 21
72, 8, 35
72, 10, 21
72, 11, 3
72, 11, 12
72, 11, 29
72, 11, 38
72, 12, 32
72, 12, 40
72, 13, 3
72, 13, 44
72, 14, 39
72, 15, 45
72, 20, 14
72, 21, 21
72, 21, 37
72, 22, 8
72, 25, 10
72, 27, 30
72, 29, 2
72, 29, 28
72, 31, 25
72, 32, 26
72, 32, 34
72, 32, 49
72, 34, 24
72, 37, 11
72, 38, 17
72, 39, 7
72, 39, 43
72, 40, 17
72, 40, 33
72, 41, 18
72, 42, 9
72, 42, 39
72, 43, 28
72, 44, 47
72, 45, 4
72, 45, 19
72, 46, 33
72, 47, 40
72, 47, 52
72, 49, 6
72, 49, 23
72, 49, 32
72, 50, 36
72, 53, 47
72, 54, 5
72, 54, 33
72, 55, 14
72, 55, 33
72, 55, 38
72, 56, 2
72, 57, 5
72, 58, 2
72, 58, 47
72, 61, 7
72, 61, 51
72, 63, 42
72, 66, 18
72, 66, 22
72, 66, 41
72, 66, 44
72, 68, 12
72, 68, 17
72, 69, 34
72, 70, 7
72, 70, 23
72, 70, 34
72, 70, 39
72, 71, 29
72, 71, 32
72, 72, 15
72, 72, 37
72, 73, 18
72, 74, 23
72, 74, 49
72, 76, 8
72, 76, 31
72, 76, 37
72, 76, 40
72, 77, 9
72, 80, 44
72, 83, 14
72, 83, 30
72, 84, 15
72, 84, 36
72, 85, 26
72, 85, 51
72, 86, 13
72, 86, 47
72, 90, 19
72, 91, 10
72, 93, 12
72, 93, 35
72, 94, 9
72, 94, 28
72, 96, 35
72, 98, 39
72, 99, 21
72, 100, 29
72, 100, 32
72, 101, 22
72, 101, 32
73, 2, 11
73, 2, 12
73, 2, 30
73, 3, 14
73, 3, 23
73, 5, 11
73, 6, 52
73, 7, 38
73, 8, 26
73, 8, 36
73, 11, 8
73, 11, 44
73, 13, 31
73, 14, 14
73, 15, 8
73, 15, 26
73, 18, 31
73, 20, 8
73, 23, 43
73, 24, 20
73, 24, 50
73, 25, 24
73, 26, 27
73, 36, 23
73, 37, 32
73, 40, 27
73, 40, 47
73, 41, 34
73, 43, 37
73, 45, 47
73, 47, 40
73, 49, 43
73, 50, 3
73, 51, 46
73, 52, 10
73, 55, 23
73, 57, 30
73, 58, 18
73, 58, 31
73, 60, 24
73, 61, 22
73, 61, 36
73, 61, 46
73, 62, 14
73, 62, 25
73, 62, 37
73, 65, 1
73, 65, 44
73, 65, 49
73, 66, 11
73, 66, 26
73, 70, 21
73, 72, 12
73, 73, 2
73, 75, 9
73, 75, 13
73, 75, 30
73, 78, 18
73, 79, 2
73, 79, 8
73, 79, 12
73, 79, 22
73, 79, 26
73, 79, 58
73, 81, 27
73, 81, 40
73, 83, 44
73, 86, 13
73, 87, 12
73, 87, 26
73, 90, 34
73, 92, 30
73, 92, 38
73, 92, 50
73, 93, 20
73, 93, 43
73, 94, 6
73, 100, 36
74, 1, 5
74, 1, 21
74, 4, 15
74, 4, 17
74, 4, 22
74, 4, 29
74, 4, 33
74, 6, 18
74, 6, 26
74, 7, 9
74, 7, 22
74, 7, 43
74, 8, 33
74, 8, 45
74, 9, 30
74, 10, 8
74, 11, 14
74, 11, 19
74, 12, 16
74, 12, 24
74, 12, 44
74, 12, 51
74, 17, 25
74, 17, 32
74, 17, 49
74, 20, 24
74, 21, 7
74, 21, 30
74, 23, 4
74, 24, 31
74, 27, 41
74, 27, 45
74, 28, 14
74, 28, 26
74, 29, 33
74, 30, 47
74, 32, 4
74, 37, 40
74, 38, 2
74, 38, 27
74, 39, 11
74, 39, 22
74, 40, 4
74, 40, 11
74, 40, 34
74, 42, 19
74, 42, 45
74, 43, 31
74, 43, 51
74, 44, 2
74, 46, 12
74, 47, 54
74, 48, 5
74, 50, 18
74, 53, 18
74, 53, 21
74, 56, 10
74, 57, 7
74, 58, 21
74, 59, 4
74, 59, 6
74, 59, 34
74, 59, 39
74, 59, 54
74, 60, 20
74, 61, 19
74, 61, 29
74, 61, 40
74, 63, 21
74, 65, 7
74, 66, 27
74, 68, 4
74, 68, 55
74, 71, 18
74, 73, 4
74, 74, 32
74, 75, 11
74, 75, 19
74, 75, 22
74, 77, 46
74, 78, 4
74, 78, 9
74, 79, 30
74, 79, 37
74, 80, 49
74, 83, 45
74, 84, 5
74, 84, 8
74, 84, 31
74, 86, 11
74, 86, 26
74, 89, 24
74, 90, 2
74, 90, 21
74, 91, 6
74, 91, 36
74, 92, 26
74, 93, 23
74, 93, 33
74, 93, 44
74, 94, 29
74, 95, 15
74, 95, 26
74, 96, 3
74, 96, 43
74, 97, 2
74, 97, 9
74, 97, 41
74, 98, 49
74, 99, 45
74, 100, 54
75, 2, 26
75, 4, 7
75, 4, 46
75, 7, 39
75, 7, 42
75, 9, 28
75, 9, 34
75, 14, 37
75, 15, 41
75, 16, 38
75, 16, 51
75, 17, 20
75, 19, 8
75, 19, 45
75, 20, 14
75, 20, 24
75, 20, 29
75, 21, 24
75, 22, 29
75, 24, 15
75, 25, 48
75, 27, 7
75, 31, 36
75, 32, 8
75, 33, 46
75, 36, 20
75, 37, 44
75, 39, 4
75, 41, 13
75, 41, 28
75, 42, 19
75, 44, 5
75, 44, 17
75, 44, 21
75, 44, 30
75, 46, 3
75, 46, 24
75, 46, 41
75, 47, 11
75, 49, 18
75, 49, 36
75, 51, 46
75, 52, 26
75, 52, 46
75, 55, 6
75, 55, 34
75, 55, 56
75, 57, 17
75, 58, 30
75, 58, 38
75, 61, 11
75, 61, 35
75, 63, 27
75, 64, 2
75, 64, 51
75, 66, 15
75, 66, 52
75, 67, 29
75, 68, 40
75, 69, 14
75, 70, 7
75, 70, 29
75, 72, 48
75, 74, 46
75, 75, 20
75, 78, 2
75, 78, 41
75, 79, 15
75, 80, 34
75, 82, 11
75, 84, 21
75, 85, 26
75, 86, 9
75, 87, 44
75, 90, 2
75, 91, 51
75, 92, 3
75, 94, 37
75, 95, 1
75, 95, 44
75, 96, 9
75, 96, 18
75, 96, 46
75, 100, 2
76, 2, 4
76, 3, 4
76, 3, 42
76, 6, 13
76, 9, 19
76, 10, 10
76, 11, 13
76, 11, 26
76, 12, 12
76, 12, 34
76, 14, 4
76, 14, 40
76, 15, 8
76, 16, 34
76, 17, 3
76, 18, 27
76, 18, 40
76, 19, 8
76, 19, 46
76, 21, 41
76, 22, 7
76, 22, 44
76, 22, 55
76, 24, 8
76, 24, 40
76, 24, 45
76, 25, 51
76, 26, 41
76, 26, 52
76, 27, 20
76, 30, 42
76, 31, 23
76, 32, 36
76, 33, 44
76, 34, 7
76, 34, 11
76, 34, 25
76, 34, 57
76, 36, 22
76, 39, 26
76, 43, 1
76, 43, 3
76, 43, 40
76, 44, 34
76, 45, 2
76, 45, 46
76, 46, 12
76, 49, 54
76, 50, 4
76, 51, 19
76, 51, 26
76, 52, 31
76, 55, 5
76, 55, 14
76, 57, 19
76, 58, 17
76, 58, 44
76, 60, 44
76, 61, 3
76, 63, 14
76, 68, 9
76, 68, 38
76, 70, 13
76, 70, 20
76, 70, 26
76, 71, 3
76, 71, 49
76, 72, 40
76, 73, 47
76, 74, 24
76, 74, 38
76, 75, 6
76, 75, 39
76, 76, 10
76, 77, 34
76, 78, 5
76, 78, 39
76, 79, 40
76, 79, 45
76, 80, 36
76, 80, 44
76, 81, 21
76, 81, 27
76, 83, 20
76, 84, 5
76, 84, 37
76, 85, 11
76, 87, 6
76, 87, 11
76, 89, 19
76, 90, 29
76, 90, 43
76, 93, 41
76, 93, 46
76, 93, 51
76, 94, 3
76, 94, 12
76, 94, 46
76, 96, 15
76, 96, 31
76, 96, 48
76, 97, 38
76, 98, 47
76, 98, 55
76, 99, 22
76, 99, 33
76, 99, 50
76, 100, 15
77, 3, 41
77, 7, 46
77, 8, 31
77, 9, 14
77, 11, 21
77, 12, 10
77, 12, 42
77, 13, 8
77, 13, 26
77, 13, 40
77, 13, 46
77, 16, 45
77, 17, 48
77, 20, 19
77, 21, 27
77, 22, 13
77, 22, 23
77, 23, 39
77, 23, 54
77, 24, 23
77, 24, 41
77, 25, 2
77, 25, 46
77, 27, 1
77, 27, 22
77, 27, 30
77, 27, 43
77, 29, 15
77, 29, 46
77, 31, 14
77, 34, 8
77, 35, 18
77, 35, 20
77, 35, 30
77, 37, 11
77, 37, 20
77, 38, 31
77, 42, 42
77, 43, 7
77, 44, 44
77, 45, 60
77, 47, 13
77, 50, 13
77, 52, 5
77, 56, 24
77, 58, 15
77, 58, 30
77, 59, 22
77, 59, 38
77, 61, 26
77, 64, 46
77, 67, 47
77, 69, 45
77, 71, 19
77, 71, 23
77, 72, 26
77, 75, 21
77, 78, 18
77, 83, 3
77, 87, 24
77, 89, 2
77, 89, 27
77, 91, 2
77, 91, 27
77, 91, 38
77, 91, 46
77, 92, 5
77, 92, 13
77, 92, 36
77, 93, 42
77, 94, 39
77, 96, 18
78, 1, 9
78, 1, 22
78, 2, 45
78, 4, 6
78, 4, 11
78, 5, 4
78, 5, 44
78, 6, 21
78, 7, 42
78, 8, 36
78, 8, 46
78, 12, 10
78, 12, 19
78, 13, 7
78, 13, 25
78, 16, 4
78, 16, 39
78, 17, 26
78, 18, 6
78, 21, 3
78, 21, 49
78, 24, 7
78, 25, 48
78, 29, 19
78, 30, 28
78, 32, 17
78, 32, 42
78, 33, 16
78, 34, 4
78, 34, 49
78, 36, 16
78, 36, 28
78, 37, 5
78, 39, 48
78, 40, 9
78, 40, 19
78, 41, 16
78, 41, 23
78, 44, 8
78, 45, 18
78, 48, 34
78, 49, 43
78, 50, 29
78, 51, 44
78, 52, 2
78, 52, 14
78, 52, 40
78, 52, 48
78, 54, 50
78, 55, 45
78, 57, 52
78, 59, 34
78, 60, 26
78, 61, 44
78, 62, 46
78, 63, 24
78, 63, 51
78, 63, 55
78, 65, 16
78, 67, 10
78, 68, 10
78, 70, 6
78, 71, 11
78, 72, 25
78, 74, 14
78, 75, 13
78, 76, 20
78, 76, 46
78, 78, 35
78, 78, 44
78, 80, 10
78, 80, 23
78, 80, 27
78, 81, 1
78, 82, 19
78, 84, 8
78, 84, 15
78, 86, 7
78, 88, 4
78, 88, 8
78, 89, 34
78, 91, 5
78, 91, 24
78, 92, 17
78, 94, 11
78, 95, 23
78, 95, 29
78, 95, 34
78, 96, 19
78, 96, 27
78, 97, 2
78, 97, 8
78, 99, 2
78, 100, 22
78, 100, 46
79, 2, 40
79, 3, 50
79, 4, 25
79, 4, 30
79, 5, 22
79, 5, 48
79, 6, 5
79, 6, 17
79, 8, 21
79, 8, 25
79, 9, 11
79, 9, 33
79, 12, 2
79, 13, 6
79, 15, 26
79, 16, 21
79, 20, 45
79, 21, 9
79, 22, 34
79, 24, 11
79, 24, 34
79, 27, 48
79, 28, 8
79, 28, 45
79, 30, 10
79, 32, 8
79, 34, 34
79, 39, 37
79, 40, 52
79, 41, 50
79, 42, 4
79, 43, 41
79, 44, 51
79, 45, 2
79, 45, 15
79, 53, 17
79, 55, 11
79, 56, 40
79, 59, 4
79, 65, 15
79, 65, 50
79, 68, 11
79, 69, 22
79, 70, 30
79, 73, 6
79, 73, 25
79, 75, 4
79, 75, 32
79, 75, 34
79, 76, 24
79, 79, 21
79, 80, 10
79, 80, 36
79, 81, 15
79, 83, 39
79, 85, 33
79, 86, 12
79, 89, 40
79, 92, 45
79, 92, 48
79, 93, 48
79, 94, 12
79, 94, 48
79, 95, 18
79, 95, 39
79, 99, 5
79, 100, 49
79, 101, 5
80, 1, 35
80, 2, 16
80, 2, 51
80, 3, 7
80, 4, 6
80, 4, 18
80, 4, 44
80, 5, 41
80, 6, 15
80, 6, 30
80, 10, 9
80, 10, 36
80, 12, 29
80, 12, 39
80, 14, 13
80, 15, 48
80, 16, 13
80, 17, 27
80, 17, 33
80, 18, 41
80, 20, 4
80, 24, 26
80, 25, 11
80, 25, 20
80, 26, 43
80, 27, 16
80, 28, 11
80, 28, 35
80, 29, 12
80, 29, 37
80, 30, 21
80, 30, 41
80, 30, 43
80, 33, 38
80, 34, 19
80, 35, 1
80, 37, 2
80, 37, 5
80, 38, 27
80, 38, 30
80, 38, 49
80, 39, 20
80, 39, 30
80, 39, 31
80, 40, 39
80, 41, 44
80, 42, 26
80, 43, 51
80, 44, 6
80, 45, 29
80, 45, 48
80, 46, 29
80, 48, 15
80, 49, 4
80, 49, 10
80, 49, 33
80, 49, 49
80, 52, 39
80, 52, 51
80, 53, 13
80, 53, 44
80, 56, 26
80, 57, 8
80, 57, 40
80, 58, 9
80, 58, 34
80, 58, 39
80, 59, 4
80, 61, 53
80, 63, 11
80, 63, 14
80, 64, 25
80, 65, 29
80, 66, 5
80, 66, 33
80, 66, 42
80, 67, 49
80, 68, 35
80, 68, 38
80, 69, 29
80, 69, 37
80, 69, 44
80, 70, 7
80, 70, 27
80, 72, 13
80, 72, 18
80, 73, 17
80, 73, 25
80, 74, 43
80, 75, 40
80, 78, 16
80, 78, 27
80, 81, 8
80, 82, 9
80, 84, 38
80, 87, 23
80, 89, 34
80, 90, 36
80, 91, 29
80, 94, 26
80, 97, 48
80, 98, 33
80, 99, 1
80, 99, 11
80, 99, 32
80, 99, 39
80, 99, 43
80, 100, 17
81, 1, 28
81, 4, 1
81, 4, 11
81, 8, 22
81, 11, 35
81, 11, 44
81, 12, 8
81, 12, 9
81, 12, 24
81, 12, 27
81, 16, 20
81, 16, 41
81, 17, 8
81, 17, 21
81, 21, 32
81, 21, 39
81, 22, 6
81, 23, 28
81, 23, 36
81, 27, 18
81, 27, 38
81, 29, 30
81, 29, 34
81, 29, 45
81, 31, 1
81, 32, 5
81, 32, 19
81, 32, 27
81, 32, 53
81, 33, 41
81, 33, 48
81, 34, 46
81, 34, 48
81, 35, 34
81, 35, 43
81, 36, 4
81, 38, 8
81, 38, 11
81, 38, 16
81, 39, 1
81, 39, 23
81, 39, 24
81, 42, 43
81, 43, 33
81, 45, 7
81, 46, 3
81, 47, 34
81, 48, 38
81, 50, 38
81, 51, 3
81, 52, 9
81, 52, 32
81, 53, 9
81, 57, 51
81, 59, 17
81, 60, 5
81, 60, 45
81, 60, 54
81, 61, 27
81, 61, 33
81, 61, 34
81, 63, 12
81, 63, 16
81, 63, 55
81, 64, 4
81, 66, 21
81, 67, 13
81, 68, 17
81, 71, 34
81, 72, 33
81, 73, 9
81, 73, 12
81, 73, 46
81, 74, 7
81, 75, 5
81, 75, 8
81, 77, 39
81, 78, 4
81, 78, 20
81, 78, 56
81, 79, 19
81, 79, 34
81, 80, 7
81, 81, 27
81, 81, 49
81, 81, 53
81, 83, 1
81, 83, 31
81, 83, 38
81, 84, 13
81, 84, 27
81, 87, 6
81, 88, 36
81, 88, 42
81, 89, 41
81, 90, 16
81, 91, 22
81, 91, 36
81, 94, 21
81, 100, 14
81, 100, 24
82, 2, 40
82, 3, 9
82, 4, 25
82, 4, 38
82, 5, 49
82, 6, 18
82, 7, 33
82, 12, 26
82, 13, 36
82, 13, 42
82, 13, 48
82, 13, 52
82, 15, 14
82, 15, 36
82, 17, 32
82, 19, 34
82, 21, 37
82, 21, 45
82, 22, 3
82, 22, 20
82, 23, 13
82, 23, 54
82, 24, 11
82, 27, 40
82, 28, 2
82, 28, 29
82, 30, 31
82, 31, 38
82, 33, 11
82, 33, 14
82, 34, 51
82, 35, 2
82, 38, 13
82, 38, 17
82, 38, 27
82, 40, 10
82, 41, 8
82, 42, 38
82, 44, 22
82, 46, 42
82, 47, 6
82, 48, 10
82, 48, 13
82, 49, 9
82, 50, 13
82, 51, 15
82, 51, 21
82, 51, 27
82, 51, 41
82, 52, 33
82, 56, 30
82, 56, 33
82, 59, 8
82, 60, 6
82, 60, 28
82, 61, 26
82, 63, 25
82, 64, 23
82, 64, 37
82, 64, 50
82, 66, 1
82, 66, 19
82, 67, 3
82, 68, 33
82, 68, 36
82, 69, 23
82, 70, 31
82, 71, 6
82, 73, 34
82, 73, 51
82, 76, 33
82, 78, 42
82, 79, 6
82, 79, 15
82, 82, 13
82, 85, 34
82, 90, 10
82, 92, 2
82, 92, 15
82, 93, 49
82, 95, 3
82, 95, 52
82, 97, 4
82, 97, 39
82, 100, 31
82, 101, 5
82, 101, 29
83, 3, 6
83, 3, 19
83, 4, 49
83, 6, 13
83, 6, 38
83, 7, 51
83, 9, 53
83, 12, 6
83, 13, 22
83, 14, 26
83, 14, 29
83, 14, 34
83, 15, 9
83, 16, 36
83, 18, 14
83, 18, 37
83, 18, 40
83, 20, 29
83, 21, 8
83, 22, 24
83, 23, 14
83, 23, 36
83, 24, 21
83, 25, 31
83, 27, 39
83, 28, 40
83, 30, 48
83, 32, 16
83, 35, 6
83, 37, 6
83, 38, 44
83, 39, 18
83, 39, 37
83, 39, 48
83, 41, 26
83, 41, 44
83, 42, 3
83, 42, 11
83, 43, 33
83, 44, 11
83, 45, 16
83, 45, 35
83, 49, 3
83, 49, 12
83, 49, 50
83, 50, 11
83, 51, 30
83, 52, 17
83, 52, 21
83, 53, 4
83, 54, 47
83, 55, 31
83, 57, 22
83, 57, 27
83, 58, 53
83, 59, 53
83, 62, 50
83, 64, 39
83, 65, 18
83, 65, 29
83, 66, 43
83, 68, 9
83, 69, 2
83, 69, 24
83, 71, 7
83, 72, 1
83, 72, 11
83, 72, 32
83, 76, 45
83, 77, 31
83, 78, 7
83, 78, 44
83, 79, 22
83, 83, 25
83, 85, 2
83, 85, 24
83, 86, 9
83, 86, 51
83, 87, 28
83, 87, 53
83, 89, 20
83, 89, 35
83, 90, 3
83, 90, 11
83, 90, 26
83, 90, 31
83, 90, 39
83, 91, 13
83, 92, 29
83, 92, 41
83, 92, 46
83, 92, 47
83, 93, 44
83, 93, 51
83, 95, 42
83, 96, 42
83, 97, 26
83, 98, 10
83, 98, 40
83, 99, 34
83, 100, 2
83, 100, 31
83, 100, 38
84, 1, 35
84, 3, 17
84, 4, 45
84, 5, 6
84, 5, 19
84, 6, 3
84, 6, 33
84, 8, 23
84, 9, 2
84, 10, 12
84, 12, 34
84, 13, 11
84, 13, 24
84, 15, 43
84, 16, 32
84, 19, 5
84, 19, 13
84, 22, 1
84, 22, 8
84, 23, 38
84, 25, 5
84, 25, 31
84, 28, 4
84, 28, 45
84, 29, 14
84, 29, 26
84, 30, 10
84, 30, 46
84, 35, 5
84, 35, 28
84, 35, 33
84, 36, 29
84, 36, 36
84, 38, 29
84, 39, 9
84, 40, 19
84, 41, 9
84, 41, 29
84, 42, 14
84, 42, 19
84, 44, 39
84, 45, 37
84, 46, 45
84, 47, 33
84, 48, 47
84, 49, 6
84, 51, 5
84, 51, 32
84, 54, 17
84, 54, 23
84, 55, 39
84, 59, 23
84, 61, 8
84, 63, 35
84, 63, 36
84, 65, 42
84, 65, 45
84, 67, 38
84, 70, 52
84, 73, 17
84, 73, 24
84, 74, 12
84, 77, 16
84, 79, 26
84, 81, 19
84, 82, 27
84, 83, 8
84, 85, 15
84, 85, 20
84, 87, 3
84, 87, 12
84, 92, 38
84, 94, 11
84, 95, 12
84, 96, 26
84, 98, 13
84, 99, 31
84, 99, 34
84, 99, 35
85, 1, 33
85, 1, 37
85, 3, 15
85, 3, 48
85, 3, 51
85, 5, 48
85, 6, 6
85, 8, 4
85, 9, 13
85, 9, 31
85, 10, 34
85, 11, 34
85, 12, 26
85, 12, 41
85, 13, 36
85, 14, 16
85, 16, 39
85, 17, 22
85, 18, 2
85, 18, 43
85, 19, 5
85, 19, 6
85, 19, 54
85, 20, 26
85, 21, 8
85, 22, 5
85, 22, 14
85, 22, 16
85, 23, 2
85, 23, 6
85, 29, 21
85, 30, 33
85, 30, 41
85, 31, 34
85, 35, 46
85, 37, 6
85, 38, 39
85, 40, 7
85, 40, 15
85, 41, 4
85, 41, 24
85, 41, 45
85, 42, 3
85, 42, 26
85, 42, 42
85, 44, 47
85, 46, 12
85, 48, 31
85, 49, 2
85, 50, 5
85, 50, 26
85, 53, 46
85, 54, 16
85, 54, 26
85, 54, 44
85, 55, 19
85, 56, 15
85, 56, 16
85, 57, 18
85, 57, 46
85, 58, 12
85, 58, 49
85, 60, 36
85, 61, 30
85, 62, 11
85, 62, 28
85, 63, 32
85, 64, 43
85, 66, 33
85, 68, 21
85, 68, 49
85, 69, 4
85, 69, 6
85, 69, 54
85, 70, 43
85, 71, 37
85, 72, 28
85, 73, 18
85, 74, 34
85, 76, 22
85, 76, 48
85, 77, 18
85, 78, 21
85, 81, 13
85, 81, 42
85, 82, 37
85, 83, 11
85, 83, 45
85, 85, 41
85, 87, 8
85, 87, 11
85, 87, 31
85, 88, 15
85, 88, 33
85, 90, 26
85, 92, 40
85, 94, 15
85, 100, 7
85, 100, 12
85, 101, 21
86, 3, 9
86, 6, 41
86, 8, 52
86, 9, 25
86, 10, 15
86, 11, 5
86, 14, 26
86, 14, 29
86, 17, 35
86, 18, 6
86, 19, 3
86, 19, 32
86, 20, 38
86, 24, 25
86, 25, 49
86, 26, 11
86, 27, 32
86, 30, 4
86, 30, 15
86, 31, 8
86, 33, 6
86, 33, 10
86, 33, 11
86, 33, 22
86, 34, 16
86, 34, 22
86, 36, 22
86, 37, 2
86, 37, 10
86, 37, 11
86, 39, 11
86, 39, 34
86, 39, 41
86, 40, 11
86, 40, 12
86, 41, 26
86, 41, 51
86, 42, 33
86, 45, 2
86, 47, 14
86, 47, 24
86, 48, 22
86, 50, 19
86, 52, 49
86, 54, 30
86, 55, 47
86, 56, 7
86, 58, 14
86, 58, 40
86, 58, 55
86, 62, 38
86, 63, 2
86, 63, 9
86, 63, 24
86, 65, 16
86, 67, 56
86, 68, 22
86, 69, 4
86, 69, 24
86, 70, 32
86, 70, 52
86, 71, 12
86, 75, 24
86, 78, 26
86, 78, 36
86, 79, 7
86, 80, 5
86, 80, 11
86, 81, 20
86, 88, 57
86, 90, 26
86, 92, 3
86, 92, 11
86, 92, 33
86, 92, 47
86, 94, 41
86, 96, 10
86, 99, 11
86, 99, 12
86, 100, 26
86, 100, 34
86, 101, 51
87, 1, 39
87, 3, 8
87, 3, 25
87, 6, 13
87, 6, 22
87, 6, 47
87, 10, 8
87, 10, 17
87, 10, 19
87, 10, 25
87, 11, 35
87, 13, 18
87, 13, 36
87, 14, 13
87, 15, 17
87, 16, 25
87, 16, 49
87, 17, 8
87, 18, 18
87, 19, 9
87, 21, 28
87, 21, 44
87, 22, 2
87, 23, 28
87, 23, 39
87, 24, 40
87, 24, 52
87, 26, 35
87, 28, 22
87, 28, 45
87, 28, 47
87, 30, 6
87, 31, 19
87, 32, 10
87, 32, 14
87, 32, 26
87, 32, 49
87, 32, 50
87, 33, 6
87, 33, 43
87, 34, 24
87, 35, 25
87, 35, 49
87, 37, 26
87, 37, 51
87, 38, 31
87, 38, 43
87, 42, 18
87, 42, 21
87, 42, 53
87, 47, 9
87, 48, 16
87, 49, 8
87, 50, 36
87, 53, 39
87, 54, 7
87, 55, 25
87, 59, 30
87, 60, 18
87, 60, 42
87, 61, 38
87, 62, 9
87, 62, 41
87, 63, 9
87, 63, 25
87, 67, 45
87, 69, 25
87, 69, 40
87, 70, 37
87, 71, 50
87, 73, 47
87, 74, 35
87, 74, 42
87, 76, 32
87, 76, 43
87, 77, 26
87, 79, 44
87, 79, 49
87, 80, 26
87, 80, 29
87, 85, 14
87, 85, 29
87, 86, 18
87, 89, 18
87, 89, 26
87, 89, 33
87, 90, 6
87, 90, 47
87, 92, 18
87, 92, 21
87, 92, 30
87, 93, 8
87, 94, 11
87, 94, 32
87, 95, 22
87, 96, 9
87, 97, 40
87, 99, 24
87, 100, 13
87, 101, 2
87, 101, 34
88, 1, 5
88, 2, 30
88, 2, 38
88, 3, 5
88, 3, 25
88, 3, 40
88, 7, 19
88, 7, 21
88, 7, 44
88, 10, 26
88, 10, 38
88, 11, 42
88, 12, 21
88, 12, 45
88, 13, 7
88, 13, 22
88, 13, 36
88, 14, 18
88, 20, 13
88, 20, 23
88, 20, 55
88, 23, 12
88, 23, 34
88, 24, 24
88, 25, 5
88, 25, 52
88, 25, 53
88, 26, 1
88, 28, 28
88, 30, 33
88, 32, 29
88, 32, 45
88, 34, 32
88, 39, 18
88, 43, 47
88, 44, 23
88, 44, 46
88, 45, 10
88, 45, 35
88, 45, 36
88, 46, 21
88, 47, 16
88, 47, 39
88, 50, 1
88, 50, 13
88, 50, 23
88, 50, 40
88, 53, 22
88, 53, 36
88, 54, 3
88, 54, 24
88, 55, 24
88, 56, 9
88, 58, 9
88, 59, 2
88, 59, 5
88, 61, 8
88, 61, 11
88, 61, 33
88, 62, 10
88, 62, 29
88, 68, 2
88, 70, 5
88, 71, 41
88, 72, 41
88, 73, 33
88, 74, 12
88, 75, 44
88, 77, 11
88, 77, 39
88, 78, 10
88, 78, 49
88, 79, 6
88, 79, 21
88, 81, 32
88, 82, 30
88, 82, 44
88, 83, 31
88, 83, 38
88, 85, 26
88, 85, 48
88, 88, 23
88, 89, 4
88, 89, 14
88, 89, 28
88, 89, 44
88, 95, 48
88, 96, 36
88, 98, 20
88, 98, 30
88, 99, 18
88, 99, 22
88, 100, 33
88, 100, 52
89, 1, 43
89, 6, 31
89, 7, 15
89, 8, 44
89, 9, 18
89, 9, 27
89, 10, 2
89, 10, 11
89, 11, 31
89, 12, 44
89, 12, 49
89, 13, 50
89, 15, 40
89, 16, 31
89, 19, 2
89, 19, 32
89, 23, 31
89, 24, 49
89, 26, 28
89, 26, 30
89, 27, 20
89, 27, 32
89, 28, 15
89, 29, 18
89, 31, 15
89, 33, 30
89, 34, 17
89, 35, 33
89, 36, 42
89, 39, 27
89, 39, 45
89, 39, 47
89, 39, 49
89, 40, 26
89, 40, 54
89, 41, 12
89, 41, 20
89, 42, 19
89, 42, 36
89, 46, 2
89, 46, 3
89, 46, 8
89, 47, 3
89, 47, 41
89, 49, 48
89, 50, 43
89, 53, 14
89, 53, 38
89, 53, 43
89, 55, 28
89, 56, 15
89, 57, 13
89, 57, 49
89, 58, 32
89, 59, 42
89, 59, 50
89, 61, 38
89, 62, 35
89, 63, 51
89, 67, 19
89, 68, 32
89, 70, 4
89, 70, 31
89, 70, 46
89, 71, 37
89, 72, 6
89, 72, 27
89, 74, 4
89, 74, 6
89, 75, 25
89, 77, 23
89, 77, 48
89, 78, 18
89, 78, 39
89, 81, 17
89, 81, 38
89, 81, 46
89, 82, 25
89, 84, 8
89, 85, 36
89, 90, 20
89, 90, 30
89, 91, 38
89, 94, 23
89, 94, 40
89, 94, 54
89, 95, 17
89, 95, 20
89, 96, 46
89, 97, 12
89, 100, 41
90, 2, 11
90, 3, 46
90, 4, 15
90, 4, 23
90, 4, 35
90, 6, 19
90, 6, 41
90, 7, 3
90, 8, 30
90, 9, 15
90, 10, 25
90, 10, 40
90, 11, 28
90, 12, 49
90, 13, 47
90, 14, 2
90, 15, 22
90, 16, 43
90, 18, 21
90, 20, 32
90, 21, 38
90, 23, 1
90, 25, 16
90, 25, 34
90, 29, 6
90, 30, 6
90, 32, 17
90, 32, 35
90, 33, 20
90, 33, 47
90, 36, 8
90, 36, 12
90, 37, 27
90, 37, 46
90, 38, 12
90, 39, 8
90, 40, 5
90, 43, 50
90, 44, 17
90, 46, 21
90, 46, 25
90, 46, 40
90, 49, 7
90, 49, 8
90, 49, 13
90, 51, 41
90, 53, 26
90, 54, 4
90, 54, 52
90, 55, 43
90, 56, 24
90, 56, 42
90, 57, 50
90, 60, 18
90, 60, 30
90, 60, 48
90, 61, 19
90, 61, 28
90, 61, 40
90, 62, 3
90, 63, 27
90, 64, 54
90, 65, 18
90, 65, 27
90, 67, 9
90, 68, 38
90, 71, 4
90, 71, 44
90, 73, 18
90, 76, 15
90, 76, 34
90, 76, 51
90, 80, 17
90, 80, 32
90, 82, 4
90, 84, 51
90, 85, 44
90, 87, 8
90, 87, 49
90, 88, 43
90, 88, 49
90, 91, 45
90, 92, 48
90, 93, 16
90, 94, 10
90, 97, 3
90, 98, 16
90, 101, 36
91, 3, 33
91, 3, 47
91, 5, 14
91, 6, 26
91, 7, 5
91, 8, 43
91, 9, 4
91, 9, 31
91, 11, 10
91, 11, 44
91, 13, 33
91, 14, 36
91, 15, 26
91, 15, 39
91, 17, 42
91, 17, 44
91, 19, 13
91, 19, 15
91, 21, 23
91, 21, 52
91, 21, 54
91, 22, 11
91, 23, 37
91, 23, 41
91, 23, 46
91, 24, 25
91, 24, 28
91, 26, 39
91, 28, 13
91, 28, 25
91, 29, 40
91, 35, 26
91, 36, 36
91, 37, 30
91, 40, 20
91, 41, 36
91, 42, 37
91, 42, 43
91, 44, 14
91, 47, 4
91, 47, 42
91, 51, 26
91, 52, 38
91, 54, 19
91, 59, 26
91, 60, 19
91, 61, 28
91, 64, 19
91, 64, 42
91, 64, 44
91, 65, 10
91, 65, 53
91, 68, 7
91, 70, 47
91, 71, 39
91, 72, 20
91, 72, 56
91, 74, 48
91, 75, 7
91, 75, 15
91, 75, 22
91, 77, 8
91, 78, 6
91, 79, 20
91, 84, 22
91, 84, 40
91, 86, 42
91, 87, 16
91, 88, 23
91, 90, 36
91, 92, 6
91, 92, 29
91, 94, 13
91, 95, 43
91, 96, 18
91, 96, 51
91, 97, 15
91, 97, 33
91, 99, 2
91, 99, 4
91, 101, 46
92, 2, 10
92, 3, 15
92, 3, 29
92, 3, 31
92, 4, 16
92, 4, 34
92, 4, 35
92, 4, 41
92, 4, 47
92, 6, 35
92, 7, 25
92, 8, 49
92, 8, 53
92, 9, 38
92, 10, 12
92, 11, 1
92, 11, 48
92, 13, 20
92, 14, 8
92, 15, 16
92, 16, 15
92, 16, 26
92, 18, 49
92, 20, 22
92, 20, 43
92, 21, 3
92, 23, 53
92, 24, 3
92, 24, 53
92, 25, 35
92, 26, 10
92, 27, 9
92, 29, 21
92, 29, 40
92, 30, 22
92, 30, 40
92, 30, 45
92, 31, 15
92, 31, 34
92, 32, 1
92, 32, 23
92, 34, 35
92, 35, 8
92, 39, 16
92, 40, 40
92, 42, 9
92, 43, 28
92, 45, 10
92, 45, 40
92, 46, 49
92, 48, 27
92, 48, 38
92, 49, 28
92, 50, 41
92, 51, 17
92, 51, 37
92, 52, 4
92, 54, 47
92, 55, 5
92, 55, 20
92, 56, 34
92, 56, 40
92, 60, 40
92, 61, 51
92, 62, 22
92, 63, 38
92, 65, 35
92, 69, 1
92, 69, 8
92, 70, 13
92, 71, 29
92, 71, 40
92, 72, 24
92, 75, 25
92, 76, 20
92, 78, 33
92, 79, 25
92, 80, 12
92, 80, 17
92, 82, 11
92, 83, 34
92, 86, 29
92, 87, 19
92, 89, 7
92, 89, 33
92, 90, 13
92, 92, 23
92, 92, 27
92, 92, 39
92, 92, 47
92, 92, 53
92, 93, 3
92, 93, 15
92, 93, 35
92, 94, 26
92, 99, 41
92, 100, 8
92, 100, 10
92, 101, 6
92, 101, 53
93, 3, 6
93, 3, 36
93, 4, 45
93, 4, 48
93, 6, 33
93, 9, 48
93, 11, 44
93, 11, 47
93, 12, 2
93, 15, 29
93, 15, 30
93, 16, 3
93, 19, 34
93, 20, 23
93, 23, 41
93, 24, 7
93, 24, 27
93, 25, 32
93, 25, 42
93, 26, 34
93, 27, 5
93, 27, 37
93, 31, 52
93, 32, 31
93, 32, 41
93, 33, 6
93, 34, 13
93, 35, 22
93, 35, 39
93, 35, 44
93, 35, 48
93, 37, 3
93, 38, 17
93, 38, 25
93, 41, 4
93, 41, 26
93, 42, 21
93, 43, 8
93, 44, 23
93, 44, 33
93, 45, 36
93, 49, 39
93, 50, 31
93, 50, 44
93, 56, 30
93, 57, 39
93, 60, 42
93, 61, 17
93, 65, 12
93, 65, 48
93, 71, 16
93, 78, 47
93, 83, 4
93, 83, 48
93, 84, 34
93, 89, 28
93, 89, 33
93, 92, 1
93, 92, 4
93, 92, 5
93, 92, 45
93, 93, 13
93, 93, 32
93, 95, 42
93, 97, 11
93, 97, 25
93, 98, 2
93, 100, 8
93, 100, 36
93, 101, 18
94, 2, 6
94, 2, 30
94, 5, 18
94, 5, 40
94, 7, 1
94, 7, 6
94, 7, 23
94, 8, 27
94, 8, 32
94, 9, 10
94, 10, 5
94, 10, 20
94, 11, 43
94, 11, 52
94, 12, 10
94, 15, 1
94, 16, 27
94, 16, 33
94, 16, 39
94, 18, 4
94, 18, 49
94, 19, 7
94, 19, 27
94, 19, 48
94, 20, 7
94, 20, 47
94, 22, 16
94, 22, 44
94, 23, 28
94, 25, 22
94, 25, 26
94, 26, 6
94, 26, 8
94, 26, 40
94, 27, 47
94, 28, 21
94, 29, 35
94, 32, 33
94, 32, 46
94, 38, 5
94, 39, 1
94, 40, 36
94, 41, 1
94, 42, 2
94, 42, 13
94, 42, 33
94, 44, 10
94, 45, 13
94, 46, 18
94, 50, 1
94, 50, 33
94, 51, 25
94, 51, 36
94, 53, 6
94, 53, 14
94, 57, 28
94, 58, 14
94, 58, 24
94, 59, 4
94, 59, 21
94, 60, 2
94, 60, 24
94, 61, 3
94, 61, 34
94, 62, 38
94, 64, 21
94, 65, 1
94, 66, 11
94, 66, 43
94, 68, 43
94, 68, 47
94, 69, 10
94, 72, 9
94, 73, 21
94, 73, 57
94, 74, 9
94, 74, 47
94, 75, 18
94, 75, 28
94, 76, 23
94, 78, 43
94, 79, 36
94, 80, 49
94, 81, 8
94, 82, 33
94, 82, 46
94, 83, 4
94, 84, 9
94, 84, 40
94, 84, 41
94, 84, 48
94, 85, 26
94, 86, 13
94, 88, 54
94, 89, 14
94, 90, 21
94, 91, 33
94, 92, 1
94, 92, 20
94, 95, 27
94, 95, 40
94, 97, 2
94, 99, 35
94, 100, 5
94, 101, 51
95, 2, 21
95, 2, 33
95, 2, 40
95, 3, 20
95, 4, 46
95, 5, 2
95, 5, 8
95, 5, 49
95, 6, 51
95, 8, 51
95, 9, 13
95, 10, 26
95, 12, 15
95, 14, 29
95, 14, 47
95, 15, 7
95, 17, 19
95, 17, 23
95, 18, 9
95, 22, 36
95, 23, 4
95, 25, 23
95, 25, 59
95, 27, 13
95, 27, 27
95, 28, 25
95, 28, 38
95, 30, 14
95, 30, 30
95, 33, 24
95, 34, 9
95, 34, 14
95, 37, 21
95, 39, 4
95, 39, 23
95, 39, 41
95, 41, 7
95, 41, 29
95, 45, 2
95, 45, 28
95, 47, 23
95, 47, 51
95, 49, 1
95, 50, 42
95, 51, 10
95, 51, 26
95, 52, 1
95, 52, 33
95, 53, 12
95, 54, 16
95, 55, 21
95, 56, 22
95, 56, 26
95, 56, 45
95, 61, 10
95, 61, 16
95, 61, 27
95, 62, 30
95, 63, 49
95, 64, 34
95, 65, 39
95, 68, 20
95, 69, 1
95, 70, 2
95, 71, 33
95, 72, 32
95, 73, 19
95, 73, 23
95, 73, 30
95, 75, 9
95, 76, 19
95, 77, 40
95, 78, 16
95, 79, 18
95, 81, 7
95, 83, 24
95, 83, 41
95, 85, 48
95, 86, 1
95, 86, 4
95, 87, 42
95, 88, 9
95, 89, 18
95, 89, 42
95, 89, 47
95, 91, 40
95, 93, 16
95, 94, 14
95, 94, 37
95, 95, 24
95, 95, 45
95, 96, 49
95, 97, 14
95, 98, 37
95, 99, 47
95, 101, 29
95, 101, 36
96, 2, 43
96, 3, 34
96, 6, 32
96, 6, 43
96, 7, 29
96, 8, 2
96, 8, 46
96, 10, 11
96, 11, 38
96, 14, 9
96, 14, 10
96, 15, 1
96, 15, 35
96, 15, 38
96, 17, 42
96, 18, 44
96, 19, 28
96, 20, 41
96, 24, 8
96, 24, 25
96, 24, 47
96, 25, 6
96, 25, 42
96, 28, 44
96, 30, 18
96, 30, 25
96, 31, 14
96, 32, 23
96, 33, 37
96, 37, 4
96, 37, 9
96, 37, 52
96, 42, 24
96, 43, 25
96, 44, 19
96, 44, 37
96, 44, 47
96, 45, 17
96, 46, 5
96, 46, 30
96, 47, 3
96, 55, 24
96, 55, 46
96, 56, 10
96, 56, 32
96, 56, 44
96, 57, 23
96, 57, 42
96, 58, 14
96, 58, 15
96, 59, 35
96, 60, 38
96, 63, 6
96, 67, 10
96, 67, 36
96, 67, 51
96, 69, 11
96, 70, 18
96, 70, 20
96, 71, 34
96, 73, 25
96, 73, 42
96, 75, 22
96, 75, 27
96, 75, 41
96, 78, 40
96, 80, 3
96, 80, 28
96, 81, 38
96, 83, 4
96, 83, 30
96, 85, 3
96, 85, 12
96, 85, 23
96, 90, 2
96, 90, 11
96, 91, 2
96, 92, 38
96, 94, 25
96, 95, 36
96, 97, 19
96, 98, 6
96, 99, 25
96, 101, 11
97, 3, 26
97, 4, 28
97, 4, 44
97, 5, 35
97, 6, 1
97, 6, 4
97, 7, 42
97, 9, 18
97, 9, 24
97, 9, 40
97, 14, 15
97, 15, 22
97, 19, 25
97, 22, 14
97, 24, 11
97, 25, 27
97, 26, 1
97, 26, 17
97, 30, 5
97, 30, 51
97, 31, 33
97, 32, 43
97, 36, 26
97, 38, 9
97, 39, 4
97, 40, 13
97, 40, 38
97, 40, 49
97, 41, 14
97, 41, 38
97, 42, 45
97, 45, 20
97, 47, 11
97, 47, 28
97, 48, 30
97, 48, 41
97, 49, 18
97, 50, 7
97, 50, 19
97, 51, 28
97, 51, 34
97, 52, 11
97, 54, 30
97, 56, 41
97, 58, 11
97, 58, 21
97, 60, 10
97, 60, 36
97, 61, 15
97, 62, 19
97, 64, 15
97, 64, 27
97, 65, 4
97, 65, 11
97, 65, 24
97, 66, 40
97, 68, 20
97, 68, 35
97, 69, 26
97, 71, 16
97, 71, 47
97, 72, 4
97, 72, 29
97, 76, 15
97, 76, 48
97, 78, 27
97, 82, 14
97, 82, 36
97, 82, 40
97, 83, 3
97, 83, 41
97, 83, 43
97, 84, 23
97, 84, 44
97, 87, 2
97, 89, 11
97, 89, 26
97, 89, 36
97, 89, 38
97, 96, 6
97, 96, 21
97, 96, 22
97, 98, 2
97, 98, 33
97, 99, 44
97, 101, 51
98, 1, 15
98, 1, 45
98, 2, 13
98, 4, 4
98, 4, 9
98, 4, 37
98, 5, 13
98, 8, 20
98, 9, 37
98, 11, 8
98, 12, 18
98, 12, 22
98, 13, 23
98, 13, 53
98, 15, 2
98, 15, 38
98, 18, 16
98, 20, 33
98, 20, 48
98, 22, 17
98, 22, 31
98, 26, 22
98, 26, 33
98, 26, 36
98, 28, 17
98, 30, 10
98, 30, 54
98, 32, 24
98, 34, 14
98, 35, 49
98, 37, 11
98, 37, 28
98, 39, 21
98, 39, 43
98, 39, 50
98, 40, 8
98, 45, 25
98, 45, 34
98, 46, 19
98, 46, 36
98, 47, 13
98, 47, 51
98, 49, 18
98, 50, 3
98, 54, 17
98, 54, 20
98, 54, 37
98, 55, 32
98, 57, 15
98, 58, 38
98, 59, 13
98, 59, 46
98, 59, 51
98, 61, 24
98, 62, 13
98, 62, 41
98, 65, 16
98, 66, 20
98, 66, 37
98, 67, 18
98, 68, 26
98, 70, 8
98, 72, 31
98, 73, 33
98, 74, 15
98, 78, 31
98, 79, 43
98, 81, 22
98, 83, 40
98, 86, 54
98, 87, 21
98, 89, 19
98, 93, 14
98, 96, 48
98, 98, 19
98, 98, 31
98, 98, 35
98, 98, 50
98, 100, 7
98, 100, 46
98, 101, 19
98, 101, 47
99, 2, 7
99, 2, 12
99, 2, 23
99, 2, 30
99, 4, 29
99, 7, 18
99, 7, 28
99, 8, 5
99, 9, 34
99, 9, 44
99, 10, 31
99, 11, 19
99, 11, 38
99, 12, 8
99, 14, 7
99, 14, 46
99, 15, 29
99, 15, 44
99, 16, 21
99, 16, 24
99, 17, 33
99, 18, 5
99, 18, 28
99, 19, 41
99, 21, 45
99, 22, 10
99, 22, 23
99, 22, 35
99, 22, 39
99, 23, 40
99, 24, 28
99, 26, 50
99, 27, 44
99, 29, 3
99, 29, 5
99, 29, 11
99, 29, 43
99, 29, 46
99, 29, 52
99, 30, 19
99, 31, 9
99, 31, 52
99, 33, 16
99, 34, 9
99, 35, 45
99, 35, 46
99, 37, 34
99, 38, 2
99, 38, 33
99, 40, 44
99, 42, 50
99, 43, 32
99, 44, 38
99, 45, 20
99, 46, 21
99, 46, 23
99, 47, 11
99, 47, 17
99, 48, 45
99, 49, 32
99, 49, 40
99, 50, 15
99, 51, 43
99, 51, 44
99, 54, 10
99, 55, 6
99, 55, 32
99, 56, 28
99, 57, 1
99, 59, 22
99, 61, 5
99, 61, 38
99, 63, 23
99, 63, 31
99, 63, 36
99, 63, 50
99, 64, 23
99, 64, 31
99, 64, 47
99, 65, 36
99, 65, 39
99, 67, 30
99, 68, 11
99, 68, 29
99, 71, 48
99, 75, 3
99, 75, 25
99, 76, 6
99, 77, 36
99, 78, 21
99, 78, 46
99, 79, 9
99, 79, 43
99, 79, 51
99, 84, 2
99, 84, 6
99, 84, 19
99, 84, 37
99, 85, 40
99, 86, 7
99, 87, 35
99, 88, 45
99, 89, 1
99, 90, 6
99, 90, 12
99, 92, 31
99, 93, 30
99, 94, 10
99, 95, 19
99, 98, 44
99, 99, 5
99, 99, 9
99, 99, 36
99, 100, 40
100, 2, 42
100, 5, 34
100, 8, 29
100, 9, 15
100, 9, 55
100, 14, 41
100, 15, 27
100, 16, 12
100, 17, 11
100, 18, 51
100, 19, 14
100, 20, 49
100, 21, 33
100, 22, 35
100, 24, 12
100, 25, 8
100, 25, 28
100, 26, 21
100, 26, 26
100, 27, 26
100, 29, 2
100, 30, 38
100, 31, 6
100, 31, 21
100, 33, 28
100, 37, 33
100, 39, 29
100, 39, 41
100, 46, 7
100, 47, 4
100, 47, 46
100, 50, 44
100, 51, 5
100, 51, 24
100, 56, 23
100, 58, 20
100, 58, 32
100, 59, 42
100, 60, 33
100, 61, 5
100, 61, 11
100, 66, 14
100, 69, 21
100, 70, 34
100, 71, 17
100, 73, 41
100, 74, 44
100, 81, 9
100, 81, 33
100, 81, 37
100, 83, 10
100, 84, 24
100, 85, 30
100, 88, 27
100, 90, 15
100, 90, 26
100, 93, 36
100, 95, 4
100, 96, 11
100, 97, 28
101, 1, 36
101, 1, 47
101, 1, 49
101, 6, 38
101, 9, 14
101, 9, 24
101, 9, 33
101, 13, 14
101, 16, 16
101, 17, 10
101, 17, 37
101, 18, 39
101, 18, 42
101, 19, 3
101, 19, 41
101, 20, 19
101, 21, 3
101, 22, 45
101, 23, 30
101, 24, 53
101, 25, 7
101, 25, 17
101, 25, 38
101, 26, 50
101, 28, 12
101, 28, 55
101, 32, 23
101, 32, 29
101, 34, 37
101, 36, 16
101, 36, 50
101, 37, 23
101, 37, 36
101, 40, 2
101, 40, 40
101, 44, 44
101, 45, 15
101, 46, 19
101, 47, 23
101, 47, 46
101, 48, 7
101, 49, 24
101, 49, 48
101, 50, 10
101, 50, 54
101, 52, 39
101, 53, 15
101, 53, 38
101, 54, 1
101, 55, 8
101, 57, 17
101, 61, 10
101, 63, 32
101, 64, 19
101, 64, 51
101, 65, 33
101, 65, 41
101, 67, 53
101, 68, 38
101, 72, 8
101, 73, 9
101, 75, 1
101, 75, 15
101, 75, 32
101, 75, 36
101, 77, 16
101, 77, 37
101, 77, 38
101, 79, 54
101, 80, 7
101, 80, 13
101, 80, 25
101, 83, 1
101, 84, 21
101, 84, 27
101, 89, 45
101, 90, 33
101, 90, 50
101, 92, 4
101, 92, 55
101, 94, 7
101, 95, 34
101, 95, 54
101, 96, 4
101, 97, 21
101, 99, 53
101, 100, 12
101, 100, 18
101, 100, 27
101, 101, 49
