1, 1, 6
1, 1, 27
1, 1, 42
1, 2, 24
1, 4, 2
1, 4, 9
1, 4, 30
1, 9, 12
1, 11, 46
1, 15, 8
1, 15, 28
1, 16, 32
1, 17, 53
1, 18, 7
1, 22, 31
1, 33, 9
1, 34, 6
1, 36, 2
1, 37, 21
1, 39, 22
1, 40, 33
1, 43, 18
1, 45, 24
1, 49, 52
1, 50, 24
1, 53, 12
1, 53, 22
1, 57, 7
1, 60, 2
1, 64, 33
1, 67, 11
1, 67, 56
1, 69, 32
1, 71, 20
1, 72, 61
1, 73, 8
1, 75, 31
1, 76, 44
1, 77, 38
1, 79, 9
1, 79, 46
1, 80, 49
1, 85, 2
1, 86, 4
1, 86, 53
1, 98, 12
1, 100, 18
1, 101, 3
1, 101, 32
2, 1, 18
2, 2, 13
2, 2, 19
2, 4, 16
2, 5, 35
2, 10, 45
2, 11, 14
2, 13, 50
2, 14, 11
2, 15, 39
2, 15, 47
2, 17, 25
2, 18, 3
2, 19, 18
2, 20, 32
2, 23, 44
2, 24, 26
2, 25, 1
2, 26, 45
2, 28, 24
2, 28, 41
2, 28, 43
2, 29, 51
2, 31, 32
2, 32, 7
2, 35, 26
2, 37, 2
2, 39, 23
2, 39, 41
2, 39, 49
2, 40, 30
2, 41, 9
2, 46, 24
2, 55, 45
2, 57, 19
2, 61, 6
2, 61, 22
2, 62, 19
2, 62, 43
2, 66, 8
2, 66, 30
2, 69, 3
2, 69, 41
2, 70, 8
2, 70, 45
2, 77, 5
2, 78, 25
2, 79, 16
2, 80, 5
2, 81, 18
2, 84, 16
2, 87, 39
2, 88, 31
2, 96, 26
2, 97, 37
2, 98, 6
2, 99, 50
3, 2, 28
3, 2, 36
3, 4, 34
3, 5, 23
3, 6, 15
3, 6, 44
3, 11, 39
3, 14, 23
3, 16, 41
3, 19, 25
3, 19, 41
3, 20, 38
3, 23, 11
3, 42, 32
3, 42, 35
3, 44, 5
3, 48, 17
3, 49, 24
3, 51, 18
3, 55, 5
3, 58, 18
3, 59, 10
3, 60, 16
3, 64, 45
3, 66, 15
3, 67, 25
3, 68, 38
3, 69, 23
3, 69, 52
3, 71, 33
3, 76, 26
3, 77, 26
3, 79, 44
3, 82, 45
3, 85, 28
3, 87, 34
3, 88, 43
3, 89, 13
3, 89, 36
3, 92, 43
3, 94, 32
3, 100, 39
4, 2, 43
4, 9, 13
4, 9, 15
4, 9, 20
4, 10, 51
4, 11, 31
4, 12, 42
4, 13, 20
4, 17, 32
4, 18, 5
4, 20, 9
4, 22, 24
4, 22, 33
4, 26, 12
4, 26, 22
4, 31, 6
4, 31, 51
4, 33, 1
4, 33, 18
4, 35, 11
4, 38, 11
4, 40, 35
4, 44, 31
4, 45, 9
4, 47, 2
4, 48, 33
4, 48, 34
4, 50, 17
4, 50, 41
4, 52, 41
4, 53, 26
4, 62, 41
4, 68, 17
4, 68, 26
4, 69, 18
4, 74, 55
4, 77, 15
4, 79, 25
4, 81, 53
4, 82, 9
4, 88, 9
4, 90, 17
4, 92, 6
4, 93, 20
4, 95, 13
4, 97, 49
4, 100, 12
4, 100, 17
5, 5, 4
5, 7, 54
5, 13, 30
5, 14, 41
5, 18, 4
5, 18, 38
5, 19, 45
5, 22, 30
5, 24, 8
5, 24, 46
5, 26, 17
5, 26, 52
5, 29, 18
5, 35, 55
5, 36, 34
5, 38, 29
5, 59, 22
5, 59, 37
5, 65, 43
5, 67, 54
5, 73, 30
5, 73, 34
5, 74, 52
5, 75, 4
5, 77, 7
5, 78, 5
5, 78, 42
5, 80, 35
5, 82, 8
5, 85, 9
5, 91, 13
5, 91, 18
5, 91, 29
5, 92, 38
5, 93, 27
5, 96, 22
5, 97, 43
5, 101, 25
6, 1, 8
6, 1, 9
6, 1, 57
6, 3, 13
6, 9, 17
6, 10, 2
6, 13, 48
6, 18, 35
6, 20, 25
6, 27, 22
6, 27, 38
6, 32, 7
6, 33, 7
6, 34, 16
6, 40, 26
6, 40, 45
6, 41, 47
6, 42, 13
6, 44, 42
6, 46, 57
6, 48, 43
6, 50, 32
6, 51, 46
6, 55, 48
6, 57, 34
6, 58, 40
6, 63, 10
6, 63, 15
6, 63, 29
6, 64, 41
6, 65, 20
6, 66, 24
6, 67, 30
6, 70, 48
6, 73, 7
6, 74, 12
6, 75, 53
6, 80, 33
6, 81, 22
6, 85, 14
6, 85, 47
6, 93, 46
6, 99, 20
6, 100, 35
7, 1, 37
7, 1, 40
7, 2, 47
7, 10, 17
7, 11, 10
7, 13, 9
7, 16, 7
7, 16, 25
7, 17, 36
7, 19, 23
7, 22, 32
7, 24, 60
7, 25, 18
7, 25, 48
7, 27, 39
7, 35, 42
7, 37, 40
7, 39, 7
7, 40, 36
7, 42, 4
7, 44, 15
7, 44, 31
7, 44, 52
7, 45, 10
7, 48, 44
7, 51, 12
7, 52, 4
7, 53, 35
7, 60, 37
7, 60, 42
7, 69, 39
7, 73, 32
7, 76, 4
7, 78, 17
7, 78, 33
7, 78, 48
7, 80, 23
7, 81, 4
7, 85, 24
7, 87, 52
7, 89, 24
7, 90, 7
7, 94, 7
7, 94, 40
7, 98, 35
8, 1, 47
8, 5, 10
8, 7, 33
8, 7, 43
8, 10, 14
8, 14, 41
8, 16, 22
8, 17, 38
8, 18, 43
8, 19, 1
8, 20, 42
8, 23, 60
8, 28, 27
8, 30, 8
8, 30, 28
8, 36, 2
8, 38, 34
8, 38, 52
8, 40, 19
8, 43, 3
8, 45, 40
8, 47, 57
8, 48, 37
8, 48, 46
8, 51, 19
8, 52, 37
8, 53, 3
8, 55, 22
8, 55, 27
8, 55, 60
8, 56, 47
8, 61, 18
8, 67, 33
8, 72, 22
8, 73, 10
8, 73, 38
8, 73, 43
8, 75, 43
8, 76, 45
8, 78, 45
8, 88, 10
8, 88, 34
8, 90, 22
8, 94, 4
8, 94, 43
8, 95, 37
8, 97, 33
8, 98, 41
8, 99, 10
8, 100, 17
9, 6, 5
9, 14, 3
9, 17, 24
9, 18, 2
9, 18, 7
9, 18, 51
9, 20, 27
9, 21, 52
9, 22, 13
9, 22, 63
9, 24, 20
9, 24, 55
9, 26, 42
9, 31, 45
9, 36, 23
9, 43, 27
9, 43, 49
9, 44, 35
9, 47, 53
9, 48, 7
9, 48, 38
9, 55, 27
9, 57, 1
9, 58, 31
9, 60, 40
9, 62, 36
9, 66, 49
9, 68, 47
9, 69, 35
9, 73, 7
9, 78, 13
9, 82, 17
9, 86, 37
9, 88, 42
9, 89, 51
9, 92, 5
9, 93, 23
9, 94, 30
9, 99, 4
9, 101, 23
10, 2, 20
10, 3, 35
10, 7, 7
10, 7, 37
10, 7, 61
10, 8, 6
10, 8, 18
10, 10, 12
10, 10, 25
10, 10, 49
10, 15, 33
10, 16, 39
10, 20, 28
10, 23, 44
10, 24, 23
10, 24, 32
10, 25, 23
10, 27, 33
10, 28, 22
10, 28, 56
10, 32, 16
10, 33, 13
10, 34, 14
10, 34, 26
10, 35, 5
10, 39, 54
10, 40, 46
10, 40, 51
10, 44, 13
10, 45, 34
10, 47, 6
10, 48, 17
10, 50, 39
10, 51, 46
10, 55, 30
10, 55, 44
10, 55, 49
10, 55, 53
10, 58, 22
10, 61, 16
10, 62, 43
10, 64, 39
10, 68, 48
10, 69, 20
10, 80, 18
10, 80, 33
10, 81, 32
10, 86, 56
10, 87, 7
10, 88, 32
10, 89, 16
10, 91, 26
10, 92, 46
10, 93, 20
10, 96, 13
10, 98, 18
10, 98, 45
10, 99, 56
10, 101, 61
11, 1, 27
11, 2, 12
11, 3, 57
11, 4, 28
11, 6, 1
11, 6, 25
11, 6, 52
11, 7, 8
11, 10, 31
11, 12, 17
11, 19, 19
11, 21, 19
11, 24, 15
11, 27, 26
11, 31, 10
11, 33, 9
11, 34, 24
11, 38, 29
11, 44, 24
11, 46, 5
11, 49, 41
11, 51, 4
11, 57, 32
11, 62, 17
11, 63, 8
11, 65, 2
11, 65, 60
11, 66, 57
11, 68, 16
11, 70, 19
11, 73, 8
11, 73, 34
11, 74, 8
11, 78, 28
11, 81, 28
11, 84, 34
11, 86, 22
11, 93, 52
11, 97, 20
11, 99, 26
12, 3, 2
12, 3, 30
12, 4, 57
12, 5, 40
12, 7, 12
12, 9, 46
12, 11, 19
12, 16, 27
12, 17, 21
12, 19, 5
12, 22, 18
12, 22, 25
12, 25, 4
12, 25, 55
12, 27, 36
12, 29, 4
12, 29, 49
12, 30, 30
12, 31, 24
12, 32, 8
12, 32, 31
12, 34, 10
12, 38, 4
12, 38, 6
12, 38, 38
12, 39, 13
12, 39, 38
12, 40, 41
12, 42, 20
12, 43, 6
12, 44, 9
12, 46, 7
12, 47, 31
12, 49, 36
12, 60, 30
12, 61, 11
12, 61, 12
12, 61, 31
12, 62, 24
12, 63, 3
12, 67, 29
12, 67, 34
12, 68, 4
12, 71, 3
12, 71, 46
12, 77, 12
12, 81, 12
12, 81, 34
12, 82, 18
12, 82, 38
12, 83, 2
12, 84, 31
12, 84, 40
12, 87, 5
12, 87, 24
12, 93, 40
13, 2, 2
13, 5, 6
13, 5, 44
13, 7, 19
13, 8, 36
13, 8, 47
13, 9, 12
13, 17, 32
13, 21, 10
13, 21, 28
13, 25, 45
13, 26, 54
13, 27, 4
13, 29, 3
13, 29, 7
13, 38, 20
13, 41, 35
13, 43, 23
13, 46, 3
13, 46, 13
13, 50, 3
13, 51, 45
13, 55, 16
13, 55, 24
13, 59, 36
13, 60, 34
13, 61, 22
13, 61, 29
13, 64, 11
13, 66, 33
13, 66, 44
13, 68, 32
13, 72, 19
13, 73, 8
13, 74, 13
13, 77, 35
13, 80, 34
13, 80, 47
13, 83, 10
13, 85, 1
13, 85, 25
13, 85, 48
13, 86, 45
13, 87, 22
13, 88, 12
13, 88, 47
13, 96, 14
13, 101, 28
13, 101, 44
14, 1, 22
14, 2, 33
14, 4, 9
14, 4, 19
14, 6, 4
14, 7, 45
14, 18, 14
14, 19, 23
14, 21, 46
14, 22, 35
14, 24, 2
14, 24, 19
14, 25, 11
14, 34, 25
14, 36, 33
14, 37, 10
14, 39, 30
14, 42, 18
14, 51, 19
14, 53, 14
14, 57, 22
14, 63, 57
14, 66, 23
14, 67, 5
14, 79, 30
14, 83, 19
14, 84, 25
14, 89, 27
14, 92, 2
14, 93, 45
14, 96, 3
14, 97, 11
15, 2, 11
15, 3, 19
15, 7, 53
15, 7, 58
15, 9, 41
15, 10, 8
15, 14, 19
15, 16, 34
15, 17, 19
15, 17, 48
15, 19, 29
15, 20, 4
15, 20, 32
15, 26, 30
15, 28, 47
15, 28, 52
15, 29, 57
15, 30, 31
15, 31, 45
15, 33, 17
15, 36, 13
15, 47, 6
15, 49, 24
15, 51, 2
15, 57, 18
15, 57, 30
15, 61, 2
15, 62, 39
15, 63, 6
15, 72, 34
15, 75, 23
15, 76, 14
15, 79, 7
15, 88, 23
15, 91, 53
15, 93, 14
15, 96, 6
15, 97, 8
15, 98, 5
16, 1, 39
16, 6, 28
16, 7, 40
16, 9, 27
16, 11, 15
16, 12, 19
16, 12, 38
16, 14, 36
16, 15, 54
16, 22, 53
16, 24, 4
16, 24, 23
16, 25, 6
16, 32, 38
16, 33, 14
16, 34, 33
16, 36, 47
16, 37, 24
16, 43, 37
16, 44, 14
16, 45, 15
16, 45, 48
16, 45, 52
16, 48, 33
16, 50, 44
16, 53, 28
16, 55, 27
16, 55, 40
16, 58, 32
16, 59, 15
16, 63, 53
16, 65, 36
16, 67, 48
16, 69, 43
16, 72, 21
16, 79, 39
16, 84, 30
16, 87, 36
16, 91, 23
16, 93, 36
16, 94, 30
16, 97, 55
16, 99, 19
16, 99, 27
16, 100, 39
17, 2, 34
17, 2, 53
17, 4, 44
17, 6, 2
17, 7, 24
17, 12, 51
17, 14, 12
17, 18, 33
17, 18, 38
17, 19, 40
17, 21, 27
17, 21, 43
17, 24, 7
17, 27, 31
17, 27, 46
17, 35, 48
17, 36, 40
17, 38, 41
17, 40, 48
17, 42, 39
17, 43, 8
17, 47, 18
17, 47, 29
17, 48, 17
17, 48, 43
17, 49, 57
17, 51, 4
17, 55, 45
17, 57, 5
17, 57, 53
17, 58, 13
17, 70, 49
17, 77, 18
17, 81, 24
17, 81, 46
17, 84, 34
17, 85, 14
17, 86, 38
17, 88, 3
17, 88, 54
17, 90, 12
17, 93, 18
17, 94, 44
17, 98, 32
17, 99, 34
17, 100, 48
17, 101, 51
18, 4, 25
18, 9, 12
18, 12, 5
18, 13, 13
18, 15, 34
18, 16, 49
18, 20, 35
18, 21, 2
18, 23, 18
18, 23, 37
18, 26, 11
18, 26, 40
18, 28, 20
18, 29, 37
18, 30, 33
18, 31, 11
18, 32, 40
18, 33, 4
18, 38, 5
18, 46, 53
18, 49, 49
18, 50, 21
18, 50, 36
18, 52, 28
18, 54, 39
18, 55, 15
18, 56, 17
18, 57, 20
18, 62, 37
18, 63, 31
18, 64, 5
18, 64, 38
18, 65, 17
18, 66, 13
18, 67, 17
18, 69, 23
18, 69, 45
18, 70, 53
18, 80, 36
18, 81, 1
18, 81, 34
18, 82, 3
18, 84, 22
18, 84, 35
18, 85, 18
18, 86, 58
18, 87, 11
18, 87, 35
18, 88, 19
18, 88, 25
18, 90, 17
18, 91, 28
18, 92, 17
18, 100, 49
19, 1, 3
19, 2, 5
19, 2, 45
19, 6, 23
19, 17, 12
19, 17, 31
19, 20, 38
19, 22, 23
19, 24, 4
19, 35, 6
19, 37, 45
19, 42, 2
19, 42, 53
19, 44, 34
19, 48, 20
19, 49, 31
19, 52, 22
19, 52, 50
19, 58, 34
19, 63, 19
19, 64, 43
19, 74, 12
19, 74, 52
19, 75, 54
19, 79, 3
19, 79, 15
19, 79, 20
19, 79, 45
19, 84, 48
19, 85, 6
19, 86, 5
19, 88, 31
19, 90, 34
19, 90, 50
19, 91, 26
19, 92, 4
19, 92, 54
19, 97, 6
19, 99, 19
20, 2, 29
20, 2, 40
20, 3, 15
20, 3, 19
20, 11, 6
20, 11, 21
20, 11, 42
20, 12, 52
20, 14, 18
20, 15, 37
20, 15, 42
20, 20, 7
20, 21, 14
20, 27, 5
20, 28, 6
20, 32, 14
20, 33, 19
20, 33, 32
20, 35, 17
20, 35, 26
20, 36, 26
20, 36, 50
20, 38, 6
20, 38, 25
20, 38, 40
20, 38, 43
20, 40, 33
20, 43, 18
20, 43, 21
20, 44, 13
20, 45, 23
20, 51, 12
20, 52, 13
20, 55, 15
20, 55, 40
20, 55, 44
20, 55, 45
20, 58, 29
20, 58, 48
20, 59, 17
20, 59, 32
20, 74, 32
20, 75, 46
20, 78, 28
20, 82, 13
20, 82, 19
20, 82, 42
20, 82, 45
20, 84, 33
20, 87, 18
20, 88, 7
20, 88, 63
20, 89, 34
20, 91, 26
20, 95, 12
20, 97, 37
21, 6, 11
21, 6, 51
21, 12, 49
21, 15, 40
21, 26, 13
21, 28, 41
21, 28, 49
21, 29, 57
21, 33, 41
21, 35, 6
21, 35, 36
21, 40, 27
21, 41, 26
21, 47, 62
21, 48, 22
21, 49, 44
21, 51, 20
21, 52, 4
21, 56, 37
21, 58, 34
21, 59, 6
21, 59, 12
21, 62, 24
21, 64, 46
21, 66, 31
21, 67, 17
21, 69, 34
21, 71, 49
21, 73, 27
21, 73, 59
21, 75, 13
21, 77, 10
21, 78, 32
21, 83, 4
21, 85, 17
21, 87, 46
21, 87, 49
21, 87, 51
21, 90, 5
21, 95, 51
21, 96, 21
21, 98, 36
21, 98, 53
22, 2, 52
22, 6, 5
22, 8, 59
22, 9, 2
22, 18, 30
22, 20, 45
22, 27, 12
22, 28, 10
22, 39, 12
22, 43, 48
22, 44, 18
22, 46, 3
22, 47, 47
22, 51, 49
22, 55, 23
22, 59, 9
22, 59, 63
22, 63, 24
22, 64, 10
22, 66, 5
22, 68, 9
22, 70, 35
22, 78, 47
22, 80, 33
22, 81, 44
22, 86, 43
22, 88, 18
22, 89, 35
22, 90, 1
22, 97, 18
22, 98, 8
22, 99, 47
22, 101, 12
23, 4, 41
23, 6, 20
23, 7, 44
23, 9, 23
23, 10, 14
23, 10, 37
23, 16, 56
23, 19, 26
23, 21, 44
23, 22, 30
23, 23, 30
23, 23, 44
23, 23, 53
23, 24, 6
23, 24, 37
23, 31, 45
23, 31, 50
23, 35, 18
23, 35, 57
23, 37, 2
23, 41, 14
23, 42, 15
23, 45, 49
23, 47, 23
23, 51, 4
23, 51, 41
23, 53, 2
23, 55, 32
23, 59, 50
23, 61, 2
23, 61, 27
23, 64, 37
23, 73, 30
23, 75, 44
23, 77, 18
23, 83, 12
23, 84, 40
23, 84, 43
23, 93, 14
23, 93, 16
23, 93, 41
23, 95, 26
23, 96, 21
23, 97, 28
23, 97, 32
23, 99, 18
23, 99, 23
23, 101, 9
24, 4, 20
24, 7, 17
24, 10, 1
24, 10, 38
24, 10, 40
24, 11, 12
24, 14, 5
24, 14, 50
24, 30, 46
24, 34, 8
24, 34, 30
24, 38, 39
24, 42, 34
24, 43, 6
24, 46, 27
24, 46, 48
24, 48, 7
24, 48, 13
24, 48, 51
24, 49, 14
24, 49, 25
24, 49, 50
24, 51, 35
24, 53, 40
24, 55, 26
24, 56, 7
24, 57, 46
24, 59, 22
24, 59, 51
24, 64, 3
24, 64, 20
24, 65, 40
24, 66, 12
24, 68, 50
24, 69, 17
24, 73, 49
24, 76, 6
24, 77, 24
24, 77, 37
24, 80, 30
24, 81, 31
24, 84, 16
24, 84, 26
24, 86, 8
24, 86, 15
24, 89, 1
24, 89, 48
24, 89, 63
24, 94, 34
24, 99, 28
24, 99, 37
25, 1, 13
25, 7, 51
25, 10, 34
25, 19, 8
25, 22, 38
25, 23, 49
25, 24, 19
25, 27, 20
25, 32, 36
25, 36, 9
25, 42, 29
25, 44, 18
25, 48, 37
25, 48, 41
25, 50, 26
25, 53, 10
25, 55, 13
25, 55, 42
25, 57, 16
25, 57, 35
25, 60, 6
25, 69, 14
25, 71, 6
25, 81, 12
25, 83, 28
25, 83, 38
25, 84, 13
25, 85, 18
25, 85, 53
25, 88, 13
25, 88, 55
25, 96, 19
25, 98, 48
25, 100, 34
25, 100, 37
25, 100, 51
26, 2, 4
26, 3, 30
26, 4, 15
26, 9, 7
26, 18, 4
26, 18, 39
26, 18, 56
26, 19, 27
26, 21, 52
26, 23, 36
26, 27, 1
26, 29, 25
26, 33, 45
26, 40, 29
26, 40, 43
26, 41, 16
26, 41, 40
26, 43, 29
26, 43, 41
26, 44, 25
26, 47, 42
26, 49, 13
26, 51, 21
26, 53, 14
26, 54, 27
26, 60, 2
26, 62, 15
26, 63, 48
26, 64, 21
26, 64, 30
26, 67, 20
26, 68, 24
26, 68, 35
26, 72, 38
26, 75, 36
26, 76, 39
26, 78, 13
26, 80, 27
26, 82, 5
26, 82, 28
26, 83, 56
26, 89, 4
26, 92, 1
26, 93, 4
26, 93, 42
26, 94, 25
26, 95, 22
26, 98, 29
26, 99, 24
26, 100, 32
26, 101, 13
26, 101, 31
27, 2, 6
27, 4, 28
27, 5, 28
27, 7, 30
27, 10, 1
27, 11, 14
27, 11, 41
27, 11, 50
27, 14, 26
27, 18, 39
27, 22, 8
27, 23, 41
27, 24, 30
27, 25, 35
27, 26, 41
27, 27, 32
27, 27, 34
27, 29, 14
27, 29, 26
27, 30, 19
27, 31, 24
27, 32, 27
27, 33, 8
27, 36, 48
27, 39, 26
27, 45, 50
27, 46, 10
27, 48, 31
27, 51, 48
27, 52, 10
27, 56, 5
27, 56, 13
27, 61, 31
27, 65, 23
27, 68, 40
27, 68, 49
27, 71, 27
27, 71, 63
27, 72, 19
27, 73, 41
27, 78, 51
27, 81, 50
27, 83, 30
27, 84, 50
27, 85, 22
27, 85, 26
27, 85, 32
27, 90, 20
27, 93, 31
27, 94, 45
27, 100, 41
27, 100, 50
27, 101, 8
28, 2, 2
28, 11, 58
28, 20, 12
28, 20, 38
28, 20, 45
28, 27, 20
28, 28, 26
28, 29, 4
28, 30, 30
28, 36, 6
28, 36, 16
28, 41, 12
28, 41, 39
28, 43, 37
28, 47, 32
28, 51, 9
28, 57, 35
28, 61, 58
28, 64, 23
28, 66, 42
28, 69, 9
28, 69, 39
28, 70, 6
28, 73, 29
28, 75, 45
28, 78, 20
28, 81, 7
28, 81, 38
28, 84, 38
28, 91, 41
28, 95, 23
28, 96, 42
28, 96, 58
29, 1, 26
29, 1, 69
29, 4, 22
29, 5, 5
29, 6, 2
29, 7, 42
29, 13, 25
29, 14, 37
29, 14, 41
29, 16, 10
29, 16, 23
29, 17, 33
29, 18, 32
29, 22, 7
29, 22, 50
29, 24, 50
29, 28, 6
29, 29, 6
29, 29, 31
29, 34, 8
29, 36, 19
29, 38, 28
29, 41, 23
29, 51, 40
29, 57, 13
29, 59, 1
29, 59, 22
29, 61, 33
29, 65, 16
29, 66, 57
29, 73, 46
29, 74, 13
29, 75, 7
29, 79, 35
29, 84, 42
29, 87, 10
29, 87, 25
29, 89, 22
29, 89, 28
29, 95, 6
29, 97, 4
29, 100, 17
30, 1, 33
30, 6, 1
30, 6, 19
30, 7, 28
30, 7, 36
30, 13, 43
30, 18, 23
30, 18, 26
30, 18, 34
30, 18, 43
30, 19, 4
30, 21, 12
30, 24, 30
30, 24, 41
30, 32, 5
30, 32, 16
30, 34, 7
30, 36, 13
30, 37, 3
30, 43, 14
30, 45, 27
30, 46, 41
30, 47, 26
30, 51, 42
30, 52, 45
30, 53, 9
30, 53, 30
30, 53, 45
30, 55, 36
30, 55, 43
30, 58, 51
30, 61, 32
30, 62, 52
30, 63, 33
30, 64, 34
30, 73, 7
30, 73, 26
30, 78, 55
30, 79, 55
30, 80, 4
30, 83, 42
30, 84, 47
30, 88, 16
30, 95, 6
30, 95, 25
31, 3, 33
31, 4, 51
31, 9, 4
31, 13, 2
31, 16, 22
31, 19, 12
31, 19, 28
31, 26, 16
31, 30, 55
31, 31, 7
31, 32, 11
31, 33, 2
31, 33, 48
31, 36, 33
31, 40, 28
31, 40, 34
31, 43, 22
31, 50, 24
31, 52, 20
31, 54, 25
31, 56, 52
31, 59, 3
31, 59, 12
31, 62, 8
31, 64, 29
31, 64, 43
31, 69, 2
31, 71, 49
31, 82, 46
31, 82, 51
31, 84, 28
31, 84, 41
31, 84, 54
31, 89, 6
31, 89, 51
31, 90, 41
31, 92, 4
31, 95, 55
31, 96, 14
31, 97, 4
31, 97, 10
31, 99, 55
32, 1, 54
32, 2, 38
32, 3, 11
32, 5, 17
32, 6, 40
32, 9, 22
32, 9, 43
32, 10, 26
32, 11, 34
32, 14, 40
32, 16, 13
32, 20, 14
32, 20, 33
32, 21, 44
32, 24, 40
32, 25, 17
32, 27, 18
32, 31, 20
32, 34, 34
32, 36, 6
32, 41, 36
32, 42, 21
32, 43, 4
32, 43, 51
32, 44, 5
32, 44, 38
32, 45, 47
32, 49, 13
32, 55, 18
32, 55, 48
32, 59, 24
32, 60, 2
32, 60, 20
32, 63, 3
32, 66, 17
32, 68, 8
32, 68, 33
32, 68, 54
32, 72, 2
32, 74, 15
32, 74, 16
32, 74, 43
32, 75, 26
32, 76, 11
32, 76, 40
32, 82, 6
32, 84, 51
32, 86, 4
32, 86, 11
32, 86, 44
32, 89, 14
32, 89, 17
32, 96, 26
32, 98, 13
32, 98, 47
33, 5, 12
33, 6, 27
33, 9, 3
33, 11, 37
33, 14, 14
33, 17, 24
33, 19, 53
33, 21, 41
33, 21, 57
33, 22, 2
33, 23, 23
33, 24, 47
33, 26, 54
33, 28, 20
33, 40, 51
33, 42, 44
33, 44, 27
33, 49, 27
33, 49, 38
33, 53, 20
33, 54, 12
33, 59, 9
33, 61, 37
33, 70, 11
33, 73, 12
33, 76, 26
33, 78, 4
33, 84, 24
33, 84, 25
33, 87, 28
33, 89, 27
33, 89, 38
33, 94, 23
33, 95, 9
33, 97, 42
33, 98, 14
34, 1, 23
34, 4, 22
34, 5, 41
34, 6, 43
34, 7, 8
34, 13, 10
34, 13, 48
34, 14, 16
34, 15, 18
34, 18, 9
34, 22, 4
34, 27, 1
34, 28, 45
34, 29, 8
34, 29, 43
34, 34, 42
34, 40, 17
34, 43, 16
34, 46, 19
34, 52, 22
34, 54, 18
34, 58, 46
34, 65, 8
34, 69, 42
34, 73, 1
34, 73, 41
34, 79, 6
34, 79, 34
34, 85, 5
34, 85, 13
34, 92, 11
34, 95, 43
34, 97, 18
34, 99, 11
34, 99, 48
35, 1, 46
35, 4, 25
35, 7, 27
35, 8, 41
35, 12, 41
35, 15, 2
35, 16, 21
35, 16, 51
35, 18, 25
35, 18, 30
35, 20, 35
35, 24, 5
35, 25, 40
35, 27, 53
35, 29, 49
35, 31, 20
35, 31, 48
35, 32, 59
35, 35, 33
35, 36, 3
35, 36, 35
35, 37, 4
35, 37, 32
35, 37, 43
35, 44, 3
35, 44, 7
35, 47, 18
35, 49, 24
35, 51, 9
35, 57, 1
35, 57, 51
35, 61, 46
35, 64, 34
35, 64, 40
35, 67, 15
35, 74, 5
35, 74, 25
35, 77, 30
35, 81, 41
35, 84, 18
35, 89, 17
35, 93, 18
35, 94, 29
35, 100, 7
35, 100, 21
35, 101, 49
36, 6, 55
36, 9, 61
36, 11, 39
36, 12, 32
36, 16, 28
36, 18, 43
36, 18, 45
36, 20, 4
36, 28, 26
36, 30, 15
36, 30, 38
36, 34, 25
36, 34, 27
36, 40, 13
36, 42, 57
36, 44, 22
36, 44, 59
36, 45, 13
36, 45, 29
36, 48, 36
36, 51, 16
36, 52, 28
36, 53, 12
36, 57, 36
36, 57, 45
36, 59, 15
36, 60, 30
36, 61, 55
36, 66, 37
36, 67, 52
36, 68, 10
36, 69, 45
36, 74, 10
36, 74, 43
36, 87, 39
36, 91, 25
36, 94, 2
36, 94, 34
36, 94, 37
36, 95, 52
36, 98, 4
37, 6, 3
37, 6, 53
37, 9, 15
37, 12, 19
37, 14, 13
37, 22, 31
37, 30, 7
37, 33, 18
37, 33, 24
37, 35, 20
37, 35, 37
37, 36, 2
37, 36, 10
37, 36, 51
37, 36, 54
37, 38, 39
37, 39, 2
37, 39, 24
37, 43, 24
37, 45, 45
37, 47, 5
37, 50, 52
37, 53, 24
37, 54, 34
37, 55, 29
37, 59, 12
37, 61, 34
37, 62, 2
37, 62, 32
37, 63, 9
37, 64, 27
37, 64, 53
37, 65, 32
37, 65, 45
37, 66, 42
37, 72, 7
37, 72, 57
37, 77, 1
37, 77, 52
37, 79, 43
37, 80, 19
37, 80, 28
37, 83, 10
37, 90, 39
37, 91, 20
37, 91, 51
37, 93, 9
37, 93, 10
37, 94, 3
37, 94, 44
37, 95, 8
37, 97, 15
37, 97, 26
37, 97, 34
37, 99, 39
37, 100, 12
37, 100, 20
37, 101, 2
38, 2, 10
38, 3, 16
38, 12, 45
38, 15, 31
38, 16, 8
38, 19, 21
38, 26, 13
38, 27, 24
38, 31, 49
38, 33, 44
38, 35, 5
38, 35, 16
38, 35, 21
38, 50, 2
38, 51, 24
38, 51, 35
38, 53, 3
38, 54, 8
38, 60, 57
38, 61, 26
38, 67, 10
38, 71, 30
38, 72, 60
38, 76, 13
38, 81, 53
38, 85, 38
38, 87, 49
38, 88, 9
38, 88, 44
38, 98, 49
39, 3, 2
39, 3, 56
39, 5, 55
39, 6, 10
39, 6, 16
39, 6, 28
39, 7, 45
39, 7, 51
39, 8, 21
39, 10, 19
39, 10, 43
39, 11, 17
39, 12, 42
39, 17, 14
39, 28, 2
39, 28, 44
39, 38, 4
39, 39, 33
39, 39, 42
39, 40, 20
39, 41, 12
39, 45, 31
39, 48, 10
39, 50, 48
39, 52, 13
39, 57, 60
39, 59, 36
39, 59, 38
39, 61, 21
39, 65, 10
39, 71, 17
39, 71, 35
39, 72, 1
39, 74, 20
39, 76, 63
39, 77, 31
39, 77, 34
39, 77, 35
39, 78, 38
39, 79, 52
39, 81, 10
39, 82, 54
39, 84, 16
39, 85, 10
39, 88, 40
39, 89, 27
39, 92, 23
39, 93, 16
39, 94, 51
39, 97, 17
39, 98, 60
39, 100, 31
39, 101, 21
40, 1, 26
40, 5, 8
40, 6, 12
40, 11, 33
40, 13, 23
40, 14, 9
40, 15, 39
40, 18, 38
40, 22, 31
40, 23, 59
40, 27, 8
40, 29, 28
40, 30, 38
40, 31, 30
40, 33, 45
40, 35, 43
40, 37, 39
40, 45, 15
40, 47, 21
40, 48, 6
40, 49, 10
40, 49, 65
40, 52, 3
40, 52, 54
40, 53, 2
40, 60, 18
40, 60, 21
40, 66, 36
40, 68, 30
40, 70, 20
40, 70, 29
40, 71, 54
40, 74, 9
40, 76, 8
40, 78, 17
40, 79, 31
40, 81, 4
40, 85, 9
40, 86, 20
40, 87, 23
40, 89, 38
40, 91, 26
40, 95, 6
40, 96, 28
40, 96, 39
40, 98, 15
41, 1, 3
41, 1, 51
41, 5, 27
41, 6, 11
41, 11, 12
41, 12, 14
41, 14, 53
41, 16, 3
41, 18, 32
41, 24, 39
41, 30, 41
41, 30, 44
41, 38, 18
41, 42, 53
41, 45, 19
41, 46, 35
41, 49, 29
41, 55, 18
41, 55, 47
41, 56, 32
41, 58, 2
41, 58, 39
41, 62, 16
41, 63, 45
41, 67, 60
41, 68, 42
41, 71, 34
41, 74, 12
41, 74, 24
41, 75, 48
41, 76, 18
41, 80, 3
41, 84, 39
41, 86, 18
41, 86, 33
41, 88, 32
41, 90, 44
41, 92, 13
41, 93, 48
41, 98, 34
41, 100, 35
41, 101, 51
42, 2, 13
42, 8, 55
42, 21, 23
42, 25, 28
42, 28, 11
42, 28, 23
42, 28, 29
42, 30, 24
42, 35, 1
42, 36, 47
42, 37, 37
42, 40, 52
42, 50, 12
42, 50, 53
42, 52, 17
42, 67, 45
42, 74, 24
42, 74, 41
42, 76, 24
42, 86, 1
42, 97, 45
42, 97, 53
42, 98, 23
42, 100, 5
43, 6, 51
43, 7, 21
43, 9, 12
43, 9, 36
43, 11, 20
43, 11, 24
43, 11, 42
43, 11, 50
43, 12, 30
43, 14, 23
43, 15, 5
43, 16, 1
43, 19, 31
43, 19, 54
43, 20, 30
43, 21, 44
43, 22, 1
43, 24, 29
43, 29, 27
43, 31, 11
43, 31, 26
43, 32, 8
43, 34, 16
43, 36, 26
43, 38, 27
43, 39, 9
43, 40, 42
43, 40, 50
43, 41, 20
43, 44, 25
43, 48, 14
43, 51, 51
43, 54, 32
43, 55, 17
43, 55, 63
43, 58, 4
43, 58, 21
43, 59, 23
43, 64, 9
43, 64, 25
43, 66, 30
43, 69, 12
43, 70, 27
43, 71, 5
43, 74, 5
43, 78, 10
43, 80, 3
43, 80, 17
43, 81, 4
43, 81, 20
43, 81, 31
43, 83, 12
43, 84, 2
43, 86, 5
43, 89, 36
43, 91, 9
43, 92, 6
43, 92, 24
43, 92, 33
43, 94, 35
43, 97, 14
43, 97, 24
43, 98, 10
44, 2, 7
44, 2, 38
44, 7, 20
44, 8, 46
44, 9, 8
44, 9, 32
44, 13, 15
44, 14, 11
44, 14, 19
44, 14, 32
44, 21, 4
44, 21, 37
44, 22, 39
44, 26, 39
44, 29, 4
44, 31, 16
44, 31, 42
44, 33, 57
44, 36, 17
44, 36, 49
44, 37, 12
44, 46, 23
44, 51, 26
44, 55, 44
44, 57, 32
44, 57, 41
44, 58, 23
44, 58, 46
44, 61, 24
44, 67, 1
44, 67, 54
44, 72, 24
44, 73, 51
44, 74, 19
44, 77, 21
44, 78, 8
44, 79, 30
44, 79, 53
44, 82, 37
44, 87, 20
44, 89, 32
44, 97, 1
44, 97, 27
44, 100, 40
45, 2, 12
45, 5, 47
45, 6, 49
45, 8, 41
45, 9, 32
45, 11, 36
45, 18, 14
45, 19, 17
45, 21, 41
45, 21, 46
45, 25, 22
45, 25, 57
45, 27, 6
45, 30, 26
45, 33, 21
45, 35, 8
45, 35, 37
45, 36, 49
45, 37, 7
45, 39, 41
45, 44, 1
45, 45, 2
45, 45, 20
45, 45, 56
45, 46, 7
45, 46, 30
45, 47, 52
45, 49, 10
45, 50, 7
45, 51, 23
45, 52, 57
45, 55, 22
45, 57, 3
45, 57, 49
45, 59, 34
45, 59, 39
45, 62, 10
45, 64, 32
45, 67, 39
45, 70, 12
45, 70, 41
45, 75, 51
45, 77, 26
45, 80, 14
45, 84, 50
45, 89, 32
45, 97, 32
45, 97, 44
45, 99, 46
46, 3, 15
46, 4, 5
46, 6, 42
46, 9, 33
46, 12, 29
46, 13, 46
46, 17, 22
46, 20, 36
46, 22, 49
46, 23, 45
46, 24, 11
46, 24, 61
46, 26, 12
46, 26, 29
46, 26, 51
46, 27, 37
46, 31, 36
46, 31, 47
46, 38, 33
46, 40, 5
46, 44, 22
46, 49, 11
46, 49, 43
46, 52, 2
46, 57, 40
46, 60, 16
46, 61, 32
46, 64, 12
46, 67, 22
46, 72, 4
46, 72, 53
46, 75, 42
46, 76, 29
46, 81, 2
46, 83, 39
46, 89, 11
46, 89, 38
46, 91, 33
46, 91, 43
46, 95, 27
46, 97, 16
46, 97, 22
46, 98, 55
46, 99, 19
46, 99, 36
46, 99, 45
46, 101, 61
47, 2, 51
47, 4, 11
47, 4, 23
47, 6, 6
47, 9, 33
47, 10, 34
47, 12, 14
47, 13, 37
47, 15, 10
47, 15, 42
47, 18, 20
47, 20, 47
47, 22, 15
47, 23, 15
47, 23, 51
47, 24, 1
47, 29, 13
47, 31, 45
47, 43, 46
47, 47, 14
47, 47, 48
47, 48, 45
47, 50, 13
47, 53, 20
47, 53, 47
47, 55, 21
47, 56, 16
47, 59, 1
47, 61, 22
47, 75, 34
47, 76, 44
47, 78, 13
47, 84, 24
47, 84, 60
47, 87, 47
47, 92, 48
47, 95, 3
47, 97, 45
47, 101, 15
47, 101, 16
48, 3, 53
48, 7, 33
48, 8, 55
48, 10, 17
48, 11, 5
48, 11, 42
48, 15, 35
48, 18, 42
48, 19, 18
48, 28, 23
48, 30, 18
48, 30, 36
48, 31, 23
48, 31, 30
48, 32, 39
48, 34, 50
48, 36, 1
48, 39, 57
48, 40, 10
48, 41, 30
48, 45, 35
48, 47, 22
48, 49, 9
48, 57, 1
48, 58, 38
48, 60, 31
48, 64, 17
48, 65, 43
48, 65, 49
48, 72, 33
48, 77, 5
48, 77, 39
48, 78, 15
48, 80, 10
48, 83, 42
48, 85, 48
48, 87, 50
48, 87, 52
48, 89, 15
48, 90, 17
48, 91, 35
48, 92, 29
48, 100, 55
48, 101, 42
49, 3, 46
49, 4, 42
49, 7, 17
49, 7, 41
49, 10, 7
49, 10, 26
49, 10, 30
49, 10, 40
49, 18, 47
49, 20, 1
49, 24, 51
49, 25, 34
49, 31, 20
49, 33, 1
49, 35, 24
49, 41, 4
49, 42, 33
49, 46, 29
49, 48, 17
49, 49, 27
49, 49, 33
49, 50, 26
49, 52, 24
49, 58, 14
49, 63, 22
49, 76, 27
49, 77, 7
49, 83, 47
49, 85, 25
49, 89, 14
49, 90, 51
49, 92, 40
49, 94, 4
49, 95, 30
49, 101, 46
50, 2, 10
50, 2, 11
50, 2, 12
50, 2, 31
50, 2, 34
50, 7, 23
50, 11, 27
50, 15, 1
50, 16, 46
50, 18, 18
50, 18, 50
50, 20, 14
50, 20, 34
50, 25, 19
50, 25, 27
50, 25, 49
50, 30, 14
50, 35, 36
50, 44, 10
50, 44, 34
50, 45, 35
50, 47, 9
50, 48, 40
50, 50, 5
50, 51, 29
50, 52, 41
50, 54, 12
50, 57, 14
50, 62, 5
50, 64, 27
50, 68, 11
50, 70, 53
50, 71, 50
50, 74, 39
50, 74, 55
50, 80, 35
50, 80, 49
50, 85, 42
50, 89, 53
50, 94, 23
50, 97, 10
50, 97, 27
51, 1, 2
51, 1, 38
51, 1, 47
51, 3, 5
51, 3, 52
51, 4, 38
51, 4, 41
51, 12, 8
51, 12, 10
51, 12, 13
51, 14, 17
51, 17, 12
51, 22, 22
51, 23, 45
51, 28, 5
51, 28, 44
51, 29, 4
51, 29, 35
51, 32, 29
51, 37, 38
51, 39, 6
51, 51, 57
51, 55, 3
51, 60, 43
51, 61, 11
51, 61, 51
51, 63, 13
51, 63, 41
51, 64, 34
51, 66, 4
51, 66, 30
51, 67, 35
51, 67, 41
51, 69, 52
51, 71, 17
51, 74, 52
51, 75, 29
51, 77, 8
51, 78, 51
51, 80, 37
51, 84, 2
51, 85, 2
51, 86, 35
51, 87, 10
51, 88, 43
51, 89, 8
51, 91, 2
51, 91, 44
51, 92, 17
51, 94, 13
51, 95, 47
51, 99, 12
51, 99, 38
52, 3, 19
52, 4, 6
52, 6, 58
52, 14, 51
52, 15, 5
52, 18, 38
52, 19, 7
52, 19, 45
52, 28, 9
52, 29, 20
52, 29, 33
52, 29, 55
52, 32, 24
52, 36, 10
52, 37, 2
52, 38, 39
52, 40, 15
52, 41, 40
52, 46, 5
52, 47, 57
52, 59, 35
52, 61, 8
52, 62, 39
52, 63, 16
52, 66, 5
52, 68, 48
52, 70, 43
52, 74, 15
52, 74, 20
52, 77, 19
52, 77, 38
52, 80, 15
52, 83, 19
52, 88, 43
52, 90, 9
52, 91, 58
53, 4, 21
53, 8, 46
53, 9, 15
53, 14, 27
53, 18, 5
53, 18, 15
53, 25, 7
53, 26, 40
53, 31, 9
53, 38, 14
53, 40, 12
53, 41, 47
53, 43, 27
53, 43, 37
53, 45, 36
53, 47, 10
53, 47, 30
53, 48, 12
53, 48, 19
53, 51, 44
53, 51, 48
53, 52, 21
53, 52, 54
53, 62, 15
53, 68, 48
53, 79, 7
53, 79, 55
53, 85, 17
53, 89, 36
53, 92, 21
53, 94, 27
53, 95, 46
53, 98, 9
53, 101, 12
54, 3, 41
54, 7, 49
54, 10, 2
54, 10, 55
54, 12, 3
54, 22, 35
54, 23, 8
54, 24, 5
54, 24, 11
54, 25, 13
54, 31, 32
54, 33, 47
54, 34, 34
54, 38, 12
54, 38, 58
54, 44, 54
54, 48, 23
54, 50, 13
54, 51, 34
54, 51, 42
54, 56, 43
54, 60, 29
54, 61, 25
54, 68, 42
54, 76, 55
54, 77, 5
54, 79, 27
54, 83, 11
54, 86, 35
54, 86, 49
54, 88, 11
54, 89, 19
54, 91, 21
54, 93, 27
54, 94, 29
54, 96, 12
54, 98, 12
54, 99, 42
55, 2, 57
55, 5, 37
55, 10, 51
55, 14, 14
55, 16, 62
55, 18, 61
55, 22, 2
55, 23, 31
55, 24, 26
55, 28, 2
55, 28, 12
55, 30, 37
55, 31, 48
55, 35, 40
55, 36, 21
55, 36, 35
55, 36, 47
55, 37, 21
55, 40, 9
55, 41, 24
55, 44, 48
55, 46, 24
55, 48, 46
55, 53, 18
55, 59, 43
55, 64, 37
55, 65, 24
55, 65, 43
55, 66, 16
55, 73, 1
55, 73, 32
55, 76, 48
55, 78, 38
55, 78, 57
55, 79, 14
55, 80, 15
55, 83, 31
55, 84, 57
55, 92, 51
55, 93, 36
55, 94, 46
56, 2, 20
56, 3, 35
56, 5, 24
56, 5, 44
56, 6, 30
56, 7, 27
56, 10, 50
56, 11, 2
56, 12, 31
56, 16, 46
56, 17, 16
56, 18, 23
56, 20, 32
56, 23, 14
56, 30, 32
56, 36, 31
56, 38, 9
56, 38, 30
56, 38, 50
56, 40, 28
56, 45, 8
56, 45, 30
56, 46, 32
56, 47, 2
56, 47, 38
56, 48, 63
56, 49, 17
56, 50, 44
56, 55, 29
56, 55, 59
56, 56, 19
56, 60, 8
56, 64, 11
56, 64, 35
56, 64, 46
56, 65, 4
56, 65, 43
56, 66, 22
56, 71, 50
56, 73, 10
56, 75, 27
56, 76, 39
56, 79, 53
56, 81, 46
56, 82, 36
56, 84, 30
56, 85, 24
56, 85, 44
56, 88, 1
56, 89, 23
56, 91, 31
56, 96, 3
57, 1, 32
57, 2, 43
57, 4, 29
57, 5, 23
57, 7, 13
57, 9, 48
57, 10, 47
57, 11, 54
57, 12, 36
57, 13, 47
57, 15, 2
57, 16, 25
57, 17, 32
57, 21, 39
57, 24, 47
57, 29, 43
57, 31, 16
57, 31, 43
57, 33, 4
57, 33, 9
57, 33, 29
57, 34, 35
57, 36, 13
57, 39, 50
57, 41, 4
57, 41, 46
57, 55, 30
57, 57, 58
57, 59, 57
57, 62, 19
57, 63, 43
57, 64, 35
57, 67, 53
57, 71, 8
57, 76, 47
57, 77, 36
57, 78, 5
57, 78, 23
57, 78, 32
57, 80, 18
57, 87, 2
57, 87, 39
57, 88, 43
57, 88, 53
57, 89, 29
57, 95, 25
57, 100, 2
57, 101, 23
58, 5, 2
58, 5, 23
58, 5, 30
58, 10, 16
58, 10, 52
58, 13, 32
58, 13, 40
58, 14, 8
58, 15, 12
58, 15, 23
58, 16, 30
58, 16, 56
58, 18, 26
58, 20, 5
58, 24, 12
58, 25, 8
58, 28, 24
58, 28, 43
58, 29, 4
58, 36, 1
58, 39, 17
58, 39, 39
58, 42, 25
58, 44, 2
58, 45, 33
58, 46, 16
58, 49, 32
58, 51, 26
58, 54, 27
58, 58, 17
58, 58, 53
58, 62, 50
58, 67, 15
58, 72, 12
58, 74, 55
58, 75, 40
58, 80, 26
58, 82, 32
58, 84, 16
58, 86, 5
58, 88, 6
58, 89, 20
58, 89, 29
58, 92, 40
58, 93, 19
58, 97, 17
58, 99, 52
58, 100, 6
59, 2, 24
59, 6, 9
59, 14, 45
59, 17, 12
59, 18, 20
59, 36, 23
59, 39, 26
59, 40, 1
59, 42, 48
59, 45, 42
59, 45, 52
59, 47, 23
59, 53, 30
59, 60, 45
59, 65, 55
59, 67, 5
59, 67, 66
59, 69, 43
59, 70, 35
59, 72, 23
59, 72, 48
59, 76, 7
59, 78, 9
59, 85, 24
59, 86, 12
59, 88, 38
59, 90, 45
59, 91, 30
59, 95, 1
59, 99, 24
59, 99, 42
59, 101, 12
59, 101, 38
60, 1, 12
60, 2, 10
60, 8, 38
60, 9, 28
60, 13, 31
60, 14, 42
60, 14, 53
60, 16, 15
60, 18, 2
60, 20, 35
60, 20, 42
60, 23, 49
60, 24, 20
60, 27, 38
60, 30, 23
60, 31, 22
60, 31, 38
60, 32, 35
60, 36, 5
60, 37, 18
60, 39, 23
60, 46, 51
60, 48, 12
60, 48, 45
60, 50, 39
60, 51, 9
60, 53, 8
60, 55, 9
60, 57, 2
60, 57, 8
60, 57, 35
60, 59, 45
60, 65, 28
60, 67, 6
60, 68, 26
60, 68, 35
60, 68, 57
60, 69, 53
60, 70, 38
60, 73, 43
60, 76, 23
60, 77, 43
60, 86, 8
60, 86, 18
60, 86, 20
60, 86, 31
60, 87, 31
60, 97, 5
60, 97, 37
60, 98, 45
60, 100, 46
61, 1, 8
61, 7, 20
61, 12, 27
61, 14, 39
61, 16, 10
61, 18, 50
61, 19, 23
61, 23, 41
61, 24, 13
61, 25, 9
61, 28, 39
61, 31, 51
61, 32, 20
61, 32, 27
61, 37, 1
61, 39, 5
61, 39, 44
61, 41, 33
61, 41, 52
61, 42, 20
61, 43, 10
61, 45, 11
61, 47, 58
61, 48, 24
61, 49, 36
61, 51, 25
61, 53, 1
61, 53, 22
61, 55, 5
61, 56, 42
61, 60, 9
61, 65, 30
61, 68, 35
61, 68, 51
61, 70, 5
61, 73, 49
61, 81, 10
61, 82, 41
61, 82, 50
61, 83, 20
61, 85, 36
61, 86, 20
61, 89, 50
61, 90, 39
61, 92, 40
61, 93, 9
61, 93, 21
61, 93, 27
61, 95, 26
62, 4, 20
62, 5, 4
62, 10, 4
62, 12, 32
62, 14, 15
62, 15, 9
62, 22, 42
62, 23, 46
62, 26, 47
62, 28, 37
62, 32, 7
62, 35, 16
62, 36, 7
62, 36, 20
62, 36, 51
62, 37, 41
62, 40, 6
62, 40, 51
62, 45, 23
62, 50, 24
62, 54, 34
62, 55, 35
62, 57, 8
62, 59, 37
62, 63, 8
62, 71, 15
62, 71, 32
62, 74, 51
62, 81, 42
62, 84, 46
62, 97, 9
62, 100, 6
63, 2, 33
63, 3, 10
63, 5, 4
63, 12, 39
63, 14, 10
63, 14, 45
63, 14, 49
63, 15, 6
63, 15, 29
63, 20, 27
63, 22, 44
63, 22, 50
63, 25, 4
63, 30, 12
63, 30, 39
63, 32, 21
63, 40, 10
63, 40, 19
63, 43, 49
63, 44, 43
63, 46, 3
63, 46, 19
63, 47, 2
63, 47, 58
63, 49, 44
63, 51, 6
63, 52, 14
63, 54, 39
63, 59, 26
63, 60, 12
63, 62, 4
63, 62, 19
63, 62, 31
63, 66, 24
63, 67, 6
63, 67, 45
63, 72, 12
63, 72, 55
63, 75, 13
63, 80, 29
63, 81, 34
63, 81, 46
63, 90, 31
63, 91, 18
63, 94, 30
63, 94, 38
63, 95, 13
63, 95, 44
63, 99, 24
64, 1, 38
64, 2, 30
64, 2, 35
64, 4, 30
64, 4, 48
64, 7, 19
64, 7, 37
64, 7, 51
64, 9, 6
64, 10, 8
64, 10, 35
64, 13, 1
64, 13, 10
64, 13, 59
64, 14, 24
64, 20, 13
64, 20, 42
64, 21, 4
64, 22, 7
64, 23, 53
64, 25, 50
64, 31, 35
64, 32, 54
64, 45, 24
64, 46, 8
64, 50, 17
64, 50, 48
64, 53, 12
64, 57, 27
64, 60, 37
64, 64, 16
64, 70, 23
64, 77, 38
64, 82, 6
64, 82, 37
64, 84, 16
64, 84, 30
64, 85, 10
64, 85, 15
64, 86, 48
64, 88, 12
64, 92, 13
64, 95, 29
64, 98, 8
64, 98, 42
65, 2, 1
65, 2, 10
65, 3, 52
65, 5, 35
65, 11, 43
65, 16, 48
65, 21, 20
65, 24, 41
65, 25, 55
65, 29, 35
65, 30, 17
65, 30, 28
65, 31, 51
65, 34, 16
65, 35, 21
65, 36, 29
65, 36, 57
65, 37, 20
65, 42, 36
65, 43, 29
65, 45, 57
65, 50, 24
65, 52, 2
65, 57, 32
65, 58, 44
65, 60, 22
65, 62, 42
65, 65, 10
65, 65, 20
65, 66, 28
65, 70, 19
65, 70, 43
65, 71, 35
65, 75, 24
65, 76, 22
65, 77, 1
65, 77, 15
65, 81, 51
65, 87, 57
65, 88, 21
65, 90, 15
65, 90, 41
65, 91, 29
65, 95, 19
65, 96, 1
65, 97, 49
65, 97, 51
65, 98, 18
66, 1, 8
66, 2, 23
66, 5, 40
66, 12, 28
66, 12, 49
66, 16, 23
66, 22, 50
66, 23, 20
66, 25, 8
66, 25, 31
66, 26, 1
66, 30, 29
66, 31, 45
66, 39, 44
66, 41, 23
66, 46, 5
66, 50, 5
66, 50, 17
66, 51, 11
66, 51, 20
66, 54, 46
66, 55, 25
66, 62, 4
66, 63, 11
66, 63, 15
66, 70, 28
66, 78, 5
66, 81, 39
66, 82, 40
66, 87, 39
66, 88, 25
66, 89, 46
66, 91, 11
66, 91, 49
66, 93, 46
66, 98, 35
67, 6, 5
67, 8, 20
67, 9, 21
67, 9, 45
67, 11, 31
67, 12, 10
67, 14, 5
67, 14, 13
67, 14, 32
67, 14, 37
67, 14, 45
67, 16, 36
67, 25, 32
67, 26, 13
67, 27, 31
67, 29, 46
67, 30, 22
67, 30, 47
67, 39, 54
67, 42, 20
67, 42, 59
67, 44, 52
67, 50, 7
67, 50, 43
67, 52, 44
67, 54, 17
67, 60, 34
67, 63, 5
67, 66, 14
67, 66, 40
67, 67, 5
67, 69, 21
67, 70, 35
67, 72, 38
67, 73, 8
67, 73, 50
67, 75, 15
67, 75, 27
67, 79, 10
67, 79, 20
67, 84, 51
67, 86, 15
67, 90, 40
67, 91, 31
67, 92, 23
67, 96, 32
67, 100, 37
68, 2, 19
68, 2, 22
68, 6, 38
68, 9, 46
68, 10, 51
68, 22, 27
68, 23, 15
68, 25, 23
68, 35, 4
68, 36, 50
68, 37, 2
68, 38, 60
68, 44, 31
68, 46, 41
68, 46, 52
68, 52, 8
68, 55, 51
68, 58, 38
68, 60, 16
68, 67, 29
68, 68, 6
68, 68, 48
68, 73, 8
68, 73, 29
68, 75, 31
68, 75, 46
68, 76, 42
68, 77, 17
68, 81, 27
68, 82, 50
68, 95, 6
68, 96, 41
68, 97, 27
68, 97, 60
68, 100, 17
68, 101, 8
69, 1, 28
69, 2, 49
69, 9, 41
69, 11, 1
69, 11, 60
69, 17, 19
69, 18, 32
69, 19, 1
69, 22, 34
69, 24, 15
69, 26, 26
69, 29, 7
69, 31, 29
69, 34, 20
69, 36, 31
69, 36, 43
69, 36, 46
69, 36, 48
69, 39, 5
69, 39, 44
69, 41, 35
69, 55, 3
69, 55, 48
69, 59, 18
69, 60, 28
69, 60, 41
69, 61, 16
69, 63, 48
69, 65, 24
69, 74, 11
69, 75, 5
69, 82, 45
69, 83, 35
69, 87, 33
69, 89, 1
69, 94, 34
69, 101, 36
70, 3, 13
70, 4, 18
70, 5, 23
70, 5, 35
70, 5, 37
70, 7, 32
70, 10, 2
70, 14, 34
70, 16, 15
70, 19, 8
70, 22, 25
70, 23, 11
70, 28, 49
70, 29, 14
70, 34, 38
70, 37, 49
70, 45, 43
70, 50, 12
70, 50, 59
70, 52, 13
70, 55, 18
70, 55, 50
70, 57, 40
70, 64, 46
70, 66, 29
70, 68, 38
70, 75, 8
70, 75, 40
70, 80, 4
70, 86, 4
70, 88, 9
70, 89, 12
70, 89, 16
70, 91, 55
70, 94, 15
70, 95, 14
70, 95, 52
70, 101, 25
71, 2, 20
71, 2, 22
71, 4, 2
71, 5, 29
71, 9, 41
71, 10, 7
71, 10, 19
71, 11, 31
71, 13, 1
71, 17, 28
71, 25, 21
71, 29, 20
71, 33, 36
71, 37, 24
71, 40, 17
71, 42, 20
71, 42, 41
71, 43, 39
71, 45, 19
71, 47, 11
71, 49, 7
71, 50, 45
71, 57, 2
71, 59, 24
71, 67, 55
71, 68, 29
71, 68, 53
71, 69, 13
71, 71, 20
71, 72, 26
71, 77, 30
71, 79, 41
71, 82, 41
71, 83, 15
71, 85, 2
71, 92, 54
71, 95, 39
71, 98, 1
71, 98, 31
72, 1, 45
72, 6, 33
72, 6, 52
72, 11, 6
72, 16, 22
72, 17, 4
72, 18, 16
72, 18, 31
72, 19, 22
72, 19, 29
72, 23, 16
72, 32, 3
72, 40, 33
72, 41, 27
72, 43, 41
72, 45, 26
72, 47, 30
72, 51, 2
72, 52, 25
72, 53, 10
72, 57, 51
72, 59, 10
72, 65, 43
72, 66, 33
72, 67, 24
72, 69, 13
72, 69, 56
72, 72, 19
72, 74, 4
72, 74, 40
72, 80, 15
72, 80, 57
72, 85, 22
72, 87, 24
72, 88, 30
72, 93, 41
72, 95, 16
72, 95, 22
72, 95, 34
73, 2, 48
73, 4, 8
73, 6, 12
73, 6, 18
73, 12, 5
73, 12, 51
73, 19, 40
73, 19, 41
73, 23, 25
73, 37, 17
73, 42, 20
73, 42, 21
73, 42, 29
73, 44, 31
73, 48, 34
73, 48, 38
73, 50, 23
73, 50, 44
73, 52, 18
73, 52, 50
73, 53, 18
73, 55, 3
73, 57, 46
73, 59, 28
73, 62, 12
73, 62, 41
73, 63, 8
73, 63, 15
73, 63, 26
73, 63, 57
73, 64, 28
73, 65, 6
73, 66, 16
73, 66, 41
73, 67, 20
73, 69, 3
73, 75, 38
73, 76, 14
73, 77, 34
73, 80, 13
73, 80, 48
73, 83, 6
73, 83, 26
73, 84, 31
73, 85, 5
73, 88, 48
73, 89, 40
73, 90, 7
73, 90, 38
73, 92, 45
73, 93, 8
73, 95, 17
73, 95, 25
73, 99, 11
73, 101, 44
74, 9, 46
74, 13, 42
74, 20, 22
74, 24, 41
74, 26, 46
74, 30, 10
74, 31, 24
74, 33, 19
74, 33, 41
74, 37, 41
74, 43, 27
74, 46, 54
74, 51, 40
74, 55, 22
74, 58, 10
74, 58, 31
74, 62, 43
74, 63, 28
74, 66, 4
74, 66, 53
74, 69, 9
74, 69, 43
74, 74, 46
74, 77, 42
74, 86, 56
74, 89, 4
74, 89, 54
74, 95, 51
74, 99, 36
75, 1, 48
75, 4, 20
75, 7, 24
75, 11, 34
75, 13, 29
75, 13, 36
75, 14, 43
75, 15, 11
75, 15, 28
75, 16, 36
75, 16, 51
75, 18, 27
75, 22, 4
75, 22, 29
75, 24, 38
75, 25, 16
75, 25, 54
75, 29, 3
75, 32, 14
75, 32, 40
75, 34, 14
75, 37, 29
75, 39, 22
75, 40, 13
75, 42, 20
75, 43, 23
75, 46, 36
75, 48, 41
75, 51, 26
75, 58, 2
75, 59, 36
75, 64, 29
75, 66, 48
75, 66, 53
75, 70, 27
75, 76, 27
75, 78, 54
75, 79, 51
75, 80, 1
75, 80, 48
75, 81, 4
75, 81, 26
75, 81, 60
75, 84, 36
75, 86, 39
75, 95, 29
75, 96, 19
75, 96, 47
75, 98, 12
75, 98, 45
75, 100, 41
76, 7, 39
76, 11, 46
76, 13, 34
76, 16, 12
76, 17, 18
76, 17, 19
76, 20, 6
76, 27, 31
76, 27, 51
76, 33, 52
76, 34, 25
76, 36, 47
76, 38, 15
76, 41, 53
76, 47, 53
76, 59, 53
76, 66, 36
76, 72, 21
76, 76, 6
76, 78, 25
76, 82, 18
76, 86, 8
76, 87, 35
76, 88, 23
76, 88, 54
77, 2, 58
77, 3, 25
77, 4, 4
77, 5, 32
77, 5, 48
77, 6, 12
77, 6, 23
77, 7, 30
77, 7, 44
77, 8, 3
77, 8, 42
77, 9, 8
77, 13, 47
77, 17, 53
77, 18, 6
77, 18, 57
77, 22, 4
77, 24, 31
77, 24, 60
77, 28, 14
77, 28, 51
77, 29, 47
77, 33, 18
77, 36, 2
77, 36, 44
77, 38, 17
77, 41, 39
77, 45, 23
77, 45, 34
77, 46, 22
77, 46, 31
77, 54, 27
77, 55, 12
77, 55, 41
77, 60, 40
77, 64, 4
77, 67, 34
77, 68, 43
77, 72, 4
77, 74, 32
77, 75, 1
77, 75, 39
77, 77, 18
77, 77, 37
77, 80, 42
77, 85, 47
77, 89, 48
77, 90, 44
77, 94, 7
77, 95, 25
77, 99, 8
77, 99, 31
78, 3, 47
78, 6, 9
78, 8, 13
78, 8, 22
78, 10, 25
78, 12, 49
78, 19, 40
78, 22, 23
78, 29, 44
78, 33, 8
78, 38, 29
78, 39, 18
78, 46, 16
78, 49, 17
78, 55, 47
78, 56, 7
78, 59, 3
78, 63, 53
78, 79, 15
78, 81, 29
78, 84, 22
78, 86, 42
78, 93, 16
78, 95, 13
78, 97, 3
78, 97, 15
78, 98, 13
78, 99, 25
78, 99, 47
78, 99, 50
79, 1, 20
79, 2, 24
79, 2, 38
79, 9, 15
79, 10, 38
79, 11, 31
79, 16, 45
79, 17, 1
79, 18, 43
79, 26, 28
79, 27, 23
79, 27, 34
79, 28, 56
79, 34, 15
79, 34, 35
79, 39, 22
79, 42, 57
79, 43, 61
79, 51, 19
79, 51, 35
79, 53, 22
79, 55, 30
79, 58, 21
79, 60, 18
79, 60, 38
79, 63, 9
79, 67, 54
79, 69, 11
79, 74, 8
79, 74, 19
79, 77, 7
79, 78, 5
79, 80, 20
79, 82, 51
79, 86, 6
79, 89, 16
79, 90, 7
79, 91, 39
79, 95, 50
79, 98, 29
80, 1, 34
80, 2, 6
80, 2, 40
80, 5, 4
80, 5, 35
80, 11, 19
80, 13, 47
80, 18, 56
80, 20, 9
80, 20, 27
80, 24, 17
80, 31, 43
80, 33, 15
80, 35, 20
80, 35, 33
80, 38, 1
80, 39, 38
80, 40, 20
80, 40, 41
80, 43, 8
80, 43, 35
80, 44, 25
80, 47, 26
80, 49, 2
80, 49, 45
80, 51, 46
80, 53, 32
80, 53, 40
80, 53, 58
80, 60, 6
80, 62, 12
80, 70, 19
80, 78, 30
80, 79, 1
80, 79, 4
80, 79, 27
80, 80, 5
80, 81, 46
80, 85, 45
80, 96, 10
80, 96, 50
80, 100, 20
81, 2, 47
81, 4, 49
81, 6, 5
81, 7, 8
81, 7, 54
81, 8, 11
81, 9, 27
81, 11, 46
81, 16, 22
81, 19, 51
81, 20, 52
81, 21, 37
81, 25, 4
81, 26, 43
81, 28, 19
81, 28, 49
81, 29, 31
81, 30, 26
81, 31, 33
81, 34, 46
81, 36, 33
81, 40, 43
81, 42, 4
81, 42, 13
81, 45, 29
81, 47, 5
81, 51, 4
81, 51, 11
81, 53, 26
81, 55, 43
81, 58, 41
81, 58, 43
81, 60, 34
81, 61, 2
81, 63, 8
81, 66, 29
81, 69, 41
81, 70, 45
81, 73, 11
81, 73, 20
81, 76, 4
81, 79, 51
81, 84, 47
81, 92, 13
81, 92, 32
81, 93, 5
81, 93, 54
81, 96, 47
81, 97, 17
81, 97, 24
81, 99, 31
81, 100, 6
81, 100, 43
82, 2, 35
82, 4, 20
82, 5, 2
82, 6, 27
82, 13, 25
82, 14, 19
82, 15, 22
82, 18, 35
82, 22, 49
82, 26, 42
82, 30, 38
82, 31, 6
82, 34, 14
82, 35, 15
82, 35, 55
82, 36, 20
82, 38, 11
82, 40, 10
82, 43, 14
82, 45, 24
82, 46, 32
82, 51, 10
82, 55, 4
82, 57, 53
82, 62, 37
82, 67, 45
82, 71, 6
82, 73, 36
82, 78, 4
82, 79, 19
82, 80, 23
82, 80, 33
82, 81, 22
82, 86, 49
82, 87, 31
82, 88, 9
82, 91, 2
82, 92, 26
82, 99, 26
83, 3, 11
83, 4, 39
83, 10, 31
83, 12, 26
83, 14, 13
83, 16, 4
83, 16, 16
83, 16, 41
83, 19, 32
83, 22, 18
83, 24, 40
83, 24, 50
83, 25, 23
83, 26, 10
83, 26, 40
83, 27, 20
83, 28, 57
83, 32, 40
83, 34, 10
83, 34, 31
83, 36, 24
83, 36, 48
83, 36, 50
83, 44, 52
83, 45, 5
83, 50, 37
83, 53, 21
83, 53, 42
83, 54, 22
83, 56, 7
83, 59, 28
83, 60, 21
83, 63, 24
83, 66, 39
83, 67, 16
83, 67, 29
83, 68, 13
83, 68, 36
83, 70, 37
83, 70, 45
83, 72, 48
83, 73, 20
83, 73, 32
83, 76, 9
83, 82, 11
83, 82, 17
83, 84, 13
83, 85, 26
83, 86, 43
83, 88, 32
83, 89, 31
83, 91, 13
83, 91, 27
83, 95, 57
83, 99, 34
83, 100, 35
83, 101, 3
83, 101, 37
84, 1, 27
84, 3, 46
84, 4, 3
84, 6, 36
84, 6, 44
84, 7, 8
84, 16, 50
84, 20, 1
84, 21, 23
84, 24, 8
84, 27, 26
84, 29, 4
84, 30, 47
84, 31, 42
84, 32, 11
84, 33, 29
84, 35, 26
84, 36, 54
84, 36, 61
84, 39, 22
84, 39, 51
84, 39, 54
84, 40, 13
84, 41, 10
84, 45, 44
84, 48, 33
84, 52, 42
84, 54, 12
84, 60, 30
84, 60, 52
84, 62, 32
84, 64, 20
84, 66, 33
84, 67, 15
84, 69, 42
84, 70, 8
84, 73, 34
84, 76, 17
84, 78, 3
84, 79, 6
84, 82, 8
84, 82, 13
84, 84, 28
84, 87, 11
84, 87, 18
84, 89, 13
84, 92, 27
84, 92, 40
84, 93, 36
84, 94, 17
84, 96, 29
84, 99, 47
85, 11, 15
85, 18, 20
85, 19, 17
85, 21, 22
85, 28, 47
85, 36, 38
85, 37, 7
85, 42, 13
85, 50, 36
85, 55, 40
85, 57, 18
85, 59, 20
85, 61, 16
85, 64, 52
85, 65, 28
85, 67, 20
85, 72, 42
85, 86, 37
85, 92, 38
85, 92, 43
85, 93, 58
85, 94, 43
85, 97, 22
85, 97, 28
85, 101, 15
86, 3, 21
86, 3, 33
86, 4, 13
86, 5, 52
86, 10, 48
86, 13, 37
86, 14, 5
86, 14, 14
86, 14, 32
86, 15, 34
86, 16, 1
86, 18, 26
86, 20, 31
86, 20, 53
86, 25, 54
86, 27, 15
86, 27, 22
86, 29, 25
86, 34, 32
86, 35, 11
86, 35, 48
86, 38, 19
86, 38, 20
86, 40, 46
86, 44, 31
86, 46, 7
86, 49, 35
86, 53, 20
86, 53, 28
86, 55, 35
86, 56, 8
86, 57, 30
86, 58, 43
86, 62, 37
86, 66, 25
86, 66, 28
86, 68, 26
86, 73, 35
86, 83, 15
86, 84, 45
86, 86, 14
86, 88, 47
86, 88, 52
86, 89, 6
86, 93, 21
86, 94, 32
86, 96, 21
86, 99, 45
87, 1, 46
87, 2, 52
87, 5, 30
87, 8, 7
87, 8, 24
87, 8, 38
87, 8, 42
87, 9, 23
87, 13, 13
87, 13, 20
87, 13, 37
87, 17, 21
87, 18, 47
87, 19, 17
87, 19, 32
87, 22, 32
87, 33, 17
87, 34, 67
87, 37, 32
87, 43, 48
87, 45, 5
87, 58, 32
87, 60, 43
87, 62, 20
87, 65, 20
87, 66, 55
87, 67, 56
87, 69, 52
87, 70, 5
87, 72, 19
87, 72, 21
87, 72, 38
87, 73, 2
87, 75, 54
87, 78, 28
87, 86, 60
87, 90, 7
87, 95, 37
88, 4, 25
88, 4, 34
88, 6, 1
88, 10, 14
88, 11, 12
88, 12, 49
88, 13, 58
88, 14, 11
88, 16, 15
88, 20, 4
88, 23, 19
88, 23, 35
88, 23, 57
88, 24, 10
88, 28, 52
88, 39, 6
88, 39, 33
88, 41, 20
88, 42, 12
88, 42, 41
88, 43, 43
88, 46, 12
88, 47, 18
88, 48, 34
88, 55, 35
88, 55, 48
88, 58, 18
88, 60, 2
88, 67, 17
88, 70, 35
88, 72, 22
88, 73, 30
88, 73, 49
88, 82, 34
88, 90, 53
88, 93, 31
88, 94, 10
88, 94, 32
88, 94, 43
88, 95, 21
88, 99, 50
89, 1, 41
89, 10, 29
89, 11, 14
89, 11, 38
89, 13, 47
89, 15, 33
89, 18, 39
89, 19, 2
89, 23, 23
89, 24, 30
89, 25, 37
89, 27, 18
89, 28, 12
89, 30, 26
89, 33, 32
89, 35, 5
89, 36, 1
89, 37, 29
89, 38, 13
89, 40, 17
89, 40, 34
89, 47, 6
89, 50, 3
89, 50, 21
89, 51, 25
89, 55, 17
89, 57, 38
89, 58, 3
89, 58, 46
89, 65, 49
89, 68, 32
89, 70, 6
89, 70, 17
89, 71, 50
89, 75, 36
89, 76, 39
89, 77, 21
89, 79, 29
89, 82, 2
89, 84, 10
89, 85, 32
89, 88, 3
89, 88, 25
89, 88, 44
89, 93, 37
89, 96, 6
89, 99, 34
89, 101, 36
90, 1, 27
90, 2, 2
90, 4, 17
90, 5, 4
90, 10, 14
90, 14, 27
90, 15, 50
90, 16, 13
90, 18, 30
90, 18, 34
90, 25, 9
90, 26, 52
90, 27, 39
90, 33, 10
90, 34, 7
90, 35, 17
90, 35, 42
90, 36, 35
90, 37, 37
90, 38, 49
90, 42, 39
90, 43, 37
90, 44, 7
90, 45, 45
90, 47, 5
90, 48, 20
90, 51, 45
90, 52, 28
90, 63, 9
90, 64, 51
90, 67, 6
90, 68, 17
90, 68, 49
90, 72, 60
90, 73, 46
90, 75, 23
90, 76, 28
90, 81, 42
90, 82, 9
90, 86, 10
90, 86, 50
90, 91, 13
90, 95, 34
90, 96, 4
90, 97, 45
90, 100, 19
91, 1, 8
91, 1, 29
91, 2, 33
91, 3, 13
91, 7, 37
91, 9, 13
91, 11, 55
91, 14, 51
91, 19, 24
91, 21, 27
91, 21, 28
91, 21, 44
91, 38, 23
91, 43, 14
91, 48, 24
91, 48, 37
91, 51, 45
91, 51, 48
91, 63, 31
91, 64, 45
91, 67, 5
91, 69, 44
91, 71, 11
91, 71, 46
91, 77, 23
91, 77, 24
91, 78, 13
91, 78, 16
91, 81, 24
91, 82, 33
91, 83, 51
91, 85, 12
91, 85, 67
91, 87, 31
91, 88, 10
91, 94, 45
91, 95, 8
91, 97, 37
91, 99, 55
91, 100, 17
92, 1, 33
92, 4, 46
92, 7, 45
92, 7, 51
92, 9, 52
92, 11, 27
92, 13, 37
92, 18, 34
92, 20, 17
92, 20, 36
92, 20, 51
92, 21, 28
92, 22, 12
92, 23, 22
92, 24, 30
92, 24, 32
92, 27, 41
92, 31, 22
92, 32, 15
92, 33, 21
92, 35, 44
92, 41, 46
92, 41, 47
92, 44, 54
92, 46, 6
92, 48, 23
92, 50, 28
92, 51, 34
92, 53, 8
92, 53, 45
92, 56, 32
92, 57, 20
92, 60, 21
92, 62, 45
92, 63, 46
92, 66, 40
92, 69, 24
92, 73, 27
92, 76, 51
92, 79, 45
92, 82, 5
92, 83, 28
92, 85, 15
92, 87, 28
92, 88, 13
92, 88, 28
92, 89, 32
92, 92, 24
92, 94, 29
92, 97, 17
92, 99, 5
92, 100, 24
93, 4, 51
93, 5, 4
93, 8, 16
93, 12, 42
93, 15, 39
93, 16, 25
93, 25, 22
93, 26, 39
93, 28, 11
93, 33, 34
93, 33, 48
93, 40, 26
93, 43, 6
93, 43, 16
93, 44, 14
93, 51, 12
93, 51, 40
93, 55, 45
93, 57, 51
93, 62, 10
93, 65, 6
93, 71, 54
93, 73, 10
93, 78, 42
93, 82, 34
93, 84, 18
93, 85, 32
93, 94, 39
93, 94, 43
93, 95, 37
93, 96, 11
94, 5, 2
94, 5, 52
94, 6, 28
94, 7, 22
94, 13, 44
94, 16, 32
94, 17, 14
94, 17, 48
94, 18, 7
94, 18, 9
94, 19, 12
94, 21, 6
94, 21, 38
94, 24, 19
94, 26, 45
94, 27, 26
94, 29, 45
94, 33, 45
94, 34, 10
94, 36, 6
94, 38, 5
94, 38, 25
94, 41, 35
94, 44, 14
94, 49, 57
94, 55, 15
94, 55, 45
94, 56, 14
94, 56, 43
94, 58, 22
94, 58, 48
94, 60, 12
94, 61, 10
94, 62, 36
94, 63, 22
94, 67, 12
94, 69, 39
94, 73, 32
94, 77, 2
94, 79, 43
94, 79, 51
94, 81, 26
94, 82, 54
94, 88, 7
94, 88, 38
94, 88, 48
94, 89, 2
94, 89, 26
94, 95, 52
94, 101, 32
95, 1, 42
95, 3, 10
95, 4, 8
95, 6, 11
95, 8, 20
95, 9, 34
95, 15, 46
95, 16, 49
95, 21, 12
95, 25, 16
95, 27, 5
95, 29, 14
95, 29, 26
95, 31, 33
95, 32, 36
95, 33, 7
95, 33, 10
95, 33, 21
95, 38, 2
95, 38, 51
95, 45, 20
95, 46, 52
95, 46, 53
95, 47, 43
95, 52, 41
95, 55, 16
95, 56, 5
95, 56, 12
95, 57, 2
95, 58, 40
95, 58, 48
95, 59, 16
95, 60, 38
95, 61, 25
95, 63, 29
95, 69, 6
95, 69, 46
95, 71, 24
95, 74, 45
95, 76, 3
95, 81, 53
95, 82, 34
95, 87, 5
95, 87, 22
95, 88, 19
95, 90, 21
95, 93, 26
95, 94, 16
95, 95, 8
96, 5, 53
96, 6, 18
96, 6, 37
96, 10, 40
96, 12, 20
96, 15, 17
96, 22, 52
96, 24, 19
96, 26, 51
96, 28, 10
96, 28, 41
96, 29, 51
96, 31, 49
96, 34, 22
96, 36, 12
96, 36, 28
96, 41, 46
96, 44, 13
96, 45, 27
96, 45, 30
96, 46, 10
96, 50, 32
96, 53, 20
96, 56, 37
96, 57, 18
96, 57, 50
96, 62, 39
96, 69, 50
96, 70, 12
96, 71, 3
96, 71, 40
96, 74, 17
96, 78, 17
96, 84, 41
96, 91, 28
96, 97, 11
96, 100, 37
97, 1, 30
97, 6, 11
97, 9, 6
97, 10, 31
97, 16, 3
97, 19, 25
97, 22, 2
97, 24, 13
97, 25, 1
97, 26, 11
97, 27, 1
97, 30, 46
97, 36, 40
97, 43, 16
97, 43, 46
97, 47, 36
97, 48, 43
97, 51, 2
97, 62, 41
97, 65, 6
97, 70, 42
97, 71, 30
97, 72, 1
97, 76, 33
97, 77, 8
97, 81, 51
97, 82, 28
97, 87, 6
97, 89, 2
97, 89, 6
97, 89, 11
97, 89, 34
97, 90, 44
97, 96, 6
97, 97, 13
97, 97, 33
97, 98, 24
97, 98, 55
97, 99, 10
97, 100, 12
97, 100, 49
97, 101, 3
97, 101, 46
98, 5, 44
98, 7, 36
98, 10, 1
98, 10, 49
98, 15, 23
98, 15, 31
98, 17, 66
98, 19, 21
98, 20, 52
98, 21, 42
98, 22, 30
98, 24, 7
98, 24, 37
98, 25, 44
98, 29, 43
98, 38, 9
98, 38, 14
98, 38, 38
98, 39, 30
98, 45, 21
98, 53, 2
98, 53, 14
98, 55, 32
98, 55, 43
98, 55, 47
98, 57, 44
98, 60, 15
98, 61, 12
98, 62, 8
98, 63, 3
98, 64, 30
98, 65, 31
98, 68, 11
98, 69, 17
98, 73, 7
98, 76, 1
98, 83, 19
98, 94, 38
98, 97, 32
98, 97, 52
98, 98, 21
98, 99, 8
98, 100, 3
99, 1, 2
99, 11, 60
99, 16, 31
99, 19, 19
99, 19, 45
99, 19, 53
99, 27, 4
99, 27, 46
99, 31, 30
99, 32, 17
99, 35, 53
99, 42, 44
99, 43, 18
99, 50, 47
99, 51, 5
99, 51, 29
99, 61, 27
99, 63, 28
99, 71, 33
99, 71, 35
99, 81, 44
99, 89, 8
99, 90, 17
99, 95, 12
99, 95, 21
99, 97, 47
99, 98, 41
100, 1, 13
100, 4, 3
100, 4, 48
100, 6, 42
100, 8, 39
100, 9, 46
100, 10, 23
100, 11, 21
100, 28, 2
100, 30, 8
100, 34, 20
100, 35, 4
100, 36, 17
100, 41, 23
100, 41, 36
100, 44, 31
100, 47, 12
100, 48, 36
100, 54, 34
100, 57, 1
100, 59, 9
100, 61, 22
100, 63, 19
100, 64, 35
100, 68, 33
100, 70, 48
100, 72, 45
100, 73, 51
100, 74, 21
100, 76, 29
100, 78, 42
100, 79, 30
100, 80, 35
100, 84, 20
100, 85, 25
100, 85, 38
100, 90, 45
100, 94, 15
101, 1, 46
101, 1, 54
101, 2, 29
101, 4, 30
101, 5, 14
101, 7, 33
101, 7, 41
101, 8, 47
101, 12, 10
101, 17, 16
101, 17, 24
101, 18, 48
101, 23, 44
101, 24, 52
101, 27, 6
101, 33, 22
101, 38, 52
101, 41, 12
101, 45, 35
101, 49, 2
101, 49, 41
101, 59, 32
101, 62, 15
101, 64, 10
101, 64, 33
101, 64, 45
101, 67, 20
101, 67, 51
101, 68, 10
101, 77, 38
101, 78, 20
101, 79, 49
101, 80, 36
101, 85, 26
101, 86, 44
101, 86, 48
101, 88, 30
101, 89, 27
101, 93, 6
101, 93, 14
101, 98, 37
101, 98, 45
101, 99, 29
101, 100, 46
