1, 1, 5
1, 2, 5
1, 2, 27
1, 4, 16
1, 4, 22
1, 8, 39
1, 9, 36
1, 11, 39
1, 11, 43
1, 12, 24
1, 14, 10
1, 17, 47
1, 18, 3
1, 23, 44
1, 27, 32
1, 28, 13
1, 33, 3
1, 33, 27
1, 39, 34
1, 40, 9
1, 40, 54
1, 44, 33
1, 47, 20
1, 48, 39
1, 51, 13
1, 54, 16
1, 69, 46
1, 71, 34
1, 72, 33
1, 72, 44
1, 79, 5
1, 82, 10
1, 82, 32
1, 83, 25
1, 90, 13
1, 93, 24
1, 98, 22
1, 98, 41
1, 99, 47
1, 99, 53
1, 100, 20
2, 1, 28
2, 3, 25
2, 4, 19
2, 5, 44
2, 9, 10
2, 13, 23
2, 16, 13
2, 18, 33
2, 23, 30
2, 28, 11
2, 28, 44
2, 31, 40
2, 33, 2
2, 35, 37
2, 35, 42
2, 36, 5
2, 39, 36
2, 40, 5
2, 41, 4
2, 41, 9
2, 41, 52
2, 45, 3
2, 45, 25
2, 52, 7
2, 61, 14
2, 61, 37
2, 62, 8
2, 64, 44
2, 66, 8
2, 67, 25
2, 68, 44
2, 70, 14
2, 70, 22
2, 70, 61
2, 73, 52
2, 76, 12
2, 77, 32
2, 80, 18
2, 86, 22
2, 86, 36
2, 89, 13
2, 89, 44
2, 91, 4
2, 94, 16
2, 94, 19
3, 2, 43
3, 5, 22
3, 12, 29
3, 14, 7
3, 14, 31
3, 14, 50
3, 17, 35
3, 20, 3
3, 24, 51
3, 29, 5
3, 34, 25
3, 42, 15
3, 43, 34
3, 48, 13
3, 51, 14
3, 54, 7
3, 54, 22
3, 64, 9
3, 64, 40
3, 65, 51
3, 70, 13
3, 73, 5
3, 77, 50
3, 78, 25
3, 79, 40
3, 83, 53
3, 87, 31
3, 89, 38
3, 94, 7
3, 96, 46
3, 101, 28
4, 2, 47
4, 8, 16
4, 8, 47
4, 9, 6
4, 11, 9
4, 11, 50
4, 16, 3
4, 18, 14
4, 18, 27
4, 20, 16
4, 23, 17
4, 23, 58
4, 25, 29
4, 26, 38
4, 34, 33
4, 35, 12
4, 35, 14
4, 35, 47
4, 43, 13
4, 43, 56
4, 51, 30
4, 53, 29
4, 55, 35
4, 60, 4
4, 64, 11
4, 64, 28
4, 72, 17
4, 74, 9
4, 74, 44
4, 77, 43
4, 83, 28
4, 85, 47
4, 89, 8
4, 89, 17
4, 89, 46
4, 97, 20
4, 100, 4
5, 2, 34
5, 5, 6
5, 5, 14
5, 5, 45
5, 8, 64
5, 21, 20
5, 23, 35
5, 23, 40
5, 24, 20
5, 26, 24
5, 27, 57
5, 29, 8
5, 33, 6
5, 33, 10
5, 33, 51
5, 37, 31
5, 37, 56
5, 39, 20
5, 43, 31
5, 43, 65
5, 48, 34
5, 49, 45
5, 52, 2
5, 52, 31
5, 53, 12
5, 54, 38
5, 56, 50
5, 58, 37
5, 65, 5
5, 68, 28
5, 71, 6
5, 72, 27
5, 74, 40
5, 78, 47
5, 80, 1
5, 80, 10
5, 80, 28
5, 83, 51
5, 86, 50
5, 89, 19
5, 93, 20
5, 98, 34
5, 99, 35
6, 4, 5
6, 4, 21
6, 4, 36
6, 4, 59
6, 8, 28
6, 9, 13
6, 9, 50
6, 13, 27
6, 16, 21
6, 18, 24
6, 18, 41
6, 19, 26
6, 21, 35
6, 25, 10
6, 30, 48
6, 35, 40
6, 55, 48
6, 56, 21
6, 57, 20
6, 57, 28
6, 60, 48
6, 62, 27
6, 63, 21
6, 69, 36
6, 70, 56
6, 75, 32
6, 76, 14
6, 77, 48
6, 80, 59
6, 82, 39
6, 87, 46
6, 89, 6
6, 90, 5
6, 91, 41
6, 92, 4
6, 92, 29
6, 92, 50
6, 93, 24
6, 94, 37
6, 100, 15
7, 2, 10
7, 3, 32
7, 3, 37
7, 4, 46
7, 6, 51
7, 8, 18
7, 9, 5
7, 10, 5
7, 11, 12
7, 12, 18
7, 14, 48
7, 15, 44
7, 19, 46
7, 20, 42
7, 24, 12
7, 27, 42
7, 27, 45
7, 28, 26
7, 39, 24
7, 41, 58
7, 42, 28
7, 50, 21
7, 53, 43
7, 57, 37
7, 60, 10
7, 61, 3
7, 63, 13
7, 63, 21
7, 63, 25
7, 66, 41
7, 71, 7
7, 71, 25
7, 72, 43
7, 72, 45
7, 77, 2
7, 77, 20
7, 78, 48
7, 78, 51
7, 80, 26
7, 84, 32
7, 85, 26
7, 90, 39
7, 93, 45
7, 95, 41
7, 96, 42
7, 98, 12
7, 100, 7
8, 1, 40
8, 3, 24
8, 4, 13
8, 5, 37
8, 6, 15
8, 9, 38
8, 10, 7
8, 11, 42
8, 18, 22
8, 24, 4
8, 26, 42
8, 27, 22
8, 36, 37
8, 38, 14
8, 41, 29
8, 43, 2
8, 48, 29
8, 50, 13
8, 50, 42
8, 51, 46
8, 56, 48
8, 61, 12
8, 62, 62
8, 64, 38
8, 67, 15
8, 72, 46
8, 73, 20
8, 77, 36
8, 82, 6
8, 82, 57
8, 88, 15
8, 91, 54
8, 92, 14
8, 97, 24
9, 1, 3
9, 7, 48
9, 11, 35
9, 16, 39
9, 18, 18
9, 18, 43
9, 20, 27
9, 23, 25
9, 23, 37
9, 24, 3
9, 24, 15
9, 25, 32
9, 26, 50
9, 28, 61
9, 35, 24
9, 42, 5
9, 44, 3
9, 44, 14
9, 44, 22
9, 46, 5
9, 55, 42
9, 58, 27
9, 60, 18
9, 62, 61
9, 67, 47
9, 68, 32
9, 71, 35
9, 74, 7
9, 74, 34
9, 75, 5
9, 79, 9
9, 87, 36
9, 88, 37
9, 90, 4
9, 90, 14
9, 90, 32
9, 97, 5
9, 97, 60
9, 100, 27
9, 100, 30
9, 101, 11
10, 1, 57
10, 2, 46
10, 8, 45
10, 15, 49
10, 19, 8
10, 20, 16
10, 20, 66
10, 27, 33
10, 27, 40
10, 28, 52
10, 29, 28
10, 36, 16
10, 36, 31
10, 40, 59
10, 43, 45
10, 47, 57
10, 48, 34
10, 51, 46
10, 55, 31
10, 56, 6
10, 58, 57
10, 64, 12
10, 67, 49
10, 76, 25
10, 81, 33
10, 92, 28
10, 94, 31
10, 95, 34
11, 2, 1
11, 3, 41
11, 6, 58
11, 9, 23
11, 13, 45
11, 20, 38
11, 23, 2
11, 25, 28
11, 28, 3
11, 28, 30
11, 30, 9
11, 33, 2
11, 37, 7
11, 38, 11
11, 41, 44
11, 47, 6
11, 47, 51
11, 50, 18
11, 51, 21
11, 52, 22
11, 58, 45
11, 58, 51
11, 62, 11
11, 64, 27
11, 65, 31
11, 66, 2
11, 72, 40
11, 74, 45
11, 75, 25
11, 77, 3
11, 79, 33
11, 80, 36
11, 81, 37
11, 84, 16
11, 84, 35
11, 84, 38
11, 88, 28
11, 91, 23
11, 94, 6
11, 100, 24
12, 2, 12
12, 3, 40
12, 5, 25
12, 8, 17
12, 8, 54
12, 9, 47
12, 18, 28
12, 18, 33
12, 20, 27
12, 26, 32
12, 26, 51
12, 28, 11
12, 29, 28
12, 29, 54
12, 30, 1
12, 37, 5
12, 43, 10
12, 45, 50
12, 47, 17
12, 51, 23
12, 51, 54
12, 55, 31
12, 57, 33
12, 61, 11
12, 64, 22
12, 74, 23
12, 76, 27
12, 80, 17
12, 80, 24
12, 86, 12
12, 96, 37
12, 97, 5
12, 98, 16
12, 101, 17
12, 101, 50
13, 4, 33
13, 5, 4
13, 5, 26
13, 6, 36
13, 10, 28
13, 12, 6
13, 13, 9
13, 14, 33
13, 21, 11
13, 25, 1
13, 26, 49
13, 31, 14
13, 33, 5
13, 35, 16
13, 36, 23
13, 39, 22
13, 43, 4
13, 44, 38
13, 53, 16
13, 53, 52
13, 54, 6
13, 57, 1
13, 59, 28
13, 61, 29
13, 62, 26
13, 64, 19
13, 65, 1
13, 65, 40
13, 67, 59
13, 72, 4
13, 77, 38
13, 79, 31
13, 82, 25
13, 83, 41
13, 85, 16
13, 85, 33
13, 88, 9
13, 90, 6
13, 90, 18
13, 91, 43
13, 94, 5
13, 95, 9
13, 101, 6
14, 2, 20
14, 3, 42
14, 7, 16
14, 9, 7
14, 9, 9
14, 11, 19
14, 14, 13
14, 19, 22
14, 22, 48
14, 25, 52
14, 26, 29
14, 27, 7
14, 27, 17
14, 29, 31
14, 31, 45
14, 34, 26
14, 36, 47
14, 42, 3
14, 43, 9
14, 43, 44
14, 44, 53
14, 48, 38
14, 52, 22
14, 54, 3
14, 54, 23
14, 55, 37
14, 55, 46
14, 58, 5
14, 58, 35
14, 60, 37
14, 65, 48
14, 67, 44
14, 68, 24
14, 69, 31
14, 69, 47
14, 71, 38
14, 78, 30
14, 79, 6
14, 83, 45
14, 85, 29
14, 86, 42
14, 89, 13
14, 91, 20
14, 92, 38
14, 93, 24
14, 95, 29
14, 97, 52
14, 100, 9
15, 4, 32
15, 6, 11
15, 8, 33
15, 16, 53
15, 20, 6
15, 22, 17
15, 23, 5
15, 26, 13
15, 27, 14
15, 30, 31
15, 34, 6
15, 36, 38
15, 40, 48
15, 44, 24
15, 44, 49
15, 46, 6
15, 50, 44
15, 57, 2
15, 58, 39
15, 66, 4
15, 66, 34
15, 71, 4
15, 72, 22
15, 75, 19
15, 76, 17
15, 82, 10
15, 84, 11
15, 88, 26
15, 92, 53
15, 94, 23
15, 100, 12
16, 1, 21
16, 7, 8
16, 7, 16
16, 8, 50
16, 16, 15
16, 16, 35
16, 17, 8
16, 18, 11
16, 19, 23
16, 19, 29
16, 21, 6
16, 23, 19
16, 24, 7
16, 27, 23
16, 30, 37
16, 32, 10
16, 32, 62
16, 35, 10
16, 35, 41
16, 39, 1
16, 42, 28
16, 44, 33
16, 47, 23
16, 53, 5
16, 53, 15
16, 53, 28
16, 56, 38
16, 63, 50
16, 70, 28
16, 71, 2
16, 77, 14
16, 78, 38
16, 83, 12
16, 83, 24
16, 85, 5
16, 86, 7
16, 86, 21
16, 95, 7
16, 98, 44
16, 99, 8
17, 2, 17
17, 5, 12
17, 6, 41
17, 7, 8
17, 9, 6
17, 9, 28
17, 12, 31
17, 16, 17
17, 17, 45
17, 19, 14
17, 20, 35
17, 22, 18
17, 32, 23
17, 35, 59
17, 42, 39
17, 42, 49
17, 43, 41
17, 46, 48
17, 48, 14
17, 50, 31
17, 51, 11
17, 64, 6
17, 69, 45
17, 71, 32
17, 75, 11
17, 81, 23
17, 88, 48
17, 95, 27
17, 101, 17
18, 9, 36
18, 10, 38
18, 11, 10
18, 14, 44
18, 16, 40
18, 18, 56
18, 21, 33
18, 31, 9
18, 31, 46
18, 32, 38
18, 36, 39
18, 36, 45
18, 36, 50
18, 40, 9
18, 50, 10
18, 50, 54
18, 62, 20
18, 62, 40
18, 62, 47
18, 64, 37
18, 79, 2
18, 80, 17
18, 80, 39
18, 80, 44
18, 82, 12
18, 82, 45
18, 82, 52
18, 94, 56
18, 95, 10
18, 95, 55
18, 99, 28
18, 101, 22
19, 8, 52
19, 9, 50
19, 11, 10
19, 12, 22
19, 13, 48
19, 18, 32
19, 20, 14
19, 22, 20
19, 22, 35
19, 22, 48
19, 27, 34
19, 29, 43
19, 30, 18
19, 31, 10
19, 31, 47
19, 33, 31
19, 34, 43
19, 35, 28
19, 35, 30
19, 36, 14
19, 40, 41
19, 42, 11
19, 42, 21
19, 43, 5
19, 43, 17
19, 43, 22
19, 47, 37
19, 48, 1
19, 55, 22
19, 56, 15
19, 57, 34
19, 58, 15
19, 67, 37
19, 68, 16
19, 70, 45
19, 73, 40
19, 78, 22
19, 79, 4
19, 84, 28
19, 86, 37
19, 87, 9
19, 87, 18
19, 88, 52
19, 88, 67
19, 89, 20
19, 95, 34
19, 96, 16
19, 96, 30
19, 98, 28
19, 98, 38
19, 99, 34
20, 2, 54
20, 4, 22
20, 4, 36
20, 5, 61
20, 6, 1
20, 6, 30
20, 7, 45
20, 8, 44
20, 9, 22
20, 13, 9
20, 16, 1
20, 16, 6
20, 16, 40
20, 22, 8
20, 27, 27
20, 28, 22
20, 31, 45
20, 33, 8
20, 34, 12
20, 34, 33
20, 39, 54
20, 40, 43
20, 43, 25
20, 44, 16
20, 46, 21
20, 49, 41
20, 50, 37
20, 56, 29
20, 58, 36
20, 67, 9
20, 67, 27
20, 72, 18
20, 72, 53
20, 74, 16
20, 74, 49
20, 75, 45
20, 79, 30
20, 90, 25
20, 93, 54
20, 96, 6
20, 96, 47
20, 97, 19
20, 98, 22
21, 2, 8
21, 18, 20
21, 21, 27
21, 22, 5
21, 23, 30
21, 23, 47
21, 25, 9
21, 34, 30
21, 42, 53
21, 45, 33
21, 50, 37
21, 51, 21
21, 52, 46
21, 53, 19
21, 53, 62
21, 56, 10
21, 61, 19
21, 62, 24
21, 76, 9
21, 81, 15
21, 82, 18
21, 87, 4
21, 88, 47
21, 89, 17
21, 89, 48
21, 94, 30
22, 7, 6
22, 7, 53
22, 10, 22
22, 16, 37
22, 16, 42
22, 18, 12
22, 19, 4
22, 22, 8
22, 23, 43
22, 30, 26
22, 33, 35
22, 34, 36
22, 35, 41
22, 36, 31
22, 37, 22
22, 38, 9
22, 44, 8
22, 44, 16
22, 44, 19
22, 45, 19
22, 48, 14
22, 48, 59
22, 50, 28
22, 51, 21
22, 60, 28
22, 67, 17
22, 72, 1
22, 73, 31
22, 76, 32
22, 77, 11
22, 80, 26
22, 80, 53
22, 83, 33
22, 84, 32
22, 84, 46
22, 85, 33
22, 90, 23
22, 94, 19
22, 97, 21
22, 98, 12
22, 98, 28
22, 99, 49
22, 100, 14
22, 100, 36
22, 101, 36
23, 3, 36
23, 3, 55
23, 8, 2
23, 9, 35
23, 11, 47
23, 15, 21
23, 17, 32
23, 20, 39
23, 23, 28
23, 28, 46
23, 32, 16
23, 33, 16
23, 40, 24
23, 42, 52
23, 43, 51
23, 46, 17
23, 48, 48
23, 49, 32
23, 51, 44
23, 54, 58
23, 56, 43
23, 60, 16
23, 64, 17
23, 64, 53
23, 65, 12
23, 66, 44
23, 72, 39
23, 76, 44
23, 78, 2
23, 89, 66
23, 91, 26
23, 91, 44
23, 92, 44
23, 95, 35
23, 97, 21
23, 99, 43
23, 99, 46
23, 100, 28
24, 2, 22
24, 5, 16
24, 9, 8
24, 9, 21
24, 10, 55
24, 12, 25
24, 14, 39
24, 14, 50
24, 15, 52
24, 23, 33
24, 25, 28
24, 29, 29
24, 30, 6
24, 32, 23
24, 32, 48
24, 36, 1
24, 37, 35
24, 43, 25
24, 48, 8
24, 50, 11
24, 52, 48
24, 54, 42
24, 60, 24
24, 61, 7
24, 61, 20
24, 61, 38
24, 66, 21
24, 67, 41
24, 69, 1
24, 73, 5
24, 74, 17
24, 77, 52
24, 77, 58
24, 78, 17
24, 81, 9
24, 81, 23
24, 82, 16
24, 89, 52
24, 91, 21
24, 91, 50
24, 99, 33
24, 101, 6
25, 3, 56
25, 4, 8
25, 5, 52
25, 8, 15
25, 9, 41
25, 13, 15
25, 15, 43
25, 16, 36
25, 18, 6
25, 18, 31
25, 20, 40
25, 40, 17
25, 45, 23
25, 46, 36
25, 46, 52
25, 47, 35
25, 48, 26
25, 50, 15
25, 54, 3
25, 57, 3
25, 57, 40
25, 59, 6
25, 60, 28
25, 62, 25
25, 68, 40
25, 70, 6
25, 71, 43
25, 79, 35
25, 80, 10
25, 81, 56
25, 82, 28
25, 82, 57
25, 83, 52
25, 85, 56
25, 89, 9
25, 92, 6
25, 97, 16
25, 97, 63
26, 1, 32
26, 1, 70
26, 3, 39
26, 7, 26
26, 10, 51
26, 11, 60
26, 12, 4
26, 14, 24
26, 17, 49
26, 21, 49
26, 24, 53
26, 31, 29
26, 34, 29
26, 36, 18
26, 39, 31
26, 39, 44
26, 46, 50
26, 47, 26
26, 50, 39
26, 56, 17
26, 58, 21
26, 60, 31
26, 62, 30
26, 66, 29
26, 68, 49
26, 71, 60
26, 72, 17
26, 75, 28
26, 76, 62
26, 83, 41
26, 85, 21
26, 86, 30
26, 93, 4
26, 95, 18
26, 97, 24
26, 101, 39
27, 1, 29
27, 13, 5
27, 13, 9
27, 14, 1
27, 16, 27
27, 19, 48
27, 21, 27
27, 26, 2
27, 32, 35
27, 43, 25
27, 45, 31
27, 46, 58
27, 50, 48
27, 54, 20
27, 58, 49
27, 58, 52
27, 62, 30
27, 63, 2
27, 65, 18
27, 65, 52
27, 67, 20
27, 67, 35
27, 68, 6
27, 68, 13
27, 68, 36
27, 72, 29
27, 77, 41
27, 79, 24
27, 80, 30
27, 82, 43
27, 82, 58
27, 83, 31
27, 88, 21
27, 92, 5
27, 94, 32
27, 97, 35
27, 97, 49
27, 99, 32
28, 2, 23
28, 11, 35
28, 11, 37
28, 18, 13
28, 21, 17
28, 21, 27
28, 21, 40
28, 21, 47
28, 27, 8
28, 29, 6
28, 32, 28
28, 33, 2
28, 42, 37
28, 42, 59
28, 43, 21
28, 45, 15
28, 54, 9
28, 54, 51
28, 59, 65
28, 60, 13
28, 62, 17
28, 62, 35
28, 62, 46
28, 63, 20
28, 63, 55
28, 66, 25
28, 68, 40
28, 68, 42
28, 69, 28
28, 82, 37
28, 83, 33
28, 85, 2
28, 87, 8
28, 87, 11
28, 88, 46
28, 91, 8
28, 92, 2
28, 93, 5
28, 98, 51
28, 100, 17
29, 2, 1
29, 2, 25
29, 2, 26
29, 4, 3
29, 5, 33
29, 9, 2
29, 10, 40
29, 12, 43
29, 16, 10
29, 16, 17
29, 22, 38
29, 29, 21
29, 29, 29
29, 30, 45
29, 32, 23
29, 34, 2
29, 37, 9
29, 40, 26
29, 42, 33
29, 42, 43
29, 47, 8
29, 48, 40
29, 50, 15
29, 51, 8
29, 52, 35
29, 54, 12
29, 63, 33
29, 65, 32
29, 65, 45
29, 67, 56
29, 74, 3
29, 74, 17
29, 78, 2
29, 78, 38
29, 82, 29
29, 84, 25
29, 84, 32
29, 84, 33
29, 89, 22
29, 89, 45
29, 90, 22
29, 92, 40
29, 93, 43
30, 10, 18
30, 13, 7
30, 14, 20
30, 14, 32
30, 23, 11
30, 24, 3
30, 25, 9
30, 25, 29
30, 25, 50
30, 27, 15
30, 27, 56
30, 33, 19
30, 39, 36
30, 40, 26
30, 41, 13
30, 47, 44
30, 57, 32
30, 62, 26
30, 72, 40
30, 74, 37
30, 75, 20
30, 82, 40
30, 88, 46
30, 91, 11
30, 91, 36
30, 93, 7
30, 93, 50
30, 94, 36
31, 3, 30
31, 5, 54
31, 6, 17
31, 11, 23
31, 16, 39
31, 17, 37
31, 18, 44
31, 20, 4
31, 26, 27
31, 28, 12
31, 32, 47
31, 32, 53
31, 33, 53
31, 35, 5
31, 36, 15
31, 39, 23
31, 41, 11
31, 46, 2
31, 46, 29
31, 50, 21
31, 53, 49
31, 55, 19
31, 58, 56
31, 61, 25
31, 62, 39
31, 67, 4
31, 68, 39
31, 69, 34
31, 70, 44
31, 72, 39
31, 83, 2
31, 83, 33
31, 88, 5
31, 89, 51
31, 90, 44
31, 96, 1
31, 96, 24
31, 96, 39
31, 99, 10
31, 99, 54
32, 1, 50
32, 2, 14
32, 8, 40
32, 11, 1
32, 23, 23
32, 23, 26
32, 23, 40
32, 27, 10
32, 27, 29
32, 30, 1
32, 31, 16
32, 33, 48
32, 36, 8
32, 36, 33
32, 46, 31
32, 53, 23
32, 56, 23
32, 59, 12
32, 67, 43
32, 70, 7
32, 74, 10
32, 74, 32
32, 81, 48
32, 83, 14
32, 88, 50
32, 96, 29
33, 5, 47
33, 6, 33
33, 13, 35
33, 13, 58
33, 20, 18
33, 20, 53
33, 23, 39
33, 30, 7
33, 38, 5
33, 38, 16
33, 38, 36
33, 40, 46
33, 40, 50
33, 42, 39
33, 44, 48
33, 47, 5
33, 49, 11
33, 49, 31
33, 50, 48
33, 53, 26
33, 54, 36
33, 62, 31
33, 66, 53
33, 77, 33
33, 77, 60
33, 79, 3
33, 79, 47
33, 82, 52
33, 84, 2
33, 88, 25
33, 94, 5
33, 94, 16
33, 96, 11
33, 96, 33
33, 96, 58
33, 98, 48
33, 99, 26
34, 2, 21
34, 6, 35
34, 7, 37
34, 9, 12
34, 9, 42
34, 11, 32
34, 16, 49
34, 17, 14
34, 19, 9
34, 19, 13
34, 21, 41
34, 24, 45
34, 26, 40
34, 27, 41
34, 31, 43
34, 33, 14
34, 33, 17
34, 35, 20
34, 40, 3
34, 43, 23
34, 47, 17
34, 51, 3
34, 51, 16
34, 56, 53
34, 64, 14
34, 67, 42
34, 84, 25
34, 85, 11
34, 86, 17
34, 86, 44
34, 88, 21
34, 88, 36
34, 95, 3
34, 97, 45
34, 98, 7
34, 98, 16
34, 100, 48
34, 101, 20
35, 2, 54
35, 4, 33
35, 6, 10
35, 7, 57
35, 8, 39
35, 11, 31
35, 16, 18
35, 18, 30
35, 24, 13
35, 35, 20
35, 35, 30
35, 36, 56
35, 41, 9
35, 41, 10
35, 43, 16
35, 45, 8
35, 45, 40
35, 48, 33
35, 49, 20
35, 52, 25
35, 56, 28
35, 57, 31
35, 57, 48
35, 59, 18
35, 60, 14
35, 63, 36
35, 65, 5
35, 65, 12
35, 69, 6
35, 69, 57
35, 71, 7
35, 75, 19
35, 76, 23
35, 81, 10
35, 87, 31
35, 89, 9
35, 93, 39
35, 96, 10
35, 98, 13
35, 98, 28
35, 101, 16
36, 9, 14
36, 12, 41
36, 12, 51
36, 13, 10
36, 13, 20
36, 14, 1
36, 16, 2
36, 20, 9
36, 25, 5
36, 26, 7
36, 29, 19
36, 29, 48
36, 35, 4
36, 35, 27
36, 36, 42
36, 37, 21
36, 46, 56
36, 53, 9
36, 58, 1
36, 58, 60
36, 59, 38
36, 59, 52
36, 61, 47
36, 65, 48
36, 71, 25
36, 74, 14
36, 74, 16
36, 74, 44
36, 78, 1
36, 82, 51
36, 83, 10
36, 85, 7
36, 92, 2
36, 92, 42
36, 94, 40
36, 96, 26
36, 97, 5
37, 2, 26
37, 3, 14
37, 4, 6
37, 6, 9
37, 11, 50
37, 13, 22
37, 15, 33
37, 16, 4
37, 16, 42
37, 17, 28
37, 17, 56
37, 18, 55
37, 23, 8
37, 24, 30
37, 24, 51
37, 38, 4
37, 43, 38
37, 44, 23
37, 49, 29
37, 49, 30
37, 53, 12
37, 54, 26
37, 56, 15
37, 57, 41
37, 62, 41
37, 63, 4
37, 63, 12
37, 65, 4
37, 65, 28
37, 67, 35
37, 80, 9
37, 80, 39
37, 82, 18
37, 84, 52
37, 85, 39
37, 85, 56
37, 86, 29
37, 86, 33
37, 88, 14
37, 91, 49
37, 92, 18
37, 97, 8
37, 98, 16
38, 3, 56
38, 6, 15
38, 7, 11
38, 9, 39
38, 13, 37
38, 20, 30
38, 20, 32
38, 23, 20
38, 23, 33
38, 30, 51
38, 33, 35
38, 34, 41
38, 39, 37
38, 39, 55
38, 46, 15
38, 50, 49
38, 51, 10
38, 51, 31
38, 52, 30
38, 53, 46
38, 54, 31
38, 56, 11
38, 61, 15
38, 69, 51
38, 71, 38
38, 77, 68
38, 95, 56
38, 96, 20
38, 96, 42
38, 97, 39
38, 99, 35
38, 100, 1
39, 2, 5
39, 3, 44
39, 7, 18
39, 12, 22
39, 14, 12
39, 14, 23
39, 14, 43
39, 21, 35
39, 29, 26
39, 31, 33
39, 31, 58
39, 32, 21
39, 32, 45
39, 42, 35
39, 42, 51
39, 44, 5
39, 46, 17
39, 50, 33
39, 58, 48
39, 69, 10
39, 71, 11
39, 71, 44
39, 74, 11
39, 80, 31
39, 83, 5
39, 85, 38
39, 87, 4
39, 89, 33
39, 89, 37
39, 91, 47
39, 93, 31
39, 94, 45
39, 95, 41
39, 98, 18
39, 99, 14
40, 2, 28
40, 4, 13
40, 4, 21
40, 6, 43
40, 8, 25
40, 8, 28
40, 15, 32
40, 16, 35
40, 26, 10
40, 26, 36
40, 28, 33
40, 30, 16
40, 32, 41
40, 33, 49
40, 36, 12
40, 37, 32
40, 42, 50
40, 55, 23
40, 61, 5
40, 62, 31
40, 67, 16
40, 69, 33
40, 70, 22
40, 72, 13
40, 75, 33
40, 80, 8
40, 81, 15
40, 88, 28
40, 93, 47
40, 99, 23
40, 100, 47
41, 2, 18
41, 10, 51
41, 11, 9
41, 12, 46
41, 18, 25
41, 24, 21
41, 27, 5
41, 29, 53
41, 32, 2
41, 37, 5
41, 37, 23
41, 38, 13
41, 44, 9
41, 44, 43
41, 48, 9
41, 49, 49
41, 50, 28
41, 50, 51
41, 56, 28
41, 63, 23
41, 66, 33
41, 71, 17
41, 71, 42
41, 76, 25
41, 81, 24
41, 81, 40
41, 83, 43
41, 86, 13
41, 89, 21
41, 92, 25
41, 98, 5
41, 100, 2
41, 100, 36
42, 5, 11
42, 8, 14
42, 8, 52
42, 9, 32
42, 10, 41
42, 17, 40
42, 24, 42
42, 27, 9
42, 29, 9
42, 34, 5
42, 35, 26
42, 36, 34
42, 37, 15
42, 39, 52
42, 48, 6
42, 48, 48
42, 50, 60
42, 57, 31
42, 58, 1
42, 58, 59
42, 69, 51
42, 70, 53
42, 71, 52
42, 72, 27
42, 74, 45
42, 78, 8
42, 79, 23
42, 79, 32
42, 81, 51
42, 82, 41
42, 85, 6
42, 89, 15
42, 90, 26
42, 96, 50
42, 98, 14
42, 101, 11
43, 4, 27
43, 5, 41
43, 7, 12
43, 10, 15
43, 16, 20
43, 17, 11
43, 20, 3
43, 27, 22
43, 30, 33
43, 33, 53
43, 39, 50
43, 44, 18
43, 44, 47
43, 47, 6
43, 50, 33
43, 53, 53
43, 54, 18
43, 55, 43
43, 60, 9
43, 60, 54
43, 62, 38
43, 64, 12
43, 67, 3
43, 67, 16
43, 72, 22
43, 73, 36
43, 74, 11
43, 74, 52
43, 76, 27
43, 82, 52
43, 88, 11
43, 89, 20
43, 92, 17
43, 97, 9
43, 99, 53
44, 2, 51
44, 7, 1
44, 7, 58
44, 8, 25
44, 12, 18
44, 13, 3
44, 14, 30
44, 20, 11
44, 23, 15
44, 25, 37
44, 25, 41
44, 25, 52
44, 26, 46
44, 28, 57
44, 32, 38
44, 34, 51
44, 38, 40
44, 40, 22
44, 45, 35
44, 47, 26
44, 51, 24
44, 53, 2
44, 53, 22
44, 55, 15
44, 61, 22
44, 62, 2
44, 65, 41
44, 66, 25
44, 67, 5
44, 69, 38
44, 69, 43
44, 70, 17
44, 74, 37
44, 87, 35
44, 89, 15
44, 93, 30
44, 95, 57
44, 96, 46
44, 97, 18
44, 99, 40
44, 99, 51
45, 6, 5
45, 6, 50
45, 10, 37
45, 12, 55
45, 18, 43
45, 20, 29
45, 32, 35
45, 35, 13
45, 43, 16
45, 43, 56
45, 47, 60
45, 49, 27
45, 50, 17
45, 53, 60
45, 62, 52
45, 64, 28
45, 65, 28
45, 65, 41
45, 70, 11
45, 70, 13
45, 76, 50
45, 76, 55
45, 78, 34
45, 84, 12
45, 90, 43
45, 91, 34
45, 93, 29
45, 93, 39
45, 97, 6
46, 2, 49
46, 3, 10
46, 9, 18
46, 13, 37
46, 21, 48
46, 22, 12
46, 22, 51
46, 23, 2
46, 24, 3
46, 28, 7
46, 28, 8
46, 29, 5
46, 29, 41
46, 34, 36
46, 36, 1
46, 40, 28
46, 40, 49
46, 41, 4
46, 41, 38
46, 48, 3
46, 48, 11
46, 49, 2
46, 50, 25
46, 50, 63
46, 52, 12
46, 54, 11
46, 54, 18
46, 60, 42
46, 61, 33
46, 62, 35
46, 68, 5
46, 69, 55
46, 72, 22
46, 74, 9
46, 74, 28
46, 80, 28
46, 81, 2
46, 82, 19
46, 82, 30
46, 84, 1
46, 88, 37
46, 89, 42
46, 92, 36
46, 93, 2
46, 93, 51
46, 99, 57
46, 101, 37
47, 2, 44
47, 6, 13
47, 6, 45
47, 7, 12
47, 8, 41
47, 15, 7
47, 21, 37
47, 22, 40
47, 27, 17
47, 28, 3
47, 30, 42
47, 31, 15
47, 31, 55
47, 35, 10
47, 35, 39
47, 39, 20
47, 39, 25
47, 40, 18
47, 46, 26
47, 47, 21
47, 48, 37
47, 52, 44
47, 55, 1
47, 57, 41
47, 63, 41
47, 66, 15
47, 76, 40
47, 80, 15
47, 81, 31
47, 84, 59
47, 91, 3
47, 91, 41
47, 92, 15
47, 96, 47
47, 97, 44
47, 101, 17
48, 2, 34
48, 2, 38
48, 4, 12
48, 5, 7
48, 5, 23
48, 7, 27
48, 7, 44
48, 11, 13
48, 11, 31
48, 11, 36
48, 11, 53
48, 13, 18
48, 15, 5
48, 20, 13
48, 20, 23
48, 23, 12
48, 23, 15
48, 24, 22
48, 24, 62
48, 25, 12
48, 28, 19
48, 29, 20
48, 29, 50
48, 31, 10
48, 39, 5
48, 41, 15
48, 47, 46
48, 49, 22
48, 50, 58
48, 53, 54
48, 57, 2
48, 67, 23
48, 67, 49
48, 69, 40
48, 70, 53
48, 78, 19
48, 78, 31
48, 80, 28
48, 82, 50
48, 84, 4
48, 86, 42
48, 89, 22
48, 90, 59
48, 93, 34
48, 94, 31
48, 95, 5
48, 98, 15
48, 99, 17
48, 99, 62
49, 1, 8
49, 2, 2
49, 2, 9
49, 12, 4
49, 13, 32
49, 13, 41
49, 15, 42
49, 20, 3
49, 20, 11
49, 21, 33
49, 22, 46
49, 23, 23
49, 28, 6
49, 30, 28
49, 37, 54
49, 45, 9
49, 51, 44
49, 55, 43
49, 56, 36
49, 60, 33
49, 61, 25
49, 63, 1
49, 63, 56
49, 64, 50
49, 71, 8
49, 72, 52
49, 75, 2
49, 82, 18
49, 85, 3
49, 85, 25
49, 87, 41
49, 91, 42
49, 91, 44
49, 96, 11
49, 99, 9
50, 4, 21
50, 7, 12
50, 7, 54
50, 8, 26
50, 13, 29
50, 15, 54
50, 16, 13
50, 18, 19
50, 22, 18
50, 22, 57
50, 24, 40
50, 44, 1
50, 44, 57
50, 45, 29
50, 46, 12
50, 47, 31
50, 48, 7
50, 52, 34
50, 58, 22
50, 63, 12
50, 63, 18
50, 70, 54
50, 76, 25
50, 82, 54
50, 84, 54
50, 87, 21
50, 88, 7
50, 88, 29
50, 89, 19
50, 90, 52
50, 91, 26
50, 92, 31
50, 99, 18
50, 99, 46
51, 2, 35
51, 3, 55
51, 4, 56
51, 19, 16
51, 22, 2
51, 24, 45
51, 25, 20
51, 27, 10
51, 27, 54
51, 28, 24
51, 33, 48
51, 35, 37
51, 38, 23
51, 43, 30
51, 43, 39
51, 46, 50
51, 46, 56
51, 47, 28
51, 49, 16
51, 49, 39
51, 49, 51
51, 50, 33
51, 50, 45
51, 53, 48
51, 57, 39
51, 60, 15
51, 63, 23
51, 73, 52
51, 74, 35
51, 77, 20
51, 79, 30
51, 79, 36
51, 81, 37
51, 92, 2
51, 92, 32
51, 93, 55
52, 10, 40
52, 11, 8
52, 13, 9
52, 13, 21
52, 27, 48
52, 30, 53
52, 36, 15
52, 40, 8
52, 40, 34
52, 42, 29
52, 43, 21
52, 48, 15
52, 64, 40
52, 72, 15
52, 72, 29
52, 72, 40
52, 80, 9
52, 81, 51
52, 86, 21
52, 88, 31
53, 1, 18
53, 2, 43
53, 3, 8
53, 7, 35
53, 11, 2
53, 11, 40
53, 12, 24
53, 14, 12
53, 16, 4
53, 23, 25
53, 28, 15
53, 30, 11
53, 37, 8
53, 39, 6
53, 40, 13
53, 40, 39
53, 43, 37
53, 43, 51
53, 46, 11
53, 46, 12
53, 46, 20
53, 48, 41
53, 54, 47
53, 54, 63
53, 57, 24
53, 61, 18
53, 63, 30
53, 70, 43
53, 71, 23
53, 72, 18
53, 74, 14
53, 77, 59
53, 78, 20
53, 80, 47
53, 83, 37
53, 87, 37
53, 91, 18
53, 93, 6
53, 93, 42
53, 94, 2
53, 94, 40
53, 99, 35
54, 3, 9
54, 4, 19
54, 12, 5
54, 12, 56
54, 14, 47
54, 14, 63
54, 20, 12
54, 25, 6
54, 26, 33
54, 27, 29
54, 27, 40
54, 29, 4
54, 31, 29
54, 33, 12
54, 34, 31
54, 36, 45
54, 41, 9
54, 46, 26
54, 62, 5
54, 62, 58
54, 63, 40
54, 63, 53
54, 65, 15
54, 66, 29
54, 78, 19
54, 83, 9
54, 84, 37
54, 84, 46
54, 86, 6
54, 88, 40
54, 94, 12
54, 97, 4
54, 101, 11
55, 2, 21
55, 2, 43
55, 5, 15
55, 7, 19
55, 8, 50
55, 9, 6
55, 10, 52
55, 12, 7
55, 17, 4
55, 17, 35
55, 22, 54
55, 30, 35
55, 31, 24
55, 31, 46
55, 32, 20
55, 35, 37
55, 37, 49
55, 39, 3
55, 39, 62
55, 43, 24
55, 48, 59
55, 52, 7
55, 53, 13
55, 54, 38
55, 56, 43
55, 57, 20
55, 60, 21
55, 63, 6
55, 64, 24
55, 64, 60
55, 65, 48
55, 67, 15
55, 67, 31
55, 67, 41
55, 71, 2
55, 71, 25
55, 78, 13
55, 78, 48
55, 80, 17
55, 83, 4
55, 83, 52
55, 84, 24
55, 85, 12
55, 88, 35
55, 88, 41
55, 91, 54
55, 95, 19
55, 96, 43
56, 2, 39
56, 5, 37
56, 7, 34
56, 20, 1
56, 20, 13
56, 36, 38
56, 40, 5
56, 42, 22
56, 42, 48
56, 43, 9
56, 53, 28
56, 56, 34
56, 57, 20
56, 65, 22
56, 66, 42
56, 67, 30
56, 69, 1
56, 73, 52
56, 79, 40
56, 80, 52
56, 82, 21
56, 90, 19
56, 90, 24
56, 96, 21
56, 96, 37
57, 11, 12
57, 11, 51
57, 14, 55
57, 16, 29
57, 18, 12
57, 18, 23
57, 18, 40
57, 26, 8
57, 32, 43
57, 36, 8
57, 36, 26
57, 36, 46
57, 42, 60
57, 43, 43
57, 46, 40
57, 48, 13
57, 48, 29
57, 49, 51
57, 50, 48
57, 53, 23
57, 55, 19
57, 57, 26
57, 64, 9
57, 71, 45
57, 72, 51
57, 75, 55
57, 86, 19
57, 87, 23
57, 89, 22
57, 91, 22
57, 97, 12
58, 3, 30
58, 3, 41
58, 5, 56
58, 6, 44
58, 8, 37
58, 9, 7
58, 9, 25
58, 10, 6
58, 11, 30
58, 11, 42
58, 13, 1
58, 16, 35
58, 18, 43
58, 22, 44
58, 25, 32
58, 33, 5
58, 33, 10
58, 36, 30
58, 39, 30
58, 42, 1
58, 45, 29
58, 49, 30
58, 50, 32
58, 51, 1
58, 52, 40
58, 58, 17
58, 58, 33
58, 58, 39
58, 60, 56
58, 71, 10
58, 75, 14
58, 78, 30
58, 79, 35
58, 80, 26
58, 81, 43
58, 82, 2
58, 82, 43
58, 84, 45
58, 87, 37
58, 88, 31
58, 95, 33
58, 95, 52
58, 96, 5
58, 98, 1
58, 98, 4
58, 98, 51
58, 99, 22
58, 101, 41
59, 9, 5
59, 18, 32
59, 20, 30
59, 21, 1
59, 22, 20
59, 28, 5
59, 29, 43
59, 35, 4
59, 37, 36
59, 38, 38
59, 39, 32
59, 41, 9
59, 44, 22
59, 51, 54
59, 53, 5
59, 54, 9
59, 54, 43
59, 57, 6
59, 58, 24
59, 60, 41
59, 64, 26
59, 64, 45
59, 66, 53
59, 68, 58
59, 78, 19
59, 80, 9
59, 82, 39
59, 90, 4
59, 90, 32
59, 90, 39
59, 94, 31
59, 96, 5
59, 100, 43
60, 1, 8
60, 1, 30
60, 5, 50
60, 8, 23
60, 10, 11
60, 11, 28
60, 13, 37
60, 19, 35
60, 21, 48
60, 23, 4
60, 23, 26
60, 26, 3
60, 30, 9
60, 35, 24
60, 42, 50
60, 52, 26
60, 53, 11
60, 54, 3
60, 59, 30
60, 61, 38
60, 74, 20
60, 79, 37
60, 82, 50
60, 85, 2
60, 92, 23
60, 92, 43
60, 92, 59
60, 98, 9
61, 3, 35
61, 9, 12
61, 10, 3
61, 15, 29
61, 15, 54
61, 19, 15
61, 22, 45
61, 27, 35
61, 28, 45
61, 33, 33
61, 36, 54
61, 37, 61
61, 38, 22
61, 40, 19
61, 43, 9
61, 50, 34
61, 53, 16
61, 56, 26
61, 60, 45
61, 65, 33
61, 66, 15
61, 70, 3
61, 75, 1
61, 75, 56
61, 78, 34
61, 79, 38
61, 80, 10
61, 82, 14
61, 87, 35
61, 88, 61
61, 94, 34
61, 97, 15
61, 98, 43
61, 100, 22
62, 1, 27
62, 2, 8
62, 2, 20
62, 4, 12
62, 7, 21
62, 9, 24
62, 9, 47
62, 9, 50
62, 15, 9
62, 19, 40
62, 28, 13
62, 31, 20
62, 33, 49
62, 35, 42
62, 36, 18
62, 42, 34
62, 44, 44
62, 47, 34
62, 48, 14
62, 48, 57
62, 50, 28
62, 59, 27
62, 60, 31
62, 67, 17
62, 68, 2
62, 68, 32
62, 69, 48
62, 70, 28
62, 71, 10
62, 72, 41
62, 76, 14
62, 77, 16
62, 79, 49
62, 84, 50
62, 85, 12
62, 86, 9
62, 86, 47
62, 90, 44
62, 94, 29
62, 98, 38
63, 1, 32
63, 2, 36
63, 7, 30
63, 9, 19
63, 11, 35
63, 12, 11
63, 13, 42
63, 14, 49
63, 16, 45
63, 18, 43
63, 20, 17
63, 20, 31
63, 24, 7
63, 24, 25
63, 24, 59
63, 27, 23
63, 28, 26
63, 32, 31
63, 33, 50
63, 34, 35
63, 37, 8
63, 47, 21
63, 48, 15
63, 49, 9
63, 49, 39
63, 50, 1
63, 51, 23
63, 52, 5
63, 53, 2
63, 54, 16
63, 62, 19
63, 68, 6
63, 70, 56
63, 77, 25
63, 84, 24
63, 84, 32
63, 87, 11
63, 88, 35
63, 90, 31
63, 93, 22
63, 95, 31
63, 97, 5
63, 99, 19
63, 99, 47
63, 100, 18
63, 100, 50
64, 1, 24
64, 2, 23
64, 3, 37
64, 3, 39
64, 3, 50
64, 4, 22
64, 7, 8
64, 12, 44
64, 14, 45
64, 15, 21
64, 20, 9
64, 30, 35
64, 30, 56
64, 35, 23
64, 38, 45
64, 41, 23
64, 48, 8
64, 48, 23
64, 65, 48
64, 66, 8
64, 67, 17
64, 67, 35
64, 67, 47
64, 75, 4
64, 80, 39
64, 82, 18
64, 84, 31
64, 86, 36
64, 88, 15
64, 90, 10
64, 91, 10
64, 91, 21
64, 91, 51
64, 97, 35
64, 100, 24
65, 1, 29
65, 6, 48
65, 9, 25
65, 9, 37
65, 16, 13
65, 24, 6
65, 25, 10
65, 29, 45
65, 31, 14
65, 40, 23
65, 42, 52
65, 43, 45
65, 46, 49
65, 52, 46
65, 54, 29
65, 59, 25
65, 61, 38
65, 65, 1
65, 66, 25
65, 72, 37
65, 74, 18
65, 75, 10
65, 77, 41
65, 78, 48
65, 79, 6
65, 81, 58
65, 86, 38
65, 92, 13
65, 92, 29
65, 94, 39
66, 2, 19
66, 5, 7
66, 6, 37
66, 19, 8
66, 22, 8
66, 26, 24
66, 33, 51
66, 40, 17
66, 40, 49
66, 40, 53
66, 41, 50
66, 45, 45
66, 53, 16
66, 60, 49
66, 63, 30
66, 65, 37
66, 66, 43
66, 70, 7
66, 70, 21
66, 70, 53
66, 75, 46
66, 79, 51
66, 82, 40
66, 87, 16
66, 88, 3
66, 91, 51
66, 95, 35
66, 97, 19
66, 99, 32
66, 99, 53
67, 1, 1
67, 4, 6
67, 5, 13
67, 10, 38
67, 16, 1
67, 17, 15
67, 18, 6
67, 18, 33
67, 21, 35
67, 23, 42
67, 25, 10
67, 25, 51
67, 29, 57
67, 31, 35
67, 40, 6
67, 41, 52
67, 46, 42
67, 46, 62
67, 47, 43
67, 49, 56
67, 50, 15
67, 51, 20
67, 61, 10
67, 61, 45
67, 62, 25
67, 62, 42
67, 64, 1
67, 67, 57
67, 69, 47
67, 72, 17
67, 72, 23
67, 72, 33
67, 74, 10
67, 74, 23
67, 75, 27
67, 76, 2
67, 77, 18
67, 79, 13
67, 80, 1
67, 84, 35
67, 89, 15
67, 89, 42
67, 96, 52
67, 97, 43
67, 101, 6
68, 8, 50
68, 11, 2
68, 13, 37
68, 14, 23
68, 15, 12
68, 16, 49
68, 17, 6
68, 17, 13
68, 20, 30
68, 20, 40
68, 23, 14
68, 24, 48
68, 25, 20
68, 26, 37
68, 30, 40
68, 34, 23
68, 34, 25
68, 41, 22
68, 44, 20
68, 51, 14
68, 52, 38
68, 53, 2
68, 60, 14
68, 66, 37
68, 67, 25
68, 68, 40
68, 72, 27
68, 76, 25
68, 84, 22
68, 87, 6
68, 88, 43
68, 91, 21
68, 91, 30
68, 94, 14
68, 96, 53
68, 98, 23
69, 3, 35
69, 7, 7
69, 8, 18
69, 8, 32
69, 11, 51
69, 13, 2
69, 13, 55
69, 21, 9
69, 21, 23
69, 22, 50
69, 24, 31
69, 26, 49
69, 32, 21
69, 34, 52
69, 35, 47
69, 40, 9
69, 40, 34
69, 40, 50
69, 42, 6
69, 42, 23
69, 42, 28
69, 47, 29
69, 48, 9
69, 53, 42
69, 54, 50
69, 58, 10
69, 61, 30
69, 73, 33
69, 73, 51
69, 82, 52
69, 83, 50
69, 84, 27
69, 89, 45
69, 96, 26
69, 96, 35
69, 101, 42
70, 2, 50
70, 4, 46
70, 16, 31
70, 19, 26
70, 26, 13
70, 28, 21
70, 28, 51
70, 29, 8
70, 33, 8
70, 35, 12
70, 39, 25
70, 39, 46
70, 44, 33
70, 45, 30
70, 46, 11
70, 53, 23
70, 54, 1
70, 54, 51
70, 62, 11
70, 67, 15
70, 67, 54
70, 71, 25
70, 73, 5
70, 73, 12
70, 78, 8
70, 80, 60
70, 84, 6
70, 89, 1
70, 94, 23
70, 94, 50
70, 98, 8
70, 98, 34
70, 101, 30
71, 2, 8
71, 2, 34
71, 3, 19
71, 6, 33
71, 11, 40
71, 12, 29
71, 20, 18
71, 23, 13
71, 23, 28
71, 23, 30
71, 25, 17
71, 25, 50
71, 43, 23
71, 50, 54
71, 60, 24
71, 60, 42
71, 62, 42
71, 75, 5
71, 81, 12
71, 82, 43
71, 83, 34
71, 87, 11
71, 91, 54
71, 92, 12
71, 96, 40
71, 97, 19
71, 100, 18
72, 3, 34
72, 7, 3
72, 8, 18
72, 9, 21
72, 10, 33
72, 11, 17
72, 11, 19
72, 17, 45
72, 18, 28
72, 24, 14
72, 35, 40
72, 36, 29
72, 42, 3
72, 54, 9
72, 57, 23
72, 59, 9
72, 68, 44
72, 71, 11
72, 74, 32
72, 74, 39
72, 78, 18
72, 79, 3
72, 79, 38
72, 79, 40
72, 88, 42
72, 89, 21
72, 94, 14
72, 99, 33
73, 5, 21
73, 7, 48
73, 8, 47
73, 8, 59
73, 9, 15
73, 9, 47
73, 22, 31
73, 27, 14
73, 33, 25
73, 35, 20
73, 36, 39
73, 38, 2
73, 40, 44
73, 40, 62
73, 44, 11
73, 45, 25
73, 50, 28
73, 52, 4
73, 58, 37
73, 60, 10
73, 60, 28
73, 63, 5
73, 63, 15
73, 68, 36
73, 71, 48
73, 75, 51
73, 77, 43
73, 79, 21
73, 82, 47
73, 86, 6
73, 90, 31
73, 94, 12
73, 99, 48
74, 2, 2
74, 2, 23
74, 3, 35
74, 6, 17
74, 7, 8
74, 7, 45
74, 8, 29
74, 9, 13
74, 11, 26
74, 22, 48
74, 25, 33
74, 29, 3
74, 32, 10
74, 35, 35
74, 39, 27
74, 39, 44
74, 43, 2
74, 45, 19
74, 46, 36
74, 48, 40
74, 52, 42
74, 53, 8
74, 58, 43
74, 58, 56
74, 60, 16
74, 61, 19
74, 62, 20
74, 67, 31
74, 67, 60
74, 69, 39
74, 70, 5
74, 74, 20
74, 75, 4
74, 75, 37
74, 79, 35
74, 81, 31
74, 82, 37
74, 83, 45
74, 83, 62
74, 85, 26
74, 89, 9
74, 89, 12
74, 91, 42
74, 92, 57
74, 93, 24
74, 95, 21
74, 99, 48
74, 100, 27
75, 1, 46
75, 8, 48
75, 9, 9
75, 10, 34
75, 10, 40
75, 11, 16
75, 11, 54
75, 14, 13
75, 18, 22
75, 20, 9
75, 23, 17
75, 23, 58
75, 27, 4
75, 27, 57
75, 29, 21
75, 34, 50
75, 37, 12
75, 38, 40
75, 40, 21
75, 41, 38
75, 45, 5
75, 48, 25
75, 51, 21
75, 51, 57
75, 55, 46
75, 58, 8
75, 64, 54
75, 68, 32
75, 69, 20
75, 69, 23
75, 75, 36
75, 78, 3
75, 84, 2
75, 86, 16
75, 86, 50
75, 93, 4
75, 94, 9
76, 2, 46
76, 3, 19
76, 6, 31
76, 6, 44
76, 7, 55
76, 13, 43
76, 19, 46
76, 20, 17
76, 22, 5
76, 26, 24
76, 27, 4
76, 30, 31
76, 35, 21
76, 36, 19
76, 37, 44
76, 38, 19
76, 39, 3
76, 42, 39
76, 44, 14
76, 50, 44
76, 55, 31
76, 55, 48
76, 58, 28
76, 62, 31
76, 64, 2
76, 64, 7
76, 71, 6
76, 71, 39
76, 74, 12
76, 74, 55
76, 78, 54
76, 79, 43
76, 83, 43
76, 84, 25
76, 86, 8
76, 89, 19
76, 90, 44
76, 98, 14
76, 98, 62
76, 99, 17
77, 4, 21
77, 4, 53
77, 6, 3
77, 6, 36
77, 6, 43
77, 10, 28
77, 16, 4
77, 16, 49
77, 23, 2
77, 27, 17
77, 31, 16
77, 34, 29
77, 38, 14
77, 41, 29
77, 43, 9
77, 43, 19
77, 43, 25
77, 44, 22
77, 51, 30
77, 53, 16
77, 54, 31
77, 62, 25
77, 64, 17
77, 64, 40
77, 68, 39
77, 73, 22
77, 77, 43
77, 80, 1
77, 91, 3
77, 92, 50
77, 94, 14
77, 97, 9
78, 1, 3
78, 1, 27
78, 2, 35
78, 6, 36
78, 8, 16
78, 9, 10
78, 9, 18
78, 12, 47
78, 15, 40
78, 18, 41
78, 23, 50
78, 25, 21
78, 30, 53
78, 32, 34
78, 33, 13
78, 37, 36
78, 39, 19
78, 39, 34
78, 39, 59
78, 41, 18
78, 42, 31
78, 46, 12
78, 49, 49
78, 49, 55
78, 50, 51
78, 53, 5
78, 53, 27
78, 54, 34
78, 55, 7
78, 56, 56
78, 62, 11
78, 63, 53
78, 69, 31
78, 69, 40
78, 74, 7
78, 74, 50
78, 79, 25
78, 81, 41
78, 83, 27
78, 85, 5
78, 90, 10
78, 91, 47
78, 93, 53
78, 94, 38
78, 96, 50
78, 97, 9
78, 97, 35
79, 13, 31
79, 18, 53
79, 25, 29
79, 28, 30
79, 29, 5
79, 29, 43
79, 31, 44
79, 32, 16
79, 38, 9
79, 38, 16
79, 48, 28
79, 48, 32
79, 49, 41
79, 56, 38
79, 66, 34
79, 70, 11
79, 82, 28
79, 85, 31
79, 92, 17
79, 93, 5
79, 96, 5
79, 97, 30
79, 98, 7
80, 8, 13
80, 9, 5
80, 11, 24
80, 11, 32
80, 11, 50
80, 15, 29
80, 19, 51
80, 20, 53
80, 28, 30
80, 30, 21
80, 34, 22
80, 35, 30
80, 37, 54
80, 48, 53
80, 56, 6
80, 57, 46
80, 60, 29
80, 60, 41
80, 64, 22
80, 66, 5
80, 67, 12
80, 69, 13
80, 75, 19
80, 78, 34
80, 80, 18
80, 88, 46
80, 94, 38
80, 96, 24
80, 96, 53
80, 98, 30
81, 1, 3
81, 3, 47
81, 6, 4
81, 7, 27
81, 10, 30
81, 11, 28
81, 16, 6
81, 16, 50
81, 19, 33
81, 20, 6
81, 20, 35
81, 33, 20
81, 38, 40
81, 43, 38
81, 45, 15
81, 50, 3
81, 52, 14
81, 58, 30
81, 60, 9
81, 61, 14
81, 61, 52
81, 62, 30
81, 62, 55
81, 63, 20
81, 63, 36
81, 64, 27
81, 71, 10
81, 71, 32
81, 78, 50
81, 79, 6
81, 80, 28
81, 82, 40
81, 83, 50
81, 85, 4
81, 86, 6
81, 94, 37
81, 95, 47
81, 96, 30
81, 97, 2
81, 99, 33
81, 100, 35
81, 100, 47
82, 1, 8
82, 5, 4
82, 5, 26
82, 5, 41
82, 7, 53
82, 9, 14
82, 13, 27
82, 18, 34
82, 23, 18
82, 24, 28
82, 24, 51
82, 31, 55
82, 35, 12
82, 36, 1
82, 40, 4
82, 41, 5
82, 43, 29
82, 44, 23
82, 44, 33
82, 50, 43
82, 54, 42
82, 56, 1
82, 58, 43
82, 59, 3
82, 59, 19
82, 60, 16
82, 62, 44
82, 64, 55
82, 64, 57
82, 72, 7
82, 73, 5
82, 73, 18
82, 73, 29
82, 77, 11
82, 79, 9
82, 82, 28
82, 82, 34
82, 89, 8
82, 89, 50
82, 95, 4
83, 7, 35
83, 9, 8
83, 10, 7
83, 14, 20
83, 16, 14
83, 16, 23
83, 17, 10
83, 17, 32
83, 26, 2
83, 27, 30
83, 29, 42
83, 33, 45
83, 39, 50
83, 39, 55
83, 44, 3
83, 44, 47
83, 46, 27
83, 48, 38
83, 48, 45
83, 50, 8
83, 53, 34
83, 58, 35
83, 63, 40
83, 70, 45
83, 74, 20
83, 75, 30
83, 92, 14
83, 92, 17
83, 92, 37
83, 93, 34
83, 97, 20
83, 99, 32
83, 99, 42
84, 3, 49
84, 4, 16
84, 6, 2
84, 6, 15
84, 8, 7
84, 10, 33
84, 13, 41
84, 15, 46
84, 18, 14
84, 18, 53
84, 21, 18
84, 25, 28
84, 26, 40
84, 29, 28
84, 30, 47
84, 34, 30
84, 35, 41
84, 42, 51
84, 45, 14
84, 45, 17
84, 61, 2
84, 61, 56
84, 64, 40
84, 68, 7
84, 68, 24
84, 68, 41
84, 71, 8
84, 72, 1
84, 74, 17
84, 76, 17
84, 78, 34
84, 82, 51
84, 83, 18
84, 85, 15
84, 86, 17
84, 89, 48
84, 92, 28
84, 94, 14
84, 96, 48
84, 101, 46
85, 4, 21
85, 4, 46
85, 5, 32
85, 11, 36
85, 13, 17
85, 14, 50
85, 20, 28
85, 21, 37
85, 23, 19
85, 24, 51
85, 27, 9
85, 30, 44
85, 31, 28
85, 33, 27
85, 35, 40
85, 36, 12
85, 37, 10
85, 37, 21
85, 58, 48
85, 61, 47
85, 62, 36
85, 65, 29
85, 66, 35
85, 67, 27
85, 70, 1
85, 70, 17
85, 72, 17
85, 72, 55
85, 75, 28
85, 76, 21
85, 76, 44
85, 79, 3
85, 84, 17
85, 88, 2
85, 88, 58
85, 91, 5
85, 95, 29
85, 96, 37
86, 1, 12
86, 2, 23
86, 14, 13
86, 16, 23
86, 18, 32
86, 19, 2
86, 20, 38
86, 20, 53
86, 23, 43
86, 24, 7
86, 28, 57
86, 31, 47
86, 33, 44
86, 36, 50
86, 38, 16
86, 39, 62
86, 40, 8
86, 40, 41
86, 42, 11
86, 44, 6
86, 44, 47
86, 52, 14
86, 52, 23
86, 52, 26
86, 55, 43
86, 66, 12
86, 73, 40
86, 79, 32
86, 86, 23
86, 88, 52
86, 95, 13
86, 95, 45
86, 98, 14
86, 101, 36
87, 2, 44
87, 5, 5
87, 5, 45
87, 7, 37
87, 10, 37
87, 10, 54
87, 15, 28
87, 16, 35
87, 18, 39
87, 19, 7
87, 31, 14
87, 35, 12
87, 35, 16
87, 37, 7
87, 37, 53
87, 43, 43
87, 46, 20
87, 47, 28
87, 48, 32
87, 48, 38
87, 50, 44
87, 56, 43
87, 63, 53
87, 67, 23
87, 68, 16
87, 68, 55
87, 70, 14
87, 70, 46
87, 71, 51
87, 72, 53
87, 74, 24
87, 77, 14
87, 79, 32
87, 83, 41
87, 87, 49
87, 88, 45
87, 89, 23
87, 96, 43
87, 97, 5
88, 2, 3
88, 2, 47
88, 3, 43
88, 13, 13
88, 16, 7
88, 16, 36
88, 18, 11
88, 21, 20
88, 26, 32
88, 28, 12
88, 33, 23
88, 35, 39
88, 42, 39
88, 48, 6
88, 49, 20
88, 57, 6
88, 58, 4
88, 67, 9
88, 67, 54
88, 79, 47
88, 81, 23
88, 83, 25
88, 87, 32
88, 92, 7
88, 94, 19
88, 98, 51
88, 101, 13
89, 2, 23
89, 3, 50
89, 4, 5
89, 8, 15
89, 9, 36
89, 10, 28
89, 16, 17
89, 17, 37
89, 21, 59
89, 23, 21
89, 23, 71
89, 24, 51
89, 30, 7
89, 31, 22
89, 32, 53
89, 40, 36
89, 42, 6
89, 44, 9
89, 45, 50
89, 47, 18
89, 56, 12
89, 56, 28
89, 62, 46
89, 66, 48
89, 68, 45
89, 78, 1
89, 79, 31
89, 80, 28
89, 82, 23
89, 82, 77
89, 84, 13
89, 85, 36
89, 90, 59
89, 94, 36
89, 94, 57
89, 99, 22
90, 2, 27
90, 6, 39
90, 7, 23
90, 9, 23
90, 11, 4
90, 14, 48
90, 16, 12
90, 17, 12
90, 18, 3
90, 21, 49
90, 26, 38
90, 26, 43
90, 28, 12
90, 29, 20
90, 31, 11
90, 36, 5
90, 36, 28
90, 36, 31
90, 38, 9
90, 45, 23
90, 50, 12
90, 52, 34
90, 53, 15
90, 56, 15
90, 60, 39
90, 62, 10
90, 64, 14
90, 66, 17
90, 66, 42
90, 71, 32
90, 71, 44
90, 75, 11
90, 89, 12
90, 89, 44
90, 94, 19
91, 7, 29
91, 9, 13
91, 11, 40
91, 13, 32
91, 13, 51
91, 18, 30
91, 19, 52
91, 30, 28
91, 35, 4
91, 36, 37
91, 41, 23
91, 44, 24
91, 50, 26
91, 54, 2
91, 60, 1
91, 60, 51
91, 63, 23
91, 64, 37
91, 66, 2
91, 71, 42
91, 80, 39
91, 84, 20
91, 85, 55
91, 89, 20
91, 90, 13
91, 93, 43
91, 97, 39
91, 98, 20
91, 100, 7
91, 100, 30
92, 5, 12
92, 5, 28
92, 9, 8
92, 10, 7
92, 10, 53
92, 13, 27
92, 14, 22
92, 20, 32
92, 25, 9
92, 26, 51
92, 27, 55
92, 34, 33
92, 44, 38
92, 46, 31
92, 52, 5
92, 54, 40
92, 55, 19
92, 58, 22
92, 58, 35
92, 61, 8
92, 62, 35
92, 66, 27
92, 67, 20
92, 70, 61
92, 72, 2
92, 72, 22
92, 78, 4
92, 81, 33
92, 84, 11
92, 87, 32
92, 88, 3
92, 88, 14
93, 2, 33
93, 5, 48
93, 5, 52
93, 6, 20
93, 12, 21
93, 12, 57
93, 15, 16
93, 15, 42
93, 16, 10
93, 16, 29
93, 23, 5
93, 23, 23
93, 23, 44
93, 24, 4
93, 31, 43
93, 32, 2
93, 37, 26
93, 40, 43
93, 41, 47
93, 44, 6
93, 46, 54
93, 52, 3
93, 58, 48
93, 58, 52
93, 65, 4
93, 67, 43
93, 69, 16
93, 71, 23
93, 72, 46
93, 76, 50
93, 77, 41
93, 77, 50
93, 82, 29
93, 89, 5
93, 90, 27
93, 94, 30
93, 94, 54
93, 95, 10
93, 95, 29
93, 97, 6
93, 98, 34
93, 100, 48
94, 7, 19
94, 9, 2
94, 19, 50
94, 21, 49
94, 25, 6
94, 25, 31
94, 25, 32
94, 26, 5
94, 32, 21
94, 45, 31
94, 48, 34
94, 56, 44
94, 56, 46
94, 56, 48
94, 57, 43
94, 58, 42
94, 59, 53
94, 66, 4
94, 74, 6
94, 80, 21
94, 83, 52
94, 85, 33
94, 85, 38
94, 96, 31
94, 98, 38
94, 99, 2
94, 99, 32
95, 2, 10
95, 17, 28
95, 20, 45
95, 21, 27
95, 22, 33
95, 22, 41
95, 24, 49
95, 27, 13
95, 30, 19
95, 33, 12
95, 33, 22
95, 41, 13
95, 42, 48
95, 47, 8
95, 47, 49
95, 56, 26
95, 56, 34
95, 58, 27
95, 62, 17
95, 62, 26
95, 67, 23
95, 67, 46
95, 74, 34
95, 77, 3
95, 81, 15
95, 86, 33
95, 90, 10
95, 95, 39
95, 97, 27
95, 99, 28
95, 101, 41
96, 3, 32
96, 4, 5
96, 4, 47
96, 4, 54
96, 9, 8
96, 9, 39
96, 14, 45
96, 16, 1
96, 22, 18
96, 27, 27
96, 32, 47
96, 33, 8
96, 33, 53
96, 36, 2
96, 37, 21
96, 39, 14
96, 41, 38
96, 46, 32
96, 46, 40
96, 47, 21
96, 47, 23
96, 50, 33
96, 50, 59
96, 53, 12
96, 53, 29
96, 58, 40
96, 59, 12
96, 66, 2
96, 66, 43
96, 67, 49
96, 77, 32
96, 81, 25
96, 84, 10
96, 84, 54
96, 85, 39
96, 88, 5
96, 89, 8
96, 90, 25
96, 90, 30
96, 94, 22
96, 95, 12
96, 96, 23
96, 98, 6
96, 98, 48
97, 7, 37
97, 12, 46
97, 13, 17
97, 13, 28
97, 16, 17
97, 23, 37
97, 23, 47
97, 24, 4
97, 30, 47
97, 33, 16
97, 33, 31
97, 37, 7
97, 38, 11
97, 39, 36
97, 44, 21
97, 48, 15
97, 50, 20
97, 51, 13
97, 54, 36
97, 56, 46
97, 62, 17
97, 63, 33
97, 64, 19
97, 66, 48
97, 70, 46
97, 74, 10
97, 75, 37
97, 80, 20
97, 80, 42
97, 82, 4
97, 86, 29
97, 87, 18
97, 89, 31
97, 91, 48
97, 96, 47
97, 99, 46
97, 101, 11
98, 2, 11
98, 4, 39
98, 6, 35
98, 7, 53
98, 14, 43
98, 16, 15
98, 20, 3
98, 20, 33
98, 21, 41
98, 22, 30
98, 25, 9
98, 33, 6
98, 47, 14
98, 62, 8
98, 62, 13
98, 62, 39
98, 66, 33
98, 68, 26
98, 75, 24
98, 77, 48
98, 79, 9
98, 80, 29
98, 83, 41
98, 84, 37
98, 86, 43
98, 91, 4
98, 91, 30
98, 95, 33
98, 96, 39
99, 1, 5
99, 8, 23
99, 8, 54
99, 20, 31
99, 22, 20
99, 23, 39
99, 23, 43
99, 25, 23
99, 29, 8
99, 29, 30
99, 36, 18
99, 37, 28
99, 40, 30
99, 41, 50
99, 47, 43
99, 48, 15
99, 61, 38
99, 64, 11
99, 68, 5
99, 69, 50
99, 70, 23
99, 81, 15
99, 86, 30
99, 90, 5
99, 90, 43
99, 91, 23
99, 94, 54
99, 96, 8
99, 97, 12
100, 2, 43
100, 3, 25
100, 3, 41
100, 9, 2
100, 9, 48
100, 11, 19
100, 11, 46
100, 13, 22
100, 17, 45
100, 17, 64
100, 18, 23
100, 21, 1
100, 21, 55
100, 25, 54
100, 30, 18
100, 33, 14
100, 33, 37
100, 35, 23
100, 35, 46
100, 36, 50
100, 38, 40
100, 41, 25
100, 42, 51
100, 46, 48
100, 51, 2
100, 52, 39
100, 56, 48
100, 57, 3
100, 62, 30
100, 63, 34
100, 65, 12
100, 71, 31
100, 73, 3
100, 73, 34
100, 73, 46
100, 74, 1
100, 78, 43
100, 81, 40
100, 82, 25
100, 83, 55
100, 84, 46
100, 92, 17
100, 93, 39
100, 94, 12
100, 97, 44
100, 100, 1
100, 100, 14
100, 100, 54
101, 2, 33
101, 3, 28
101, 5, 6
101, 7, 16
101, 13, 18
101, 17, 47
101, 19, 40
101, 27, 10
101, 33, 22
101, 36, 16
101, 37, 35
101, 39, 5
101, 50, 37
101, 54, 3
101, 54, 34
101, 56, 32
101, 59, 10
101, 63, 25
101, 66, 6
101, 69, 34
101, 69, 46
101, 70, 13
101, 72, 28
101, 72, 33
101, 74, 41
101, 77, 53
101, 83, 33
101, 84, 6
101, 93, 5
101, 97, 10
101, 97, 49
