1, 3, 3
1, 23, 9
1, 37, 16
1, 48, 62
1, 67, 20
1, 71, 45
1, 91, 33
1, 92, 12
1, 98, 63
1, 105, 61
1, 112, 54
1, 115, 17
1, 125, 37
1, 126, 19
1, 137, 4
1, 140, 46
1, 151, 50
1, 157, 7
1, 165, 16
1, 182, 10
1, 192, 62
1, 198, 45
1, 199, 3
1, 199, 28
1, 232, 32
1, 258, 56
1, 259, 65
1, 269, 12
1, 270, 28
1, 272, 10
1, 272, 36
1, 274, 34
1, 275, 54
1, 277, 21
1, 293, 9
1, 295, 35
1, 309, 56
1, 345, 54
1, 356, 20
1, 372, 28
1, 373, 46
1, 384, 63
1, 385, 50
1, 397, 33
1, 408, 56
1, 415, 45
1, 420, 61
1, 424, 51
1, 486, 19
1, 488, 4
1, 489, 35
1, 493, 36
1, 494, 3
1, 498, 17
1, 551, 62
1, 552, 37
1, 553, 33
1, 561, 21
1, 565, 65
1, 568, 10
1, 581, 35
1, 590, 46
1, 594, 12
1, 623, 36
1, 636, 56
1, 640, 65
1, 650, 45
1, 651, 9
1, 699, 63
1, 701, 10
1, 702, 7
1, 704, 16
1, 706, 20
1, 707, 32
1, 707, 50
1, 731, 32
1, 738, 16
1, 741, 51
1, 743, 35
1, 747, 3
1, 752, 36
1, 754, 4
1, 767, 46
1, 772, 19
1, 778, 9
1, 778, 33
1, 780, 28
1, 780, 61
1, 789, 62
2, 22, 41
2, 24, 31
2, 27, 43
2, 30, 26
2, 37, 20
2, 43, 4
2, 58, 38
2, 65, 47
2, 68, 3
2, 96, 22
2, 100, 52
2, 103, 19
2, 108, 34
2, 110, 36
2, 124, 13
2, 126, 16
2, 148, 60
2, 153, 39
2, 155, 14
2, 164, 1
2, 167, 20
2, 168, 6
2, 171, 22
2, 183, 49
2, 211, 26
2, 217, 6
2, 217, 33
2, 218, 13
2, 218, 32
2, 234, 39
2, 235, 4
2, 236, 19
2, 239, 44
2, 239, 58
2, 247, 34
2, 264, 31
2, 270, 32
2, 277, 3
2, 280, 37
2, 292, 50
2, 307, 52
2, 323, 29
2, 325, 41
2, 328, 33
2, 337, 38
2, 340, 36
2, 361, 31
2, 380, 52
2, 382, 43
2, 385, 34
2, 390, 47
2, 396, 16
2, 407, 37
2, 421, 36
2, 432, 41
2, 446, 39
2, 454, 29
2, 465, 22
2, 476, 47
2, 483, 26
2, 487, 32
2, 489, 22
2, 507, 52
2, 516, 14
2, 523, 6
2, 523, 55
2, 525, 49
2, 527, 1
2, 530, 60
2, 538, 3
2, 540, 37
2, 541, 58
2, 542, 13
2, 548, 41
2, 561, 20
2, 576, 50
2, 579, 38
2, 583, 44
2, 591, 3
2, 600, 36
2, 600, 47
2, 601, 39
2, 605, 31
2, 608, 6
2, 613, 58
2, 614, 26
2, 631, 29
2, 631, 41
2, 638, 19
2, 641, 20
2, 653, 4
2, 671, 1
2, 672, 49
2, 676, 43
2, 702, 16
2, 704, 39
2, 718, 50
2, 720, 14
2, 736, 26
2, 740, 41
2, 742, 22
2, 767, 37
2, 775, 1
2, 777, 44
2, 777, 55
2, 777, 58
2, 787, 49
2, 789, 39
2, 795, 34
2, 798, 13
3, 25, 7
3, 31, 59
3, 32, 21
3, 32, 62
3, 53, 11
3, 71, 26
3, 71, 31
3, 72, 29
3, 83, 55
3, 84, 5
3, 85, 46
3, 107, 44
3, 109, 34
3, 128, 61
3, 132, 51
3, 135, 29
3, 164, 18
3, 172, 7
3, 178, 21
3, 178, 37
3, 178, 43
3, 186, 59
3, 196, 33
3, 198, 21
3, 212, 16
3, 212, 18
3, 223, 51
3, 227, 31
3, 236, 51
3, 254, 37
3, 259, 28
3, 260, 62
3, 261, 5
3, 279, 14
3, 300, 34
3, 308, 26
3, 331, 29
3, 370, 61
3, 389, 26
3, 402, 18
3, 413, 46
3, 418, 37
3, 422, 11
3, 422, 31
3, 427, 18
3, 432, 62
3, 434, 33
3, 447, 59
3, 465, 36
3, 465, 43
3, 480, 55
3, 497, 21
3, 514, 51
3, 530, 28
3, 546, 61
3, 555, 16
3, 573, 26
3, 599, 29
3, 608, 14
3, 619, 62
3, 640, 46
3, 641, 7
3, 642, 51
3, 648, 34
3, 651, 61
3, 655, 5
3, 655, 16
3, 657, 37
3, 663, 36
3, 679, 59
3, 687, 41
3, 692, 11
3, 692, 44
3, 715, 55
3, 742, 33
3, 748, 46
3, 757, 28
3, 774, 14
3, 776, 31
3, 791, 41
3, 795, 18
4, 2, 58
4, 9, 36
4, 17, 31
4, 17, 47
4, 19, 9
4, 20, 12
4, 34, 56
4, 44, 36
4, 46, 29
4, 58, 9
4, 61, 49
4, 70, 7
4, 70, 45
4, 78, 40
4, 90, 13
4, 112, 42
4, 116, 22
4, 121, 60
4, 142, 50
4, 155, 25
4, 191, 1
4, 193, 32
4, 197, 29
4, 199, 36
4, 200, 15
4, 200, 45
4, 217, 27
4, 217, 52
4, 220, 22
4, 223, 25
4, 233, 19
4, 236, 2
4, 250, 12
4, 253, 56
4, 254, 58
4, 256, 40
4, 278, 9
4, 280, 31
4, 290, 4
4, 293, 36
4, 298, 58
4, 307, 17
4, 307, 42
4, 315, 7
4, 315, 22
4, 318, 49
4, 328, 25
4, 331, 19
4, 338, 35
4, 345, 31
4, 347, 25
4, 347, 38
4, 382, 49
4, 385, 32
4, 390, 96
4, 391, 60
4, 396, 47
4, 401, 1
4, 431, 19
4, 444, 13
4, 475, 50
4, 481, 50
4, 482, 40
4, 483, 22
4, 485, 29
4, 492, 56
4, 504, 27
4, 511, 45
4, 514, 40
4, 528, 19
4, 535, 25
4, 536, 27
4, 538, 42
4, 540, 52
4, 557, 4
4, 566, 58
4, 574, 2
4, 581, 38
4, 584, 49
4, 588, 17
4, 588, 36
4, 612, 32
4, 621, 12
4, 625, 15
4, 636, 13
4, 636, 27
4, 640, 15
4, 643, 22
4, 675, 29
4, 686, 19
4, 686, 45
4, 697, 35
4, 710, 7
4, 713, 56
4, 721, 40
4, 727, 1
4, 731, 9
4, 740, 15
4, 740, 52
4, 741, 12
4, 748, 60
4, 769, 38
4, 770, 47
4, 771, 50
4, 772, 58
4, 783, 31
4, 791, 36
5, 5, 30
5, 10, 20
5, 16, 2
5, 16, 42
5, 26, 23
5, 28, 16
5, 33, 40
5, 34, 5
5, 36, 47
5, 43, 4
5, 67, 2
5, 74, 52
5, 81, 55
5, 82, 60
5, 94, 11
5, 108, 8
5, 127, 20
5, 129, 3
5, 129, 39
5, 132, 59
5, 138, 24
5, 153, 44
5, 159, 16
5, 174, 57
5, 180, 23
5, 191, 30
5, 192, 42
5, 214, 39
5, 214, 45
5, 224, 41
5, 238, 20
5, 245, 9
5, 246, 60
5, 264, 5
5, 270, 40
5, 280, 44
5, 295, 4
5, 313, 52
5, 317, 1
5, 339, 59
5, 349, 54
5, 367, 24
5, 369, 57
5, 379, 27
5, 386, 49
5, 396, 57
5, 410, 42
5, 414, 31
5, 435, 27
5, 440, 55
5, 449, 47
5, 451, 39
5, 453, 57
5, 457, 23
5, 464, 49
5, 472, 54
5, 480, 16
5, 497, 4
5, 516, 11
5, 516, 59
5, 521, 31
5, 527, 40
5, 529, 20
5, 535, 41
5, 547, 8
5, 548, 5
5, 555, 41
5, 557, 60
5, 562, 24
5, 564, 27
5, 572, 45
5, 590, 42
5, 599, 27
5, 626, 2
5, 626, 52
5, 634, 49
5, 637, 44
5, 638, 16
5, 642, 55
5, 644, 47
5, 652, 41
5, 659, 39
5, 679, 57
5, 686, 4
5, 689, 11
5, 694, 1
5, 695, 24
5, 699, 42
5, 700, 40
5, 701, 52
5, 704, 45
5, 712, 9
5, 718, 20
5, 745, 30
5, 747, 54
5, 753, 2
5, 760, 2
5, 760, 59
5, 762, 8
5, 775, 31
5, 782, 55
5, 783, 42
6, 10, 45
6, 17, 13
6, 19, 4
6, 38, 54
6, 44, 10
6, 50, 6
6, 53, 17
6, 53, 29
6, 59, 61
6, 61, 63
6, 68, 10
6, 77, 34
6, 78, 16
6, 105, 42
6, 117, 50
6, 121, 6
6, 121, 29
6, 137, 12
6, 148, 45
6, 165, 4
6, 192, 37
6, 211, 22
6, 216, 9
6, 224, 7
6, 236, 6
6, 259, 26
6, 262, 4
6, 269, 13
6, 283, 54
6, 289, 63
6, 314, 45
6, 323, 34
6, 327, 29
6, 368, 61
6, 377, 26
6, 378, 12
6, 380, 42
6, 387, 54
6, 387, 61
6, 395, 29
6, 409, 50
6, 415, 16
6, 434, 10
6, 456, 34
6, 464, 26
6, 475, 37
6, 481, 13
6, 488, 61
6, 490, 63
6, 509, 7
6, 536, 26
6, 551, 4
6, 567, 6
6, 568, 22
6, 591, 26
6, 603, 9
6, 614, 63
6, 631, 54
6, 645, 34
6, 647, 26
6, 661, 45
6, 679, 12
6, 682, 37
6, 701, 50
6, 708, 29
6, 711, 10
6, 718, 61
6, 734, 16
6, 734, 26
6, 752, 4
6, 752, 13
6, 767, 45
6, 774, 29
6, 777, 7
6, 783, 9
7, 5, 20
7, 28, 55
7, 43, 60
7, 47, 49
7, 62, 21
7, 64, 36
7, 66, 14
7, 69, 48
7, 69, 53
7, 76, 41
7, 105, 12
7, 108, 37
7, 115, 20
7, 126, 28
7, 134, 40
7, 139, 1
7, 145, 8
7, 164, 39
7, 179, 60
7, 187, 49
7, 187, 53
7, 191, 45
7, 192, 17
7, 204, 60
7, 208, 12
7, 217, 15
7, 235, 48
7, 241, 21
7, 255, 55
7, 275, 16
7, 280, 1
7, 284, 41
7, 294, 36
7, 296, 32
7, 299, 22
7, 299, 55
7, 300, 20
7, 307, 49
7, 310, 37
7, 317, 25
7, 317, 41
7, 340, 40
7, 347, 52
7, 357, 60
7, 361, 53
7, 362, 16
7, 382, 28
7, 387, 40
7, 393, 14
7, 421, 14
7, 428, 53
7, 430, 48
7, 454, 39
7, 465, 41
7, 469, 21
7, 470, 25
7, 474, 45
7, 487, 36
7, 493, 21
7, 507, 46
7, 514, 53
7, 520, 60
7, 526, 53
7, 537, 55
7, 543, 20
7, 543, 22
7, 548, 37
7, 551, 46
7, 554, 15
7, 557, 49
7, 560, 28
7, 571, 40
7, 580, 16
7, 591, 12
7, 615, 32
7, 622, 41
7, 625, 1
7, 625, 17
7, 638, 48
7, 659, 53
7, 661, 8
7, 663, 55
7, 664, 25
7, 672, 36
7, 696, 21
7, 700, 20
7, 701, 14
7, 701, 74
7, 713, 60
7, 732, 45
7, 747, 37
7, 750, 49
7, 759, 48
7, 786, 46
7, 787, 8
7, 790, 41
7, 797, 15
7, 799, 53
8, 5, 45
8, 7, 38
8, 24, 52
8, 29, 47
8, 39, 38
8, 45, 19
8, 55, 8
8, 56, 67
8, 65, 10
8, 66, 41
8, 75, 6
8, 89, 32
8, 108, 4
8, 128, 52
8, 129, 12
8, 147, 42
8, 155, 1
8, 162, 36
8, 164, 50
8, 176, 24
8, 182, 29
8, 198, 8
8, 208, 52
8, 224, 36
8, 235, 6
8, 251, 41
8, 252, 7
8, 256, 45
8, 259, 50
8, 269, 5
8, 286, 8
8, 316, 56
8, 319, 38
8, 324, 45
8, 330, 23
8, 355, 67
8, 367, 36
8, 371, 4
8, 375, 52
8, 392, 47
8, 393, 64
8, 396, 6
8, 428, 19
8, 431, 32
8, 446, 47
8, 450, 17
8, 458, 41
8, 466, 52
8, 485, 29
8, 508, 1
8, 510, 50
8, 523, 5
8, 524, 19
8, 540, 42
8, 543, 29
8, 544, 12
8, 556, 5
8, 564, 5
8, 575, 45
8, 575, 52
8, 576, 47
8, 586, 38
8, 599, 17
8, 602, 56
8, 620, 42
8, 630, 67
8, 631, 24
8, 638, 7
8, 644, 8
8, 646, 47
8, 649, 4
8, 663, 36
8, 692, 1
8, 705, 41
8, 709, 19
8, 717, 32
8, 720, 64
8, 725, 10
8, 726, 47
8, 732, 29
8, 740, 19
8, 744, 6
8, 750, 5
8, 755, 42
8, 758, 23
8, 781, 12
9, 15, 54
9, 20, 12
9, 26, 23
9, 43, 33
9, 46, 60
9, 51, 17
9, 54, 32
9, 77, 25
9, 77, 29
9, 85, 57
9, 90, 50
9, 93, 11
9, 114, 33
9, 129, 53
9, 149, 48
9, 152, 42
9, 157, 30
9, 161, 20
9, 173, 58
9, 180, 14
9, 182, 33
9, 205, 12
9, 218, 57
9, 221, 20
9, 235, 54
9, 236, 36
9, 246, 27
9, 253, 7
9, 260, 53
9, 286, 7
9, 292, 14
9, 297, 17
9, 300, 57
9, 303, 11
9, 313, 57
9, 342, 50
9, 349, 32
9, 355, 60
9, 362, 29
9, 381, 53
9, 384, 48
9, 402, 54
9, 404, 58
9, 458, 42
9, 460, 20
9, 466, 32
9, 476, 57
9, 477, 28
9, 481, 48
9, 500, 7
9, 508, 28
9, 516, 36
9, 520, 29
9, 525, 42
9, 552, 60
9, 557, 23
9, 559, 17
9, 569, 30
9, 571, 12
9, 585, 14
9, 600, 54
9, 607, 38
9, 610, 11
9, 612, 25
9, 616, 58
9, 627, 27
9, 635, 33
9, 643, 57
9, 661, 29
9, 713, 48
9, 721, 54
9, 733, 20
9, 749, 32
9, 749, 36
9, 766, 50
9, 784, 14
10, 2, 29
10, 14, 13
10, 31, 28
10, 33, 26
10, 34, 6
10, 40, 1
10, 64, 21
10, 66, 16
10, 84, 19
10, 84, 44
10, 85, 41
10, 85, 61
10, 97, 18
10, 100, 52
10, 101, 2
10, 109, 55
10, 111, 12
10, 113, 26
10, 123, 32
10, 131, 47
10, 134, 33
10, 137, 59
10, 158, 40
10, 160, 19
10, 178, 31
10, 181, 61
10, 184, 16
10, 187, 7
10, 192, 55
10, 199, 13
10, 220, 6
10, 225, 1
10, 227, 11
10, 229, 26
10, 240, 46
10, 249, 55
10, 254, 42
10, 254, 51
10, 263, 27
10, 267, 40
10, 269, 59
10, 281, 22
10, 284, 29
10, 289, 31
10, 303, 52
10, 306, 41
10, 307, 61
10, 316, 21
10, 327, 29
10, 327, 33
10, 330, 33
10, 331, 26
10, 351, 12
10, 355, 37
10, 358, 52
10, 360, 46
10, 377, 47
10, 390, 59
10, 394, 59
10, 407, 47
10, 409, 28
10, 422, 18
10, 443, 16
10, 464, 51
10, 477, 19
10, 484, 55
10, 491, 13
10, 497, 44
10, 528, 28
10, 531, 11
10, 532, 22
10, 532, 46
10, 541, 42
10, 549, 44
10, 558, 59
10, 560, 2
10, 560, 40
10, 567, 18
10, 576, 12
10, 578, 27
10, 590, 21
10, 592, 47
10, 613, 44
10, 620, 16
10, 638, 52
10, 643, 29
10, 654, 37
10, 655, 44
10, 655, 46
10, 663, 1
10, 670, 51
10, 698, 11
10, 715, 22
10, 718, 41
10, 719, 2
10, 725, 12
10, 727, 47
10, 728, 18
10, 733, 33
10, 738, 6
10, 743, 42
10, 755, 52
10, 758, 28
10, 764, 13
10, 770, 29
10, 780, 11
10, 783, 61
10, 786, 19
10, 790, 27
10, 795, 32
11, 31, 46
11, 37, 31
11, 42, 24
11, 43, 40
11, 48, 4
11, 48, 41
11, 70, 46
11, 72, 39
11, 72, 58
11, 79, 8
11, 82, 2
11, 98, 45
11, 128, 32
11, 139, 25
11, 152, 1
11, 154, 12
11, 156, 56
11, 161, 21
11, 177, 51
11, 178, 16
11, 201, 7
11, 210, 61
11, 215, 9
11, 221, 49
11, 221, 57
11, 222, 40
11, 223, 31
11, 236, 2
11, 242, 21
11, 244, 16
11, 259, 24
11, 260, 32
11, 267, 42
11, 268, 8
11, 268, 45
11, 282, 46
11, 294, 9
11, 312, 51
11, 319, 34
11, 337, 27
11, 361, 56
11, 374, 41
11, 387, 21
11, 392, 49
11, 392, 58
11, 409, 58
11, 412, 31
11, 421, 45
11, 427, 12
11, 438, 45
11, 443, 25
11, 448, 39
11, 457, 60
11, 467, 40
11, 477, 12
11, 483, 16
11, 508, 7
11, 512, 32
11, 520, 1
11, 529, 51
11, 533, 32
11, 545, 4
11, 554, 24
11, 569, 39
11, 571, 49
11, 574, 57
11, 589, 60
11, 590, 4
11, 590, 42
11, 600, 21
11, 636, 49
11, 640, 45
11, 663, 8
11, 685, 51
11, 691, 56
11, 697, 25
11, 697, 42
11, 699, 2
11, 699, 31
11, 706, 58
11, 718, 12
11, 719, 16
11, 725, 24
11, 726, 31
11, 730, 41
11, 755, 45
11, 767, 21
11, 783, 42
11, 785, 4
11, 785, 31
11, 789, 8
11, 796, 25
11, 798, 39
12, 3, 62
12, 17, 7
12, 20, 30
12, 22, 22
12, 36, 12
12, 36, 60
12, 51, 35
12, 60, 20
12, 84, 22
12, 86, 28
12, 87, 50
12, 94, 13
12, 111, 14
12, 114, 35
12, 118, 53
12, 127, 21
12, 130, 7
12, 136, 36
12, 140, 34
12, 142, 3
12, 148, 17
12, 151, 55
12, 186, 37
12, 189, 45
12, 190, 6
12, 202, 60
12, 211, 53
12, 226, 7
12, 231, 36
12, 254, 35
12, 256, 28
12, 259, 21
12, 262, 49
12, 272, 28
12, 284, 62
12, 308, 20
12, 321, 55
12, 349, 17
12, 360, 39
12, 363, 34
12, 363, 60
12, 371, 22
12, 372, 36
12, 398, 53
12, 404, 45
12, 406, 37
12, 413, 28
12, 424, 60
12, 442, 13
12, 443, 50
12, 468, 35
12, 475, 3
12, 482, 53
12, 495, 49
12, 504, 14
12, 514, 17
12, 519, 14
12, 519, 21
12, 519, 34
12, 519, 49
12, 563, 55
12, 564, 6
12, 583, 45
12, 584, 7
12, 587, 37
12, 590, 39
12, 590, 50
12, 611, 3
12, 627, 13
12, 637, 53
12, 646, 30
12, 649, 22
12, 658, 34
12, 664, 62
12, 667, 50
12, 669, 28
12, 673, 14
12, 690, 36
12, 697, 20
12, 715, 45
12, 718, 39
12, 734, 13
12, 747, 35
12, 747, 49
13, 9, 47
13, 29, 6
13, 44, 46
13, 49, 40
13, 51, 42
13, 54, 1
13, 71, 4
13, 74, 58
13, 84, 23
13, 86, 49
13, 87, 55
13, 97, 47
13, 98, 52
13, 117, 20
13, 135, 35
13, 143, 60
13, 153, 4
13, 162, 52
13, 164, 40
13, 181, 46
13, 187, 4
13, 187, 55
13, 207, 21
13, 210, 47
13, 221, 2
13, 223, 6
13, 232, 31
13, 235, 46
13, 253, 17
13, 270, 27
13, 273, 25
13, 278, 11
13, 288, 47
13, 290, 31
13, 291, 1
13, 302, 35
13, 309, 23
13, 323, 52
13, 345, 49
13, 346, 42
13, 355, 60
13, 356, 44
13, 384, 60
13, 394, 31
13, 413, 40
13, 414, 20
13, 415, 52
13, 449, 55
13, 451, 58
13, 456, 23
13, 461, 46
13, 463, 27
13, 471, 17
13, 511, 6
13, 515, 21
13, 515, 44
13, 522, 27
13, 528, 25
13, 537, 40
13, 544, 2
13, 545, 11
13, 547, 47
13, 581, 23
13, 602, 44
13, 607, 42
13, 615, 60
13, 641, 44
13, 642, 4
13, 645, 25
13, 645, 55
13, 650, 60
13, 656, 17
13, 659, 2
13, 659, 23
13, 669, 6
13, 687, 42
13, 692, 31
13, 699, 46
13, 705, 49
13, 708, 58
13, 723, 11
13, 723, 44
13, 730, 23
13, 733, 35
13, 737, 1
13, 738, 20
13, 743, 17
13, 746, 27
13, 761, 52
13, 768, 4
13, 772, 40
13, 798, 20
14, 22, 29
14, 28, 47
14, 31, 63
14, 41, 25
14, 56, 41
14, 56, 54
14, 57, 8
14, 57, 33
14, 84, 20
14, 99, 27
14, 109, 53
14, 110, 29
14, 120, 1
14, 143, 31
14, 146, 43
14, 147, 57
14, 152, 52
14, 157, 8
14, 158, 37
14, 159, 8
14, 161, 14
14, 162, 10
14, 178, 47
14, 184, 25
14, 202, 33
14, 228, 41
14, 231, 41
14, 235, 53
14, 243, 25
14, 254, 3
14, 261, 63
14, 286, 14
14, 324, 57
14, 330, 25
14, 348, 27
14, 355, 10
14, 362, 30
14, 367, 29
14, 372, 54
14, 384, 32
14, 391, 47
14, 394, 41
14, 414, 33
14, 430, 14
14, 466, 8
14, 466, 60
14, 467, 43
14, 478, 63
14, 488, 41
14, 512, 31
14, 528, 10
14, 532, 20
14, 532, 53
14, 535, 54
14, 560, 37
14, 565, 30
14, 571, 14
14, 574, 27
14, 575, 8
14, 588, 57
14, 600, 25
14, 600, 29
14, 602, 1
14, 608, 47
14, 647, 32
14, 663, 54
14, 664, 63
14, 669, 10
14, 678, 60
14, 680, 31
14, 680, 41
14, 683, 14
14, 684, 20
14, 706, 25
14, 755, 57
14, 777, 1
14, 777, 33
14, 779, 31
14, 783, 3
14, 792, 30
15, 7, 39
15, 9, 1
15, 11, 49
15, 22, 61
15, 34, 41
15, 41, 2
15, 46, 16
15, 63, 52
15, 90, 10
15, 91, 44
15, 97, 61
15, 98, 63
15, 101, 23
15, 107, 5
15, 112, 49
15, 119, 43
15, 127, 20
15, 127, 36
15, 128, 26
15, 128, 31
15, 136, 18
15, 149, 9
15, 151, 15
15, 168, 46
15, 173, 44
15, 176, 2
15, 183, 19
15, 184, 41
15, 186, 50
15, 188, 6
15, 189, 39
15, 190, 9
15, 197, 52
15, 200, 17
15, 204, 49
15, 215, 33
15, 218, 26
15, 225, 46
15, 231, 1
15, 233, 36
15, 238, 50
15, 246, 12
15, 272, 39
15, 276, 46
15, 314, 46
15, 314, 56
15, 318, 41
15, 328, 18
15, 342, 52
15, 346, 43
15, 349, 31
15, 361, 15
15, 363, 46
15, 364, 52
15, 393, 19
15, 397, 61
15, 407, 16
15, 418, 36
15, 424, 39
15, 424, 49
15, 427, 63
15, 443, 17
15, 450, 50
15, 478, 39
15, 489, 17
15, 508, 61
15, 512, 46
15, 516, 44
15, 527, 5
15, 527, 26
15, 527, 41
15, 536, 56
15, 538, 18
15, 554, 10
15, 556, 31
15, 556, 52
15, 562, 6
15, 570, 46
15, 573, 43
15, 573, 61
15, 580, 50
15, 589, 12
15, 589, 33
15, 590, 15
15, 591, 23
15, 595, 36
15, 617, 63
15, 621, 39
15, 631, 2
15, 636, 16
15, 637, 44
15, 658, 6
15, 660, 20
15, 663, 26
15, 688, 19
15, 694, 1
15, 697, 49
15, 699, 12
15, 705, 15
15, 714, 33
15, 726, 31
15, 732, 23
15, 736, 17
15, 753, 52
15, 754, 5
15, 762, 6
15, 770, 63
15, 775, 18
15, 776, 46
15, 787, 61
15, 793, 2
16, 13, 3
16, 18, 8
16, 30, 24
16, 41, 21
16, 43, 57
16, 45, 48
16, 49, 34
16, 54, 28
16, 58, 56
16, 64, 11
16, 73, 1
16, 80, 43
16, 81, 40
16, 91, 28
16, 107, 3
16, 120, 53
16, 129, 35
16, 138, 23
16, 148, 55
16, 150, 1
16, 155, 8
16, 159, 21
16, 177, 29
16, 205, 8
16, 207, 45
16, 211, 37
16, 213, 58
16, 217, 14
16, 217, 57
16, 226, 34
16, 245, 6
16, 247, 52
16, 251, 48
16, 259, 43
16, 264, 56
16, 271, 50
16, 280, 14
16, 288, 8
16, 303, 29
16, 315, 28
16, 322, 50
16, 336, 19
16, 342, 55
16, 350, 40
16, 364, 35
16, 378, 37
16, 381, 53
16, 384, 57
16, 408, 48
16, 416, 29
16, 420, 37
16, 422, 56
16, 426, 55
16, 441, 53
16, 459, 11
16, 459, 24
16, 466, 21
16, 470, 58
16, 472, 30
16, 486, 52
16, 491, 34
16, 512, 14
16, 513, 21
16, 516, 11
16, 516, 45
16, 528, 28
16, 532, 43
16, 534, 29
16, 537, 34
16, 547, 35
16, 548, 19
16, 554, 3
16, 583, 8
16, 587, 1
16, 593, 55
16, 603, 53
16, 624, 28
16, 634, 57
16, 638, 14
16, 650, 23
16, 652, 21
16, 655, 50
16, 665, 30
16, 675, 37
16, 680, 58
16, 685, 29
16, 691, 35
16, 693, 40
16, 704, 6
16, 722, 48
16, 723, 3
16, 723, 19
16, 733, 43
16, 735, 30
16, 739, 55
16, 740, 1
16, 741, 24
16, 744, 34
16, 744, 57
16, 752, 56
16, 775, 48
16, 778, 45
16, 792, 53
17, 1, 3
17, 2, 24
17, 2, 33
17, 15, 40
17, 18, 12
17, 18, 31
17, 28, 36
17, 34, 44
17, 58, 39
17, 59, 3
17, 75, 7
17, 75, 63
17, 89, 20
17, 90, 22
17, 91, 46
17, 97, 12
17, 106, 60
17, 107, 40
17, 112, 26
17, 136, 9
17, 136, 41
17, 157, 63
17, 158, 36
17, 162, 31
17, 185, 12
17, 191, 16
17, 191, 56
17, 199, 46
17, 219, 15
17, 239, 39
17, 252, 60
17, 261, 3
17, 271, 40
17, 276, 20
17, 283, 24
17, 285, 40
17, 285, 56
17, 289, 49
17, 299, 7
17, 304, 36
17, 330, 9
17, 335, 22
17, 335, 60
17, 361, 36
17, 365, 39
17, 374, 33
17, 381, 41
17, 391, 44
17, 392, 12
17, 392, 33
17, 400, 60
17, 422, 31
17, 440, 44
17, 455, 56
17, 462, 56
17, 481, 20
17, 484, 16
17, 499, 46
17, 520, 57
17, 527, 22
17, 527, 44
17, 540, 49
17, 566, 36
17, 568, 24
17, 569, 40
17, 595, 7
17, 595, 63
17, 600, 20
17, 600, 39
17, 602, 26
17, 609, 12
17, 614, 3
17, 619, 3
17, 621, 60
17, 651, 49
17, 661, 56
17, 668, 39
17, 671, 33
17, 693, 15
17, 701, 57
17, 708, 7
17, 713, 9
17, 714, 87
17, 719, 41
17, 721, 56
17, 747, 31
17, 751, 46
17, 756, 16
17, 762, 15
17, 765, 44
17, 772, 40
17, 780, 41
17, 781, 3
17, 791, 12
17, 797, 22
18, 4, 28
18, 16, 43
18, 39, 45
18, 39, 63
18, 42, 9
18, 43, 17
18, 67, 14
18, 68, 53
18, 78, 19
18, 102, 16
18, 102, 40
18, 103, 4
18, 112, 36
18, 119, 22
18, 127, 27
18, 133, 10
18, 145, 42
18, 146, 58
18, 153, 31
18, 163, 17
18, 164, 16
18, 181, 10
18, 189, 48
18, 202, 50
18, 202, 58
18, 213, 21
18, 221, 40
18, 233, 63
18, 242, 9
18, 246, 45
18, 251, 51
18, 252, 43
18, 252, 53
18, 276, 58
18, 282, 36
18, 286, 28
18, 289, 61
18, 293, 4
18, 301, 19
18, 305, 28
18, 324, 53
18, 335, 42
18, 341, 31
18, 342, 22
18, 353, 14
18, 390, 63
18, 409, 16
18, 416, 19
18, 425, 50
18, 437, 27
18, 449, 40
18, 463, 45
18, 491, 21
18, 503, 4
18, 504, 10
18, 505, 61
18, 509, 43
18, 564, 9
18, 566, 19
18, 571, 33
18, 581, 28
18, 599, 19
18, 605, 51
18, 608, 53
18, 614, 17
18, 620, 28
18, 646, 31
18, 652, 40
18, 658, 4
18, 661, 22
18, 669, 45
18, 669, 50
18, 673, 16
18, 689, 51
18, 703, 42
18, 705, 63
18, 706, 10
18, 719, 58
18, 722, 48
18, 724, 14
18, 736, 21
18, 750, 4
18, 764, 27
18, 768, 28
18, 775, 61
18, 781, 9
18, 792, 43
19, 17, 15
19, 20, 6
19, 29, 31
19, 40, 33
19, 46, 52
19, 53, 6
19, 55, 58
19, 75, 7
19, 75, 27
19, 83, 11
19, 85, 49
19, 87, 29
19, 96, 23
19, 112, 40
19, 116, 30
19, 116, 57
19, 127, 2
19, 134, 1
19, 154, 52
19, 162, 55
19, 172, 19
19, 172, 58
19, 186, 27
19, 187, 52
19, 200, 6
19, 211, 33
19, 213, 23
19, 216, 2
19, 226, 14
19, 239, 31
19, 248, 15
19, 249, 8
19, 250, 47
19, 253, 55
19, 255, 52
19, 259, 14
19, 265, 7
19, 266, 56
19, 284, 29
19, 285, 1
19, 306, 40
19, 308, 25
19, 315, 58
19, 322, 33
19, 346, 44
19, 348, 30
19, 354, 47
19, 364, 25
19, 370, 55
19, 372, 47
19, 396, 49
19, 430, 25
19, 434, 52
19, 434, 57
19, 448, 31
19, 482, 8
19, 482, 27
19, 486, 29
19, 489, 33
19, 491, 56
19, 496, 49
19, 507, 19
19, 527, 2
19, 530, 6
19, 560, 15
19, 569, 11
19, 575, 23
19, 575, 40
19, 584, 7
19, 607, 30
19, 616, 25
19, 628, 8
19, 633, 14
19, 651, 15
19, 665, 31
19, 673, 47
19, 675, 19
19, 675, 27
19, 689, 29
19, 695, 1
19, 706, 6
19, 712, 44
19, 735, 30
19, 737, 58
19, 781, 2
19, 798, 49
