1, 5, 58
1, 6, 20
1, 25, 4
1, 26, 15
1, 28, 40
1, 30, 25
1, 47, 2
1, 49, 46
1, 57, 51
1, 70, 30
1, 83, 25
1, 91, 4
1, 95, 8
1, 96, 35
1, 100, 18
1, 100, 47
1, 115, 31
1, 116, 40
1, 122, 2
1, 123, 12
1, 129, 35
1, 129, 45
1, 133, 46
1, 148, 8
1, 152, 15
1, 154, 25
1, 160, 18
1, 160, 51
1, 180, 40
1, 184, 58
1, 196, 20
1, 198, 30
1, 206, 51
1, 225, 15
1, 231, 15
1, 237, 2
1, 240, 31
1, 249, 47
1, 257, 25
1, 261, 66
1, 269, 12
1, 285, 45
1, 291, 46
1, 292, 35
1, 298, 15
1, 299, 4
1, 307, 58
1, 332, 35
1, 332, 51
1, 343, 30
1, 348, 8
1, 349, 35
1, 350, 2
1, 352, 25
1, 361, 31
1, 367, 18
1, 369, 47
1, 377, 35
1, 384, 30
1, 392, 66
1, 393, 15
1, 399, 45
1, 399, 46
2, 1, 59
2, 3, 7
2, 3, 20
2, 10, 33
2, 37, 49
2, 39, 26
2, 42, 21
2, 44, 3
2, 47, 42
2, 56, 52
2, 57, 39
2, 61, 37
2, 62, 13
2, 66, 32
2, 66, 54
2, 67, 10
2, 87, 43
2, 90, 46
2, 95, 29
2, 113, 22
2, 113, 39
2, 118, 21
2, 124, 37
2, 126, 13
2, 128, 20
2, 131, 16
2, 134, 32
2, 142, 41
2, 157, 21
2, 158, 45
2, 160, 42
2, 166, 26
2, 166, 33
2, 167, 7
2, 169, 5
2, 189, 33
2, 191, 43
2, 199, 19
2, 200, 42
2, 201, 46
2, 205, 37
2, 217, 26
2, 218, 39
2, 229, 33
2, 232, 54
2, 241, 37
2, 251, 20
2, 262, 52
2, 265, 37
2, 267, 13
2, 268, 26
2, 269, 32
2, 280, 52
2, 287, 26
2, 289, 20
2, 295, 33
2, 301, 3
2, 305, 29
2, 319, 46
2, 326, 21
2, 329, 10
2, 329, 43
2, 331, 13
2, 336, 7
2, 343, 16
2, 348, 5
2, 348, 26
2, 348, 42
2, 354, 59
2, 365, 37
2, 371, 39
2, 388, 19
2, 395, 16
2, 397, 52
3, 5, 49
3, 9, 36
3, 15, 33
3, 18, 24
3, 30, 60
3, 39, 28
3, 41, 5
3, 60, 21
3, 67, 58
3, 68, 42
3, 79, 10
3, 80, 23
3, 82, 9
3, 82, 41
3, 97, 20
3, 98, 5
3, 111, 14
3, 121, 5
3, 123, 50
3, 127, 24
3, 131, 21
3, 131, 51
3, 140, 36
3, 140, 42
3, 159, 58
3, 168, 35
3, 171, 23
3, 175, 33
3, 182, 60
3, 186, 41
3, 187, 35
3, 191, 20
3, 191, 66
3, 198, 10
3, 202, 56
3, 206, 49
3, 211, 28
3, 219, 34
3, 221, 14
3, 225, 33
3, 246, 60
3, 254, 41
3, 258, 24
3, 265, 5
3, 267, 41
3, 268, 21
3, 269, 36
3, 276, 33
3, 287, 9
3, 299, 35
3, 304, 23
3, 308, 23
3, 311, 33
3, 314, 60
3, 323, 10
3, 324, 41
3, 333, 20
3, 334, 58
3, 346, 23
3, 359, 56
3, 361, 50
3, 364, 35
3, 366, 5
3, 376, 10
3, 380, 34
3, 383, 14
3, 393, 20
4, 2, 54
4, 5, 38
4, 6, 11
4, 9, 47
4, 10, 1
4, 15, 44
4, 20, 36
4, 28, 39
4, 39, 1
4, 42, 46
4, 44, 36
4, 50, 17
4, 55, 31
4, 63, 29
4, 78, 47
4, 87, 36
4, 93, 52
4, 94, 11
4, 98, 39
4, 101, 55
4, 107, 30
4, 128, 19
4, 136, 29
4, 140, 36
4, 143, 11
4, 144, 54
4, 147, 46
4, 148, 31
4, 150, 33
4, 163, 52
4, 173, 44
4, 174, 14
4, 177, 39
4, 180, 11
4, 180, 34
4, 182, 44
4, 191, 13
4, 199, 47
4, 227, 46
4, 249, 11
4, 251, 17
4, 259, 55
4, 262, 38
4, 266, 1
4, 281, 54
4, 286, 30
4, 290, 39
4, 291, 44
4, 292, 28
4, 299, 52
4, 314, 30
4, 319, 36
4, 344, 31
4, 346, 47
4, 356, 17
4, 368, 30
4, 377, 19
4, 378, 11
4, 388, 1
4, 388, 33
4, 394, 29
4, 397, 46
5, 4, 28
5, 9, 16
5, 17, 14
5, 18, 25
5, 18, 56
5, 26, 40
5, 27, 47
5, 44, 4
5, 66, 14
5, 66, 19
5, 75, 60
5, 88, 31
5, 88, 37
5, 94, 16
5, 99, 15
5, 100, 23
5, 102, 5
5, 102, 40
5, 107, 47
5, 115, 58
5, 123, 25
5, 140, 1
5, 142, 8
5, 145, 14
5, 148, 56
5, 149, 4
5, 153, 3
5, 165, 38
5, 169, 37
5, 182, 40
5, 191, 45
5, 204, 28
5, 205, 31
5, 230, 53
5, 238, 19
5, 246, 5
5, 254, 28
5, 257, 19
5, 258, 47
5, 277, 56
5, 279, 4
5, 290, 15
5, 299, 37
5, 314, 8
5, 315, 56
5, 320, 58
5, 322, 5
5, 323, 23
5, 324, 14
5, 324, 78
5, 326, 53
5, 329, 19
5, 330, 25
5, 334, 36
5, 337, 38
5, 338, 4
5, 344, 28
5, 358, 24
5, 363, 1
5, 365, 60
5, 371, 40
5, 376, 8
5, 393, 3
5, 393, 47
6, 2, 52
6, 20, 28
6, 21, 42
6, 21, 50
6, 30, 2
6, 39, 46
6, 53, 38
6, 58, 26
6, 62, 18
6, 76, 49
6, 85, 28
6, 87, 42
6, 92, 10
6, 101, 52
6, 102, 15
6, 106, 25
6, 108, 39
6, 115, 57
6, 120, 8
6, 120, 30
6, 122, 45
6, 132, 38
6, 156, 50
6, 165, 59
6, 173, 7
6, 174, 52
6, 192, 15
6, 193, 50
6, 194, 42
6, 196, 62
6, 197, 49
6, 206, 18
6, 216, 28
6, 231, 50
6, 233, 38
6, 236, 8
6, 237, 46
6, 243, 2
6, 249, 59
6, 251, 9
6, 253, 37
6, 269, 26
6, 283, 30
6, 289, 7
6, 290, 15
6, 290, 57
6, 304, 9
6, 305, 86
6, 314, 25
6, 316, 7
6, 321, 18
6, 325, 29
6, 332, 39
6, 345, 50
6, 348, 30
6, 353, 18
6, 360, 62
6, 362, 52
6, 366, 2
6, 378, 28
6, 379, 8
6, 380, 29
6, 382, 15
6, 388, 45
6, 388, 59
6, 395, 38
6, 399, 37
7, 2, 41
7, 3, 7
7, 7, 60
7, 22, 23
7, 24, 7
7, 25, 16
7, 30, 45
7, 36, 8
7, 42, 22
7, 46, 26
7, 49, 18
7, 49, 54
7, 59, 20
7, 65, 46
7, 69, 13
7, 69, 15
7, 73, 10
7, 73, 11
7, 74, 16
7, 75, 56
7, 80, 40
7, 82, 39
7, 83, 4
7, 84, 34
7, 91, 43
7, 100, 22
7, 107, 16
7, 123, 41
7, 124, 49
7, 127, 18
7, 128, 47
7, 129, 8
7, 138, 35
7, 139, 15
7, 145, 20
7, 146, 22
7, 149, 39
7, 163, 11
7, 166, 20
7, 167, 44
7, 170, 10
7, 170, 46
7, 174, 25
7, 175, 26
7, 184, 45
7, 186, 60
7, 187, 22
7, 191, 14
7, 194, 7
7, 195, 54
7, 201, 37
7, 206, 4
7, 215, 14
7, 219, 25
7, 224, 28
7, 224, 43
7, 228, 22
7, 234, 25
7, 239, 8
7, 251, 39
7, 253, 35
7, 255, 13
7, 256, 44
7, 258, 4
7, 263, 56
7, 270, 11
7, 270, 34
7, 277, 15
7, 277, 47
7, 286, 41
7, 293, 34
7, 307, 4
7, 308, 49
7, 319, 37
7, 325, 60
7, 332, 54
7, 340, 10
7, 350, 16
7, 356, 14
7, 362, 26
7, 365, 45
7, 367, 7
7, 369, 41
7, 371, 44
7, 372, 22
7, 372, 45
7, 373, 39
7, 379, 43
7, 381, 25
7, 383, 20
7, 386, 34
7, 390, 35
8, 10, 1
8, 10, 30
8, 17, 52
8, 23, 20
8, 26, 35
8, 38, 14
8, 53, 53
8, 56, 51
8, 59, 6
8, 62, 18
8, 66, 41
8, 68, 24
8, 79, 1
8, 83, 26
8, 89, 1
8, 89, 14
8, 90, 12
8, 93, 2
8, 97, 48
8, 103, 47
8, 105, 13
8, 106, 6
8, 117, 2
8, 123, 47
8, 124, 6
8, 128, 43
8, 130, 11
8, 138, 45
8, 141, 1
8, 142, 37
8, 145, 30
8, 158, 52
8, 171, 37
8, 172, 53
8, 174, 14
8, 176, 37
8, 177, 47
8, 178, 1
8, 211, 41
8, 218, 35
8, 218, 53
8, 220, 6
8, 237, 35
8, 237, 41
8, 256, 24
8, 263, 30
8, 265, 24
8, 268, 43
8, 273, 52
8, 276, 6
8, 276, 52
8, 281, 12
8, 289, 31
8, 290, 51
8, 292, 2
8, 292, 14
8, 299, 3
8, 299, 12
8, 302, 18
8, 308, 26
8, 308, 35
8, 322, 51
8, 326, 41
8, 327, 14
8, 331, 52
8, 332, 48
8, 333, 47
8, 342, 43
8, 349, 1
8, 350, 45
8, 353, 11
8, 367, 13
8, 374, 35
8, 379, 53
8, 387, 41
8, 390, 24
8, 394, 18
8, 394, 26
8, 395, 2
9, 1, 20
9, 1, 32
9, 19, 15
9, 32, 31
9, 35, 21
9, 49, 25
9, 49, 33
9, 63, 60
9, 78, 13
9, 80, 1
9, 80, 31
9, 90, 26
9, 95, 22
9, 96, 15
9, 100, 55
9, 108, 39
9, 108, 49
9, 114, 35
9, 126, 24
9, 134, 20
9, 134, 29
9, 152, 4
9, 157, 38
9, 177, 25
9, 178, 21
9, 183, 39
9, 191, 60
9, 194, 31
9, 197, 26
9, 202, 31
9, 214, 16
9, 220, 22
9, 220, 55
9, 223, 32
9, 233, 39
9, 234, 15
9, 239, 33
9, 242, 49
9, 259, 4
9, 259, 49
9, 270, 55
9, 273, 29
9, 273, 35
9, 275, 29
9, 278, 62
9, 280, 26
9, 285, 55
9, 287, 36
9, 288, 24
9, 289, 49
9, 294, 20
9, 295, 15
9, 307, 38
9, 310, 62
9, 326, 4
9, 327, 21
9, 329, 31
9, 329, 33
9, 336, 55
9, 338, 35
9, 345, 35
9, 367, 15
9, 377, 29
9, 382, 26
9, 383, 49
9, 387, 36
9, 393, 35
10, 3, 11
10, 28, 3
10, 38, 53
10, 40, 27
10, 54, 40
10, 57, 14
10, 60, 7
10, 67, 24
10, 68, 45
10, 72, 50
10, 89, 31
10, 93, 40
10, 93, 60
10, 103, 46
10, 104, 51
10, 108, 14
10, 111, 57
10, 113, 22
10, 116, 7
10, 132, 1
10, 140, 14
10, 144, 54
10, 145, 15
10, 155, 11
10, 162, 50
10, 163, 46
10, 165, 26
10, 166, 24
10, 183, 27
10, 196, 24
10, 201, 11
10, 208, 23
10, 209, 40
10, 217, 51
10, 220, 60
10, 222, 46
10, 226, 53
10, 238, 26
10, 245, 45
10, 248, 14
10, 248, 50
10, 250, 22
10, 256, 31
10, 270, 36
10, 273, 57
10, 276, 60
10, 277, 3
10, 283, 7
10, 286, 15
10, 298, 11
10, 300, 26
10, 318, 1
10, 324, 54
10, 335, 24
10, 335, 27
10, 336, 36
10, 344, 40
10, 344, 46
10, 349, 45
10, 355, 53
10, 359, 1
10, 360, 37
10, 376, 60
10, 382, 23
10, 383, 15
10, 384, 31
10, 392, 22
10, 397, 26
10, 398, 45
11, 5, 57
11, 7, 4
11, 8, 12
11, 11, 16
11, 12, 46
11, 16, 20
11, 19, 59
11, 26, 42
11, 28, 33
11, 31, 29
11, 37, 45
11, 44, 21
11, 44, 23
11, 49, 63
11, 63, 58
11, 70, 12
11, 74, 20
11, 88, 9
11, 92, 16
11, 97, 39
11, 99, 34
11, 107, 40
11, 108, 8
11, 113, 19
11, 115, 46
11, 122, 21
11, 131, 29
11, 135, 4
11, 140, 47
11, 148, 57
11, 149, 42
11, 157, 23
11, 163, 16
11, 163, 18
11, 185, 58
11, 186, 25
11, 186, 33
11, 191, 21
11, 207, 47
11, 211, 45
11, 216, 17
11, 237, 59
11, 242, 12
11, 249, 19
11, 252, 40
11, 254, 63
11, 255, 58
11, 257, 47
11, 263, 9
11, 263, 34
11, 268, 42
11, 273, 21
11, 287, 25
11, 293, 39
11, 298, 4
11, 298, 16
11, 298, 57
11, 299, 23
11, 301, 12
11, 315, 29
11, 320, 8
11, 324, 21
11, 332, 18
11, 341, 19
11, 351, 17
11, 361, 33
11, 365, 9
11, 372, 47
11, 373, 58
11, 383, 25
11, 383, 42
11, 387, 39
11, 392, 8
12, 16, 52
12, 17, 8
12, 20, 27
12, 21, 9
12, 21, 58
12, 25, 10
12, 26, 41
12, 39, 56
12, 72, 46
12, 74, 9
12, 74, 13
12, 74, 15
12, 78, 8
12, 83, 49
12, 87, 6
12, 88, 39
12, 89, 32
12, 98, 60
12, 99, 53
12, 103, 57
12, 104, 52
12, 124, 32
12, 124, 43
12, 130, 5
12, 135, 9
12, 135, 27
12, 147, 45
12, 150, 56
12, 160, 15
12, 163, 52
12, 170, 43
12, 171, 6
12, 178, 1
12, 183, 5
12, 192, 52
12, 196, 46
12, 203, 60
12, 205, 58
12, 212, 43
12, 213, 32
12, 215, 56
12, 229, 6
12, 229, 45
12, 245, 10
12, 248, 52
12, 255, 8
12, 271, 41
12, 275, 13
12, 276, 5
12, 278, 57
12, 283, 39
12, 292, 49
12, 295, 60
12, 304, 17
12, 324, 6
12, 327, 13
12, 329, 39
12, 329, 53
12, 330, 9
12, 340, 45
12, 341, 41
12, 347, 1
12, 347, 56
12, 359, 13
12, 360, 32
12, 370, 57
12, 371, 60
12, 386, 1
12, 386, 15
12, 386, 32
12, 386, 56
12, 398, 49
13, 5, 27
13, 11, 54
13, 13, 17
13, 13, 46
13, 21, 45
13, 28, 50
13, 29, 16
13, 30, 30
13, 32, 26
13, 38, 46
13, 49, 8
13, 54, 4
13, 54, 44
13, 57, 51
13, 68, 54
13, 71, 38
13, 72, 50
13, 76, 42
13, 83, 2
13, 85, 17
13, 87, 26
13, 89, 37
13, 91, 46
13, 106, 30
13, 109, 45
13, 113, 23
13, 123, 42
13, 124, 45
13, 128, 38
13, 130, 2
13, 137, 4
13, 149, 27
13, 151, 16
13, 162, 4
13, 164, 37
13, 173, 7
13, 176, 21
13, 178, 51
13, 188, 23
13, 193, 44
13, 195, 42
13, 205, 30
13, 206, 8
13, 220, 26
13, 239, 17
13, 243, 17
13, 247, 45
13, 250, 2
13, 257, 54
13, 258, 46
13, 262, 37
13, 269, 50
13, 286, 21
13, 294, 4
13, 297, 38
13, 300, 37
13, 302, 16
13, 303, 23
13, 311, 30
13, 312, 42
13, 317, 26
13, 341, 45
13, 344, 51
13, 355, 27
13, 359, 44
13, 361, 46
13, 363, 8
13, 371, 7
13, 373, 37
13, 377, 16
13, 377, 17
13, 379, 54
13, 384, 8
14, 3, 21
14, 9, 13
14, 17, 48
14, 18, 61
14, 19, 14
14, 20, 41
14, 21, 22
14, 29, 5
14, 30, 25
14, 34, 34
14, 35, 60
14, 36, 17
14, 36, 32
14, 37, 3
14, 38, 38
14, 42, 9
14, 44, 56
14, 55, 45
14, 71, 29
14, 76, 58
14, 80, 9
14, 82, 34
14, 83, 13
14, 90, 49
14, 96, 5
14, 98, 20
14, 103, 36
14, 103, 38
14, 111, 45
14, 122, 3
14, 126, 13
14, 137, 48
14, 141, 60
14, 142, 34
14, 147, 61
14, 149, 20
14, 150, 45
14, 151, 15
14, 156, 57
14, 160, 14
14, 163, 41
14, 170, 21
14, 170, 27
14, 177, 14
14, 180, 17
14, 181, 21
14, 182, 25
14, 205, 3
14, 208, 18
14, 218, 60
14, 228, 36
14, 232, 14
14, 232, 49
14, 232, 58
14, 239, 15
14, 240, 5
14, 244, 29
14, 246, 38
14, 251, 29
14, 251, 36
14, 256, 32
14, 266, 58
14, 281, 48
14, 283, 34
14, 284, 20
14, 286, 33
14, 287, 27
14, 301, 56
14, 312, 3
14, 313, 57
14, 314, 3
14, 318, 40
14, 327, 4
14, 327, 15
14, 333, 25
14, 342, 22
14, 349, 49
14, 349, 61
14, 355, 14
14, 355, 38
14, 357, 36
14, 366, 21
14, 368, 21
14, 370, 48
14, 374, 9
14, 374, 29
14, 395, 20
14, 396, 58
14, 397, 60
15, 5, 43
15, 31, 21
15, 35, 4
15, 38, 11
15, 41, 6
15, 47, 40
15, 51, 35
15, 68, 59
15, 72, 17
15, 79, 4
15, 96, 26
15, 99, 18
15, 112, 1
15, 113, 27
15, 136, 17
15, 140, 42
15, 144, 7
15, 145, 11
15, 151, 24
15, 153, 42
15, 165, 33
15, 184, 35
15, 189, 40
15, 199, 6
15, 216, 4
15, 221, 24
15, 227, 17
15, 239, 26
15, 240, 10
15, 240, 38
15, 244, 33
15, 250, 40
15, 274, 21
15, 277, 21
15, 298, 24
15, 307, 6
15, 311, 35
15, 323, 18
15, 323, 21
15, 336, 7
15, 338, 1
15, 339, 38
15, 341, 74
15, 342, 17
15, 353, 43
15, 356, 7
15, 360, 40
15, 363, 59
15, 372, 6
15, 376, 24
15, 382, 4
15, 383, 1
15, 386, 33
15, 387, 6
16, 22, 31
16, 24, 24
16, 30, 22
16, 47, 29
16, 48, 46
16, 51, 10
16, 61, 26
16, 70, 40
16, 79, 33
16, 87, 57
16, 88, 14
16, 89, 36
16, 106, 2
16, 115, 3
16, 140, 1
16, 145, 11
16, 155, 40
16, 158, 33
16, 163, 22
16, 166, 24
16, 183, 31
16, 186, 29
16, 188, 14
16, 191, 49
16, 215, 11
16, 215, 57
16, 216, 48
16, 224, 10
16, 224, 40
16, 231, 2
16, 233, 57
16, 238, 46
16, 256, 46
16, 260, 14
16, 269, 57
16, 278, 1
16, 278, 10
16, 278, 26
16, 296, 40
16, 302, 11
16, 304, 49
16, 306, 3
16, 306, 29
16, 306, 31
16, 323, 33
16, 339, 36
16, 358, 57
16, 361, 2
16, 377, 11
16, 379, 49
16, 382, 40
16, 390, 36
16, 396, 3
17, 11, 30
17, 19, 44
17, 21, 62
17, 22, 36
17, 37, 1
17, 39, 6
17, 41, 42
17, 42, 18
17, 51, 16
17, 61, 1
17, 66, 44
17, 73, 24
17, 83, 9
17, 86, 60
17, 87, 22
17, 89, 54
17, 90, 6
17, 92, 62
17, 95, 42
17, 98, 47
17, 116, 4
17, 118, 16
17, 122, 49
17, 123, 5
17, 126, 12
17, 134, 50
17, 139, 22
17, 140, 1
17, 158, 42
17, 163, 30
17, 163, 44
17, 186, 49
17, 196, 18
17, 199, 62
17, 201, 42
17, 208, 24
17, 211, 57
17, 215, 54
17, 228, 14
17, 231, 46
17, 244, 16
17, 244, 24
17, 247, 47
17, 264, 36
17, 265, 22
17, 266, 9
17, 268, 36
17, 277, 42
17, 283, 6
17, 290, 62
17, 292, 12
17, 294, 30
17, 295, 47
17, 296, 60
17, 298, 14
17, 304, 22
17, 308, 49
17, 309, 4
17, 314, 48
17, 316, 6
17, 325, 44
17, 327, 54
17, 335, 44
17, 345, 9
17, 347, 18
17, 354, 24
17, 357, 1
17, 359, 5
17, 359, 48
17, 370, 47
17, 372, 44
17, 373, 50
17, 373, 62
17, 376, 36
17, 377, 46
17, 384, 9
17, 386, 16
17, 392, 14
17, 397, 47
18, 4, 49
18, 9, 39
18, 11, 28
18, 13, 20
18, 26, 48
18, 27, 34
18, 28, 54
18, 37, 12
18, 51, 11
18, 57, 30
18, 71, 15
18, 73, 27
18, 73, 58
18, 79, 17
18, 80, 44
18, 80, 47
18, 86, 37
18, 97, 9
18, 109, 39
18, 113, 14
18, 113, 54
18, 118, 36
18, 120, 15
18, 128, 43
18, 137, 56
18, 139, 31
18, 144, 14
18, 153, 49
18, 161, 33
18, 162, 28
18, 166, 53
18, 167, 14
18, 170, 20
18, 181, 39
18, 186, 38
18, 188, 55
18, 194, 27
18, 194, 48
18, 206, 11
18, 211, 47
18, 213, 38
18, 216, 28
18, 226, 17
18, 234, 28
18, 246, 58
18, 256, 11
18, 256, 30
18, 260, 14
18, 261, 12
18, 264, 54
18, 266, 56
18, 270, 44
18, 277, 47
18, 278, 48
18, 280, 15
18, 289, 36
18, 296, 43
18, 307, 9
18, 319, 30
18, 325, 39
18, 326, 11
18, 328, 27
18, 329, 20
18, 330, 55
18, 333, 28
18, 336, 28
18, 341, 36
18, 341, 49
18, 342, 14
18, 343, 48
18, 349, 8
18, 349, 53
18, 359, 11
18, 359, 56
18, 380, 38
18, 381, 53
18, 384, 30
18, 392, 31
18, 394, 20
19, 5, 25
19, 5, 32
19, 11, 4
19, 21, 7
19, 22, 24
19, 38, 27
19, 43, 43
19, 44, 10
19, 44, 41
19, 46, 29
19, 47, 60
19, 52, 3
19, 59, 50
19, 67, 24
19, 68, 56
19, 71, 22
19, 74, 33
19, 75, 31
19, 77, 25
19, 87, 32
19, 89, 18
19, 91, 59
19, 94, 61
19, 108, 35
19, 115, 10
19, 117, 53
19, 120, 25
19, 128, 24
19, 137, 50
19, 147, 27
19, 153, 41
19, 153, 48
19, 173, 58
19, 178, 22
19, 179, 60
19, 182, 15
19, 183, 56
19, 189, 20
19, 192, 25
19, 192, 29
19, 193, 56
19, 203, 15
19, 204, 3
19, 218, 18
19, 219, 35
19, 227, 62
19, 239, 20
19, 241, 10
19, 247, 24
19, 251, 22
19, 266, 27
19, 267, 35
19, 278, 61
19, 281, 16
19, 293, 7
19, 300, 31
19, 305, 50
19, 310, 24
19, 313, 20
19, 314, 43
19, 316, 41
19, 316, 50
19, 317, 18
19, 321, 33
19, 323, 48
19, 329, 32
19, 331, 16
19, 337, 56
19, 341, 15
19, 346, 29
19, 347, 53
19, 350, 60
19, 354, 25
19, 367, 50
19, 370, 59
19, 372, 62
19, 374, 31
19, 375, 41
19, 380, 22
19, 390, 15
19, 392, 59
19, 393, 10
19, 394, 27
