1, 1, 38
1, 3, 46
1, 7, 10
1, 11, 23
1, 12, 12
1, 12, 46
1, 16, 9
1, 19, 30
1, 22, 18
1, 22, 36
1, 23, 52
1, 25, 49
1, 26, 20
1, 26, 50
1, 31, 48
1, 35, 16
1, 35, 35
1, 38, 7
1, 38, 26
1, 40, 9
1, 40, 14
1, 41, 6
1, 42, 44
1, 44, 31
1, 47, 36
1, 48, 17
1, 49, 42
1, 50, 11
1, 51, 19
1, 52, 27
1, 52, 51
1, 53, 33
1, 53, 36
1, 54, 26
1, 56, 1
1, 57, 54
1, 59, 10
1, 62, 22
1, 63, 45
1, 65, 11
1, 66, 9
1, 67, 31
1, 67, 34
1, 69, 27
1, 70, 1
1, 70, 38
1, 72, 40
1, 73, 23
1, 76, 30
1, 77, 2
1, 77, 25
1, 78, 34
1, 82, 26
1, 82, 46
1, 83, 42
1, 88, 13
1, 94, 16
1, 94, 32
1, 95, 17
1, 95, 28
1, 96, 11
1, 96, 44
1, 97, 41
1, 102, 4
1, 105, 7
1, 105, 25
1, 107, 47
1, 108, 4
1, 109, 16
1, 112, 24
1, 114, 13
1, 114, 52
1, 117, 16
1, 119, 37
1, 132, 7
1, 132, 15
1, 132, 35
1, 132, 51
1, 133, 6
1, 137, 22
1, 140, 42
1, 142, 3
1, 142, 45
1, 144, 18
1, 146, 12
1, 146, 17
1, 147, 23
1, 147, 31
1, 149, 33
1, 151, 4
1, 153, 9
1, 153, 30
1, 156, 48
1, 157, 36
1, 158, 41
1, 159, 50
1, 161, 34
1, 164, 21
1, 165, 1
1, 165, 46
1, 166, 34
1, 169, 9
1, 173, 3
1, 173, 41
1, 176, 2
1, 176, 33
1, 179, 46
1, 180, 44
1, 181, 38
1, 181, 45
1, 183, 24
1, 187, 4
1, 189, 39
1, 191, 6
1, 196, 28
1, 197, 10
1, 199, 22
1, 199, 48
1, 199, 54
1, 202, 6
1, 204, 20
1, 204, 45
1, 204, 53
1, 206, 16
1, 208, 6
1, 209, 40
1, 209, 51
1, 211, 47
1, 212, 25
1, 216, 1
1, 218, 5
1, 218, 13
1, 218, 29
1, 219, 14
1, 219, 35
1, 221, 53
1, 224, 49
1, 225, 13
1, 226, 17
1, 227, 53
1, 230, 34
1, 234, 2
1, 235, 18
1, 236, 11
1, 247, 15
1, 248, 37
1, 248, 50
1, 250, 23
1, 250, 26
1, 255, 31
1, 256, 30
1, 258, 15
1, 258, 16
1, 261, 9
1, 263, 21
1, 263, 54
1, 270, 31
1, 272, 50
1, 273, 50
1, 274, 27
1, 277, 22
1, 277, 46
1, 279, 41
1, 281, 6
1, 282, 41
1, 284, 2
1, 287, 52
1, 288, 17
1, 288, 44
1, 288, 46
1, 292, 24
1, 292, 32
1, 302, 1
1, 303, 10
1, 307, 40
1, 308, 33
1, 310, 4
1, 312, 10
1, 313, 39
1, 314, 9
1, 315, 18
1, 317, 34
1, 318, 40
1, 319, 5
1, 319, 24
1, 326, 19
1, 330, 42
1, 331, 11
1, 332, 29
1, 335, 6
1, 336, 16
1, 337, 13
1, 339, 7
1, 339, 19
1, 339, 25
1, 339, 53
1, 347, 39
1, 348, 33
1, 354, 26
1, 355, 40
1, 356, 21
1, 356, 35
1, 358, 15
1, 358, 53
1, 359, 29
1, 361, 16
1, 361, 36
1, 363, 2
1, 364, 52
1, 365, 3
1, 365, 20
1, 366, 54
1, 368, 17
1, 372, 45
1, 376, 49
1, 379, 33
1, 379, 44
1, 380, 1
1, 380, 31
1, 381, 26
1, 383, 30
1, 386, 29
1, 386, 38
1, 388, 40
1, 389, 51
1, 391, 13
1, 392, 9
1, 393, 5
1, 395, 23
1, 397, 47
1, 399, 46
2, 2, 38
2, 3, 17
2, 4, 43
2, 6, 15
2, 7, 35
2, 7, 49
2, 13, 5
2, 18, 14
2, 18, 46
2, 19, 39
2, 22, 20
2, 25, 3
2, 29, 18
2, 32, 15
2, 32, 30
2, 33, 33
2, 36, 12
2, 39, 19
2, 39, 46
2, 41, 30
2, 42, 37
2, 44, 29
2, 46, 16
2, 49, 45
2, 55, 38
2, 60, 10
2, 63, 9
2, 64, 27
2, 64, 42
2, 66, 13
2, 73, 25
2, 74, 4
2, 74, 10
2, 74, 24
2, 77, 46
2, 80, 3
2, 80, 10
2, 81, 16
2, 84, 34
2, 88, 19
2, 89, 8
2, 89, 24
2, 90, 55
2, 91, 21
2, 91, 49
2, 92, 6
2, 96, 32
2, 96, 35
2, 97, 14
2, 98, 17
2, 99, 20
2, 101, 49
2, 103, 15
2, 103, 33
2, 104, 12
2, 105, 1
2, 105, 31
2, 107, 4
2, 108, 49
2, 110, 2
2, 112, 11
2, 112, 44
2, 114, 5
2, 115, 19
2, 115, 29
2, 115, 38
2, 118, 21
2, 118, 22
2, 120, 43
2, 121, 54
2, 124, 28
2, 126, 18
2, 127, 7
2, 130, 20
2, 130, 36
2, 133, 16
2, 139, 37
2, 140, 50
2, 141, 32
2, 143, 10
2, 143, 39
2, 146, 3
2, 146, 13
2, 151, 45
2, 153, 42
2, 156, 27
2, 160, 23
2, 165, 6
2, 166, 51
2, 169, 5
2, 170, 26
2, 171, 30
2, 171, 33
2, 171, 44
2, 171, 52
2, 175, 9
2, 176, 35
2, 177, 27
2, 180, 54
2, 183, 36
2, 184, 11
2, 188, 31
2, 195, 21
2, 196, 30
2, 198, 28
2, 199, 17
2, 199, 47
2, 199, 50
2, 201, 5
2, 202, 42
2, 204, 43
2, 205, 24
2, 206, 30
2, 208, 36
2, 209, 19
2, 210, 50
2, 211, 4
2, 212, 22
2, 213, 14
2, 215, 6
2, 218, 45
2, 221, 22
2, 222, 46
2, 226, 52
2, 227, 2
2, 228, 8
2, 231, 14
2, 231, 52
2, 235, 2
2, 239, 20
2, 239, 41
2, 242, 20
2, 243, 3
2, 244, 23
2, 245, 8
2, 245, 34
2, 246, 43
2, 247, 13
2, 247, 37
2, 250, 20
2, 254, 1
2, 260, 29
2, 260, 38
2, 266, 18
2, 267, 24
2, 268, 5
2, 268, 20
2, 269, 39
2, 270, 15
2, 270, 27
2, 270, 28
2, 271, 18
2, 272, 33
2, 273, 7
2, 273, 30
2, 276, 25
2, 278, 15
2, 279, 26
2, 282, 35
2, 283, 32
2, 290, 6
2, 291, 54
2, 292, 10
2, 293, 5
2, 293, 21
2, 295, 37
2, 300, 27
2, 300, 52
2, 301, 16
2, 306, 37
2, 307, 11
2, 310, 33
2, 311, 51
2, 313, 7
2, 313, 23
2, 313, 25
2, 314, 8
2, 314, 29
2, 314, 44
2, 315, 23
2, 319, 22
2, 320, 13
2, 323, 13
2, 323, 39
2, 323, 46
2, 325, 49
2, 328, 22
2, 333, 35
2, 335, 27
2, 335, 32
2, 338, 4
2, 339, 4
2, 340, 50
2, 344, 24
2, 344, 36
2, 344, 51
2, 350, 44
2, 351, 7
2, 353, 25
2, 356, 41
2, 357, 20
2, 359, 10
2, 359, 37
2, 360, 2
2, 361, 15
2, 362, 33
2, 363, 29
2, 364, 31
2, 366, 23
2, 366, 33
2, 366, 44
2, 367, 13
2, 369, 32
2, 371, 8
2, 372, 21
2, 377, 8
2, 380, 18
2, 381, 10
2, 382, 16
2, 384, 3
2, 387, 4
2, 389, 15
2, 391, 49
2, 392, 6
2, 396, 30
2, 396, 38
2, 397, 33
2, 397, 34
3, 1, 28
3, 1, 47
3, 2, 35
3, 5, 10
3, 6, 34
3, 7, 39
3, 9, 36
3, 9, 51
3, 10, 30
3, 11, 11
3, 14, 25
3, 15, 54
3, 16, 30
3, 16, 31
3, 16, 33
3, 18, 27
3, 23, 16
3, 24, 39
3, 27, 26
3, 27, 31
3, 29, 30
3, 30, 33
3, 32, 41
3, 33, 5
3, 34, 12
3, 34, 19
3, 35, 3
3, 36, 46
3, 37, 16
3, 38, 56
3, 40, 6
3, 40, 9
3, 44, 18
3, 47, 12
3, 49, 42
3, 53, 13
3, 53, 15
3, 57, 18
3, 57, 48
3, 58, 7
3, 59, 22
3, 62, 14
3, 62, 52
3, 65, 56
3, 66, 1
3, 69, 8
3, 70, 16
3, 74, 40
3, 76, 47
3, 81, 46
3, 82, 32
3, 82, 38
3, 82, 56
3, 85, 4
3, 86, 51
3, 87, 37
3, 87, 50
3, 89, 24
3, 92, 15
3, 94, 25
3, 96, 38
3, 98, 11
3, 99, 48
3, 100, 51
3, 101, 33
3, 102, 10
3, 102, 23
3, 102, 41
3, 103, 1
3, 103, 28
3, 103, 39
3, 107, 10
3, 107, 28
3, 109, 19
3, 112, 19
3, 112, 46
3, 113, 29
3, 115, 2
3, 115, 27
3, 115, 51
3, 115, 54
3, 116, 46
3, 118, 24
3, 121, 50
3, 122, 30
3, 123, 35
3, 124, 15
3, 125, 5
3, 131, 26
3, 132, 41
3, 132, 48
3, 133, 33
3, 135, 21
3, 136, 25
3, 141, 34
3, 142, 11
3, 145, 36
3, 146, 28
3, 147, 55
3, 148, 4
3, 152, 1
3, 154, 29
3, 155, 19
3, 156, 3
3, 156, 27
3, 156, 40
3, 156, 44
3, 157, 9
3, 158, 10
3, 160, 17
3, 161, 51
3, 163, 2
3, 163, 18
3, 163, 24
3, 163, 31
3, 164, 33
3, 168, 9
3, 171, 23
3, 172, 18
3, 176, 13
3, 179, 12
3, 179, 14
3, 180, 34
3, 180, 41
3, 183, 47
3, 184, 9
3, 184, 19
3, 185, 24
3, 186, 13
3, 187, 23
3, 187, 40
3, 189, 15
3, 189, 43
3, 189, 46
3, 194, 11
3, 194, 30
3, 194, 32
3, 196, 7
3, 204, 37
3, 204, 39
3, 206, 16
3, 207, 56
3, 208, 22
3, 212, 52
3, 214, 21
3, 219, 8
3, 221, 30
3, 223, 33
3, 223, 46
3, 223, 48
3, 226, 28
3, 228, 3
3, 228, 9
3, 230, 18
3, 231, 55
3, 235, 10
3, 235, 31
3, 235, 41
3, 236, 5
3, 236, 27
3, 237, 25
3, 237, 43
3, 237, 53
3, 238, 44
3, 240, 35
3, 241, 14
3, 242, 11
3, 243, 6
3, 244, 29
3, 244, 45
3, 244, 50
3, 245, 38
3, 246, 36
3, 249, 4
3, 249, 54
3, 251, 39
3, 251, 46
3, 252, 10
3, 252, 36
3, 254, 52
3, 255, 43
3, 256, 26
3, 257, 12
3, 257, 26
3, 258, 10
3, 258, 24
3, 259, 17
3, 260, 9
3, 260, 21
3, 261, 15
3, 262, 47
3, 263, 33
3, 263, 43
3, 267, 15
3, 268, 3
3, 270, 41
3, 273, 1
3, 273, 53
3, 276, 48
3, 280, 42
3, 281, 13
3, 281, 43
3, 282, 29
3, 285, 30
3, 287, 16
3, 290, 28
3, 290, 30
3, 294, 2
3, 295, 14
3, 298, 28
3, 299, 46
3, 300, 40
3, 301, 1
3, 301, 32
3, 302, 8
3, 302, 29
3, 307, 3
3, 309, 23
3, 309, 25
3, 309, 40
3, 310, 32
3, 311, 7
3, 311, 51
3, 313, 28
3, 313, 52
3, 315, 16
3, 316, 19
3, 318, 12
3, 320, 33
3, 321, 10
3, 321, 21
3, 324, 37
3, 327, 51
3, 332, 39
3, 333, 9
3, 333, 44
3, 333, 55
3, 334, 12
3, 339, 10
3, 341, 15
3, 341, 27
3, 342, 9
3, 342, 43
3, 348, 22
3, 349, 41
3, 349, 43
3, 350, 54
3, 351, 36
3, 352, 38
3, 354, 1
3, 355, 41
3, 355, 55
3, 356, 3
3, 356, 54
3, 357, 6
3, 358, 35
3, 359, 9
3, 360, 52
3, 365, 50
3, 368, 32
3, 371, 18
3, 372, 40
3, 376, 54
3, 377, 4
3, 377, 26
3, 377, 39
3, 378, 35
3, 379, 32
3, 381, 23
3, 382, 59
3, 386, 42
3, 388, 7
3, 388, 35
3, 388, 45
3, 389, 55
3, 392, 26
3, 394, 15
3, 394, 30
3, 398, 41
4, 1, 21
4, 1, 57
4, 2, 55
4, 3, 11
4, 4, 32
4, 5, 13
4, 5, 22
4, 10, 28
4, 11, 36
4, 12, 12
4, 12, 24
4, 12, 32
4, 14, 23
4, 15, 43
4, 16, 19
4, 21, 17
4, 23, 41
4, 24, 5
4, 24, 9
4, 24, 45
4, 26, 7
4, 26, 42
4, 26, 46
4, 27, 22
4, 29, 43
4, 31, 51
4, 38, 14
4, 38, 50
4, 39, 2
4, 40, 31
4, 40, 41
4, 41, 9
4, 42, 14
4, 43, 1
4, 43, 56
4, 46, 16
4, 46, 26
4, 46, 39
4, 48, 42
4, 50, 14
4, 51, 2
4, 51, 8
4, 55, 33
4, 55, 36
4, 57, 23
4, 58, 17
4, 58, 46
4, 61, 38
4, 62, 13
4, 62, 46
4, 63, 30
4, 65, 19
4, 65, 28
4, 65, 52
4, 66, 30
4, 66, 44
4, 68, 13
4, 69, 1
4, 70, 35
4, 71, 10
4, 76, 13
4, 78, 48
4, 78, 50
4, 80, 22
4, 86, 27
4, 87, 3
4, 90, 20
4, 91, 33
4, 92, 2
4, 95, 4
4, 99, 7
4, 99, 17
4, 100, 8
4, 101, 5
4, 101, 34
4, 102, 47
4, 102, 53
4, 111, 51
4, 112, 48
4, 113, 11
4, 113, 38
4, 113, 40
4, 115, 16
4, 116, 36
4, 118, 8
4, 118, 29
4, 120, 15
4, 122, 19
4, 122, 31
4, 128, 45
4, 129, 27
4, 130, 18
4, 130, 39
4, 132, 32
4, 134, 6
4, 135, 42
4, 136, 14
4, 136, 32
4, 137, 28
4, 137, 49
4, 138, 12
4, 139, 1
4, 139, 42
4, 144, 46
4, 147, 9
4, 147, 51
4, 149, 21
4, 151, 15
4, 153, 50
4, 154, 31
4, 156, 24
4, 157, 3
4, 157, 52
4, 158, 11
4, 161, 23
4, 161, 35
4, 161, 49
4, 164, 28
4, 166, 36
4, 169, 38
4, 170, 22
4, 170, 27
4, 170, 46
4, 171, 10
4, 172, 31
4, 173, 2
4, 176, 7
4, 176, 17
4, 177, 32
4, 178, 35
4, 181, 49
4, 182, 57
4, 184, 26
4, 184, 30
4, 187, 16
4, 189, 18
4, 190, 6
4, 190, 56
4, 191, 37
4, 191, 41
4, 193, 42
4, 197, 36
4, 198, 11
4, 199, 5
4, 205, 44
4, 208, 4
4, 211, 13
4, 213, 28
4, 215, 3
4, 219, 22
4, 219, 40
4, 220, 33
4, 221, 17
4, 223, 51
4, 224, 15
4, 224, 33
4, 225, 24
4, 231, 29
4, 237, 20
4, 242, 6
4, 243, 1
4, 245, 50
4, 247, 17
4, 248, 5
4, 248, 8
4, 248, 14
4, 248, 21
4, 250, 4
4, 254, 44
4, 255, 48
4, 258, 38
4, 258, 42
4, 258, 53
4, 261, 25
4, 265, 39
4, 267, 18
4, 268, 10
4, 269, 8
4, 276, 47
4, 277, 32
4, 278, 22
4, 278, 29
4, 279, 7
4, 281, 25
4, 284, 9
4, 284, 15
4, 284, 26
4, 286, 46
4, 287, 3
4, 287, 31
4, 287, 37
4, 287, 52
4, 290, 18
4, 290, 41
4, 291, 56
4, 292, 49
4, 293, 24
4, 296, 52
4, 297, 20
4, 298, 45
4, 299, 27
4, 300, 20
4, 300, 43
4, 301, 15
4, 302, 42
4, 305, 47
4, 306, 12
4, 306, 24
4, 307, 23
4, 308, 8
4, 308, 35
4, 308, 37
4, 311, 30
4, 312, 28
4, 316, 49
4, 317, 4
4, 317, 40
4, 318, 55
4, 322, 11
4, 324, 36
4, 326, 29
4, 326, 33
4, 330, 2
4, 334, 57
4, 336, 5
4, 336, 30
4, 336, 39
4, 338, 15
4, 338, 22
4, 345, 16
4, 346, 10
4, 348, 51
4, 351, 21
4, 353, 23
4, 355, 32
4, 355, 48
4, 358, 27
4, 362, 44
4, 362, 45
4, 366, 27
4, 368, 5
4, 368, 30
4, 368, 38
4, 369, 33
4, 369, 43
4, 369, 56
4, 371, 23
4, 371, 33
4, 371, 38
4, 374, 30
4, 376, 13
4, 382, 25
4, 382, 47
4, 383, 3
4, 384, 52
4, 386, 22
4, 386, 26
4, 391, 11
4, 391, 20
4, 392, 28
4, 397, 7
4, 398, 6
4, 399, 20
5, 4, 21
5, 5, 26
5, 8, 4
5, 8, 8
5, 11, 25
5, 15, 19
5, 16, 36
5, 18, 15
5, 21, 14
5, 26, 32
5, 27, 39
5, 28, 10
5, 29, 46
5, 33, 39
5, 37, 7
5, 38, 41
5, 42, 22
5, 42, 47
5, 46, 38
5, 48, 6
5, 52, 18
5, 53, 50
5, 56, 51
5, 57, 50
5, 59, 2
5, 59, 5
5, 61, 1
5, 61, 34
5, 63, 41
5, 65, 32
5, 65, 35
5, 67, 28
5, 68, 12
5, 68, 26
5, 69, 35
5, 74, 52
5, 77, 29
5, 79, 39
5, 83, 42
5, 84, 27
5, 85, 3
5, 85, 8
5, 89, 9
5, 89, 19
5, 94, 36
5, 97, 33
5, 98, 56
5, 99, 11
5, 99, 45
5, 101, 20
5, 103, 48
5, 106, 35
5, 107, 6
5, 109, 15
5, 109, 21
5, 110, 2
5, 118, 18
5, 121, 40
5, 121, 46
5, 127, 32
5, 129, 9
5, 132, 4
5, 132, 51
5, 143, 14
5, 144, 29
5, 145, 12
5, 145, 54
5, 148, 10
5, 150, 25
5, 150, 34
5, 151, 30
5, 153, 4
5, 154, 8
5, 155, 43
5, 155, 45
5, 155, 53
5, 161, 37
5, 162, 17
5, 166, 31
5, 166, 50
5, 168, 36
5, 170, 32
5, 171, 21
5, 171, 49
5, 172, 55
5, 175, 41
5, 176, 28
5, 176, 37
5, 179, 24
5, 180, 5
5, 180, 15
5, 185, 22
5, 191, 16
5, 192, 28
5, 194, 7
5, 196, 20
5, 199, 40
5, 201, 45
5, 202, 44
5, 202, 47
5, 203, 14
5, 204, 26
5, 205, 11
5, 205, 39
5, 208, 33
5, 208, 56
5, 209, 2
5, 209, 13
5, 209, 19
5, 211, 14
5, 212, 38
5, 212, 42
5, 214, 2
5, 214, 51
5, 215, 46
5, 216, 24
5, 217, 23
5, 219, 52
5, 221, 6
5, 221, 43
5, 223, 1
5, 223, 54
5, 225, 12
5, 225, 15
5, 226, 35
5, 227, 13
5, 228, 5
5, 230, 48
5, 234, 27
5, 235, 25
5, 235, 32
5, 237, 15
5, 238, 30
5, 242, 11
5, 247, 37
5, 249, 7
5, 251, 3
5, 252, 25
5, 255, 21
5, 260, 44
5, 261, 42
5, 261, 50
5, 263, 9
5, 263, 13
5, 263, 18
5, 266, 29
5, 266, 41
5, 271, 17
5, 277, 41
5, 281, 3
5, 282, 16
5, 288, 19
5, 288, 32
5, 288, 34
5, 288, 46
5, 291, 4
5, 292, 22
5, 293, 20
5, 294, 45
5, 295, 30
5, 296, 12
5, 297, 56
5, 298, 47
5, 299, 4
5, 302, 22
5, 303, 23
5, 306, 16
5, 306, 54
5, 311, 19
5, 312, 27
5, 313, 49
5, 314, 15
5, 314, 33
5, 315, 14
5, 316, 11
5, 317, 55
5, 318, 17
5, 319, 61
5, 320, 44
5, 321, 18
5, 321, 53
5, 322, 29
5, 324, 40
5, 324, 50
5, 328, 38
5, 331, 7
5, 332, 28
5, 335, 28
5, 335, 45
5, 337, 23
5, 338, 26
5, 339, 9
5, 339, 11
5, 339, 51
5, 341, 24
5, 343, 10
5, 343, 43
5, 347, 31
5, 348, 5
5, 348, 21
5, 349, 35
5, 349, 38
5, 350, 26
5, 350, 27
5, 351, 2
5, 351, 44
5, 354, 31
5, 354, 41
5, 355, 8
5, 356, 32
5, 357, 53
5, 361, 17
5, 362, 32
5, 364, 55
5, 365, 7
5, 365, 18
5, 365, 22
5, 366, 49
5, 369, 28
5, 375, 3
5, 376, 9
5, 376, 15
5, 378, 34
5, 383, 29
5, 383, 54
5, 384, 14
5, 388, 13
5, 389, 46
5, 389, 47
5, 391, 9
5, 392, 26
5, 398, 23
5, 399, 18
5, 399, 27
6, 2, 19
6, 3, 4
6, 4, 32
6, 5, 47
6, 6, 23
6, 9, 51
6, 17, 19
6, 18, 2
6, 19, 20
6, 19, 25
6, 19, 54
6, 20, 8
6, 22, 43
6, 26, 26
6, 27, 48
6, 28, 15
6, 30, 5
6, 31, 1
6, 31, 30
6, 31, 37
6, 33, 7
6, 34, 52
6, 35, 40
6, 36, 18
6, 37, 27
6, 40, 3
6, 42, 23
6, 44, 16
6, 45, 51
6, 46, 35
6, 46, 36
6, 48, 2
6, 48, 44
6, 49, 18
6, 49, 24
6, 49, 34
6, 50, 13
6, 53, 13
6, 53, 50
6, 57, 53
6, 61, 29
6, 67, 43
6, 69, 10
6, 70, 32
6, 71, 35
6, 72, 16
6, 76, 38
6, 76, 40
6, 79, 19
6, 79, 58
6, 81, 11
6, 81, 18
6, 83, 19
6, 86, 9
6, 87, 21
6, 87, 30
6, 91, 39
6, 92, 40
6, 93, 49
6, 94, 4
6, 94, 46
6, 96, 6
6, 96, 39
6, 100, 17
6, 100, 44
6, 102, 3
6, 103, 55
6, 105, 10
6, 108, 27
6, 108, 39
6, 110, 41
6, 111, 16
6, 111, 22
6, 115, 7
6, 120, 47
6, 121, 12
6, 122, 52
6, 124, 8
6, 124, 15
6, 124, 16
6, 128, 32
6, 130, 25
6, 130, 51
6, 131, 41
6, 132, 26
6, 133, 54
6, 136, 7
6, 136, 22
6, 137, 34
6, 138, 37
6, 139, 28
6, 141, 26
6, 141, 48
6, 142, 34
6, 142, 49
6, 144, 11
6, 144, 20
6, 146, 40
6, 146, 50
6, 149, 17
6, 152, 38
6, 153, 1
6, 155, 36
6, 155, 53
6, 156, 9
6, 156, 15
6, 157, 3
6, 157, 33
6, 157, 46
6, 158, 27
6, 159, 48
6, 162, 37
6, 164, 43
6, 165, 5
6, 167, 13
6, 168, 2
6, 168, 30
6, 169, 13
6, 169, 35
6, 174, 57
6, 180, 3
6, 181, 18
6, 181, 31
6, 182, 17
6, 183, 24
6, 184, 21
6, 186, 44
6, 188, 27
6, 188, 35
6, 190, 16
6, 193, 2
6, 193, 54
6, 196, 19
6, 196, 44
6, 199, 28
6, 204, 12
6, 205, 29
6, 205, 44
6, 206, 19
6, 209, 20
6, 209, 52
6, 210, 23
6, 211, 10
6, 213, 34
6, 223, 8
6, 224, 6
6, 225, 39
6, 228, 25
6, 229, 46
6, 233, 1
6, 233, 48
6, 235, 2
6, 235, 4
6, 235, 38
6, 236, 6
6, 236, 9
6, 236, 21
6, 238, 26
6, 239, 47
6, 240, 19
6, 242, 44
6, 243, 27
6, 243, 36
6, 248, 50
6, 250, 55
6, 254, 51
6, 255, 36
6, 261, 11
6, 264, 30
6, 264, 50
6, 264, 53
6, 265, 22
6, 265, 25
6, 267, 43
6, 268, 1
6, 271, 54
6, 272, 43
6, 274, 29
6, 274, 58
6, 276, 24
6, 276, 31
6, 279, 10
6, 280, 49
6, 281, 20
6, 282, 19
6, 283, 37
6, 285, 34
6, 288, 28
6, 289, 5
6, 291, 39
6, 292, 7
6, 293, 15
6, 299, 3
6, 300, 3
6, 300, 23
6, 301, 9
6, 304, 19
6, 305, 30
6, 307, 27
6, 310, 2
6, 310, 58
6, 311, 4
6, 314, 44
6, 316, 23
6, 316, 37
6, 321, 41
6, 323, 11
6, 323, 26
6, 325, 4
6, 326, 22
6, 326, 40
6, 328, 33
6, 330, 5
6, 330, 16
6, 330, 32
6, 332, 31
6, 334, 52
6, 335, 13
6, 337, 13
6, 340, 6
6, 340, 33
6, 342, 21
6, 344, 57
6, 350, 9
6, 353, 11
6, 353, 43
6, 354, 6
6, 355, 17
6, 356, 22
6, 356, 40
6, 362, 47
6, 364, 39
6, 366, 29
6, 367, 11
6, 367, 25
6, 380, 37
6, 381, 15
6, 382, 58
6, 384, 46
6, 387, 5
6, 388, 50
6, 389, 43
6, 389, 51
6, 391, 12
6, 392, 5
6, 393, 36
6, 395, 4
6, 395, 13
6, 396, 16
6, 397, 24
6, 398, 23
7, 4, 43
7, 6, 39
7, 7, 12
7, 9, 22
7, 9, 31
7, 11, 40
7, 14, 10
7, 18, 21
7, 20, 22
7, 22, 52
7, 23, 13
7, 26, 4
7, 26, 35
7, 26, 37
7, 27, 8
7, 28, 39
7, 36, 48
7, 38, 13
7, 39, 47
7, 42, 2
7, 43, 46
7, 44, 50
7, 47, 27
7, 48, 36
7, 50, 38
7, 51, 45
7, 52, 25
7, 52, 53
7, 56, 36
7, 56, 50
7, 58, 19
7, 58, 20
7, 59, 26
7, 60, 14
7, 69, 15
7, 69, 42
7, 69, 50
7, 70, 25
7, 72, 28
7, 73, 14
7, 74, 43
7, 76, 40
7, 77, 5
7, 77, 7
7, 77, 52
7, 79, 19
7, 79, 23
7, 80, 12
7, 80, 37
7, 82, 44
7, 84, 12
7, 84, 47
7, 84, 53
7, 85, 50
7, 87, 33
7, 88, 55
7, 89, 13
7, 90, 26
7, 91, 2
7, 91, 21
7, 94, 31
7, 94, 43
7, 97, 1
7, 97, 49
7, 98, 46
7, 99, 38
7, 103, 30
7, 104, 41
7, 105, 17
7, 105, 25
7, 109, 54
7, 112, 3
7, 115, 9
7, 117, 6
7, 121, 37
7, 125, 18
7, 126, 3
7, 126, 44
7, 127, 28
7, 128, 48
7, 130, 19
7, 132, 6
7, 132, 24
7, 132, 30
7, 133, 38
7, 133, 46
7, 134, 10
7, 134, 45
7, 134, 51
7, 138, 45
7, 139, 29
7, 144, 27
7, 151, 8
7, 152, 51
7, 157, 55
7, 158, 20
7, 158, 22
7, 159, 1
7, 159, 30
7, 164, 44
7, 169, 10
7, 171, 20
7, 172, 35
7, 173, 32
7, 176, 33
7, 180, 26
7, 180, 47
7, 182, 7
7, 184, 12
7, 185, 26
7, 185, 46
7, 186, 5
7, 188, 19
7, 190, 25
7, 191, 9
7, 191, 33
7, 193, 53
7, 194, 22
7, 194, 34
7, 194, 35
7, 196, 23
7, 198, 13
7, 198, 55
7, 199, 7
7, 199, 36
7, 201, 31
7, 203, 20
7, 204, 23
7, 204, 50
7, 208, 40
7, 208, 43
7, 210, 23
7, 211, 6
7, 214, 14
7, 215, 39
7, 215, 47
7, 218, 50
7, 219, 46
7, 220, 19
7, 220, 50
7, 221, 36
7, 221, 49
7, 224, 18
7, 227, 54
7, 230, 37
7, 231, 41
7, 231, 48
7, 233, 24
7, 236, 4
7, 237, 12
7, 238, 41
7, 242, 38
7, 243, 44
7, 244, 8
7, 244, 42
7, 246, 52
7, 250, 16
7, 254, 22
7, 255, 14
7, 255, 40
7, 257, 15
7, 258, 21
7, 261, 13
7, 261, 27
7, 263, 55
7, 264, 50
7, 265, 23
7, 270, 13
7, 270, 27
7, 270, 45
7, 271, 36
7, 274, 2
7, 274, 29
7, 276, 29
7, 277, 10
7, 277, 21
7, 278, 3
7, 278, 35
7, 280, 32
7, 282, 43
7, 282, 46
7, 285, 6
7, 286, 9
7, 288, 1
7, 290, 4
7, 290, 33
7, 291, 49
7, 293, 29
7, 295, 38
7, 297, 7
7, 300, 44
7, 304, 25
7, 305, 3
7, 307, 20
7, 310, 34
7, 310, 35
7, 311, 12
7, 311, 14
7, 313, 48
7, 315, 4
7, 315, 8
7, 319, 31
7, 319, 51
7, 320, 2
7, 320, 55
7, 322, 53
7, 323, 26
7, 324, 25
7, 325, 16
7, 326, 23
7, 327, 44
7, 328, 52
7, 329, 35
7, 331, 8
7, 331, 47
7, 333, 37
7, 336, 6
7, 338, 20
7, 341, 32
7, 342, 5
7, 344, 37
7, 345, 44
7, 347, 50
7, 355, 1
7, 355, 9
7, 355, 36
7, 356, 12
7, 356, 46
7, 358, 10
7, 360, 14
7, 363, 7
7, 365, 15
7, 365, 30
7, 367, 30
7, 368, 3
7, 368, 32
7, 372, 16
7, 373, 38
7, 374, 13
7, 375, 23
7, 375, 32
7, 376, 31
7, 378, 40
7, 378, 45
7, 383, 27
7, 383, 37
7, 386, 2
7, 387, 26
7, 389, 6
7, 392, 54
7, 393, 13
7, 394, 7
7, 395, 48
7, 396, 1
7, 397, 35
7, 397, 40
7, 398, 44
8, 4, 18
8, 4, 51
8, 5, 47
8, 7, 33
8, 9, 15
8, 10, 30
8, 11, 6
8, 11, 34
8, 12, 38
8, 13, 50
8, 14, 3
8, 14, 45
8, 15, 21
8, 16, 37
8, 18, 51
8, 20, 34
8, 21, 5
8, 22, 22
8, 23, 32
8, 28, 17
8, 29, 21
8, 31, 1
8, 37, 29
8, 38, 4
8, 38, 6
8, 42, 28
8, 43, 38
8, 43, 42
8, 44, 7
8, 44, 9
8, 52, 10
8, 52, 19
8, 54, 38
8, 55, 24
8, 55, 41
8, 60, 33
8, 61, 46
8, 63, 39
8, 66, 37
8, 68, 7
8, 70, 18
8, 70, 37
8, 71, 18
8, 75, 3
8, 76, 4
8, 79, 30
8, 79, 49
8, 80, 16
8, 84, 5
8, 84, 38
8, 86, 20
8, 86, 22
8, 86, 52
8, 91, 11
8, 91, 45
8, 97, 35
8, 98, 12
8, 99, 32
8, 103, 48
8, 104, 44
8, 105, 34
8, 106, 39
8, 106, 42
8, 107, 50
8, 108, 43
8, 110, 8
8, 110, 13
8, 111, 27
8, 117, 42
8, 118, 39
8, 120, 17
8, 122, 54
8, 125, 30
8, 125, 48
8, 126, 3
8, 126, 15
8, 129, 34
8, 131, 14
8, 131, 22
8, 135, 17
8, 136, 19
8, 137, 33
8, 140, 21
8, 143, 9
8, 145, 23
8, 145, 25
8, 147, 7
8, 147, 10
8, 147, 52
8, 148, 18
8, 150, 41
8, 151, 31
8, 151, 47
8, 152, 1
8, 152, 4
8, 152, 41
8, 154, 2
8, 154, 37
8, 155, 18
8, 155, 28
8, 157, 34
8, 159, 21
8, 163, 11
8, 163, 45
8, 166, 19
8, 168, 36
8, 169, 8
8, 169, 47
8, 170, 9
8, 172, 27
8, 174, 4
8, 177, 49
8, 178, 44
8, 179, 9
8, 181, 13
8, 181, 25
8, 181, 51
8, 181, 54
8, 182, 39
8, 184, 13
8, 187, 10
8, 188, 29
8, 188, 39
8, 189, 1
8, 192, 14
8, 194, 38
8, 195, 4
8, 196, 20
8, 197, 32
8, 199, 3
8, 199, 6
8, 199, 27
8, 201, 7
8, 204, 56
8, 206, 38
8, 211, 21
8, 213, 5
8, 213, 35
8, 213, 40
8, 213, 48
8, 214, 30
8, 214, 39
8, 215, 16
8, 218, 10
8, 218, 50
8, 220, 3
8, 220, 50
8, 224, 46
8, 228, 20
8, 228, 28
8, 230, 5
8, 230, 19
8, 230, 42
8, 233, 12
8, 236, 6
8, 238, 2
8, 239, 13
8, 242, 17
8, 243, 28
8, 243, 53
8, 246, 8
8, 246, 9
8, 249, 52
8, 250, 18
8, 251, 23
8, 251, 51
8, 253, 31
8, 255, 15
8, 255, 34
8, 256, 41
8, 258, 52
8, 260, 1
8, 262, 16
8, 270, 14
8, 275, 37
8, 276, 44
8, 278, 22
8, 279, 10
8, 279, 13
8, 279, 48
8, 282, 25
8, 284, 22
8, 284, 54
8, 293, 24
8, 294, 31
8, 295, 7
8, 295, 32
8, 298, 18
8, 298, 45
8, 299, 39
8, 300, 27
8, 300, 53
8, 301, 2
8, 302, 4
8, 302, 17
8, 302, 38
8, 304, 16
8, 304, 41
8, 306, 7
8, 307, 8
8, 308, 50
8, 312, 49
8, 313, 21
8, 313, 34
8, 314, 20
8, 314, 43
8, 315, 38
8, 315, 45
8, 318, 56
8, 325, 40
8, 329, 7
8, 331, 32
8, 332, 36
8, 334, 39
8, 335, 19
8, 337, 51
8, 338, 8
8, 339, 13
8, 339, 17
8, 339, 29
8, 339, 44
8, 342, 8
8, 343, 19
8, 344, 11
8, 345, 30
8, 346, 12
8, 349, 8
8, 349, 29
8, 352, 28
8, 353, 25
8, 354, 6
8, 358, 48
8, 358, 56
8, 361, 37
8, 361, 42
8, 361, 49
8, 362, 35
8, 364, 33
8, 368, 34
8, 368, 52
8, 371, 18
8, 379, 8
8, 382, 4
8, 384, 42
8, 384, 51
8, 388, 10
8, 392, 13
8, 395, 45
8, 397, 23
8, 398, 31
8, 398, 47
8, 399, 28
9, 2, 10
9, 4, 1
9, 4, 11
9, 5, 5
9, 7, 22
9, 9, 55
9, 21, 30
9, 21, 37
9, 21, 43
9, 22, 3
9, 22, 46
9, 25, 3
9, 26, 30
9, 26, 35
9, 26, 45
9, 28, 19
9, 28, 25
9, 29, 35
9, 33, 47
9, 34, 12
9, 41, 36
9, 42, 20
9, 42, 42
9, 47, 50
9, 48, 33
9, 50, 24
9, 51, 26
9, 51, 40
9, 53, 4
9, 57, 39
9, 58, 54
9, 60, 41
9, 61, 17
9, 61, 45
9, 62, 43
9, 63, 1
9, 63, 31
9, 64, 6
9, 64, 56
9, 65, 44
9, 67, 11
9, 68, 13
9, 70, 33
9, 72, 22
9, 73, 15
9, 77, 25
9, 77, 56
9, 83, 28
9, 86, 5
9, 86, 6
9, 87, 35
9, 88, 41
9, 90, 18
9, 92, 3
9, 93, 36
9, 94, 25
9, 94, 39
9, 94, 44
9, 96, 43
9, 97, 9
9, 98, 37
9, 99, 23
9, 99, 31
9, 100, 37
9, 103, 21
9, 104, 13
9, 104, 20
9, 111, 3
9, 113, 52
9, 115, 9
9, 116, 35
9, 117, 53
9, 119, 26
9, 119, 32
9, 119, 38
9, 120, 54
9, 122, 18
9, 123, 10
9, 123, 42
9, 123, 46
9, 124, 12
9, 124, 24
9, 124, 51
9, 126, 30
9, 128, 41
9, 130, 9
9, 130, 16
9, 132, 47
9, 134, 55
9, 140, 14
9, 141, 36
9, 142, 4
9, 143, 22
9, 143, 34
9, 143, 37
9, 143, 40
9, 144, 11
9, 144, 33
9, 145, 1
9, 148, 8
9, 148, 15
9, 150, 46
9, 151, 50
9, 151, 56
9, 160, 19
9, 162, 29
9, 162, 45
9, 164, 5
9, 165, 13
9, 167, 40
9, 170, 23
9, 172, 44
9, 173, 55
9, 175, 35
9, 177, 14
9, 179, 50
9, 182, 27
9, 182, 31
9, 187, 37
9, 188, 26
9, 191, 3
9, 191, 50
9, 193, 2
9, 193, 28
9, 193, 48
9, 197, 37
9, 198, 3
9, 198, 42
9, 199, 47
9, 200, 12
9, 201, 36
9, 202, 6
9, 204, 43
9, 206, 25
9, 206, 26
9, 207, 1
9, 207, 7
9, 210, 53
9, 213, 10
9, 213, 52
9, 215, 17
9, 215, 32
9, 216, 4
9, 217, 56
9, 220, 18
9, 222, 10
9, 223, 33
9, 224, 20
9, 225, 5
9, 225, 39
9, 226, 20
9, 230, 19
9, 232, 39
9, 235, 54
9, 235, 55
9, 238, 40
9, 240, 34
9, 241, 46
9, 245, 9
9, 248, 23
9, 249, 26
9, 249, 28
9, 250, 44
9, 253, 46
9, 255, 13
9, 255, 41
9, 256, 30
9, 256, 52
9, 258, 16
9, 262, 31
9, 262, 32
9, 262, 33
9, 265, 21
9, 268, 8
9, 274, 33
9, 274, 53
9, 276, 28
9, 276, 44
9, 277, 28
9, 279, 3
9, 279, 7
9, 290, 12
9, 291, 5
9, 293, 20
9, 295, 3
9, 296, 16
9, 297, 10
9, 297, 14
9, 297, 35
9, 299, 23
9, 299, 48
9, 300, 8
9, 300, 15
9, 302, 22
9, 302, 29
9, 303, 33
9, 303, 48
9, 304, 31
9, 306, 10
9, 309, 2
9, 312, 32
9, 313, 56
9, 316, 19
9, 319, 13
9, 320, 55
9, 324, 5
9, 324, 15
9, 327, 34
9, 329, 11
9, 329, 42
9, 330, 37
9, 339, 25
9, 345, 16
9, 345, 50
9, 351, 39
9, 356, 41
9, 357, 13
9, 357, 33
9, 358, 4
9, 363, 9
9, 366, 19
9, 369, 47
9, 370, 10
9, 373, 17
9, 374, 12
9, 374, 55
9, 375, 30
9, 377, 28
9, 377, 44
9, 378, 26
9, 378, 33
9, 378, 35
9, 381, 3
9, 381, 46
9, 383, 11
9, 383, 12
9, 386, 13
9, 386, 50
9, 389, 40
9, 390, 36
9, 397, 34
9, 397, 39
10, 2, 53
10, 4, 40
10, 4, 43
10, 7, 28
10, 10, 50
10, 13, 6
10, 14, 2
10, 15, 9
10, 15, 40
10, 16, 5
10, 16, 46
10, 17, 37
10, 18, 23
10, 18, 26
10, 18, 31
10, 19, 38
10, 23, 16
10, 24, 25
10, 26, 14
10, 27, 18
10, 28, 15
10, 29, 49
10, 30, 3
10, 31, 17
10, 32, 24
10, 35, 35
10, 36, 21
10, 36, 41
10, 38, 6
10, 38, 12
10, 38, 27
10, 41, 36
10, 42, 44
10, 46, 15
10, 51, 17
10, 52, 20
10, 52, 31
10, 54, 1
10, 54, 19
10, 55, 22
10, 56, 51
10, 57, 4
10, 57, 55
10, 58, 33
10, 62, 53
10, 63, 28
10, 65, 34
10, 68, 2
10, 69, 11
10, 70, 40
10, 70, 47
10, 71, 13
10, 73, 6
10, 73, 14
10, 73, 38
10, 78, 6
10, 79, 16
10, 79, 18
10, 80, 1
10, 80, 35
10, 80, 39
10, 83, 37
10, 83, 47
10, 84, 32
10, 88, 45
10, 91, 42
10, 92, 28
10, 93, 1
10, 94, 32
10, 94, 49
10, 95, 27
10, 96, 36
10, 99, 10
10, 101, 28
10, 103, 24
10, 103, 25
10, 103, 48
10, 105, 5
10, 105, 37
10, 106, 19
10, 109, 19
10, 109, 26
10, 110, 18
10, 116, 30
10, 117, 46
10, 118, 7
10, 119, 3
10, 121, 50
10, 122, 20
10, 123, 29
10, 124, 31
10, 125, 1
10, 127, 13
10, 128, 50
10, 130, 3
10, 130, 15
10, 130, 33
10, 133, 37
10, 134, 42
10, 137, 12
10, 137, 34
10, 138, 17
10, 139, 15
10, 139, 48
10, 141, 55
10, 142, 29
10, 143, 21
10, 144, 38
10, 146, 38
10, 149, 37
10, 153, 40
10, 157, 17
10, 157, 25
10, 157, 26
10, 161, 4
10, 161, 44
10, 161, 45
10, 162, 36
10, 166, 2
10, 168, 40
10, 170, 9
10, 171, 10
10, 171, 19
10, 174, 12
10, 176, 5
10, 177, 20
10, 177, 43
10, 178, 53
10, 179, 13
10, 179, 20
10, 180, 3
10, 181, 32
10, 182, 1
10, 183, 21
10, 184, 23
10, 184, 51
10, 185, 47
10, 189, 46
10, 190, 16
10, 191, 34
10, 197, 7
10, 199, 16
10, 199, 30
10, 200, 21
10, 201, 2
10, 201, 14
10, 204, 34
10, 204, 44
10, 205, 45
10, 206, 6
10, 206, 32
10, 207, 18
10, 207, 51
10, 212, 2
10, 213, 33
10, 214, 49
10, 216, 37
10, 222, 27
10, 225, 35
10, 226, 28
10, 228, 1
10, 228, 12
10, 231, 49
10, 232, 22
10, 233, 3
10, 233, 35
10, 234, 19
10, 238, 15
10, 239, 11
10, 239, 48
10, 240, 29
10, 242, 7
10, 242, 51
10, 244, 24
10, 244, 42
10, 245, 31
10, 247, 20
10, 248, 31
10, 251, 5
10, 251, 18
10, 251, 43
10, 253, 20
10, 255, 6
10, 257, 20
10, 257, 25
10, 258, 10
10, 258, 11
10, 258, 53
10, 261, 3
10, 262, 50
10, 264, 9
10, 265, 13
10, 265, 36
10, 270, 3
10, 270, 43
10, 272, 21
10, 272, 40
10, 275, 32
10, 279, 12
10, 279, 15
10, 279, 26
10, 283, 14
10, 283, 34
10, 283, 47
10, 287, 1
10, 291, 34
10, 293, 38
10, 295, 46
10, 296, 38
10, 303, 4
10, 303, 14
10, 303, 36
10, 308, 6
10, 308, 9
10, 309, 17
10, 311, 7
10, 315, 27
10, 316, 37
10, 318, 13
10, 318, 32
10, 321, 10
10, 321, 49
10, 325, 30
10, 328, 11
10, 329, 24
10, 331, 5
10, 335, 13
10, 337, 30
10, 338, 5
10, 338, 53
10, 339, 20
10, 340, 31
10, 342, 2
10, 342, 34
10, 343, 16
10, 347, 22
10, 347, 37
10, 352, 50
10, 353, 23
10, 353, 29
10, 354, 44
10, 361, 19
10, 364, 21
10, 364, 26
10, 364, 32
10, 367, 2
10, 367, 49
10, 368, 9
10, 369, 25
10, 371, 3
10, 373, 36
10, 373, 49
10, 376, 25
10, 376, 38
10, 376, 50
10, 377, 21
10, 377, 33
10, 377, 35
10, 378, 18
10, 380, 53
10, 382, 12
10, 384, 15
10, 384, 36
10, 385, 45
10, 388, 11
10, 391, 35
10, 391, 39
10, 391, 45
10, 391, 46
10, 394, 30
10, 394, 34
10, 397, 51
10, 399, 24
10, 399, 26
11, 3, 11
11, 3, 21
11, 6, 39
11, 7, 58
11, 8, 3
11, 9, 19
11, 16, 37
11, 17, 46
11, 21, 36
11, 22, 18
11, 23, 2
11, 24, 6
11, 24, 20
11, 26, 29
11, 34, 54
11, 35, 15
11, 36, 13
11, 42, 29
11, 42, 32
11, 48, 8
11, 48, 23
11, 48, 41
11, 52, 15
11, 54, 10
11, 56, 56
11, 56, 58
11, 57, 25
11, 58, 14
11, 60, 15
11, 63, 30
11, 66, 40
11, 70, 31
11, 73, 19
11, 75, 12
11, 75, 27
11, 77, 2
11, 80, 46
11, 81, 4
11, 84, 42
11, 87, 28
11, 88, 17
11, 88, 33
11, 89, 15
11, 89, 24
11, 89, 52
11, 102, 6
11, 106, 36
11, 107, 8
11, 107, 29
11, 109, 5
11, 109, 47
11, 110, 38
11, 115, 48
11, 120, 53
11, 121, 19
11, 123, 43
11, 124, 39
11, 127, 11
11, 130, 24
11, 132, 7
11, 136, 12
11, 140, 21
11, 141, 12
11, 142, 14
11, 146, 41
11, 147, 52
11, 150, 20
11, 153, 18
11, 154, 27
11, 156, 44
11, 159, 36
11, 159, 40
11, 163, 54
11, 164, 27
11, 166, 8
11, 169, 51
11, 170, 4
11, 172, 5
11, 172, 46
11, 174, 33
11, 176, 25
11, 176, 48
11, 179, 11
11, 181, 27
11, 181, 36
11, 182, 1
11, 182, 15
11, 183, 7
11, 184, 18
11, 185, 13
11, 186, 26
11, 186, 45
11, 187, 53
11, 191, 37
11, 193, 13
11, 193, 30
11, 200, 28
11, 200, 45
11, 202, 31
11, 208, 17
11, 210, 47
11, 211, 63
11, 212, 6
11, 218, 19
11, 218, 40
11, 219, 9
11, 220, 10
11, 223, 17
11, 223, 48
11, 225, 34
11, 227, 15
11, 228, 29
11, 229, 3
11, 231, 58
11, 234, 24
11, 235, 23
11, 238, 13
11, 241, 10
11, 243, 52
11, 244, 46
11, 245, 2
11, 245, 35
11, 248, 11
11, 248, 50
11, 252, 41
11, 256, 4
11, 257, 51
11, 262, 39
11, 263, 16
11, 264, 34
11, 265, 21
11, 266, 32
11, 266, 42
11, 271, 14
11, 273, 51
11, 274, 26
11, 275, 4
11, 278, 6
11, 278, 38
11, 282, 30
11, 284, 21
11, 284, 24
11, 284, 33
11, 285, 16
11, 288, 22
11, 288, 39
11, 289, 42
11, 290, 12
11, 292, 38
11, 293, 8
11, 293, 18
11, 294, 8
11, 295, 39
11, 295, 53
11, 296, 32
11, 298, 16
11, 300, 58
11, 302, 41
11, 302, 43
11, 303, 37
11, 306, 17
11, 306, 39
11, 309, 19
11, 309, 36
11, 317, 54
11, 322, 48
11, 326, 32
11, 327, 44
11, 329, 27
11, 330, 40
11, 331, 52
11, 335, 29
11, 342, 2
11, 347, 2
11, 347, 49
11, 351, 32
11, 352, 15
11, 352, 34
11, 353, 5
11, 353, 32
11, 353, 48
11, 354, 9
11, 355, 28
11, 357, 11
11, 357, 33
11, 360, 42
11, 365, 50
11, 367, 49
11, 368, 37
11, 368, 54
11, 369, 23
11, 369, 39
11, 370, 28
11, 374, 46
11, 381, 30
11, 383, 7
11, 386, 19
11, 386, 30
11, 386, 50
11, 387, 37
11, 390, 6
11, 391, 21
11, 391, 22
11, 393, 52
11, 394, 4
11, 395, 27
11, 396, 17
11, 397, 40
12, 4, 38
12, 6, 6
12, 7, 28
12, 7, 50
12, 8, 20
12, 8, 46
12, 9, 25
12, 9, 31
12, 10, 4
12, 10, 5
12, 12, 10
12, 12, 29
12, 12, 32
12, 12, 41
12, 14, 15
12, 14, 54
12, 16, 12
12, 16, 33
12, 18, 50
12, 20, 39
12, 22, 36
12, 23, 34
12, 24, 7
12, 25, 51
12, 33, 6
12, 35, 13
12, 37, 18
12, 38, 4
12, 38, 54
12, 39, 25
12, 39, 30
12, 41, 28
12, 41, 35
12, 43, 7
12, 45, 9
12, 48, 21
12, 49, 1
12, 52, 20
12, 55, 31
12, 56, 26
12, 57, 38
12, 57, 54
12, 58, 19
12, 60, 21
12, 60, 32
12, 60, 34
12, 61, 5
12, 62, 13
12, 62, 26
12, 63, 23
12, 63, 47
12, 64, 23
12, 65, 1
12, 65, 22
12, 68, 2
12, 69, 14
12, 70, 3
12, 72, 19
12, 74, 18
12, 76, 14
12, 76, 36
12, 85, 38
12, 87, 41
12, 89, 30
12, 91, 12
12, 92, 40
12, 93, 11
12, 94, 43
12, 95, 58
12, 96, 2
12, 96, 39
12, 97, 53
12, 99, 18
12, 100, 50
12, 101, 37
12, 107, 21
12, 109, 7
12, 112, 6
12, 113, 2
12, 113, 39
12, 114, 33
12, 115, 52
12, 119, 49
12, 120, 16
12, 121, 9
12, 132, 36
12, 134, 27
12, 134, 31
12, 134, 35
12, 136, 1
12, 137, 15
12, 139, 3
12, 141, 25
12, 145, 30
12, 146, 46
12, 146, 50
12, 149, 39
12, 149, 47
12, 149, 51
12, 151, 32
12, 152, 8
12, 152, 34
12, 153, 25
12, 154, 33
12, 155, 18
12, 155, 32
12, 158, 27
12, 158, 33
12, 159, 7
12, 159, 42
12, 161, 23
12, 161, 24
12, 163, 13
12, 163, 48
12, 164, 17
12, 165, 4
12, 165, 34
12, 165, 40
12, 171, 40
12, 171, 49
12, 173, 20
12, 174, 23
12, 174, 38
12, 175, 10
12, 176, 33
12, 176, 41
12, 179, 31
12, 188, 38
12, 190, 26
12, 190, 29
12, 190, 46
12, 196, 11
12, 196, 51
12, 197, 2
12, 197, 14
12, 198, 6
12, 198, 16
12, 199, 9
12, 199, 22
12, 201, 32
12, 202, 12
12, 202, 48
12, 203, 21
12, 204, 15
12, 207, 2
12, 208, 22
12, 210, 39
12, 211, 25
12, 211, 28
12, 211, 30
12, 212, 21
12, 216, 7
12, 216, 47
12, 218, 5
12, 219, 27
12, 219, 33
12, 219, 45
12, 222, 23
12, 223, 5
12, 227, 14
12, 227, 50
12, 229, 10
12, 230, 50
12, 231, 36
12, 233, 19
12, 234, 14
12, 235, 2
12, 239, 41
12, 240, 7
12, 240, 51
12, 241, 15
12, 241, 34
12, 243, 35
12, 243, 37
12, 244, 17
12, 245, 34
12, 248, 54
12, 250, 30
12, 251, 11
12, 254, 36
12, 255, 4
12, 255, 12
12, 255, 40
12, 258, 35
12, 260, 6
12, 269, 39
12, 272, 43
12, 273, 9
12, 273, 32
12, 275, 38
12, 275, 52
12, 279, 1
12, 281, 23
12, 282, 31
12, 282, 54
12, 285, 50
12, 287, 3
12, 287, 8
12, 288, 37
12, 293, 17
12, 294, 9
12, 294, 46
12, 295, 49
12, 297, 29
12, 297, 48
12, 298, 43
12, 300, 18
12, 300, 33
12, 302, 29
12, 307, 45
12, 309, 13
12, 309, 34
12, 309, 35
12, 309, 48
12, 310, 11
12, 313, 50
12, 314, 12
12, 319, 28
12, 320, 4
12, 320, 11
12, 321, 22
12, 322, 4
12, 322, 40
12, 323, 17
12, 324, 33
12, 331, 45
12, 332, 20
12, 334, 15
12, 334, 41
12, 337, 11
12, 337, 31
12, 340, 37
12, 341, 5
12, 341, 48
12, 343, 4
12, 345, 3
12, 345, 48
12, 348, 9
12, 348, 16
12, 349, 23
12, 352, 2
12, 354, 3
12, 356, 27
12, 356, 38
12, 359, 14
12, 360, 7
12, 360, 36
12, 361, 34
12, 364, 19
12, 365, 25
12, 366, 47
12, 366, 51
12, 369, 39
12, 369, 40
12, 373, 8
12, 373, 32
12, 374, 11
12, 374, 22
12, 377, 12
12, 377, 40
12, 378, 38
12, 379, 24
12, 379, 58
12, 380, 24
12, 380, 31
12, 386, 40
12, 387, 17
12, 392, 13
12, 393, 47
12, 394, 21
12, 395, 35
12, 396, 28
12, 396, 33
12, 398, 9
13, 2, 42
13, 4, 17
13, 4, 44
13, 6, 9
13, 7, 16
13, 8, 36
13, 9, 18
13, 10, 26
13, 10, 43
13, 11, 22
13, 15, 20
13, 17, 32
13, 20, 54
13, 23, 47
13, 25, 19
13, 28, 28
13, 31, 11
13, 32, 22
13, 33, 8
13, 33, 27
13, 35, 41
13, 40, 45
13, 41, 25
13, 45, 18
13, 46, 13
13, 46, 26
13, 47, 2
13, 47, 39
13, 54, 27
13, 55, 52
13, 57, 1
13, 58, 43
13, 60, 31
13, 61, 11
13, 63, 4
13, 64, 30
13, 65, 6
13, 65, 55
13, 66, 2
13, 66, 47
13, 67, 44
13, 68, 29
13, 69, 10
13, 70, 42
13, 71, 1
13, 74, 40
13, 74, 44
13, 77, 23
13, 79, 27
13, 79, 55
13, 82, 5
13, 84, 14
13, 84, 16
13, 87, 9
13, 87, 12
13, 89, 15
13, 91, 56
13, 93, 45
13, 95, 38
13, 96, 16
13, 98, 17
13, 100, 27
13, 102, 52
13, 105, 33
13, 105, 36
13, 107, 41
13, 108, 18
13, 111, 28
13, 112, 14
13, 113, 21
13, 113, 23
13, 118, 35
13, 120, 21
13, 122, 6
13, 126, 37
13, 131, 11
13, 132, 7
13, 141, 39
13, 146, 5
13, 147, 13
13, 147, 26
13, 148, 25
13, 148, 32
13, 148, 35
13, 148, 55
13, 149, 22
13, 150, 42
13, 151, 15
13, 151, 43
13, 152, 8
13, 153, 16
13, 156, 49
13, 157, 2
13, 158, 3
13, 158, 20
13, 158, 54
13, 159, 51
13, 163, 19
13, 163, 24
13, 165, 36
13, 166, 19
13, 167, 32
13, 167, 48
13, 175, 5
13, 175, 47
13, 177, 30
13, 177, 44
13, 178, 7
13, 179, 3
13, 180, 9
13, 183, 50
13, 184, 5
13, 184, 55
13, 189, 51
13, 191, 1
13, 195, 23
13, 195, 28
13, 196, 16
13, 198, 31
13, 201, 40
13, 202, 56
13, 206, 10
13, 208, 18
13, 209, 21
13, 209, 45
13, 210, 31
13, 211, 6
13, 213, 4
13, 214, 45
13, 216, 29
13, 218, 8
13, 218, 12
13, 218, 18
13, 218, 45
13, 224, 11
13, 224, 45
13, 231, 34
13, 233, 21
13, 236, 38
13, 237, 58
13, 238, 34
13, 238, 35
13, 239, 15
13, 240, 22
13, 240, 33
13, 240, 36
13, 241, 29
13, 242, 4
13, 243, 47
13, 246, 35
13, 250, 12
13, 252, 3
13, 252, 25
13, 253, 27
13, 254, 1
13, 257, 26
13, 259, 41
13, 260, 5
13, 261, 29
13, 261, 36
13, 265, 32
13, 266, 48
13, 271, 42
13, 271, 51
13, 274, 20
13, 276, 47
13, 278, 52
13, 284, 17
13, 284, 30
13, 285, 54
13, 287, 16
13, 287, 49
13, 288, 2
13, 288, 16
13, 289, 43
13, 293, 39
13, 294, 13
13, 294, 31
13, 294, 40
13, 296, 38
13, 297, 32
13, 298, 23
13, 304, 48
13, 305, 33
13, 309, 26
13, 310, 3
13, 311, 55
13, 312, 9
13, 313, 18
13, 320, 56
13, 321, 36
13, 322, 39
13, 323, 14
13, 323, 45
13, 324, 22
13, 325, 28
13, 326, 5
13, 328, 7
13, 328, 22
13, 328, 29
13, 328, 32
13, 329, 3
13, 329, 30
13, 336, 15
13, 337, 4
13, 339, 10
13, 341, 19
13, 342, 41
13, 344, 45
13, 348, 27
13, 354, 41
13, 359, 21
13, 362, 25
13, 363, 48
13, 366, 27
13, 368, 36
13, 372, 47
13, 373, 17
13, 374, 33
13, 375, 18
13, 376, 22
13, 382, 34
13, 383, 19
13, 385, 23
13, 385, 45
13, 388, 24
13, 391, 58
13, 397, 16
13, 397, 49
14, 1, 36
14, 3, 28
14, 4, 12
14, 5, 16
14, 6, 8
14, 6, 34
14, 6, 37
14, 7, 9
14, 9, 17
14, 10, 15
14, 11, 30
14, 11, 40
14, 12, 23
14, 14, 14
14, 16, 20
14, 19, 13
14, 19, 20
14, 21, 35
14, 22, 12
14, 22, 33
14, 23, 25
14, 23, 51
14, 26, 26
14, 27, 22
14, 28, 10
14, 31, 31
14, 35, 30
14, 35, 49
14, 36, 3
14, 36, 52
14, 37, 19
14, 38, 29
14, 38, 42
14, 40, 15
14, 42, 31
14, 43, 13
14, 43, 39
14, 46, 1
14, 46, 5
14, 47, 10
14, 49, 32
14, 50, 56
14, 53, 40
14, 56, 23
14, 56, 34
14, 59, 11
14, 59, 24
14, 60, 25
14, 60, 27
14, 62, 8
14, 67, 37
14, 67, 41
14, 70, 22
14, 72, 18
14, 73, 5
14, 73, 17
14, 74, 8
14, 74, 29
14, 76, 2
14, 78, 54
14, 84, 12
14, 84, 32
14, 85, 13
14, 89, 10
14, 90, 10
14, 90, 49
14, 91, 26
14, 95, 12
14, 95, 18
14, 95, 44
14, 95, 51
14, 95, 53
14, 97, 21
14, 98, 36
14, 99, 28
14, 99, 31
14, 99, 36
14, 101, 16
14, 101, 48
14, 103, 3
14, 107, 14
14, 108, 54
14, 109, 29
14, 110, 35
14, 110, 38
14, 111, 6
14, 111, 16
14, 114, 33
14, 115, 47
14, 118, 42
14, 121, 36
14, 122, 39
14, 123, 45
14, 126, 56
14, 128, 2
14, 128, 40
14, 128, 52
14, 130, 21
14, 134, 33
14, 135, 5
14, 138, 20
14, 138, 23
14, 138, 40
14, 138, 46
14, 139, 1
14, 139, 4
14, 142, 27
14, 143, 45
14, 147, 18
14, 148, 7
14, 148, 15
14, 151, 38
14, 152, 13
14, 153, 9
14, 156, 11
14, 157, 51
14, 160, 26
14, 167, 10
14, 168, 2
14, 168, 16
14, 170, 42
14, 172, 14
14, 174, 18
14, 174, 34
14, 177, 22
14, 177, 37
14, 178, 35
14, 181, 16
14, 181, 28
14, 182, 27
14, 184, 20
14, 184, 38
14, 186, 24
14, 186, 41
14, 187, 17
14, 188, 22
14, 189, 43
14, 190, 12
14, 190, 31
14, 192, 30
14, 193, 19
14, 193, 43
14, 198, 21
14, 198, 38
14, 200, 37
14, 201, 25
14, 203, 39
14, 205, 51
14, 207, 3
14, 207, 47
14, 207, 52
14, 210, 39
14, 211, 11
14, 212, 9
14, 212, 53
14, 213, 48
14, 218, 41
14, 218, 52
14, 222, 14
14, 223, 23
14, 226, 8
14, 228, 32
14, 229, 48
14, 230, 37
14, 231, 2
14, 233, 15
14, 234, 6
14, 235, 29
14, 236, 7
14, 240, 19
14, 240, 25
14, 245, 56
14, 247, 10
14, 247, 53
14, 248, 15
14, 248, 44
14, 249, 23
14, 249, 33
14, 249, 54
14, 252, 4
14, 252, 19
14, 252, 53
14, 253, 13
14, 253, 42
14, 254, 23
14, 255, 49
14, 256, 26
14, 257, 17
14, 259, 12
14, 261, 8
14, 262, 1
14, 263, 20
14, 263, 48
14, 264, 10
14, 264, 25
14, 265, 9
14, 268, 47
14, 271, 29
14, 271, 34
14, 273, 35
14, 274, 11
14, 275, 32
14, 276, 31
14, 276, 54
14, 277, 3
14, 277, 22
14, 277, 42
14, 279, 4
14, 280, 38
14, 282, 28
14, 284, 44
14, 291, 3
14, 293, 48
14, 294, 14
14, 300, 49
14, 304, 18
14, 305, 45
14, 308, 5
14, 309, 43
14, 310, 9
14, 311, 21
14, 311, 27
14, 312, 39
14, 314, 20
14, 314, 36
14, 315, 11
14, 315, 27
14, 315, 28
14, 316, 15
14, 318, 31
14, 318, 36
14, 319, 32
14, 319, 46
14, 324, 6
14, 324, 7
14, 325, 51
14, 327, 16
14, 328, 23
14, 330, 24
14, 331, 14
14, 332, 33
14, 333, 2
14, 334, 47
14, 337, 24
14, 337, 39
14, 337, 54
14, 338, 45
14, 339, 14
14, 339, 22
14, 341, 58
14, 342, 29
14, 345, 30
14, 345, 44
14, 346, 41
14, 348, 36
14, 350, 12
14, 350, 44
14, 350, 48
14, 351, 19
14, 351, 41
14, 351, 52
14, 353, 43
14, 359, 31
14, 361, 34
14, 363, 30
14, 363, 37
14, 364, 12
14, 364, 52
14, 364, 54
14, 370, 32
14, 375, 8
14, 375, 40
14, 376, 1
14, 378, 48
14, 378, 50
14, 379, 17
14, 380, 34
14, 380, 56
14, 382, 38
14, 388, 47
14, 389, 44
14, 391, 3
14, 393, 2
14, 394, 39
14, 395, 5
14, 395, 10
14, 395, 30
14, 395, 49
14, 396, 20
14, 397, 2
14, 398, 12
14, 399, 4
14, 399, 15
14, 399, 38
15, 3, 12
15, 4, 26
15, 5, 12
15, 5, 50
15, 7, 49
15, 12, 11
15, 13, 6
15, 13, 31
15, 15, 29
15, 16, 25
15, 20, 2
15, 24, 19
15, 24, 47
15, 26, 40
15, 31, 15
15, 31, 45
15, 32, 42
15, 35, 10
15, 35, 28
15, 35, 41
15, 36, 4
15, 36, 9
15, 38, 24
15, 39, 41
15, 41, 35
15, 42, 39
15, 43, 8
15, 44, 37
15, 47, 39
15, 49, 34
15, 49, 42
15, 49, 48
15, 56, 15
15, 59, 30
15, 60, 38
15, 61, 57
15, 63, 27
15, 66, 51
15, 67, 21
15, 72, 53
15, 73, 25
15, 74, 7
15, 74, 32
15, 75, 43
15, 77, 8
15, 77, 46
15, 79, 23
15, 81, 42
15, 83, 22
15, 83, 35
15, 84, 29
15, 84, 33
15, 89, 13
15, 91, 47
15, 92, 9
15, 94, 55
15, 96, 2
15, 99, 8
15, 101, 3
15, 105, 50
15, 107, 12
15, 110, 26
15, 110, 44
15, 113, 2
15, 113, 15
15, 113, 36
15, 114, 11
15, 115, 7
15, 115, 37
15, 115, 47
15, 120, 41
15, 125, 4
15, 127, 48
15, 128, 13
15, 128, 21
15, 130, 52
15, 131, 9
15, 135, 19
15, 136, 17
15, 137, 24
15, 138, 22
15, 138, 30
15, 138, 31
15, 140, 48
15, 141, 12
15, 142, 3
15, 144, 40
15, 147, 4
15, 149, 34
15, 150, 38
15, 151, 10
15, 153, 30
15, 163, 24
15, 164, 35
15, 166, 43
15, 169, 28
15, 169, 39
15, 172, 18
15, 172, 23
15, 175, 48
15, 177, 51
15, 179, 15
15, 182, 5
15, 182, 6
15, 182, 39
15, 185, 50
15, 189, 15
15, 192, 16
15, 192, 29
15, 196, 50
15, 197, 5
15, 197, 15
15, 198, 1
15, 201, 42
15, 202, 14
15, 204, 32
15, 205, 26
15, 210, 20
15, 210, 30
15, 210, 47
15, 210, 50
15, 211, 37
15, 213, 40
15, 214, 12
15, 217, 2
15, 217, 35
15, 219, 4
15, 219, 9
15, 219, 22
15, 219, 25
15, 219, 35
15, 222, 1
15, 224, 10
15, 224, 26
15, 224, 31
15, 225, 38
15, 225, 48
15, 227, 21
15, 229, 4
15, 229, 42
15, 232, 33
15, 233, 44
15, 234, 24
15, 240, 47
15, 242, 45
15, 243, 9
15, 246, 44
15, 247, 7
15, 247, 17
15, 247, 51
15, 251, 41
15, 252, 36
15, 258, 35
15, 260, 3
15, 260, 12
15, 261, 39
15, 263, 53
15, 264, 39
15, 265, 28
15, 266, 13
15, 266, 49
15, 268, 5
15, 268, 15
15, 270, 17
15, 272, 19
15, 276, 25
15, 279, 42
15, 283, 54
15, 285, 6
15, 285, 30
15, 286, 14
15, 289, 52
15, 290, 28
15, 290, 38
15, 291, 7
15, 292, 39
15, 293, 6
15, 293, 22
15, 293, 33
15, 294, 12
15, 296, 34
15, 297, 32
15, 297, 46
15, 299, 43
15, 300, 33
15, 300, 42
15, 304, 21
15, 307, 41
15, 308, 57
15, 310, 30
15, 311, 1
15, 311, 37
15, 313, 16
15, 314, 11
15, 316, 2
15, 316, 42
15, 317, 55
15, 318, 4
15, 318, 5
15, 322, 15
15, 324, 18
15, 325, 20
15, 329, 41
15, 336, 3
15, 336, 26
15, 339, 48
15, 349, 39
15, 352, 19
15, 353, 23
15, 354, 3
15, 354, 25
15, 356, 11
15, 357, 22
15, 361, 9
15, 361, 36
15, 362, 2
15, 362, 24
15, 362, 31
15, 368, 32
15, 368, 44
15, 369, 6
15, 371, 9
15, 371, 36
15, 373, 17
15, 373, 57
15, 374, 33
15, 376, 27
15, 377, 12
15, 380, 50
15, 381, 37
15, 385, 35
15, 386, 14
15, 389, 42
15, 390, 8
15, 397, 28
16, 1, 58
16, 4, 42
16, 4, 50
16, 8, 36
16, 11, 33
16, 11, 34
16, 11, 45
16, 12, 5
16, 12, 7
16, 15, 43
16, 18, 1
16, 18, 25
16, 19, 37
16, 20, 11
16, 23, 23
16, 24, 2
16, 24, 44
16, 24, 48
16, 26, 27
16, 30, 10
16, 30, 40
16, 31, 22
16, 33, 6
16, 33, 54
16, 35, 35
16, 36, 14
16, 43, 50
16, 44, 5
16, 45, 52
16, 49, 19
16, 53, 6
16, 53, 41
16, 55, 5
16, 55, 29
16, 56, 2
16, 60, 1
16, 60, 17
16, 60, 43
16, 65, 39
16, 67, 4
16, 67, 54
16, 68, 15
16, 70, 9
16, 71, 37
16, 72, 32
16, 72, 39
16, 73, 31
16, 74, 12
16, 75, 3
16, 75, 40
16, 77, 35
16, 79, 4
16, 79, 45
16, 81, 26
16, 85, 33
16, 85, 38
16, 86, 8
16, 87, 55
16, 88, 34
16, 92, 14
16, 92, 30
16, 94, 36
16, 95, 28
16, 96, 20
16, 97, 16
16, 98, 8
16, 99, 27
16, 99, 34
16, 101, 10
16, 103, 20
16, 104, 15
16, 104, 22
16, 107, 10
16, 109, 18
16, 111, 25
16, 112, 21
16, 113, 8
16, 120, 22
16, 121, 2
16, 123, 27
16, 124, 44
16, 125, 54
16, 126, 46
16, 127, 4
16, 129, 8
16, 130, 13
16, 131, 33
16, 133, 22
16, 133, 43
16, 136, 6
16, 136, 45
16, 138, 35
16, 138, 52
16, 142, 8
16, 142, 23
16, 143, 9
16, 143, 20
16, 146, 7
16, 147, 19
16, 147, 36
16, 148, 27
16, 149, 12
16, 150, 14
16, 150, 55
16, 151, 1
16, 153, 3
16, 153, 41
16, 154, 3
16, 159, 17
16, 163, 48
16, 165, 29
16, 166, 5
16, 166, 17
16, 168, 16
16, 170, 45
16, 170, 52
16, 171, 39
16, 176, 35
16, 177, 55
16, 180, 20
16, 180, 51
16, 182, 33
16, 183, 1
16, 183, 53
16, 184, 44
16, 186, 12
16, 188, 23
16, 188, 28
16, 189, 50
16, 192, 42
16, 193, 40
16, 195, 37
16, 198, 21
16, 199, 30
16, 201, 11
16, 202, 15
16, 204, 25
16, 206, 31
16, 206, 46
16, 207, 26
16, 208, 38
16, 210, 30
16, 210, 42
16, 214, 10
16, 215, 26
16, 215, 43
16, 216, 32
16, 217, 27
16, 217, 47
16, 219, 40
16, 220, 28
16, 220, 45
16, 220, 46
16, 222, 38
16, 225, 19
16, 225, 34
16, 226, 21
16, 228, 29
16, 229, 7
16, 231, 29
16, 232, 41
16, 233, 32
16, 235, 11
16, 235, 34
16, 236, 22
16, 239, 22
16, 240, 24
16, 241, 6
16, 244, 58
16, 245, 18
16, 250, 48
16, 251, 24
16, 251, 52
16, 253, 37
16, 255, 3
16, 257, 2
16, 257, 13
16, 259, 52
16, 260, 17
16, 260, 20
16, 261, 10
16, 261, 37
16, 262, 7
16, 262, 14
16, 265, 23
16, 265, 36
16, 267, 45
16, 268, 29
16, 269, 48
16, 270, 8
16, 271, 4
16, 271, 10
16, 273, 2
16, 273, 55
16, 277, 47
16, 277, 53
16, 278, 41
16, 279, 33
16, 282, 3
16, 282, 50
16, 286, 1
16, 288, 27
16, 289, 7
16, 291, 19
16, 294, 8
16, 294, 54
16, 298, 27
16, 299, 9
16, 305, 23
16, 307, 42
16, 308, 15
16, 309, 28
16, 310, 43
16, 310, 52
16, 312, 20
16, 315, 17
16, 316, 5
16, 318, 16
16, 319, 34
16, 322, 16
16, 323, 6
16, 323, 21
16, 324, 30
16, 324, 34
16, 325, 29
16, 329, 11
16, 332, 32
16, 332, 51
16, 337, 35
16, 338, 3
16, 339, 36
16, 340, 37
16, 343, 3
16, 344, 39
16, 345, 42
16, 349, 22
16, 350, 4
16, 350, 48
16, 351, 10
16, 351, 20
16, 351, 30
16, 353, 42
16, 354, 1
16, 355, 53
16, 356, 28
16, 357, 6
16, 358, 2
16, 360, 55
16, 361, 31
16, 362, 45
16, 362, 47
16, 363, 51
16, 364, 48
16, 368, 22
16, 368, 35
16, 369, 12
16, 371, 23
16, 374, 13
16, 375, 27
16, 378, 1
16, 378, 15
16, 378, 21
16, 380, 9
16, 380, 18
16, 382, 36
16, 383, 52
16, 385, 5
16, 385, 24
16, 385, 47
16, 388, 15
16, 390, 12
16, 390, 16
16, 392, 8
16, 392, 38
16, 392, 43
16, 395, 41
16, 397, 47
16, 398, 8
16, 399, 37
16, 399, 40
17, 2, 35
17, 7, 25
17, 10, 23
17, 23, 11
17, 23, 22
17, 27, 20
17, 29, 4
17, 29, 14
17, 29, 50
17, 32, 17
17, 32, 40
17, 33, 34
17, 34, 46
17, 37, 3
17, 37, 13
17, 43, 37
17, 44, 24
17, 48, 10
17, 48, 11
17, 48, 31
17, 51, 27
17, 51, 43
17, 52, 42
17, 53, 27
17, 57, 35
17, 57, 52
17, 59, 22
17, 59, 38
17, 60, 28
17, 68, 19
17, 71, 5
17, 72, 36
17, 73, 27
17, 75, 44
17, 75, 45
17, 79, 19
17, 81, 39
17, 82, 16
17, 82, 23
17, 84, 9
17, 84, 32
17, 84, 37
17, 84, 50
17, 87, 19
17, 87, 49
17, 89, 30
17, 91, 28
17, 97, 6
17, 100, 7
17, 102, 18
17, 104, 38
17, 104, 43
17, 105, 25
17, 108, 2
17, 108, 4
17, 110, 51
17, 111, 55
17, 115, 14
17, 115, 32
17, 116, 5
17, 119, 48
17, 121, 49
17, 122, 8
17, 123, 1
17, 126, 27
17, 127, 22
17, 128, 9
17, 130, 33
17, 131, 8
17, 131, 31
17, 132, 11
17, 132, 42
17, 138, 42
17, 139, 34
17, 140, 46
17, 141, 26
17, 145, 52
17, 146, 30
17, 146, 37
17, 148, 30
17, 153, 28
17, 155, 54
17, 156, 11
17, 156, 15
17, 158, 44
17, 158, 55
17, 161, 6
17, 161, 35
17, 163, 6
17, 163, 21
17, 164, 43
17, 165, 3
17, 165, 33
17, 169, 56
17, 170, 32
17, 174, 16
17, 174, 41
17, 176, 24
17, 179, 17
17, 182, 5
17, 182, 9
17, 182, 45
17, 183, 36
17, 183, 42
17, 186, 39
17, 190, 6
17, 190, 13
17, 191, 19
17, 196, 29
17, 200, 4
17, 201, 35
17, 202, 9
17, 204, 16
17, 206, 17
17, 207, 13
17, 211, 7
17, 213, 23
17, 213, 36
17, 221, 18
17, 221, 52
17, 224, 5
17, 224, 50
17, 226, 33
17, 228, 46
17, 229, 50
17, 230, 51
17, 233, 26
17, 238, 2
17, 242, 4
17, 243, 34
17, 246, 22
17, 246, 31
17, 247, 37
17, 248, 9
17, 250, 14
17, 251, 8
17, 253, 38
17, 255, 32
17, 256, 10
17, 262, 50
17, 264, 55
17, 266, 30
17, 268, 3
17, 269, 11
17, 269, 13
17, 270, 17
17, 272, 41
17, 277, 1
17, 280, 29
17, 281, 35
17, 283, 25
17, 286, 21
17, 287, 17
17, 287, 18
17, 292, 19
17, 292, 43
17, 293, 49
17, 294, 48
17, 295, 24
17, 297, 46
17, 298, 4
17, 298, 12
17, 300, 55
17, 301, 14
17, 304, 6
17, 305, 9
17, 306, 33
17, 307, 56
17, 309, 28
17, 312, 32
17, 312, 36
17, 314, 50
17, 317, 42
17, 319, 44
17, 323, 51
17, 332, 23
17, 333, 13
17, 339, 8
17, 340, 23
17, 341, 15
17, 342, 15
17, 342, 45
17, 346, 46
17, 347, 2
17, 348, 52
17, 350, 11
17, 351, 42
17, 353, 31
17, 353, 49
17, 354, 48
17, 355, 28
17, 356, 30
17, 358, 25
17, 359, 32
17, 359, 34
17, 360, 17
17, 361, 6
17, 361, 40
17, 363, 27
17, 364, 4
17, 369, 43
17, 369, 56
17, 373, 53
17, 375, 7
17, 377, 29
17, 380, 44
17, 381, 55
17, 383, 1
17, 383, 35
17, 391, 19
17, 393, 40
17, 394, 28
17, 395, 49
17, 396, 8
18, 3, 44
18, 4, 6
18, 4, 13
18, 5, 32
18, 5, 50
18, 6, 44
18, 7, 33
18, 8, 32
18, 9, 26
18, 12, 20
18, 14, 13
18, 15, 51
18, 16, 28
18, 19, 53
18, 21, 1
18, 22, 6
18, 23, 34
18, 24, 7
18, 24, 14
18, 25, 30
18, 26, 43
18, 26, 45
18, 27, 40
18, 28, 13
18, 28, 14
18, 31, 54
18, 33, 10
18, 33, 15
18, 36, 48
18, 40, 23
18, 43, 4
18, 44, 21
18, 45, 58
18, 46, 20
18, 46, 35
18, 48, 3
18, 48, 18
18, 50, 11
18, 52, 21
18, 58, 36
18, 58, 38
18, 59, 11
18, 59, 16
18, 59, 39
18, 60, 11
18, 63, 41
18, 64, 2
18, 68, 45
18, 70, 19
18, 70, 53
18, 71, 7
18, 72, 1
18, 73, 4
18, 73, 13
18, 73, 50
18, 76, 23
18, 76, 38
18, 76, 55
18, 77, 31
18, 83, 15
18, 85, 8
18, 85, 46
18, 86, 10
18, 86, 30
18, 87, 7
18, 92, 1
18, 92, 6
18, 92, 44
18, 93, 30
18, 95, 54
18, 96, 29
18, 97, 36
18, 98, 21
18, 99, 7
18, 100, 29
18, 100, 34
18, 101, 48
18, 101, 53
18, 103, 40
18, 104, 14
18, 106, 37
18, 108, 35
18, 109, 25
18, 109, 44
18, 110, 50
18, 112, 16
18, 114, 26
18, 114, 51
18, 116, 12
18, 116, 24
18, 119, 14
18, 119, 28
18, 122, 13
18, 124, 21
18, 125, 17
18, 125, 32
18, 125, 53
18, 130, 6
18, 130, 45
18, 135, 15
18, 136, 27
18, 140, 30
18, 142, 9
18, 144, 39
18, 146, 41
18, 148, 6
18, 149, 3
18, 149, 45
18, 150, 34
18, 151, 16
18, 152, 33
18, 153, 22
18, 154, 5
18, 155, 40
18, 157, 3
18, 157, 8
18, 157, 15
18, 161, 52
18, 163, 20
18, 165, 42
18, 169, 27
18, 169, 58
18, 171, 25
18, 173, 33
18, 173, 55
18, 176, 30
18, 176, 54
18, 177, 25
18, 177, 26
18, 177, 46
18, 180, 27
18, 182, 18
18, 182, 30
18, 183, 36
18, 183, 51
18, 184, 4
18, 184, 28
18, 186, 10
18, 186, 12
18, 187, 1
18, 192, 24
18, 193, 7
18, 193, 22
18, 194, 11
18, 198, 23
18, 198, 34
18, 201, 55
18, 202, 53
18, 203, 31
18, 204, 22
18, 205, 2
18, 207, 32
18, 211, 47
18, 212, 54
18, 213, 14
18, 213, 16
18, 213, 51
18, 214, 35
18, 215, 6
18, 216, 28
18, 216, 48
18, 217, 4
18, 217, 37
18, 218, 17
18, 220, 19
18, 226, 9
18, 226, 22
18, 227, 40
18, 228, 43
18, 229, 21
18, 229, 34
18, 232, 58
18, 236, 15
18, 236, 18
18, 237, 38
18, 242, 16
18, 242, 27
18, 243, 37
18, 244, 13
18, 244, 53
18, 245, 43
18, 246, 50
18, 246, 53
18, 247, 27
18, 248, 45
18, 250, 12
18, 251, 2
18, 252, 33
18, 256, 15
18, 257, 29
18, 263, 5
18, 263, 23
18, 265, 20
18, 265, 47
18, 270, 7
18, 270, 8
18, 270, 19
18, 271, 29
18, 271, 35
18, 272, 5
18, 272, 31
18, 273, 26
18, 274, 3
18, 274, 11
18, 277, 15
18, 279, 12
18, 279, 51
18, 282, 38
18, 283, 44
18, 283, 55
18, 284, 33
18, 285, 46
18, 287, 31
18, 289, 32
18, 290, 27
18, 290, 43
18, 290, 48
18, 293, 32
18, 293, 41
18, 293, 58
18, 296, 23
18, 297, 10
18, 298, 25
18, 298, 43
18, 299, 18
18, 300, 36
18, 305, 40
18, 309, 4
18, 311, 38
18, 313, 2
18, 313, 42
18, 318, 28
18, 320, 30
18, 326, 20
18, 327, 21
18, 329, 11
18, 329, 25
18, 329, 34
18, 331, 8
18, 332, 14
18, 334, 24
18, 335, 52
18, 336, 13
18, 338, 33
18, 339, 44
18, 339, 48
18, 340, 1
18, 340, 35
18, 340, 55
18, 341, 19
18, 344, 22
18, 345, 17
18, 346, 36
18, 347, 29
18, 348, 23
18, 349, 15
18, 355, 50
18, 358, 6
18, 358, 41
18, 359, 55
18, 360, 1
18, 361, 16
18, 362, 21
18, 363, 22
18, 365, 31
18, 366, 43
18, 367, 47
18, 369, 7
18, 369, 14
18, 369, 24
18, 371, 16
18, 372, 5
18, 372, 53
18, 373, 32
18, 375, 41
18, 375, 48
18, 377, 31
18, 381, 4
18, 381, 29
18, 382, 19
18, 383, 33
18, 385, 22
18, 386, 38
18, 387, 8
18, 388, 12
18, 388, 27
18, 390, 27
18, 390, 51
18, 391, 1
18, 392, 6
18, 392, 43
19, 1, 30
19, 4, 24
19, 8, 44
19, 9, 38
19, 11, 13
19, 13, 46
19, 15, 8
19, 16, 15
19, 16, 55
19, 25, 30
19, 28, 40
19, 29, 33
19, 29, 42
19, 30, 7
19, 31, 38
19, 33, 20
19, 34, 2
19, 35, 15
19, 36, 30
19, 41, 5
19, 41, 14
19, 46, 21
19, 47, 41
19, 54, 36
19, 54, 38
19, 56, 5
19, 56, 34
19, 57, 23
19, 58, 10
19, 63, 21
19, 65, 9
19, 65, 11
19, 65, 30
19, 66, 22
19, 66, 37
19, 69, 17
19, 69, 30
19, 69, 54
19, 75, 27
19, 76, 1
19, 76, 3
19, 78, 28
19, 80, 45
19, 82, 18
19, 86, 20
19, 88, 50
19, 89, 13
19, 91, 31
19, 93, 23
19, 94, 26
19, 95, 43
19, 98, 21
19, 103, 35
19, 111, 46
19, 111, 47
19, 112, 4
19, 112, 19
19, 113, 31
19, 113, 38
19, 114, 8
19, 118, 7
19, 118, 11
19, 119, 41
19, 122, 5
19, 123, 2
19, 124, 44
19, 126, 40
19, 128, 39
19, 128, 54
19, 130, 31
19, 130, 39
19, 131, 32
19, 133, 44
19, 134, 15
19, 135, 36
19, 135, 52
19, 136, 40
19, 140, 23
19, 143, 55
19, 145, 23
19, 149, 17
19, 152, 55
19, 153, 14
19, 153, 41
19, 155, 20
19, 156, 37
19, 157, 51
19, 158, 4
19, 160, 13
19, 161, 22
19, 161, 45
19, 163, 33
19, 165, 12
19, 166, 24
19, 167, 34
19, 168, 30
19, 174, 24
19, 175, 11
19, 177, 9
19, 179, 24
19, 179, 30
19, 181, 35
19, 182, 5
19, 183, 39
19, 184, 18
19, 185, 46
19, 188, 3
19, 189, 28
19, 189, 47
19, 190, 8
19, 191, 42
19, 194, 29
19, 196, 38
19, 199, 33
19, 199, 45
19, 200, 18
19, 200, 27
19, 204, 20
19, 208, 47
19, 215, 2
19, 216, 15
19, 217, 41
19, 217, 50
19, 219, 39
19, 219, 50
19, 220, 20
19, 221, 54
19, 225, 7
19, 225, 8
19, 226, 2
19, 227, 15
19, 227, 21
19, 228, 19
19, 229, 23
19, 233, 5
19, 233, 28
19, 234, 13
19, 234, 21
19, 237, 43
19, 238, 8
19, 239, 24
19, 241, 30
19, 241, 43
19, 245, 8
19, 245, 40
19, 252, 36
19, 256, 41
19, 258, 17
19, 261, 29
19, 261, 55
19, 264, 12
19, 264, 31
19, 265, 32
19, 266, 4
19, 266, 51
19, 267, 39
19, 268, 25
19, 268, 42
19, 271, 2
19, 274, 27
19, 274, 38
19, 275, 3
19, 277, 13
19, 277, 43
19, 279, 10
19, 280, 14
19, 280, 26
19, 280, 47
19, 281, 21
19, 282, 19
19, 282, 35
19, 284, 33
19, 284, 46
19, 285, 46
19, 288, 22
19, 288, 44
19, 290, 5
19, 292, 2
19, 292, 23
19, 296, 28
19, 297, 7
19, 304, 20
19, 306, 47
19, 309, 3
19, 310, 20
19, 310, 42
19, 317, 24
19, 320, 11
19, 321, 2
19, 325, 45
19, 325, 52
19, 326, 40
19, 326, 57
19, 329, 38
19, 332, 44
19, 333, 41
19, 334, 39
19, 335, 14
19, 336, 25
19, 339, 15
19, 341, 23
19, 342, 5
19, 342, 18
19, 342, 44
19, 346, 11
19, 346, 30
19, 354, 7
19, 354, 13
19, 354, 19
19, 354, 46
19, 357, 23
19, 357, 52
19, 359, 6
19, 359, 9
19, 359, 17
19, 359, 41
19, 360, 21
19, 362, 31
19, 366, 32
19, 369, 13
19, 372, 25
19, 375, 29
19, 379, 14
19, 385, 42
19, 388, 30
19, 389, 8
19, 389, 26
19, 391, 29
19, 392, 44
19, 395, 23
19, 395, 52
19, 397, 12
