0, 0, 0
0, 1, 0
0, 2, 0
0, 3, 0
0, 4, 0
0, 5, 0
0, 6, 0
0, 7, 0
0, 8, 0
0, 9, 0
0, 10, 0
0, 11, 0
0, 12, 0
0, 13, 0
0, 14, 0
0, 15, 0
0, 16, 0
0, 17, 0
0, 18, 0
0, 19, 0
0, 20, 0
0, 21, 0
0, 22, 0
0, 23, 0
0, 24, 0
0, 25, 0
0, 26, 0
0, 27, 0
0, 28, 0
0, 29, 0
0, 30, 0
0, 31, 0
0, 32, 0
0, 33, 0
0, 34, 0
0, 35, 0
0, 36, 0
0, 37, 0
0, 38, 0
0, 39, 0
0, 40, 0
0, 41, 0
0, 42, 0
0, 43, 0
0, 44, 0
0, 45, 0
0, 46, 0
0, 47, 0
0, 48, 0
0, 49, 0
0, 50, 0
0, 51, 0
0, 52, 0
0, 53, 0
0, 54, 0
0, 55, 0
0, 56, 0
0, 57, 0
0, 58, 0
0, 59, 0
0, 60, 0
0, 61, 0
0, 62, 0
0, 63, 0
0, 64, 0
0, 65, 0
0, 66, 0
0, 67, 0
0, 68, 0
0, 69, 0
0, 70, 0
0, 71, 0
0, 72, 0
0, 73, 0
0, 74, 0
0, 75, 0
0, 76, 0
0, 77, 0
0, 78, 0
0, 79, 0
0, 80, 0
0, 81, 0
0, 82, 0
0, 83, 0
0, 84, 0
0, 85, 0
0, 86, 0
0, 87, 0
0, 88, 0
0, 89, 0
0, 90, 0
0, 91, 0
0, 92, 0
0, 93, 0
0, 94, 0
0, 95, 0
0, 96, 0
0, 97, 0
0, 98, 0
0, 99, 0
0, 100, 0
0, 101, 0
0, 102, 0
0, 103, 0
0, 104, 0
0, 105, 0
0, 106, 0
0, 107, 0
0, 108, 0
0, 109, 0
0, 110, 0
0, 111, 0
0, 112, 0
0, 113, 0
0, 114, 0
0, 115, 0
0, 116, 0
0, 117, 0
0, 118, 0
0, 119, 0
0, 120, 0
0, 121, 0
0, 122, 0
0, 123, 0
0, 124, 0
0, 125, 0
0, 126, 0
0, 127, 0
0, 128, 0
0, 129, 0
0, 130, 0
0, 131, 0
0, 132, 0
0, 133, 0
0, 134, 0
0, 135, 0
0, 136, 0
0, 137, 0
0, 138, 0
0, 139, 0
0, 140, 0
0, 141, 0
0, 142, 0
0, 143, 0
0, 144, 0
0, 145, 0
0, 146, 0
0, 147, 0
0, 148, 0
0, 149, 0
0, 150, 0
0, 151, 0
0, 152, 0
0, 153, 0
0, 154, 0
0, 155, 0
0, 156, 0
0, 157, 0
0, 158, 0
0, 159, 0
0, 160, 0
0, 161, 0
0, 162, 0
0, 163, 0
0, 164, 0
0, 165, 0
0, 166, 0
0, 167, 0
0, 168, 0
0, 169, 0
0, 170, 0
0, 171, 0
0, 172, 0
0, 173, 0
0, 174, 0
0, 175, 0
0, 176, 0
0, 177, 0
0, 178, 0
0, 179, 0
0, 180, 0
0, 181, 0
0, 182, 0
0, 183, 0
0, 184, 0
0, 185, 0
0, 186, 0
0, 187, 0
0, 188, 0
0, 189, 0
0, 190, 0
0, 191, 0
0, 192, 0
0, 193, 0
0, 194, 0
0, 195, 0
0, 196, 0
0, 197, 0
0, 198, 0
0, 199, 0
0, 200, 0
0, 201, 0
0, 202, 0
0, 203, 0
0, 204, 0
0, 205, 0
0, 206, 0
0, 207, 0
0, 208, 0
0, 209, 0
0, 210, 0
0, 211, 0
0, 212, 0
0, 213, 0
0, 214, 0
0, 215, 0
0, 216, 0
0, 217, 0
0, 218, 0
0, 219, 0
0, 220, 0
0, 221, 0
0, 222, 0
0, 223, 0
0, 224, 0
0, 225, 0
0, 226, 0
0, 227, 0
0, 228, 0
0, 229, 0
0, 230, 0
0, 231, 0
0, 232, 0
0, 233, 0
0, 234, 0
0, 235, 0
0, 236, 0
0, 237, 0
0, 238, 0
0, 239, 0
0, 240, 0
0, 241, 0
0, 242, 0
0, 243, 0
0, 244, 0
0, 245, 0
0, 246, 0
0, 247, 0
0, 248, 0
0, 249, 0
0, 250, 0
0, 251, 0
0, 252, 0
0, 253, 0
0, 254, 0
0, 255, 0
0, 256, 0
0, 257, 0
0, 258, 0
0, 259, 0
0, 260, 0
0, 261, 0
0, 262, 0
0, 263, 0
0, 264, 0
0, 265, 0
0, 266, 0
0, 267, 0
0, 268, 0
0, 269, 0
0, 270, 0
0, 271, 0
0, 272, 0
0, 273, 0
0, 274, 0
0, 275, 0
0, 276, 0
0, 277, 0
0, 278, 0
0, 279, 0
0, 280, 0
0, 281, 0
0, 282, 0
0, 283, 0
0, 284, 0
0, 285, 0
0, 286, 0
0, 287, 0
0, 288, 0
0, 289, 0
0, 290, 0
0, 291, 0
0, 292, 0
0, 293, 0
0, 294, 0
0, 295, 0
0, 296, 0
0, 297, 0
0, 298, 0
0, 299, 0
0, 300, 0
0, 301, 0
0, 302, 0
0, 303, 0
0, 304, 0
0, 305, 0
0, 306, 0
0, 307, 0
0, 308, 0
0, 309, 0
0, 310, 0
0, 311, 0
0, 312, 0
0, 313, 0
0, 314, 0
0, 315, 0
0, 316, 0
0, 317, 0
0, 318, 0
0, 319, 0
0, 320, 0
0, 321, 0
0, 322, 0
0, 323, 0
0, 324, 0
0, 325, 0
0, 326, 0
0, 327, 0
0, 328, 0
0, 329, 0
0, 330, 0
0, 331, 0
0, 332, 0
0, 333, 0
0, 334, 0
0, 335, 0
0, 336, 0
0, 337, 0
0, 338, 0
0, 339, 0
0, 340, 0
0, 341, 0
0, 342, 0
0, 343, 0
0, 344, 0
0, 345, 0
0, 346, 0
0, 347, 0
0, 348, 0
0, 349, 0
0, 350, 0
0, 351, 0
0, 352, 0
0, 353, 0
0, 354, 0
0, 355, 0
0, 356, 0
0, 357, 0
0, 358, 0
0, 359, 0
0, 360, 0
0, 361, 0
0, 362, 0
0, 363, 0
0, 364, 0
0, 365, 0
0, 366, 0
0, 367, 0
0, 368, 0
0, 369, 0
0, 370, 0
0, 371, 0
0, 372, 0
0, 373, 0
0, 374, 0
0, 375, 0
0, 376, 0
0, 377, 0
0, 378, 0
0, 379, 0
0, 380, 0
0, 381, 0
0, 382, 0
0, 383, 0
0, 384, 0
0, 385, 0
0, 386, 0
0, 387, 0
0, 388, 0
0, 389, 0
0, 390, 0
0, 391, 0
0, 392, 0
0, 393, 0
0, 394, 0
0, 395, 0
0, 396, 0
0, 397, 0
0, 398, 0
0, 399, 0
1, 0, 0
1, 1, 0
1, 2, 0
1, 3, 38
1, 4, 0
1, 5, 0
1, 6, 46
1, 7, 0
1, 8, 0
1, 9, 0
1, 10, 0
1, 11, 2
1, 12, 0
1, 13, 0
1, 14, 0
1, 15, 0
1, 16, 0
1, 17, 0
1, 18, 22
1, 19, 28
1, 20, 38
1, 21, 0
1, 22, 24
1, 23, 13
1, 24, 0
1, 25, 0
1, 26, 0
1, 27, 0
1, 28, 34
1, 29, 0
1, 30, 43
1, 31, 0
1, 32, 0
1, 33, 0
1, 34, 0
1, 35, 0
1, 36, 45
1, 37, 0
1, 38, 42
1, 39, 53
1, 40, 0
1, 41, 0
1, 42, 0
1, 43, 0
1, 44, 0
1, 45, 0
1, 46, 29
1, 47, 0
1, 48, 0
1, 49, 0
1, 50, 0
1, 51, 0
1, 52, 0
1, 53, 0
1, 54, 0
1, 55, 3
1, 56, 0
1, 57, 0
1, 58, 54
1, 59, 50
1, 60, 18
1, 61, 0
1, 62, 0
1, 63, 0
1, 64, 0
1, 65, 37
1, 66, 0
1, 67, 39
1, 68, 0
1, 69, 0
1, 70, 0
1, 71, 9
1, 72, 35
1, 73, 0
1, 74, 0
1, 75, 0
1, 76, 0
1, 77, 14
1, 78, 0
1, 79, 31
1, 80, 0
1, 81, 0
1, 82, 0
1, 83, 10
1, 84, 0
1, 85, 0
1, 86, 0
1, 87, 0
1, 88, 0
1, 89, 0
1, 90, 0
1, 91, 0
1, 92, 0
1, 93, 0
1, 94, 52
1, 95, 0
1, 96, 0
1, 97, 0
1, 98, 0
1, 99, 0
1, 100, 5
1, 101, 0
1, 102, 0
1, 103, 0
1, 104, 43
1, 105, 46
1, 106, 45
1, 107, 0
1, 108, 48
1, 109, 0
1, 110, 0
1, 111, 0
1, 112, 40
1, 113, 0
1, 114, 0
1, 115, 28
1, 116, 0
1, 117, 47
1, 118, 0
1, 119, 0
1, 120, 0
1, 121, 0
1, 122, 0
1, 123, 0
1, 124, 0
1, 125, 0
1, 126, 21
1, 127, 0
1, 128, 0
1, 129, 20
1, 130, 31
1, 131, 0
1, 132, 0
1, 133, 0
1, 134, 0
1, 135, 31
1, 136, 5
1, 137, 0
1, 138, 51
1, 139, 0
1, 140, 0
1, 141, 0
1, 142, 0
1, 143, 7
1, 144, 0
1, 145, 0
1, 146, 50
1, 147, 2
1, 148, 0
1, 149, 0
1, 150, 0
1, 151, 38
1, 152, 0
1, 153, 0
1, 154, 0
1, 155, 46
1, 156, 0
1, 157, 0
1, 158, 0
1, 159, 4
1, 160, 0
1, 161, 0
1, 162, 0
1, 163, 0
1, 164, 0
1, 165, 0
1, 166, 54
1, 167, 0
1, 168, 48
1, 169, 21
1, 170, 26
1, 171, 52
1, 172, 0
1, 173, 0
1, 174, 0
1, 175, 0
1, 176, 0
1, 177, 36
1, 178, 23
1, 179, 0
1, 180, 0
1, 181, 23
1, 182, 0
1, 183, 0
1, 184, 0
1, 185, 46
1, 186, 0
1, 187, 0
1, 188, 0
1, 189, 0
1, 190, 1
1, 191, 0
1, 192, 15
1, 193, 0
1, 194, 0
1, 195, 0
1, 196, 0
1, 197, 0
1, 198, 0
1, 199, 0
1, 200, 52
1, 201, 42
1, 202, 53
1, 203, 0
1, 204, 0
1, 205, 35
1, 206, 3
1, 207, 24
1, 208, 42
1, 209, 0
1, 210, 0
1, 211, 0
1, 212, 39
1, 213, 0
1, 214, 0
1, 215, 0
1, 216, 0
1, 217, 25
1, 218, 0
1, 219, 30
1, 220, 0
1, 221, 0
1, 222, 0
1, 223, 0
1, 224, 0
1, 225, 27
1, 226, 47
1, 227, 0
1, 228, 0
1, 229, 0
1, 230, 0
1, 231, 37
1, 232, 0
1, 233, 0
1, 234, 0
1, 235, 6
1, 236, 0
1, 237, 0
1, 238, 0
1, 239, 0
1, 240, 0
1, 241, 2
1, 242, 11
1, 243, 0
1, 244, 0
1, 245, 0
1, 246, 0
1, 247, 0
1, 248, 0
1, 249, 0
1, 250, 0
1, 251, 0
1, 252, 3
1, 253, 0
1, 254, 0
1, 255, 0
1, 256, 48
1, 257, 34
1, 258, 0
1, 259, 0
1, 260, 0
1, 261, 0
1, 262, 0
1, 263, 0
1, 264, 0
1, 265, 0
1, 266, 0
1, 267, 0
1, 268, 0
1, 269, 52
1, 270, 0
1, 271, 0
1, 272, 0
1, 273, 54
1, 274, 0
1, 275, 0
1, 276, 20
1, 277, 0
1, 278, 43
1, 279, 22
1, 280, 35
1, 281, 0
1, 282, 0
1, 283, 0
1, 284, 0
1, 285, 45
1, 286, 18
1, 287, 4
1, 288, 0
1, 289, 32
1, 290, 24
1, 291, 0
1, 292, 36
1, 293, 0
1, 294, 0
1, 295, 0
1, 296, 0
1, 297, 0
1, 298, 5
1, 299, 0
1, 300, 31
1, 301, 0
1, 302, 0
1, 303, 13
1, 304, 0
1, 305, 0
1, 306, 0
1, 307, 10
1, 308, 21
1, 309, 50
1, 310, 0
1, 311, 37
1, 312, 47
1, 313, 30
1, 314, 0
1, 315, 0
1, 316, 51
1, 317, 0
1, 318, 0
1, 319, 18
1, 320, 0
1, 321, 0
1, 322, 0
1, 323, 0
1, 324, 24
1, 325, 0
1, 326, 0
1, 327, 53
1, 328, 0
1, 329, 42
1, 330, 0
1, 331, 0
1, 332, 11
1, 333, 0
1, 334, 7
1, 335, 36
1, 336, 0
1, 337, 29
1, 338, 15
1, 339, 0
1, 340, 0
1, 341, 0
1, 342, 0
1, 343, 34
1, 344, 0
1, 345, 0
1, 346, 0
1, 347, 39
1, 348, 0
1, 349, 0
1, 350, 0
1, 351, 0
1, 352, 32
1, 353, 0
1, 354, 0
1, 355, 0
1, 356, 51
1, 357, 0
1, 358, 0
1, 359, 27
1, 360, 0
1, 361, 0
1, 362, 0
1, 363, 46
1, 364, 0
1, 365, 38
1, 366, 0
1, 367, 2
1, 368, 0
1, 369, 0
1, 370, 0
1, 371, 0
1, 372, 0
1, 373, 0
1, 374, 0
1, 375, 29
1, 376, 0
1, 377, 0
1, 378, 34
1, 379, 45
1, 380, 0
1, 381, 0
1, 382, 0
1, 383, 0
1, 384, 47
1, 385, 0
1, 386, 0
1, 387, 0
1, 388, 0
1, 389, 0
1, 390, 43
1, 391, 52
1, 392, 0
1, 393, 0
1, 394, 0
1, 395, 26
1, 396, 0
1, 397, 0
1, 398, 24
1, 399, 0
2, 0, 0
2, 1, 0
2, 2, 0
2, 3, 0
2, 4, 50
2, 5, 35
2, 6, 0
2, 7, 0
2, 8, 0
2, 9, 40
2, 10, 0
2, 11, 3
2, 12, 0
2, 13, 20
2, 14, 0
2, 15, 0
2, 16, 0
2, 17, 51
2, 18, 0
2, 19, 0
2, 20, 0
2, 21, 0
2, 22, 0
2, 23, 0
2, 24, 0
2, 25, 0
2, 26, 0
2, 27, 0
2, 28, 0
2, 29, 32
2, 30, 8
2, 31, 0
2, 32, 21
2, 33, 50
2, 34, 0
2, 35, 0
2, 36, 0
2, 37, 28
2, 38, 0
2, 39, 0
2, 40, 58
2, 41, 0
2, 42, 0
2, 43, 11
2, 44, 40
2, 45, 27
2, 46, 0
2, 47, 0
2, 48, 0
2, 49, 0
2, 50, 0
2, 51, 17
2, 52, 33
2, 53, 14
2, 54, 28
2, 55, 37
2, 56, 46
2, 57, 0
2, 58, 37
2, 59, 0
2, 60, 0
2, 61, 43
2, 62, 0
2, 63, 0
2, 64, 42
2, 65, 0
2, 66, 0
2, 67, 19
2, 68, 0
2, 69, 0
2, 70, 0
2, 71, 29
2, 72, 0
2, 73, 13
2, 74, 0
2, 75, 0
2, 76, 0
2, 77, 40
2, 78, 0
2, 79, 3
2, 80, 0
2, 81, 0
2, 82, 0
2, 83, 0
2, 84, 41
2, 85, 26
2, 86, 0
2, 87, 51
2, 88, 0
2, 89, 18
2, 90, 39
2, 91, 6
2, 92, 55
2, 93, 28
2, 94, 0
2, 95, 0
2, 96, 0
2, 97, 0
2, 98, 0
2, 99, 0
2, 100, 0
2, 101, 0
2, 102, 22
2, 103, 35
2, 104, 17
2, 105, 0
2, 106, 0
2, 107, 0
2, 108, 0
2, 109, 0
2, 110, 0
2, 111, 48
2, 112, 50
2, 113, 0
2, 114, 9
2, 115, 8
2, 116, 0
2, 117, 0
2, 118, 0
2, 119, 49
2, 120, 0
2, 121, 0
2, 122, 0
2, 123, 0
2, 124, 0
2, 125, 16
2, 126, 0
2, 127, 0
2, 128, 0
2, 129, 0
2, 130, 37
2, 131, 20
2, 132, 40
2, 133, 0
2, 134, 0
2, 135, 55
2, 136, 0
2, 137, 0
2, 138, 27
2, 139, 37
2, 140, 0
2, 141, 3
2, 142, 12
2, 143, 0
2, 144, 9
2, 145, 0
2, 146, 0
2, 147, 0
2, 148, 0
2, 149, 23
2, 150, 0
2, 151, 0
2, 152, 43
2, 153, 0
2, 154, 33
2, 155, 27
2, 156, 47
2, 157, 16
2, 158, 0
2, 159, 23
2, 160, 37
2, 161, 0
2, 162, 0
2, 163, 0
2, 164, 0
2, 165, 0
2, 166, 0
2, 167, 0
2, 168, 0
2, 169, 0
2, 170, 0
2, 171, 0
2, 172, 0
2, 173, 0
2, 174, 8
2, 175, 41
2, 176, 0
2, 177, 1
2, 178, 39
2, 179, 52
2, 180, 0
2, 181, 0
2, 182, 42
2, 183, 0
2, 184, 0
2, 185, 0
2, 186, 41
2, 187, 40
2, 188, 0
2, 189, 0
2, 190, 0
2, 191, 0
2, 192, 46
2, 193, 5
2, 194, 0
2, 195, 0
2, 196, 0
2, 197, 19
2, 198, 38
2, 199, 0
2, 200, 0
2, 201, 0
2, 202, 0
2, 203, 0
2, 204, 0
2, 205, 25
2, 206, 0
2, 207, 38
2, 208, 0
2, 209, 0
2, 210, 15
2, 211, 0
2, 212, 29
2, 213, 0
2, 214, 48
2, 215, 0
2, 216, 50
2, 217, 0
2, 218, 14
2, 219, 17
2, 220, 42
2, 221, 2
2, 222, 49
2, 223, 0
2, 224, 51
2, 225, 36
2, 226, 18
2, 227, 46
2, 228, 10
2, 229, 20
2, 230, 6
2, 231, 0
2, 232, 0
2, 233, 1
2, 234, 0
2, 235, 0
2, 236, 9
2, 237, 0
2, 238, 30
2, 239, 0
2, 240, 0
2, 241, 0
2, 242, 0
2, 243, 18
2, 244, 0
2, 245, 16
2, 246, 0
2, 247, 22
2, 248, 0
2, 249, 0
2, 250, 0
2, 251, 0
2, 252, 11
2, 253, 0
2, 254, 13
2, 255, 0
2, 256, 0
2, 257, 43
2, 258, 0
2, 259, 0
2, 260, 0
2, 261, 3
2, 262, 0
2, 263, 0
2, 264, 37
2, 265, 0
2, 266, 25
2, 267, 0
2, 268, 27
2, 269, 0
2, 270, 0
2, 271, 21
2, 272, 28
2, 273, 0
2, 274, 0
2, 275, 0
2, 276, 5
2, 277, 0
2, 278, 0
2, 279, 0
2, 280, 0
2, 281, 0
2, 282, 0
2, 283, 7
2, 284, 30
2, 285, 0
2, 286, 0
2, 287, 0
2, 288, 48
2, 289, 32
2, 290, 0
2, 291, 19
2, 292, 27
2, 293, 0
2, 294, 0
2, 295, 0
2, 296, 0
2, 297, 51
2, 298, 29
2, 299, 0
2, 300, 12
2, 301, 39
2, 302, 0
2, 303, 0
2, 304, 0
2, 305, 0
2, 306, 0
2, 307, 33
2, 308, 0
2, 309, 0
2, 310, 0
2, 311, 25
2, 312, 0
2, 313, 0
2, 314, 40
2, 315, 23
2, 316, 0
2, 317, 3
2, 318, 23
2, 319, 18
2, 320, 52
2, 321, 0
2, 322, 0
2, 323, 20
2, 324, 30
2, 325, 0
2, 326, 0
2, 327, 0
2, 328, 0
2, 329, 0
2, 330, 0
2, 331, 0
2, 332, 0
2, 333, 0
2, 334, 36
2, 335, 22
2, 336, 58
2, 337, 0
2, 338, 0
2, 339, 0
2, 340, 8
2, 341, 28
2, 342, 38
2, 343, 0
2, 344, 0
2, 345, 42
2, 346, 0
2, 347, 0
2, 348, 40
2, 349, 0
2, 350, 7
2, 351, 0
2, 352, 50
2, 353, 0
2, 354, 0
2, 355, 0
2, 356, 47
2, 357, 0
2, 358, 0
2, 359, 9
2, 360, 0
2, 361, 39
2, 362, 21
2, 363, 41
2, 364, 0
2, 365, 0
2, 366, 0
2, 367, 0
2, 368, 0
2, 369, 1
2, 370, 36
2, 371, 0
2, 372, 0
2, 373, 0
2, 374, 0
2, 375, 30
2, 376, 0
2, 377, 0
2, 378, 13
2, 379, 2
2, 380, 0
2, 381, 0
2, 382, 2
2, 383, 0
2, 384, 0
2, 385, 26
2, 386, 0
2, 387, 18
2, 388, 0
2, 389, 40
2, 390, 0
2, 391, 0
2, 392, 0
2, 393, 0
2, 394, 0
2, 395, 0
2, 396, 25
2, 397, 0
2, 398, 0
2, 399, 0
3, 0, 0
3, 1, 0
3, 2, 35
3, 3, 0
3, 4, 21
3, 5, 0
3, 6, 0
3, 7, 0
3, 8, 24
3, 9, 18
3, 10, 43
3, 11, 0
3, 12, 0
3, 13, 0
3, 14, 0
3, 15, 0
3, 16, 0
3, 17, 0
3, 18, 0
3, 19, 58
3, 20, 47
3, 21, 0
3, 22, 38
3, 23, 0
3, 24, 0
3, 25, 46
3, 26, 0
3, 27, 0
3, 28, 0
3, 29, 48
3, 30, 0
3, 31, 0
3, 32, 0
3, 33, 34
3, 34, 0
3, 35, 0
3, 36, 17
3, 37, 48
3, 38, 0
3, 39, 0
3, 40, 0
3, 41, 0
3, 42, 0
3, 43, 0
3, 44, 0
3, 45, 4
3, 46, 0
3, 47, 0
3, 48, 35
3, 49, 37
3, 50, 9
3, 51, 0
3, 52, 0
3, 53, 45
3, 54, 30
3, 55, 0
3, 56, 0
3, 57, 0
3, 58, 56
3, 59, 0
3, 60, 0
3, 61, 0
3, 62, 0
3, 63, 28
3, 64, 0
3, 65, 0
3, 66, 0
3, 67, 0
3, 68, 55
3, 69, 0
3, 70, 0
3, 71, 21
3, 72, 0
3, 73, 0
3, 74, 0
3, 75, 0
3, 76, 0
3, 77, 25
3, 78, 0
3, 79, 0
3, 80, 0
3, 81, 0
3, 82, 44
3, 83, 33
3, 84, 0
3, 85, 0
3, 86, 40
3, 87, 0
3, 88, 19
3, 89, 23
3, 90, 38
3, 91, 0
3, 92, 47
3, 93, 0
3, 94, 0
3, 95, 0
3, 96, 0
3, 97, 0
3, 98, 49
3, 99, 54
3, 100, 0
3, 101, 0
3, 102, 0
3, 103, 0
3, 104, 0
3, 105, 14
3, 106, 0
3, 107, 9
3, 108, 0
3, 109, 0
3, 110, 43
3, 111, 0
3, 112, 0
3, 113, 0
3, 114, 0
3, 115, 0
3, 116, 0
3, 117, 18
3, 118, 0
3, 119, 0
3, 120, 0
3, 121, 34
3, 122, 50
3, 123, 0
3, 124, 0
3, 125, 0
3, 126, 0
3, 127, 0
3, 128, 31
3, 129, 0
3, 130, 0
3, 131, 26
3, 132, 43
3, 133, 0
3, 134, 0
3, 135, 0
3, 136, 0
3, 137, 48
3, 138, 0
3, 139, 0
3, 140, 0
3, 141, 50
3, 142, 0
3, 143, 37
3, 144, 47
3, 145, 0
3, 146, 0
3, 147, 8
3, 148, 0
3, 149, 34
3, 150, 37
3, 151, 46
3, 152, 0
3, 153, 0
3, 154, 32
3, 155, 0
3, 156, 0
3, 157, 0
3, 158, 0
3, 159, 27
3, 160, 35
3, 161, 0
3, 162, 0
3, 163, 32
3, 164, 40
3, 165, 41
3, 166, 0
3, 167, 0
3, 168, 0
3, 169, 0
3, 170, 0
3, 171, 0
3, 172, 34
3, 173, 8
3, 174, 40
3, 175, 0
3, 176, 0
3, 177, 47
3, 178, 24
3, 179, 0
3, 180, 0
3, 181, 21
3, 182, 0
3, 183, 0
3, 184, 0
3, 185, 34
3, 186, 0
3, 187, 0
3, 188, 0
3, 189, 0
3, 190, 46
3, 191, 7
3, 192, 0
3, 193, 30
3, 194, 17
3, 195, 0
3, 196, 0
3, 197, 0
3, 198, 0
3, 199, 58
3, 200, 11
3, 201, 19
3, 202, 0
3, 203, 14
3, 204, 0
3, 205, 23
3, 206, 56
3, 207, 0
3, 208, 0
3, 209, 28
3, 210, 0
3, 211, 0
3, 212, 19
3, 213, 12
3, 214, 42
3, 215, 0
3, 216, 0
3, 217, 0
3, 218, 0
3, 219, 48
3, 220, 0
3, 221, 37
3, 222, 0
3, 223, 49
3, 224, 15
3, 225, 0
3, 226, 33
3, 227, 47
3, 228, 0
3, 229, 0
3, 230, 0
3, 231, 0
3, 232, 46
3, 233, 0
3, 234, 0
3, 235, 44
3, 236, 35
3, 237, 0
3, 238, 5
3, 239, 0
3, 240, 13
3, 241, 0
3, 242, 4
3, 243, 7
3, 244, 28
3, 245, 0
3, 246, 0
3, 247, 0
3, 248, 43
3, 249, 0
3, 250, 18
3, 251, 0
3, 252, 0
3, 253, 0
3, 254, 9
3, 255, 35
3, 256, 50
3, 257, 0
3, 258, 42
3, 259, 0
3, 260, 0
3, 261, 0
3, 262, 0
3, 263, 0
3, 264, 0
3, 265, 47
3, 266, 25
3, 267, 56
3, 268, 0
3, 269, 0
3, 270, 28
3, 271, 0
3, 272, 2
3, 273, 6
3, 274, 0
3, 275, 0
3, 276, 17
3, 277, 43
3, 278, 27
3, 279, 19
3, 280, 15
3, 281, 0
3, 282, 8
3, 283, 25
3, 284, 55
3, 285, 10
3, 286, 21
3, 287, 0
3, 288, 38
3, 289, 0
3, 290, 0
3, 291, 0
3, 292, 54
3, 293, 40
3, 294, 0
3, 295, 0
3, 296, 26
3, 297, 0
3, 298, 0
3, 299, 20
3, 300, 0
3, 301, 0
3, 302, 0
3, 303, 0
3, 304, 0
3, 305, 0
3, 306, 0
3, 307, 41
3, 308, 32
3, 309, 5
3, 310, 0
3, 311, 0
3, 312, 17
3, 313, 0
3, 314, 0
3, 315, 0
3, 316, 0
3, 317, 0
3, 318, 30
3, 319, 54
3, 320, 7
3, 321, 0
3, 322, 0
3, 323, 0
3, 324, 19
3, 325, 0
3, 326, 0
3, 327, 30
3, 328, 0
3, 329, 15
3, 330, 55
3, 331, 45
3, 332, 34
3, 333, 16
3, 334, 20
3, 335, 28
3, 336, 38
3, 337, 0
3, 338, 0
3, 339, 0
3, 340, 24
3, 341, 4
3, 342, 8
3, 343, 19
3, 344, 35
3, 345, 40
3, 346, 0
3, 347, 0
3, 348, 0
3, 349, 0
3, 350, 48
3, 351, 0
3, 352, 0
3, 353, 0
3, 354, 2
3, 355, 0
3, 356, 36
3, 357, 38
3, 358, 0
3, 359, 0
3, 360, 23
3, 361, 0
3, 362, 0
3, 363, 0
3, 364, 32
3, 365, 0
3, 366, 25
3, 367, 0
3, 368, 25
3, 369, 0
3, 370, 0
3, 371, 0
3, 372, 11
3, 373, 26
3, 374, 0
3, 375, 0
3, 376, 58
3, 377, 49
3, 378, 36
3, 379, 0
3, 380, 0
3, 381, 0
3, 382, 0
3, 383, 0
3, 384, 0
3, 385, 32
3, 386, 10
3, 387, 48
3, 388, 0
3, 389, 33
3, 390, 30
3, 391, 0
3, 392, 0
3, 393, 4
3, 394, 0
3, 395, 0
3, 396, 0
3, 397, 21
3, 398, 27
3, 399, 0
4, 0, 0
4, 1, 0
4, 2, 3
4, 3, 47
4, 4, 0
4, 5, 0
4, 6, 7
4, 7, 35
4, 8, 0
4, 9, 6
4, 10, 0
4, 11, 37
4, 12, 0
4, 13, 31
4, 14, 0
4, 15, 0
4, 16, 0
4, 17, 0
4, 18, 0
4, 19, 0
4, 20, 0
4, 21, 0
4, 22, 0
4, 23, 0
4, 24, 0
4, 25, 0
4, 26, 41
4, 27, 0
4, 28, 0
4, 29, 0
4, 30, 0
4, 31, 0
4, 32, 50
4, 33, 0
4, 34, 0
4, 35, 0
4, 36, 28
4, 37, 0
4, 38, 0
4, 39, 7
4, 40, 0
4, 41, 0
4, 42, 0
4, 43, 18
4, 44, 13
4, 45, 0
4, 46, 40
4, 47, 17
4, 48, 22
4, 49, 0
4, 50, 0
4, 51, 0
4, 52, 17
4, 53, 0
4, 54, 26
4, 55, 0
4, 56, 0
4, 57, 0
4, 58, 50
4, 59, 0
4, 60, 26
4, 61, 0
4, 62, 0
4, 63, 0
4, 64, 23
4, 65, 0
4, 66, 9
4, 67, 0
4, 68, 35
4, 69, 0
4, 70, 29
4, 71, 44
4, 72, 14
4, 73, 0
4, 74, 54
4, 75, 0
4, 76, 0
4, 77, 0
4, 78, 0
4, 79, 53
4, 80, 37
4, 81, 0
4, 82, 0
4, 83, 0
4, 84, 0
4, 85, 0
4, 86, 0
4, 87, 0
4, 88, 48
4, 89, 32
4, 90, 0
4, 91, 40
4, 92, 42
4, 93, 0
4, 94, 27
4, 95, 13
4, 96, 22
4, 97, 0
4, 98, 0
4, 99, 2
4, 100, 28
4, 101, 0
4, 102, 0
4, 103, 0
4, 104, 50
4, 105, 4
4, 106, 0
4, 107, 0
4, 108, 0
4, 109, 0
4, 110, 0
4, 111, 0
4, 112, 25
4, 113, 0
4, 114, 0
4, 115, 0
4, 116, 0
4, 117, 0
4, 118, 0
4, 119, 0
4, 120, 41
4, 121, 11
4, 122, 0
4, 123, 0
4, 124, 0
4, 125, 46
4, 126, 0
4, 127, 0
4, 128, 0
4, 129, 24
4, 130, 5
4, 131, 0
4, 132, 0
4, 133, 0
4, 134, 38
4, 135, 26
4, 136, 0
4, 137, 0
4, 138, 21
4, 139, 7
4, 140, 0
4, 141, 0
4, 142, 0
4, 143, 0
4, 144, 0
4, 145, 23
4, 146, 0
4, 147, 0
4, 148, 0
4, 149, 0
4, 150, 17
4, 151, 0
4, 152, 0
4, 153, 41
4, 154, 0
4, 155, 15
4, 156, 0
4, 157, 0
4, 158, 0
4, 159, 0
4, 160, 13
4, 161, 0
4, 162, 47
4, 163, 16
4, 164, 0
4, 165, 0
4, 166, 0
4, 167, 0
4, 168, 3
4, 169, 0
4, 170, 35
4, 171, 6
4, 172, 18
4, 173, 29
4, 174, 36
4, 175, 0
4, 176, 0
4, 177, 0
4, 178, 0
4, 179, 0
4, 180, 0
4, 181, 0
4, 182, 0
4, 183, 48
4, 184, 0
4, 185, 33
4, 186, 0
4, 187, 1
4, 188, 12
4, 189, 59
4, 190, 0
4, 191, 0
4, 192, 50
4, 193, 0
4, 194, 0
4, 195, 0
4, 196, 0
4, 197, 48
4, 198, 43
4, 199, 0
4, 200, 0
4, 201, 0
4, 202, 51
4, 203, 0
4, 204, 0
4, 205, 0
4, 206, 0
4, 207, 0
4, 208, 0
4, 209, 0
4, 210, 4
4, 211, 3
4, 212, 0
4, 213, 47
4, 214, 0
4, 215, 0
4, 216, 25
4, 217, 0
4, 218, 0
4, 219, 0
4, 220, 2
4, 221, 20
4, 222, 0
4, 223, 0
4, 224, 0
4, 225, 7
4, 226, 0
4, 227, 0
4, 228, 46
4, 229, 0
4, 230, 14
4, 231, 0
4, 232, 0
4, 233, 0
4, 234, 31
4, 235, 11
4, 236, 0
4, 237, 0
4, 238, 0
4, 239, 51
4, 240, 26
4, 241, 23
4, 242, 0
4, 243, 35
4, 244, 0
4, 245, 28
4, 246, 0
4, 247, 39
4, 248, 0
4, 249, 37
4, 250, 50
4, 251, 0
4, 252, 0
4, 253, 0
4, 254, 0
4, 255, 21
4, 256, 0
4, 257, 0
4, 258, 0
4, 259, 0
4, 260, 41
4, 261, 0
4, 262, 0
4, 263, 0
4, 264, 0
4, 265, 0
4, 266, 0
4, 267, 0
4, 268, 0
4, 269, 40
4, 270, 0
4, 271, 0
4, 272, 20
4, 273, 29
4, 274, 0
4, 275, 0
4, 276, 11
4, 277, 42
4, 278, 0
4, 279, 0
4, 280, 0
4, 281, 13
4, 282, 0
4, 283, 0
4, 284, 0
4, 285, 0
4, 286, 0
4, 287, 0
4, 288, 38
4, 289, 31
4, 290, 0
4, 291, 0
4, 292, 0
4, 293, 0
4, 294, 35
4, 295, 0
4, 296, 0
4, 297, 32
4, 298, 0
4, 299, 6
4, 300, 3
4, 301, 38
4, 302, 0
4, 303, 0
4, 304, 0
4, 305, 0
4, 306, 0
4, 307, 0
4, 308, 0
4, 309, 0
4, 310, 59
4, 311, 15
4, 312, 0
4, 313, 0
4, 314, 0
4, 315, 0
4, 316, 53
4, 317, 12
4, 318, 48
4, 319, 53
4, 320, 16
4, 321, 0
4, 322, 0
4, 323, 0
4, 324, 40
4, 325, 0
4, 326, 0
4, 327, 36
4, 328, 0
4, 329, 0
4, 330, 0
4, 331, 0
4, 332, 37
4, 333, 12
4, 334, 0
4, 335, 41
4, 336, 0
4, 337, 0
4, 338, 0
4, 339, 0
4, 340, 11
4, 341, 0
4, 342, 0
4, 343, 0
4, 344, 0
4, 345, 0
4, 346, 0
4, 347, 0
4, 348, 0
4, 349, 33
4, 350, 0
4, 351, 0
4, 352, 40
4, 353, 0
4, 354, 55
4, 355, 43
4, 356, 0
4, 357, 0
4, 358, 26
4, 359, 0
4, 360, 20
4, 361, 0
4, 362, 0
4, 363, 0
4, 364, 0
4, 365, 57
4, 366, 33
4, 367, 0
4, 368, 46
4, 369, 51
4, 370, 0
4, 371, 0
4, 372, 0
4, 373, 0
4, 374, 44
4, 375, 35
4, 376, 0
4, 377, 0
4, 378, 0
4, 379, 0
4, 380, 0
4, 381, 0
4, 382, 53
4, 383, 0
4, 384, 0
4, 385, 24
4, 386, 37
4, 387, 26
4, 388, 0
4, 389, 0
4, 390, 0
4, 391, 47
4, 392, 40
4, 393, 0
4, 394, 38
4, 395, 29
4, 396, 6
4, 397, 25
4, 398, 0
4, 399, 0
5, 0, 0
5, 1, 0
5, 2, 0
5, 3, 19
5, 4, 48
5, 5, 52
5, 6, 25
5, 7, 0
5, 8, 20
5, 9, 0
5, 10, 0
5, 11, 0
5, 12, 27
5, 13, 0
5, 14, 0
5, 15, 0
5, 16, 37
5, 17, 21
5, 18, 0
5, 19, 30
5, 20, 47
5, 21, 0
5, 22, 0
5, 23, 0
5, 24, 0
5, 25, 56
5, 26, 27
5, 27, 0
5, 28, 53
5, 29, 42
5, 30, 15
5, 31, 0
5, 32, 46
5, 33, 0
5, 34, 0
5, 35, 0
5, 36, 0
5, 37, 49
5, 38, 0
5, 39, 0
5, 40, 11
5, 41, 5
5, 42, 0
5, 43, 57
5, 44, 0
5, 45, 0
5, 46, 0
5, 47, 0
5, 48, 0
5, 49, 52
5, 50, 45
5, 51, 51
5, 52, 0
5, 53, 0
5, 54, 41
5, 55, 44
5, 56, 19
5, 57, 20
5, 58, 38
5, 59, 0
5, 60, 33
5, 61, 0
5, 62, 0
5, 63, 0
5, 64, 0
5, 65, 0
5, 66, 24
5, 67, 57
5, 68, 0
5, 69, 48
5, 70, 0
5, 71, 17
5, 72, 0
5, 73, 33
5, 74, 0
5, 75, 0
5, 76, 0
5, 77, 48
5, 78, 0
5, 79, 25
5, 80, 0
5, 81, 49
5, 82, 0
5, 83, 0
5, 84, 0
5, 85, 0
5, 86, 7
5, 87, 27
5, 88, 23
5, 89, 0
5, 90, 32
5, 91, 0
5, 92, 25
5, 93, 0
5, 94, 0
5, 95, 0
5, 96, 0
5, 97, 0
5, 98, 51
5, 99, 34
5, 100, 0
5, 101, 0
5, 102, 0
5, 103, 0
5, 104, 0
5, 105, 5
5, 106, 18
5, 107, 0
5, 108, 34
5, 109, 0
5, 110, 21
5, 111, 47
5, 112, 0
5, 113, 0
5, 114, 40
5, 115, 0
5, 116, 0
5, 117, 0
5, 118, 40
5, 119, 39
5, 120, 0
5, 121, 0
5, 122, 0
5, 123, 48
5, 124, 0
5, 125, 0
5, 126, 0
5, 127, 0
5, 128, 37
5, 129, 0
5, 130, 0
5, 131, 0
5, 132, 0
5, 133, 28
5, 134, 0
5, 135, 0
5, 136, 0
5, 137, 52
5, 138, 0
5, 139, 0
5, 140, 0
5, 141, 17
5, 142, 36
5, 143, 15
5, 144, 46
5, 145, 0
5, 146, 42
5, 147, 0
5, 148, 0
5, 149, 0
5, 150, 0
5, 151, 0
5, 152, 0
5, 153, 0
5, 154, 11
5, 155, 54
5, 156, 0
5, 157, 0
5, 158, 0
5, 159, 31
5, 160, 0
5, 161, 0
5, 162, 53
5, 163, 45
5, 164, 0
5, 165, 23
5, 166, 0
5, 167, 50
5, 168, 40
5, 169, 33
5, 170, 36
5, 171, 0
5, 172, 0
5, 173, 56
5, 174, 0
5, 175, 29
5, 176, 0
5, 177, 0
5, 178, 49
5, 179, 35
5, 180, 0
5, 181, 43
5, 182, 22
5, 183, 0
5, 184, 28
5, 185, 48
5, 186, 45
5, 187, 0
5, 188, 56
5, 189, 29
5, 190, 0
5, 191, 0
5, 192, 5
5, 193, 0
5, 194, 0
5, 195, 35
5, 196, 0
5, 197, 38
5, 198, 7
5, 199, 32
5, 200, 0
5, 201, 3
5, 202, 56
5, 203, 46
5, 204, 0
5, 205, 0
5, 206, 0
5, 207, 6
5, 208, 0
5, 209, 18
5, 210, 0
5, 211, 0
5, 212, 0
5, 213, 0
5, 214, 51
5, 215, 0
5, 216, 0
5, 217, 57
5, 218, 0
5, 219, 41
5, 220, 48
5, 221, 20
5, 222, 0
5, 223, 0
5, 224, 0
5, 225, 51
5, 226, 0
5, 227, 0
5, 228, 37
5, 229, 0
5, 230, 52
5, 231, 0
5, 232, 0
5, 233, 57
5, 234, 54
5, 235, 0
5, 236, 0
5, 237, 0
5, 238, 0
5, 239, 22
5, 240, 42
5, 241, 46
5, 242, 0
5, 243, 0
5, 244, 0
5, 245, 49
5, 246, 0
5, 247, 51
5, 248, 0
5, 249, 21
5, 250, 0
5, 251, 36
5, 252, 25
5, 253, 27
5, 254, 17
5, 255, 0
5, 256, 18
5, 257, 19
5, 258, 0
5, 259, 30
5, 260, 0
5, 261, 0
5, 262, 0
5, 263, 0
5, 264, 0
5, 265, 0
5, 266, 49
5, 267, 0
5, 268, 0
5, 269, 48
5, 270, 22
5, 271, 13
5, 272, 0
5, 273, 0
5, 274, 0
5, 275, 0
5, 276, 0
5, 277, 50
5, 278, 39
5, 279, 0
5, 280, 0
5, 281, 0
5, 282, 41
5, 283, 34
5, 284, 0
5, 285, 0
5, 286, 3
5, 287, 0
5, 288, 35
5, 289, 0
5, 290, 20
5, 291, 27
5, 292, 0
5, 293, 0
5, 294, 0
5, 295, 56
5, 296, 43
5, 297, 0
5, 298, 28
5, 299, 0
5, 300, 15
5, 301, 51
5, 302, 0
5, 303, 0
5, 304, 0
5, 305, 0
5, 306, 1
5, 307, 13
5, 308, 0
5, 309, 0
5, 310, 21
5, 311, 0
5, 312, 18
5, 313, 0
5, 314, 0
5, 315, 41
5, 316, 0
5, 317, 0
5, 318, 0
5, 319, 53
5, 320, 0
5, 321, 0
5, 322, 0
5, 323, 0
5, 324, 0
5, 325, 0
5, 326, 0
5, 327, 0
5, 328, 0
5, 329, 16
5, 330, 0
5, 331, 45
5, 332, 0
5, 333, 0
5, 334, 0
5, 335, 5
5, 336, 0
5, 337, 0
5, 338, 6
5, 339, 53
5, 340, 7
5, 341, 0
5, 342, 33
5, 343, 0
5, 344, 0
5, 345, 0
5, 346, 2
5, 347, 57
5, 348, 0
5, 349, 20
5, 350, 56
5, 351, 0
5, 352, 0
5, 353, 0
5, 354, 41
5, 355, 0
5, 356, 38
5, 357, 0
5, 358, 0
5, 359, 16
5, 360, 0
5, 361, 29
5, 362, 21
5, 363, 44
5, 364, 0
5, 365, 0
5, 366, 42
5, 367, 50
5, 368, 0
5, 369, 0
5, 370, 37
5, 371, 0
5, 372, 0
5, 373, 0
5, 374, 0
5, 375, 50
5, 376, 0
5, 377, 0
5, 378, 18
5, 379, 0
5, 380, 31
5, 381, 34
5, 382, 0
5, 383, 0
5, 384, 49
5, 385, 0
5, 386, 3
5, 387, 0
5, 388, 14
5, 389, 0
5, 390, 0
5, 391, 48
5, 392, 51
5, 393, 0
5, 394, 0
5, 395, 0
5, 396, 0
5, 397, 0
5, 398, 0
5, 399, 49
6, 0, 0
6, 1, 0
6, 2, 0
6, 3, 45
6, 4, 0
6, 5, 4
6, 6, 0
6, 7, 29
6, 8, 51
6, 9, 0
6, 10, 25
6, 11, 0
6, 12, 40
6, 13, 0
6, 14, 0
6, 15, 0
6, 16, 42
6, 17, 34
6, 18, 0
6, 19, 46
6, 20, 0
6, 21, 0
6, 22, 0
6, 23, 41
6, 24, 0
6, 25, 36
6, 26, 0
6, 27, 0
6, 28, 0
6, 29, 0
6, 30, 0
6, 31, 0
6, 32, 0
6, 33, 0
6, 34, 0
6, 35, 0
6, 36, 0
6, 37, 9
6, 38, 51
6, 39, 0
6, 40, 0
6, 41, 0
6, 42, 0
6, 43, 26
6, 44, 6
6, 45, 0
6, 46, 0
6, 47, 0
6, 48, 0
6, 49, 0
6, 50, 0
6, 51, 0
6, 52, 5
6, 53, 32
6, 54, 0
6, 55, 0
6, 56, 0
6, 57, 0
6, 58, 0
6, 59, 0
6, 60, 0
6, 61, 10
6, 62, 31
6, 63, 0
6, 64, 0
6, 65, 30
6, 66, 0
6, 67, 0
6, 68, 0
6, 69, 8
6, 70, 11
6, 71, 25
6, 72, 0
6, 73, 0
6, 74, 50
6, 75, 0
6, 76, 0
6, 77, 58
6, 78, 0
6, 79, 0
6, 80, 0
6, 81, 0
6, 82, 0
6, 83, 0
6, 84, 38
6, 85, 0
6, 86, 50
6, 87, 0
6, 88, 0
6, 89, 21
6, 90, 4
6, 91, 0
6, 92, 0
6, 93, 34
6, 94, 0
6, 95, 0
6, 96, 31
6, 97, 0
6, 98, 55
6, 99, 0
6, 100, 23
6, 101, 0
6, 102, 17
6, 103, 0
6, 104, 7
6, 105, 0
6, 106, 0
6, 107, 0
6, 108, 0
6, 109, 25
6, 110, 0
6, 111, 26
6, 112, 0
6, 113, 0
6, 114, 0
6, 115, 36
6, 116, 0
6, 117, 0
6, 118, 0
6, 119, 52
6, 120, 0
6, 121, 0
6, 122, 0
6, 123, 53
6, 124, 0
6, 125, 0
6, 126, 38
6, 127, 27
6, 128, 0
6, 129, 0
6, 130, 0
6, 131, 0
6, 132, 24
6, 133, 0
6, 134, 0
6, 135, 0
6, 136, 0
6, 137, 0
6, 138, 0
6, 139, 0
6, 140, 0
6, 141, 0
6, 142, 18
6, 143, 21
6, 144, 0
6, 145, 34
6, 146, 0
6, 147, 0
6, 148, 0
6, 149, 0
6, 150, 12
6, 151, 0
6, 152, 43
6, 153, 0
6, 154, 51
6, 155, 0
6, 156, 9
6, 157, 18
6, 158, 29
6, 159, 54
6, 160, 50
6, 161, 0
6, 162, 20
6, 163, 23
6, 164, 42
6, 165, 0
6, 166, 0
6, 167, 0
6, 168, 46
6, 169, 0
6, 170, 58
6, 171, 0
6, 172, 0
6, 173, 0
6, 174, 0
6, 175, 0
6, 176, 1
6, 177, 0
6, 178, 38
6, 179, 52
6, 180, 0
6, 181, 14
6, 182, 0
6, 183, 4
6, 184, 56
6, 185, 24
6, 186, 0
6, 187, 19
6, 188, 0
6, 189, 0
6, 190, 12
6, 191, 0
6, 192, 0
6, 193, 0
6, 194, 0
6, 195, 0
6, 196, 0
6, 197, 0
6, 198, 0
6, 199, 46
6, 200, 0
6, 201, 0
6, 202, 0
6, 203, 0
6, 204, 0
6, 205, 0
6, 206, 0
6, 207, 22
6, 208, 0
6, 209, 0
6, 210, 35
6, 211, 0
6, 212, 0
6, 213, 0
6, 214, 0
6, 215, 50
6, 216, 0
6, 217, 8
6, 218, 53
6, 219, 0
6, 220, 0
6, 221, 26
6, 222, 0
6, 223, 41
6, 224, 34
6, 225, 0
6, 226, 0
6, 227, 54
6, 228, 0
6, 229, 0
6, 230, 0
6, 231, 0
6, 232, 26
6, 233, 0
6, 234, 25
6, 235, 0
6, 236, 0
6, 237, 0
6, 238, 0
6, 239, 42
6, 240, 0
6, 241, 0
6, 242, 0
6, 243, 36
6, 244, 0
6, 245, 0
6, 246, 0
6, 247, 0
6, 248, 4
6, 249, 32
6, 250, 0
6, 251, 0
6, 252, 0
6, 253, 0
6, 254, 0
6, 255, 2
6, 256, 0
6, 257, 58
6, 258, 0
6, 259, 0
6, 260, 16
6, 261, 0
6, 262, 0
6, 263, 0
6, 264, 0
6, 265, 0
6, 266, 0
6, 267, 0
6, 268, 0
6, 269, 0
6, 270, 0
6, 271, 0
6, 272, 0
6, 273, 0
6, 274, 0
6, 275, 0
6, 276, 19
6, 277, 0
6, 278, 0
6, 279, 0
6, 280, 16
6, 281, 0
6, 282, 0
6, 283, 4
6, 284, 0
6, 285, 0
6, 286, 0
6, 287, 0
6, 288, 0
6, 289, 0
6, 290, 0
6, 291, 53
6, 292, 0
6, 293, 0
6, 294, 0
6, 295, 0
6, 296, 0
6, 297, 9
6, 298, 17
6, 299, 0
6, 300, 19
6, 301, 0
6, 302, 0
6, 303, 20
6, 304, 0
6, 305, 46
6, 306, 17
6, 307, 34
6, 308, 38
6, 309, 0
6, 310, 56
6, 311, 35
6, 312, 0
6, 313, 39
6, 314, 0
6, 315, 0
6, 316, 38
6, 317, 10
6, 318, 0
6, 319, 0
6, 320, 18
6, 321, 36
6, 322, 26
6, 323, 45
6, 324, 19
6, 325, 2
6, 326, 0
6, 327, 0
6, 328, 0
6, 329, 0
6, 330, 0
6, 331, 0
6, 332, 0
6, 333, 0
6, 334, 0
6, 335, 7
6, 336, 42
6, 337, 20
6, 338, 0
6, 339, 0
6, 340, 0
6, 341, 0
6, 342, 0
6, 343, 0
6, 344, 0
6, 345, 0
6, 346, 0
6, 347, 0
6, 348, 0
6, 349, 15
6, 350, 0
6, 351, 0
6, 352, 0
6, 353, 0
6, 354, 0
6, 355, 22
6, 356, 12
6, 357, 41
6, 358, 1
6, 359, 40
6, 360, 0
6, 361, 51
6, 362, 27
6, 363, 0
6, 364, 52
6, 365, 0
6, 366, 0
6, 367, 26
6, 368, 0
6, 369, 0
6, 370, 31
6, 371, 0
6, 372, 0
6, 373, 0
6, 374, 0
6, 375, 0
6, 376, 45
6, 377, 0
6, 378, 0
6, 379, 0
6, 380, 0
6, 381, 50
6, 382, 0
6, 383, 0
6, 384, 0
6, 385, 54
6, 386, 0
6, 387, 0
6, 388, 0
6, 389, 30
6, 390, 0
6, 391, 38
6, 392, 0
6, 393, 24
6, 394, 0
6, 395, 19
6, 396, 0
6, 397, 0
6, 398, 0
6, 399, 0
7, 0, 0
7, 1, 0
7, 2, 0
7, 3, 54
7, 4, 0
7, 5, 0
7, 6, 17
7, 7, 7
7, 8, 0
7, 9, 56
7, 10, 0
7, 11, 36
7, 12, 0
7, 13, 0
7, 14, 0
7, 15, 0
7, 16, 0
7, 17, 0
7, 18, 0
7, 19, 0
7, 20, 0
7, 21, 0
7, 22, 0
7, 23, 4
7, 24, 0
7, 25, 0
7, 26, 0
7, 27, 0
7, 28, 31
7, 29, 0
7, 30, 0
7, 31, 0
7, 32, 0
7, 33, 28
7, 34, 0
7, 35, 0
7, 36, 0
7, 37, 30
7, 38, 0
7, 39, 17
7, 40, 49
7, 41, 0
7, 42, 0
7, 43, 0
7, 44, 0
7, 45, 23
7, 46, 38
7, 47, 55
7, 48, 0
7, 49, 0
7, 50, 5
7, 51, 0
7, 52, 0
7, 53, 0
7, 54, 0
7, 55, 0
7, 56, 33
7, 57, 50
7, 58, 12
7, 59, 0
7, 60, 0
7, 61, 0
7, 62, 25
7, 63, 42
7, 64, 0
7, 65, 45
7, 66, 0
7, 67, 0
7, 68, 0
7, 69, 45
7, 70, 0
7, 71, 0
7, 72, 52
7, 73, 35
7, 74, 0
7, 75, 47
7, 76, 0
7, 77, 56
7, 78, 0
7, 79, 36
7, 80, 0
7, 81, 0
7, 82, 0
7, 83, 0
7, 84, 0
7, 85, 0
7, 86, 25
7, 87, 0
7, 88, 0
7, 89, 0
7, 90, 13
7, 91, 0
7, 92, 0
7, 93, 0
7, 94, 0
7, 95, 0
7, 96, 10
7, 97, 26
7, 98, 0
7, 99, 0
7, 100, 0
7, 101, 44
7, 102, 0
7, 103, 14
7, 104, 0
7, 105, 0
7, 106, 0
7, 107, 0
7, 108, 0
7, 109, 36
7, 110, 0
7, 111, 0
7, 112, 0
7, 113, 0
7, 114, 0
7, 115, 0
7, 116, 0
7, 117, 28
7, 118, 38
7, 119, 0
7, 120, 0
7, 121, 0
7, 122, 24
7, 123, 0
7, 124, 5
7, 125, 0
7, 126, 0
7, 127, 0
7, 128, 0
7, 129, 47
7, 130, 0
7, 131, 48
7, 132, 20
7, 133, 30
7, 134, 43
7, 135, 0
7, 136, 56
7, 137, 33
7, 138, 0
7, 139, 0
7, 140, 0
7, 141, 0
7, 142, 17
7, 143, 0
7, 144, 13
7, 145, 0
7, 146, 0
7, 147, 0
7, 148, 16
7, 149, 0
7, 150, 0
7, 151, 55
7, 152, 0
7, 153, 22
7, 154, 0
7, 155, 42
7, 156, 35
7, 157, 0
7, 158, 0
7, 159, 23
7, 160, 0
7, 161, 0
7, 162, 0
7, 163, 0
7, 164, 0
7, 165, 49
7, 166, 39
7, 167, 0
7, 168, 17
7, 169, 0
7, 170, 8
7, 171, 0
7, 172, 27
7, 173, 0
7, 174, 10
7, 175, 0
7, 176, 53
7, 177, 26
7, 178, 12
7, 179, 0
7, 180, 0
7, 181, 42
7, 182, 31
7, 183, 12
7, 184, 0
7, 185, 0
7, 186, 45
7, 187, 0
7, 188, 40
7, 189, 30
7, 190, 0
7, 191, 0
7, 192, 23
7, 193, 0
7, 194, 0
7, 195, 0
7, 196, 0
7, 197, 0
7, 198, 2
7, 199, 0
7, 200, 28
7, 201, 0
7, 202, 45
7, 203, 0
7, 204, 0
7, 205, 0
7, 206, 0
7, 207, 47
7, 208, 37
7, 209, 0
7, 210, 0
7, 211, 0
7, 212, 4
7, 213, 22
7, 214, 0
7, 215, 0
7, 216, 0
7, 217, 0
7, 218, 5
7, 219, 0
7, 220, 0
7, 221, 0
7, 222, 0
7, 223, 0
7, 224, 0
7, 225, 11
7, 226, 3
7, 227, 0
7, 228, 4
7, 229, 49
7, 230, 52
7, 231, 56
7, 232, 0
7, 233, 0
7, 234, 0
7, 235, 11
7, 236, 36
7, 237, 30
7, 238, 0
7, 239, 0
7, 240, 0
7, 241, 0
7, 242, 7
7, 243, 0
7, 244, 43
7, 245, 25
7, 246, 0
7, 247, 42
7, 248, 0
7, 249, 0
7, 250, 0
7, 251, 0
7, 252, 0
7, 253, 0
7, 254, 0
7, 255, 0
7, 256, 21
7, 257, 33
7, 258, 0
7, 259, 0
7, 260, 0
7, 261, 0
7, 262, 0
7, 263, 44
7, 264, 0
7, 265, 0
7, 266, 0
7, 267, 54
7, 268, 0
7, 269, 20
7, 270, 0
7, 271, 0
7, 272, 0
7, 273, 47
7, 274, 0
7, 275, 40
7, 276, 16
7, 277, 12
7, 278, 0
7, 279, 0
7, 280, 0
7, 281, 0
7, 282, 0
7, 283, 26
7, 284, 0
7, 285, 0
7, 286, 0
7, 287, 0
7, 288, 0
7, 289, 10
7, 290, 0
7, 291, 0
7, 292, 0
7, 293, 0
7, 294, 0
7, 295, 0
7, 296, 17
7, 297, 0
7, 298, 0
7, 299, 0
7, 300, 39
7, 301, 9
7, 302, 48
7, 303, 0
7, 304, 19
7, 305, 0
7, 306, 31
7, 307, 0
7, 308, 0
7, 309, 0
7, 310, 0
7, 311, 13
7, 312, 0
7, 313, 38
7, 314, 0
7, 315, 0
7, 316, 0
7, 317, 0
7, 318, 53
7, 319, 0
7, 320, 0
7, 321, 0
7, 322, 28
7, 323, 48
7, 324, 56
7, 325, 8
7, 326, 11
7, 327, 22
7, 328, 0
7, 329, 42
7, 330, 0
7, 331, 0
7, 332, 0
7, 333, 35
7, 334, 54
7, 335, 4
7, 336, 0
7, 337, 0
7, 338, 0
7, 339, 47
7, 340, 44
7, 341, 0
7, 342, 0
7, 343, 22
7, 344, 0
7, 345, 30
7, 346, 0
7, 347, 0
7, 348, 52
7, 349, 0
7, 350, 53
7, 351, 27
7, 352, 0
7, 353, 0
7, 354, 0
7, 355, 0
7, 356, 24
7, 357, 45
7, 358, 0
7, 359, 0
7, 360, 0
7, 361, 0
7, 362, 0
7, 363, 0
7, 364, 36
7, 365, 0
7, 366, 0
7, 367, 0
7, 368, 0
7, 369, 0
7, 370, 0
7, 371, 7
7, 372, 26
7, 373, 0
7, 374, 0
7, 375, 33
7, 376, 31
7, 377, 0
7, 378, 0
7, 379, 0
7, 380, 0
7, 381, 0
7, 382, 0
7, 383, 0
7, 384, 0
7, 385, 0
7, 386, 0
7, 387, 0
7, 388, 0
7, 389, 3
7, 390, 0
7, 391, 21
7, 392, 0
7, 393, 0
7, 394, 0
7, 395, 0
7, 396, 39
7, 397, 0
7, 398, 48
7, 399, 55
8, 0, 0
8, 1, 0
8, 2, 0
8, 3, 17
8, 4, 0
8, 5, 0
8, 6, 54
8, 7, 0
8, 8, 0
8, 9, 40
8, 10, 33
8, 11, 0
8, 12, 0
8, 13, 0
8, 14, 35
8, 15, 0
8, 16, 0
8, 17, 0
8, 18, 0
8, 19, 47
8, 20, 29
8, 21, 20
8, 22, 19
8, 23, 4
8, 24, 0
8, 25, 7
8, 26, 0
8, 27, 35
8, 28, 14
8, 29, 29
8, 30, 0
8, 31, 41
8, 32, 23
8, 33, 0
8, 34, 8
8, 35, 0
8, 36, 0
8, 37, 0
8, 38, 0
8, 39, 0
8, 40, 36
8, 41, 0
8, 42, 0
8, 43, 0
8, 44, 0
8, 45, 7
8, 46, 0
8, 47, 0
8, 48, 0
8, 49, 0
8, 50, 0
8, 51, 0
8, 52, 40
8, 53, 0
8, 54, 0
8, 55, 0
8, 56, 11
8, 57, 0
8, 58, 0
8, 59, 52
8, 60, 46
8, 61, 0
8, 62, 0
8, 63, 0
8, 64, 32
8, 65, 0
8, 66, 0
8, 67, 29
8, 68, 42
8, 69, 0
8, 70, 0
8, 71, 0
8, 72, 0
8, 73, 0
8, 74, 0
8, 75, 0
8, 76, 45
8, 77, 50
8, 78, 0
8, 79, 28
8, 80, 0
8, 81, 0
8, 82, 0
8, 83, 0
8, 84, 19
8, 85, 0
8, 86, 0
8, 87, 0
8, 88, 0
8, 89, 0
8, 90, 56
8, 91, 0
8, 92, 0
8, 93, 0
8, 94, 0
8, 95, 55
8, 96, 0
8, 97, 0
8, 98, 49
8, 99, 0
8, 100, 0
8, 101, 0
8, 102, 0
8, 103, 0
8, 104, 0
8, 105, 6
8, 106, 0
8, 107, 34
8, 108, 47
8, 109, 40
8, 110, 43
8, 111, 0
8, 112, 23
8, 113, 0
8, 114, 36
8, 115, 22
8, 116, 48
8, 117, 0
8, 118, 0
8, 119, 5
8, 120, 1
8, 121, 0
8, 122, 31
8, 123, 0
8, 124, 39
8, 125, 0
8, 126, 0
8, 127, 21
8, 128, 0
8, 129, 14
8, 130, 37
8, 131, 23
8, 132, 0
8, 133, 0
8, 134, 30
8, 135, 0
8, 136, 0
8, 137, 40
8, 138, 0
8, 139, 27
8, 140, 55
8, 141, 0
8, 142, 57
8, 143, 0
8, 144, 24
8, 145, 45
8, 146, 0
8, 147, 0
8, 148, 54
8, 149, 0
8, 150, 0
8, 151, 38
8, 152, 0
8, 153, 53
8, 154, 0
8, 155, 0
8, 156, 0
8, 157, 35
8, 158, 29
8, 159, 2
8, 160, 0
8, 161, 0
8, 162, 15
8, 163, 8
8, 164, 0
8, 165, 16
8, 166, 56
8, 167, 0
8, 168, 41
8, 169, 0
8, 170, 0
8, 171, 0
8, 172, 0
8, 173, 47
8, 174, 0
8, 175, 0
8, 176, 0
8, 177, 30
8, 178, 62
8, 179, 0
8, 180, 0
8, 181, 0
8, 182, 0
8, 183, 0
8, 184, 0
8, 185, 51
8, 186, 0
8, 187, 0
8, 188, 0
8, 189, 0
8, 190, 33
8, 191, 54
8, 192, 0
8, 193, 0
8, 194, 0
8, 195, 0
8, 196, 0
8, 197, 45
8, 198, 0
8, 199, 27
8, 200, 0
8, 201, 0
8, 202, 22
8, 203, 46
8, 204, 0
8, 205, 0
8, 206, 0
8, 207, 0
8, 208, 28
8, 209, 0
8, 210, 0
8, 211, 9
8, 212, 0
8, 213, 35
8, 214, 0
8, 215, 4
8, 216, 44
8, 217, 0
8, 218, 31
8, 219, 0
8, 220, 1
8, 221, 54
8, 222, 0
8, 223, 0
8, 224, 0
8, 225, 0
8, 226, 0
8, 227, 0
8, 228, 0
8, 229, 7
8, 230, 0
8, 231, 2
8, 232, 40
8, 233, 0
8, 234, 0
8, 235, 29
8, 236, 0
8, 237, 0
8, 238, 0
8, 239, 0
8, 240, 0
8, 241, 14
8, 242, 50
8, 243, 8
8, 244, 0
8, 245, 0
8, 246, 25
8, 247, 48
8, 248, 43
8, 249, 0
8, 250, 0
8, 251, 0
8, 252, 40
8, 253, 0
8, 254, 3
8, 255, 0
8, 256, 33
8, 257, 37
8, 258, 0
8, 259, 47
8, 260, 48
8, 261, 0
8, 262, 0
8, 263, 16
8, 264, 0
8, 265, 32
8, 266, 55
8, 267, 0
8, 268, 0
8, 269, 0
8, 270, 30
8, 271, 0
8, 272, 57
8, 273, 0
8, 274, 0
8, 275, 0
8, 276, 0
8, 277, 0
8, 278, 53
8, 279, 53
8, 280, 2
8, 281, 0
8, 282, 0
8, 283, 0
8, 284, 0
8, 285, 3
8, 286, 42
8, 287, 0
8, 288, 56
8, 289, 6
8, 290, 0
8, 291, 46
8, 292, 43
8, 293, 0
8, 294, 0
8, 295, 0
8, 296, 36
8, 297, 0
8, 298, 0
8, 299, 34
8, 300, 0
8, 301, 0
8, 302, 0
8, 303, 0
8, 304, 0
8, 305, 0
8, 306, 0
8, 307, 52
8, 308, 0
8, 309, 0
8, 310, 29
8, 311, 52
8, 312, 1
8, 313, 0
8, 314, 0
8, 315, 4
8, 316, 0
8, 317, 38
8, 318, 68
8, 319, 37
8, 320, 0
8, 321, 0
8, 322, 0
8, 323, 0
8, 324, 47
8, 325, 0
8, 326, 0
8, 327, 37
8, 328, 13
8, 329, 0
8, 330, 0
8, 331, 0
8, 332, 27
8, 333, 0
8, 334, 0
8, 335, 0
8, 336, 9
8, 337, 54
8, 338, 7
8, 339, 55
8, 340, 16
8, 341, 0
8, 342, 0
8, 343, 0
8, 344, 0
8, 345, 6
8, 346, 0
8, 347, 30
8, 348, 0
8, 349, 0
8, 350, 32
8, 351, 56
8, 352, 24
8, 353, 40
8, 354, 0
8, 355, 0
8, 356, 50
8, 357, 0
8, 358, 3
8, 359, 0
8, 360, 0
8, 361, 0
8, 362, 0
8, 363, 0
8, 364, 0
8, 365, 62
8, 366, 47
8, 367, 28
8, 368, 0
8, 369, 0
8, 370, 0
8, 371, 31
8, 372, 0
8, 373, 25
8, 374, 38
8, 375, 12
8, 376, 0
8, 377, 35
8, 378, 0
8, 379, 0
8, 380, 0
8, 381, 19
8, 382, 0
8, 383, 49
8, 384, 36
8, 385, 46
8, 386, 41
8, 387, 0
8, 388, 0
8, 389, 0
8, 390, 0
8, 391, 48
8, 392, 0
8, 393, 0
8, 394, 0
8, 395, 24
8, 396, 51
8, 397, 0
8, 398, 0
8, 399, 31
9, 0, 0
9, 1, 0
9, 2, 54
9, 3, 0
9, 4, 0
9, 5, 0
9, 6, 0
9, 7, 0
9, 8, 0
9, 9, 0
9, 10, 13
9, 11, 31
9, 12, 50
9, 13, 0
9, 14, 22
9, 15, 0
9, 16, 0
9, 17, 0
9, 18, 0
9, 19, 0
9, 20, 32
9, 21, 57
9, 22, 0
9, 23, 30
9, 24, 18
9, 25, 0
9, 26, 0
9, 27, 53
9, 28, 0
9, 29, 0
9, 30, 0
9, 31, 3
9, 32, 0
9, 33, 38
9, 34, 0
9, 35, 0
9, 36, 0
9, 37, 0
9, 38, 0
9, 39, 0
9, 40, 0
9, 41, 0
9, 42, 0
9, 43, 1
9, 44, 0
9, 45, 25
9, 46, 0
9, 47, 0
9, 48, 4
9, 49, 7
9, 50, 0
9, 51, 50
9, 52, 0
9, 53, 49
9, 54, 20
9, 55, 55
9, 56, 0
9, 57, 36
9, 58, 24
9, 59, 0
9, 60, 0
9, 61, 0
9, 62, 0
9, 63, 0
9, 64, 0
9, 65, 22
9, 66, 39
9, 67, 11
9, 68, 0
9, 69, 34
9, 70, 30
9, 71, 0
9, 72, 40
9, 73, 0
9, 74, 0
9, 75, 31
9, 76, 33
9, 77, 0
9, 78, 0
9, 79, 0
9, 80, 45
9, 81, 9
9, 82, 0
9, 83, 0
9, 84, 2
9, 85, 0
9, 86, 6
9, 87, 0
9, 88, 50
9, 89, 0
9, 90, 38
9, 91, 0
9, 92, 0
9, 93, 0
9, 94, 0
9, 95, 0
9, 96, 0
9, 97, 42
9, 98, 9
9, 99, 0
9, 100, 29
9, 101, 0
9, 102, 0
9, 103, 0
9, 104, 0
9, 105, 51
9, 106, 0
9, 107, 0
9, 108, 0
9, 109, 27
9, 110, 0
9, 111, 0
9, 112, 0
9, 113, 0
9, 114, 8
9, 115, 0
9, 116, 0
9, 117, 46
9, 118, 0
9, 119, 48
9, 120, 0
9, 121, 0
9, 122, 43
9, 123, 11
9, 124, 50
9, 125, 0
9, 126, 0
9, 127, 3
9, 128, 22
9, 129, 34
9, 130, 0
9, 131, 45
9, 132, 0
9, 133, 0
9, 134, 0
9, 135, 0
9, 136, 0
9, 137, 0
9, 138, 0
9, 139, 0
9, 140, 39
9, 141, 0
9, 142, 53
9, 143, 19
9, 144, 5
9, 145, 0
9, 146, 0
9, 147, 0
9, 148, 11
9, 149, 49
9, 150, 53
9, 151, 0
9, 152, 32
9, 153, 0
9, 154, 0
9, 155, 0
9, 156, 0
9, 157, 0
9, 158, 0
9, 159, 0
9, 160, 0
9, 161, 38
9, 162, 0
9, 163, 0
9, 164, 0
9, 165, 0
9, 166, 0
9, 167, 46
9, 168, 0
9, 169, 0
9, 170, 4
9, 171, 0
9, 172, 3
9, 173, 0
9, 174, 0
9, 175, 0
9, 176, 24
9, 177, 0
9, 178, 0
9, 179, 0
9, 180, 0
9, 181, 1
9, 182, 0
9, 183, 0
9, 184, 0
9, 185, 29
9, 186, 14
9, 187, 0
9, 188, 47
9, 189, 0
9, 190, 0
9, 191, 0
9, 192, 0
9, 193, 0
9, 194, 51
9, 195, 29
9, 196, 0
9, 197, 22
9, 198, 0
9, 199, 41
9, 200, 22
9, 201, 0
9, 202, 0
9, 203, 2
9, 204, 0
9, 205, 0
9, 206, 32
9, 207, 0
9, 208, 49
9, 209, 0
9, 210, 30
9, 211, 51
9, 212, 6
9, 213, 0
9, 214, 50
9, 215, 0
9, 216, 55
9, 217, 48
9, 218, 48
9, 219, 0
9, 220, 0
9, 221, 0
9, 222, 0
9, 223, 0
9, 224, 0
9, 225, 0
9, 226, 20
9, 227, 11
9, 228, 0
9, 229, 0
9, 230, 0
9, 231, 0
9, 232, 14
9, 233, 0
9, 234, 0
9, 235, 0
9, 236, 45
9, 237, 3
9, 238, 0
9, 239, 32
9, 240, 2
9, 241, 10
9, 242, 45
9, 243, 0
9, 244, 0
9, 245, 0
9, 246, 21
9, 247, 40
9, 248, 5
9, 249, 53
9, 250, 0
9, 251, 0
9, 252, 0
9, 253, 36
9, 254, 57
9, 255, 0
9, 256, 0
9, 257, 0
9, 258, 8
9, 259, 29
9, 260, 0
9, 261, 26
9, 262, 0
9, 263, 0
9, 264, 0
9, 265, 0
9, 266, 0
9, 267, 18
9, 268, 0
9, 269, 0
9, 270, 7
9, 271, 0
9, 272, 17
9, 273, 0
9, 274, 0
9, 275, 43
9, 276, 0
9, 277, 13
9, 278, 0
9, 279, 0
9, 280, 27
9, 281, 39
9, 282, 0
9, 283, 0
9, 284, 0
9, 285, 34
9, 286, 0
9, 287, 0
9, 288, 0
9, 289, 0
9, 290, 8
9, 291, 0
9, 292, 46
9, 293, 49
9, 294, 6
9, 295, 33
9, 296, 0
9, 297, 0
9, 298, 0
9, 299, 19
9, 300, 0
9, 301, 21
9, 302, 41
9, 303, 0
9, 304, 0
9, 305, 0
9, 306, 38
9, 307, 0
9, 308, 0
9, 309, 0
9, 310, 0
9, 311, 31
9, 312, 50
9, 313, 0
9, 314, 48
9, 315, 55
9, 316, 0
9, 317, 22
9, 318, 0
9, 319, 0
9, 320, 0
9, 321, 51
9, 322, 0
9, 323, 38
9, 324, 0
9, 325, 0
9, 326, 0
9, 327, 0
9, 328, 0
9, 329, 0
9, 330, 50
9, 331, 0
9, 332, 18
9, 333, 0
9, 334, 0
9, 335, 0
9, 336, 0
9, 337, 0
9, 338, 0
9, 339, 0
9, 340, 0
9, 341, 0
9, 342, 26
9, 343, 57
9, 344, 32
9, 345, 3
9, 346, 39
9, 347, 0
9, 348, 0
9, 349, 24
9, 350, 0
9, 351, 0
9, 352, 0
9, 353, 30
9, 354, 0
9, 355, 1
9, 356, 0
9, 357, 40
9, 358, 0
9, 359, 0
9, 360, 55
9, 361, 0
9, 362, 19
9, 363, 0
9, 364, 0
9, 365, 0
9, 366, 27
9, 367, 45
9, 368, 0
9, 369, 0
9, 370, 0
9, 371, 0
9, 372, 43
9, 373, 0
9, 374, 21
9, 375, 0
9, 376, 0
9, 377, 11
9, 378, 0
9, 379, 0
9, 380, 0
9, 381, 49
9, 382, 0
9, 383, 35
9, 384, 5
9, 385, 0
9, 386, 2
9, 387, 0
9, 388, 0
9, 389, 0
9, 390, 0
9, 391, 21
9, 392, 10
9, 393, 8
9, 394, 30
9, 395, 41
9, 396, 0
9, 397, 0
9, 398, 36
9, 399, 0
10, 0, 0
10, 1, 15
10, 2, 0
10, 3, 0
10, 4, 0
10, 5, 0
10, 6, 36
10, 7, 46
10, 8, 34
10, 9, 0
10, 10, 0
10, 11, 0
10, 12, 0
10, 13, 58
10, 14, 0
10, 15, 7
10, 16, 0
10, 17, 35
10, 18, 0
10, 19, 0
10, 20, 0
10, 21, 0
10, 22, 0
10, 23, 0
10, 24, 0
10, 25, 0
10, 26, 0
10, 27, 0
10, 28, 0
10, 29, 0
10, 30, 0
10, 31, 0
10, 32, 0
10, 33, 0
10, 34, 0
10, 35, 0
10, 36, 23
10, 37, 0
10, 38, 48
10, 39, 0
10, 40, 41
10, 41, 0
10, 42, 0
10, 43, 0
10, 44, 0
10, 45, 0
10, 46, 0
10, 47, 0
10, 48, 22
10, 49, 0
10, 50, 0
10, 51, 15
10, 52, 0
10, 53, 0
10, 54, 0
10, 55, 0
10, 56, 0
10, 57, 35
10, 58, 53
10, 59, 57
10, 60, 0
10, 61, 19
10, 62, 6
10, 63, 35
10, 64, 5
10, 65, 48
10, 66, 0
10, 67, 0
10, 68, 0
10, 69, 0
10, 70, 45
10, 71, 0
10, 72, 0
10, 73, 4
10, 74, 0
10, 75, 15
10, 76, 0
10, 77, 18
10, 78, 0
10, 79, 34
10, 80, 0
10, 81, 54
10, 82, 0
10, 83, 0
10, 84, 0
10, 85, 44
10, 86, 0
10, 87, 0
10, 88, 13
10, 89, 0
10, 90, 0
10, 91, 0
10, 92, 0
10, 93, 0
10, 94, 47
10, 95, 0
10, 96, 40
10, 97, 51
10, 98, 44
10, 99, 0
10, 100, 27
10, 101, 0
10, 102, 0
10, 103, 0
10, 104, 0
10, 105, 0
10, 106, 12
10, 107, 30
10, 108, 0
10, 109, 0
10, 110, 0
10, 111, 0
10, 112, 40
10, 113, 0
10, 114, 0
10, 115, 0
10, 116, 0
10, 117, 0
10, 118, 49
10, 119, 0
10, 120, 33
10, 121, 0
10, 122, 0
10, 123, 0
10, 124, 0
10, 125, 0
10, 126, 19
10, 127, 0
10, 128, 0
10, 129, 0
10, 130, 17
10, 131, 0
10, 132, 0
10, 133, 0
10, 134, 0
10, 135, 0
10, 136, 22
10, 137, 0
10, 138, 41
10, 139, 55
10, 140, 0
10, 141, 0
10, 142, 2
10, 143, 0
10, 144, 0
10, 145, 58
10, 146, 0
10, 147, 2
10, 148, 36
10, 149, 0
10, 150, 51
10, 151, 12
10, 152, 0
10, 153, 0
10, 154, 0
10, 155, 0
10, 156, 0
10, 157, 42
10, 158, 0
10, 159, 0
10, 160, 0
10, 161, 0
10, 162, 0
10, 163, 27
10, 164, 20
10, 165, 0
10, 166, 0
10, 167, 0
10, 168, 8
10, 169, 0
10, 170, 36
10, 171, 0
10, 172, 0
10, 173, 0
10, 174, 0
10, 175, 0
10, 176, 0
10, 177, 0
10, 178, 0
10, 179, 38
10, 180, 0
10, 181, 0
10, 182, 0
10, 183, 0
10, 184, 11
10, 185, 36
10, 186, 0
10, 187, 0
10, 188, 0
10, 189, 0
10, 190, 35
10, 191, 0
10, 192, 27
10, 193, 18
10, 194, 0
10, 195, 48
10, 196, 0
10, 197, 17
10, 198, 47
10, 199, 0
10, 200, 0
10, 201, 12
10, 202, 0
10, 203, 0
10, 204, 0
10, 205, 52
10, 206, 28
10, 207, 0
10, 208, 0
10, 209, 0
10, 210, 54
10, 211, 0
10, 212, 7
10, 213, 0
10, 214, 0
10, 215, 0
10, 216, 40
10, 217, 33
10, 218, 0
10, 219, 34
10, 220, 0
10, 221, 10
10, 222, 0
10, 223, 0
10, 224, 15
10, 225, 32
10, 226, 4
10, 227, 18
10, 228, 56
10, 229, 0
10, 230, 0
10, 231, 11
10, 232, 0
10, 233, 0
10, 234, 21
10, 235, 0
10, 236, 19
10, 237, 0
10, 238, 0
10, 239, 22
10, 240, 0
10, 241, 0
10, 242, 0
10, 243, 25
10, 244, 0
10, 245, 44
10, 246, 0
10, 247, 0
10, 248, 0
10, 249, 0
10, 250, 0
10, 251, 35
10, 252, 0
10, 253, 0
10, 254, 0
10, 255, 53
10, 256, 0
10, 257, 0
10, 258, 0
10, 259, 0
10, 260, 0
10, 261, 0
10, 262, 0
10, 263, 0
10, 264, 0
10, 265, 0
10, 266, 0
10, 267, 0
10, 268, 0
10, 269, 0
10, 270, 0
10, 271, 0
10, 272, 51
10, 273, 40
10, 274, 35
10, 275, 0
10, 276, 55
10, 277, 0
10, 278, 0
10, 279, 0
10, 280, 0
10, 281, 17
10, 282, 0
10, 283, 11
10, 284, 0
10, 285, 4
10, 286, 0
10, 287, 23
10, 288, 0
10, 289, 0
10, 290, 0
10, 291, 0
10, 292, 0
10, 293, 0
10, 294, 0
10, 295, 51
10, 296, 24
10, 297, 36
10, 298, 0
10, 299, 0
10, 300, 0
10, 301, 0
10, 302, 0
10, 303, 57
10, 304, 28
10, 305, 0
10, 306, 0
10, 307, 12
10, 308, 0
10, 309, 56
10, 310, 0
10, 311, 0
10, 312, 5
10, 313, 0
10, 314, 0
10, 315, 0
10, 316, 0
10, 317, 52
10, 318, 42
10, 319, 19
10, 320, 0
10, 321, 38
10, 322, 0
10, 323, 0
10, 324, 0
10, 325, 0
10, 326, 0
10, 327, 0
10, 328, 33
10, 329, 0
10, 330, 0
10, 331, 0
10, 332, 0
10, 333, 0
10, 334, 0
10, 335, 0
10, 336, 0
10, 337, 0
10, 338, 10
10, 339, 0
10, 340, 22
10, 341, 0
10, 342, 49
10, 343, 0
10, 344, 0
10, 345, 0
10, 346, 0
10, 347, 0
10, 348, 0
10, 349, 1
10, 350, 53
10, 351, 0
10, 352, 0
10, 353, 0
10, 354, 0
10, 355, 15
10, 356, 0
10, 357, 0
10, 358, 8
10, 359, 0
10, 360, 27
10, 361, 0
10, 362, 2
10, 363, 0
10, 364, 0
10, 365, 0
10, 366, 0
10, 367, 56
10, 368, 0
10, 369, 44
10, 370, 0
10, 371, 0
10, 372, 0
10, 373, 0
10, 374, 0
10, 375, 46
10, 376, 0
10, 377, 18
10, 378, 0
10, 379, 0
10, 380, 0
10, 381, 13
10, 382, 0
10, 383, 0
10, 384, 24
10, 385, 0
10, 386, 0
10, 387, 0
10, 388, 52
10, 389, 0
10, 390, 23
10, 391, 0
10, 392, 0
10, 393, 0
10, 394, 20
10, 395, 56
10, 396, 0
10, 397, 0
10, 398, 22
10, 399, 44
11, 0, 0
11, 1, 14
11, 2, 0
11, 3, 0
11, 4, 0
11, 5, 22
11, 6, 0
11, 7, 0
11, 8, 0
11, 9, 0
11, 10, 0
11, 11, 27
11, 12, 0
11, 13, 42
11, 14, 33
11, 15, 34
11, 16, 32
11, 17, 0
11, 18, 0
11, 19, 0
11, 20, 0
11, 21, 13
11, 22, 0
11, 23, 44
11, 24, 0
11, 25, 51
11, 26, 26
11, 27, 0
11, 28, 0
11, 29, 6
11, 30, 0
11, 31, 0
11, 32, 0
11, 33, 38
11, 34, 2
11, 35, 46
11, 36, 0
11, 37, 16
11, 38, 0
11, 39, 0
11, 40, 0
11, 41, 6
11, 42, 42
11, 43, 4
11, 44, 23
11, 45, 30
11, 46, 39
11, 47, 34
11, 48, 45
11, 49, 0
11, 50, 39
11, 51, 0
11, 52, 13
11, 53, 0
11, 54, 25
11, 55, 18
11, 56, 0
11, 57, 31
11, 58, 0
11, 59, 0
11, 60, 0
11, 61, 0
11, 62, 0
11, 63, 0
11, 64, 0
11, 65, 0
11, 66, 0
11, 67, 19
11, 68, 0
11, 69, 0
11, 70, 22
11, 71, 42
11, 72, 0
11, 73, 0
11, 74, 0
11, 75, 0
11, 76, 0
11, 77, 17
11, 78, 24
11, 79, 0
11, 80, 0
11, 81, 0
11, 82, 0
11, 83, 0
11, 84, 0
11, 85, 0
11, 86, 18
11, 87, 0
11, 88, 40
11, 89, 43
11, 90, 0
11, 91, 10
11, 92, 0
11, 93, 17
11, 94, 9
11, 95, 0
11, 96, 0
11, 97, 0
11, 98, 0
11, 99, 0
11, 100, 9
11, 101, 18
11, 102, 32
11, 103, 0
11, 104, 40
11, 105, 0
11, 106, 0
11, 107, 22
11, 108, 51
11, 109, 50
11, 110, 0
11, 111, 37
11, 112, 0
11, 113, 0
11, 114, 0
11, 115, 0
11, 116, 0
11, 117, 0
11, 118, 0
11, 119, 0
11, 120, 21
11, 121, 0
11, 122, 0
11, 123, 0
11, 124, 0
11, 125, 0
11, 126, 25
11, 127, 0
11, 128, 0
11, 129, 53
11, 130, 53
11, 131, 0
11, 132, 0
11, 133, 0
11, 134, 0
11, 135, 0
11, 136, 0
11, 137, 46
11, 138, 20
11, 139, 0
11, 140, 0
11, 141, 0
11, 142, 27
11, 143, 4
11, 144, 0
11, 145, 36
11, 146, 30
11, 147, 0
11, 148, 51
11, 149, 48
11, 150, 44
11, 151, 0
11, 152, 0
11, 153, 47
11, 154, 38
11, 155, 0
11, 156, 0
11, 157, 0
11, 158, 2
11, 159, 3
11, 160, 0
11, 161, 0
11, 162, 54
11, 163, 49
11, 164, 45
11, 165, 42
11, 166, 0
11, 167, 0
11, 168, 19
11, 169, 0
11, 170, 0
11, 171, 0
11, 172, 0
11, 173, 0
11, 174, 0
11, 175, 23
11, 176, 0
11, 177, 0
11, 178, 44
11, 179, 11
11, 180, 0
11, 181, 0
11, 182, 9
11, 183, 0
11, 184, 0
11, 185, 20
11, 186, 24
11, 187, 0
11, 188, 0
11, 189, 0
11, 190, 0
11, 191, 39
11, 192, 0
11, 193, 0
11, 194, 33
11, 195, 39
11, 196, 0
11, 197, 18
11, 198, 32
11, 199, 0
11, 200, 0
11, 201, 0
11, 202, 0
11, 203, 9
11, 204, 0
11, 205, 0
11, 206, 17
11, 207, 23
11, 208, 14
11, 209, 0
11, 210, 0
11, 211, 0
11, 212, 42
11, 213, 33
11, 214, 3
11, 215, 0
11, 216, 0
11, 217, 0
11, 218, 40
11, 219, 32
11, 220, 0
11, 221, 0
11, 222, 51
11, 223, 4
11, 224, 50
11, 225, 0
11, 226, 0
11, 227, 0
11, 228, 36
11, 229, 25
11, 230, 0
11, 231, 0
11, 232, 17
11, 233, 0
11, 234, 31
11, 235, 0
11, 236, 0
11, 237, 0
11, 238, 0
11, 239, 0
11, 240, 37
11, 241, 39
11, 242, 51
11, 243, 0
11, 244, 0
11, 245, 2
11, 246, 0
11, 247, 7
11, 248, 0
11, 249, 0
11, 250, 7
11, 251, 19
11, 252, 0
11, 253, 0
11, 254, 33
11, 255, 51
11, 256, 13
11, 257, 53
11, 258, 26
11, 259, 0
11, 260, 24
11, 261, 22
11, 262, 10
11, 263, 0
11, 264, 11
11, 265, 0
11, 266, 36
11, 267, 54
11, 268, 0
11, 269, 0
11, 270, 6
11, 271, 28
11, 272, 34
11, 273, 0
11, 274, 23
11, 275, 40
11, 276, 48
11, 277, 0
11, 278, 0
11, 279, 0
11, 280, 0
11, 281, 0
11, 282, 0
11, 283, 0
11, 284, 0
11, 285, 0
11, 286, 0
11, 287, 0
11, 288, 0
11, 289, 47
11, 290, 40
11, 291, 0
11, 292, 43
11, 293, 45
11, 294, 0
11, 295, 39
11, 296, 49
11, 297, 38
11, 298, 54
11, 299, 0
11, 300, 0
11, 301, 44
11, 302, 0
11, 303, 0
11, 304, 0
11, 305, 0
11, 306, 0
11, 307, 0
11, 308, 45
11, 309, 0
11, 310, 16
11, 311, 0
11, 312, 18
11, 313, 0
11, 314, 13
11, 315, 0
11, 316, 0
11, 317, 0
11, 318, 21
11, 319, 0
11, 320, 0
11, 321, 33
11, 322, 0
11, 323, 29
11, 324, 0
11, 325, 0
11, 326, 0
11, 327, 27
11, 328, 42
11, 329, 0
11, 330, 0
11, 331, 30
11, 332, 37
11, 333, 3
11, 334, 0
11, 335, 7
11, 336, 0
11, 337, 0
11, 338, 0
11, 339, 0
11, 340, 0
11, 341, 0
11, 342, 0
11, 343, 50
11, 344, 0
11, 345, 0
11, 346, 34
11, 347, 25
11, 348, 0
11, 349, 0
11, 350, 0
11, 351, 45
11, 352, 34
11, 353, 51
11, 354, 0
11, 355, 26
11, 356, 0
11, 357, 0
11, 358, 0
11, 359, 0
11, 360, 17
11, 361, 0
11, 362, 0
11, 363, 0
11, 364, 16
11, 365, 31
11, 366, 33
11, 367, 7
11, 368, 36
11, 369, 0
11, 370, 0
11, 371, 0
11, 372, 0
11, 373, 4
11, 374, 0
11, 375, 43
11, 376, 0
11, 377, 47
11, 378, 0
11, 379, 45
11, 380, 0
11, 381, 0
11, 382, 42
11, 383, 0
11, 384, 0
11, 385, 0
11, 386, 0
11, 387, 0
11, 388, 0
11, 389, 31
11, 390, 0
11, 391, 0
11, 392, 48
11, 393, 0
11, 394, 0
11, 395, 0
11, 396, 0
11, 397, 0
11, 398, 0
11, 399, 0
12, 0, 0
12, 1, 0
12, 2, 0
12, 3, 0
12, 4, 0
12, 5, 32
12, 6, 0
12, 7, 33
12, 8, 0
12, 9, 0
12, 10, 4
12, 11, 0
12, 12, 0
12, 13, 48
12, 14, 21
12, 15, 0
12, 16, 0
12, 17, 18
12, 18, 0
12, 19, 30
12, 20, 0
12, 21, 37
12, 22, 0
12, 23, 0
12, 24, 2
12, 25, 0
12, 26, 10
12, 27, 0
12, 28, 20
12, 29, 0
12, 30, 0
12, 31, 14
12, 32, 47
12, 33, 0
12, 34, 16
12, 35, 0
12, 36, 24
12, 37, 25
12, 38, 0
12, 39, 0
12, 40, 0
12, 41, 0
12, 42, 27
12, 43, 0
12, 44, 0
12, 45, 0
12, 46, 1
12, 47, 0
12, 48, 0
12, 49, 23
12, 50, 54
12, 51, 26
12, 52, 0
12, 53, 0
12, 54, 56
12, 55, 0
12, 56, 0
12, 57, 0
12, 58, 0
12, 59, 0
12, 60, 15
12, 61, 0
12, 62, 43
12, 63, 0
12, 64, 0
12, 65, 47
12, 66, 3
12, 67, 0
12, 68, 48
12, 69, 0
12, 70, 32
12, 71, 0
12, 72, 0
12, 73, 0
12, 74, 10
12, 75, 0
12, 76, 0
12, 77, 7
12, 78, 4
12, 79, 0
12, 80, 0
12, 81, 0
12, 82, 53
12, 83, 0
12, 84, 6
12, 85, 0
12, 86, 34
12, 87, 0
12, 88, 35
12, 89, 17
12, 90, 0
12, 91, 14
12, 92, 0
12, 93, 0
12, 94, 0
12, 95, 21
12, 96, 0
12, 97, 49
12, 98, 0
12, 99, 57
12, 100, 0
12, 101, 0
12, 102, 45
12, 103, 0
12, 104, 0
12, 105, 0
12, 106, 0
12, 107, 0
12, 108, 0
12, 109, 0
12, 110, 12
12, 111, 0
12, 112, 0
12, 113, 0
12, 114, 5
12, 115, 30
12, 116, 0
12, 117, 0
12, 118, 0
12, 119, 2
12, 120, 0
12, 121, 7
12, 122, 3
12, 123, 0
12, 124, 0
12, 125, 43
12, 126, 0
12, 127, 52
12, 128, 6
12, 129, 0
12, 130, 0
12, 131, 0
12, 132, 41
12, 133, 11
12, 134, 0
12, 135, 0
12, 136, 0
12, 137, 0
12, 138, 0
12, 139, 0
12, 140, 16
12, 141, 31
12, 142, 0
12, 143, 0
12, 144, 9
12, 145, 0
12, 146, 45
12, 147, 0
12, 148, 0
12, 149, 0
12, 150, 18
12, 151, 43
12, 152, 0
12, 153, 14
12, 154, 0
12, 155, 0
12, 156, 0
12, 157, 0
12, 158, 0
12, 159, 0
12, 160, 21
12, 161, 53
12, 162, 20
12, 163, 0
12, 164, 0
12, 165, 27
12, 166, 45
12, 167, 0
12, 168, 0
12, 169, 0
12, 170, 0
12, 171, 0
12, 172, 40
12, 173, 0
12, 174, 0
12, 175, 0
12, 176, 0
12, 177, 25
12, 178, 12
12, 179, 0
12, 180, 53
12, 181, 51
12, 182, 0
12, 183, 47
12, 184, 0
12, 185, 15
12, 186, 0
12, 187, 12
12, 188, 40
12, 189, 0
12, 190, 0
12, 191, 30
12, 192, 0
12, 193, 5
12, 194, 0
12, 195, 0
12, 196, 0
12, 197, 7
12, 198, 44
12, 199, 33
12, 200, 17
12, 201, 56
12, 202, 0
12, 203, 59
12, 204, 32
12, 205, 0
12, 206, 0
12, 207, 0
12, 208, 0
12, 209, 35
12, 210, 41
12, 211, 0
12, 212, 0
12, 213, 0
12, 214, 0
12, 215, 0
12, 216, 0
12, 217, 0
12, 218, 0
12, 219, 0
12, 220, 0
12, 221, 0
12, 222, 0
12, 223, 0
12, 224, 0
12, 225, 0
12, 226, 0
12, 227, 11
12, 228, 0
12, 229, 0
12, 230, 0
12, 231, 0
12, 232, 0
12, 233, 0
12, 234, 0
12, 235, 0
12, 236, 0
12, 237, 5
12, 238, 9
12, 239, 0
12, 240, 0
12, 241, 0
12, 242, 21
12, 243, 52
12, 244, 54
12, 245, 0
12, 246, 0
12, 247, 0
12, 248, 0
12, 249, 24
12, 250, 6
12, 251, 37
12, 252, 59
12, 253, 0
12, 254, 0
12, 255, 0
12, 256, 0
12, 257, 0
12, 258, 0
12, 259, 8
12, 260, 0
12, 261, 0
12, 262, 0
12, 263, 43
12, 264, 0
12, 265, 0
12, 266, 48
12, 267, 0
12, 268, 0
12, 269, 0
12, 270, 0
12, 271, 0
12, 272, 9
12, 273, 0
12, 274, 0
12, 275, 0
12, 276, 38
12, 277, 7
12, 278, 41
12, 279, 0
12, 280, 0
12, 281, 0
12, 282, 0
12, 283, 6
12, 284, 0
12, 285, 0
12, 286, 0
12, 287, 0
12, 288, 49
12, 289, 30
12, 290, 0
12, 291, 57
12, 292, 0
12, 293, 0
12, 294, 17
12, 295, 0
12, 296, 49
12, 297, 45
12, 298, 0
12, 299, 0
12, 300, 31
12, 301, 0
12, 302, 59
12, 303, 0
12, 304, 31
12, 305, 0
12, 306, 10
12, 307, 0
12, 308, 44
12, 309, 0
12, 310, 49
12, 311, 0
12, 312, 53
12, 313, 20
12, 314, 0
12, 315, 0
12, 316, 0
12, 317, 0
12, 318, 45
12, 319, 0
12, 320, 0
12, 321, 14
12, 322, 0
12, 323, 0
12, 324, 0
12, 325, 0
12, 326, 0
12, 327, 0
12, 328, 56
12, 329, 0
12, 330, 12
12, 331, 0
12, 332, 0
12, 333, 51
12, 334, 0
12, 335, 0
12, 336, 0
12, 337, 0
12, 338, 0
12, 339, 7
12, 340, 0
12, 341, 43
12, 342, 0
12, 343, 16
12, 344, 0
12, 345, 9
12, 346, 31
12, 347, 22
12, 348, 0
12, 349, 0
12, 350, 0
12, 351, 0
12, 352, 0
12, 353, 0
12, 354, 0
12, 355, 0
12, 356, 0
12, 357, 23
12, 358, 0
12, 359, 0
12, 360, 0
12, 361, 26
12, 362, 35
12, 363, 0
12, 364, 0
12, 365, 0
12, 366, 18
12, 367, 0
12, 368, 0
12, 369, 2
12, 370, 0
12, 371, 30
12, 372, 52
12, 373, 0
12, 374, 0
12, 375, 0
12, 376, 0
12, 377, 59
12, 378, 57
12, 379, 0
12, 380, 0
12, 381, 0
12, 382, 0
12, 383, 0
12, 384, 54
12, 385, 0
12, 386, 0
12, 387, 0
12, 388, 52
12, 389, 0
12, 390, 41
12, 391, 0
12, 392, 0
12, 393, 38
12, 394, 0
12, 395, 0
12, 396, 1
12, 397, 40
12, 398, 30
12, 399, 0
13, 0, 0
13, 1, 0
13, 2, 0
13, 3, 0
13, 4, 0
13, 5, 27
13, 6, 0
13, 7, 0
13, 8, 42
13, 9, 0
13, 10, 49
13, 11, 3
13, 12, 0
13, 13, 0
13, 14, 0
13, 15, 17
13, 16, 55
13, 17, 31
13, 18, 0
13, 19, 47
13, 20, 0
13, 21, 0
13, 22, 0
13, 23, 0
13, 24, 51
13, 25, 0
13, 26, 48
13, 27, 0
13, 28, 0
13, 29, 27
13, 30, 0
13, 31, 0
13, 32, 0
13, 33, 50
13, 34, 30
13, 35, 32
13, 36, 8
13, 37, 44
13, 38, 56
13, 39, 3
13, 40, 36
13, 41, 0
13, 42, 0
13, 43, 54
13, 44, 34
13, 45, 18
13, 46, 0
13, 47, 0
13, 48, 0
13, 49, 0
13, 50, 0
13, 51, 0
13, 52, 0
13, 53, 0
13, 54, 39
13, 55, 0
13, 56, 0
13, 57, 0
13, 58, 0
13, 59, 0
13, 60, 25
13, 61, 0
13, 62, 0
13, 63, 0
13, 64, 31
13, 65, 0
13, 66, 0
13, 67, 0
13, 68, 1
13, 69, 46
13, 70, 0
13, 71, 35
13, 72, 42
13, 73, 31
13, 74, 0
13, 75, 0
13, 76, 0
13, 77, 0
13, 78, 0
13, 79, 55
13, 80, 44
13, 81, 38
13, 82, 45
13, 83, 0
13, 84, 1
13, 85, 0
13, 86, 0
13, 87, 0
13, 88, 11
13, 89, 0
13, 90, 27
13, 91, 0
13, 92, 16
13, 93, 0
13, 94, 0
13, 95, 0
13, 96, 0
13, 97, 6
13, 98, 0
13, 99, 44
13, 100, 0
13, 101, 14
13, 102, 2
13, 103, 0
13, 104, 0
13, 105, 32
13, 106, 9
13, 107, 0
13, 108, 51
13, 109, 14
13, 110, 0
13, 111, 0
13, 112, 0
13, 113, 0
13, 114, 0
13, 115, 0
13, 116, 17
13, 117, 0
13, 118, 0
13, 119, 0
13, 120, 29
13, 121, 20
13, 122, 0
13, 123, 50
13, 124, 0
13, 125, 30
13, 126, 0
13, 127, 0
13, 128, 47
13, 129, 41
13, 130, 0
13, 131, 0
13, 132, 39
13, 133, 0
13, 134, 42
13, 135, 36
13, 136, 0
13, 137, 32
13, 138, 7
13, 139, 0
13, 140, 0
13, 141, 37
13, 142, 48
13, 143, 0
13, 144, 0
13, 145, 21
13, 146, 0
13, 147, 18
13, 148, 0
13, 149, 0
13, 150, 24
13, 151, 0
13, 152, 0
13, 153, 57
13, 154, 0
13, 155, 0
13, 156, 0
13, 157, 35
13, 158, 0
13, 159, 0
13, 160, 24
13, 161, 0
13, 162, 0
13, 163, 5
13, 164, 23
13, 165, 43
13, 166, 0
13, 167, 0
13, 168, 2
13, 169, 11
13, 170, 0
13, 171, 0
13, 172, 26
13, 173, 38
13, 174, 0
13, 175, 0
13, 176, 0
13, 177, 36
13, 178, 43
13, 179, 4
13, 180, 3
13, 181, 0
13, 182, 0
13, 183, 0
13, 184, 0
13, 185, 0
13, 186, 0
13, 187, 0
13, 188, 0
13, 189, 45
13, 190, 0
13, 191, 0
13, 192, 25
13, 193, 40
13, 194, 31
13, 195, 0
13, 196, 3
13, 197, 50
13, 198, 0
13, 199, 54
13, 200, 0
13, 201, 0
13, 202, 0
13, 203, 27
13, 204, 0
13, 205, 0
13, 206, 0
13, 207, 0
13, 208, 51
13, 209, 0
13, 210, 9
13, 211, 56
13, 212, 0
13, 213, 46
13, 214, 0
13, 215, 0
13, 216, 0
13, 217, 40
13, 218, 24
13, 219, 39
13, 220, 0
13, 221, 0
13, 222, 0
13, 223, 0
13, 224, 29
13, 225, 12
13, 226, 0
13, 227, 0
13, 228, 0
13, 229, 0
13, 230, 0
13, 231, 48
13, 232, 0
13, 233, 37
13, 234, 23
13, 235, 11
13, 236, 0
13, 237, 0
13, 238, 32
13, 239, 0
13, 240, 23
13, 241, 50
13, 242, 16
13, 243, 41
13, 244, 37
13, 245, 0
13, 246, 0
13, 247, 38
13, 248, 0
13, 249, 34
13, 250, 0
13, 251, 30
13, 252, 0
13, 253, 0
13, 254, 0
13, 255, 0
13, 256, 0
13, 257, 0
13, 258, 0
13, 259, 0
13, 260, 0
13, 261, 46
13, 262, 27
13, 263, 7
13, 264, 0
13, 265, 0
13, 266, 0
13, 267, 0
13, 268, 0
13, 269, 4
13, 270, 0
13, 271, 35
13, 272, 36
13, 273, 14
13, 274, 0
13, 275, 0
13, 276, 42
13, 277, 0
13, 278, 0
13, 279, 6
13, 280, 50
13, 281, 25
13, 282, 27
13, 283, 0
13, 284, 48
13, 285, 57
13, 286, 0
13, 287, 0
13, 288, 37
13, 289, 0
13, 290, 0
13, 291, 0
13, 292, 43
13, 293, 0
13, 294, 0
13, 295, 16
13, 296, 0
13, 297, 2
13, 298, 0
13, 299, 0
13, 300, 0
13, 301, 32
13, 302, 43
13, 303, 0
13, 304, 0
13, 305, 44
13, 306, 0
13, 307, 0
13, 308, 12
13, 309, 6
13, 310, 36
13, 311, 54
13, 312, 0
13, 313, 0
13, 314, 3
13, 315, 0
13, 316, 0
13, 317, 0
13, 318, 0
13, 319, 0
13, 320, 8
13, 321, 32
13, 322, 0
13, 323, 0
13, 324, 0
13, 325, 0
13, 326, 0
13, 327, 0
13, 328, 24
13, 329, 29
13, 330, 0
13, 331, 0
13, 332, 31
13, 333, 44
13, 334, 0
13, 335, 0
13, 336, 26
13, 337, 0
13, 338, 18
13, 339, 0
13, 340, 16
13, 341, 4
13, 342, 38
13, 343, 0
13, 344, 0
13, 345, 0
13, 346, 0
13, 347, 44
13, 348, 0
13, 349, 24
13, 350, 39
13, 351, 0
13, 352, 49
13, 353, 0
13, 354, 38
13, 355, 42
13, 356, 33
13, 357, 0
13, 358, 0
13, 359, 0
13, 360, 5
13, 361, 0
13, 362, 0
13, 363, 0
13, 364, 0
13, 365, 23
13, 366, 0
13, 367, 34
13, 368, 0
13, 369, 43
13, 370, 0
13, 371, 0
13, 372, 0
13, 373, 0
13, 374, 0
13, 375, 0
13, 376, 14
13, 377, 7
13, 378, 56
13, 379, 0
13, 380, 25
13, 381, 27
13, 382, 0
13, 383, 0
13, 384, 12
13, 385, 26
13, 386, 0
13, 387, 0
13, 388, 45
13, 389, 40
13, 390, 26
13, 391, 0
13, 392, 0
13, 393, 0
13, 394, 0
13, 395, 6
13, 396, 0
13, 397, 0
13, 398, 20
13, 399, 0
14, 0, 0
14, 1, 0
14, 2, 0
14, 3, 0
14, 4, 0
14, 5, 0
14, 6, 14
14, 7, 0
14, 8, 6
14, 9, 0
14, 10, 15
14, 11, 0
14, 12, 34
14, 13, 29
14, 14, 47
14, 15, 9
14, 16, 33
14, 17, 0
14, 18, 40
14, 19, 0
14, 20, 0
14, 21, 6
14, 22, 0
14, 23, 0
14, 24, 0
14, 25, 0
14, 26, 0
14, 27, 23
14, 28, 0
14, 29, 0
14, 30, 26
14, 31, 0
14, 32, 0
14, 33, 20
14, 34, 34
14, 35, 0
14, 36, 0
14, 37, 0
14, 38, 42
14, 39, 0
14, 40, 0
14, 41, 0
14, 42, 0
14, 43, 0
14, 44, 0
14, 45, 0
14, 46, 0
14, 47, 0
14, 48, 0
14, 49, 0
14, 50, 0
14, 51, 0
14, 52, 0
14, 53, 0
14, 54, 36
14, 55, 0
14, 56, 0
14, 57, 0
14, 58, 0
14, 59, 25
14, 60, 32
14, 61, 30
14, 62, 24
14, 63, 0
14, 64, 7
14, 65, 0
14, 66, 0
14, 67, 0
14, 68, 51
14, 69, 0
14, 70, 0
14, 71, 0
14, 72, 37
14, 73, 0
14, 74, 0
14, 75, 0
14, 76, 27
14, 77, 0
14, 78, 0
14, 79, 14
14, 80, 0
14, 81, 0
14, 82, 0
14, 83, 0
14, 84, 0
14, 85, 0
14, 86, 58
14, 87, 0
14, 88, 17
14, 89, 0
14, 90, 0
14, 91, 0
14, 92, 0
14, 93, 22
14, 94, 0
14, 95, 0
14, 96, 26
14, 97, 0
14, 98, 29
14, 99, 0
14, 100, 0
14, 101, 0
14, 102, 0
14, 103, 7
14, 104, 57
14, 105, 27
14, 106, 58
14, 107, 42
14, 108, 0
14, 109, 34
14, 110, 0
14, 111, 47
14, 112, 0
14, 113, 0
14, 114, 0
14, 115, 3
14, 116, 0
14, 117, 0
14, 118, 0
14, 119, 0
14, 120, 36
14, 121, 1
14, 122, 0
14, 123, 0
14, 124, 0
14, 125, 0
14, 126, 42
14, 127, 9
14, 128, 0
14, 129, 0
14, 130, 0
14, 131, 35
14, 132, 47
14, 133, 0
14, 134, 55
14, 135, 46
14, 136, 0
14, 137, 13
14, 138, 0
14, 139, 0
14, 140, 0
14, 141, 25
14, 142, 2
14, 143, 0
14, 144, 13
14, 145, 0
14, 146, 0
14, 147, 0
14, 148, 0
14, 149, 0
14, 150, 32
14, 151, 1
14, 152, 0
14, 153, 0
14, 154, 44
14, 155, 56
14, 156, 0
14, 157, 1
14, 158, 0
14, 159, 0
14, 160, 0
14, 161, 10
14, 162, 0
14, 163, 0
14, 164, 0
14, 165, 0
14, 166, 49
14, 167, 16
14, 168, 15
14, 169, 0
14, 170, 0
14, 171, 0
14, 172, 0
14, 173, 0
14, 174, 38
14, 175, 0
14, 176, 0
14, 177, 0
14, 178, 54
14, 179, 0
14, 180, 24
14, 181, 0
14, 182, 0
14, 183, 30
14, 184, 0
14, 185, 0
14, 186, 0
14, 187, 0
14, 188, 0
14, 189, 41
14, 190, 0
14, 191, 0
14, 192, 0
14, 193, 0
14, 194, 0
14, 195, 11
14, 196, 0
14, 197, 0
14, 198, 0
14, 199, 0
14, 200, 0
14, 201, 0
14, 202, 18
14, 203, 0
14, 204, 51
14, 205, 6
14, 206, 40
14, 207, 0
14, 208, 0
14, 209, 62
14, 210, 36
14, 211, 8
14, 212, 42
14, 213, 0
14, 214, 55
14, 215, 0
14, 216, 0
14, 217, 0
14, 218, 0
14, 219, 13
14, 220, 0
14, 221, 0
14, 222, 0
14, 223, 42
14, 224, 0
14, 225, 20
14, 226, 0
14, 227, 23
14, 228, 0
14, 229, 0
14, 230, 0
14, 231, 23
14, 232, 0
14, 233, 57
14, 234, 0
14, 235, 37
14, 236, 0
14, 237, 0
14, 238, 12
14, 239, 7
14, 240, 2
14, 241, 36
14, 242, 0
14, 243, 0
14, 244, 0
14, 245, 0
14, 246, 26
14, 247, 0
14, 248, 27
14, 249, 31
14, 250, 19
14, 251, 0
14, 252, 0
14, 253, 0
14, 254, 0
14, 255, 0
14, 256, 0
14, 257, 41
14, 258, 0
14, 259, 19
14, 260, 37
14, 261, 32
14, 262, 0
14, 263, 0
14, 264, 40
14, 265, 25
14, 266, 15
14, 267, 0
14, 268, 5
14, 269, 0
14, 270, 0
14, 271, 0
14, 272, 0
14, 273, 0
14, 274, 0
14, 275, 0
14, 276, 0
14, 277, 58
14, 278, 28
14, 279, 0
14, 280, 47
14, 281, 0
14, 282, 0
14, 283, 0
14, 284, 0
14, 285, 0
14, 286, 0
14, 287, 17
14, 288, 0
14, 289, 19
14, 290, 31
14, 291, 0
14, 292, 0
14, 293, 0
14, 294, 0
14, 295, 0
14, 296, 0
14, 297, 30
14, 298, 0
14, 299, 0
14, 300, 35
14, 301, 0
14, 302, 32
14, 303, 9
14, 304, 0
14, 305, 54
14, 306, 0
14, 307, 38
14, 308, 0
14, 309, 46
14, 310, 0
14, 311, 7
14, 312, 0
14, 313, 0
14, 314, 0
14, 315, 0
14, 316, 0
14, 317, 0
14, 318, 6
14, 319, 0
14, 320, 0
14, 321, 8
14, 322, 0
14, 323, 0
14, 324, 56
14, 325, 0
14, 326, 0
14, 327, 0
14, 328, 0
14, 329, 34
14, 330, 0
14, 331, 11
14, 332, 0
14, 333, 0
14, 334, 0
14, 335, 0
14, 336, 0
14, 337, 0
14, 338, 49
14, 339, 51
14, 340, 57
14, 341, 18
14, 342, 62
14, 343, 0
14, 344, 0
14, 345, 0
14, 346, 0
14, 347, 13
14, 348, 0
14, 349, 0
14, 350, 55
14, 351, 44
14, 352, 26
14, 353, 0
14, 354, 0
14, 355, 0
14, 356, 0
14, 357, 33
14, 358, 0
14, 359, 0
14, 360, 0
14, 361, 0
14, 362, 0
14, 363, 0
14, 364, 0
14, 365, 58
14, 366, 0
14, 367, 31
14, 368, 16
14, 369, 0
14, 370, 0
14, 371, 0
14, 372, 0
14, 373, 27
14, 374, 57
14, 375, 0
14, 376, 0
14, 377, 0
14, 378, 0
14, 379, 0
14, 380, 31
14, 381, 0
14, 382, 30
14, 383, 20
14, 384, 0
14, 385, 0
14, 386, 22
14, 387, 0
14, 388, 33
14, 389, 0
14, 390, 38
14, 391, 0
14, 392, 36
14, 393, 10
14, 394, 0
14, 395, 35
14, 396, 0
14, 397, 0
14, 398, 0
14, 399, 47
15, 0, 0
15, 1, 41
15, 2, 8
15, 3, 0
15, 4, 54
15, 5, 0
15, 6, 35
15, 7, 4
15, 8, 0
15, 9, 0
15, 10, 0
15, 11, 0
15, 12, 0
15, 13, 32
15, 14, 0
15, 15, 8
15, 16, 0
15, 17, 5
15, 18, 45
15, 19, 19
15, 20, 0
15, 21, 24
15, 22, 38
15, 23, 0
15, 24, 36
15, 25, 33
15, 26, 0
15, 27, 25
15, 28, 18
15, 29, 0
15, 30, 33
15, 31, 0
15, 32, 4
15, 33, 0
15, 34, 0
15, 35, 0
15, 36, 20
15, 37, 0
15, 38, 0
15, 39, 0
15, 40, 0
15, 41, 0
15, 42, 0
15, 43, 34
15, 44, 55
15, 45, 0
15, 46, 41
15, 47, 0
15, 48, 0
15, 49, 0
15, 50, 0
15, 51, 47
15, 52, 0
15, 53, 43
15, 54, 0
15, 55, 0
15, 56, 0
15, 57, 23
15, 58, 17
15, 59, 0
15, 60, 34
15, 61, 20
15, 62, 37
15, 63, 0
15, 64, 50
15, 65, 58
15, 66, 0
15, 67, 0
15, 68, 0
15, 69, 51
15, 70, 0
15, 71, 0
15, 72, 0
15, 73, 0
15, 74, 0
15, 75, 1
15, 76, 0
15, 77, 40
15, 78, 0
15, 79, 12
15, 80, 30
15, 81, 0
15, 82, 0
15, 83, 3
15, 84, 0
15, 85, 0
15, 86, 44
15, 87, 0
15, 88, 35
15, 89, 0
15, 90, 0
15, 91, 21
15, 92, 18
15, 93, 0
15, 94, 10
15, 95, 0
15, 96, 40
15, 97, 53
15, 98, 39
15, 99, 29
15, 100, 0
15, 101, 49
15, 102, 4
15, 103, 21
15, 104, 0
15, 105, 30
15, 106, 11
15, 107, 0
15, 108, 55
15, 109, 53
15, 110, 0
15, 111, 34
15, 112, 7
15, 113, 0
15, 114, 0
15, 115, 0
15, 116, 43
15, 117, 0
15, 118, 5
15, 119, 0
15, 120, 0
15, 121, 32
15, 122, 52
15, 123, 0
15, 124, 9
15, 125, 0
15, 126, 0
15, 127, 0
15, 128, 0
15, 129, 0
15, 130, 24
15, 131, 1
15, 132, 0
15, 133, 0
15, 134, 0
15, 135, 0
15, 136, 0
15, 137, 0
15, 138, 25
15, 139, 0
15, 140, 0
15, 141, 34
15, 142, 0
15, 143, 0
15, 144, 47
15, 145, 0
15, 146, 0
15, 147, 0
15, 148, 0
15, 149, 37
15, 150, 0
15, 151, 0
15, 152, 0
15, 153, 0
15, 154, 32
15, 155, 0
15, 156, 0
15, 157, 0
15, 158, 0
15, 159, 0
15, 160, 54
15, 161, 0
15, 162, 21
15, 163, 24
15, 164, 51
15, 165, 0
15, 166, 0
15, 167, 16
15, 168, 0
15, 169, 0
15, 170, 0
15, 171, 0
15, 172, 0
15, 173, 0
15, 174, 0
15, 175, 42
15, 176, 0
15, 177, 0
15, 178, 8
15, 179, 0
15, 180, 56
15, 181, 52
15, 182, 0
15, 183, 0
15, 184, 30
15, 185, 27
15, 186, 38
15, 187, 29
15, 188, 9
15, 189, 40
15, 190, 0
15, 191, 42
15, 192, 0
15, 193, 0
15, 194, 0
15, 195, 7
15, 196, 33
15, 197, 0
15, 198, 0
15, 199, 0
15, 200, 0
15, 201, 0
15, 202, 0
15, 203, 0
15, 204, 0
15, 205, 0
15, 206, 0
15, 207, 23
15, 208, 44
15, 209, 45
15, 210, 28
15, 211, 0
15, 212, 51
15, 213, 15
15, 214, 0
15, 215, 8
15, 216, 12
15, 217, 36
15, 218, 0
15, 219, 12
15, 220, 0
15, 221, 0
15, 222, 4
15, 223, 24
15, 224, 0
15, 225, 53
15, 226, 41
15, 227, 0
15, 228, 0
15, 229, 0
15, 230, 0
15, 231, 0
15, 232, 0
15, 233, 22
15, 234, 0
15, 235, 0
15, 236, 9
15, 237, 40
15, 238, 0
15, 239, 0
15, 240, 49
15, 241, 0
15, 242, 0
15, 243, 0
15, 244, 0
15, 245, 4
15, 246, 0
15, 247, 0
15, 248, 55
15, 249, 0
15, 250, 0
15, 251, 25
15, 252, 0
15, 253, 0
15, 254, 52
15, 255, 39
15, 256, 0
15, 257, 9
15, 258, 11
15, 259, 1
15, 260, 0
15, 261, 0
15, 262, 55
15, 263, 43
15, 264, 38
15, 265, 48
15, 266, 0
15, 267, 0
15, 268, 0
15, 269, 17
15, 270, 0
15, 271, 0
15, 272, 0
15, 273, 29
15, 274, 0
15, 275, 17
15, 276, 36
15, 277, 0
15, 278, 0
15, 279, 0
15, 280, 52
15, 281, 0
15, 282, 0
15, 283, 0
15, 284, 0
15, 285, 34
15, 286, 0
15, 287, 0
15, 288, 38
15, 289, 0
15, 290, 0
15, 291, 56
15, 292, 0
15, 293, 0
15, 294, 0
15, 295, 0
15, 296, 0
15, 297, 26
15, 298, 51
15, 299, 0
15, 300, 8
15, 301, 15
15, 302, 0
15, 303, 0
15, 304, 0
15, 305, 0
15, 306, 0
15, 307, 0
15, 308, 0
15, 309, 0
15, 310, 43
15, 311, 40
15, 312, 21
15, 313, 0
15, 314, 0
15, 315, 0
15, 316, 18
15, 317, 15
15, 318, 42
15, 319, 28
15, 320, 0
15, 321, 30
15, 322, 0
15, 323, 0
15, 324, 0
15, 325, 23
15, 326, 0
15, 327, 0
15, 328, 0
15, 329, 0
15, 330, 32
15, 331, 0
15, 332, 24
15, 333, 25
15, 334, 0
15, 335, 0
15, 336, 0
15, 337, 19
15, 338, 0
15, 339, 0
15, 340, 48
15, 341, 0
15, 342, 0
15, 343, 0
15, 344, 0
15, 345, 0
15, 346, 0
15, 347, 0
15, 348, 0
15, 349, 0
15, 350, 0
15, 351, 23
15, 352, 0
15, 353, 47
15, 354, 2
15, 355, 26
15, 356, 55
15, 357, 0
15, 358, 53
15, 359, 0
15, 360, 0
15, 361, 15
15, 362, 44
15, 363, 0
15, 364, 37
15, 365, 0
15, 366, 23
15, 367, 28
15, 368, 0
15, 369, 35
15, 370, 0
15, 371, 43
15, 372, 0
15, 373, 0
15, 374, 54
15, 375, 0
15, 376, 0
15, 377, 0
15, 378, 34
15, 379, 9
15, 380, 0
15, 381, 0
15, 382, 0
15, 383, 0
15, 384, 0
15, 385, 0
15, 386, 0
15, 387, 0
15, 388, 17
15, 389, 0
15, 390, 7
15, 391, 38
15, 392, 0
15, 393, 0
15, 394, 53
15, 395, 0
15, 396, 18
15, 397, 4
15, 398, 0
15, 399, 11
16, 0, 0
16, 1, 0
16, 2, 9
16, 3, 0
16, 4, 0
16, 5, 0
16, 6, 0
16, 7, 54
16, 8, 0
16, 9, 0
16, 10, 0
16, 11, 40
16, 12, 34
16, 13, 0
16, 14, 23
16, 15, 0
16, 16, 37
16, 17, 0
16, 18, 0
16, 19, 27
16, 20, 0
16, 21, 0
16, 22, 22
16, 23, 49
16, 24, 25
16, 25, 0
16, 26, 11
16, 27, 42
16, 28, 0
16, 29, 0
16, 30, 0
16, 31, 0
16, 32, 5
16, 33, 0
16, 34, 0
16, 35, 0
16, 36, 5
16, 37, 0
16, 38, 0
16, 39, 0
16, 40, 0
16, 41, 0
16, 42, 0
16, 43, 0
16, 44, 7
16, 45, 0
16, 46, 0
16, 47, 18
16, 48, 0
16, 49, 0
16, 50, 0
16, 51, 0
16, 52, 3
16, 53, 0
16, 54, 0
16, 55, 0
16, 56, 0
16, 57, 2
16, 58, 10
16, 59, 44
16, 60, 0
16, 61, 0
16, 62, 0
16, 63, 0
16, 64, 0
16, 65, 30
16, 66, 45
16, 67, 20
16, 68, 53
16, 69, 26
16, 70, 0
16, 71, 38
16, 72, 22
16, 73, 0
16, 74, 13
16, 75, 0
16, 76, 0
16, 77, 29
16, 78, 58
16, 79, 0
16, 80, 0
16, 81, 42
16, 82, 0
16, 83, 15
16, 84, 0
16, 85, 19
16, 86, 0
16, 87, 9
16, 88, 0
16, 89, 0
16, 90, 0
16, 91, 10
16, 92, 0
16, 93, 0
16, 94, 0
16, 95, 0
16, 96, 48
16, 97, 41
16, 98, 0
16, 99, 0
16, 100, 0
16, 101, 32
16, 102, 0
16, 103, 0
16, 104, 0
16, 105, 8
16, 106, 0
16, 107, 0
16, 108, 0
16, 109, 35
16, 110, 0
16, 111, 0
16, 112, 0
16, 113, 51
16, 114, 0
16, 115, 0
16, 116, 0
16, 117, 43
16, 118, 0
16, 119, 0
16, 120, 6
16, 121, 0
16, 122, 0
16, 123, 20
16, 124, 0
16, 125, 0
16, 126, 0
16, 127, 3
16, 128, 19
16, 129, 0
16, 130, 40
16, 131, 8
16, 132, 0
16, 133, 30
16, 134, 0
16, 135, 0
16, 136, 0
16, 137, 17
16, 138, 56
16, 139, 0
16, 140, 0
16, 141, 0
16, 142, 27
16, 143, 19
16, 144, 0
16, 145, 0
16, 146, 0
16, 147, 0
16, 148, 36
16, 149, 0
16, 150, 47
16, 151, 50
16, 152, 10
16, 153, 45
16, 154, 30
16, 155, 0
16, 156, 0
16, 157, 0
16, 158, 0
16, 159, 0
16, 160, 0
16, 161, 23
16, 162, 0
16, 163, 0
16, 164, 0
16, 165, 21
16, 166, 39
16, 167, 1
16, 168, 55
16, 169, 0
16, 170, 33
16, 171, 0
16, 172, 31
16, 173, 0
16, 174, 10
16, 175, 13
16, 176, 0
16, 177, 53
16, 178, 26
16, 179, 0
16, 180, 22
16, 181, 0
16, 182, 0
16, 183, 0
16, 184, 0
16, 185, 0
16, 186, 0
16, 187, 18
16, 188, 0
16, 189, 0
16, 190, 0
16, 191, 0
16, 192, 0
16, 193, 0
16, 194, 0
16, 195, 42
16, 196, 13
16, 197, 0
16, 198, 25
16, 199, 0
16, 200, 2
16, 201, 0
16, 202, 0
16, 203, 0
16, 204, 49
16, 205, 23
16, 206, 0
16, 207, 16
16, 208, 35
16, 209, 0
16, 210, 0
16, 211, 44
16, 212, 40
16, 213, 46
16, 214, 0
16, 215, 0
16, 216, 9
16, 217, 46
16, 218, 0
16, 219, 0
16, 220, 21
16, 221, 0
16, 222, 0
16, 223, 46
16, 224, 0
16, 225, 0
16, 226, 11
16, 227, 38
16, 228, 24
16, 229, 0
16, 230, 0
16, 231, 58
16, 232, 0
16, 233, 0
16, 234, 17
16, 235, 15
16, 236, 42
16, 237, 0
16, 238, 22
16, 239, 0
16, 240, 0
16, 241, 0
16, 242, 0
16, 243, 27
16, 244, 0
16, 245, 41
16, 246, 0
16, 247, 50
16, 248, 0
16, 249, 0
16, 250, 13
16, 251, 0
16, 252, 20
16, 253, 0
16, 254, 48
16, 255, 0
16, 256, 0
16, 257, 19
16, 258, 0
16, 259, 0
16, 260, 51
16, 261, 18
16, 262, 0
16, 263, 43
16, 264, 0
16, 265, 49
16, 266, 0
16, 267, 0
16, 268, 0
16, 269, 0
16, 270, 0
16, 271, 0
16, 272, 0
16, 273, 21
16, 274, 35
16, 275, 0
16, 276, 32
16, 277, 0
16, 278, 0
16, 279, 0
16, 280, 26
16, 281, 0
16, 282, 0
16, 283, 0
16, 284, 29
16, 285, 23
16, 286, 37
16, 287, 0
16, 288, 0
16, 289, 0
16, 290, 58
16, 291, 0
16, 292, 0
16, 293, 49
16, 294, 39
16, 295, 48
16, 296, 6
16, 297, 15
16, 298, 54
16, 299, 50
16, 300, 0
16, 301, 0
16, 302, 34
16, 303, 9
16, 304, 0
16, 305, 0
16, 306, 44
16, 307, 0
16, 308, 8
16, 309, 0
16, 310, 0
16, 311, 0
16, 312, 51
16, 313, 0
16, 314, 0
16, 315, 0
16, 316, 0
16, 317, 0
16, 318, 0
16, 319, 8
16, 320, 36
16, 321, 0
16, 322, 0
16, 323, 0
16, 324, 0
16, 325, 19
16, 326, 0
16, 327, 0
16, 328, 54
16, 329, 35
16, 330, 52
16, 331, 0
16, 332, 31
16, 333, 0
16, 334, 0
16, 335, 0
16, 336, 0
16, 337, 0
16, 338, 1
16, 339, 0
16, 340, 29
16, 341, 0
16, 342, 0
16, 343, 16
16, 344, 53
16, 345, 21
16, 346, 0
16, 347, 0
16, 348, 0
16, 349, 3
16, 350, 52
16, 351, 0
16, 352, 0
16, 353, 0
16, 354, 42
16, 355, 58
16, 356, 0
16, 357, 0
16, 358, 0
16, 359, 0
16, 360, 34
16, 361, 0
16, 362, 0
16, 363, 2
16, 364, 0
16, 365, 15
16, 366, 54
16, 367, 0
16, 368, 25
16, 369, 0
16, 370, 13
16, 371, 55
16, 372, 0
16, 373, 0
16, 374, 0
16, 375, 0
16, 376, 0
16, 377, 0
16, 378, 0
16, 379, 0
16, 380, 22
16, 381, 0
16, 382, 45
16, 383, 27
16, 384, 48
16, 385, 0
16, 386, 41
16, 387, 0
16, 388, 15
16, 389, 44
16, 390, 0
16, 391, 16
16, 392, 26
16, 393, 4
16, 394, 44
16, 395, 29
16, 396, 0
16, 397, 0
16, 398, 11
16, 399, 0
17, 0, 0
17, 1, 0
17, 2, 35
17, 3, 0
17, 4, 0
17, 5, 0
17, 6, 0
17, 7, 49
17, 8, 0
17, 9, 2
17, 10, 27
17, 11, 0
17, 12, 0
17, 13, 0
17, 14, 0
17, 15, 30
17, 16, 42
17, 17, 57
17, 18, 23
17, 19, 20
17, 20, 15
17, 21, 0
17, 22, 0
17, 23, 0
17, 24, 38
17, 25, 0
17, 26, 8
17, 27, 32
17, 28, 0
17, 29, 0
17, 30, 11
17, 31, 0
17, 32, 36
17, 33, 0
17, 34, 41
17, 35, 47
17, 36, 0
17, 37, 0
17, 38, 0
17, 39, 0
17, 40, 37
17, 41, 0
17, 42, 0
17, 43, 0
17, 44, 38
17, 45, 0
17, 46, 34
17, 47, 42
17, 48, 0
17, 49, 0
17, 50, 0
17, 51, 0
17, 52, 31
17, 53, 45
17, 54, 54
17, 55, 0
17, 56, 0
17, 57, 55
17, 58, 50
17, 59, 0
17, 60, 0
17, 61, 7
17, 62, 0
17, 63, 0
17, 64, 0
17, 65, 0
17, 66, 0
17, 67, 23
17, 68, 0
17, 69, 53
17, 70, 0
17, 71, 0
17, 72, 0
17, 73, 32
17, 74, 30
17, 75, 0
17, 76, 0
17, 77, 0
17, 78, 48
17, 79, 0
17, 80, 37
17, 81, 0
17, 82, 46
17, 83, 24
17, 84, 44
17, 85, 52
17, 86, 0
17, 87, 0
17, 88, 27
17, 89, 0
17, 90, 39
17, 91, 28
17, 92, 0
17, 93, 0
17, 94, 0
17, 95, 0
17, 96, 51
17, 97, 26
17, 98, 4
17, 99, 36
17, 100, 16
17, 101, 15
17, 102, 0
17, 103, 12
17, 104, 0
17, 105, 0
17, 106, 0
17, 107, 0
17, 108, 25
17, 109, 15
17, 110, 0
17, 111, 10
17, 112, 20
17, 113, 0
17, 114, 0
17, 115, 0
17, 116, 0
17, 117, 0
17, 118, 0
17, 119, 0
17, 120, 0
17, 121, 45
17, 122, 38
17, 123, 14
17, 124, 0
17, 125, 0
17, 126, 3
17, 127, 11
17, 128, 0
17, 129, 0
17, 130, 0
17, 131, 0
17, 132, 0
17, 133, 0
17, 134, 0
17, 135, 2
17, 136, 0
17, 137, 11
17, 138, 3
17, 139, 0
17, 140, 0
17, 141, 0
17, 142, 0
17, 143, 0
17, 144, 9
17, 145, 0
17, 146, 0
17, 147, 0
17, 148, 14
17, 149, 0
17, 150, 0
17, 151, 0
17, 152, 0
17, 153, 0
17, 154, 7
17, 155, 4
17, 156, 0
17, 157, 0
17, 158, 1
17, 159, 0
17, 160, 0
17, 161, 49
17, 162, 0
17, 163, 41
17, 164, 0
17, 165, 42
17, 166, 0
17, 167, 0
17, 168, 21
17, 169, 47
17, 170, 48
17, 171, 0
17, 172, 0
17, 173, 57
17, 174, 0
17, 175, 0
17, 176, 0
17, 177, 55
17, 178, 40
17, 179, 0
17, 180, 32
17, 181, 0
17, 182, 0
17, 183, 54
17, 184, 0
17, 185, 0
17, 186, 0
17, 187, 0
17, 188, 0
17, 189, 23
17, 190, 24
17, 191, 0
17, 192, 0
17, 193, 0
17, 194, 0
17, 195, 39
17, 196, 0
17, 197, 0
17, 198, 0
17, 199, 40
17, 200, 17
17, 201, 0
17, 202, 0
17, 203, 0
17, 204, 52
17, 205, 0
17, 206, 0
17, 207, 57
17, 208, 0
17, 209, 0
17, 210, 37
17, 211, 0
17, 212, 0
17, 213, 29
17, 214, 0
17, 215, 30
17, 216, 29
17, 217, 0
17, 218, 0
17, 219, 52
17, 220, 0
17, 221, 0
17, 222, 0
17, 223, 0
17, 224, 0
17, 225, 0
17, 226, 0
17, 227, 0
17, 228, 0
17, 229, 27
17, 230, 44
17, 231, 0
17, 232, 0
17, 233, 0
17, 234, 0
17, 235, 27
17, 236, 0
17, 237, 0
17, 238, 0
17, 239, 7
17, 240, 31
17, 241, 10
17, 242, 0
17, 243, 0
17, 244, 0
17, 245, 0
17, 246, 0
17, 247, 12
17, 248, 0
17, 249, 0
17, 250, 0
17, 251, 54
17, 252, 53
17, 253, 0
17, 254, 0
17, 255, 0
17, 256, 0
17, 257, 0
17, 258, 0
17, 259, 41
17, 260, 0
17, 261, 53
17, 262, 16
17, 263, 0
17, 264, 0
17, 265, 0
17, 266, 0
17, 267, 51
17, 268, 0
17, 269, 0
17, 270, 0
17, 271, 0
17, 272, 0
17, 273, 20
17, 274, 0
17, 275, 51
17, 276, 28
17, 277, 0
17, 278, 0
17, 279, 52
17, 280, 0
17, 281, 35
17, 282, 0
17, 283, 37
17, 284, 0
17, 285, 31
17, 286, 1
17, 287, 0
17, 288, 48
17, 289, 46
17, 290, 0
17, 291, 0
17, 292, 42
17, 293, 0
17, 294, 0
17, 295, 0
17, 296, 0
17, 297, 0
17, 298, 0
17, 299, 0
17, 300, 23
17, 301, 0
17, 302, 0
17, 303, 0
17, 304, 21
17, 305, 26
17, 306, 0
17, 307, 0
17, 308, 0
17, 309, 0
17, 310, 0
17, 311, 0
17, 312, 0
17, 313, 25
17, 314, 17
17, 315, 0
17, 316, 0
17, 317, 16
17, 318, 0
17, 319, 0
17, 320, 0
17, 321, 55
17, 322, 0
17, 323, 0
17, 324, 0
17, 325, 51
17, 326, 0
17, 327, 0
17, 328, 0
17, 329, 9
17, 330, 0
17, 331, 0
17, 332, 0
17, 333, 14
17, 334, 0
17, 335, 26
17, 336, 4
17, 337, 0
17, 338, 36
17, 339, 0
17, 340, 0
17, 341, 0
17, 342, 0
17, 343, 0
17, 344, 2
17, 345, 0
17, 346, 0
17, 347, 34
17, 348, 47
17, 349, 22
17, 350, 50
17, 351, 42
17, 352, 46
17, 353, 40
17, 354, 0
17, 355, 0
17, 356, 0
17, 357, 0
17, 358, 24
17, 359, 0
17, 360, 0
17, 361, 57
17, 362, 0
17, 363, 0
17, 364, 0
17, 365, 0
17, 366, 45
17, 367, 0
17, 368, 0
17, 369, 0
17, 370, 48
17, 371, 0
17, 372, 53
17, 373, 0
17, 374, 0
17, 375, 0
17, 376, 30
17, 377, 0
17, 378, 0
17, 379, 0
17, 380, 0
17, 381, 39
17, 382, 0
17, 383, 0
17, 384, 0
17, 385, 0
17, 386, 34
17, 387, 6
17, 388, 52
17, 389, 0
17, 390, 0
17, 391, 23
17, 392, 0
17, 393, 0
17, 394, 0
17, 395, 0
17, 396, 14
17, 397, 0
17, 398, 0
17, 399, 1
18, 0, 0
18, 1, 0
18, 2, 0
18, 3, 54
18, 4, 0
18, 5, 10
18, 6, 27
18, 7, 0
18, 8, 0
18, 9, 0
18, 10, 0
18, 11, 0
18, 12, 52
18, 13, 56
18, 14, 0
18, 15, 0
18, 16, 0
18, 17, 48
18, 18, 7
18, 19, 0
18, 20, 3
18, 21, 0
18, 22, 0
18, 23, 28
18, 24, 0
18, 25, 0
18, 26, 9
18, 27, 45
18, 28, 0
18, 29, 0
18, 30, 0
18, 31, 13
18, 32, 17
18, 33, 0
18, 34, 0
18, 35, 32
18, 36, 14
18, 37, 49
18, 38, 6
18, 39, 0
18, 40, 0
18, 41, 0
18, 42, 0
18, 43, 28
18, 44, 0
18, 45, 0
18, 46, 0
18, 47, 42
18, 48, 0
18, 49, 20
18, 50, 0
18, 51, 0
18, 52, 0
18, 53, 0
18, 54, 42
18, 55, 0
18, 56, 15
18, 57, 24
18, 58, 37
18, 59, 0
18, 60, 8
18, 61, 46
18, 62, 0
18, 63, 0
18, 64, 41
18, 65, 0
18, 66, 0
18, 67, 0
18, 68, 0
18, 69, 22
18, 70, 43
18, 71, 0
18, 72, 0
18, 73, 52
18, 74, 26
18, 75, 0
18, 76, 13
18, 77, 0
18, 78, 0
18, 79, 21
18, 80, 0
18, 81, 0
18, 82, 0
18, 83, 0
18, 84, 8
18, 85, 0
18, 86, 39
18, 87, 45
18, 88, 0
18, 89, 0
18, 90, 0
18, 91, 0
18, 92, 0
18, 93, 0
18, 94, 0
18, 95, 0
18, 96, 31
18, 97, 0
18, 98, 0
18, 99, 0
18, 100, 22
18, 101, 0
18, 102, 0
18, 103, 0
18, 104, 18
18, 105, 39
18, 106, 0
18, 107, 0
18, 108, 0
18, 109, 37
18, 110, 35
18, 111, 0
18, 112, 0
18, 113, 33
18, 114, 0
18, 115, 0
18, 116, 0
18, 117, 54
18, 118, 0
18, 119, 0
18, 120, 0
18, 121, 0
18, 122, 0
18, 123, 50
18, 124, 0
18, 125, 57
18, 126, 0
18, 127, 0
18, 128, 6
18, 129, 0
18, 130, 0
18, 131, 6
18, 132, 0
18, 133, 0
18, 134, 0
18, 135, 15
18, 136, 0
18, 137, 47
18, 138, 30
18, 139, 0
18, 140, 0
18, 141, 0
18, 142, 0
18, 143, 0
18, 144, 16
18, 145, 37
18, 146, 52
18, 147, 41
18, 148, 0
18, 149, 0
18, 150, 0
18, 151, 0
18, 152, 53
18, 153, 0
18, 154, 0
18, 155, 0
18, 156, 0
18, 157, 43
18, 158, 0
18, 159, 0
18, 160, 17
18, 161, 20
18, 162, 0
18, 163, 10
18, 164, 0
18, 165, 0
18, 166, 48
18, 167, 0
18, 168, 0
18, 169, 0
18, 170, 0
18, 171, 57
18, 172, 50
18, 173, 32
18, 174, 0
18, 175, 1
18, 176, 0
18, 177, 4
18, 178, 33
18, 179, 41
18, 180, 12
18, 181, 47
18, 182, 32
18, 183, 0
18, 184, 39
18, 185, 0
18, 186, 46
18, 187, 12
18, 188, 0
18, 189, 39
18, 190, 0
18, 191, 0
18, 192, 49
18, 193, 36
18, 194, 44
18, 195, 54
18, 196, 9
18, 197, 0
18, 198, 29
18, 199, 45
18, 200, 21
18, 201, 28
18, 202, 0
18, 203, 0
18, 204, 41
18, 205, 37
18, 206, 32
18, 207, 0
18, 208, 0
18, 209, 0
18, 210, 0
18, 211, 0
18, 212, 0
18, 213, 56
18, 214, 0
18, 215, 0
18, 216, 0
18, 217, 31
18, 218, 13
18, 219, 41
18, 220, 34
18, 221, 0
18, 222, 6
18, 223, 0
18, 224, 25
18, 225, 0
18, 226, 0
18, 227, 0
18, 228, 25
18, 229, 39
18, 230, 0
18, 231, 22
18, 232, 0
18, 233, 19
18, 234, 52
18, 235, 21
18, 236, 0
18, 237, 0
18, 238, 0
18, 239, 0
18, 240, 0
18, 241, 30
18, 242, 0
18, 243, 40
18, 244, 0
18, 245, 0
18, 246, 20
18, 247, 0
18, 248, 0
18, 249, 0
18, 250, 0
18, 251, 0
18, 252, 42
18, 253, 48
18, 254, 0
18, 255, 0
18, 256, 0
18, 257, 0
18, 258, 0
18, 259, 30
18, 260, 26
18, 261, 0
18, 262, 0
18, 263, 0
18, 264, 0
18, 265, 0
18, 266, 0
18, 267, 0
18, 268, 0
18, 269, 0
18, 270, 0
18, 271, 0
18, 272, 43
18, 273, 15
18, 274, 4
18, 275, 0
18, 276, 0
18, 277, 0
18, 278, 0
18, 279, 0
18, 280, 0
18, 281, 0
18, 282, 45
18, 283, 0
18, 284, 0
18, 285, 0
18, 286, 0
18, 287, 0
18, 288, 0
18, 289, 0
18, 290, 0
18, 291, 0
18, 292, 33
18, 293, 25
18, 294, 0
18, 295, 0
18, 296, 19
18, 297, 22
18, 298, 0
18, 299, 0
18, 300, 0
18, 301, 12
18, 302, 44
18, 303, 0
18, 304, 0
18, 305, 5
18, 306, 47
18, 307, 34
18, 308, 0
18, 309, 0
18, 310, 0
18, 311, 0
18, 312, 45
18, 313, 0
18, 314, 0
18, 315, 47
18, 316, 0
18, 317, 0
18, 318, 0
18, 319, 35
18, 320, 0
18, 321, 0
18, 322, 0
18, 323, 0
18, 324, 36
18, 325, 0
18, 326, 0
18, 327, 21
18, 328, 31
18, 329, 0
18, 330, 0
18, 331, 0
18, 332, 0
18, 333, 26
18, 334, 0
18, 335, 18
18, 336, 0
18, 337, 54
18, 338, 25
18, 339, 9
18, 340, 12
18, 341, 20
18, 342, 41
18, 343, 0
18, 344, 0
18, 345, 0
18, 346, 0
18, 347, 32
18, 348, 0
18, 349, 2
18, 350, 28
18, 351, 0
18, 352, 0
18, 353, 13
18, 354, 57
18, 355, 0
18, 356, 12
18, 357, 0
18, 358, 44
18, 359, 4
18, 360, 41
18, 361, 0
18, 362, 0
18, 363, 14
18, 364, 43
18, 365, 0
18, 366, 0
18, 367, 0
18, 368, 0
18, 369, 0
18, 370, 0
18, 371, 0
18, 372, 19
18, 373, 0
18, 374, 43
18, 375, 31
18, 376, 0
18, 377, 0
18, 378, 8
18, 379, 42
18, 380, 0
18, 381, 0
18, 382, 0
18, 383, 0
18, 384, 15
18, 385, 0
18, 386, 0
18, 387, 40
18, 388, 0
18, 389, 0
18, 390, 0
18, 391, 0
18, 392, 0
18, 393, 0
18, 394, 39
18, 395, 6
18, 396, 0
18, 397, 12
18, 398, 0
18, 399, 0
19, 0, 0
19, 1, 0
19, 2, 47
19, 3, 0
19, 4, 0
19, 5, 0
19, 6, 21
19, 7, 0
19, 8, 46
19, 9, 35
19, 10, 44
19, 11, 0
19, 12, 0
19, 13, 0
19, 14, 0
19, 15, 0
19, 16, 0
19, 17, 0
19, 18, 0
19, 19, 0
19, 20, 0
19, 21, 0
19, 22, 0
19, 23, 0
19, 24, 0
19, 25, 0
19, 26, 41
19, 27, 0
19, 28, 0
19, 29, 6
19, 30, 53
19, 31, 0
19, 32, 0
19, 33, 0
19, 34, 0
19, 35, 53
19, 36, 26
19, 37, 57
19, 38, 42
19, 39, 0
19, 40, 0
19, 41, 22
19, 42, 18
19, 43, 0
19, 44, 0
19, 45, 0
19, 46, 0
19, 47, 0
19, 48, 21
19, 49, 29
19, 50, 0
19, 51, 0
19, 52, 8
19, 53, 38
19, 54, 5
19, 55, 0
19, 56, 0
19, 57, 4
19, 58, 0
19, 59, 0
19, 60, 23
19, 61, 0
19, 62, 0
19, 63, 39
19, 64, 0
19, 65, 14
19, 66, 0
19, 67, 0
19, 68, 0
19, 69, 0
19, 70, 45
19, 71, 0
19, 72, 31
19, 73, 52
19, 74, 11
19, 75, 0
19, 76, 55
19, 77, 16
19, 78, 18
19, 79, 0
19, 80, 0
19, 81, 0
19, 82, 0
19, 83, 0
19, 84, 0
19, 85, 26
19, 86, 0
19, 87, 0
19, 88, 0
19, 89, 0
19, 90, 0
19, 91, 0
19, 92, 0
19, 93, 2
19, 94, 0
19, 95, 60
19, 96, 0
19, 97, 36
19, 98, 0
19, 99, 51
19, 100, 0
19, 101, 0
19, 102, 0
19, 103, 11
19, 104, 0
19, 105, 0
19, 106, 0
19, 107, 0
19, 108, 0
19, 109, 0
19, 110, 0
19, 111, 0
19, 112, 48
19, 113, 16
19, 114, 0
19, 115, 5
19, 116, 18
19, 117, 31
19, 118, 0
19, 119, 7
19, 120, 0
19, 121, 0
19, 122, 0
19, 123, 0
19, 124, 3
19, 125, 0
19, 126, 0
19, 127, 38
19, 128, 19
19, 129, 0
19, 130, 30
19, 131, 0
19, 132, 0
19, 133, 0
19, 134, 0
19, 135, 0
19, 136, 0
19, 137, 49
19, 138, 23
19, 139, 0
19, 140, 0
19, 141, 47
19, 142, 0
19, 143, 44
19, 144, 22
19, 145, 0
19, 146, 0
19, 147, 0
19, 148, 15
19, 149, 35
19, 150, 0
19, 151, 0
19, 152, 9
19, 153, 0
19, 154, 30
19, 155, 0
19, 156, 1
19, 157, 55
19, 158, 0
19, 159, 0
19, 160, 0
19, 161, 0
19, 162, 0
19, 163, 44
19, 164, 0
19, 165, 0
19, 166, 0
19, 167, 0
19, 168, 28
19, 169, 0
19, 170, 0
19, 171, 0
19, 172, 0
19, 173, 0
19, 174, 0
19, 175, 52
19, 176, 8
19, 177, 0
19, 178, 47
19, 179, 0
19, 180, 0
19, 181, 0
19, 182, 0
19, 183, 0
19, 184, 29
19, 185, 0
19, 186, 26
19, 187, 0
19, 188, 0
19, 189, 39
19, 190, 0
19, 191, 0
19, 192, 0
19, 193, 42
19, 194, 0
19, 195, 15
19, 196, 0
19, 197, 0
19, 198, 0
19, 199, 16
19, 200, 4
19, 201, 0
19, 202, 0
19, 203, 0
19, 204, 26
19, 205, 0
19, 206, 38
19, 207, 0
19, 208, 0
19, 209, 0
19, 210, 0
19, 211, 0
19, 212, 0
19, 213, 23
19, 214, 0
19, 215, 0
19, 216, 21
19, 217, 15
19, 218, 49
19, 219, 0
19, 220, 0
19, 221, 48
19, 222, 36
19, 223, 18
19, 224, 0
19, 225, 0
19, 226, 0
19, 227, 0
19, 228, 0
19, 229, 6
19, 230, 49
19, 231, 6
19, 232, 0
19, 233, 0
19, 234, 55
19, 235, 0
19, 236, 0
19, 237, 0
19, 238, 0
19, 239, 0
19, 240, 0
19, 241, 0
19, 242, 14
19, 243, 0
19, 244, 42
19, 245, 29
19, 246, 0
19, 247, 24
19, 248, 0
19, 249, 15
19, 250, 0
19, 251, 0
19, 252, 0
19, 253, 0
19, 254, 0
19, 255, 0
19, 256, 0
19, 257, 0
19, 258, 0
19, 259, 20
19, 260, 0
19, 261, 34
19, 262, 0
19, 263, 0
19, 264, 10
19, 265, 39
19, 266, 0
19, 267, 0
19, 268, 48
19, 269, 0
19, 270, 10
19, 271, 7
19, 272, 30
19, 273, 57
19, 274, 49
19, 275, 0
19, 276, 22
19, 277, 0
19, 278, 2
19, 279, 36
19, 280, 26
19, 281, 0
19, 282, 0
19, 283, 0
19, 284, 0
19, 285, 53
19, 286, 0
19, 287, 0
19, 288, 0
19, 289, 0
19, 290, 8
19, 291, 0
19, 292, 23
19, 293, 0
19, 294, 36
19, 295, 0
19, 296, 51
19, 297, 19
19, 298, 0
19, 299, 0
19, 300, 0
19, 301, 0
19, 302, 0
19, 303, 0
19, 304, 0
19, 305, 0
19, 306, 0
19, 307, 0
19, 308, 0
19, 309, 0
19, 310, 37
19, 311, 47
19, 312, 22
19, 313, 49
19, 314, 0
19, 315, 38
19, 316, 28
19, 317, 0
19, 318, 0
19, 319, 0
19, 320, 0
19, 321, 44
19, 322, 0
19, 323, 11
19, 324, 0
19, 325, 0
19, 326, 7
19, 327, 0
19, 328, 20
19, 329, 45
19, 330, 51
19, 331, 0
19, 332, 0
19, 333, 0
19, 334, 0
19, 335, 0
19, 336, 15
19, 337, 41
19, 338, 0
19, 339, 0
19, 340, 0
19, 341, 0
19, 342, 30
19, 343, 0
19, 344, 0
19, 345, 29
19, 346, 0
19, 347, 0
19, 348, 0
19, 349, 0
19, 350, 0
19, 351, 0
19, 352, 0
19, 353, 1
19, 354, 0
19, 355, 0
19, 356, 0
19, 357, 52
19, 358, 0
19, 359, 0
19, 360, 47
19, 361, 0
19, 362, 0
19, 363, 0
19, 364, 0
19, 365, 29
19, 366, 0
19, 367, 0
19, 368, 42
19, 369, 6
19, 370, 34
19, 371, 0
19, 372, 0
19, 373, 0
19, 374, 0
19, 375, 0
19, 376, 0
19, 377, 48
19, 378, 0
19, 379, 0
19, 380, 0
19, 381, 0
19, 382, 28
19, 383, 15
19, 384, 8
19, 385, 2
19, 386, 0
19, 387, 0
19, 388, 0
19, 389, 28
19, 390, 0
19, 391, 4
19, 392, 0
19, 393, 26
19, 394, 0
19, 395, 0
19, 396, 0
19, 397, 0
19, 398, 0
19, 399, 0
