1, 1, 37
1, 5, 11
1, 20, 34
1, 27, 16
1, 32, 39
1, 33, 29
1, 39, 25
1, 42, 2
1, 44, 37
1, 68, 11
1, 80, 11
1, 80, 43
1, 94, 29
1, 105, 8
1, 120, 36
1, 124, 48
1, 127, 53
1, 128, 46
1, 135, 44
1, 138, 20
1, 147, 14
1, 149, 51
1, 154, 16
1, 162, 11
1, 169, 34
1, 171, 39
1, 184, 43
1, 191, 37
1, 196, 20
1, 201, 48
1, 204, 39
1, 212, 25
1, 229, 16
1, 251, 25
1, 251, 39
1, 260, 68
1, 266, 20
1, 269, 44
1, 280, 29
1, 281, 36
1, 285, 53
1, 287, 25
1, 298, 46
1, 299, 2
1, 301, 43
1, 313, 16
1, 326, 34
1, 330, 51
1, 333, 20
1, 336, 8
1, 339, 46
1, 343, 2
1, 350, 11
1, 366, 29
1, 368, 44
1, 373, 46
1, 396, 20
1, 396, 25
2, 3, 48
2, 5, 19
2, 7, 52
2, 23, 50
2, 37, 34
2, 38, 23
2, 38, 27
2, 40, 40
2, 45, 3
2, 45, 46
2, 48, 38
2, 52, 51
2, 64, 28
2, 65, 51
2, 69, 30
2, 72, 58
2, 73, 41
2, 82, 47
2, 88, 27
2, 94, 19
2, 95, 23
2, 102, 40
2, 108, 41
2, 113, 24
2, 114, 55
2, 129, 21
2, 134, 13
2, 139, 28
2, 139, 34
2, 139, 48
2, 145, 45
2, 151, 23
2, 151, 27
2, 156, 7
2, 158, 34
2, 160, 47
2, 163, 19
2, 179, 40
2, 186, 41
2, 197, 23
2, 201, 27
2, 204, 30
2, 206, 46
2, 210, 55
2, 211, 58
2, 222, 38
2, 232, 28
2, 247, 48
2, 255, 50
2, 259, 38
2, 261, 45
2, 264, 52
2, 275, 21
2, 282, 40
2, 285, 51
2, 288, 27
2, 299, 3
2, 310, 30
2, 319, 66
2, 320, 13
2, 329, 51
2, 332, 46
2, 334, 41
2, 339, 28
2, 341, 19
2, 346, 7
2, 351, 50
2, 352, 24
2, 357, 21
2, 366, 58
2, 368, 3
2, 374, 40
2, 379, 7
2, 388, 27
2, 389, 38
2, 391, 37
2, 391, 45
2, 392, 34
2, 396, 48
2, 398, 66
3, 2, 10
3, 6, 26
3, 10, 58
3, 18, 32
3, 29, 2
3, 32, 34
3, 34, 49
3, 38, 46
3, 47, 43
3, 48, 22
3, 50, 30
3, 59, 30
3, 60, 36
3, 62, 40
3, 63, 14
3, 63, 39
3, 66, 52
3, 67, 22
3, 77, 43
3, 83, 15
3, 87, 8
3, 87, 34
3, 89, 2
3, 90, 12
3, 93, 31
3, 95, 53
3, 111, 44
3, 114, 14
3, 122, 2
3, 122, 7
3, 131, 10
3, 131, 30
3, 135, 50
3, 142, 26
3, 151, 11
3, 154, 36
3, 160, 43
3, 160, 58
3, 168, 22
3, 176, 48
3, 178, 61
3, 180, 49
3, 182, 2
3, 190, 37
3, 191, 61
3, 192, 14
3, 197, 12
3, 201, 15
3, 204, 52
3, 219, 36
3, 221, 40
3, 225, 52
3, 231, 15
3, 239, 31
3, 241, 44
3, 243, 60
3, 248, 8
3, 249, 11
3, 252, 22
3, 262, 53
3, 285, 44
3, 287, 22
3, 288, 14
3, 289, 50
3, 291, 34
3, 296, 43
3, 305, 30
3, 306, 37
3, 309, 2
3, 310, 49
3, 317, 31
3, 329, 8
3, 347, 39
3, 348, 15
3, 351, 52
3, 351, 58
3, 354, 50
3, 355, 36
3, 355, 46
3, 363, 11
3, 376, 12
3, 376, 34
3, 378, 48
3, 379, 14
3, 385, 44
3, 395, 34
3, 398, 22
3, 398, 61
4, 1, 38
4, 2, 29
4, 14, 33
4, 14, 59
4, 15, 16
4, 21, 53
4, 25, 24
4, 25, 26
4, 27, 23
4, 36, 38
4, 36, 60
4, 40, 5
4, 40, 17
4, 50, 19
4, 52, 8
4, 64, 27
4, 66, 14
4, 77, 28
4, 78, 35
4, 81, 17
4, 83, 16
4, 89, 5
4, 89, 43
4, 94, 55
4, 98, 11
4, 99, 19
4, 101, 5
4, 102, 38
4, 103, 3
4, 109, 17
4, 109, 53
4, 110, 42
4, 123, 27
4, 127, 17
4, 133, 23
4, 135, 1
4, 136, 54
4, 138, 5
4, 139, 40
4, 161, 24
4, 169, 29
4, 175, 43
4, 178, 35
4, 184, 40
4, 187, 14
4, 191, 22
4, 200, 33
4, 200, 42
4, 200, 62
4, 204, 19
4, 207, 5
4, 210, 31
4, 214, 11
4, 216, 25
4, 217, 16
4, 230, 52
4, 238, 42
4, 241, 33
4, 247, 23
4, 250, 28
4, 266, 3
4, 266, 29
4, 267, 55
4, 269, 17
4, 270, 5
4, 271, 53
4, 272, 43
4, 276, 42
4, 286, 24
4, 289, 60
4, 290, 54
4, 296, 11
4, 296, 33
4, 302, 3
4, 302, 35
4, 305, 14
4, 309, 62
4, 313, 8
4, 313, 59
4, 314, 1
4, 320, 19
4, 325, 38
4, 326, 22
4, 327, 27
4, 330, 23
4, 340, 5
4, 347, 16
4, 348, 40
4, 360, 25
4, 367, 33
4, 371, 31
4, 374, 23
4, 374, 42
4, 393, 8
5, 6, 2
5, 8, 35
5, 17, 46
5, 21, 51
5, 33, 26
5, 37, 23
5, 51, 18
5, 54, 24
5, 55, 36
5, 58, 29
5, 61, 14
5, 63, 22
5, 90, 12
5, 98, 23
5, 102, 46
5, 109, 15
5, 109, 27
5, 110, 41
5, 114, 31
5, 122, 2
5, 122, 18
5, 129, 37
5, 154, 7
5, 154, 32
5, 158, 27
5, 164, 49
5, 165, 7
5, 167, 46
5, 168, 22
5, 171, 14
5, 178, 12
5, 178, 51
5, 185, 12
5, 197, 46
5, 197, 51
5, 204, 26
5, 209, 46
5, 210, 25
5, 224, 25
5, 225, 52
5, 229, 49
5, 247, 36
5, 250, 18
5, 250, 41
5, 252, 18
5, 261, 41
5, 263, 31
5, 271, 14
5, 272, 35
5, 284, 16
5, 287, 29
5, 293, 7
5, 299, 18
5, 301, 15
5, 301, 31
5, 301, 77
5, 306, 23
5, 309, 51
5, 315, 22
5, 316, 37
5, 321, 12
5, 340, 36
5, 350, 46
5, 364, 52
5, 367, 32
5, 368, 41
5, 370, 25
5, 371, 32
5, 373, 15
5, 381, 12
5, 382, 13
5, 388, 31
5, 397, 46
5, 399, 22
5, 399, 51
6, 8, 22
6, 13, 6
6, 18, 34
6, 22, 4
6, 22, 18
6, 24, 56
6, 25, 53
6, 28, 41
6, 33, 38
6, 36, 11
6, 53, 25
6, 53, 37
6, 58, 16
6, 60, 29
6, 67, 32
6, 69, 41
6, 73, 58
6, 77, 53
6, 90, 48
6, 93, 3
6, 93, 43
6, 97, 34
6, 107, 20
6, 111, 17
6, 113, 7
6, 113, 53
6, 118, 21
6, 120, 24
6, 125, 9
6, 125, 52
6, 126, 16
6, 128, 41
6, 134, 14
6, 135, 18
6, 137, 17
6, 147, 56
6, 157, 3
6, 162, 38
6, 167, 22
6, 171, 58
6, 174, 37
6, 176, 48
6, 178, 43
6, 184, 52
6, 184, 58
6, 193, 20
6, 194, 7
6, 196, 41
6, 202, 32
6, 203, 22
6, 219, 32
6, 222, 29
6, 226, 50
6, 230, 53
6, 245, 14
6, 247, 43
6, 256, 21
6, 257, 9
6, 267, 34
6, 269, 36
6, 272, 52
6, 275, 17
6, 277, 4
6, 282, 25
6, 291, 37
6, 291, 58
6, 292, 16
6, 293, 14
6, 298, 22
6, 307, 43
6, 320, 41
6, 322, 24
6, 324, 7
6, 325, 47
6, 327, 36
6, 330, 52
6, 333, 6
6, 335, 32
6, 338, 56
6, 343, 4
6, 343, 22
6, 343, 48
6, 345, 34
6, 345, 47
6, 346, 29
6, 348, 20
6, 354, 38
6, 363, 17
6, 364, 3
6, 368, 11
6, 368, 48
6, 373, 14
6, 374, 43
6, 375, 25
6, 379, 37
7, 3, 48
7, 4, 57
7, 6, 23
7, 10, 1
7, 18, 2
7, 22, 13
7, 24, 4
7, 28, 46
7, 34, 50
7, 38, 8
7, 38, 23
7, 40, 48
7, 46, 2
7, 46, 55
7, 64, 47
7, 66, 8
7, 67, 48
7, 72, 13
7, 73, 38
7, 76, 50
7, 78, 23
7, 81, 7
7, 83, 26
7, 84, 20
7, 91, 12
7, 91, 54
7, 93, 28
7, 103, 45
7, 107, 34
7, 111, 47
7, 114, 8
7, 118, 33
7, 118, 39
7, 120, 33
7, 122, 4
7, 136, 8
7, 140, 39
7, 145, 57
7, 151, 37
7, 154, 20
7, 167, 46
7, 169, 38
7, 181, 21
7, 185, 28
7, 187, 45
7, 191, 44
7, 197, 13
7, 206, 50
7, 209, 51
7, 211, 47
7, 213, 23
7, 221, 7
7, 223, 47
7, 229, 2
7, 238, 34
7, 239, 20
7, 241, 1
7, 244, 39
7, 252, 55
7, 253, 7
7, 272, 33
7, 277, 54
7, 282, 8
7, 284, 28
7, 288, 7
7, 296, 21
7, 301, 4
7, 308, 2
7, 315, 54
7, 317, 37
7, 322, 46
7, 323, 26
7, 323, 33
7, 324, 50
7, 329, 12
7, 332, 23
7, 335, 4
7, 339, 21
7, 341, 44
7, 348, 13
7, 355, 25
7, 374, 39
7, 374, 51
7, 375, 7
7, 381, 38
7, 384, 4
7, 393, 37
7, 395, 26
8, 10, 31
8, 12, 9
8, 17, 15
8, 27, 35
8, 28, 19
8, 30, 30
8, 42, 27
8, 45, 55
8, 55, 49
8, 57, 33
8, 61, 37
8, 65, 15
8, 69, 17
8, 72, 57
8, 90, 19
8, 94, 35
8, 95, 31
8, 101, 59
8, 117, 53
8, 127, 2
8, 136, 30
8, 143, 9
8, 145, 17
8, 148, 30
8, 149, 1
8, 152, 15
8, 153, 49
8, 155, 19
8, 160, 36
8, 160, 59
8, 167, 47
8, 172, 35
8, 179, 15
8, 183, 37
8, 193, 21
8, 193, 62
8, 212, 13
8, 218, 55
8, 219, 19
8, 223, 33
8, 243, 49
8, 247, 35
8, 251, 31
8, 251, 59
8, 259, 27
8, 261, 42
8, 266, 62
8, 275, 13
8, 280, 36
8, 291, 17
8, 291, 43
8, 301, 55
8, 313, 62
8, 315, 37
8, 328, 19
8, 329, 57
8, 331, 59
8, 334, 21
8, 335, 30
8, 336, 57
8, 352, 53
8, 356, 13
8, 357, 11
8, 357, 49
8, 358, 9
8, 363, 62
8, 374, 33
8, 388, 15
8, 390, 21
8, 391, 47
8, 396, 27
8, 397, 43
9, 4, 45
9, 10, 16
9, 12, 1
9, 12, 41
9, 27, 11
9, 31, 52
9, 32, 50
9, 33, 40
9, 37, 3
9, 41, 28
9, 58, 18
9, 66, 26
9, 68, 2
9, 77, 10
9, 83, 40
9, 89, 26
9, 91, 11
9, 103, 23
9, 104, 21
9, 106, 7
9, 110, 52
9, 125, 16
9, 135, 1
9, 144, 3
9, 145, 47
9, 149, 34
9, 152, 10
9, 157, 45
9, 158, 52
9, 164, 28
9, 179, 41
9, 186, 16
9, 188, 61
9, 196, 28
9, 205, 50
9, 215, 51
9, 217, 50
9, 222, 40
9, 228, 10
9, 228, 39
9, 232, 40
9, 234, 44
9, 236, 26
9, 245, 18
9, 251, 1
9, 252, 23
9, 258, 1
9, 271, 2
9, 271, 59
9, 272, 28
9, 276, 47
9, 282, 3
9, 286, 3
9, 289, 34
9, 292, 21
9, 293, 11
9, 295, 51
9, 304, 26
9, 307, 16
9, 307, 40
9, 310, 7
9, 317, 23
9, 342, 1
9, 342, 10
9, 345, 14
9, 345, 41
9, 347, 33
9, 363, 58
9, 364, 40
9, 366, 44
9, 373, 50
9, 376, 18
9, 377, 61
9, 386, 2
9, 387, 21
9, 389, 28
9, 395, 26
10, 4, 2
10, 5, 47
10, 14, 54
10, 16, 26
10, 18, 21
10, 24, 51
10, 28, 30
10, 32, 47
10, 37, 39
10, 41, 25
10, 42, 24
10, 45, 17
10, 51, 62
10, 57, 36
10, 61, 14
10, 63, 56
10, 68, 43
10, 68, 60
10, 75, 2
10, 79, 18
10, 80, 7
10, 81, 23
10, 98, 51
10, 106, 2
10, 116, 46
10, 118, 48
10, 131, 29
10, 136, 42
10, 137, 30
10, 143, 26
10, 144, 36
10, 147, 37
10, 162, 54
10, 163, 23
10, 163, 52
10, 170, 17
10, 170, 21
10, 171, 10
10, 174, 14
10, 177, 47
10, 178, 18
10, 188, 51
10, 194, 27
10, 200, 60
10, 210, 17
10, 210, 39
10, 214, 14
10, 215, 23
10, 216, 62
10, 218, 43
10, 232, 36
10, 236, 26
10, 239, 7
10, 252, 2
10, 255, 25
10, 264, 30
10, 267, 7
10, 271, 29
10, 273, 24
10, 275, 51
10, 280, 54
10, 281, 42
10, 284, 48
10, 285, 60
10, 289, 56
10, 300, 14
10, 300, 25
10, 304, 23
10, 309, 37
10, 312, 36
10, 316, 10
10, 317, 47
10, 327, 17
10, 335, 52
10, 338, 27
10, 345, 42
10, 354, 2
10, 360, 52
10, 364, 54
10, 368, 48
10, 370, 29
10, 372, 21
10, 375, 43
10, 382, 23
10, 382, 38
10, 385, 56
10, 387, 10
10, 396, 36
11, 5, 29
11, 8, 12
11, 10, 13
11, 12, 57
11, 21, 23
11, 23, 33
11, 27, 25
11, 29, 41
11, 55, 39
11, 58, 42
11, 79, 45
11, 80, 26
11, 84, 15
11, 85, 12
11, 86, 48
11, 89, 6
11, 89, 60
11, 108, 29
11, 110, 7
11, 110, 9
11, 111, 25
11, 114, 13
11, 115, 42
11, 120, 41
11, 126, 50
11, 127, 46
11, 129, 42
11, 130, 53
11, 135, 10
11, 143, 43
11, 151, 57
11, 165, 34
11, 180, 25
11, 181, 23
11, 187, 15
11, 205, 42
11, 206, 29
11, 210, 33
11, 218, 26
11, 219, 49
11, 222, 12
11, 222, 37
11, 230, 45
11, 235, 33
11, 242, 29
11, 248, 41
11, 249, 7
11, 249, 53
11, 255, 23
11, 255, 60
11, 260, 50
11, 263, 46
11, 268, 43
11, 270, 53
11, 271, 6
11, 279, 30
11, 280, 34
11, 290, 15
11, 290, 39
11, 298, 37
11, 299, 13
11, 313, 60
11, 314, 43
11, 316, 18
11, 320, 25
11, 326, 42
11, 328, 6
11, 328, 12
11, 332, 33
11, 347, 29
11, 348, 9
11, 350, 47
11, 352, 39
11, 355, 57
11, 362, 6
11, 365, 60
11, 371, 10
11, 373, 53
11, 378, 29
11, 382, 25
11, 382, 45
11, 386, 48
11, 389, 12
11, 393, 34
11, 395, 49
12, 2, 6
12, 2, 25
12, 9, 18
12, 10, 4
12, 10, 33
12, 20, 28
12, 30, 27
12, 34, 6
12, 38, 11
12, 45, 5
12, 55, 9
12, 59, 12
12, 64, 31
12, 71, 8
12, 73, 44
12, 73, 54
12, 74, 15
12, 78, 37
12, 87, 6
12, 92, 33
12, 99, 59
12, 100, 51
12, 108, 4
12, 109, 18
12, 114, 47
12, 119, 4
12, 119, 37
12, 125, 4
12, 141, 7
12, 147, 5
12, 160, 25
12, 161, 46
12, 165, 12
12, 173, 15
12, 173, 42
12, 174, 28
12, 189, 37
12, 190, 6
12, 216, 59
12, 218, 47
12, 221, 54
12, 225, 13
12, 228, 59
12, 230, 15
12, 241, 37
12, 244, 27
12, 250, 12
12, 251, 18
12, 255, 11
12, 258, 51
12, 266, 9
12, 269, 12
12, 278, 4
12, 283, 33
12, 285, 11
12, 300, 3
12, 313, 31
12, 315, 25
12, 316, 28
12, 326, 51
12, 331, 54
12, 339, 28
12, 342, 42
12, 349, 46
12, 360, 27
12, 366, 44
12, 368, 28
12, 375, 12
12, 384, 3
12, 385, 15
12, 391, 59
12, 393, 4
12, 395, 5
12, 397, 18
12, 399, 4
13, 12, 21
13, 15, 26
13, 21, 49
13, 23, 14
13, 34, 34
13, 36, 3
13, 37, 46
13, 38, 27
13, 41, 11
13, 41, 29
13, 46, 53
13, 55, 1
13, 70, 57
13, 78, 34
13, 84, 10
13, 84, 41
13, 87, 20
13, 87, 31
13, 90, 5
13, 94, 36
13, 101, 36
13, 110, 55
13, 127, 24
13, 127, 46
13, 131, 20
13, 132, 2
13, 132, 49
13, 135, 25
13, 147, 3
13, 150, 11
13, 152, 7
13, 152, 46
13, 158, 34
13, 163, 14
13, 185, 57
13, 186, 56
13, 189, 26
13, 192, 10
13, 192, 29
13, 198, 26
13, 200, 57
13, 204, 21
13, 204, 31
13, 212, 34
13, 226, 55
13, 230, 42
13, 237, 14
13, 258, 36
13, 260, 43
13, 267, 20
13, 267, 46
13, 281, 24
13, 282, 34
13, 285, 49
13, 293, 14
13, 295, 32
13, 295, 41
13, 296, 2
13, 296, 21
13, 297, 53
13, 302, 27
13, 306, 5
13, 311, 3
13, 322, 20
13, 325, 1
13, 328, 7
13, 338, 7
13, 344, 34
13, 345, 31
13, 345, 46
13, 346, 32
13, 353, 25
13, 355, 14
13, 361, 29
13, 366, 45
13, 370, 55
13, 372, 10
13, 376, 37
13, 385, 57
13, 393, 56
13, 399, 1
13, 399, 26
14, 2, 49
14, 4, 52
14, 8, 17
14, 8, 32
14, 14, 36
14, 14, 58
14, 15, 49
14, 20, 53
14, 22, 42
14, 24, 34
14, 25, 4
14, 26, 10
14, 28, 39
14, 29, 15
14, 32, 26
14, 35, 2
14, 44, 32
14, 50, 7
14, 53, 38
14, 58, 24
14, 71, 61
14, 72, 42
14, 74, 15
14, 74, 18
14, 80, 37
14, 82, 8
14, 82, 32
14, 99, 43
14, 103, 46
14, 104, 32
14, 104, 41
14, 105, 10
14, 108, 39
14, 109, 45
14, 112, 31
14, 118, 48
14, 121, 33
14, 124, 27
14, 132, 4
14, 132, 42
14, 135, 40
14, 136, 46
14, 152, 61
14, 153, 15
14, 153, 54
14, 156, 26
14, 156, 49
14, 161, 43
14, 162, 26
14, 162, 45
14, 167, 18
14, 174, 39
14, 175, 8
14, 180, 23
14, 185, 33
14, 185, 40
14, 197, 34
14, 198, 42
14, 216, 61
14, 222, 24
14, 237, 45
14, 238, 48
14, 241, 10
14, 243, 2
14, 245, 43
14, 248, 52
14, 255, 31
14, 255, 46
14, 256, 58
14, 257, 36
14, 261, 17
14, 276, 8
14, 276, 53
14, 277, 27
14, 296, 50
14, 299, 24
14, 300, 7
14, 304, 49
14, 307, 37
14, 308, 23
14, 319, 26
14, 324, 32
14, 325, 53
14, 339, 18
14, 343, 39
14, 347, 61
14, 352, 2
14, 356, 41
14, 358, 33
14, 360, 33
14, 360, 48
14, 362, 40
14, 368, 15
14, 368, 33
14, 368, 38
14, 372, 54
14, 374, 49
14, 381, 34
14, 383, 4
14, 386, 31
14, 387, 27
14, 394, 46
14, 397, 36
15, 4, 3
15, 9, 43
15, 9, 46
15, 18, 12
15, 21, 31
15, 33, 54
15, 34, 7
15, 43, 15
15, 45, 39
15, 53, 4
15, 55, 18
15, 58, 32
15, 58, 48
15, 64, 44
15, 69, 20
15, 69, 33
15, 69, 41
15, 69, 54
15, 80, 8
15, 85, 46
15, 87, 43
15, 89, 26
15, 91, 1
15, 93, 30
15, 96, 4
15, 102, 25
15, 122, 3
15, 124, 1
15, 136, 37
15, 143, 15
15, 144, 18
15, 145, 41
15, 147, 58
15, 150, 37
15, 155, 25
15, 164, 25
15, 168, 21
15, 176, 46
15, 178, 15
15, 182, 20
15, 188, 32
15, 192, 46
15, 197, 30
15, 201, 43
15, 202, 33
15, 204, 31
15, 204, 40
15, 209, 28
15, 215, 7
15, 229, 12
15, 236, 27
15, 239, 15
15, 240, 39
15, 241, 21
15, 262, 32
15, 267, 30
15, 270, 33
15, 277, 46
15, 277, 54
15, 282, 48
15, 285, 9
15, 286, 39
15, 301, 18
15, 303, 43
15, 305, 20
15, 307, 3
15, 316, 3
15, 316, 35
15, 321, 26
15, 326, 25
15, 332, 39
15, 334, 8
15, 347, 46
15, 349, 9
15, 349, 58
15, 350, 3
15, 352, 31
15, 355, 4
15, 362, 15
15, 363, 28
15, 367, 21
15, 370, 7
15, 371, 32
15, 376, 1
15, 377, 8
15, 379, 12
15, 380, 48
15, 391, 18
15, 392, 37
15, 396, 41
16, 1, 15
16, 4, 40
16, 6, 47
16, 14, 8
16, 16, 19
16, 26, 22
16, 27, 32
16, 48, 48
16, 56, 9
16, 66, 29
16, 68, 39
16, 71, 36
16, 76, 13
16, 77, 47
16, 82, 24
16, 83, 42
16, 86, 1
16, 88, 55
16, 92, 33
16, 94, 27
16, 100, 52
16, 107, 4
16, 110, 15
16, 119, 32
16, 119, 58
16, 120, 47
16, 132, 35
16, 133, 55
16, 141, 32
16, 143, 22
16, 149, 26
16, 150, 8
16, 161, 47
16, 177, 29
16, 178, 1
16, 188, 24
16, 195, 40
16, 200, 49
16, 206, 32
16, 216, 19
16, 217, 35
16, 228, 58
16, 238, 19
16, 238, 55
16, 239, 33
16, 244, 42
16, 248, 27
16, 249, 49
16, 265, 9
16, 270, 40
16, 272, 42
16, 281, 22
16, 285, 13
16, 286, 15
16, 292, 24
16, 306, 19
16, 313, 48
16, 323, 9
16, 323, 32
16, 323, 40
16, 324, 47
16, 328, 35
16, 330, 29
16, 335, 42
16, 339, 46
16, 340, 26
16, 347, 36
16, 354, 49
16, 360, 55
16, 361, 1
16, 362, 52
16, 367, 4
16, 374, 8
16, 380, 15
16, 385, 36
17, 2, 34
17, 10, 46
17, 12, 62
17, 33, 2
17, 33, 8
17, 35, 34
17, 39, 46
17, 42, 40
17, 42, 56
17, 43, 57
17, 45, 10
17, 48, 22
17, 51, 38
17, 55, 14
17, 58, 15
17, 62, 32
17, 73, 15
17, 77, 43
17, 78, 60
17, 79, 36
17, 86, 28
17, 86, 56
17, 96, 22
17, 101, 8
17, 101, 21
17, 109, 54
17, 110, 11
17, 112, 29
17, 120, 27
17, 125, 6
17, 128, 25
17, 130, 3
17, 135, 49
17, 145, 24
17, 154, 57
17, 158, 27
17, 158, 49
17, 164, 22
17, 164, 32
17, 166, 14
17, 181, 50
17, 183, 49
17, 184, 38
17, 191, 46
17, 196, 42
17, 198, 15
17, 200, 21
17, 203, 5
17, 204, 62
17, 211, 57
17, 213, 54
17, 214, 16
17, 215, 25
17, 218, 32
17, 218, 46
17, 225, 18
17, 230, 40
17, 231, 36
17, 237, 10
17, 241, 60
17, 242, 11
17, 242, 14
17, 249, 28
17, 253, 3
17, 258, 22
17, 258, 36
17, 258, 41
17, 262, 18
17, 265, 57
17, 268, 40
17, 275, 6
17, 281, 41
17, 282, 34
17, 288, 34
17, 292, 16
17, 297, 31
17, 298, 42
17, 298, 50
17, 300, 25
17, 302, 8
17, 304, 29
17, 305, 22
17, 308, 32
17, 317, 5
17, 318, 2
17, 322, 43
17, 325, 24
17, 332, 21
17, 333, 45
17, 338, 54
17, 341, 18
17, 343, 15
17, 343, 53
17, 345, 14
17, 349, 40
17, 358, 27
17, 360, 34
17, 362, 36
17, 362, 43
17, 368, 56
17, 371, 22
17, 372, 2
17, 372, 38
17, 382, 18
17, 384, 50
17, 385, 3
17, 385, 57
17, 387, 10
17, 392, 28
17, 394, 41
17, 398, 31
17, 398, 42
18, 7, 49
18, 11, 30
18, 21, 45
18, 22, 10
18, 25, 10
18, 30, 14
18, 37, 33
18, 37, 55
18, 50, 7
18, 59, 30
18, 65, 27
18, 68, 47
18, 73, 17
18, 74, 54
18, 77, 2
18, 77, 24
18, 90, 54
18, 96, 44
18, 102, 7
18, 106, 41
18, 107, 6
18, 110, 41
18, 113, 50
18, 121, 53
18, 124, 13
18, 131, 45
18, 141, 4
18, 146, 45
18, 148, 11
18, 153, 35
18, 166, 54
18, 175, 57
18, 176, 24
18, 181, 17
18, 181, 24
18, 181, 38
18, 194, 10
18, 209, 62
18, 214, 18
18, 215, 30
18, 216, 45
18, 218, 50
18, 220, 6
18, 229, 37
18, 230, 20
18, 235, 44
18, 237, 49
18, 238, 41
18, 245, 10
18, 262, 54
18, 270, 13
18, 270, 62
18, 272, 35
18, 274, 11
18, 274, 53
18, 277, 47
18, 283, 13
18, 286, 2
18, 297, 33
18, 298, 24
18, 302, 61
18, 307, 7
18, 308, 17
18, 313, 4
18, 313, 33
18, 318, 7
18, 322, 54
18, 336, 20
18, 338, 18
18, 339, 47
18, 339, 50
18, 340, 35
18, 343, 61
18, 356, 13
18, 357, 24
18, 360, 41
18, 374, 44
18, 377, 49
19, 17, 32
19, 41, 12
19, 43, 22
19, 48, 2
19, 49, 9
19, 50, 15
19, 50, 28
19, 61, 48
19, 63, 58
19, 70, 25
19, 74, 7
19, 76, 21
19, 86, 2
19, 89, 62
19, 95, 36
19, 96, 56
19, 104, 61
19, 106, 19
19, 109, 44
19, 117, 31
19, 122, 53
19, 126, 12
19, 135, 15
19, 148, 32
19, 152, 50
19, 157, 34
19, 168, 19
19, 183, 19
19, 188, 53
19, 191, 61
19, 200, 48
19, 206, 12
19, 212, 53
19, 222, 10
19, 225, 28
19, 235, 4
19, 244, 11
19, 246, 31
19, 250, 19
19, 251, 34
19, 256, 15
19, 267, 21
19, 272, 62
19, 274, 32
19, 281, 12
19, 288, 61
19, 293, 15
19, 301, 48
19, 302, 19
19, 307, 9
19, 309, 44
19, 326, 53
19, 328, 15
19, 329, 12
19, 330, 25
19, 332, 7
19, 336, 8
19, 337, 36
19, 340, 19
19, 355, 2
19, 360, 58
19, 364, 6
19, 364, 15
19, 371, 50
19, 375, 22
19, 386, 62
19, 394, 11
19, 397, 10
19, 398, 19
