0, 0, 0
0, 1, 0
0, 2, 0
0, 3, 0
0, 4, 0
0, 5, 0
0, 6, 0
0, 7, 0
0, 8, 0
0, 9, 0
0, 10, 0
0, 11, 0
0, 12, 0
0, 13, 0
0, 14, 0
0, 15, 0
0, 16, 0
0, 17, 0
0, 18, 0
0, 19, 0
0, 20, 0
0, 21, 0
0, 22, 0
0, 23, 0
0, 24, 0
0, 25, 0
0, 26, 0
0, 27, 0
0, 28, 0
0, 29, 0
0, 30, 0
0, 31, 0
0, 32, 0
0, 33, 0
0, 34, 0
0, 35, 0
0, 36, 0
0, 37, 0
0, 38, 0
0, 39, 0
0, 40, 0
0, 41, 0
0, 42, 0
0, 43, 0
0, 44, 0
0, 45, 0
0, 46, 0
0, 47, 0
0, 48, 0
0, 49, 0
0, 50, 0
0, 51, 0
0, 52, 0
0, 53, 0
0, 54, 0
0, 55, 0
0, 56, 0
0, 57, 0
0, 58, 0
0, 59, 0
0, 60, 0
0, 61, 0
0, 62, 0
0, 63, 0
0, 64, 0
0, 65, 0
0, 66, 0
0, 67, 0
0, 68, 0
0, 69, 0
0, 70, 0
0, 71, 0
0, 72, 0
0, 73, 0
0, 74, 0
0, 75, 0
0, 76, 0
0, 77, 0
0, 78, 0
0, 79, 0
0, 80, 0
0, 81, 0
0, 82, 0
0, 83, 0
0, 84, 0
0, 85, 0
0, 86, 0
0, 87, 0
0, 88, 0
0, 89, 0
0, 90, 0
0, 91, 0
0, 92, 0
0, 93, 0
0, 94, 0
0, 95, 0
0, 96, 0
0, 97, 0
0, 98, 0
0, 99, 0
0, 100, 0
0, 101, 0
0, 102, 0
0, 103, 0
0, 104, 0
0, 105, 0
0, 106, 0
0, 107, 0
0, 108, 0
0, 109, 0
0, 110, 0
0, 111, 0
0, 112, 0
0, 113, 0
0, 114, 0
0, 115, 0
0, 116, 0
0, 117, 0
0, 118, 0
0, 119, 0
0, 120, 0
0, 121, 0
0, 122, 0
0, 123, 0
0, 124, 0
0, 125, 0
0, 126, 0
0, 127, 0
0, 128, 0
0, 129, 0
0, 130, 0
0, 131, 0
0, 132, 0
0, 133, 0
0, 134, 0
0, 135, 0
0, 136, 0
0, 137, 0
0, 138, 0
0, 139, 0
0, 140, 0
0, 141, 0
0, 142, 0
0, 143, 0
0, 144, 0
0, 145, 0
0, 146, 0
0, 147, 0
0, 148, 0
0, 149, 0
0, 150, 0
0, 151, 0
0, 152, 0
0, 153, 0
0, 154, 0
0, 155, 0
0, 156, 0
0, 157, 0
0, 158, 0
0, 159, 0
0, 160, 0
0, 161, 0
0, 162, 0
0, 163, 0
0, 164, 0
0, 165, 0
0, 166, 0
0, 167, 0
0, 168, 0
0, 169, 0
0, 170, 0
0, 171, 0
0, 172, 0
0, 173, 0
0, 174, 0
0, 175, 0
0, 176, 0
0, 177, 0
0, 178, 0
0, 179, 0
0, 180, 0
0, 181, 0
0, 182, 0
0, 183, 0
0, 184, 0
0, 185, 0
0, 186, 0
0, 187, 0
0, 188, 0
0, 189, 0
0, 190, 0
0, 191, 0
0, 192, 0
0, 193, 0
0, 194, 0
0, 195, 0
0, 196, 0
0, 197, 0
0, 198, 0
0, 199, 0
0, 200, 0
0, 201, 0
0, 202, 0
0, 203, 0
0, 204, 0
0, 205, 0
0, 206, 0
0, 207, 0
0, 208, 0
0, 209, 0
0, 210, 0
0, 211, 0
0, 212, 0
0, 213, 0
0, 214, 0
0, 215, 0
0, 216, 0
0, 217, 0
0, 218, 0
0, 219, 0
0, 220, 0
0, 221, 0
0, 222, 0
0, 223, 0
0, 224, 0
0, 225, 0
0, 226, 0
0, 227, 0
0, 228, 0
0, 229, 0
0, 230, 0
0, 231, 0
0, 232, 0
0, 233, 0
0, 234, 0
0, 235, 0
0, 236, 0
0, 237, 0
0, 238, 0
0, 239, 0
0, 240, 0
0, 241, 0
0, 242, 0
0, 243, 0
0, 244, 0
0, 245, 0
0, 246, 0
0, 247, 0
0, 248, 0
0, 249, 0
0, 250, 0
0, 251, 0
0, 252, 0
0, 253, 0
0, 254, 0
0, 255, 0
0, 256, 0
0, 257, 0
0, 258, 0
0, 259, 0
0, 260, 0
0, 261, 0
0, 262, 0
0, 263, 0
0, 264, 0
0, 265, 0
0, 266, 0
0, 267, 0
0, 268, 0
0, 269, 0
0, 270, 0
0, 271, 0
0, 272, 0
0, 273, 0
0, 274, 0
0, 275, 0
0, 276, 0
0, 277, 0
0, 278, 0
0, 279, 0
0, 280, 0
0, 281, 0
0, 282, 0
0, 283, 0
0, 284, 0
0, 285, 0
0, 286, 0
0, 287, 0
0, 288, 0
0, 289, 0
0, 290, 0
0, 291, 0
0, 292, 0
0, 293, 0
0, 294, 0
0, 295, 0
0, 296, 0
0, 297, 0
0, 298, 0
0, 299, 0
0, 300, 0
0, 301, 0
0, 302, 0
0, 303, 0
0, 304, 0
0, 305, 0
0, 306, 0
0, 307, 0
0, 308, 0
0, 309, 0
0, 310, 0
0, 311, 0
0, 312, 0
0, 313, 0
0, 314, 0
0, 315, 0
0, 316, 0
0, 317, 0
0, 318, 0
0, 319, 0
0, 320, 0
0, 321, 0
0, 322, 0
0, 323, 0
0, 324, 0
0, 325, 0
0, 326, 0
0, 327, 0
0, 328, 0
0, 329, 0
0, 330, 0
0, 331, 0
0, 332, 0
0, 333, 0
0, 334, 0
0, 335, 0
0, 336, 0
0, 337, 0
0, 338, 0
0, 339, 0
0, 340, 0
0, 341, 0
0, 342, 0
0, 343, 0
0, 344, 0
0, 345, 0
0, 346, 0
0, 347, 0
0, 348, 0
0, 349, 0
0, 350, 0
0, 351, 0
0, 352, 0
0, 353, 0
0, 354, 0
0, 355, 0
0, 356, 0
0, 357, 0
0, 358, 0
0, 359, 0
0, 360, 0
0, 361, 0
0, 362, 0
0, 363, 0
0, 364, 0
0, 365, 0
0, 366, 0
0, 367, 0
0, 368, 0
0, 369, 0
0, 370, 0
0, 371, 0
0, 372, 0
0, 373, 0
0, 374, 0
0, 375, 0
0, 376, 0
0, 377, 0
0, 378, 0
0, 379, 0
0, 380, 0
0, 381, 0
0, 382, 0
0, 383, 0
0, 384, 0
0, 385, 0
0, 386, 0
0, 387, 0
0, 388, 0
0, 389, 0
0, 390, 0
0, 391, 0
0, 392, 0
0, 393, 0
0, 394, 0
0, 395, 0
0, 396, 0
0, 397, 0
0, 398, 0
0, 399, 0
1, 0, 0
1, 1, 38
1, 2, 0
1, 3, 46
1, 4, 0
1, 5, 0
1, 6, 0
1, 7, 10
1, 8, 0
1, 9, 0
1, 10, 0
1, 11, 23
1, 12, 46
1, 13, 0
1, 14, 0
1, 15, 0
1, 16, 9
1, 17, 0
1, 18, 0
1, 19, 30
1, 20, 0
1, 21, 0
1, 22, 36
1, 23, 52
1, 24, 0
1, 25, 49
1, 26, 50
1, 27, 0
1, 28, 0
1, 29, 0
1, 30, 0
1, 31, 48
1, 32, 0
1, 33, 0
1, 34, 0
1, 35, 35
1, 36, 0
1, 37, 0
1, 38, 26
1, 39, 0
1, 40, 14
1, 41, 6
1, 42, 44
1, 43, 0
1, 44, 31
1, 45, 0
1, 46, 0
1, 47, 36
1, 48, 17
1, 49, 42
1, 50, 11
1, 51, 19
1, 52, 51
1, 53, 36
1, 54, 26
1, 55, 0
1, 56, 1
1, 57, 54
1, 58, 0
1, 59, 10
1, 60, 0
1, 61, 0
1, 62, 22
1, 63, 45
1, 64, 0
1, 65, 11
1, 66, 9
1, 67, 34
1, 68, 0
1, 69, 27
1, 70, 38
1, 71, 0
1, 72, 40
1, 73, 23
1, 74, 0
1, 75, 0
1, 76, 30
1, 77, 25
1, 78, 34
1, 79, 0
1, 80, 0
1, 81, 0
1, 82, 46
1, 83, 42
1, 84, 0
1, 85, 0
1, 86, 0
1, 87, 0
1, 88, 13
1, 89, 0
1, 90, 0
1, 91, 0
1, 92, 0
1, 93, 0
1, 94, 32
1, 95, 28
1, 96, 44
1, 97, 41
1, 98, 0
1, 99, 0
1, 100, 0
1, 101, 0
1, 102, 4
1, 103, 0
1, 104, 0
1, 105, 25
1, 106, 0
1, 107, 47
1, 108, 4
1, 109, 16
1, 110, 0
1, 111, 0
1, 112, 24
1, 113, 0
1, 114, 52
1, 115, 0
1, 116, 0
1, 117, 16
1, 118, 0
1, 119, 37
1, 120, 0
1, 121, 0
1, 122, 0
1, 123, 0
1, 124, 0
1, 125, 0
1, 126, 0
1, 127, 0
1, 128, 0
1, 129, 0
1, 130, 0
1, 131, 0
1, 132, 51
1, 133, 6
1, 134, 0
1, 135, 0
1, 136, 0
1, 137, 22
1, 138, 0
1, 139, 0
1, 140, 42
1, 141, 0
1, 142, 45
1, 143, 0
1, 144, 18
1, 145, 0
1, 146, 17
1, 147, 31
1, 148, 0
1, 149, 33
1, 150, 0
1, 151, 4
1, 152, 0
1, 153, 30
1, 154, 0
1, 155, 0
1, 156, 48
1, 157, 36
1, 158, 41
1, 159, 50
1, 160, 0
1, 161, 34
1, 162, 0
1, 163, 0
1, 164, 21
1, 165, 46
1, 166, 34
1, 167, 0
1, 168, 0
1, 169, 9
1, 170, 0
1, 171, 0
1, 172, 0
1, 173, 41
1, 174, 0
1, 175, 0
1, 176, 33
1, 177, 0
1, 178, 0
1, 179, 46
1, 180, 44
1, 181, 45
1, 182, 0
1, 183, 24
1, 184, 0
1, 185, 0
1, 186, 0
1, 187, 4
1, 188, 0
1, 189, 39
1, 190, 0
1, 191, 6
1, 192, 0
1, 193, 0
1, 194, 0
1, 195, 0
1, 196, 28
1, 197, 10
1, 198, 0
1, 199, 54
1, 200, 0
1, 201, 0
1, 202, 6
1, 203, 0
1, 204, 53
1, 205, 0
1, 206, 16
1, 207, 0
1, 208, 6
1, 209, 51
1, 210, 0
1, 211, 47
1, 212, 25
1, 213, 0
1, 214, 0
1, 215, 0
1, 216, 1
1, 217, 0
1, 218, 29
1, 219, 35
1, 220, 0
1, 221, 53
1, 222, 0
1, 223, 0
1, 224, 49
1, 225, 13
1, 226, 17
1, 227, 53
1, 228, 0
1, 229, 0
1, 230, 34
1, 231, 0
1, 232, 0
1, 233, 0
1, 234, 2
1, 235, 18
1, 236, 11
1, 237, 0
1, 238, 0
1, 239, 0
1, 240, 0
1, 241, 0
1, 242, 0
1, 243, 0
1, 244, 0
1, 245, 0
1, 246, 0
1, 247, 15
1, 248, 50
1, 249, 0
1, 250, 26
1, 251, 0
1, 252, 0
1, 253, 0
1, 254, 0
1, 255, 31
1, 256, 30
1, 257, 0
1, 258, 16
1, 259, 0
1, 260, 0
1, 261, 9
1, 262, 0
1, 263, 54
1, 264, 0
1, 265, 0
1, 266, 0
1, 267, 0
1, 268, 0
1, 269, 0
1, 270, 31
1, 271, 0
1, 272, 50
1, 273, 50
1, 274, 27
1, 275, 0
1, 276, 0
1, 277, 46
1, 278, 0
1, 279, 41
1, 280, 0
1, 281, 6
1, 282, 41
1, 283, 0
1, 284, 2
1, 285, 0
1, 286, 0
1, 287, 52
1, 288, 46
1, 289, 0
1, 290, 0
1, 291, 0
1, 292, 32
1, 293, 0
1, 294, 0
1, 295, 0
1, 296, 0
1, 297, 0
1, 298, 0
1, 299, 0
1, 300, 0
1, 301, 0
1, 302, 1
1, 303, 10
1, 304, 0
1, 305, 0
1, 306, 0
1, 307, 40
1, 308, 33
1, 309, 0
1, 310, 4
1, 311, 0
1, 312, 10
1, 313, 39
1, 314, 9
1, 315, 18
1, 316, 0
1, 317, 34
1, 318, 40
1, 319, 24
1, 320, 0
1, 321, 0
1, 322, 0
1, 323, 0
1, 324, 0
1, 325, 0
1, 326, 19
1, 327, 0
1, 328, 0
1, 329, 0
1, 330, 42
1, 331, 11
1, 332, 29
1, 333, 0
1, 334, 0
1, 335, 6
1, 336, 16
1, 337, 13
1, 338, 0
1, 339, 53
1, 340, 0
1, 341, 0
1, 342, 0
1, 343, 0
1, 344, 0
1, 345, 0
1, 346, 0
1, 347, 39
1, 348, 33
1, 349, 0
1, 350, 0
1, 351, 0
1, 352, 0
1, 353, 0
1, 354, 26
1, 355, 40
1, 356, 35
1, 357, 0
1, 358, 53
1, 359, 29
1, 360, 0
1, 361, 36
1, 362, 0
1, 363, 2
1, 364, 52
1, 365, 20
1, 366, 54
1, 367, 0
1, 368, 17
1, 369, 0
1, 370, 0
1, 371, 0
1, 372, 45
1, 373, 0
1, 374, 0
1, 375, 0
1, 376, 49
1, 377, 0
1, 378, 0
1, 379, 44
1, 380, 31
1, 381, 26
1, 382, 0
1, 383, 30
1, 384, 0
1, 385, 0
1, 386, 38
1, 387, 0
1, 388, 40
1, 389, 51
1, 390, 0
1, 391, 13
1, 392, 9
1, 393, 5
1, 394, 0
1, 395, 23
1, 396, 0
1, 397, 47
1, 398, 0
1, 399, 46
2, 0, 0
2, 1, 0
2, 2, 38
2, 3, 17
2, 4, 43
2, 5, 0
2, 6, 15
2, 7, 49
2, 8, 0
2, 9, 0
2, 10, 0
2, 11, 0
2, 12, 0
2, 13, 5
2, 14, 0
2, 15, 0
2, 16, 0
2, 17, 0
2, 18, 46
2, 19, 39
2, 20, 0
2, 21, 0
2, 22, 20
2, 23, 0
2, 24, 0
2, 25, 3
2, 26, 0
2, 27, 0
2, 28, 0
2, 29, 18
2, 30, 0
2, 31, 0
2, 32, 30
2, 33, 33
2, 34, 0
2, 35, 0
2, 36, 12
2, 37, 0
2, 38, 0
2, 39, 46
2, 40, 0
2, 41, 30
2, 42, 37
2, 43, 0
2, 44, 29
2, 45, 0
2, 46, 16
2, 47, 0
2, 48, 0
2, 49, 45
2, 50, 0
2, 51, 0
2, 52, 0
2, 53, 0
2, 54, 0
2, 55, 38
2, 56, 0
2, 57, 0
2, 58, 0
2, 59, 0
2, 60, 10
2, 61, 0
2, 62, 0
2, 63, 9
2, 64, 42
2, 65, 0
2, 66, 13
2, 67, 0
2, 68, 0
2, 69, 0
2, 70, 0
2, 71, 0
2, 72, 0
2, 73, 25
2, 74, 24
2, 75, 0
2, 76, 0
2, 77, 46
2, 78, 0
2, 79, 0
2, 80, 10
2, 81, 16
2, 82, 0
2, 83, 0
2, 84, 34
2, 85, 0
2, 86, 0
2, 87, 0
2, 88, 19
2, 89, 24
2, 90, 55
2, 91, 49
2, 92, 6
2, 93, 0
2, 94, 0
2, 95, 0
2, 96, 35
2, 97, 14
2, 98, 17
2, 99, 20
2, 100, 0
2, 101, 49
2, 102, 0
2, 103, 33
2, 104, 12
2, 105, 31
2, 106, 0
2, 107, 4
2, 108, 49
2, 109, 0
2, 110, 2
2, 111, 0
2, 112, 44
2, 113, 0
2, 114, 5
2, 115, 38
2, 116, 0
2, 117, 0
2, 118, 22
2, 119, 0
2, 120, 43
2, 121, 54
2, 122, 0
2, 123, 0
2, 124, 28
2, 125, 0
2, 126, 18
2, 127, 7
2, 128, 0
2, 129, 0
2, 130, 36
2, 131, 0
2, 132, 0
2, 133, 16
2, 134, 0
2, 135, 0
2, 136, 0
2, 137, 0
2, 138, 0
2, 139, 37
2, 140, 50
2, 141, 32
2, 142, 0
2, 143, 39
2, 144, 0
2, 145, 0
2, 146, 13
2, 147, 0
2, 148, 0
2, 149, 0
2, 150, 0
2, 151, 45
2, 152, 0
2, 153, 42
2, 154, 0
2, 155, 0
2, 156, 27
2, 157, 0
2, 158, 0
2, 159, 0
2, 160, 23
2, 161, 0
2, 162, 0
2, 163, 0
2, 164, 0
2, 165, 6
2, 166, 51
2, 167, 0
2, 168, 0
2, 169, 5
2, 170, 26
2, 171, 52
2, 172, 0
2, 173, 0
2, 174, 0
2, 175, 9
2, 176, 35
2, 177, 27
2, 178, 0
2, 179, 0
2, 180, 54
2, 181, 0
2, 182, 0
2, 183, 36
2, 184, 11
2, 185, 0
2, 186, 0
2, 187, 0
2, 188, 31
2, 189, 0
2, 190, 0
2, 191, 0
2, 192, 0
2, 193, 0
2, 194, 0
2, 195, 21
2, 196, 30
2, 197, 0
2, 198, 28
2, 199, 50
2, 200, 0
2, 201, 5
2, 202, 42
2, 203, 0
2, 204, 43
2, 205, 24
2, 206, 30
2, 207, 0
2, 208, 36
2, 209, 19
2, 210, 50
2, 211, 4
2, 212, 22
2, 213, 14
2, 214, 0
2, 215, 6
2, 216, 0
2, 217, 0
2, 218, 45
2, 219, 0
2, 220, 0
2, 221, 22
2, 222, 46
2, 223, 0
2, 224, 0
2, 225, 0
2, 226, 52
2, 227, 2
2, 228, 8
2, 229, 0
2, 230, 0
2, 231, 52
2, 232, 0
2, 233, 0
2, 234, 0
2, 235, 2
2, 236, 0
2, 237, 0
2, 238, 0
2, 239, 41
2, 240, 0
2, 241, 0
2, 242, 20
2, 243, 3
2, 244, 23
2, 245, 34
2, 246, 43
2, 247, 37
2, 248, 0
2, 249, 0
2, 250, 20
2, 251, 0
2, 252, 0
2, 253, 0
2, 254, 1
2, 255, 0
2, 256, 0
2, 257, 0
2, 258, 0
2, 259, 0
2, 260, 38
2, 261, 0
2, 262, 0
2, 263, 0
2, 264, 0
2, 265, 0
2, 266, 18
2, 267, 24
2, 268, 20
2, 269, 39
2, 270, 28
2, 271, 18
2, 272, 33
2, 273, 30
2, 274, 0
2, 275, 0
2, 276, 25
2, 277, 0
2, 278, 15
2, 279, 26
2, 280, 0
2, 281, 0
2, 282, 35
2, 283, 32
2, 284, 0
2, 285, 0
2, 286, 0
2, 287, 0
2, 288, 0
2, 289, 0
2, 290, 6
2, 291, 54
2, 292, 10
2, 293, 21
2, 294, 0
2, 295, 37
2, 296, 0
2, 297, 0
2, 298, 0
2, 299, 0
2, 300, 52
2, 301, 16
2, 302, 0
2, 303, 0
2, 304, 0
2, 305, 0
2, 306, 37
2, 307, 11
2, 308, 0
2, 309, 0
2, 310, 33
2, 311, 51
2, 312, 0
2, 313, 25
2, 314, 44
2, 315, 23
2, 316, 0
2, 317, 0
2, 318, 0
2, 319, 22
2, 320, 13
2, 321, 0
2, 322, 0
2, 323, 46
2, 324, 0
2, 325, 49
2, 326, 0
2, 327, 0
2, 328, 22
2, 329, 0
2, 330, 0
2, 331, 0
2, 332, 0
2, 333, 35
2, 334, 0
2, 335, 32
2, 336, 0
2, 337, 0
2, 338, 4
2, 339, 4
2, 340, 50
2, 341, 0
2, 342, 0
2, 343, 0
2, 344, 51
2, 345, 0
2, 346, 0
2, 347, 0
2, 348, 0
2, 349, 0
2, 350, 44
2, 351, 7
2, 352, 0
2, 353, 25
2, 354, 0
2, 355, 0
2, 356, 41
2, 357, 20
2, 358, 0
2, 359, 37
2, 360, 2
2, 361, 15
2, 362, 33
2, 363, 29
2, 364, 31
2, 365, 0
2, 366, 44
2, 367, 13
2, 368, 0
2, 369, 32
2, 370, 0
2, 371, 8
2, 372, 21
2, 373, 0
2, 374, 0
2, 375, 0
2, 376, 0
2, 377, 8
2, 378, 0
2, 379, 0
2, 380, 18
2, 381, 10
2, 382, 16
2, 383, 0
2, 384, 3
2, 385, 0
2, 386, 0
2, 387, 4
2, 388, 0
2, 389, 15
2, 390, 0
2, 391, 49
2, 392, 6
2, 393, 0
2, 394, 0
2, 395, 0
2, 396, 38
2, 397, 34
2, 398, 0
2, 399, 0
3, 0, 0
3, 1, 47
3, 2, 35
3, 3, 0
3, 4, 0
3, 5, 10
3, 6, 34
3, 7, 39
3, 8, 0
3, 9, 51
3, 10, 30
3, 11, 11
3, 12, 0
3, 13, 0
3, 14, 25
3, 15, 54
3, 16, 33
3, 17, 0
3, 18, 27
3, 19, 0
3, 20, 0
3, 21, 0
3, 22, 0
3, 23, 16
3, 24, 39
3, 25, 0
3, 26, 0
3, 27, 31
3, 28, 0
3, 29, 30
3, 30, 33
3, 31, 0
3, 32, 41
3, 33, 5
3, 34, 19
3, 35, 3
3, 36, 46
3, 37, 16
3, 38, 56
3, 39, 0
3, 40, 9
3, 41, 0
3, 42, 0
3, 43, 0
3, 44, 18
3, 45, 0
3, 46, 0
3, 47, 12
3, 48, 0
3, 49, 42
3, 50, 0
3, 51, 0
3, 52, 0
3, 53, 15
3, 54, 0
3, 55, 0
3, 56, 0
3, 57, 48
3, 58, 7
3, 59, 22
3, 60, 0
3, 61, 0
3, 62, 52
3, 63, 0
3, 64, 0
3, 65, 56
3, 66, 1
3, 67, 0
3, 68, 0
3, 69, 8
3, 70, 16
3, 71, 0
3, 72, 0
3, 73, 0
3, 74, 40
3, 75, 0
3, 76, 47
3, 77, 0
3, 78, 0
3, 79, 0
3, 80, 0
3, 81, 46
3, 82, 56
3, 83, 0
3, 84, 0
3, 85, 4
3, 86, 51
3, 87, 50
3, 88, 0
3, 89, 24
3, 90, 0
3, 91, 0
3, 92, 15
3, 93, 0
3, 94, 25
3, 95, 0
3, 96, 38
3, 97, 0
3, 98, 11
3, 99, 48
3, 100, 51
3, 101, 33
3, 102, 41
3, 103, 39
3, 104, 0
3, 105, 0
3, 106, 0
3, 107, 28
3, 108, 0
3, 109, 19
3, 110, 0
3, 111, 0
3, 112, 46
3, 113, 29
3, 114, 0
3, 115, 54
3, 116, 46
3, 117, 0
3, 118, 24
3, 119, 0
3, 120, 0
3, 121, 50
3, 122, 30
3, 123, 35
3, 124, 15
3, 125, 5
3, 126, 0
3, 127, 0
3, 128, 0
3, 129, 0
3, 130, 0
3, 131, 26
3, 132, 48
3, 133, 33
3, 134, 0
3, 135, 21
3, 136, 25
3, 137, 0
3, 138, 0
3, 139, 0
3, 140, 0
3, 141, 34
3, 142, 11
3, 143, 0
3, 144, 0
3, 145, 36
3, 146, 28
3, 147, 55
3, 148, 4
3, 149, 0
3, 150, 0
3, 151, 0
3, 152, 1
3, 153, 0
3, 154, 29
3, 155, 19
3, 156, 44
3, 157, 9
3, 158, 10
3, 159, 0
3, 160, 17
3, 161, 51
3, 162, 0
3, 163, 31
3, 164, 33
3, 165, 0
3, 166, 0
3, 167, 0
3, 168, 9
3, 169, 0
3, 170, 0
3, 171, 23
3, 172, 18
3, 173, 0
3, 174, 0
3, 175, 0
3, 176, 13
3, 177, 0
3, 178, 0
3, 179, 14
3, 180, 41
3, 181, 0
3, 182, 0
3, 183, 47
3, 184, 19
3, 185, 24
3, 186, 13
3, 187, 40
3, 188, 0
3, 189, 46
3, 190, 0
3, 191, 0
3, 192, 0
3, 193, 0
3, 194, 32
3, 195, 0
3, 196, 7
3, 197, 0
3, 198, 0
3, 199, 0
3, 200, 0
3, 201, 0
3, 202, 0
3, 203, 0
3, 204, 39
3, 205, 0
3, 206, 16
3, 207, 56
3, 208, 22
3, 209, 0
3, 210, 0
3, 211, 0
3, 212, 52
3, 213, 0
3, 214, 21
3, 215, 0
3, 216, 0
3, 217, 0
3, 218, 0
3, 219, 8
3, 220, 0
3, 221, 30
3, 222, 0
3, 223, 48
3, 224, 0
3, 225, 0
3, 226, 28
3, 227, 0
3, 228, 9
3, 229, 0
3, 230, 18
3, 231, 55
3, 232, 0
3, 233, 0
3, 234, 0
3, 235, 41
3, 236, 27
3, 237, 53
3, 238, 44
3, 239, 0
3, 240, 35
3, 241, 14
3, 242, 11
3, 243, 6
3, 244, 50
3, 245, 38
3, 246, 36
3, 247, 0
3, 248, 0
3, 249, 54
3, 250, 0
3, 251, 46
3, 252, 36
3, 253, 0
3, 254, 52
3, 255, 43
3, 256, 26
3, 257, 26
3, 258, 24
3, 259, 17
3, 260, 21
3, 261, 15
3, 262, 47
3, 263, 43
3, 264, 0
3, 265, 0
3, 266, 0
3, 267, 15
3, 268, 3
3, 269, 0
3, 270, 41
3, 271, 0
3, 272, 0
3, 273, 53
3, 274, 0
3, 275, 0
3, 276, 48
3, 277, 0
3, 278, 0
3, 279, 0
3, 280, 42
3, 281, 43
3, 282, 29
3, 283, 0
3, 284, 0
3, 285, 30
3, 286, 0
3, 287, 16
3, 288, 0
3, 289, 0
3, 290, 30
3, 291, 0
3, 292, 0
3, 293, 0
3, 294, 2
3, 295, 14
3, 296, 0
3, 297, 0
3, 298, 28
3, 299, 46
3, 300, 40
3, 301, 32
3, 302, 29
3, 303, 0
3, 304, 0
3, 305, 0
3, 306, 0
3, 307, 3
3, 308, 0
3, 309, 40
3, 310, 32
3, 311, 51
3, 312, 0
3, 313, 52
3, 314, 0
3, 315, 16
3, 316, 19
3, 317, 0
3, 318, 12
3, 319, 0
3, 320, 33
3, 321, 21
3, 322, 0
3, 323, 0
3, 324, 37
3, 325, 0
3, 326, 0
3, 327, 51
3, 328, 0
3, 329, 0
3, 330, 0
3, 331, 0
3, 332, 39
3, 333, 55
3, 334, 12
3, 335, 0
3, 336, 0
3, 337, 0
3, 338, 0
3, 339, 10
3, 340, 0
3, 341, 27
3, 342, 43
3, 343, 0
3, 344, 0
3, 345, 0
3, 346, 0
3, 347, 0
3, 348, 22
3, 349, 43
3, 350, 54
3, 351, 36
3, 352, 38
3, 353, 0
3, 354, 1
3, 355, 55
3, 356, 54
3, 357, 6
3, 358, 35
3, 359, 9
3, 360, 52
3, 361, 0
3, 362, 0
3, 363, 0
3, 364, 0
3, 365, 50
3, 366, 0
3, 367, 0
3, 368, 32
3, 369, 0
3, 370, 0
3, 371, 18
3, 372, 40
3, 373, 0
3, 374, 0
3, 375, 0
3, 376, 54
3, 377, 39
3, 378, 35
3, 379, 32
3, 380, 0
3, 381, 23
3, 382, 59
3, 383, 0
3, 384, 0
3, 385, 0
3, 386, 42
3, 387, 0
3, 388, 45
3, 389, 55
3, 390, 0
3, 391, 0
3, 392, 26
3, 393, 0
3, 394, 30
3, 395, 0
3, 396, 0
3, 397, 0
3, 398, 41
3, 399, 0
4, 0, 0
4, 1, 57
4, 2, 55
4, 3, 11
4, 4, 32
4, 5, 22
4, 6, 0
4, 7, 0
4, 8, 0
4, 9, 0
4, 10, 28
4, 11, 36
4, 12, 32
4, 13, 0
4, 14, 23
4, 15, 43
4, 16, 19
4, 17, 0
4, 18, 0
4, 19, 0
4, 20, 0
4, 21, 17
4, 22, 0
4, 23, 41
4, 24, 45
4, 25, 0
4, 26, 46
4, 27, 22
4, 28, 0
4, 29, 43
4, 30, 0
4, 31, 51
4, 32, 0
4, 33, 0
4, 34, 0
4, 35, 0
4, 36, 0
4, 37, 0
4, 38, 50
4, 39, 2
4, 40, 41
4, 41, 9
4, 42, 14
4, 43, 56
4, 44, 0
4, 45, 0
4, 46, 39
4, 47, 0
4, 48, 42
4, 49, 0
4, 50, 14
4, 51, 8
4, 52, 0
4, 53, 0
4, 54, 0
4, 55, 36
4, 56, 0
4, 57, 23
4, 58, 46
4, 59, 0
4, 60, 0
4, 61, 38
4, 62, 46
4, 63, 30
4, 64, 0
4, 65, 52
4, 66, 44
4, 67, 0
4, 68, 13
4, 69, 1
4, 70, 35
4, 71, 10
4, 72, 0
4, 73, 0
4, 74, 0
4, 75, 0
4, 76, 13
4, 77, 0
4, 78, 50
4, 79, 0
4, 80, 22
4, 81, 0
4, 82, 0
4, 83, 0
4, 84, 0
4, 85, 0
4, 86, 27
4, 87, 3
4, 88, 0
4, 89, 0
4, 90, 20
4, 91, 33
4, 92, 2
4, 93, 0
4, 94, 0
4, 95, 4
4, 96, 0
4, 97, 0
4, 98, 0
4, 99, 17
4, 100, 8
4, 101, 34
4, 102, 53
4, 103, 0
4, 104, 0
4, 105, 0
4, 106, 0
4, 107, 0
4, 108, 0
4, 109, 0
4, 110, 0
4, 111, 51
4, 112, 48
4, 113, 40
4, 114, 0
4, 115, 16
4, 116, 36
4, 117, 0
4, 118, 29
4, 119, 0
4, 120, 15
4, 121, 0
4, 122, 31
4, 123, 0
4, 124, 0
4, 125, 0
4, 126, 0
4, 127, 0
4, 128, 45
4, 129, 27
4, 130, 39
4, 131, 0
4, 132, 32
4, 133, 0
4, 134, 6
4, 135, 42
4, 136, 32
4, 137, 49
4, 138, 12
4, 139, 42
4, 140, 0
4, 141, 0
4, 142, 0
4, 143, 0
4, 144, 46
4, 145, 0
4, 146, 0
4, 147, 51
4, 148, 0
4, 149, 21
4, 150, 0
4, 151, 15
4, 152, 0
4, 153, 50
4, 154, 31
4, 155, 0
4, 156, 24
4, 157, 52
4, 158, 11
4, 159, 0
4, 160, 0
4, 161, 49
4, 162, 0
4, 163, 0
4, 164, 28
4, 165, 0
4, 166, 36
4, 167, 0
4, 168, 0
4, 169, 38
4, 170, 46
4, 171, 10
4, 172, 31
4, 173, 2
4, 174, 0
4, 175, 0
4, 176, 17
4, 177, 32
4, 178, 35
4, 179, 0
4, 180, 0
4, 181, 49
4, 182, 57
4, 183, 0
4, 184, 30
4, 185, 0
4, 186, 0
4, 187, 16
4, 188, 0
4, 189, 18
4, 190, 56
4, 191, 41
4, 192, 0
4, 193, 42
4, 194, 0
4, 195, 0
4, 196, 0
4, 197, 36
4, 198, 11
4, 199, 5
4, 200, 0
4, 201, 0
4, 202, 0
4, 203, 0
4, 204, 0
4, 205, 44
4, 206, 0
4, 207, 0
4, 208, 4
4, 209, 0
4, 210, 0
4, 211, 13
4, 212, 0
4, 213, 28
4, 214, 0
4, 215, 3
4, 216, 0
4, 217, 0
4, 218, 0
4, 219, 40
4, 220, 33
4, 221, 17
4, 222, 0
4, 223, 51
4, 224, 33
4, 225, 24
4, 226, 0
4, 227, 0
4, 228, 0
4, 229, 0
4, 230, 0
4, 231, 29
4, 232, 0
4, 233, 0
4, 234, 0
4, 235, 0
4, 236, 0
4, 237, 20
4, 238, 0
4, 239, 0
4, 240, 0
4, 241, 0
4, 242, 6
4, 243, 1
4, 244, 0
4, 245, 50
4, 246, 0
4, 247, 17
4, 248, 21
4, 249, 0
4, 250, 4
4, 251, 0
4, 252, 0
4, 253, 0
4, 254, 44
4, 255, 48
4, 256, 0
4, 257, 0
4, 258, 53
4, 259, 0
4, 260, 0
4, 261, 25
4, 262, 0
4, 263, 0
4, 264, 0
4, 265, 39
4, 266, 0
4, 267, 18
4, 268, 10
4, 269, 8
4, 270, 0
4, 271, 0
4, 272, 0
4, 273, 0
4, 274, 0
4, 275, 0
4, 276, 47
4, 277, 32
4, 278, 29
4, 279, 7
4, 280, 0
4, 281, 25
4, 282, 0
4, 283, 0
4, 284, 26
4, 285, 0
4, 286, 46
4, 287, 52
4, 288, 0
4, 289, 0
4, 290, 41
4, 291, 56
4, 292, 49
4, 293, 24
4, 294, 0
4, 295, 0
4, 296, 52
4, 297, 20
4, 298, 45
4, 299, 27
4, 300, 43
4, 301, 15
4, 302, 42
4, 303, 0
4, 304, 0
4, 305, 47
4, 306, 24
4, 307, 23
4, 308, 37
4, 309, 0
4, 310, 0
4, 311, 30
4, 312, 28
4, 313, 0
4, 314, 0
4, 315, 0
4, 316, 49
4, 317, 40
4, 318, 55
4, 319, 0
4, 320, 0
4, 321, 0
4, 322, 11
4, 323, 0
4, 324, 36
4, 325, 0
4, 326, 33
4, 327, 0
4, 328, 0
4, 329, 0
4, 330, 2
4, 331, 0
4, 332, 0
4, 333, 0
4, 334, 57
4, 335, 0
4, 336, 39
4, 337, 0
4, 338, 22
4, 339, 0
4, 340, 0
4, 341, 0
4, 342, 0
4, 343, 0
4, 344, 0
4, 345, 16
4, 346, 10
4, 347, 0
4, 348, 51
4, 349, 0
4, 350, 0
4, 351, 21
4, 352, 0
4, 353, 23
4, 354, 0
4, 355, 48
4, 356, 0
4, 357, 0
4, 358, 27
4, 359, 0
4, 360, 0
4, 361, 0
4, 362, 45
4, 363, 0
4, 364, 0
4, 365, 0
4, 366, 27
4, 367, 0
4, 368, 38
4, 369, 56
4, 370, 0
4, 371, 38
4, 372, 0
4, 373, 0
4, 374, 30
4, 375, 0
4, 376, 13
4, 377, 0
4, 378, 0
4, 379, 0
4, 380, 0
4, 381, 0
4, 382, 47
4, 383, 3
4, 384, 52
4, 385, 0
4, 386, 26
4, 387, 0
4, 388, 0
4, 389, 0
4, 390, 0
4, 391, 20
4, 392, 28
4, 393, 0
4, 394, 0
4, 395, 0
4, 396, 0
4, 397, 7
4, 398, 6
4, 399, 20
5, 0, 0
5, 1, 0
5, 2, 0
5, 3, 0
5, 4, 21
5, 5, 26
5, 6, 0
5, 7, 0
5, 8, 8
5, 9, 0
5, 10, 0
5, 11, 25
5, 12, 0
5, 13, 0
5, 14, 0
5, 15, 19
5, 16, 36
5, 17, 0
5, 18, 15
5, 19, 0
5, 20, 0
5, 21, 14
5, 22, 0
5, 23, 0
5, 24, 0
5, 25, 0
5, 26, 32
5, 27, 39
5, 28, 10
5, 29, 46
5, 30, 0
5, 31, 0
5, 32, 0
5, 33, 39
5, 34, 0
5, 35, 0
5, 36, 0
5, 37, 7
5, 38, 41
5, 39, 0
5, 40, 0
5, 41, 0
5, 42, 47
5, 43, 0
5, 44, 0
5, 45, 0
5, 46, 38
5, 47, 0
5, 48, 6
5, 49, 0
5, 50, 0
5, 51, 0
5, 52, 18
5, 53, 50
5, 54, 0
5, 55, 0
5, 56, 51
5, 57, 50
5, 58, 0
5, 59, 5
5, 60, 0
5, 61, 34
5, 62, 0
5, 63, 41
5, 64, 0
5, 65, 35
5, 66, 0
5, 67, 28
5, 68, 26
5, 69, 35
5, 70, 0
5, 71, 0
5, 72, 0
5, 73, 0
5, 74, 52
5, 75, 0
5, 76, 0
5, 77, 29
5, 78, 0
5, 79, 39
5, 80, 0
5, 81, 0
5, 82, 0
5, 83, 42
5, 84, 27
5, 85, 8
5, 86, 0
5, 87, 0
5, 88, 0
5, 89, 19
5, 90, 0
5, 91, 0
5, 92, 0
5, 93, 0
5, 94, 36
5, 95, 0
5, 96, 0
5, 97, 33
5, 98, 56
5, 99, 45
5, 100, 0
5, 101, 20
5, 102, 0
5, 103, 48
5, 104, 0
5, 105, 0
5, 106, 35
5, 107, 6
5, 108, 0
5, 109, 21
5, 110, 2
5, 111, 0
5, 112, 0
5, 113, 0
5, 114, 0
5, 115, 0
5, 116, 0
5, 117, 0
5, 118, 18
5, 119, 0
5, 120, 0
5, 121, 46
5, 122, 0
5, 123, 0
5, 124, 0
5, 125, 0
5, 126, 0
5, 127, 32
5, 128, 0
5, 129, 9
5, 130, 0
5, 131, 0
5, 132, 51
5, 133, 0
5, 134, 0
5, 135, 0
5, 136, 0
5, 137, 0
5, 138, 0
5, 139, 0
5, 140, 0
5, 141, 0
5, 142, 0
5, 143, 14
5, 144, 29
5, 145, 54
5, 146, 0
5, 147, 0
5, 148, 10
5, 149, 0
5, 150, 34
5, 151, 30
5, 152, 0
5, 153, 4
5, 154, 8
5, 155, 53
5, 156, 0
5, 157, 0
5, 158, 0
5, 159, 0
5, 160, 0
5, 161, 37
5, 162, 17
5, 163, 0
5, 164, 0
5, 165, 0
5, 166, 50
5, 167, 0
5, 168, 36
5, 169, 0
5, 170, 32
5, 171, 49
5, 172, 55
5, 173, 0
5, 174, 0
5, 175, 41
5, 176, 37
5, 177, 0
5, 178, 0
5, 179, 24
5, 180, 15
5, 181, 0
5, 182, 0
5, 183, 0
5, 184, 0
5, 185, 22
5, 186, 0
5, 187, 0
5, 188, 0
5, 189, 0
5, 190, 0
5, 191, 16
5, 192, 28
5, 193, 0
5, 194, 7
5, 195, 0
5, 196, 20
5, 197, 0
5, 198, 0
5, 199, 40
5, 200, 0
5, 201, 45
5, 202, 47
5, 203, 14
5, 204, 26
5, 205, 39
5, 206, 0
5, 207, 0
5, 208, 56
5, 209, 19
5, 210, 0
5, 211, 14
5, 212, 42
5, 213, 0
5, 214, 51
5, 215, 46
5, 216, 24
5, 217, 23
5, 218, 0
5, 219, 52
5, 220, 0
5, 221, 43
5, 222, 0
5, 223, 54
5, 224, 0
5, 225, 15
5, 226, 35
5, 227, 13
5, 228, 5
5, 229, 0
5, 230, 48
5, 231, 0
5, 232, 0
5, 233, 0
5, 234, 27
5, 235, 32
5, 236, 0
5, 237, 15
5, 238, 30
5, 239, 0
5, 240, 0
5, 241, 0
5, 242, 11
5, 243, 0
5, 244, 0
5, 245, 0
5, 246, 0
5, 247, 37
5, 248, 0
5, 249, 7
5, 250, 0
5, 251, 3
5, 252, 25
5, 253, 0
5, 254, 0
5, 255, 21
5, 256, 0
5, 257, 0
5, 258, 0
5, 259, 0
5, 260, 44
5, 261, 50
5, 262, 0
5, 263, 18
5, 264, 0
5, 265, 0
5, 266, 41
5, 267, 0
5, 268, 0
5, 269, 0
5, 270, 0
5, 271, 17
5, 272, 0
5, 273, 0
5, 274, 0
5, 275, 0
5, 276, 0
5, 277, 41
5, 278, 0
5, 279, 0
5, 280, 0
5, 281, 3
5, 282, 16
5, 283, 0
5, 284, 0
5, 285, 0
5, 286, 0
5, 287, 0
5, 288, 46
5, 289, 0
5, 290, 0
5, 291, 4
5, 292, 22
5, 293, 20
5, 294, 45
5, 295, 30
5, 296, 12
5, 297, 56
5, 298, 47
5, 299, 4
5, 300, 0
5, 301, 0
5, 302, 22
5, 303, 23
5, 304, 0
5, 305, 0
5, 306, 54
5, 307, 0
5, 308, 0
5, 309, 0
5, 310, 0
5, 311, 19
5, 312, 27
5, 313, 49
5, 314, 33
5, 315, 14
5, 316, 11
5, 317, 55
5, 318, 17
5, 319, 61
5, 320, 44
5, 321, 53
5, 322, 29
5, 323, 0
5, 324, 50
5, 325, 0
5, 326, 0
5, 327, 0
5, 328, 38
5, 329, 0
5, 330, 0
5, 331, 7
5, 332, 28
5, 333, 0
5, 334, 0
5, 335, 45
5, 336, 0
5, 337, 23
5, 338, 26
5, 339, 51
5, 340, 0
5, 341, 24
5, 342, 0
5, 343, 43
5, 344, 0
5, 345, 0
5, 346, 0
5, 347, 31
5, 348, 21
5, 349, 38
5, 350, 27
5, 351, 44
5, 352, 0
5, 353, 0
5, 354, 41
5, 355, 8
5, 356, 32
5, 357, 53
5, 358, 0
5, 359, 0
5, 360, 0
5, 361, 17
5, 362, 32
5, 363, 0
5, 364, 55
5, 365, 22
5, 366, 49
5, 367, 0
5, 368, 0
5, 369, 28
5, 370, 0
5, 371, 0
5, 372, 0
5, 373, 0
5, 374, 0
5, 375, 3
5, 376, 15
5, 377, 0
5, 378, 34
5, 379, 0
5, 380, 0
5, 381, 0
5, 382, 0
5, 383, 54
5, 384, 14
5, 385, 0
5, 386, 0
5, 387, 0
5, 388, 13
5, 389, 47
5, 390, 0
5, 391, 9
5, 392, 26
5, 393, 0
5, 394, 0
5, 395, 0
5, 396, 0
5, 397, 0
5, 398, 23
5, 399, 27
6, 0, 0
6, 1, 0
6, 2, 19
6, 3, 4
6, 4, 32
6, 5, 47
6, 6, 23
6, 7, 0
6, 8, 0
6, 9, 51
6, 10, 0
6, 11, 0
6, 12, 0
6, 13, 0
6, 14, 0
6, 15, 0
6, 16, 0
6, 17, 19
6, 18, 2
6, 19, 54
6, 20, 8
6, 21, 0
6, 22, 43
6, 23, 0
6, 24, 0
6, 25, 0
6, 26, 26
6, 27, 48
6, 28, 15
6, 29, 0
6, 30, 5
6, 31, 37
6, 32, 0
6, 33, 7
6, 34, 52
6, 35, 40
6, 36, 18
6, 37, 27
6, 38, 0
6, 39, 0
6, 40, 3
6, 41, 0
6, 42, 23
6, 43, 0
6, 44, 16
6, 45, 51
6, 46, 36
6, 47, 0
6, 48, 44
6, 49, 34
6, 50, 13
6, 51, 0
6, 52, 0
6, 53, 50
6, 54, 0
6, 55, 0
6, 56, 0
6, 57, 53
6, 58, 0
6, 59, 0
6, 60, 0
6, 61, 29
6, 62, 0
6, 63, 0
6, 64, 0
6, 65, 0
6, 66, 0
6, 67, 43
6, 68, 0
6, 69, 10
6, 70, 32
6, 71, 35
6, 72, 16
6, 73, 0
6, 74, 0
6, 75, 0
6, 76, 40
6, 77, 0
6, 78, 0
6, 79, 58
6, 80, 0
6, 81, 18
6, 82, 0
6, 83, 19
6, 84, 0
6, 85, 0
6, 86, 9
6, 87, 30
6, 88, 0
6, 89, 0
6, 90, 0
6, 91, 39
6, 92, 40
6, 93, 49
6, 94, 46
6, 95, 0
6, 96, 39
6, 97, 0
6, 98, 0
6, 99, 0
6, 100, 44
6, 101, 0
6, 102, 3
6, 103, 55
6, 104, 0
6, 105, 10
6, 106, 0
6, 107, 0
6, 108, 39
6, 109, 0
6, 110, 41
6, 111, 22
6, 112, 0
6, 113, 0
6, 114, 0
6, 115, 7
6, 116, 0
6, 117, 0
6, 118, 0
6, 119, 0
6, 120, 47
6, 121, 12
6, 122, 52
6, 123, 0
6, 124, 16
6, 125, 0
6, 126, 0
6, 127, 0
6, 128, 32
6, 129, 0
6, 130, 51
6, 131, 41
6, 132, 26
6, 133, 54
6, 134, 0
6, 135, 0
6, 136, 22
6, 137, 34
6, 138, 37
6, 139, 28
6, 140, 0
6, 141, 48
6, 142, 49
6, 143, 0
6, 144, 20
6, 145, 0
6, 146, 50
6, 147, 0
6, 148, 0
6, 149, 17
6, 150, 0
6, 151, 0
6, 152, 38
6, 153, 1
6, 154, 0
6, 155, 53
6, 156, 15
6, 157, 46
6, 158, 27
6, 159, 48
6, 160, 0
6, 161, 0
6, 162, 37
6, 163, 0
6, 164, 43
6, 165, 5
6, 166, 0
6, 167, 13
6, 168, 30
6, 169, 35
6, 170, 0
6, 171, 0
6, 172, 0
6, 173, 0
6, 174, 57
6, 175, 0
6, 176, 0
6, 177, 0
6, 178, 0
6, 179, 0
6, 180, 3
6, 181, 31
6, 182, 17
6, 183, 24
6, 184, 21
6, 185, 0
6, 186, 44
6, 187, 0
6, 188, 35
6, 189, 0
6, 190, 16
6, 191, 0
6, 192, 0
6, 193, 54
6, 194, 0
6, 195, 0
6, 196, 44
6, 197, 0
6, 198, 0
6, 199, 28
6, 200, 0
6, 201, 0
6, 202, 0
6, 203, 0
6, 204, 12
6, 205, 44
6, 206, 19
6, 207, 0
6, 208, 0
6, 209, 52
6, 210, 23
6, 211, 10
6, 212, 0
6, 213, 34
6, 214, 0
6, 215, 0
6, 216, 0
6, 217, 0
6, 218, 0
6, 219, 0
6, 220, 0
6, 221, 0
6, 222, 0
6, 223, 8
6, 224, 6
6, 225, 39
6, 226, 0
6, 227, 0
6, 228, 25
6, 229, 46
6, 230, 0
6, 231, 0
6, 232, 0
6, 233, 48
6, 234, 0
6, 235, 38
6, 236, 21
6, 237, 0
6, 238, 26
6, 239, 47
6, 240, 19
6, 241, 0
6, 242, 44
6, 243, 36
6, 244, 0
6, 245, 0
6, 246, 0
6, 247, 0
6, 248, 50
6, 249, 0
6, 250, 55
6, 251, 0
6, 252, 0
6, 253, 0
6, 254, 51
6, 255, 36
6, 256, 0
6, 257, 0
6, 258, 0
6, 259, 0
6, 260, 0
6, 261, 11
6, 262, 0
6, 263, 0
6, 264, 53
6, 265, 25
6, 266, 0
6, 267, 43
6, 268, 1
6, 269, 0
6, 270, 0
6, 271, 54
6, 272, 43
6, 273, 0
6, 274, 58
6, 275, 0
6, 276, 31
6, 277, 0
6, 278, 0
6, 279, 10
6, 280, 49
6, 281, 20
6, 282, 19
6, 283, 37
6, 284, 0
6, 285, 34
6, 286, 0
6, 287, 0
6, 288, 28
6, 289, 5
6, 290, 0
6, 291, 39
6, 292, 7
6, 293, 15
6, 294, 0
6, 295, 0
6, 296, 0
6, 297, 0
6, 298, 0
6, 299, 3
6, 300, 23
6, 301, 9
6, 302, 0
6, 303, 0
6, 304, 19
6, 305, 30
6, 306, 0
6, 307, 27
6, 308, 0
6, 309, 0
6, 310, 58
6, 311, 4
6, 312, 0
6, 313, 0
6, 314, 44
6, 315, 0
6, 316, 37
6, 317, 0
6, 318, 0
6, 319, 0
6, 320, 0
6, 321, 41
6, 322, 0
6, 323, 26
6, 324, 0
6, 325, 4
6, 326, 40
6, 327, 0
6, 328, 33
6, 329, 0
6, 330, 32
6, 331, 0
6, 332, 31
6, 333, 0
6, 334, 52
6, 335, 13
6, 336, 0
6, 337, 13
6, 338, 0
6, 339, 0
6, 340, 33
6, 341, 0
6, 342, 21
6, 343, 0
6, 344, 57
6, 345, 0
6, 346, 0
6, 347, 0
6, 348, 0
6, 349, 0
6, 350, 9
6, 351, 0
6, 352, 0
6, 353, 43
6, 354, 6
6, 355, 17
6, 356, 40
6, 357, 0
6, 358, 0
6, 359, 0
6, 360, 0
6, 361, 0
6, 362, 47
6, 363, 0
6, 364, 39
6, 365, 0
6, 366, 29
6, 367, 25
6, 368, 0
6, 369, 0
6, 370, 0
6, 371, 0
6, 372, 0
6, 373, 0
6, 374, 0
6, 375, 0
6, 376, 0
6, 377, 0
6, 378, 0
6, 379, 0
6, 380, 37
6, 381, 15
6, 382, 58
6, 383, 0
6, 384, 46
6, 385, 0
6, 386, 0
6, 387, 5
6, 388, 50
6, 389, 51
6, 390, 0
6, 391, 12
6, 392, 5
6, 393, 36
6, 394, 0
6, 395, 13
6, 396, 16
6, 397, 24
6, 398, 23
6, 399, 0
7, 0, 0
7, 1, 0
7, 2, 0
7, 3, 0
7, 4, 43
7, 5, 0
7, 6, 39
7, 7, 12
7, 8, 0
7, 9, 31
7, 10, 0
7, 11, 40
7, 12, 0
7, 13, 0
7, 14, 10
7, 15, 0
7, 16, 0
7, 17, 0
7, 18, 21
7, 19, 0
7, 20, 22
7, 21, 0
7, 22, 52
7, 23, 13
7, 24, 0
7, 25, 0
7, 26, 37
7, 27, 8
7, 28, 39
7, 29, 0
7, 30, 0
7, 31, 0
7, 32, 0
7, 33, 0
7, 34, 0
7, 35, 0
7, 36, 48
7, 37, 0
7, 38, 13
7, 39, 47
7, 40, 0
7, 41, 0
7, 42, 2
7, 43, 46
7, 44, 50
7, 45, 0
7, 46, 0
7, 47, 27
7, 48, 36
7, 49, 0
7, 50, 38
7, 51, 45
7, 52, 53
7, 53, 0
7, 54, 0
7, 55, 0
7, 56, 50
7, 57, 0
7, 58, 20
7, 59, 26
7, 60, 14
7, 61, 0
7, 62, 0
7, 63, 0
7, 64, 0
7, 65, 0
7, 66, 0
7, 67, 0
7, 68, 0
7, 69, 50
7, 70, 25
7, 71, 0
7, 72, 28
7, 73, 14
7, 74, 43
7, 75, 0
7, 76, 40
7, 77, 52
7, 78, 0
7, 79, 23
7, 80, 37
7, 81, 0
7, 82, 44
7, 83, 0
7, 84, 53
7, 85, 50
7, 86, 0
7, 87, 33
7, 88, 55
7, 89, 13
7, 90, 26
7, 91, 21
7, 92, 0
7, 93, 0
7, 94, 43
7, 95, 0
7, 96, 0
7, 97, 49
7, 98, 46
7, 99, 38
7, 100, 0
7, 101, 0
7, 102, 0
7, 103, 30
7, 104, 41
7, 105, 25
7, 106, 0
7, 107, 0
7, 108, 0
7, 109, 54
7, 110, 0
7, 111, 0
7, 112, 3
7, 113, 0
7, 114, 0
7, 115, 9
7, 116, 0
7, 117, 6
7, 118, 0
7, 119, 0
7, 120, 0
7, 121, 37
7, 122, 0
7, 123, 0
7, 124, 0
7, 125, 18
7, 126, 44
7, 127, 28
7, 128, 48
7, 129, 0
7, 130, 19
7, 131, 0
7, 132, 30
7, 133, 46
7, 134, 51
7, 135, 0
7, 136, 0
7, 137, 0
7, 138, 45
7, 139, 29
7, 140, 0
7, 141, 0
7, 142, 0
7, 143, 0
7, 144, 27
7, 145, 0
7, 146, 0
7, 147, 0
7, 148, 0
7, 149, 0
7, 150, 0
7, 151, 8
7, 152, 51
7, 153, 0
7, 154, 0
7, 155, 0
7, 156, 0
7, 157, 55
7, 158, 22
7, 159, 30
7, 160, 0
7, 161, 0
7, 162, 0
7, 163, 0
7, 164, 44
7, 165, 0
7, 166, 0
7, 167, 0
7, 168, 0
7, 169, 10
7, 170, 0
7, 171, 20
7, 172, 35
7, 173, 32
7, 174, 0
7, 175, 0
7, 176, 33
7, 177, 0
7, 178, 0
7, 179, 0
7, 180, 47
7, 181, 0
7, 182, 7
7, 183, 0
7, 184, 12
7, 185, 46
7, 186, 5
7, 187, 0
7, 188, 19
7, 189, 0
7, 190, 25
7, 191, 33
7, 192, 0
7, 193, 53
7, 194, 35
7, 195, 0
7, 196, 23
7, 197, 0
7, 198, 55
7, 199, 36
7, 200, 0
7, 201, 31
7, 202, 0
7, 203, 20
7, 204, 50
7, 205, 0
7, 206, 0
7, 207, 0
7, 208, 43
7, 209, 0
7, 210, 23
7, 211, 6
7, 212, 0
7, 213, 0
7, 214, 14
7, 215, 47
7, 216, 0
7, 217, 0
7, 218, 50
7, 219, 46
7, 220, 50
7, 221, 49
7, 222, 0
7, 223, 0
7, 224, 18
7, 225, 0
7, 226, 0
7, 227, 54
7, 228, 0
7, 229, 0
7, 230, 37
7, 231, 48
7, 232, 0
7, 233, 24
7, 234, 0
7, 235, 0
7, 236, 4
7, 237, 12
7, 238, 41
7, 239, 0
7, 240, 0
7, 241, 0
7, 242, 38
7, 243, 44
7, 244, 42
7, 245, 0
7, 246, 52
7, 247, 0
7, 248, 0
7, 249, 0
7, 250, 16
7, 251, 0
7, 252, 0
7, 253, 0
7, 254, 22
7, 255, 40
7, 256, 0
7, 257, 15
7, 258, 21
7, 259, 0
7, 260, 0
7, 261, 27
7, 262, 0
7, 263, 55
7, 264, 50
7, 265, 23
7, 266, 0
7, 267, 0
7, 268, 0
7, 269, 0
7, 270, 45
7, 271, 36
7, 272, 0
7, 273, 0
7, 274, 29
7, 275, 0
7, 276, 29
7, 277, 21
7, 278, 35
7, 279, 0
7, 280, 32
7, 281, 0
7, 282, 46
7, 283, 0
7, 284, 0
7, 285, 6
7, 286, 9
7, 287, 0
7, 288, 1
7, 289, 0
7, 290, 33
7, 291, 49
7, 292, 0
7, 293, 29
7, 294, 0
7, 295, 38
7, 296, 0
7, 297, 7
7, 298, 0
7, 299, 0
7, 300, 44
7, 301, 0
7, 302, 0
7, 303, 0
7, 304, 25
7, 305, 3
7, 306, 0
7, 307, 20
7, 308, 0
7, 309, 0
7, 310, 35
7, 311, 14
7, 312, 0
7, 313, 48
7, 314, 0
7, 315, 8
7, 316, 0
7, 317, 0
7, 318, 0
7, 319, 51
7, 320, 55
7, 321, 0
7, 322, 53
7, 323, 26
7, 324, 25
7, 325, 16
7, 326, 23
7, 327, 44
7, 328, 52
7, 329, 35
7, 330, 0
7, 331, 47
7, 332, 0
7, 333, 37
7, 334, 0
7, 335, 0
7, 336, 6
7, 337, 0
7, 338, 20
7, 339, 0
7, 340, 0
7, 341, 32
7, 342, 5
7, 343, 0
7, 344, 37
7, 345, 44
7, 346, 0
7, 347, 50
7, 348, 0
7, 349, 0
7, 350, 0
7, 351, 0
7, 352, 0
7, 353, 0
7, 354, 0
7, 355, 36
7, 356, 46
7, 357, 0
7, 358, 10
7, 359, 0
7, 360, 14
7, 361, 0
7, 362, 0
7, 363, 7
7, 364, 0
7, 365, 30
7, 366, 0
7, 367, 30
7, 368, 32
7, 369, 0
7, 370, 0
7, 371, 0
7, 372, 16
7, 373, 38
7, 374, 13
7, 375, 32
7, 376, 31
7, 377, 0
7, 378, 45
7, 379, 0
7, 380, 0
7, 381, 0
7, 382, 0
7, 383, 37
7, 384, 0
7, 385, 0
7, 386, 2
7, 387, 26
7, 388, 0
7, 389, 6
7, 390, 0
7, 391, 0
7, 392, 54
7, 393, 13
7, 394, 7
7, 395, 48
7, 396, 1
7, 397, 40
7, 398, 44
7, 399, 0
8, 0, 0
8, 1, 0
8, 2, 0
8, 3, 0
8, 4, 51
8, 5, 47
8, 6, 0
8, 7, 33
8, 8, 0
8, 9, 15
8, 10, 30
8, 11, 34
8, 12, 38
8, 13, 50
8, 14, 45
8, 15, 21
8, 16, 37
8, 17, 0
8, 18, 51
8, 19, 0
8, 20, 34
8, 21, 5
8, 22, 22
8, 23, 32
8, 24, 0
8, 25, 0
8, 26, 0
8, 27, 0
8, 28, 17
8, 29, 21
8, 30, 0
8, 31, 1
8, 32, 0
8, 33, 0
8, 34, 0
8, 35, 0
8, 36, 0
8, 37, 29
8, 38, 6
8, 39, 0
8, 40, 0
8, 41, 0
8, 42, 28
8, 43, 42
8, 44, 9
8, 45, 0
8, 46, 0
8, 47, 0
8, 48, 0
8, 49, 0
8, 50, 0
8, 51, 0
8, 52, 19
8, 53, 0
8, 54, 38
8, 55, 41
8, 56, 0
8, 57, 0
8, 58, 0
8, 59, 0
8, 60, 33
8, 61, 46
8, 62, 0
8, 63, 39
8, 64, 0
8, 65, 0
8, 66, 37
8, 67, 0
8, 68, 7
8, 69, 0
8, 70, 37
8, 71, 18
8, 72, 0
8, 73, 0
8, 74, 0
8, 75, 3
8, 76, 4
8, 77, 0
8, 78, 0
8, 79, 49
8, 80, 16
8, 81, 0
8, 82, 0
8, 83, 0
8, 84, 38
8, 85, 0
8, 86, 52
8, 87, 0
8, 88, 0
8, 89, 0
8, 90, 0
8, 91, 45
8, 92, 0
8, 93, 0
8, 94, 0
8, 95, 0
8, 96, 0
8, 97, 35
8, 98, 12
8, 99, 32
8, 100, 0
8, 101, 0
8, 102, 0
8, 103, 48
8, 104, 44
8, 105, 34
8, 106, 42
8, 107, 50
8, 108, 43
8, 109, 0
8, 110, 13
8, 111, 27
8, 112, 0
8, 113, 0
8, 114, 0
8, 115, 0
8, 116, 0
8, 117, 42
8, 118, 39
8, 119, 0
8, 120, 17
8, 121, 0
8, 122, 54
8, 123, 0
8, 124, 0
8, 125, 48
8, 126, 15
8, 127, 0
8, 128, 0
8, 129, 34
8, 130, 0
8, 131, 22
8, 132, 0
8, 133, 0
8, 134, 0
8, 135, 17
8, 136, 19
8, 137, 33
8, 138, 0
8, 139, 0
8, 140, 21
8, 141, 0
8, 142, 0
8, 143, 9
8, 144, 0
8, 145, 25
8, 146, 0
8, 147, 52
8, 148, 18
8, 149, 0
8, 150, 41
8, 151, 47
8, 152, 41
8, 153, 0
8, 154, 37
8, 155, 28
8, 156, 0
8, 157, 34
8, 158, 0
8, 159, 21
8, 160, 0
8, 161, 0
8, 162, 0
8, 163, 45
8, 164, 0
8, 165, 0
8, 166, 19
8, 167, 0
8, 168, 36
8, 169, 47
8, 170, 9
8, 171, 0
8, 172, 27
8, 173, 0
8, 174, 4
8, 175, 0
8, 176, 0
8, 177, 49
8, 178, 44
8, 179, 9
8, 180, 0
8, 181, 54
8, 182, 39
8, 183, 0
8, 184, 13
8, 185, 0
8, 186, 0
8, 187, 10
8, 188, 39
8, 189, 1
8, 190, 0
8, 191, 0
8, 192, 14
8, 193, 0
8, 194, 38
8, 195, 4
8, 196, 20
8, 197, 32
8, 198, 0
8, 199, 27
8, 200, 0
8, 201, 7
8, 202, 0
8, 203, 0
8, 204, 56
8, 205, 0
8, 206, 38
8, 207, 0
8, 208, 0
8, 209, 0
8, 210, 0
8, 211, 21
8, 212, 0
8, 213, 48
8, 214, 39
8, 215, 16
8, 216, 0
8, 217, 0
8, 218, 50
8, 219, 0
8, 220, 50
8, 221, 0
8, 222, 0
8, 223, 0
8, 224, 46
8, 225, 0
8, 226, 0
8, 227, 0
8, 228, 28
8, 229, 0
8, 230, 42
8, 231, 0
8, 232, 0
8, 233, 12
8, 234, 0
8, 235, 0
8, 236, 6
8, 237, 0
8, 238, 2
8, 239, 13
8, 240, 0
8, 241, 0
8, 242, 17
8, 243, 53
8, 244, 0
8, 245, 0
8, 246, 9
8, 247, 0
8, 248, 0
8, 249, 52
8, 250, 18
8, 251, 51
8, 252, 0
8, 253, 31
8, 254, 0
8, 255, 34
8, 256, 41
8, 257, 0
8, 258, 52
8, 259, 0
8, 260, 1
8, 261, 0
8, 262, 16
8, 263, 0
8, 264, 0
8, 265, 0
8, 266, 0
8, 267, 0
8, 268, 0
8, 269, 0
8, 270, 14
8, 271, 0
8, 272, 0
8, 273, 0
8, 274, 0
8, 275, 37
8, 276, 44
8, 277, 0
8, 278, 22
8, 279, 48
8, 280, 0
8, 281, 0
8, 282, 25
8, 283, 0
8, 284, 54
8, 285, 0
8, 286, 0
8, 287, 0
8, 288, 0
8, 289, 0
8, 290, 0
8, 291, 0
8, 292, 0
8, 293, 24
8, 294, 31
8, 295, 32
8, 296, 0
8, 297, 0
8, 298, 45
8, 299, 39
8, 300, 53
8, 301, 2
8, 302, 38
8, 303, 0
8, 304, 41
8, 305, 0
8, 306, 7
8, 307, 8
8, 308, 50
8, 309, 0
8, 310, 0
8, 311, 0
8, 312, 49
8, 313, 34
8, 314, 43
8, 315, 45
8, 316, 0
8, 317, 0
8, 318, 56
8, 319, 0
8, 320, 0
8, 321, 0
8, 322, 0
8, 323, 0
8, 324, 0
8, 325, 40
8, 326, 0
8, 327, 0
8, 328, 0
8, 329, 7
8, 330, 0
8, 331, 32
8, 332, 36
8, 333, 0
8, 334, 39
8, 335, 19
8, 336, 0
8, 337, 51
8, 338, 8
8, 339, 44
8, 340, 0
8, 341, 0
8, 342, 8
8, 343, 19
8, 344, 11
8, 345, 30
8, 346, 12
8, 347, 0
8, 348, 0
8, 349, 29
8, 350, 0
8, 351, 0
8, 352, 28
8, 353, 25
8, 354, 6
8, 355, 0
8, 356, 0
8, 357, 0
8, 358, 56
8, 359, 0
8, 360, 0
8, 361, 49
8, 362, 35
8, 363, 0
8, 364, 33
8, 365, 0
8, 366, 0
8, 367, 0
8, 368, 52
8, 369, 0
8, 370, 0
8, 371, 18
8, 372, 0
8, 373, 0
8, 374, 0
8, 375, 0
8, 376, 0
8, 377, 0
8, 378, 0
8, 379, 8
8, 380, 0
8, 381, 0
8, 382, 4
8, 383, 0
8, 384, 51
8, 385, 0
8, 386, 0
8, 387, 0
8, 388, 10
8, 389, 0
8, 390, 0
8, 391, 0
8, 392, 13
8, 393, 0
8, 394, 0
8, 395, 45
8, 396, 0
8, 397, 23
8, 398, 47
8, 399, 28
9, 0, 0
9, 1, 0
9, 2, 10
9, 3, 0
9, 4, 11
9, 5, 5
9, 6, 0
9, 7, 22
9, 8, 0
9, 9, 55
9, 10, 0
9, 11, 0
9, 12, 0
9, 13, 0
9, 14, 0
9, 15, 0
9, 16, 0
9, 17, 0
9, 18, 0
9, 19, 0
9, 20, 0
9, 21, 43
9, 22, 46
9, 23, 0
9, 24, 0
9, 25, 3
9, 26, 45
9, 27, 0
9, 28, 25
9, 29, 35
9, 30, 0
9, 31, 0
9, 32, 0
9, 33, 47
9, 34, 12
9, 35, 0
9, 36, 0
9, 37, 0
9, 38, 0
9, 39, 0
9, 40, 0
9, 41, 36
9, 42, 42
9, 43, 0
9, 44, 0
9, 45, 0
9, 46, 0
9, 47, 50
9, 48, 33
9, 49, 0
9, 50, 24
9, 51, 40
9, 52, 0
9, 53, 4
9, 54, 0
9, 55, 0
9, 56, 0
9, 57, 39
9, 58, 54
9, 59, 0
9, 60, 41
9, 61, 45
9, 62, 43
9, 63, 31
9, 64, 56
9, 65, 44
9, 66, 0
9, 67, 11
9, 68, 13
9, 69, 0
9, 70, 33
9, 71, 0
9, 72, 22
9, 73, 15
9, 74, 0
9, 75, 0
9, 76, 0
9, 77, 56
9, 78, 0
9, 79, 0
9, 80, 0
9, 81, 0
9, 82, 0
9, 83, 28
9, 84, 0
9, 85, 0
9, 86, 6
9, 87, 35
9, 88, 41
9, 89, 0
9, 90, 18
9, 91, 0
9, 92, 3
9, 93, 36
9, 94, 44
9, 95, 0
9, 96, 43
9, 97, 9
9, 98, 37
9, 99, 31
9, 100, 37
9, 101, 0
9, 102, 0
9, 103, 21
9, 104, 20
9, 105, 0
9, 106, 0
9, 107, 0
9, 108, 0
9, 109, 0
9, 110, 0
9, 111, 3
9, 112, 0
9, 113, 52
9, 114, 0
9, 115, 9
9, 116, 35
9, 117, 53
9, 118, 0
9, 119, 38
9, 120, 54
9, 121, 0
9, 122, 18
9, 123, 46
9, 124, 51
9, 125, 0
9, 126, 30
9, 127, 0
9, 128, 41
9, 129, 0
9, 130, 16
9, 131, 0
9, 132, 47
9, 133, 0
9, 134, 55
9, 135, 0
9, 136, 0
9, 137, 0
9, 138, 0
9, 139, 0
9, 140, 14
9, 141, 36
9, 142, 4
9, 143, 40
9, 144, 33
9, 145, 1
9, 146, 0
9, 147, 0
9, 148, 15
9, 149, 0
9, 150, 46
9, 151, 56
9, 152, 0
9, 153, 0
9, 154, 0
9, 155, 0
9, 156, 0
9, 157, 0
9, 158, 0
9, 159, 0
9, 160, 19
9, 161, 0
9, 162, 45
9, 163, 0
9, 164, 5
9, 165, 13
9, 166, 0
9, 167, 40
9, 168, 0
9, 169, 0
9, 170, 23
9, 171, 0
9, 172, 44
9, 173, 55
9, 174, 0
9, 175, 35
9, 176, 0
9, 177, 14
9, 178, 0
9, 179, 50
9, 180, 0
9, 181, 0
9, 182, 31
9, 183, 0
9, 184, 0
9, 185, 0
9, 186, 0
9, 187, 37
9, 188, 26
9, 189, 0
9, 190, 0
9, 191, 50
9, 192, 0
9, 193, 48
9, 194, 0
9, 195, 0
9, 196, 0
9, 197, 37
9, 198, 42
9, 199, 47
9, 200, 12
9, 201, 36
9, 202, 6
9, 203, 0
9, 204, 43
9, 205, 0
9, 206, 26
9, 207, 7
9, 208, 0
9, 209, 0
9, 210, 53
9, 211, 0
9, 212, 0
9, 213, 52
9, 214, 0
9, 215, 32
9, 216, 4
9, 217, 56
9, 218, 0
9, 219, 0
9, 220, 18
9, 221, 0
9, 222, 10
9, 223, 33
9, 224, 20
9, 225, 39
9, 226, 20
9, 227, 0
9, 228, 0
9, 229, 0
9, 230, 19
9, 231, 0
9, 232, 39
9, 233, 0
9, 234, 0
9, 235, 55
9, 236, 0
9, 237, 0
9, 238, 40
9, 239, 0
9, 240, 34
9, 241, 46
9, 242, 0
9, 243, 0
9, 244, 0
9, 245, 9
9, 246, 0
9, 247, 0
9, 248, 23
9, 249, 28
9, 250, 44
9, 251, 0
9, 252, 0
9, 253, 46
9, 254, 0
9, 255, 41
9, 256, 52
9, 257, 0
9, 258, 16
9, 259, 0
9, 260, 0
9, 261, 0
9, 262, 33
9, 263, 0
9, 264, 0
9, 265, 21
9, 266, 0
9, 267, 0
9, 268, 8
9, 269, 0
9, 270, 0
9, 271, 0
9, 272, 0
9, 273, 0
9, 274, 53
9, 275, 0
9, 276, 44
9, 277, 28
9, 278, 0
9, 279, 7
9, 280, 0
9, 281, 0
9, 282, 0
9, 283, 0
9, 284, 0
9, 285, 0
9, 286, 0
9, 287, 0
9, 288, 0
9, 289, 0
9, 290, 12
9, 291, 5
9, 292, 0
9, 293, 20
9, 294, 0
9, 295, 3
9, 296, 16
9, 297, 35
9, 298, 0
9, 299, 48
9, 300, 15
9, 301, 0
9, 302, 29
9, 303, 48
9, 304, 31
9, 305, 0
9, 306, 10
9, 307, 0
9, 308, 0
9, 309, 2
9, 310, 0
9, 311, 0
9, 312, 32
9, 313, 56
9, 314, 0
9, 315, 0
9, 316, 19
9, 317, 0
9, 318, 0
9, 319, 13
9, 320, 55
9, 321, 0
9, 322, 0
9, 323, 0
9, 324, 15
9, 325, 0
9, 326, 0
9, 327, 34
9, 328, 0
9, 329, 42
9, 330, 37
9, 331, 0
9, 332, 0
9, 333, 0
9, 334, 0
9, 335, 0
9, 336, 0
9, 337, 0
9, 338, 0
9, 339, 25
9, 340, 0
9, 341, 0
9, 342, 0
9, 343, 0
9, 344, 0
9, 345, 50
9, 346, 0
9, 347, 0
9, 348, 0
9, 349, 0
9, 350, 0
9, 351, 39
9, 352, 0
9, 353, 0
9, 354, 0
9, 355, 0
9, 356, 41
9, 357, 33
9, 358, 4
9, 359, 0
9, 360, 0
9, 361, 0
9, 362, 0
9, 363, 9
9, 364, 0
9, 365, 0
9, 366, 19
9, 367, 0
9, 368, 0
9, 369, 47
9, 370, 10
9, 371, 0
9, 372, 0
9, 373, 17
9, 374, 55
9, 375, 30
9, 376, 0
9, 377, 44
9, 378, 35
9, 379, 0
9, 380, 0
9, 381, 46
9, 382, 0
9, 383, 12
9, 384, 0
9, 385, 0
9, 386, 50
9, 387, 0
9, 388, 0
9, 389, 40
9, 390, 36
9, 391, 0
9, 392, 0
9, 393, 0
9, 394, 0
9, 395, 0
9, 396, 0
9, 397, 39
9, 398, 0
9, 399, 0
10, 0, 0
10, 1, 0
10, 2, 53
10, 3, 0
10, 4, 43
10, 5, 0
10, 6, 0
10, 7, 28
10, 8, 0
10, 9, 0
10, 10, 50
10, 11, 0
10, 12, 0
10, 13, 6
10, 14, 2
10, 15, 40
10, 16, 46
10, 17, 37
10, 18, 31
10, 19, 38
10, 20, 0
10, 21, 0
10, 22, 0
10, 23, 16
10, 24, 25
10, 25, 0
10, 26, 14
10, 27, 18
10, 28, 15
10, 29, 49
10, 30, 3
10, 31, 17
10, 32, 24
10, 33, 0
10, 34, 0
10, 35, 35
10, 36, 41
10, 37, 0
10, 38, 27
10, 39, 0
10, 40, 0
10, 41, 36
10, 42, 44
10, 43, 0
10, 44, 0
10, 45, 0
10, 46, 15
10, 47, 0
10, 48, 0
10, 49, 0
10, 50, 0
10, 51, 17
10, 52, 31
10, 53, 0
10, 54, 19
10, 55, 22
10, 56, 51
10, 57, 55
10, 58, 33
10, 59, 0
10, 60, 0
10, 61, 0
10, 62, 53
10, 63, 28
10, 64, 0
10, 65, 34
10, 66, 0
10, 67, 0
10, 68, 2
10, 69, 11
10, 70, 47
10, 71, 13
10, 72, 0
10, 73, 38
10, 74, 0
10, 75, 0
10, 76, 0
10, 77, 0
10, 78, 6
10, 79, 18
10, 80, 39
10, 81, 0
10, 82, 0
10, 83, 47
10, 84, 32
10, 85, 0
10, 86, 0
10, 87, 0
10, 88, 45
10, 89, 0
10, 90, 0
10, 91, 42
10, 92, 28
10, 93, 1
10, 94, 49
10, 95, 27
10, 96, 36
10, 97, 0
10, 98, 0
10, 99, 10
10, 100, 0
10, 101, 28
10, 102, 0
10, 103, 48
10, 104, 0
10, 105, 37
10, 106, 19
10, 107, 0
10, 108, 0
10, 109, 26
10, 110, 18
10, 111, 0
10, 112, 0
10, 113, 0
10, 114, 0
10, 115, 0
10, 116, 30
10, 117, 46
10, 118, 7
10, 119, 3
10, 120, 0
10, 121, 50
10, 122, 20
10, 123, 29
10, 124, 31
10, 125, 1
10, 126, 0
10, 127, 13
10, 128, 50
10, 129, 0
10, 130, 33
10, 131, 0
10, 132, 0
10, 133, 37
10, 134, 42
10, 135, 0
10, 136, 0
10, 137, 34
10, 138, 17
10, 139, 48
10, 140, 0
10, 141, 55
10, 142, 29
10, 143, 21
10, 144, 38
10, 145, 0
10, 146, 38
10, 147, 0
10, 148, 0
10, 149, 37
10, 150, 0
10, 151, 0
10, 152, 0
10, 153, 40
10, 154, 0
10, 155, 0
10, 156, 0
10, 157, 26
10, 158, 0
10, 159, 0
10, 160, 0
10, 161, 45
10, 162, 36
10, 163, 0
10, 164, 0
10, 165, 0
10, 166, 2
10, 167, 0
10, 168, 40
10, 169, 0
10, 170, 9
10, 171, 19
10, 172, 0
10, 173, 0
10, 174, 12
10, 175, 0
10, 176, 5
10, 177, 43
10, 178, 53
10, 179, 20
10, 180, 3
10, 181, 32
10, 182, 1
10, 183, 21
10, 184, 51
10, 185, 47
10, 186, 0
10, 187, 0
10, 188, 0
10, 189, 46
10, 190, 16
10, 191, 34
10, 192, 0
10, 193, 0
10, 194, 0
10, 195, 0
10, 196, 0
10, 197, 7
10, 198, 0
10, 199, 30
10, 200, 21
10, 201, 14
10, 202, 0
10, 203, 0
10, 204, 44
10, 205, 45
10, 206, 32
10, 207, 51
10, 208, 0
10, 209, 0
10, 210, 0
10, 211, 0
10, 212, 2
10, 213, 33
10, 214, 49
10, 215, 0
10, 216, 37
10, 217, 0
10, 218, 0
10, 219, 0
10, 220, 0
10, 221, 0
10, 222, 27
10, 223, 0
10, 224, 0
10, 225, 35
10, 226, 28
10, 227, 0
10, 228, 12
10, 229, 0
10, 230, 0
10, 231, 49
10, 232, 22
10, 233, 35
10, 234, 19
10, 235, 0
10, 236, 0
10, 237, 0
10, 238, 15
10, 239, 48
10, 240, 29
10, 241, 0
10, 242, 51
10, 243, 0
10, 244, 42
10, 245, 31
10, 246, 0
10, 247, 20
10, 248, 31
10, 249, 0
10, 250, 0
10, 251, 43
10, 252, 0
10, 253, 20
10, 254, 0
10, 255, 6
10, 256, 0
10, 257, 25
10, 258, 53
10, 259, 0
10, 260, 0
10, 261, 3
10, 262, 50
10, 263, 0
10, 264, 9
10, 265, 36
10, 266, 0
10, 267, 0
10, 268, 0
10, 269, 0
10, 270, 43
10, 271, 0
10, 272, 40
10, 273, 0
10, 274, 0
10, 275, 32
10, 276, 0
10, 277, 0
10, 278, 0
10, 279, 26
10, 280, 0
10, 281, 0
10, 282, 0
10, 283, 47
10, 284, 0
10, 285, 0
10, 286, 0
10, 287, 1
10, 288, 0
10, 289, 0
10, 290, 0
10, 291, 34
10, 292, 0
10, 293, 38
10, 294, 0
10, 295, 46
10, 296, 38
10, 297, 0
10, 298, 0
10, 299, 0
10, 300, 0
10, 301, 0
10, 302, 0
10, 303, 36
10, 304, 0
10, 305, 0
10, 306, 0
10, 307, 0
10, 308, 9
10, 309, 17
10, 310, 0
10, 311, 7
10, 312, 0
10, 313, 0
10, 314, 0
10, 315, 27
10, 316, 37
10, 317, 0
10, 318, 32
10, 319, 0
10, 320, 0
10, 321, 49
10, 322, 0
10, 323, 0
10, 324, 0
10, 325, 30
10, 326, 0
10, 327, 0
10, 328, 11
10, 329, 24
10, 330, 0
10, 331, 5
10, 332, 0
10, 333, 0
10, 334, 0
10, 335, 13
10, 336, 0
10, 337, 30
10, 338, 53
10, 339, 20
10, 340, 31
10, 341, 0
10, 342, 34
10, 343, 16
10, 344, 0
10, 345, 0
10, 346, 0
10, 347, 37
10, 348, 0
10, 349, 0
10, 350, 0
10, 351, 0
10, 352, 50
10, 353, 29
10, 354, 44
10, 355, 0
10, 356, 0
10, 357, 0
10, 358, 0
10, 359, 0
10, 360, 0
10, 361, 19
10, 362, 0
10, 363, 0
10, 364, 32
10, 365, 0
10, 366, 0
10, 367, 49
10, 368, 9
10, 369, 25
10, 370, 0
10, 371, 3
10, 372, 0
10, 373, 49
10, 374, 0
10, 375, 0
10, 376, 50
10, 377, 35
10, 378, 18
10, 379, 0
10, 380, 53
10, 381, 0
10, 382, 12
10, 383, 0
10, 384, 36
10, 385, 45
10, 386, 0
10, 387, 0
10, 388, 11
10, 389, 0
10, 390, 0
10, 391, 46
10, 392, 0
10, 393, 0
10, 394, 34
10, 395, 0
10, 396, 0
10, 397, 51
10, 398, 0
10, 399, 26
11, 0, 0
11, 1, 0
11, 2, 0
11, 3, 21
11, 4, 0
11, 5, 0
11, 6, 39
11, 7, 58
11, 8, 3
11, 9, 19
11, 10, 0
11, 11, 0
11, 12, 0
11, 13, 0
11, 14, 0
11, 15, 0
11, 16, 37
11, 17, 46
11, 18, 0
11, 19, 0
11, 20, 0
11, 21, 36
11, 22, 18
11, 23, 2
11, 24, 20
11, 25, 0
11, 26, 29
11, 27, 0
11, 28, 0
11, 29, 0
11, 30, 0
11, 31, 0
11, 32, 0
11, 33, 0
11, 34, 54
11, 35, 15
11, 36, 13
11, 37, 0
11, 38, 0
11, 39, 0
11, 40, 0
11, 41, 0
11, 42, 32
11, 43, 0
11, 44, 0
11, 45, 0
11, 46, 0
11, 47, 0
11, 48, 41
11, 49, 0
11, 50, 0
11, 51, 0
11, 52, 15
11, 53, 0
11, 54, 10
11, 55, 0
11, 56, 58
11, 57, 25
11, 58, 14
11, 59, 0
11, 60, 15
11, 61, 0
11, 62, 0
11, 63, 30
11, 64, 0
11, 65, 0
11, 66, 40
11, 67, 0
11, 68, 0
11, 69, 0
11, 70, 31
11, 71, 0
11, 72, 0
11, 73, 19
11, 74, 0
11, 75, 27
11, 76, 0
11, 77, 2
11, 78, 0
11, 79, 0
11, 80, 46
11, 81, 4
11, 82, 0
11, 83, 0
11, 84, 42
11, 85, 0
11, 86, 0
11, 87, 28
11, 88, 33
11, 89, 52
11, 90, 0
11, 91, 0
11, 92, 0
11, 93, 0
11, 94, 0
11, 95, 0
11, 96, 0
11, 97, 0
11, 98, 0
11, 99, 0
11, 100, 0
11, 101, 0
11, 102, 6
11, 103, 0
11, 104, 0
11, 105, 0
11, 106, 36
11, 107, 29
11, 108, 0
11, 109, 47
11, 110, 38
11, 111, 0
11, 112, 0
11, 113, 0
11, 114, 0
11, 115, 48
11, 116, 0
11, 117, 0
11, 118, 0
11, 119, 0
11, 120, 53
11, 121, 19
11, 122, 0
11, 123, 43
11, 124, 39
11, 125, 0
11, 126, 0
11, 127, 11
11, 128, 0
11, 129, 0
11, 130, 24
11, 131, 0
11, 132, 7
11, 133, 0
11, 134, 0
11, 135, 0
11, 136, 12
11, 137, 0
11, 138, 0
11, 139, 0
11, 140, 21
11, 141, 12
11, 142, 14
11, 143, 0
11, 144, 0
11, 145, 0
11, 146, 41
11, 147, 52
11, 148, 0
11, 149, 0
11, 150, 20
11, 151, 0
11, 152, 0
11, 153, 18
11, 154, 27
11, 155, 0
11, 156, 44
11, 157, 0
11, 158, 0
11, 159, 40
11, 160, 0
11, 161, 0
11, 162, 0
11, 163, 54
11, 164, 27
11, 165, 0
11, 166, 8
11, 167, 0
11, 168, 0
11, 169, 51
11, 170, 4
11, 171, 0
11, 172, 46
11, 173, 0
11, 174, 33
11, 175, 0
11, 176, 48
11, 177, 0
11, 178, 0
11, 179, 11
11, 180, 0
11, 181, 36
11, 182, 15
11, 183, 7
11, 184, 18
11, 185, 13
11, 186, 45
11, 187, 53
11, 188, 0
11, 189, 0
11, 190, 0
11, 191, 37
11, 192, 0
11, 193, 30
11, 194, 0
11, 195, 0
11, 196, 0
11, 197, 0
11, 198, 0
11, 199, 0
11, 200, 45
11, 201, 0
11, 202, 31
11, 203, 0
11, 204, 0
11, 205, 0
11, 206, 0
11, 207, 0
11, 208, 17
11, 209, 0
11, 210, 47
11, 211, 63
11, 212, 6
11, 213, 0
11, 214, 0
11, 215, 0
11, 216, 0
11, 217, 0
11, 218, 40
11, 219, 9
11, 220, 10
11, 221, 0
11, 222, 0
11, 223, 48
11, 224, 0
11, 225, 34
11, 226, 0
11, 227, 15
11, 228, 29
11, 229, 3
11, 230, 0
11, 231, 58
11, 232, 0
11, 233, 0
11, 234, 24
11, 235, 23
11, 236, 0
11, 237, 0
11, 238, 13
11, 239, 0
11, 240, 0
11, 241, 10
11, 242, 0
11, 243, 52
11, 244, 46
11, 245, 35
11, 246, 0
11, 247, 0
11, 248, 50
11, 249, 0
11, 250, 0
11, 251, 0
11, 252, 41
11, 253, 0
11, 254, 0
11, 255, 0
11, 256, 4
11, 257, 51
11, 258, 0
11, 259, 0
11, 260, 0
11, 261, 0
11, 262, 39
11, 263, 16
11, 264, 34
11, 265, 21
11, 266, 42
11, 267, 0
11, 268, 0
11, 269, 0
11, 270, 0
11, 271, 14
11, 272, 0
11, 273, 51
11, 274, 26
11, 275, 4
11, 276, 0
11, 277, 0
11, 278, 38
11, 279, 0
11, 280, 0
11, 281, 0
11, 282, 30
11, 283, 0
11, 284, 33
11, 285, 16
11, 286, 0
11, 287, 0
11, 288, 39
11, 289, 42
11, 290, 12
11, 291, 0
11, 292, 38
11, 293, 18
11, 294, 8
11, 295, 53
11, 296, 32
11, 297, 0
11, 298, 16
11, 299, 0
11, 300, 58
11, 301, 0
11, 302, 43
11, 303, 37
11, 304, 0
11, 305, 0
11, 306, 39
11, 307, 0
11, 308, 0
11, 309, 36
11, 310, 0
11, 311, 0
11, 312, 0
11, 313, 0
11, 314, 0
11, 315, 0
11, 316, 0
11, 317, 54
11, 318, 0
11, 319, 0
11, 320, 0
11, 321, 0
11, 322, 48
11, 323, 0
11, 324, 0
11, 325, 0
11, 326, 32
11, 327, 44
11, 328, 0
11, 329, 27
11, 330, 40
11, 331, 52
11, 332, 0
11, 333, 0
11, 334, 0
11, 335, 29
11, 336, 0
11, 337, 0
11, 338, 0
11, 339, 0
11, 340, 0
11, 341, 0
11, 342, 2
11, 343, 0
11, 344, 0
11, 345, 0
11, 346, 0
11, 347, 49
11, 348, 0
11, 349, 0
11, 350, 0
11, 351, 32
11, 352, 34
11, 353, 48
11, 354, 9
11, 355, 28
11, 356, 0
11, 357, 33
11, 358, 0
11, 359, 0
11, 360, 42
11, 361, 0
11, 362, 0
11, 363, 0
11, 364, 0
11, 365, 50
11, 366, 0
11, 367, 49
11, 368, 54
11, 369, 39
11, 370, 28
11, 371, 0
11, 372, 0
11, 373, 0
11, 374, 46
11, 375, 0
11, 376, 0
11, 377, 0
11, 378, 0
11, 379, 0
11, 380, 0
11, 381, 30
11, 382, 0
11, 383, 7
11, 384, 0
11, 385, 0
11, 386, 50
11, 387, 37
11, 388, 0
11, 389, 0
11, 390, 6
11, 391, 22
11, 392, 0
11, 393, 52
11, 394, 4
11, 395, 27
11, 396, 17
11, 397, 40
11, 398, 0
11, 399, 0
12, 0, 0
12, 1, 0
12, 2, 0
12, 3, 0
12, 4, 38
12, 5, 0
12, 6, 6
12, 7, 50
12, 8, 46
12, 9, 31
12, 10, 5
12, 11, 0
12, 12, 41
12, 13, 0
12, 14, 54
12, 15, 0
12, 16, 33
12, 17, 0
12, 18, 50
12, 19, 0
12, 20, 39
12, 21, 0
12, 22, 36
12, 23, 34
12, 24, 7
12, 25, 51
12, 26, 0
12, 27, 0
12, 28, 0
12, 29, 0
12, 30, 0
12, 31, 0
12, 32, 0
12, 33, 6
12, 34, 0
12, 35, 13
12, 36, 0
12, 37, 18
12, 38, 54
12, 39, 30
12, 40, 0
12, 41, 35
12, 42, 0
12, 43, 7
12, 44, 0
12, 45, 9
12, 46, 0
12, 47, 0
12, 48, 21
12, 49, 1
12, 50, 0
12, 51, 0
12, 52, 20
12, 53, 0
12, 54, 0
12, 55, 31
12, 56, 26
12, 57, 54
12, 58, 19
12, 59, 0
12, 60, 34
12, 61, 5
12, 62, 26
12, 63, 47
12, 64, 23
12, 65, 22
12, 66, 0
12, 67, 0
12, 68, 2
12, 69, 14
12, 70, 3
12, 71, 0
12, 72, 19
12, 73, 0
12, 74, 18
12, 75, 0
12, 76, 36
12, 77, 0
12, 78, 0
12, 79, 0
12, 80, 0
12, 81, 0
12, 82, 0
12, 83, 0
12, 84, 0
12, 85, 38
12, 86, 0
12, 87, 41
12, 88, 0
12, 89, 30
12, 90, 0
12, 91, 12
12, 92, 40
12, 93, 11
12, 94, 43
12, 95, 58
12, 96, 39
12, 97, 53
12, 98, 0
12, 99, 18
12, 100, 50
12, 101, 37
12, 102, 0
12, 103, 0
12, 104, 0
12, 105, 0
12, 106, 0
12, 107, 21
12, 108, 0
12, 109, 7
12, 110, 0
12, 111, 0
12, 112, 6
12, 113, 39
12, 114, 33
12, 115, 52
12, 116, 0
12, 117, 0
12, 118, 0
12, 119, 49
12, 120, 16
12, 121, 9
12, 122, 0
12, 123, 0
12, 124, 0
12, 125, 0
12, 126, 0
12, 127, 0
12, 128, 0
12, 129, 0
12, 130, 0
12, 131, 0
12, 132, 36
12, 133, 0
12, 134, 35
12, 135, 0
12, 136, 1
12, 137, 15
12, 138, 0
12, 139, 3
12, 140, 0
12, 141, 25
12, 142, 0
12, 143, 0
12, 144, 0
12, 145, 30
12, 146, 50
12, 147, 0
12, 148, 0
12, 149, 51
12, 150, 0
12, 151, 32
12, 152, 34
12, 153, 25
12, 154, 33
12, 155, 32
12, 156, 0
12, 157, 0
12, 158, 33
12, 159, 42
12, 160, 0
12, 161, 24
12, 162, 0
12, 163, 48
12, 164, 17
12, 165, 40
12, 166, 0
12, 167, 0
12, 168, 0
12, 169, 0
12, 170, 0
12, 171, 49
12, 172, 0
12, 173, 20
12, 174, 38
12, 175, 10
12, 176, 41
12, 177, 0
12, 178, 0
12, 179, 31
12, 180, 0
12, 181, 0
12, 182, 0
12, 183, 0
12, 184, 0
12, 185, 0
12, 186, 0
12, 187, 0
12, 188, 38
12, 189, 0
12, 190, 46
12, 191, 0
12, 192, 0
12, 193, 0
12, 194, 0
12, 195, 0
12, 196, 51
12, 197, 14
12, 198, 16
12, 199, 22
12, 200, 0
12, 201, 32
12, 202, 48
12, 203, 21
12, 204, 15
12, 205, 0
12, 206, 0
12, 207, 2
12, 208, 22
12, 209, 0
12, 210, 39
12, 211, 30
12, 212, 21
12, 213, 0
12, 214, 0
12, 215, 0
12, 216, 47
12, 217, 0
12, 218, 5
12, 219, 45
12, 220, 0
12, 221, 0
12, 222, 23
12, 223, 5
12, 224, 0
12, 225, 0
12, 226, 0
12, 227, 50
12, 228, 0
12, 229, 10
12, 230, 50
12, 231, 36
12, 232, 0
12, 233, 19
12, 234, 14
12, 235, 2
12, 236, 0
12, 237, 0
12, 238, 0
12, 239, 41
12, 240, 51
12, 241, 34
12, 242, 0
12, 243, 37
12, 244, 17
12, 245, 34
12, 246, 0
12, 247, 0
12, 248, 54
12, 249, 0
12, 250, 30
12, 251, 11
12, 252, 0
12, 253, 0
12, 254, 36
12, 255, 40
12, 256, 0
12, 257, 0
12, 258, 35
12, 259, 0
12, 260, 6
12, 261, 0
12, 262, 0
12, 263, 0
12, 264, 0
12, 265, 0
12, 266, 0
12, 267, 0
12, 268, 0
12, 269, 39
12, 270, 0
12, 271, 0
12, 272, 43
12, 273, 32
12, 274, 0
12, 275, 52
12, 276, 0
12, 277, 0
12, 278, 0
12, 279, 1
12, 280, 0
12, 281, 23
12, 282, 54
12, 283, 0
12, 284, 0
12, 285, 50
12, 286, 0
12, 287, 8
12, 288, 37
12, 289, 0
12, 290, 0
12, 291, 0
12, 292, 0
12, 293, 17
12, 294, 46
12, 295, 49
12, 296, 0
12, 297, 48
12, 298, 43
12, 299, 0
12, 300, 33
12, 301, 0
12, 302, 29
12, 303, 0
12, 304, 0
12, 305, 0
12, 306, 0
12, 307, 45
12, 308, 0
12, 309, 48
12, 310, 11
12, 311, 0
12, 312, 0
12, 313, 50
12, 314, 12
12, 315, 0
12, 316, 0
12, 317, 0
12, 318, 0
12, 319, 28
12, 320, 11
12, 321, 22
12, 322, 40
12, 323, 17
12, 324, 33
12, 325, 0
12, 326, 0
12, 327, 0
12, 328, 0
12, 329, 0
12, 330, 0
12, 331, 45
12, 332, 20
12, 333, 0
12, 334, 41
12, 335, 0
12, 336, 0
12, 337, 31
12, 338, 0
12, 339, 0
12, 340, 37
12, 341, 48
12, 342, 0
12, 343, 4
12, 344, 0
12, 345, 48
12, 346, 0
12, 347, 0
12, 348, 16
12, 349, 23
12, 350, 0
12, 351, 0
12, 352, 2
12, 353, 0
12, 354, 3
12, 355, 0
12, 356, 38
12, 357, 0
12, 358, 0
12, 359, 14
12, 360, 36
12, 361, 34
12, 362, 0
12, 363, 0
12, 364, 19
12, 365, 25
12, 366, 51
12, 367, 0
12, 368, 0
12, 369, 40
12, 370, 0
12, 371, 0
12, 372, 0
12, 373, 32
12, 374, 22
12, 375, 0
12, 376, 0
12, 377, 40
12, 378, 38
12, 379, 58
12, 380, 31
12, 381, 0
12, 382, 0
12, 383, 0
12, 384, 0
12, 385, 0
12, 386, 40
12, 387, 17
12, 388, 0
12, 389, 0
12, 390, 0
12, 391, 0
12, 392, 13
12, 393, 47
12, 394, 21
12, 395, 35
12, 396, 33
12, 397, 0
12, 398, 9
12, 399, 0
13, 0, 0
13, 1, 0
13, 2, 42
13, 3, 0
13, 4, 44
13, 5, 0
13, 6, 9
13, 7, 16
13, 8, 36
13, 9, 18
13, 10, 43
13, 11, 22
13, 12, 0
13, 13, 0
13, 14, 0
13, 15, 20
13, 16, 0
13, 17, 32
13, 18, 0
13, 19, 0
13, 20, 54
13, 21, 0
13, 22, 0
13, 23, 47
13, 24, 0
13, 25, 19
13, 26, 0
13, 27, 0
13, 28, 28
13, 29, 0
13, 30, 0
13, 31, 11
13, 32, 22
13, 33, 27
13, 34, 0
13, 35, 41
13, 36, 0
13, 37, 0
13, 38, 0
13, 39, 0
13, 40, 45
13, 41, 25
13, 42, 0
13, 43, 0
13, 44, 0
13, 45, 18
13, 46, 26
13, 47, 39
13, 48, 0
13, 49, 0
13, 50, 0
13, 51, 0
13, 52, 0
13, 53, 0
13, 54, 27
13, 55, 52
13, 56, 0
13, 57, 1
13, 58, 43
13, 59, 0
13, 60, 31
13, 61, 11
13, 62, 0
13, 63, 4
13, 64, 30
13, 65, 55
13, 66, 47
13, 67, 44
13, 68, 29
13, 69, 10
13, 70, 42
13, 71, 1
13, 72, 0
13, 73, 0
13, 74, 44
13, 75, 0
13, 76, 0
13, 77, 23
13, 78, 0
13, 79, 55
13, 80, 0
13, 81, 0
13, 82, 5
13, 83, 0
13, 84, 16
13, 85, 0
13, 86, 0
13, 87, 12
13, 88, 0
13, 89, 15
13, 90, 0
13, 91, 56
13, 92, 0
13, 93, 45
13, 94, 0
13, 95, 38
13, 96, 16
13, 97, 0
13, 98, 17
13, 99, 0
13, 100, 27
13, 101, 0
13, 102, 52
13, 103, 0
13, 104, 0
13, 105, 36
13, 106, 0
13, 107, 41
13, 108, 18
13, 109, 0
13, 110, 0
13, 111, 28
13, 112, 14
13, 113, 23
13, 114, 0
13, 115, 0
13, 116, 0
13, 117, 0
13, 118, 35
13, 119, 0
13, 120, 21
13, 121, 0
13, 122, 6
13, 123, 0
13, 124, 0
13, 125, 0
13, 126, 37
13, 127, 0
13, 128, 0
13, 129, 0
13, 130, 0
13, 131, 11
13, 132, 7
13, 133, 0
13, 134, 0
13, 135, 0
13, 136, 0
13, 137, 0
13, 138, 0
13, 139, 0
13, 140, 0
13, 141, 39
13, 142, 0
13, 143, 0
13, 144, 0
13, 145, 0
13, 146, 5
13, 147, 26
13, 148, 55
13, 149, 22
13, 150, 42
13, 151, 43
13, 152, 8
13, 153, 16
13, 154, 0
13, 155, 0
13, 156, 49
13, 157, 2
13, 158, 54
13, 159, 51
13, 160, 0
13, 161, 0
13, 162, 0
13, 163, 24
13, 164, 0
13, 165, 36
13, 166, 19
13, 167, 48
13, 168, 0
13, 169, 0
13, 170, 0
13, 171, 0
13, 172, 0
13, 173, 0
13, 174, 0
13, 175, 47
13, 176, 0
13, 177, 44
13, 178, 7
13, 179, 3
13, 180, 9
13, 181, 0
13, 182, 0
13, 183, 50
13, 184, 55
13, 185, 0
13, 186, 0
13, 187, 0
13, 188, 0
13, 189, 51
13, 190, 0
13, 191, 1
13, 192, 0
13, 193, 0
13, 194, 0
13, 195, 28
13, 196, 16
13, 197, 0
13, 198, 31
13, 199, 0
13, 200, 0
13, 201, 40
13, 202, 56
13, 203, 0
13, 204, 0
13, 205, 0
13, 206, 10
13, 207, 0
13, 208, 18
13, 209, 45
13, 210, 31
13, 211, 6
13, 212, 0
13, 213, 4
13, 214, 45
13, 215, 0
13, 216, 29
13, 217, 0
13, 218, 45
13, 219, 0
13, 220, 0
13, 221, 0
13, 222, 0
13, 223, 0
13, 224, 45
13, 225, 0
13, 226, 0
13, 227, 0
13, 228, 0
13, 229, 0
13, 230, 0
13, 231, 34
13, 232, 0
13, 233, 21
13, 234, 0
13, 235, 0
13, 236, 38
13, 237, 58
13, 238, 35
13, 239, 15
13, 240, 36
13, 241, 29
13, 242, 4
13, 243, 47
13, 244, 0
13, 245, 0
13, 246, 35
13, 247, 0
13, 248, 0
13, 249, 0
13, 250, 12
13, 251, 0
13, 252, 25
13, 253, 27
13, 254, 1
13, 255, 0
13, 256, 0
13, 257, 26
13, 258, 0
13, 259, 41
13, 260, 5
13, 261, 36
13, 262, 0
13, 263, 0
13, 264, 0
13, 265, 32
13, 266, 48
13, 267, 0
13, 268, 0
13, 269, 0
13, 270, 0
13, 271, 51
13, 272, 0
13, 273, 0
13, 274, 20
13, 275, 0
13, 276, 47
13, 277, 0
13, 278, 52
13, 279, 0
13, 280, 0
13, 281, 0
13, 282, 0
13, 283, 0
13, 284, 30
13, 285, 54
13, 286, 0
13, 287, 49
13, 288, 16
13, 289, 43
13, 290, 0
13, 291, 0
13, 292, 0
13, 293, 39
13, 294, 40
13, 295, 0
13, 296, 38
13, 297, 32
13, 298, 23
13, 299, 0
13, 300, 0
13, 301, 0
13, 302, 0
13, 303, 0
13, 304, 48
13, 305, 33
13, 306, 0
13, 307, 0
13, 308, 0
13, 309, 26
13, 310, 3
13, 311, 55
13, 312, 9
13, 313, 18
13, 314, 0
13, 315, 0
13, 316, 0
13, 317, 0
13, 318, 0
13, 319, 0
13, 320, 56
13, 321, 36
13, 322, 39
13, 323, 45
13, 324, 22
13, 325, 28
13, 326, 5
13, 327, 0
13, 328, 32
13, 329, 30
13, 330, 0
13, 331, 0
13, 332, 0
13, 333, 0
13, 334, 0
13, 335, 0
13, 336, 15
13, 337, 4
13, 338, 0
13, 339, 10
13, 340, 0
13, 341, 19
13, 342, 41
13, 343, 0
13, 344, 45
13, 345, 0
13, 346, 0
13, 347, 0
13, 348, 27
13, 349, 0
13, 350, 0
13, 351, 0
13, 352, 0
13, 353, 0
13, 354, 41
13, 355, 0
13, 356, 0
13, 357, 0
13, 358, 0
13, 359, 21
13, 360, 0
13, 361, 0
13, 362, 25
13, 363, 48
13, 364, 0
13, 365, 0
13, 366, 27
13, 367, 0
13, 368, 36
13, 369, 0
13, 370, 0
13, 371, 0
13, 372, 47
13, 373, 17
13, 374, 33
13, 375, 18
13, 376, 22
13, 377, 0
13, 378, 0
13, 379, 0
13, 380, 0
13, 381, 0
13, 382, 34
13, 383, 19
13, 384, 0
13, 385, 45
13, 386, 0
13, 387, 0
13, 388, 24
13, 389, 0
13, 390, 0
13, 391, 58
13, 392, 0
13, 393, 0
13, 394, 0
13, 395, 0
13, 396, 0
13, 397, 49
13, 398, 0
13, 399, 0
14, 0, 0
14, 1, 36
14, 2, 0
14, 3, 28
14, 4, 12
14, 5, 16
14, 6, 37
14, 7, 9
14, 8, 0
14, 9, 17
14, 10, 15
14, 11, 40
14, 12, 23
14, 13, 0
14, 14, 14
14, 15, 0
14, 16, 20
14, 17, 0
14, 18, 0
14, 19, 20
14, 20, 0
14, 21, 35
14, 22, 33
14, 23, 51
14, 24, 0
14, 25, 0
14, 26, 26
14, 27, 22
14, 28, 10
14, 29, 0
14, 30, 0
14, 31, 31
14, 32, 0
14, 33, 0
14, 34, 0
14, 35, 49
14, 36, 52
14, 37, 19
14, 38, 42
14, 39, 0
14, 40, 15
14, 41, 0
14, 42, 31
14, 43, 39
14, 44, 0
14, 45, 0
14, 46, 5
14, 47, 10
14, 48, 0
14, 49, 32
14, 50, 56
14, 51, 0
14, 52, 0
14, 53, 40
14, 54, 0
14, 55, 0
14, 56, 34
14, 57, 0
14, 58, 0
14, 59, 24
14, 60, 27
14, 61, 0
14, 62, 8
14, 63, 0
14, 64, 0
14, 65, 0
14, 66, 0
14, 67, 41
14, 68, 0
14, 69, 0
14, 70, 22
14, 71, 0
14, 72, 18
14, 73, 17
14, 74, 29
14, 75, 0
14, 76, 2
14, 77, 0
14, 78, 54
14, 79, 0
14, 80, 0
14, 81, 0
14, 82, 0
14, 83, 0
14, 84, 32
14, 85, 13
14, 86, 0
14, 87, 0
14, 88, 0
14, 89, 10
14, 90, 49
14, 91, 26
14, 92, 0
14, 93, 0
14, 94, 0
14, 95, 53
14, 96, 0
14, 97, 21
14, 98, 36
14, 99, 36
14, 100, 0
14, 101, 48
14, 102, 0
14, 103, 3
14, 104, 0
14, 105, 0
14, 106, 0
14, 107, 14
14, 108, 54
14, 109, 29
14, 110, 38
14, 111, 16
14, 112, 0
14, 113, 0
14, 114, 33
14, 115, 47
14, 116, 0
14, 117, 0
14, 118, 42
14, 119, 0
14, 120, 0
14, 121, 36
14, 122, 39
14, 123, 45
14, 124, 0
14, 125, 0
14, 126, 56
14, 127, 0
14, 128, 52
14, 129, 0
14, 130, 21
14, 131, 0
14, 132, 0
14, 133, 0
14, 134, 33
14, 135, 5
14, 136, 0
14, 137, 0
14, 138, 46
14, 139, 4
14, 140, 0
14, 141, 0
14, 142, 27
14, 143, 45
14, 144, 0
14, 145, 0
14, 146, 0
14, 147, 18
14, 148, 15
14, 149, 0
14, 150, 0
14, 151, 38
14, 152, 13
14, 153, 9
14, 154, 0
14, 155, 0
14, 156, 11
14, 157, 51
14, 158, 0
14, 159, 0
14, 160, 26
14, 161, 0
14, 162, 0
14, 163, 0
14, 164, 0
14, 165, 0
14, 166, 0
14, 167, 10
14, 168, 16
14, 169, 0
14, 170, 42
14, 171, 0
14, 172, 14
14, 173, 0
14, 174, 34
14, 175, 0
14, 176, 0
14, 177, 37
14, 178, 35
14, 179, 0
14, 180, 0
14, 181, 28
14, 182, 27
14, 183, 0
14, 184, 38
14, 185, 0
14, 186, 41
14, 187, 17
14, 188, 22
14, 189, 43
14, 190, 31
14, 191, 0
14, 192, 30
14, 193, 43
14, 194, 0
14, 195, 0
14, 196, 0
14, 197, 0
14, 198, 38
14, 199, 0
14, 200, 37
14, 201, 25
14, 202, 0
14, 203, 39
14, 204, 0
14, 205, 51
14, 206, 0
14, 207, 52
14, 208, 0
14, 209, 0
14, 210, 39
14, 211, 11
14, 212, 53
14, 213, 48
14, 214, 0
14, 215, 0
14, 216, 0
14, 217, 0
14, 218, 52
14, 219, 0
14, 220, 0
14, 221, 0
14, 222, 14
14, 223, 23
14, 224, 0
14, 225, 0
14, 226, 8
14, 227, 0
14, 228, 32
14, 229, 48
14, 230, 37
14, 231, 2
14, 232, 0
14, 233, 15
14, 234, 6
14, 235, 29
14, 236, 7
14, 237, 0
14, 238, 0
14, 239, 0
14, 240, 25
14, 241, 0
14, 242, 0
14, 243, 0
14, 244, 0
14, 245, 56
14, 246, 0
14, 247, 53
14, 248, 44
14, 249, 54
14, 250, 0
14, 251, 0
14, 252, 53
14, 253, 42
14, 254, 23
14, 255, 49
14, 256, 26
14, 257, 17
14, 258, 0
14, 259, 12
14, 260, 0
14, 261, 8
14, 262, 1
14, 263, 48
14, 264, 25
14, 265, 9
14, 266, 0
14, 267, 0
14, 268, 47
14, 269, 0
14, 270, 0
14, 271, 34
14, 272, 0
14, 273, 35
14, 274, 11
14, 275, 32
14, 276, 54
14, 277, 42
14, 278, 0
14, 279, 4
14, 280, 38
14, 281, 0
14, 282, 28
14, 283, 0
14, 284, 44
14, 285, 0
14, 286, 0
14, 287, 0
14, 288, 0
14, 289, 0
14, 290, 0
14, 291, 3
14, 292, 0
14, 293, 48
14, 294, 14
14, 295, 0
14, 296, 0
14, 297, 0
14, 298, 0
14, 299, 0
14, 300, 49
14, 301, 0
14, 302, 0
14, 303, 0
14, 304, 18
14, 305, 45
14, 306, 0
14, 307, 0
14, 308, 5
14, 309, 43
14, 310, 9
14, 311, 27
14, 312, 39
14, 313, 0
14, 314, 36
14, 315, 28
14, 316, 15
14, 317, 0
14, 318, 36
14, 319, 46
14, 320, 0
14, 321, 0
14, 322, 0
14, 323, 0
14, 324, 7
14, 325, 51
14, 326, 0
14, 327, 16
14, 328, 23
14, 329, 0
14, 330, 24
14, 331, 14
14, 332, 33
14, 333, 2
14, 334, 47
14, 335, 0
14, 336, 0
14, 337, 54
14, 338, 45
14, 339, 22
14, 340, 0
14, 341, 58
14, 342, 29
14, 343, 0
14, 344, 0
14, 345, 44
14, 346, 41
14, 347, 0
14, 348, 36
14, 349, 0
14, 350, 48
14, 351, 52
14, 352, 0
14, 353, 43
14, 354, 0
14, 355, 0
14, 356, 0
14, 357, 0
14, 358, 0
14, 359, 31
14, 360, 0
14, 361, 34
14, 362, 0
14, 363, 37
14, 364, 54
14, 365, 0
14, 366, 0
14, 367, 0
14, 368, 0
14, 369, 0
14, 370, 32
14, 371, 0
14, 372, 0
14, 373, 0
14, 374, 0
14, 375, 40
14, 376, 1
14, 377, 0
14, 378, 50
14, 379, 17
14, 380, 56
14, 381, 0
14, 382, 38
14, 383, 0
14, 384, 0
14, 385, 0
14, 386, 0
14, 387, 0
14, 388, 47
14, 389, 44
14, 390, 0
14, 391, 3
14, 392, 0
14, 393, 2
14, 394, 39
14, 395, 49
14, 396, 20
14, 397, 2
14, 398, 12
14, 399, 38
15, 0, 0
15, 1, 0
15, 2, 0
15, 3, 12
15, 4, 26
15, 5, 50
15, 6, 0
15, 7, 49
15, 8, 0
15, 9, 0
15, 10, 0
15, 11, 0
15, 12, 11
15, 13, 31
15, 14, 0
15, 15, 29
15, 16, 25
15, 17, 0
15, 18, 0
15, 19, 0
15, 20, 2
15, 21, 0
15, 22, 0
15, 23, 0
15, 24, 47
15, 25, 0
15, 26, 40
15, 27, 0
15, 28, 0
15, 29, 0
15, 30, 0
15, 31, 45
15, 32, 42
15, 33, 0
15, 34, 0
15, 35, 41
15, 36, 9
15, 37, 0
15, 38, 24
15, 39, 41
15, 40, 0
15, 41, 35
15, 42, 39
15, 43, 8
15, 44, 37
15, 45, 0
15, 46, 0
15, 47, 39
15, 48, 0
15, 49, 48
15, 50, 0
15, 51, 0
15, 52, 0
15, 53, 0
15, 54, 0
15, 55, 0
15, 56, 15
15, 57, 0
15, 58, 0
15, 59, 30
15, 60, 38
15, 61, 57
15, 62, 0
15, 63, 27
15, 64, 0
15, 65, 0
15, 66, 51
15, 67, 21
15, 68, 0
15, 69, 0
15, 70, 0
15, 71, 0
15, 72, 53
15, 73, 25
15, 74, 32
15, 75, 43
15, 76, 0
15, 77, 46
15, 78, 0
15, 79, 23
15, 80, 0
15, 81, 42
15, 82, 0
15, 83, 35
15, 84, 33
15, 85, 0
15, 86, 0
15, 87, 0
15, 88, 0
15, 89, 13
15, 90, 0
15, 91, 47
15, 92, 9
15, 93, 0
15, 94, 55
15, 95, 0
15, 96, 2
15, 97, 0
15, 98, 0
15, 99, 8
15, 100, 0
15, 101, 3
15, 102, 0
15, 103, 0
15, 104, 0
15, 105, 50
15, 106, 0
15, 107, 12
15, 108, 0
15, 109, 0
15, 110, 44
15, 111, 0
15, 112, 0
15, 113, 36
15, 114, 11
15, 115, 47
15, 116, 0
15, 117, 0
15, 118, 0
15, 119, 0
15, 120, 41
15, 121, 0
15, 122, 0
15, 123, 0
15, 124, 0
15, 125, 4
15, 126, 0
15, 127, 48
15, 128, 21
15, 129, 0
15, 130, 52
15, 131, 9
15, 132, 0
15, 133, 0
15, 134, 0
15, 135, 19
15, 136, 17
15, 137, 24
15, 138, 31
15, 139, 0
15, 140, 48
15, 141, 12
15, 142, 3
15, 143, 0
15, 144, 40
15, 145, 0
15, 146, 0
15, 147, 4
15, 148, 0
15, 149, 34
15, 150, 38
15, 151, 10
15, 152, 0
15, 153, 30
15, 154, 0
15, 155, 0
15, 156, 0
15, 157, 0
15, 158, 0
15, 159, 0
15, 160, 0
15, 161, 0
15, 162, 0
15, 163, 24
15, 164, 35
15, 165, 0
15, 166, 43
15, 167, 0
15, 168, 0
15, 169, 39
15, 170, 0
15, 171, 0
15, 172, 23
15, 173, 0
15, 174, 0
15, 175, 48
15, 176, 0
15, 177, 51
15, 178, 0
15, 179, 15
15, 180, 0
15, 181, 0
15, 182, 39
15, 183, 0
15, 184, 0
15, 185, 50
15, 186, 0
15, 187, 0
15, 188, 0
15, 189, 15
15, 190, 0
15, 191, 0
15, 192, 29
15, 193, 0
15, 194, 0
15, 195, 0
15, 196, 50
15, 197, 15
15, 198, 1
15, 199, 0
15, 200, 0
15, 201, 42
15, 202, 14
15, 203, 0
15, 204, 32
15, 205, 26
15, 206, 0
15, 207, 0
15, 208, 0
15, 209, 0
15, 210, 50
15, 211, 37
15, 212, 0
15, 213, 40
15, 214, 12
15, 215, 0
15, 216, 0
15, 217, 35
15, 218, 0
15, 219, 35
15, 220, 0
15, 221, 0
15, 222, 1
15, 223, 0
15, 224, 31
15, 225, 48
15, 226, 0
15, 227, 21
15, 228, 0
15, 229, 42
15, 230, 0
15, 231, 0
15, 232, 33
15, 233, 44
15, 234, 24
15, 235, 0
15, 236, 0
15, 237, 0
15, 238, 0
15, 239, 0
15, 240, 47
15, 241, 0
15, 242, 45
15, 243, 9
15, 244, 0
15, 245, 0
15, 246, 44
15, 247, 51
15, 248, 0
15, 249, 0
15, 250, 0
15, 251, 41
15, 252, 36
15, 253, 0
15, 254, 0
15, 255, 0
15, 256, 0
15, 257, 0
15, 258, 35
15, 259, 0
15, 260, 12
15, 261, 39
15, 262, 0
15, 263, 53
15, 264, 39
15, 265, 28
15, 266, 49
15, 267, 0
15, 268, 15
15, 269, 0
15, 270, 17
15, 271, 0
15, 272, 19
15, 273, 0
15, 274, 0
15, 275, 0
15, 276, 25
15, 277, 0
15, 278, 0
15, 279, 42
15, 280, 0
15, 281, 0
15, 282, 0
15, 283, 54
15, 284, 0
15, 285, 30
15, 286, 14
15, 287, 0
15, 288, 0
15, 289, 52
15, 290, 38
15, 291, 7
15, 292, 39
15, 293, 33
15, 294, 12
15, 295, 0
15, 296, 34
15, 297, 46
15, 298, 0
15, 299, 43
15, 300, 42
15, 301, 0
15, 302, 0
15, 303, 0
15, 304, 21
15, 305, 0
15, 306, 0
15, 307, 41
15, 308, 57
15, 309, 0
15, 310, 30
15, 311, 37
15, 312, 0
15, 313, 16
15, 314, 11
15, 315, 0
15, 316, 42
15, 317, 55
15, 318, 5
15, 319, 0
15, 320, 0
15, 321, 0
15, 322, 15
15, 323, 0
15, 324, 18
15, 325, 20
15, 326, 0
15, 327, 0
15, 328, 0
15, 329, 41
15, 330, 0
15, 331, 0
15, 332, 0
15, 333, 0
15, 334, 0
15, 335, 0
15, 336, 26
15, 337, 0
15, 338, 0
15, 339, 48
15, 340, 0
15, 341, 0
15, 342, 0
15, 343, 0
15, 344, 0
15, 345, 0
15, 346, 0
15, 347, 0
15, 348, 0
15, 349, 39
15, 350, 0
15, 351, 0
15, 352, 19
15, 353, 23
15, 354, 25
15, 355, 0
15, 356, 11
15, 357, 22
15, 358, 0
15, 359, 0
15, 360, 0
15, 361, 36
15, 362, 31
15, 363, 0
15, 364, 0
15, 365, 0
15, 366, 0
15, 367, 0
15, 368, 44
15, 369, 6
15, 370, 0
15, 371, 36
15, 372, 0
15, 373, 57
15, 374, 33
15, 375, 0
15, 376, 27
15, 377, 12
15, 378, 0
15, 379, 0
15, 380, 50
15, 381, 37
15, 382, 0
15, 383, 0
15, 384, 0
15, 385, 35
15, 386, 14
15, 387, 0
15, 388, 0
15, 389, 42
15, 390, 8
15, 391, 0
15, 392, 0
15, 393, 0
15, 394, 0
15, 395, 0
15, 396, 0
15, 397, 28
15, 398, 0
15, 399, 0
16, 0, 0
16, 1, 58
16, 2, 0
16, 3, 0
16, 4, 50
16, 5, 0
16, 6, 0
16, 7, 0
16, 8, 36
16, 9, 0
16, 10, 0
16, 11, 45
16, 12, 7
16, 13, 0
16, 14, 0
16, 15, 43
16, 16, 0
16, 17, 0
16, 18, 25
16, 19, 37
16, 20, 11
16, 21, 0
16, 22, 0
16, 23, 23
16, 24, 48
16, 25, 0
16, 26, 27
16, 27, 0
16, 28, 0
16, 29, 0
16, 30, 40
16, 31, 22
16, 32, 0
16, 33, 54
16, 34, 0
16, 35, 35
16, 36, 14
16, 37, 0
16, 38, 0
16, 39, 0
16, 40, 0
16, 41, 0
16, 42, 0
16, 43, 50
16, 44, 5
16, 45, 52
16, 46, 0
16, 47, 0
16, 48, 0
16, 49, 19
16, 50, 0
16, 51, 0
16, 52, 0
16, 53, 41
16, 54, 0
16, 55, 29
16, 56, 2
16, 57, 0
16, 58, 0
16, 59, 0
16, 60, 43
16, 61, 0
16, 62, 0
16, 63, 0
16, 64, 0
16, 65, 39
16, 66, 0
16, 67, 54
16, 68, 15
16, 69, 0
16, 70, 9
16, 71, 37
16, 72, 39
16, 73, 31
16, 74, 12
16, 75, 40
16, 76, 0
16, 77, 35
16, 78, 0
16, 79, 45
16, 80, 0
16, 81, 26
16, 82, 0
16, 83, 0
16, 84, 0
16, 85, 38
16, 86, 8
16, 87, 55
16, 88, 34
16, 89, 0
16, 90, 0
16, 91, 0
16, 92, 30
16, 93, 0
16, 94, 36
16, 95, 28
16, 96, 20
16, 97, 16
16, 98, 8
16, 99, 34
16, 100, 0
16, 101, 10
16, 102, 0
16, 103, 20
16, 104, 22
16, 105, 0
16, 106, 0
16, 107, 10
16, 108, 0
16, 109, 18
16, 110, 0
16, 111, 25
16, 112, 21
16, 113, 8
16, 114, 0
16, 115, 0
16, 116, 0
16, 117, 0
16, 118, 0
16, 119, 0
16, 120, 22
16, 121, 2
16, 122, 0
16, 123, 27
16, 124, 44
16, 125, 54
16, 126, 46
16, 127, 4
16, 128, 0
16, 129, 8
16, 130, 13
16, 131, 33
16, 132, 0
16, 133, 43
16, 134, 0
16, 135, 0
16, 136, 45
16, 137, 0
16, 138, 52
16, 139, 0
16, 140, 0
16, 141, 0
16, 142, 23
16, 143, 20
16, 144, 0
16, 145, 0
16, 146, 7
16, 147, 36
16, 148, 27
16, 149, 12
16, 150, 55
16, 151, 1
16, 152, 0
16, 153, 41
16, 154, 3
16, 155, 0
16, 156, 0
16, 157, 0
16, 158, 0
16, 159, 17
16, 160, 0
16, 161, 0
16, 162, 0
16, 163, 48
16, 164, 0
16, 165, 29
16, 166, 17
16, 167, 0
16, 168, 16
16, 169, 0
16, 170, 52
16, 171, 39
16, 172, 0
16, 173, 0
16, 174, 0
16, 175, 0
16, 176, 35
16, 177, 55
16, 178, 0
16, 179, 0
16, 180, 51
16, 181, 0
16, 182, 33
16, 183, 53
16, 184, 44
16, 185, 0
16, 186, 12
16, 187, 0
16, 188, 28
16, 189, 50
16, 190, 0
16, 191, 0
16, 192, 42
16, 193, 40
16, 194, 0
16, 195, 37
16, 196, 0
16, 197, 0
16, 198, 21
16, 199, 30
16, 200, 0
16, 201, 11
16, 202, 15
16, 203, 0
16, 204, 25
16, 205, 0
16, 206, 46
16, 207, 26
16, 208, 38
16, 209, 0
16, 210, 42
16, 211, 0
16, 212, 0
16, 213, 0
16, 214, 10
16, 215, 43
16, 216, 32
16, 217, 47
16, 218, 0
16, 219, 40
16, 220, 46
16, 221, 0
16, 222, 38
16, 223, 0
16, 224, 0
16, 225, 34
16, 226, 21
16, 227, 0
16, 228, 29
16, 229, 7
16, 230, 0
16, 231, 29
16, 232, 41
16, 233, 32
16, 234, 0
16, 235, 34
16, 236, 22
16, 237, 0
16, 238, 0
16, 239, 22
16, 240, 24
16, 241, 6
16, 242, 0
16, 243, 0
16, 244, 58
16, 245, 18
16, 246, 0
16, 247, 0
16, 248, 0
16, 249, 0
16, 250, 48
16, 251, 52
16, 252, 0
16, 253, 37
16, 254, 0
16, 255, 3
16, 256, 0
16, 257, 13
16, 258, 0
16, 259, 52
16, 260, 20
16, 261, 37
16, 262, 14
16, 263, 0
16, 264, 0
16, 265, 36
16, 266, 0
16, 267, 45
16, 268, 29
16, 269, 48
16, 270, 8
16, 271, 10
16, 272, 0
16, 273, 55
16, 274, 0
16, 275, 0
16, 276, 0
16, 277, 53
16, 278, 41
16, 279, 33
16, 280, 0
16, 281, 0
16, 282, 50
16, 283, 0
16, 284, 0
16, 285, 0
16, 286, 1
16, 287, 0
16, 288, 27
16, 289, 7
16, 290, 0
16, 291, 19
16, 292, 0
16, 293, 0
16, 294, 54
16, 295, 0
16, 296, 0
16, 297, 0
16, 298, 27
16, 299, 9
16, 300, 0
16, 301, 0
16, 302, 0
16, 303, 0
16, 304, 0
16, 305, 23
16, 306, 0
16, 307, 42
16, 308, 15
16, 309, 28
16, 310, 52
16, 311, 0
16, 312, 20
16, 313, 0
16, 314, 0
16, 315, 17
16, 316, 5
16, 317, 0
16, 318, 16
16, 319, 34
16, 320, 0
16, 321, 0
16, 322, 16
16, 323, 21
16, 324, 34
16, 325, 29
16, 326, 0
16, 327, 0
16, 328, 0
16, 329, 11
16, 330, 0
16, 331, 0
16, 332, 51
16, 333, 0
16, 334, 0
16, 335, 0
16, 336, 0
16, 337, 35
16, 338, 3
16, 339, 36
16, 340, 37
16, 341, 0
16, 342, 0
16, 343, 3
16, 344, 39
16, 345, 42
16, 346, 0
16, 347, 0
16, 348, 0
16, 349, 22
16, 350, 48
16, 351, 30
16, 352, 0
16, 353, 42
16, 354, 1
16, 355, 53
16, 356, 28
16, 357, 6
16, 358, 2
16, 359, 0
16, 360, 55
16, 361, 31
16, 362, 47
16, 363, 51
16, 364, 48
16, 365, 0
16, 366, 0
16, 367, 0
16, 368, 35
16, 369, 12
16, 370, 0
16, 371, 23
16, 372, 0
16, 373, 0
16, 374, 13
16, 375, 27
16, 376, 0
16, 377, 0
16, 378, 21
16, 379, 0
16, 380, 18
16, 381, 0
16, 382, 36
16, 383, 52
16, 384, 0
16, 385, 47
16, 386, 0
16, 387, 0
16, 388, 15
16, 389, 0
16, 390, 16
16, 391, 0
16, 392, 43
16, 393, 0
16, 394, 0
16, 395, 41
16, 396, 0
16, 397, 47
16, 398, 8
16, 399, 40
17, 0, 0
17, 1, 0
17, 2, 35
17, 3, 0
17, 4, 0
17, 5, 0
17, 6, 0
17, 7, 25
17, 8, 0
17, 9, 0
17, 10, 23
17, 11, 0
17, 12, 0
17, 13, 0
17, 14, 0
17, 15, 0
17, 16, 0
17, 17, 0
17, 18, 0
17, 19, 0
17, 20, 0
17, 21, 0
17, 22, 0
17, 23, 22
17, 24, 0
17, 25, 0
17, 26, 0
17, 27, 20
17, 28, 0
17, 29, 50
17, 30, 0
17, 31, 0
17, 32, 40
17, 33, 34
17, 34, 46
17, 35, 0
17, 36, 0
17, 37, 13
17, 38, 0
17, 39, 0
17, 40, 0
17, 41, 0
17, 42, 0
17, 43, 37
17, 44, 24
17, 45, 0
17, 46, 0
17, 47, 0
17, 48, 31
17, 49, 0
17, 50, 0
17, 51, 43
17, 52, 42
17, 53, 27
17, 54, 0
17, 55, 0
17, 56, 0
17, 57, 52
17, 58, 0
17, 59, 38
17, 60, 28
17, 61, 0
17, 62, 0
17, 63, 0
17, 64, 0
17, 65, 0
17, 66, 0
17, 67, 0
17, 68, 19
17, 69, 0
17, 70, 0
17, 71, 5
17, 72, 36
17, 73, 27
17, 74, 0
17, 75, 45
17, 76, 0
17, 77, 0
17, 78, 0
17, 79, 19
17, 80, 0
17, 81, 39
17, 82, 23
17, 83, 0
17, 84, 50
17, 85, 0
17, 86, 0
17, 87, 49
17, 88, 0
17, 89, 30
17, 90, 0
17, 91, 28
17, 92, 0
17, 93, 0
17, 94, 0
17, 95, 0
17, 96, 0
17, 97, 6
17, 98, 0
17, 99, 0
17, 100, 7
17, 101, 0
17, 102, 18
17, 103, 0
17, 104, 43
17, 105, 25
17, 106, 0
17, 107, 0
17, 108, 4
17, 109, 0
17, 110, 51
17, 111, 55
17, 112, 0
17, 113, 0
17, 114, 0
17, 115, 32
17, 116, 5
17, 117, 0
17, 118, 0
17, 119, 48
17, 120, 0
17, 121, 49
17, 122, 8
17, 123, 1
17, 124, 0
17, 125, 0
17, 126, 27
17, 127, 22
17, 128, 9
17, 129, 0
17, 130, 33
17, 131, 31
17, 132, 42
17, 133, 0
17, 134, 0
17, 135, 0
17, 136, 0
17, 137, 0
17, 138, 42
17, 139, 34
17, 140, 46
17, 141, 26
17, 142, 0
17, 143, 0
17, 144, 0
17, 145, 52
17, 146, 37
17, 147, 0
17, 148, 30
17, 149, 0
17, 150, 0
17, 151, 0
17, 152, 0
17, 153, 28
17, 154, 0
17, 155, 54
17, 156, 15
17, 157, 0
17, 158, 55
17, 159, 0
17, 160, 0
17, 161, 35
17, 162, 0
17, 163, 21
17, 164, 43
17, 165, 33
17, 166, 0
17, 167, 0
17, 168, 0
17, 169, 56
17, 170, 32
17, 171, 0
17, 172, 0
17, 173, 0
17, 174, 41
17, 175, 0
17, 176, 24
17, 177, 0
17, 178, 0
17, 179, 17
17, 180, 0
17, 181, 0
17, 182, 45
17, 183, 42
17, 184, 0
17, 185, 0
17, 186, 39
17, 187, 0
17, 188, 0
17, 189, 0
17, 190, 13
17, 191, 19
17, 192, 0
17, 193, 0
17, 194, 0
17, 195, 0
17, 196, 29
17, 197, 0
17, 198, 0
17, 199, 0
17, 200, 4
17, 201, 35
17, 202, 9
17, 203, 0
17, 204, 16
17, 205, 0
17, 206, 17
17, 207, 13
17, 208, 0
17, 209, 0
17, 210, 0
17, 211, 7
17, 212, 0
17, 213, 36
17, 214, 0
17, 215, 0
17, 216, 0
17, 217, 0
17, 218, 0
17, 219, 0
17, 220, 0
17, 221, 52
17, 222, 0
17, 223, 0
17, 224, 50
17, 225, 0
17, 226, 33
17, 227, 0
17, 228, 46
17, 229, 50
17, 230, 51
17, 231, 0
17, 232, 0
17, 233, 26
17, 234, 0
17, 235, 0
17, 236, 0
17, 237, 0
17, 238, 2
17, 239, 0
17, 240, 0
17, 241, 0
17, 242, 4
17, 243, 34
17, 244, 0
17, 245, 0
17, 246, 31
17, 247, 37
17, 248, 9
17, 249, 0
17, 250, 14
17, 251, 8
17, 252, 0
17, 253, 38
17, 254, 0
17, 255, 32
17, 256, 10
17, 257, 0
17, 258, 0
17, 259, 0
17, 260, 0
17, 261, 0
17, 262, 50
17, 263, 0
17, 264, 55
17, 265, 0
17, 266, 30
17, 267, 0
17, 268, 3
17, 269, 13
17, 270, 17
17, 271, 0
17, 272, 41
17, 273, 0
17, 274, 0
17, 275, 0
17, 276, 0
17, 277, 1
17, 278, 0
17, 279, 0
17, 280, 29
17, 281, 35
17, 282, 0
17, 283, 25
17, 284, 0
17, 285, 0
17, 286, 21
17, 287, 18
17, 288, 0
17, 289, 0
17, 290, 0
17, 291, 0
17, 292, 43
17, 293, 49
17, 294, 48
17, 295, 24
17, 296, 0
17, 297, 46
17, 298, 12
17, 299, 0
17, 300, 55
17, 301, 14
17, 302, 0
17, 303, 0
17, 304, 6
17, 305, 9
17, 306, 33
17, 307, 56
17, 308, 0
17, 309, 28
17, 310, 0
17, 311, 0
17, 312, 36
17, 313, 0
17, 314, 50
17, 315, 0
17, 316, 0
17, 317, 42
17, 318, 0
17, 319, 44
17, 320, 0
17, 321, 0
17, 322, 0
17, 323, 51
17, 324, 0
17, 325, 0
17, 326, 0
17, 327, 0
17, 328, 0
17, 329, 0
17, 330, 0
17, 331, 0
17, 332, 23
17, 333, 13
17, 334, 0
17, 335, 0
17, 336, 0
17, 337, 0
17, 338, 0
17, 339, 8
17, 340, 23
17, 341, 15
17, 342, 45
17, 343, 0
17, 344, 0
17, 345, 0
17, 346, 46
17, 347, 2
17, 348, 52
17, 349, 0
17, 350, 11
17, 351, 42
17, 352, 0
17, 353, 49
17, 354, 48
17, 355, 28
17, 356, 30
17, 357, 0
17, 358, 25
17, 359, 34
17, 360, 17
17, 361, 40
17, 362, 0
17, 363, 27
17, 364, 4
17, 365, 0
17, 366, 0
17, 367, 0
17, 368, 0
17, 369, 56
17, 370, 0
17, 371, 0
17, 372, 0
17, 373, 53
17, 374, 0
17, 375, 7
17, 376, 0
17, 377, 29
17, 378, 0
17, 379, 0
17, 380, 44
17, 381, 55
17, 382, 0
17, 383, 35
17, 384, 0
17, 385, 0
17, 386, 0
17, 387, 0
17, 388, 0
17, 389, 0
17, 390, 0
17, 391, 19
17, 392, 0
17, 393, 40
17, 394, 28
17, 395, 49
17, 396, 8
17, 397, 0
17, 398, 0
17, 399, 0
18, 0, 0
18, 1, 0
18, 2, 0
18, 3, 44
18, 4, 13
18, 5, 50
18, 6, 44
18, 7, 33
18, 8, 32
18, 9, 26
18, 10, 0
18, 11, 0
18, 12, 20
18, 13, 0
18, 14, 13
18, 15, 51
18, 16, 28
18, 17, 0
18, 18, 0
18, 19, 53
18, 20, 0
18, 21, 1
18, 22, 6
18, 23, 34
18, 24, 14
18, 25, 30
18, 26, 45
18, 27, 40
18, 28, 14
18, 29, 0
18, 30, 0
18, 31, 54
18, 32, 0
18, 33, 15
18, 34, 0
18, 35, 0
18, 36, 48
18, 37, 0
18, 38, 0
18, 39, 0
18, 40, 23
18, 41, 0
18, 42, 0
18, 43, 4
18, 44, 21
18, 45, 58
18, 46, 35
18, 47, 0
18, 48, 18
18, 49, 0
18, 50, 11
18, 51, 0
18, 52, 21
18, 53, 0
18, 54, 0
18, 55, 0
18, 56, 0
18, 57, 0
18, 58, 38
18, 59, 39
18, 60, 11
18, 61, 0
18, 62, 0
18, 63, 41
18, 64, 2
18, 65, 0
18, 66, 0
18, 67, 0
18, 68, 45
18, 69, 0
18, 70, 53
18, 71, 7
18, 72, 1
18, 73, 50
18, 74, 0
18, 75, 0
18, 76, 55
18, 77, 31
18, 78, 0
18, 79, 0
18, 80, 0
18, 81, 0
18, 82, 0
18, 83, 15
18, 84, 0
18, 85, 46
18, 86, 30
18, 87, 7
18, 88, 0
18, 89, 0
18, 90, 0
18, 91, 0
18, 92, 44
18, 93, 30
18, 94, 0
18, 95, 54
18, 96, 29
18, 97, 36
18, 98, 21
18, 99, 7
18, 100, 34
18, 101, 53
18, 102, 0
18, 103, 40
18, 104, 14
18, 105, 0
18, 106, 37
18, 107, 0
18, 108, 35
18, 109, 44
18, 110, 50
18, 111, 0
18, 112, 16
18, 113, 0
18, 114, 51
18, 115, 0
18, 116, 24
18, 117, 0
18, 118, 0
18, 119, 28
18, 120, 0
18, 121, 0
18, 122, 13
18, 123, 0
18, 124, 21
18, 125, 53
18, 126, 0
18, 127, 0
18, 128, 0
18, 129, 0
18, 130, 45
18, 131, 0
18, 132, 0
18, 133, 0
18, 134, 0
18, 135, 15
18, 136, 27
18, 137, 0
18, 138, 0
18, 139, 0
18, 140, 30
18, 141, 0
18, 142, 9
18, 143, 0
18, 144, 39
18, 145, 0
18, 146, 41
18, 147, 0
18, 148, 6
18, 149, 45
18, 150, 34
18, 151, 16
18, 152, 33
18, 153, 22
18, 154, 5
18, 155, 40
18, 156, 0
18, 157, 15
18, 158, 0
18, 159, 0
18, 160, 0
18, 161, 52
18, 162, 0
18, 163, 20
18, 164, 0
18, 165, 42
18, 166, 0
18, 167, 0
18, 168, 0
18, 169, 58
18, 170, 0
18, 171, 25
18, 172, 0
18, 173, 55
18, 174, 0
18, 175, 0
18, 176, 54
18, 177, 46
18, 178, 0
18, 179, 0
18, 180, 27
18, 181, 0
18, 182, 30
18, 183, 51
18, 184, 28
18, 185, 0
18, 186, 12
18, 187, 1
18, 188, 0
18, 189, 0
18, 190, 0
18, 191, 0
18, 192, 24
18, 193, 22
18, 194, 11
18, 195, 0
18, 196, 0
18, 197, 0
18, 198, 34
18, 199, 0
18, 200, 0
18, 201, 55
18, 202, 53
18, 203, 31
18, 204, 22
18, 205, 2
18, 206, 0
18, 207, 32
18, 208, 0
18, 209, 0
18, 210, 0
18, 211, 47
18, 212, 54
18, 213, 51
18, 214, 35
18, 215, 6
18, 216, 48
18, 217, 37
18, 218, 17
18, 219, 0
18, 220, 19
18, 221, 0
18, 222, 0
18, 223, 0
18, 224, 0
18, 225, 0
18, 226, 22
18, 227, 40
18, 228, 43
18, 229, 34
18, 230, 0
18, 231, 0
18, 232, 58
18, 233, 0
18, 234, 0
18, 235, 0
18, 236, 18
18, 237, 38
18, 238, 0
18, 239, 0
18, 240, 0
18, 241, 0
18, 242, 27
18, 243, 37
18, 244, 53
18, 245, 43
18, 246, 53
18, 247, 27
18, 248, 45
18, 249, 0
18, 250, 12
18, 251, 2
18, 252, 33
18, 253, 0
18, 254, 0
18, 255, 0
18, 256, 15
18, 257, 29
18, 258, 0
18, 259, 0
18, 260, 0
18, 261, 0
18, 262, 0
18, 263, 23
18, 264, 0
18, 265, 47
18, 266, 0
18, 267, 0
18, 268, 0
18, 269, 0
18, 270, 19
18, 271, 35
18, 272, 31
18, 273, 26
18, 274, 11
18, 275, 0
18, 276, 0
18, 277, 15
18, 278, 0
18, 279, 51
18, 280, 0
18, 281, 0
18, 282, 38
18, 283, 55
18, 284, 33
18, 285, 46
18, 286, 0
18, 287, 31
18, 288, 0
18, 289, 32
18, 290, 48
18, 291, 0
18, 292, 0
18, 293, 58
18, 294, 0
18, 295, 0
18, 296, 23
18, 297, 10
18, 298, 43
18, 299, 18
18, 300, 36
18, 301, 0
18, 302, 0
18, 303, 0
18, 304, 0
18, 305, 40
18, 306, 0
18, 307, 0
18, 308, 0
18, 309, 4
18, 310, 0
18, 311, 38
18, 312, 0
18, 313, 42
18, 314, 0
18, 315, 0
18, 316, 0
18, 317, 0
18, 318, 28
18, 319, 0
18, 320, 30
18, 321, 0
18, 322, 0
18, 323, 0
18, 324, 0
18, 325, 0
18, 326, 20
18, 327, 21
18, 328, 0
18, 329, 34
18, 330, 0
18, 331, 8
18, 332, 14
18, 333, 0
18, 334, 24
18, 335, 52
18, 336, 13
18, 337, 0
18, 338, 33
18, 339, 48
18, 340, 55
18, 341, 19
18, 342, 0
18, 343, 0
18, 344, 22
18, 345, 17
18, 346, 36
18, 347, 29
18, 348, 23
18, 349, 15
18, 350, 0
18, 351, 0
18, 352, 0
18, 353, 0
18, 354, 0
18, 355, 50
18, 356, 0
18, 357, 0
18, 358, 41
18, 359, 55
18, 360, 1
18, 361, 16
18, 362, 21
18, 363, 22
18, 364, 0
18, 365, 31
18, 366, 43
18, 367, 47
18, 368, 0
18, 369, 24
18, 370, 0
18, 371, 16
18, 372, 53
18, 373, 32
18, 374, 0
18, 375, 48
18, 376, 0
18, 377, 31
18, 378, 0
18, 379, 0
18, 380, 0
18, 381, 29
18, 382, 19
18, 383, 33
18, 384, 0
18, 385, 22
18, 386, 38
18, 387, 8
18, 388, 27
18, 389, 0
18, 390, 51
18, 391, 1
18, 392, 43
18, 393, 0
18, 394, 0
18, 395, 0
18, 396, 0
18, 397, 0
18, 398, 0
18, 399, 0
19, 0, 0
19, 1, 30
19, 2, 0
19, 3, 0
19, 4, 24
19, 5, 0
19, 6, 0
19, 7, 0
19, 8, 44
19, 9, 38
19, 10, 0
19, 11, 13
19, 12, 0
19, 13, 46
19, 14, 0
19, 15, 8
19, 16, 55
19, 17, 0
19, 18, 0
19, 19, 0
19, 20, 0
19, 21, 0
19, 22, 0
19, 23, 0
19, 24, 0
19, 25, 30
19, 26, 0
19, 27, 0
19, 28, 40
19, 29, 42
19, 30, 7
19, 31, 38
19, 32, 0
19, 33, 20
19, 34, 2
19, 35, 15
19, 36, 30
19, 37, 0
19, 38, 0
19, 39, 0
19, 40, 0
19, 41, 14
19, 42, 0
19, 43, 0
19, 44, 0
19, 45, 0
19, 46, 21
19, 47, 41
19, 48, 0
19, 49, 0
19, 50, 0
19, 51, 0
19, 52, 0
19, 53, 0
19, 54, 38
19, 55, 0
19, 56, 34
19, 57, 23
19, 58, 10
19, 59, 0
19, 60, 0
19, 61, 0
19, 62, 0
19, 63, 21
19, 64, 0
19, 65, 30
19, 66, 37
19, 67, 0
19, 68, 0
19, 69, 54
19, 70, 0
19, 71, 0
19, 72, 0
19, 73, 0
19, 74, 0
19, 75, 27
19, 76, 3
19, 77, 0
19, 78, 28
19, 79, 0
19, 80, 45
19, 81, 0
19, 82, 18
19, 83, 0
19, 84, 0
19, 85, 0
19, 86, 20
19, 87, 0
19, 88, 50
19, 89, 13
19, 90, 0
19, 91, 31
19, 92, 0
19, 93, 23
19, 94, 26
19, 95, 43
19, 96, 0
19, 97, 0
19, 98, 21
19, 99, 0
19, 100, 0
19, 101, 0
19, 102, 0
19, 103, 35
19, 104, 0
19, 105, 0
19, 106, 0
19, 107, 0
19, 108, 0
19, 109, 0
19, 110, 0
19, 111, 47
19, 112, 19
19, 113, 38
19, 114, 8
19, 115, 0
19, 116, 0
19, 117, 0
19, 118, 11
19, 119, 41
19, 120, 0
19, 121, 0
19, 122, 5
19, 123, 2
19, 124, 44
19, 125, 0
19, 126, 40
19, 127, 0
19, 128, 54
19, 129, 0
19, 130, 39
19, 131, 32
19, 132, 0
19, 133, 44
19, 134, 15
19, 135, 52
19, 136, 40
19, 137, 0
19, 138, 0
19, 139, 0
19, 140, 23
19, 141, 0
19, 142, 0
19, 143, 55
19, 144, 0
19, 145, 23
19, 146, 0
19, 147, 0
19, 148, 0
19, 149, 17
19, 150, 0
19, 151, 0
19, 152, 55
19, 153, 41
19, 154, 0
19, 155, 20
19, 156, 37
19, 157, 51
19, 158, 4
19, 159, 0
19, 160, 13
19, 161, 45
19, 162, 0
19, 163, 33
19, 164, 0
19, 165, 12
19, 166, 24
19, 167, 34
19, 168, 30
19, 169, 0
19, 170, 0
19, 171, 0
19, 172, 0
19, 173, 0
19, 174, 24
19, 175, 11
19, 176, 0
19, 177, 9
19, 178, 0
19, 179, 30
19, 180, 0
19, 181, 35
19, 182, 5
19, 183, 39
19, 184, 18
19, 185, 46
19, 186, 0
19, 187, 0
19, 188, 3
19, 189, 47
19, 190, 8
19, 191, 42
19, 192, 0
19, 193, 0
19, 194, 29
19, 195, 0
19, 196, 38
19, 197, 0
19, 198, 0
19, 199, 45
19, 200, 27
19, 201, 0
19, 202, 0
19, 203, 0
19, 204, 20
19, 205, 0
19, 206, 0
19, 207, 0
19, 208, 47
19, 209, 0
19, 210, 0
19, 211, 0
19, 212, 0
19, 213, 0
19, 214, 0
19, 215, 2
19, 216, 15
19, 217, 50
19, 218, 0
19, 219, 50
19, 220, 20
19, 221, 54
19, 222, 0
19, 223, 0
19, 224, 0
19, 225, 8
19, 226, 2
19, 227, 21
19, 228, 19
19, 229, 23
19, 230, 0
19, 231, 0
19, 232, 0
19, 233, 28
19, 234, 21
19, 235, 0
19, 236, 0
19, 237, 43
19, 238, 8
19, 239, 24
19, 240, 0
19, 241, 43
19, 242, 0
19, 243, 0
19, 244, 0
19, 245, 40
19, 246, 0
19, 247, 0
19, 248, 0
19, 249, 0
19, 250, 0
19, 251, 0
19, 252, 36
19, 253, 0
19, 254, 0
19, 255, 0
19, 256, 41
19, 257, 0
19, 258, 17
19, 259, 0
19, 260, 0
19, 261, 55
19, 262, 0
19, 263, 0
19, 264, 31
19, 265, 32
19, 266, 51
19, 267, 39
19, 268, 42
19, 269, 0
19, 270, 0
19, 271, 2
19, 272, 0
19, 273, 0
19, 274, 38
19, 275, 3
19, 276, 0
19, 277, 43
19, 278, 0
19, 279, 10
19, 280, 47
19, 281, 21
19, 282, 35
19, 283, 0
19, 284, 46
19, 285, 46
19, 286, 0
19, 287, 0
19, 288, 44
19, 289, 0
19, 290, 5
19, 291, 0
19, 292, 23
19, 293, 0
19, 294, 0
19, 295, 0
19, 296, 28
19, 297, 7
19, 298, 0
19, 299, 0
19, 300, 0
19, 301, 0
19, 302, 0
19, 303, 0
19, 304, 20
19, 305, 0
19, 306, 47
19, 307, 0
19, 308, 0
19, 309, 3
19, 310, 42
19, 311, 0
19, 312, 0
19, 313, 0
19, 314, 0
19, 315, 0
19, 316, 0
19, 317, 24
19, 318, 0
19, 319, 0
19, 320, 11
19, 321, 2
19, 322, 0
19, 323, 0
19, 324, 0
19, 325, 52
19, 326, 57
19, 327, 0
19, 328, 0
19, 329, 38
19, 330, 0
19, 331, 0
19, 332, 44
19, 333, 41
19, 334, 39
19, 335, 14
19, 336, 25
19, 337, 0
19, 338, 0
19, 339, 15
19, 340, 0
19, 341, 23
19, 342, 44
19, 343, 0
19, 344, 0
19, 345, 0
19, 346, 30
19, 347, 0
19, 348, 0
19, 349, 0
19, 350, 0
19, 351, 0
19, 352, 0
19, 353, 0
19, 354, 46
19, 355, 0
19, 356, 0
19, 357, 52
19, 358, 0
19, 359, 41
19, 360, 21
19, 361, 0
19, 362, 31
19, 363, 0
19, 364, 0
19, 365, 0
19, 366, 32
19, 367, 0
19, 368, 0
19, 369, 13
19, 370, 0
19, 371, 0
19, 372, 25
19, 373, 0
19, 374, 0
19, 375, 29
19, 376, 0
19, 377, 0
19, 378, 0
19, 379, 14
19, 380, 0
19, 381, 0
19, 382, 0
19, 383, 0
19, 384, 0
19, 385, 42
19, 386, 0
19, 387, 0
19, 388, 30
19, 389, 26
19, 390, 0
19, 391, 29
19, 392, 44
19, 393, 0
19, 394, 0
19, 395, 52
19, 396, 0
19, 397, 12
19, 398, 0
19, 399, 0
