1, 6, 52
1, 16, 29
1, 22, 42
1, 33, 35
1, 34, 21
1, 34, 34
1, 37, 25
1, 43, 46
1, 44, 37
1, 46, 8
1, 51, 38
1, 59, 14
1, 76, 35
1, 87, 12
1, 87, 33
1, 90, 10
1, 90, 40
1, 111, 30
1, 116, 34
1, 119, 49
1, 125, 22
1, 138, 10
1, 138, 27
1, 139, 52
1, 141, 25
1, 143, 42
1, 146, 8
1, 149, 14
1, 157, 46
1, 160, 37
1, 162, 35
1, 175, 46
1, 192, 15
1, 197, 17
1, 201, 19
1, 201, 42
1, 202, 63
1, 214, 8
1, 215, 21
1, 220, 40
1, 226, 11
1, 228, 49
1, 234, 33
1, 241, 45
1, 245, 38
1, 257, 19
1, 272, 22
1, 277, 25
1, 284, 21
1, 286, 19
1, 292, 8
1, 297, 35
1, 297, 37
1, 299, 42
1, 300, 15
1, 304, 27
1, 308, 25
1, 310, 34
1, 321, 14
1, 322, 52
1, 330, 29
1, 351, 10
1, 355, 12
1, 356, 47
1, 358, 11
1, 359, 30
1, 362, 46
1, 363, 33
1, 366, 17
1, 369, 29
1, 369, 46
1, 386, 45
1, 392, 25
1, 396, 49
1, 397, 30
1, 399, 19
2, 4, 52
2, 5, 43
2, 6, 27
2, 7, 14
2, 10, 37
2, 17, 58
2, 22, 16
2, 25, 7
2, 33, 22
2, 52, 17
2, 54, 21
2, 56, 28
2, 60, 12
2, 62, 30
2, 66, 31
2, 67, 12
2, 69, 30
2, 71, 21
2, 73, 27
2, 76, 46
2, 77, 52
2, 81, 14
2, 82, 16
2, 91, 53
2, 92, 55
2, 94, 28
2, 99, 22
2, 103, 41
2, 107, 34
2, 108, 45
2, 114, 2
2, 119, 7
2, 119, 27
2, 123, 50
2, 135, 44
2, 141, 22
2, 146, 34
2, 148, 14
2, 149, 49
2, 150, 20
2, 152, 12
2, 164, 22
2, 171, 41
2, 172, 58
2, 181, 46
2, 183, 17
2, 184, 3
2, 184, 41
2, 193, 21
2, 204, 31
2, 205, 52
2, 211, 58
2, 220, 16
2, 226, 37
2, 233, 27
2, 244, 34
2, 251, 27
2, 252, 50
2, 256, 37
2, 257, 41
2, 260, 46
2, 262, 44
2, 267, 43
2, 270, 53
2, 271, 45
2, 282, 27
2, 284, 30
2, 285, 14
2, 291, 2
2, 291, 55
2, 293, 22
2, 294, 28
2, 300, 7
2, 309, 49
2, 325, 37
2, 329, 41
2, 332, 22
2, 335, 31
2, 336, 27
2, 340, 3
2, 344, 52
2, 349, 50
2, 351, 55
2, 369, 44
2, 372, 2
2, 373, 34
2, 380, 16
2, 384, 34
2, 389, 41
2, 392, 58
3, 4, 45
3, 13, 60
3, 16, 26
3, 29, 23
3, 30, 42
3, 33, 1
3, 41, 4
3, 45, 20
3, 50, 14
3, 54, 36
3, 56, 32
3, 61, 54
3, 73, 58
3, 74, 45
3, 78, 12
3, 80, 5
3, 80, 32
3, 80, 48
3, 85, 16
3, 90, 30
3, 92, 13
3, 95, 17
3, 97, 4
3, 100, 1
3, 103, 4
3, 104, 42
3, 106, 42
3, 116, 17
3, 126, 1
3, 126, 26
3, 128, 26
3, 133, 14
3, 134, 32
3, 140, 51
3, 144, 1
3, 151, 32
3, 156, 47
3, 158, 56
3, 159, 12
3, 168, 54
3, 182, 12
3, 183, 42
3, 188, 20
3, 189, 60
3, 201, 16
3, 203, 48
3, 225, 45
3, 229, 26
3, 242, 45
3, 246, 42
3, 247, 13
3, 250, 6
3, 252, 14
3, 253, 14
3, 253, 60
3, 262, 16
3, 271, 10
3, 276, 4
3, 279, 51
3, 290, 26
3, 293, 32
3, 298, 47
3, 307, 60
3, 308, 58
3, 320, 12
3, 320, 16
3, 320, 61
3, 332, 30
3, 335, 5
3, 335, 10
3, 342, 17
3, 347, 23
3, 353, 36
3, 356, 48
3, 356, 56
3, 359, 14
3, 384, 26
3, 387, 36
3, 388, 51
3, 398, 32
4, 2, 35
4, 4, 19
4, 6, 29
4, 9, 3
4, 10, 52
4, 15, 13
4, 17, 51
4, 20, 9
4, 22, 5
4, 22, 19
4, 25, 12
4, 32, 11
4, 32, 21
4, 44, 44
4, 47, 61
4, 49, 31
4, 49, 40
4, 51, 3
4, 55, 31
4, 64, 52
4, 65, 36
4, 66, 56
4, 76, 55
4, 79, 18
4, 80, 41
4, 80, 45
4, 82, 26
4, 85, 6
4, 91, 9
4, 96, 21
4, 102, 17
4, 108, 52
4, 110, 8
4, 116, 5
4, 119, 31
4, 123, 13
4, 123, 49
4, 126, 41
4, 127, 19
4, 127, 40
4, 132, 47
4, 148, 9
4, 152, 24
4, 156, 18
4, 164, 24
4, 164, 33
4, 164, 43
4, 166, 26
4, 166, 51
4, 170, 52
4, 176, 52
4, 177, 11
4, 181, 35
4, 181, 39
4, 186, 17
4, 187, 11
4, 193, 47
4, 198, 40
4, 201, 21
4, 206, 27
4, 208, 55
4, 212, 39
4, 214, 19
4, 214, 45
4, 223, 40
4, 224, 8
4, 225, 21
4, 225, 41
4, 226, 45
4, 227, 26
4, 227, 40
4, 230, 8
4, 231, 36
4, 245, 31
4, 246, 44
4, 252, 3
4, 258, 41
4, 259, 9
4, 259, 51
4, 265, 33
4, 269, 35
4, 271, 49
4, 276, 61
4, 277, 39
4, 282, 50
4, 284, 31
4, 284, 52
4, 289, 29
4, 291, 24
4, 293, 5
4, 299, 12
4, 302, 55
4, 303, 6
4, 305, 24
4, 314, 13
4, 314, 18
4, 314, 31
4, 316, 3
4, 329, 27
4, 331, 21
4, 333, 56
4, 337, 47
4, 339, 4
4, 339, 45
4, 340, 61
4, 344, 27
4, 345, 61
4, 347, 8
4, 347, 36
4, 352, 43
4, 356, 45
4, 357, 19
4, 359, 52
4, 361, 24
4, 367, 11
4, 370, 40
4, 371, 44
4, 373, 33
4, 373, 47
4, 380, 12
4, 385, 8
4, 393, 9
4, 398, 31
5, 1, 18
5, 4, 23
5, 6, 12
5, 7, 10
5, 20, 34
5, 20, 55
5, 24, 54
5, 25, 18
5, 25, 27
5, 28, 45
5, 30, 30
5, 31, 38
5, 36, 1
5, 43, 23
5, 46, 16
5, 51, 48
5, 55, 56
5, 64, 44
5, 66, 40
5, 71, 13
5, 71, 59
5, 76, 34
5, 85, 46
5, 91, 30
5, 94, 20
5, 106, 10
5, 107, 19
5, 112, 12
5, 113, 1
5, 115, 40
5, 118, 16
5, 121, 48
5, 138, 46
5, 141, 23
5, 150, 32
5, 151, 38
5, 157, 34
5, 169, 48
5, 170, 55
5, 184, 40
5, 184, 46
5, 190, 34
5, 197, 45
5, 200, 6
5, 207, 13
5, 212, 12
5, 213, 38
5, 227, 20
5, 232, 49
5, 232, 52
5, 237, 46
5, 240, 43
5, 245, 23
5, 245, 30
5, 270, 10
5, 272, 27
5, 277, 18
5, 277, 54
5, 284, 13
5, 286, 55
5, 287, 30
5, 295, 59
5, 304, 45
5, 309, 12
5, 311, 43
5, 320, 55
5, 321, 13
5, 322, 56
5, 324, 48
5, 325, 6
5, 329, 34
5, 345, 23
5, 347, 19
5, 351, 32
5, 356, 46
5, 358, 38
5, 360, 49
5, 364, 59
5, 372, 27
5, 372, 43
5, 375, 44
5, 376, 36
5, 381, 23
5, 389, 20
5, 395, 34
6, 3, 32
6, 14, 6
6, 18, 42
6, 19, 4
6, 22, 42
6, 24, 49
6, 28, 47
6, 30, 36
6, 33, 21
6, 33, 37
6, 44, 26
6, 58, 12
6, 65, 41
6, 72, 1
6, 75, 19
6, 86, 14
6, 87, 14
6, 90, 21
6, 93, 53
6, 94, 49
6, 97, 5
6, 97, 31
6, 100, 38
6, 101, 42
6, 104, 21
6, 108, 36
6, 110, 7
6, 112, 51
6, 114, 39
6, 129, 4
6, 132, 54
6, 135, 11
6, 136, 10
6, 136, 26
6, 145, 1
6, 145, 6
6, 148, 33
6, 154, 7
6, 164, 9
6, 164, 18
6, 164, 26
6, 175, 23
6, 176, 54
6, 184, 32
6, 186, 37
6, 198, 33
6, 199, 30
6, 204, 49
6, 206, 23
6, 209, 11
6, 214, 31
6, 221, 22
6, 224, 42
6, 234, 41
6, 241, 36
6, 242, 12
6, 242, 18
6, 244, 26
6, 245, 5
6, 252, 21
6, 256, 52
6, 258, 19
6, 261, 68
6, 264, 14
6, 267, 32
6, 267, 42
6, 268, 4
6, 268, 39
6, 273, 6
6, 275, 4
6, 276, 32
6, 277, 33
6, 281, 47
6, 286, 7
6, 286, 37
6, 289, 38
6, 290, 31
6, 294, 26
6, 301, 37
6, 301, 47
6, 304, 39
6, 311, 1
6, 312, 7
6, 313, 54
6, 317, 22
6, 318, 53
6, 324, 33
6, 325, 18
6, 329, 26
6, 334, 4
6, 343, 23
6, 351, 14
6, 360, 9
6, 363, 1
6, 366, 47
6, 373, 6
6, 374, 36
6, 385, 11
6, 393, 12
6, 397, 51
7, 2, 45
7, 4, 56
7, 18, 15
7, 23, 16
7, 25, 2
7, 25, 50
7, 27, 10
7, 27, 46
7, 28, 31
7, 36, 41
7, 37, 29
7, 37, 44
7, 41, 13
7, 43, 51
7, 44, 21
7, 47, 30
7, 62, 32
7, 65, 25
7, 65, 40
7, 70, 43
7, 73, 5
7, 78, 10
7, 87, 59
7, 93, 27
7, 95, 26
7, 98, 53
7, 102, 10
7, 104, 12
7, 108, 56
7, 110, 22
7, 123, 37
7, 136, 7
7, 138, 20
7, 139, 20
7, 145, 16
7, 147, 42
7, 159, 47
7, 160, 25
7, 164, 32
7, 165, 27
7, 165, 41
7, 174, 13
7, 177, 34
7, 178, 26
7, 178, 45
7, 180, 44
7, 191, 37
7, 192, 21
7, 198, 10
7, 199, 18
7, 199, 46
7, 202, 29
7, 204, 40
7, 207, 50
7, 217, 51
7, 220, 53
7, 223, 30
7, 228, 46
7, 245, 2
7, 249, 36
7, 249, 56
7, 256, 22
7, 264, 41
7, 271, 19
7, 273, 25
7, 274, 18
7, 286, 12
7, 286, 27
7, 291, 43
7, 291, 45
7, 296, 19
7, 299, 16
7, 307, 34
7, 309, 22
7, 312, 18
7, 312, 37
7, 318, 44
7, 321, 53
7, 324, 25
7, 327, 13
7, 329, 36
7, 330, 50
7, 336, 47
7, 338, 26
7, 346, 20
7, 349, 40
7, 349, 42
7, 354, 2
7, 355, 34
7, 359, 59
7, 360, 44
7, 360, 56
7, 362, 22
7, 369, 5
7, 374, 25
7, 374, 50
7, 380, 30
7, 383, 20
7, 387, 18
7, 390, 41
7, 392, 46
7, 395, 27
8, 4, 1
8, 8, 51
8, 11, 32
8, 14, 45
8, 15, 11
8, 24, 28
8, 34, 6
8, 38, 36
8, 39, 42
8, 40, 16
8, 40, 51
8, 54, 3
8, 56, 8
8, 56, 33
8, 59, 9
8, 60, 21
8, 66, 54
8, 70, 48
8, 80, 14
8, 80, 37
8, 89, 51
8, 97, 27
8, 98, 26
8, 107, 32
8, 107, 47
8, 111, 22
8, 114, 45
8, 117, 6
8, 119, 39
8, 121, 50
8, 124, 25
8, 128, 22
8, 132, 44
8, 136, 9
8, 140, 11
8, 140, 21
8, 140, 42
8, 141, 1
8, 146, 56
8, 147, 14
8, 149, 44
8, 163, 39
8, 164, 16
8, 168, 42
8, 192, 28
8, 200, 32
8, 204, 62
8, 215, 27
8, 237, 28
8, 239, 48
8, 244, 50
8, 246, 42
8, 251, 1
8, 259, 6
8, 266, 26
8, 271, 51
8, 275, 54
8, 277, 8
8, 278, 21
8, 279, 27
8, 285, 45
8, 289, 32
8, 291, 8
8, 291, 26
8, 292, 28
8, 293, 33
8, 301, 6
8, 302, 3
8, 303, 68
8, 305, 47
8, 306, 22
8, 309, 36
8, 309, 50
8, 319, 9
8, 319, 11
8, 320, 51
8, 321, 39
8, 327, 42
8, 329, 54
8, 331, 27
8, 332, 21
8, 335, 44
8, 337, 37
8, 340, 14
8, 347, 16
8, 362, 25
8, 376, 54
8, 379, 50
8, 385, 44
8, 389, 8
8, 389, 42
8, 391, 3
8, 394, 25
8, 398, 62
8, 399, 14
9, 5, 32
9, 14, 9
9, 15, 18
9, 26, 30
9, 27, 41
9, 34, 47
9, 37, 49
9, 41, 5
9, 50, 53
9, 53, 8
9, 58, 14
9, 60, 33
9, 61, 21
9, 68, 14
9, 72, 15
9, 79, 57
9, 83, 7
9, 85, 24
9, 89, 40
9, 100, 17
9, 104, 47
9, 106, 23
9, 107, 34
9, 108, 45
9, 114, 25
9, 125, 41
9, 130, 42
9, 135, 11
9, 138, 41
9, 139, 9
9, 139, 29
9, 143, 5
9, 146, 38
9, 159, 33
9, 160, 44
9, 162, 57
9, 165, 12
9, 168, 55
9, 170, 40
9, 172, 24
9, 186, 49
9, 189, 55
9, 193, 30
9, 194, 61
9, 202, 38
9, 207, 34
9, 212, 26
9, 214, 17
9, 214, 45
9, 217, 21
9, 219, 47
9, 226, 32
9, 226, 45
9, 237, 25
9, 238, 32
9, 240, 13
9, 240, 40
9, 241, 49
9, 246, 8
9, 247, 17
9, 255, 53
9, 263, 23
9, 263, 33
9, 282, 9
9, 282, 14
9, 289, 42
9, 292, 15
9, 297, 21
9, 299, 32
9, 306, 49
9, 308, 12
9, 309, 24
9, 318, 9
9, 318, 18
9, 319, 34
9, 323, 72
9, 327, 38
9, 328, 41
9, 338, 30
9, 340, 26
9, 342, 44
9, 344, 7
9, 346, 45
9, 352, 41
9, 355, 53
9, 364, 14
9, 364, 33
9, 366, 34
9, 370, 12
9, 370, 23
9, 370, 49
9, 371, 55
9, 380, 17
9, 380, 61
9, 383, 13
9, 386, 26
9, 388, 21
9, 390, 29
9, 392, 30
9, 392, 40
9, 398, 5
10, 1, 27
10, 7, 35
10, 8, 43
10, 11, 17
10, 15, 54
10, 15, 55
10, 18, 50
10, 19, 47
10, 21, 23
10, 24, 14
10, 25, 4
10, 25, 19
10, 28, 40
10, 30, 29
10, 31, 9
10, 50, 62
10, 60, 31
10, 62, 4
10, 62, 34
10, 75, 60
10, 77, 30
10, 82, 3
10, 88, 11
10, 93, 21
10, 104, 3
10, 105, 54
10, 115, 6
10, 118, 23
10, 120, 51
10, 121, 9
10, 138, 19
10, 138, 40
10, 141, 36
10, 144, 54
10, 148, 47
10, 149, 27
10, 156, 47
10, 157, 11
10, 157, 19
10, 166, 23
10, 173, 21
10, 174, 29
10, 177, 20
10, 180, 17
10, 186, 14
10, 187, 20
10, 187, 29
10, 192, 22
10, 192, 29
10, 194, 14
10, 195, 29
10, 199, 34
10, 217, 19
10, 220, 50
10, 220, 62
10, 223, 34
10, 231, 23
10, 232, 11
10, 233, 56
10, 238, 36
10, 249, 60
10, 250, 30
10, 260, 29
10, 260, 51
10, 271, 6
10, 273, 43
10, 277, 27
10, 281, 60
10, 287, 21
10, 288, 14
10, 289, 55
10, 297, 54
10, 298, 40
10, 316, 27
10, 322, 56
10, 326, 22
10, 330, 17
10, 332, 23
10, 334, 46
10, 335, 47
10, 340, 2
10, 348, 11
10, 349, 34
10, 350, 14
10, 363, 3
10, 368, 29
10, 374, 9
10, 375, 30
10, 383, 20
10, 384, 3
10, 384, 60
10, 386, 51
10, 388, 50
10, 389, 17
10, 394, 4
10, 394, 47
10, 397, 29
10, 398, 36
11, 2, 53
11, 3, 43
11, 7, 2
11, 7, 9
11, 10, 35
11, 15, 48
11, 23, 10
11, 23, 34
11, 24, 28
11, 25, 24
11, 39, 14
11, 40, 45
11, 43, 7
11, 53, 29
11, 54, 15
11, 55, 41
11, 59, 26
11, 60, 5
11, 61, 44
11, 61, 55
11, 63, 50
11, 65, 16
11, 66, 31
11, 68, 38
11, 69, 22
11, 72, 39
11, 72, 52
11, 77, 45
11, 84, 7
11, 97, 9
11, 97, 54
11, 98, 33
11, 102, 15
11, 103, 32
11, 103, 51
11, 106, 48
11, 109, 24
11, 112, 9
11, 119, 38
11, 125, 37
11, 126, 41
11, 129, 5
11, 129, 17
11, 133, 53
11, 139, 27
11, 141, 15
11, 147, 58
11, 148, 5
11, 157, 33
11, 158, 54
11, 167, 16
11, 170, 37
11, 181, 44
11, 183, 28
11, 187, 35
11, 201, 58
11, 202, 26
11, 202, 32
11, 203, 48
11, 205, 11
11, 209, 34
11, 216, 23
11, 220, 58
11, 222, 14
11, 222, 43
11, 222, 48
11, 225, 26
11, 226, 31
11, 234, 29
11, 253, 10
11, 262, 22
11, 272, 11
11, 273, 54
11, 274, 31
11, 278, 27
11, 278, 38
11, 278, 45
11, 284, 28
11, 284, 55
11, 289, 50
11, 297, 34
11, 297, 52
11, 300, 5
11, 307, 32
11, 309, 16
11, 312, 2
11, 313, 24
11, 318, 39
11, 323, 17
11, 327, 53
11, 328, 7
11, 339, 33
11, 343, 27
11, 350, 26
11, 352, 15
11, 355, 41
11, 359, 32
11, 364, 48
11, 372, 45
11, 379, 23
11, 379, 31
11, 383, 40
11, 389, 43
11, 391, 5
11, 392, 58
11, 396, 20
11, 397, 22
12, 14, 20
12, 18, 19
12, 21, 33
12, 25, 52
12, 29, 4
12, 31, 27
12, 32, 37
12, 32, 42
12, 36, 24
12, 42, 6
12, 46, 32
12, 58, 3
12, 61, 10
12, 63, 40
12, 64, 37
12, 70, 18
12, 73, 6
12, 86, 33
12, 86, 57
12, 94, 35
12, 98, 10
12, 100, 3
12, 108, 11
12, 111, 15
12, 112, 1
12, 112, 6
12, 121, 3
12, 121, 8
12, 122, 42
12, 123, 31
12, 133, 16
12, 135, 6
12, 139, 32
12, 159, 53
12, 162, 25
12, 162, 50
12, 179, 19
12, 183, 18
12, 188, 27
12, 190, 11
12, 190, 37
12, 205, 33
12, 205, 39
12, 208, 13
12, 215, 40
12, 215, 51
12, 222, 10
12, 223, 39
12, 225, 54
12, 230, 15
12, 236, 42
12, 250, 36
12, 263, 51
12, 264, 32
12, 269, 6
12, 270, 31
12, 273, 52
12, 280, 35
12, 284, 33
12, 285, 1
12, 285, 57
12, 287, 11
12, 290, 4
12, 291, 37
12, 293, 18
12, 303, 24
12, 320, 18
12, 328, 3
12, 328, 50
12, 331, 8
12, 339, 37
12, 342, 11
12, 344, 54
12, 353, 13
12, 359, 4
12, 362, 37
12, 370, 18
12, 371, 6
12, 371, 40
12, 371, 42
12, 374, 51
12, 376, 53
12, 377, 27
12, 379, 37
12, 389, 52
12, 391, 10
12, 393, 20
12, 394, 15
12, 395, 1
13, 3, 47
13, 15, 36
13, 26, 34
13, 31, 8
13, 44, 42
13, 48, 8
13, 50, 12
13, 58, 13
13, 60, 23
13, 66, 13
13, 72, 40
13, 73, 17
13, 73, 24
13, 76, 3
13, 76, 9
13, 85, 47
13, 89, 13
13, 92, 23
13, 92, 41
13, 99, 48
13, 107, 8
13, 108, 1
13, 108, 37
13, 115, 26
13, 117, 51
13, 121, 45
13, 121, 56
13, 125, 35
13, 127, 47
13, 131, 23
13, 138, 11
13, 142, 53
13, 149, 34
13, 150, 3
13, 151, 24
13, 158, 43
13, 170, 53
13, 174, 42
13, 177, 48
13, 178, 12
13, 188, 5
13, 198, 47
13, 219, 38
13, 220, 57
13, 221, 51
13, 241, 31
13, 244, 13
13, 250, 37
13, 252, 4
13, 255, 43
13, 256, 17
13, 266, 44
13, 267, 1
13, 269, 47
13, 270, 41
13, 271, 34
13, 273, 15
13, 275, 57
13, 279, 45
13, 281, 23
13, 286, 38
13, 295, 9
13, 304, 45
13, 305, 35
13, 307, 4
13, 307, 12
13, 316, 56
13, 317, 48
13, 321, 26
13, 324, 41
13, 341, 24
13, 341, 31
13, 348, 3
13, 352, 53
13, 356, 48
13, 357, 45
13, 358, 37
13, 368, 12
13, 374, 38
13, 379, 3
13, 379, 8
13, 393, 43
14, 1, 15
14, 1, 33
14, 6, 44
14, 8, 12
14, 8, 15
14, 10, 26
14, 12, 11
14, 14, 43
14, 18, 58
14, 19, 53
14, 30, 24
14, 31, 42
14, 37, 2
14, 40, 23
14, 41, 14
14, 44, 13
14, 45, 18
14, 49, 22
14, 52, 19
14, 53, 26
14, 55, 33
14, 64, 54
14, 66, 35
14, 68, 42
14, 69, 36
14, 71, 28
14, 72, 33
14, 76, 39
14, 76, 61
14, 85, 8
14, 87, 31
14, 94, 48
14, 96, 35
14, 98, 51
14, 108, 6
14, 110, 44
14, 112, 2
14, 121, 27
14, 121, 45
14, 122, 52
14, 125, 8
14, 130, 12
14, 134, 34
14, 144, 22
14, 144, 61
14, 149, 28
14, 153, 53
14, 155, 12
14, 159, 49
14, 161, 23
14, 167, 15
14, 171, 13
14, 171, 27
14, 171, 39
14, 173, 18
14, 175, 15
14, 180, 26
14, 183, 42
14, 192, 36
14, 194, 43
14, 199, 39
14, 200, 54
14, 205, 18
14, 211, 31
14, 211, 42
14, 214, 61
14, 224, 35
14, 235, 26
14, 237, 19
14, 237, 42
14, 245, 27
14, 252, 22
14, 255, 48
14, 255, 58
14, 260, 45
14, 262, 11
14, 263, 52
14, 264, 8
14, 267, 36
14, 275, 12
14, 275, 13
14, 277, 53
14, 280, 33
14, 282, 39
14, 294, 52
14, 297, 28
14, 298, 15
14, 302, 16
14, 302, 23
14, 305, 2
14, 309, 49
14, 322, 27
14, 325, 36
14, 332, 13
14, 341, 19
14, 345, 24
14, 347, 42
14, 347, 61
14, 351, 10
14, 353, 58
14, 360, 27
14, 362, 30
14, 363, 28
14, 366, 22
14, 371, 18
14, 373, 11
14, 381, 16
14, 381, 52
14, 382, 8
14, 382, 42
14, 384, 2
14, 389, 15
14, 398, 31
15, 2, 38
15, 7, 2
15, 15, 1
15, 19, 19
15, 24, 24
15, 25, 48
15, 35, 4
15, 35, 34
15, 36, 11
15, 41, 55
15, 48, 7
15, 49, 10
15, 54, 16
15, 59, 34
15, 65, 57
15, 67, 22
15, 68, 21
15, 70, 2
15, 83, 37
15, 84, 28
15, 88, 35
15, 93, 24
15, 97, 44
15, 101, 4
15, 103, 24
15, 105, 30
15, 111, 11
15, 121, 16
15, 121, 34
15, 129, 1
15, 135, 46
15, 136, 6
15, 136, 38
15, 140, 11
15, 143, 34
15, 149, 42
15, 151, 35
15, 153, 43
15, 156, 19
15, 157, 33
15, 159, 30
15, 159, 48
15, 160, 37
15, 163, 33
15, 167, 21
15, 176, 53
15, 188, 28
15, 195, 44
15, 197, 26
15, 211, 46
15, 215, 16
15, 233, 55
15, 248, 3
15, 250, 21
15, 263, 19
15, 267, 10
15, 269, 19
15, 278, 57
15, 280, 21
15, 280, 35
15, 281, 16
15, 282, 10
15, 293, 48
15, 294, 11
15, 294, 28
15, 297, 53
15, 300, 37
15, 304, 38
15, 311, 2
15, 311, 21
15, 315, 34
15, 331, 6
15, 332, 33
15, 334, 30
15, 335, 24
15, 339, 35
15, 340, 46
15, 362, 53
15, 363, 3
15, 363, 6
15, 365, 43
15, 370, 34
15, 371, 4
15, 375, 1
15, 375, 24
15, 377, 2
15, 380, 57
15, 382, 33
15, 383, 6
15, 391, 44
15, 394, 1
15, 396, 35
16, 13, 31
16, 14, 21
16, 16, 26
16, 16, 30
16, 17, 48
16, 20, 43
16, 27, 25
16, 27, 42
16, 29, 37
16, 35, 12
16, 37, 32
16, 38, 2
16, 41, 25
16, 41, 52
16, 41, 54
16, 45, 49
16, 46, 38
16, 48, 43
16, 50, 20
16, 51, 40
16, 53, 4
16, 55, 44
16, 56, 55
16, 58, 50
16, 65, 7
16, 66, 29
16, 68, 3
16, 74, 35
16, 74, 54
16, 76, 20
16, 76, 51
16, 77, 37
16, 78, 8
16, 80, 38
16, 83, 6
16, 83, 53
16, 86, 53
16, 93, 31
16, 99, 48
16, 102, 26
16, 105, 10
16, 108, 15
16, 118, 7
16, 121, 43
16, 124, 27
16, 124, 35
16, 126, 54
16, 132, 18
16, 133, 21
16, 134, 50
16, 138, 39
16, 147, 39
16, 148, 47
16, 149, 44
16, 150, 12
16, 153, 3
16, 153, 47
16, 153, 56
16, 154, 12
16, 163, 48
16, 166, 11
16, 167, 53
16, 170, 6
16, 170, 42
16, 171, 19
16, 172, 51
16, 176, 26
16, 183, 38
16, 183, 44
16, 184, 35
16, 191, 24
16, 191, 32
16, 194, 23
16, 200, 29
16, 201, 29
16, 201, 40
16, 208, 42
16, 210, 18
16, 218, 9
16, 218, 37
16, 221, 16
16, 232, 38
16, 233, 21
16, 234, 54
16, 239, 37
16, 245, 53
16, 247, 43
16, 248, 21
16, 255, 6
16, 255, 39
16, 257, 15
16, 257, 20
16, 257, 40
16, 264, 49
16, 266, 27
16, 268, 32
16, 269, 4
16, 271, 8
16, 282, 42
16, 293, 8
16, 293, 35
16, 294, 51
16, 296, 41
16, 297, 18
16, 298, 12
16, 299, 4
16, 300, 19
16, 303, 15
16, 306, 10
16, 306, 26
16, 312, 29
16, 313, 3
16, 313, 50
16, 323, 49
16, 325, 26
16, 327, 18
16, 330, 11
16, 331, 25
16, 335, 35
16, 338, 42
16, 339, 7
16, 339, 24
16, 342, 20
16, 344, 16
16, 346, 47
16, 346, 55
16, 348, 6
16, 351, 8
16, 352, 44
16, 354, 37
16, 359, 23
16, 359, 56
16, 369, 32
16, 371, 31
16, 373, 38
16, 378, 19
16, 380, 27
16, 381, 43
16, 387, 51
16, 394, 49
16, 396, 40
16, 396, 41
17, 8, 19
17, 16, 12
17, 20, 29
17, 20, 48
17, 23, 27
17, 23, 44
17, 33, 19
17, 34, 60
17, 37, 55
17, 46, 3
17, 49, 55
17, 58, 5
17, 61, 34
17, 63, 47
17, 74, 12
17, 84, 11
17, 84, 22
17, 86, 59
17, 87, 4
17, 94, 52
17, 97, 36
17, 106, 10
17, 110, 29
17, 112, 23
17, 117, 14
17, 124, 5
17, 134, 23
17, 142, 3
17, 142, 18
17, 156, 37
17, 156, 52
17, 172, 24
17, 177, 22
17, 179, 56
17, 183, 60
17, 189, 13
17, 193, 41
17, 195, 55
17, 208, 44
17, 210, 35
17, 211, 18
17, 212, 45
17, 215, 25
17, 218, 48
17, 229, 4
17, 230, 10
17, 235, 46
17, 237, 14
17, 238, 52
17, 240, 12
17, 241, 44
17, 244, 59
17, 251, 13
17, 258, 11
17, 261, 19
17, 262, 18
17, 265, 36
17, 266, 35
17, 267, 24
17, 272, 60
17, 285, 34
17, 288, 11
17, 297, 5
17, 305, 23
17, 316, 37
17, 317, 34
17, 319, 19
17, 321, 24
17, 323, 41
17, 326, 13
17, 326, 29
17, 334, 26
17, 334, 44
17, 345, 49
17, 350, 32
17, 351, 27
17, 354, 52
17, 356, 5
17, 356, 60
17, 359, 35
17, 362, 56
17, 364, 4
17, 364, 59
17, 374, 3
17, 374, 47
17, 377, 41
17, 384, 66
17, 389, 18
17, 391, 10
17, 394, 36
17, 397, 45
18, 3, 6
18, 3, 43
18, 6, 25
18, 8, 49
18, 16, 28
18, 20, 5
18, 24, 44
18, 32, 1
18, 35, 16
18, 51, 15
18, 52, 13
18, 56, 48
18, 66, 24
18, 69, 58
18, 71, 28
18, 73, 26
18, 73, 50
18, 74, 57
18, 76, 43
18, 77, 21
18, 80, 3
18, 93, 17
18, 98, 6
18, 98, 20
18, 100, 42
18, 101, 38
18, 103, 5
18, 104, 40
18, 105, 43
18, 119, 4
18, 124, 16
18, 124, 49
18, 130, 1
18, 130, 25
18, 139, 44
18, 146, 54
18, 149, 28
18, 161, 34
18, 166, 24
18, 170, 42
18, 173, 16
18, 173, 40
18, 186, 18
18, 186, 38
18, 190, 42
18, 199, 67
18, 200, 46
18, 209, 15
18, 210, 6
18, 213, 57
18, 215, 28
18, 228, 20
18, 228, 50
18, 233, 40
18, 234, 48
18, 236, 26
18, 236, 43
18, 239, 49
18, 240, 44
18, 242, 21
18, 242, 46
18, 244, 24
18, 247, 13
18, 247, 17
18, 250, 1
18, 251, 49
18, 264, 38
18, 268, 58
18, 273, 40
18, 297, 26
18, 308, 1
18, 309, 3
18, 315, 18
18, 318, 4
18, 319, 42
18, 319, 57
18, 321, 54
18, 327, 49
18, 330, 28
18, 333, 5
18, 334, 15
18, 336, 38
18, 339, 17
18, 340, 49
18, 347, 1
18, 349, 4
18, 357, 34
18, 362, 26
18, 365, 46
18, 368, 54
18, 369, 40
18, 374, 21
18, 374, 50
18, 378, 48
18, 385, 13
18, 394, 24
19, 5, 16
19, 5, 33
19, 8, 44
19, 16, 32
19, 20, 62
19, 29, 49
19, 35, 22
19, 37, 36
19, 56, 21
19, 56, 54
19, 63, 22
19, 66, 19
19, 81, 31
19, 85, 57
19, 90, 55
19, 92, 29
19, 92, 36
19, 94, 11
19, 99, 50
19, 104, 10
19, 112, 43
19, 116, 34
19, 118, 45
19, 119, 12
19, 128, 7
19, 133, 36
19, 133, 39
19, 153, 21
19, 154, 26
19, 156, 44
19, 168, 49
19, 172, 39
19, 176, 16
19, 192, 39
19, 194, 22
19, 198, 26
19, 206, 33
19, 207, 55
19, 208, 62
19, 217, 10
19, 218, 34
19, 220, 33
19, 221, 11
19, 245, 54
19, 247, 36
19, 249, 29
19, 260, 32
19, 264, 50
19, 266, 55
19, 269, 16
19, 269, 45
19, 270, 1
19, 272, 13
19, 272, 39
19, 276, 49
19, 281, 62
19, 285, 33
19, 286, 43
19, 290, 57
19, 302, 32
19, 306, 32
19, 309, 16
19, 309, 36
19, 310, 12
19, 328, 7
19, 340, 34
19, 341, 1
19, 341, 44
19, 359, 10
19, 360, 19
19, 360, 44
19, 362, 31
19, 369, 55
19, 378, 33
19, 378, 39
19, 384, 33
19, 385, 21
19, 395, 13
19, 396, 36
19, 398, 21
