0, 0, 0
0, 1, 0
0, 2, 0
0, 3, 0
0, 4, 0
0, 5, 0
0, 6, 0
0, 7, 0
0, 8, 0
0, 9, 0
0, 10, 0
0, 11, 0
0, 12, 0
0, 13, 0
0, 14, 0
0, 15, 0
0, 16, 0
0, 17, 0
0, 18, 0
0, 19, 0
0, 20, 0
0, 21, 0
0, 22, 0
0, 23, 0
0, 24, 0
0, 25, 0
0, 26, 0
0, 27, 0
0, 28, 0
0, 29, 0
0, 30, 0
0, 31, 0
0, 32, 0
0, 33, 0
0, 34, 0
0, 35, 0
0, 36, 0
0, 37, 0
0, 38, 0
0, 39, 0
0, 40, 0
0, 41, 0
0, 42, 0
0, 43, 0
0, 44, 0
0, 45, 0
0, 46, 0
0, 47, 0
0, 48, 0
0, 49, 0
0, 50, 0
0, 51, 0
0, 52, 0
0, 53, 0
0, 54, 0
0, 55, 0
0, 56, 0
0, 57, 0
0, 58, 0
0, 59, 0
0, 60, 0
0, 61, 0
0, 62, 0
0, 63, 0
0, 64, 0
0, 65, 0
0, 66, 0
0, 67, 0
0, 68, 0
0, 69, 0
0, 70, 0
0, 71, 0
0, 72, 0
0, 73, 0
0, 74, 0
0, 75, 0
0, 76, 0
0, 77, 0
0, 78, 0
0, 79, 0
0, 80, 0
0, 81, 0
0, 82, 0
0, 83, 0
0, 84, 0
0, 85, 0
0, 86, 0
0, 87, 0
0, 88, 0
0, 89, 0
0, 90, 0
0, 91, 0
0, 92, 0
0, 93, 0
0, 94, 0
0, 95, 0
0, 96, 0
0, 97, 0
0, 98, 0
0, 99, 0
0, 100, 0
0, 101, 0
0, 102, 0
0, 103, 0
0, 104, 0
0, 105, 0
0, 106, 0
0, 107, 0
0, 108, 0
0, 109, 0
0, 110, 0
0, 111, 0
0, 112, 0
0, 113, 0
0, 114, 0
0, 115, 0
0, 116, 0
0, 117, 0
0, 118, 0
0, 119, 0
0, 120, 0
0, 121, 0
0, 122, 0
0, 123, 0
0, 124, 0
0, 125, 0
0, 126, 0
0, 127, 0
0, 128, 0
0, 129, 0
0, 130, 0
0, 131, 0
0, 132, 0
0, 133, 0
0, 134, 0
0, 135, 0
0, 136, 0
0, 137, 0
0, 138, 0
0, 139, 0
0, 140, 0
0, 141, 0
0, 142, 0
0, 143, 0
0, 144, 0
0, 145, 0
0, 146, 0
0, 147, 0
0, 148, 0
0, 149, 0
0, 150, 0
0, 151, 0
0, 152, 0
0, 153, 0
0, 154, 0
0, 155, 0
0, 156, 0
0, 157, 0
0, 158, 0
0, 159, 0
0, 160, 0
0, 161, 0
0, 162, 0
0, 163, 0
0, 164, 0
0, 165, 0
0, 166, 0
0, 167, 0
0, 168, 0
0, 169, 0
0, 170, 0
0, 171, 0
0, 172, 0
0, 173, 0
0, 174, 0
0, 175, 0
0, 176, 0
0, 177, 0
0, 178, 0
0, 179, 0
0, 180, 0
0, 181, 0
0, 182, 0
0, 183, 0
0, 184, 0
0, 185, 0
0, 186, 0
0, 187, 0
0, 188, 0
0, 189, 0
0, 190, 0
0, 191, 0
0, 192, 0
0, 193, 0
0, 194, 0
0, 195, 0
0, 196, 0
0, 197, 0
0, 198, 0
0, 199, 0
0, 200, 0
0, 201, 0
0, 202, 0
0, 203, 0
0, 204, 0
0, 205, 0
0, 206, 0
0, 207, 0
0, 208, 0
0, 209, 0
0, 210, 0
0, 211, 0
0, 212, 0
0, 213, 0
0, 214, 0
0, 215, 0
0, 216, 0
0, 217, 0
0, 218, 0
0, 219, 0
0, 220, 0
0, 221, 0
0, 222, 0
0, 223, 0
0, 224, 0
0, 225, 0
0, 226, 0
0, 227, 0
0, 228, 0
0, 229, 0
0, 230, 0
0, 231, 0
0, 232, 0
0, 233, 0
0, 234, 0
0, 235, 0
0, 236, 0
0, 237, 0
0, 238, 0
0, 239, 0
0, 240, 0
0, 241, 0
0, 242, 0
0, 243, 0
0, 244, 0
0, 245, 0
0, 246, 0
0, 247, 0
0, 248, 0
0, 249, 0
0, 250, 0
0, 251, 0
0, 252, 0
0, 253, 0
0, 254, 0
0, 255, 0
0, 256, 0
0, 257, 0
0, 258, 0
0, 259, 0
0, 260, 0
0, 261, 0
0, 262, 0
0, 263, 0
0, 264, 0
0, 265, 0
0, 266, 0
0, 267, 0
0, 268, 0
0, 269, 0
0, 270, 0
0, 271, 0
0, 272, 0
0, 273, 0
0, 274, 0
0, 275, 0
0, 276, 0
0, 277, 0
0, 278, 0
0, 279, 0
0, 280, 0
0, 281, 0
0, 282, 0
0, 283, 0
0, 284, 0
0, 285, 0
0, 286, 0
0, 287, 0
0, 288, 0
0, 289, 0
0, 290, 0
0, 291, 0
0, 292, 0
0, 293, 0
0, 294, 0
0, 295, 0
0, 296, 0
0, 297, 0
0, 298, 0
0, 299, 0
0, 300, 0
0, 301, 0
0, 302, 0
0, 303, 0
0, 304, 0
0, 305, 0
0, 306, 0
0, 307, 0
0, 308, 0
0, 309, 0
0, 310, 0
0, 311, 0
0, 312, 0
0, 313, 0
0, 314, 0
0, 315, 0
0, 316, 0
0, 317, 0
0, 318, 0
0, 319, 0
0, 320, 0
0, 321, 0
0, 322, 0
0, 323, 0
0, 324, 0
0, 325, 0
0, 326, 0
0, 327, 0
0, 328, 0
0, 329, 0
0, 330, 0
0, 331, 0
0, 332, 0
0, 333, 0
0, 334, 0
0, 335, 0
0, 336, 0
0, 337, 0
0, 338, 0
0, 339, 0
0, 340, 0
0, 341, 0
0, 342, 0
0, 343, 0
0, 344, 0
0, 345, 0
0, 346, 0
0, 347, 0
0, 348, 0
0, 349, 0
0, 350, 0
0, 351, 0
0, 352, 0
0, 353, 0
0, 354, 0
0, 355, 0
0, 356, 0
0, 357, 0
0, 358, 0
0, 359, 0
0, 360, 0
0, 361, 0
0, 362, 0
0, 363, 0
0, 364, 0
0, 365, 0
0, 366, 0
0, 367, 0
0, 368, 0
0, 369, 0
0, 370, 0
0, 371, 0
0, 372, 0
0, 373, 0
0, 374, 0
0, 375, 0
0, 376, 0
0, 377, 0
0, 378, 0
0, 379, 0
0, 380, 0
0, 381, 0
0, 382, 0
0, 383, 0
0, 384, 0
0, 385, 0
0, 386, 0
0, 387, 0
0, 388, 0
0, 389, 0
0, 390, 0
0, 391, 0
0, 392, 0
0, 393, 0
0, 394, 0
0, 395, 0
0, 396, 0
0, 397, 0
0, 398, 0
0, 399, 0
1, 0, 0
1, 1, 0
1, 2, 0
1, 3, 0
1, 4, 0
1, 5, 0
1, 6, 0
1, 7, 10
1, 8, 0
1, 9, 0
1, 10, 41
1, 11, 0
1, 12, 0
1, 13, 0
1, 14, 0
1, 15, 15
1, 16, 0
1, 17, 0
1, 18, 0
1, 19, 24
1, 20, 31
1, 21, 0
1, 22, 0
1, 23, 0
1, 24, 0
1, 25, 0
1, 26, 0
1, 27, 14
1, 28, 0
1, 29, 0
1, 30, 0
1, 31, 35
1, 32, 47
1, 33, 0
1, 34, 0
1, 35, 45
1, 36, 0
1, 37, 0
1, 38, 0
1, 39, 0
1, 40, 0
1, 41, 0
1, 42, 0
1, 43, 0
1, 44, 0
1, 45, 37
1, 46, 0
1, 47, 0
1, 48, 44
1, 49, 0
1, 50, 0
1, 51, 0
1, 52, 34
1, 53, 0
1, 54, 0
1, 55, 0
1, 56, 16
1, 57, 0
1, 58, 0
1, 59, 0
1, 60, 54
1, 61, 0
1, 62, 31
1, 63, 0
1, 64, 0
1, 65, 0
1, 66, 0
1, 67, 32
1, 68, 0
1, 69, 0
1, 70, 0
1, 71, 0
1, 72, 50
1, 73, 0
1, 74, 0
1, 75, 0
1, 76, 17
1, 77, 0
1, 78, 0
1, 79, 0
1, 80, 0
1, 81, 0
1, 82, 0
1, 83, 0
1, 84, 0
1, 85, 0
1, 86, 0
1, 87, 0
1, 88, 0
1, 89, 0
1, 90, 3
1, 91, 0
1, 92, 0
1, 93, 0
1, 94, 0
1, 95, 0
1, 96, 0
1, 97, 0
1, 98, 31
1, 99, 0
1, 100, 0
1, 101, 29
1, 102, 0
1, 103, 0
1, 104, 0
1, 105, 46
1, 106, 0
1, 107, 0
1, 108, 0
1, 109, 0
1, 110, 27
1, 111, 0
1, 112, 41
1, 113, 48
1, 114, 0
1, 115, 0
1, 116, 0
1, 117, 0
1, 118, 0
1, 119, 37
1, 120, 0
1, 121, 23
1, 122, 0
1, 123, 0
1, 124, 0
1, 125, 0
1, 126, 0
1, 127, 0
1, 128, 0
1, 129, 0
1, 130, 50
1, 131, 0
1, 132, 0
1, 133, 0
1, 134, 53
1, 135, 0
1, 136, 10
1, 137, 0
1, 138, 23
1, 139, 31
1, 140, 0
1, 141, 0
1, 142, 0
1, 143, 0
1, 144, 0
1, 145, 0
1, 146, 49
1, 147, 0
1, 148, 27
1, 149, 0
1, 150, 0
1, 151, 0
1, 152, 0
1, 153, 0
1, 154, 0
1, 155, 24
1, 156, 17
1, 157, 0
1, 158, 0
1, 159, 0
1, 160, 0
1, 161, 0
1, 162, 0
1, 163, 49
1, 164, 0
1, 165, 0
1, 166, 0
1, 167, 39
1, 168, 0
1, 169, 0
1, 170, 0
1, 171, 0
1, 172, 0
1, 173, 0
1, 174, 18
1, 175, 0
1, 176, 45
1, 177, 0
1, 178, 0
1, 179, 44
1, 180, 0
1, 181, 0
1, 182, 0
1, 183, 0
1, 184, 0
1, 185, 0
1, 186, 0
1, 187, 14
1, 188, 41
1, 189, 32
1, 190, 0
1, 191, 0
1, 192, 17
1, 193, 0
1, 194, 0
1, 195, 0
1, 196, 0
1, 197, 0
1, 198, 34
1, 199, 15
1, 200, 0
1, 201, 54
1, 202, 0
1, 203, 0
1, 204, 0
1, 205, 30
1, 206, 0
1, 207, 0
1, 208, 0
1, 209, 0
1, 210, 0
1, 211, 0
1, 212, 24
1, 213, 0
1, 214, 0
1, 215, 0
1, 216, 0
1, 217, 18
1, 218, 0
1, 219, 0
1, 220, 36
1, 221, 0
1, 222, 0
1, 223, 49
1, 224, 0
1, 225, 20
1, 226, 0
1, 227, 0
1, 228, 39
1, 229, 0
1, 230, 35
1, 231, 0
1, 232, 0
1, 233, 50
1, 234, 0
1, 235, 0
1, 236, 0
1, 237, 0
1, 238, 48
1, 239, 41
1, 240, 0
1, 241, 11
1, 242, 0
1, 243, 16
1, 244, 0
1, 245, 0
1, 246, 0
1, 247, 0
1, 248, 0
1, 249, 25
1, 250, 0
1, 251, 0
1, 252, 48
1, 253, 0
1, 254, 0
1, 255, 0
1, 256, 37
1, 257, 0
1, 258, 0
1, 259, 0
1, 260, 0
1, 261, 0
1, 262, 0
1, 263, 0
1, 264, 0
1, 265, 0
1, 266, 0
1, 267, 0
1, 268, 0
1, 269, 0
1, 270, 0
1, 271, 23
1, 272, 0
1, 273, 0
1, 274, 0
1, 275, 0
1, 276, 29
1, 277, 0
1, 278, 18
1, 279, 0
1, 280, 0
1, 281, 20
1, 282, 0
1, 283, 0
1, 284, 0
1, 285, 0
1, 286, 54
1, 287, 45
1, 288, 39
1, 289, 0
1, 290, 3
1, 291, 0
1, 292, 0
1, 293, 0
1, 294, 0
1, 295, 27
1, 296, 0
1, 297, 0
1, 298, 0
1, 299, 0
1, 300, 0
1, 301, 0
1, 302, 0
1, 303, 0
1, 304, 0
1, 305, 44
1, 306, 32
1, 307, 0
1, 308, 0
1, 309, 0
1, 310, 0
1, 311, 0
1, 312, 15
1, 313, 0
1, 314, 0
1, 315, 0
1, 316, 0
1, 317, 0
1, 318, 54
1, 319, 0
1, 320, 0
1, 321, 0
1, 322, 0
1, 323, 0
1, 324, 0
1, 325, 0
1, 326, 0
1, 327, 0
1, 328, 25
1, 329, 0
1, 330, 34
1, 331, 53
1, 332, 0
1, 333, 0
1, 334, 0
1, 335, 0
1, 336, 15
1, 337, 0
1, 338, 0
1, 339, 41
1, 340, 0
1, 341, 20
1, 342, 23
1, 343, 0
1, 344, 0
1, 345, 0
1, 346, 0
1, 347, 0
1, 348, 0
1, 349, 0
1, 350, 33
1, 351, 0
1, 352, 0
1, 353, 0
1, 354, 0
1, 355, 0
1, 356, 0
1, 357, 0
1, 358, 0
1, 359, 0
1, 360, 36
1, 361, 30
1, 362, 0
1, 363, 0
1, 364, 0
1, 365, 0
1, 366, 3
1, 367, 0
1, 368, 0
1, 369, 0
1, 370, 0
1, 371, 0
1, 372, 0
1, 373, 10
1, 374, 0
1, 375, 0
1, 376, 0
1, 377, 0
1, 378, 0
1, 379, 0
1, 380, 15
1, 381, 0
1, 382, 0
1, 383, 0
1, 384, 0
1, 385, 46
1, 386, 0
1, 387, 0
1, 388, 31
1, 389, 0
1, 390, 0
1, 391, 35
1, 392, 0
1, 393, 0
1, 394, 0
1, 395, 3
1, 396, 0
1, 397, 0
1, 398, 0
1, 399, 0
2, 0, 0
2, 1, 0
2, 2, 39
2, 3, 0
2, 4, 0
2, 5, 0
2, 6, 41
2, 7, 0
2, 8, 0
2, 9, 0
2, 10, 0
2, 11, 0
2, 12, 21
2, 13, 0
2, 14, 0
2, 15, 0
2, 16, 0
2, 17, 58
2, 18, 29
2, 19, 0
2, 20, 33
2, 21, 0
2, 22, 0
2, 23, 44
2, 24, 36
2, 25, 0
2, 26, 0
2, 27, 0
2, 28, 0
2, 29, 0
2, 30, 0
2, 31, 0
2, 32, 50
2, 33, 17
2, 34, 31
2, 35, 0
2, 36, 0
2, 37, 0
2, 38, 0
2, 39, 0
2, 40, 47
2, 41, 0
2, 42, 0
2, 43, 7
2, 44, 0
2, 45, 0
2, 46, 0
2, 47, 0
2, 48, 17
2, 49, 5
2, 50, 0
2, 51, 20
2, 52, 0
2, 53, 0
2, 54, 41
2, 55, 0
2, 56, 38
2, 57, 0
2, 58, 0
2, 59, 0
2, 60, 13
2, 61, 0
2, 62, 0
2, 63, 0
2, 64, 0
2, 65, 44
2, 66, 0
2, 67, 21
2, 68, 0
2, 69, 0
2, 70, 0
2, 71, 0
2, 72, 0
2, 73, 0
2, 74, 0
2, 75, 4
2, 76, 0
2, 77, 12
2, 78, 30
2, 79, 0
2, 80, 0
2, 81, 0
2, 82, 48
2, 83, 53
2, 84, 0
2, 85, 0
2, 86, 0
2, 87, 39
2, 88, 0
2, 89, 0
2, 90, 0
2, 91, 46
2, 92, 6
2, 93, 41
2, 94, 0
2, 95, 0
2, 96, 0
2, 97, 0
2, 98, 35
2, 99, 55
2, 100, 0
2, 101, 0
2, 102, 0
2, 103, 0
2, 104, 0
2, 105, 0
2, 106, 0
2, 107, 0
2, 108, 45
2, 109, 1
2, 110, 0
2, 111, 0
2, 112, 0
2, 113, 0
2, 114, 0
2, 115, 8
2, 116, 0
2, 117, 0
2, 118, 0
2, 119, 0
2, 120, 0
2, 121, 0
2, 122, 0
2, 123, 0
2, 124, 0
2, 125, 0
2, 126, 0
2, 127, 0
2, 128, 0
2, 129, 0
2, 130, 0
2, 131, 13
2, 132, 0
2, 133, 0
2, 134, 0
2, 135, 0
2, 136, 0
2, 137, 29
2, 138, 46
2, 139, 0
2, 140, 0
2, 141, 0
2, 142, 0
2, 143, 0
2, 144, 0
2, 145, 0
2, 146, 0
2, 147, 0
2, 148, 7
2, 149, 0
2, 150, 0
2, 151, 0
2, 152, 0
2, 153, 0
2, 154, 0
2, 155, 0
2, 156, 0
2, 157, 0
2, 158, 0
2, 159, 0
2, 160, 0
2, 161, 0
2, 162, 36
2, 163, 45
2, 164, 0
2, 165, 0
2, 166, 0
2, 167, 0
2, 168, 0
2, 169, 0
2, 170, 17
2, 171, 0
2, 172, 53
2, 173, 36
2, 174, 39
2, 175, 58
2, 176, 0
2, 177, 0
2, 178, 21
2, 179, 0
2, 180, 0
2, 181, 28
2, 182, 16
2, 183, 0
2, 184, 50
2, 185, 0
2, 186, 0
2, 187, 0
2, 188, 0
2, 189, 0
2, 190, 30
2, 191, 0
2, 192, 0
2, 193, 0
2, 194, 0
2, 195, 0
2, 196, 48
2, 197, 0
2, 198, 0
2, 199, 20
2, 200, 0
2, 201, 0
2, 202, 44
2, 203, 0
2, 204, 28
2, 205, 13
2, 206, 0
2, 207, 0
2, 208, 0
2, 209, 0
2, 210, 0
2, 211, 0
2, 212, 0
2, 213, 0
2, 214, 0
2, 215, 32
2, 216, 0
2, 217, 39
2, 218, 33
2, 219, 0
2, 220, 0
2, 221, 46
2, 222, 0
2, 223, 0
2, 224, 0
2, 225, 0
2, 226, 0
2, 227, 20
2, 228, 0
2, 229, 0
2, 230, 0
2, 231, 30
2, 232, 25
2, 233, 12
2, 234, 46
2, 235, 26
2, 236, 0
2, 237, 0
2, 238, 0
2, 239, 0
2, 240, 0
2, 241, 0
2, 242, 0
2, 243, 0
2, 244, 0
2, 245, 0
2, 246, 0
2, 247, 3
2, 248, 0
2, 249, 0
2, 250, 0
2, 251, 0
2, 252, 0
2, 253, 19
2, 254, 45
2, 255, 0
2, 256, 0
2, 257, 0
2, 258, 39
2, 259, 0
2, 260, 0
2, 261, 0
2, 262, 0
2, 263, 0
2, 264, 0
2, 265, 0
2, 266, 0
2, 267, 38
2, 268, 0
2, 269, 0
2, 270, 50
2, 271, 5
2, 272, 0
2, 273, 36
2, 274, 0
2, 275, 35
2, 276, 4
2, 277, 25
2, 278, 0
2, 279, 0
2, 280, 0
2, 281, 0
2, 282, 0
2, 283, 0
2, 284, 0
2, 285, 0
2, 286, 0
2, 287, 0
2, 288, 21
2, 289, 36
2, 290, 0
2, 291, 0
2, 292, 31
2, 293, 55
2, 294, 0
2, 295, 0
2, 296, 0
2, 297, 0
2, 298, 6
2, 299, 0
2, 300, 10
2, 301, 6
2, 302, 0
2, 303, 0
2, 304, 31
2, 305, 58
2, 306, 0
2, 307, 0
2, 308, 0
2, 309, 0
2, 310, 0
2, 311, 0
2, 312, 0
2, 313, 0
2, 314, 4
2, 315, 0
2, 316, 17
2, 317, 0
2, 318, 0
2, 319, 0
2, 320, 0
2, 321, 0
2, 322, 47
2, 323, 20
2, 324, 0
2, 325, 53
2, 326, 0
2, 327, 0
2, 328, 0
2, 329, 0
2, 330, 0
2, 331, 0
2, 332, 0
2, 333, 1
2, 334, 0
2, 335, 0
2, 336, 0
2, 337, 0
2, 338, 0
2, 339, 0
2, 340, 0
2, 341, 0
2, 342, 50
2, 343, 28
2, 344, 0
2, 345, 8
2, 346, 0
2, 347, 0
2, 348, 0
2, 349, 36
2, 350, 26
2, 351, 46
2, 352, 0
2, 353, 0
2, 354, 23
2, 355, 4
2, 356, 0
2, 357, 0
2, 358, 39
2, 359, 0
2, 360, 0
2, 361, 0
2, 362, 55
2, 363, 21
2, 364, 45
2, 365, 0
2, 366, 0
2, 367, 0
2, 368, 7
2, 369, 0
2, 370, 0
2, 371, 0
2, 372, 0
2, 373, 0
2, 374, 0
2, 375, 0
2, 376, 0
2, 377, 12
2, 378, 44
2, 379, 0
2, 380, 0
2, 381, 0
2, 382, 35
2, 383, 0
2, 384, 0
2, 385, 0
2, 386, 0
2, 387, 0
2, 388, 0
2, 389, 58
2, 390, 0
2, 391, 0
2, 392, 0
2, 393, 0
2, 394, 0
2, 395, 0
2, 396, 0
2, 397, 0
2, 398, 0
2, 399, 19
3, 0, 0
3, 1, 0
3, 2, 0
3, 3, 24
3, 4, 0
3, 5, 4
3, 6, 0
3, 7, 21
3, 8, 0
3, 9, 0
3, 10, 53
3, 11, 27
3, 12, 51
3, 13, 0
3, 14, 0
3, 15, 4
3, 16, 41
3, 17, 0
3, 18, 0
3, 19, 0
3, 20, 0
3, 21, 0
3, 22, 0
3, 23, 0
3, 24, 47
3, 25, 7
3, 26, 0
3, 27, 0
3, 28, 19
3, 29, 0
3, 30, 0
3, 31, 0
3, 32, 0
3, 33, 39
3, 34, 44
3, 35, 0
3, 36, 34
3, 37, 0
3, 38, 0
3, 39, 0
3, 40, 16
3, 41, 12
3, 42, 0
3, 43, 0
3, 44, 0
3, 45, 61
3, 46, 0
3, 47, 0
3, 48, 0
3, 49, 14
3, 50, 0
3, 51, 0
3, 52, 0
3, 53, 0
3, 54, 49
3, 55, 53
3, 56, 16
3, 57, 0
3, 58, 0
3, 59, 0
3, 60, 0
3, 61, 0
3, 62, 0
3, 63, 0
3, 64, 0
3, 65, 0
3, 66, 0
3, 67, 0
3, 68, 0
3, 69, 0
3, 70, 43
3, 71, 0
3, 72, 0
3, 73, 0
3, 74, 0
3, 75, 0
3, 76, 60
3, 77, 22
3, 78, 0
3, 79, 9
3, 80, 0
3, 81, 48
3, 82, 0
3, 83, 34
3, 84, 15
3, 85, 0
3, 86, 0
3, 87, 0
3, 88, 27
3, 89, 0
3, 90, 0
3, 91, 0
3, 92, 0
3, 93, 25
3, 94, 0
3, 95, 2
3, 96, 0
3, 97, 0
3, 98, 42
3, 99, 0
3, 100, 11
3, 101, 0
3, 102, 0
3, 103, 17
3, 104, 10
3, 105, 23
3, 106, 0
3, 107, 0
3, 108, 0
3, 109, 0
3, 110, 38
3, 111, 0
3, 112, 0
3, 113, 1
3, 114, 28
3, 115, 14
3, 116, 7
3, 117, 0
3, 118, 0
3, 119, 0
3, 120, 0
3, 121, 0
3, 122, 0
3, 123, 0
3, 124, 24
3, 125, 21
3, 126, 0
3, 127, 23
3, 128, 40
3, 129, 0
3, 130, 0
3, 131, 0
3, 132, 0
3, 133, 33
3, 134, 0
3, 135, 0
3, 136, 0
3, 137, 50
3, 138, 0
3, 139, 51
3, 140, 0
3, 141, 0
3, 142, 0
3, 143, 51
3, 144, 44
3, 145, 0
3, 146, 39
3, 147, 15
3, 148, 33
3, 149, 14
3, 150, 0
3, 151, 17
3, 152, 0
3, 153, 42
3, 154, 0
3, 155, 57
3, 156, 12
3, 157, 0
3, 158, 0
3, 159, 43
3, 160, 0
3, 161, 0
3, 162, 0
3, 163, 0
3, 164, 0
3, 165, 0
3, 166, 0
3, 167, 0
3, 168, 0
3, 169, 0
3, 170, 0
3, 171, 0
3, 172, 0
3, 173, 53
3, 174, 0
3, 175, 0
3, 176, 0
3, 177, 0
3, 178, 0
3, 179, 37
3, 180, 0
3, 181, 0
3, 182, 47
3, 183, 0
3, 184, 0
3, 185, 21
3, 186, 0
3, 187, 48
3, 188, 0
3, 189, 0
3, 190, 0
3, 191, 21
3, 192, 0
3, 193, 0
3, 194, 0
3, 195, 41
3, 196, 61
3, 197, 16
3, 198, 0
3, 199, 0
3, 200, 0
3, 201, 0
3, 202, 0
3, 203, 0
3, 204, 19
3, 205, 0
3, 206, 41
3, 207, 0
3, 208, 57
3, 209, 27
3, 210, 13
3, 211, 0
3, 212, 22
3, 213, 0
3, 214, 0
3, 215, 0
3, 216, 0
3, 217, 0
3, 218, 11
3, 219, 50
3, 220, 0
3, 221, 0
3, 222, 0
3, 223, 0
3, 224, 16
3, 225, 0
3, 226, 0
3, 227, 50
3, 228, 0
3, 229, 0
3, 230, 0
3, 231, 25
3, 232, 0
3, 233, 0
3, 234, 0
3, 235, 0
3, 236, 0
3, 237, 0
3, 238, 0
3, 239, 0
3, 240, 0
3, 241, 38
3, 242, 0
3, 243, 23
3, 244, 0
3, 245, 0
3, 246, 0
3, 247, 0
3, 248, 0
3, 249, 0
3, 250, 32
3, 251, 0
3, 252, 0
3, 253, 9
3, 254, 0
3, 255, 0
3, 256, 0
3, 257, 0
3, 258, 0
3, 259, 43
3, 260, 42
3, 261, 0
3, 262, 64
3, 263, 0
3, 264, 0
3, 265, 44
3, 266, 53
3, 267, 0
3, 268, 0
3, 269, 14
3, 270, 51
3, 271, 7
3, 272, 0
3, 273, 0
3, 274, 0
3, 275, 0
3, 276, 0
3, 277, 0
3, 278, 0
3, 279, 10
3, 280, 11
3, 281, 0
3, 282, 0
3, 283, 0
3, 284, 0
3, 285, 33
3, 286, 0
3, 287, 21
3, 288, 0
3, 289, 0
3, 290, 0
3, 291, 0
3, 292, 0
3, 293, 0
3, 294, 0
3, 295, 0
3, 296, 1
3, 297, 2
3, 298, 0
3, 299, 0
3, 300, 0
3, 301, 0
3, 302, 0
3, 303, 38
3, 304, 0
3, 305, 0
3, 306, 44
3, 307, 0
3, 308, 28
3, 309, 0
3, 310, 0
3, 311, 17
3, 312, 60
3, 313, 0
3, 314, 57
3, 315, 0
3, 316, 0
3, 317, 12
3, 318, 0
3, 319, 0
3, 320, 40
3, 321, 0
3, 322, 33
3, 323, 0
3, 324, 0
3, 325, 0
3, 326, 0
3, 327, 0
3, 328, 0
3, 329, 9
3, 330, 0
3, 331, 0
3, 332, 0
3, 333, 0
3, 334, 0
3, 335, 0
3, 336, 0
3, 337, 19
3, 338, 0
3, 339, 30
3, 340, 61
3, 341, 0
3, 342, 14
3, 343, 0
3, 344, 0
3, 345, 13
3, 346, 0
3, 347, 0
3, 348, 0
3, 349, 37
3, 350, 19
3, 351, 0
3, 352, 0
3, 353, 0
3, 354, 0
3, 355, 0
3, 356, 0
3, 357, 50
3, 358, 0
3, 359, 0
3, 360, 48
3, 361, 42
3, 362, 0
3, 363, 0
3, 364, 0
3, 365, 22
3, 366, 0
3, 367, 0
3, 368, 32
3, 369, 0
3, 370, 0
3, 371, 44
3, 372, 0
3, 373, 38
3, 374, 0
3, 375, 0
3, 376, 15
3, 377, 0
3, 378, 0
3, 379, 0
3, 380, 0
3, 381, 0
3, 382, 0
3, 383, 0
3, 384, 51
3, 385, 0
3, 386, 0
3, 387, 0
3, 388, 9
3, 389, 0
3, 390, 0
3, 391, 0
3, 392, 33
3, 393, 0
3, 394, 0
3, 395, 30
3, 396, 11
3, 397, 36
3, 398, 27
3, 399, 0
4, 0, 0
4, 1, 48
4, 2, 0
4, 3, 0
4, 4, 0
4, 5, 0
4, 6, 0
4, 7, 0
4, 8, 0
4, 9, 0
4, 10, 0
4, 11, 0
4, 12, 0
4, 13, 0
4, 14, 0
4, 15, 9
4, 16, 0
4, 17, 0
4, 18, 0
4, 19, 0
4, 20, 7
4, 21, 0
4, 22, 0
4, 23, 0
4, 24, 0
4, 25, 20
4, 26, 0
4, 27, 0
4, 28, 0
4, 29, 0
4, 30, 0
4, 31, 0
4, 32, 0
4, 33, 5
4, 34, 0
4, 35, 40
4, 36, 32
4, 37, 0
4, 38, 24
4, 39, 0
4, 40, 0
4, 41, 0
4, 42, 0
4, 43, 0
4, 44, 0
4, 45, 0
4, 46, 0
4, 47, 0
4, 48, 0
4, 49, 0
4, 50, 39
4, 51, 0
4, 52, 0
4, 53, 21
4, 54, 27
4, 55, 0
4, 56, 0
4, 57, 0
4, 58, 0
4, 59, 0
4, 60, 49
4, 61, 29
4, 62, 0
4, 63, 9
4, 64, 0
4, 65, 28
4, 66, 0
4, 67, 0
4, 68, 0
4, 69, 33
4, 70, 0
4, 71, 25
4, 72, 2
4, 73, 7
4, 74, 0
4, 75, 4
4, 76, 0
4, 77, 0
4, 78, 0
4, 79, 47
4, 80, 0
4, 81, 0
4, 82, 0
4, 83, 0
4, 84, 0
4, 85, 0
4, 86, 0
4, 87, 0
4, 88, 0
4, 89, 29
4, 90, 0
4, 91, 0
4, 92, 20
4, 93, 0
4, 94, 19
4, 95, 0
4, 96, 0
4, 97, 0
4, 98, 9
4, 99, 34
4, 100, 0
4, 101, 0
4, 102, 0
4, 103, 0
4, 104, 0
4, 105, 41
4, 106, 0
4, 107, 0
4, 108, 0
4, 109, 0
4, 110, 0
4, 111, 0
4, 112, 0
4, 113, 0
4, 114, 44
4, 115, 40
4, 116, 48
4, 117, 0
4, 118, 41
4, 119, 0
4, 120, 0
4, 121, 0
4, 122, 0
4, 123, 52
4, 124, 0
4, 125, 0
4, 126, 0
4, 127, 0
4, 128, 0
4, 129, 0
4, 130, 0
4, 131, 0
4, 132, 0
4, 133, 0
4, 134, 0
4, 135, 0
4, 136, 21
4, 137, 0
4, 138, 30
4, 139, 0
4, 140, 0
4, 141, 0
4, 142, 0
4, 143, 10
4, 144, 0
4, 145, 0
4, 146, 5
4, 147, 36
4, 148, 0
4, 149, 0
4, 150, 0
4, 151, 0
4, 152, 0
4, 153, 36
4, 154, 20
4, 155, 32
4, 156, 20
4, 157, 31
4, 158, 0
4, 159, 0
4, 160, 0
4, 161, 0
4, 162, 54
4, 163, 0
4, 164, 22
4, 165, 42
4, 166, 0
4, 167, 0
4, 168, 0
4, 169, 0
4, 170, 0
4, 171, 0
4, 172, 0
4, 173, 0
4, 174, 0
4, 175, 27
4, 176, 24
4, 177, 52
4, 178, 0
4, 179, 0
4, 180, 0
4, 181, 23
4, 182, 0
4, 183, 0
4, 184, 0
4, 185, 0
4, 186, 0
4, 187, 0
4, 188, 0
4, 189, 0
4, 190, 0
4, 191, 0
4, 192, 49
4, 193, 0
4, 194, 39
4, 195, 0
4, 196, 0
4, 197, 33
4, 198, 0
4, 199, 0
4, 200, 0
4, 201, 28
4, 202, 0
4, 203, 0
4, 204, 0
4, 205, 37
4, 206, 32
4, 207, 0
4, 208, 0
4, 209, 0
4, 210, 0
4, 211, 40
4, 212, 48
4, 213, 0
4, 214, 0
4, 215, 0
4, 216, 0
4, 217, 0
4, 218, 0
4, 219, 40
4, 220, 43
4, 221, 0
4, 222, 0
4, 223, 0
4, 224, 0
4, 225, 0
4, 226, 0
4, 227, 0
4, 228, 0
4, 229, 0
4, 230, 0
4, 231, 36
4, 232, 0
4, 233, 52
4, 234, 0
4, 235, 41
4, 236, 0
4, 237, 46
4, 238, 0
4, 239, 0
4, 240, 41
4, 241, 54
4, 242, 0
4, 243, 0
4, 244, 0
4, 245, 0
4, 246, 0
4, 247, 0
4, 248, 0
4, 249, 0
4, 250, 0
4, 251, 7
4, 252, 4
4, 253, 0
4, 254, 0
4, 255, 0
4, 256, 0
4, 257, 22
4, 258, 2
4, 259, 0
4, 260, 47
4, 261, 0
4, 262, 0
4, 263, 0
4, 264, 4
4, 265, 0
4, 266, 0
4, 267, 0
4, 268, 0
4, 269, 20
4, 270, 28
4, 271, 19
4, 272, 0
4, 273, 0
4, 274, 0
4, 275, 0
4, 276, 0
4, 277, 0
4, 278, 0
4, 279, 0
4, 280, 0
4, 281, 0
4, 282, 0
4, 283, 0
4, 284, 0
4, 285, 46
4, 286, 0
4, 287, 0
4, 288, 0
4, 289, 0
4, 290, 17
4, 291, 0
4, 292, 0
4, 293, 39
4, 294, 0
4, 295, 0
4, 296, 0
4, 297, 0
4, 298, 0
4, 299, 0
4, 300, 0
4, 301, 0
4, 302, 0
4, 303, 42
4, 304, 0
4, 305, 0
4, 306, 0
4, 307, 23
4, 308, 37
4, 309, 29
4, 310, 0
4, 311, 0
4, 312, 0
4, 313, 0
4, 314, 0
4, 315, 0
4, 316, 7
4, 317, 54
4, 318, 0
4, 319, 0
4, 320, 0
4, 321, 0
4, 322, 0
4, 323, 52
4, 324, 0
4, 325, 65
4, 326, 0
4, 327, 27
4, 328, 0
4, 329, 0
4, 330, 0
4, 331, 43
4, 332, 31
4, 333, 0
4, 334, 40
4, 335, 32
4, 336, 0
4, 337, 0
4, 338, 46
4, 339, 0
4, 340, 0
4, 341, 0
4, 342, 0
4, 343, 20
4, 344, 0
4, 345, 34
4, 346, 0
4, 347, 0
4, 348, 0
4, 349, 0
4, 350, 0
4, 351, 0
4, 352, 0
4, 353, 0
4, 354, 0
4, 355, 0
4, 356, 0
4, 357, 0
4, 358, 0
4, 359, 0
4, 360, 0
4, 361, 0
4, 362, 0
4, 363, 0
4, 364, 0
4, 365, 0
4, 366, 0
4, 367, 0
4, 368, 0
4, 369, 52
4, 370, 0
4, 371, 0
4, 372, 27
4, 373, 33
4, 374, 48
4, 375, 0
4, 376, 0
4, 377, 40
4, 378, 44
4, 379, 0
4, 380, 0
4, 381, 0
4, 382, 41
4, 383, 0
4, 384, 0
4, 385, 0
4, 386, 0
4, 387, 30
4, 388, 0
4, 389, 47
4, 390, 0
4, 391, 0
4, 392, 0
4, 393, 0
4, 394, 0
4, 395, 4
4, 396, 29
4, 397, 0
4, 398, 0
4, 399, 0
5, 0, 0
5, 1, 0
5, 2, 0
5, 3, 0
5, 4, 32
5, 5, 36
5, 6, 24
5, 7, 0
5, 8, 0
5, 9, 0
5, 10, 0
5, 11, 0
5, 12, 0
5, 13, 0
5, 14, 0
5, 15, 0
5, 16, 0
5, 17, 0
5, 18, 28
5, 19, 0
5, 20, 3
5, 21, 0
5, 22, 0
5, 23, 0
5, 24, 0
5, 25, 0
5, 26, 52
5, 27, 34
5, 28, 0
5, 29, 0
5, 30, 44
5, 31, 0
5, 32, 0
5, 33, 0
5, 34, 0
5, 35, 14
5, 36, 13
5, 37, 0
5, 38, 0
5, 39, 34
5, 40, 0
5, 41, 0
5, 42, 0
5, 43, 0
5, 44, 54
5, 45, 0
5, 46, 0
5, 47, 0
5, 48, 0
5, 49, 0
5, 50, 0
5, 51, 0
5, 52, 0
5, 53, 12
5, 54, 0
5, 55, 36
5, 56, 0
5, 57, 0
5, 58, 34
5, 59, 0
5, 60, 28
5, 61, 0
5, 62, 59
5, 63, 0
5, 64, 0
5, 65, 0
5, 66, 32
5, 67, 0
5, 68, 0
5, 69, 0
5, 70, 11
5, 71, 0
5, 72, 0
5, 73, 56
5, 74, 0
5, 75, 47
5, 76, 45
5, 77, 50
5, 78, 0
5, 79, 34
5, 80, 0
5, 81, 0
5, 82, 41
5, 83, 0
5, 84, 11
5, 85, 0
5, 86, 0
5, 87, 0
5, 88, 0
5, 89, 0
5, 90, 0
5, 91, 0
5, 92, 0
5, 93, 0
5, 94, 52
5, 95, 11
5, 96, 0
5, 97, 0
5, 98, 0
5, 99, 0
5, 100, 42
5, 101, 40
5, 102, 0
5, 103, 0
5, 104, 0
5, 105, 0
5, 106, 16
5, 107, 8
5, 108, 0
5, 109, 0
5, 110, 0
5, 111, 32
5, 112, 42
5, 113, 0
5, 114, 0
5, 115, 0
5, 116, 0
5, 117, 0
5, 118, 0
5, 119, 3
5, 120, 0
5, 121, 0
5, 122, 0
5, 123, 46
5, 124, 14
5, 125, 0
5, 126, 44
5, 127, 44
5, 128, 0
5, 129, 9
5, 130, 0
5, 131, 0
5, 132, 0
5, 133, 28
5, 134, 0
5, 135, 0
5, 136, 0
5, 137, 0
5, 138, 23
5, 139, 19
5, 140, 0
5, 141, 12
5, 142, 0
5, 143, 0
5, 144, 12
5, 145, 0
5, 146, 0
5, 147, 0
5, 148, 0
5, 149, 0
5, 150, 54
5, 151, 0
5, 152, 0
5, 153, 0
5, 154, 0
5, 155, 34
5, 156, 0
5, 157, 43
5, 158, 0
5, 159, 53
5, 160, 0
5, 161, 0
5, 162, 49
5, 163, 0
5, 164, 0
5, 165, 52
5, 166, 0
5, 167, 0
5, 168, 0
5, 169, 0
5, 170, 25
5, 171, 0
5, 172, 0
5, 173, 0
5, 174, 0
5, 175, 64
5, 176, 0
5, 177, 30
5, 178, 0
5, 179, 0
5, 180, 0
5, 181, 0
5, 182, 0
5, 183, 0
5, 184, 0
5, 185, 12
5, 186, 0
5, 187, 0
5, 188, 0
5, 189, 0
5, 190, 0
5, 191, 0
5, 192, 0
5, 193, 0
5, 194, 18
5, 195, 47
5, 196, 0
5, 197, 0
5, 198, 0
5, 199, 0
5, 200, 0
5, 201, 0
5, 202, 0
5, 203, 24
5, 204, 0
5, 205, 0
5, 206, 0
5, 207, 0
5, 208, 0
5, 209, 0
5, 210, 17
5, 211, 0
5, 212, 0
5, 213, 0
5, 214, 0
5, 215, 32
5, 216, 45
5, 217, 56
5, 218, 19
5, 219, 47
5, 220, 0
5, 221, 0
5, 222, 0
5, 223, 0
5, 224, 0
5, 225, 0
5, 226, 0
5, 227, 0
5, 228, 0
5, 229, 0
5, 230, 0
5, 231, 0
5, 232, 0
5, 233, 0
5, 234, 0
5, 235, 0
5, 236, 0
5, 237, 0
5, 238, 0
5, 239, 0
5, 240, 0
5, 241, 0
5, 242, 0
5, 243, 0
5, 244, 0
5, 245, 0
5, 246, 0
5, 247, 0
5, 248, 35
5, 249, 0
5, 250, 36
5, 251, 0
5, 252, 0
5, 253, 19
5, 254, 0
5, 255, 0
5, 256, 29
5, 257, 17
5, 258, 52
5, 259, 0
5, 260, 0
5, 261, 0
5, 262, 0
5, 263, 0
5, 264, 0
5, 265, 0
5, 266, 14
5, 267, 0
5, 268, 0
5, 269, 0
5, 270, 0
5, 271, 0
5, 272, 0
5, 273, 53
5, 274, 0
5, 275, 0
5, 276, 0
5, 277, 0
5, 278, 0
5, 279, 0
5, 280, 0
5, 281, 46
5, 282, 0
5, 283, 28
5, 284, 30
5, 285, 32
5, 286, 0
5, 287, 0
5, 288, 0
5, 289, 0
5, 290, 0
5, 291, 34
5, 292, 11
5, 293, 0
5, 294, 24
5, 295, 36
5, 296, 5
5, 297, 24
5, 298, 0
5, 299, 2
5, 300, 0
5, 301, 44
5, 302, 0
5, 303, 23
5, 304, 0
5, 305, 0
5, 306, 0
5, 307, 4
5, 308, 0
5, 309, 0
5, 310, 0
5, 311, 25
5, 312, 0
5, 313, 0
5, 314, 0
5, 315, 0
5, 316, 0
5, 317, 24
5, 318, 0
5, 319, 0
5, 320, 43
5, 321, 0
5, 322, 0
5, 323, 0
5, 324, 0
5, 325, 0
5, 326, 50
5, 327, 0
5, 328, 0
5, 329, 0
5, 330, 0
5, 331, 0
5, 332, 0
5, 333, 19
5, 334, 0
5, 335, 45
5, 336, 47
5, 337, 0
5, 338, 42
5, 339, 52
5, 340, 12
5, 341, 7
5, 342, 0
5, 343, 0
5, 344, 0
5, 345, 0
5, 346, 32
5, 347, 8
5, 348, 0
5, 349, 0
5, 350, 49
5, 351, 0
5, 352, 0
5, 353, 44
5, 354, 0
5, 355, 0
5, 356, 31
5, 357, 53
5, 358, 0
5, 359, 30
5, 360, 0
5, 361, 0
5, 362, 14
5, 363, 0
5, 364, 0
5, 365, 0
5, 366, 0
5, 367, 0
5, 368, 0
5, 369, 0
5, 370, 0
5, 371, 36
5, 372, 0
5, 373, 0
5, 374, 0
5, 375, 0
5, 376, 0
5, 377, 31
5, 378, 0
5, 379, 12
5, 380, 0
5, 381, 0
5, 382, 0
5, 383, 46
5, 384, 0
5, 385, 0
5, 386, 0
5, 387, 0
5, 388, 0
5, 389, 59
5, 390, 0
5, 391, 0
5, 392, 8
5, 393, 0
5, 394, 0
5, 395, 0
5, 396, 47
5, 397, 0
5, 398, 0
5, 399, 0
6, 0, 0
6, 1, 0
6, 2, 0
6, 3, 0
6, 4, 56
6, 5, 0
6, 6, 0
6, 7, 0
6, 8, 36
6, 9, 0
6, 10, 0
6, 11, 20
6, 12, 0
6, 13, 0
6, 14, 0
6, 15, 0
6, 16, 32
6, 17, 45
6, 18, 0
6, 19, 0
6, 20, 0
6, 21, 0
6, 22, 57
6, 23, 46
6, 24, 0
6, 25, 0
6, 26, 0
6, 27, 0
6, 28, 0
6, 29, 0
6, 30, 4
6, 31, 40
6, 32, 0
6, 33, 0
6, 34, 53
6, 35, 35
6, 36, 0
6, 37, 0
6, 38, 0
6, 39, 0
6, 40, 0
6, 41, 0
6, 42, 0
6, 43, 0
6, 44, 0
6, 45, 0
6, 46, 0
6, 47, 0
6, 48, 0
6, 49, 0
6, 50, 0
6, 51, 0
6, 52, 38
6, 53, 0
6, 54, 0
6, 55, 0
6, 56, 0
6, 57, 0
6, 58, 0
6, 59, 0
6, 60, 0
6, 61, 54
6, 62, 46
6, 63, 0
6, 64, 0
6, 65, 56
6, 66, 0
6, 67, 0
6, 68, 0
6, 69, 0
6, 70, 0
6, 71, 0
6, 72, 0
6, 73, 36
6, 74, 0
6, 75, 46
6, 76, 0
6, 77, 0
6, 78, 0
6, 79, 0
6, 80, 32
6, 81, 0
6, 82, 32
6, 83, 0
6, 84, 10
6, 85, 0
6, 86, 0
6, 87, 0
6, 88, 0
6, 89, 0
6, 90, 41
6, 91, 5
6, 92, 0
6, 93, 0
6, 94, 0
6, 95, 14
6, 96, 14
6, 97, 25
6, 98, 0
6, 99, 0
6, 100, 0
6, 101, 0
6, 102, 0
6, 103, 0
6, 104, 45
6, 105, 38
6, 106, 53
6, 107, 0
6, 108, 0
6, 109, 0
6, 110, 0
6, 111, 0
6, 112, 0
6, 113, 35
6, 114, 0
6, 115, 0
6, 116, 0
6, 117, 40
6, 118, 0
6, 119, 0
6, 120, 37
6, 121, 0
6, 122, 0
6, 123, 0
6, 124, 0
6, 125, 0
6, 126, 0
6, 127, 0
6, 128, 0
6, 129, 0
6, 130, 0
6, 131, 28
6, 132, 0
6, 133, 0
6, 134, 29
6, 135, 0
6, 136, 41
6, 137, 48
6, 138, 9
6, 139, 0
6, 140, 0
6, 141, 0
6, 142, 0
6, 143, 3
6, 144, 17
6, 145, 0
6, 146, 0
6, 147, 40
6, 148, 0
6, 149, 0
6, 150, 0
6, 151, 20
6, 152, 0
6, 153, 0
6, 154, 0
6, 155, 0
6, 156, 22
6, 157, 0
6, 158, 56
6, 159, 0
6, 160, 0
6, 161, 0
6, 162, 51
6, 163, 0
6, 164, 0
6, 165, 0
6, 166, 10
6, 167, 0
6, 168, 23
6, 169, 34
6, 170, 0
6, 171, 28
6, 172, 0
6, 173, 0
6, 174, 0
6, 175, 0
6, 176, 0
6, 177, 0
6, 178, 0
6, 179, 0
6, 180, 46
6, 181, 57
6, 182, 0
6, 183, 0
6, 184, 0
6, 185, 47
6, 186, 0
6, 187, 32
6, 188, 0
6, 189, 0
6, 190, 0
6, 191, 53
6, 192, 0
6, 193, 0
6, 194, 0
6, 195, 0
6, 196, 0
6, 197, 0
6, 198, 0
6, 199, 0
6, 200, 41
6, 201, 0
6, 202, 0
6, 203, 0
6, 204, 0
6, 205, 53
6, 206, 0
6, 207, 0
6, 208, 0
6, 209, 0
6, 210, 0
6, 211, 0
6, 212, 38
6, 213, 0
6, 214, 45
6, 215, 0
6, 216, 0
6, 217, 0
6, 218, 0
6, 219, 0
6, 220, 0
6, 221, 0
6, 222, 0
6, 223, 36
6, 224, 0
6, 225, 44
6, 226, 0
6, 227, 0
6, 228, 23
6, 229, 0
6, 230, 0
6, 231, 0
6, 232, 0
6, 233, 0
6, 234, 0
6, 235, 0
6, 236, 0
6, 237, 42
6, 238, 20
6, 239, 0
6, 240, 14
6, 241, 0
6, 242, 0
6, 243, 0
6, 244, 25
6, 245, 0
6, 246, 0
6, 247, 0
6, 248, 0
6, 249, 0
6, 250, 0
6, 251, 0
6, 252, 22
6, 253, 0
6, 254, 0
6, 255, 9
6, 256, 0
6, 257, 5
6, 258, 31
6, 259, 57
6, 260, 0
6, 261, 17
6, 262, 0
6, 263, 0
6, 264, 0
6, 265, 0
6, 266, 0
6, 267, 0
6, 268, 46
6, 269, 0
6, 270, 6
6, 271, 19
6, 272, 0
6, 273, 24
6, 274, 0
6, 275, 0
6, 276, 28
6, 277, 0
6, 278, 0
6, 279, 0
6, 280, 0
6, 281, 40
6, 282, 0
6, 283, 0
6, 284, 0
6, 285, 34
6, 286, 0
6, 287, 29
6, 288, 0
6, 289, 0
6, 290, 0
6, 291, 0
6, 292, 11
6, 293, 41
6, 294, 0
6, 295, 34
6, 296, 0
6, 297, 0
6, 298, 0
6, 299, 0
6, 300, 48
6, 301, 0
6, 302, 0
6, 303, 0
6, 304, 37
6, 305, 0
6, 306, 0
6, 307, 0
6, 308, 0
6, 309, 0
6, 310, 32
6, 311, 0
6, 312, 0
6, 313, 57
6, 314, 0
6, 315, 0
6, 316, 0
6, 317, 0
6, 318, 31
6, 319, 0
6, 320, 0
6, 321, 0
6, 322, 38
6, 323, 0
6, 324, 10
6, 325, 0
6, 326, 0
6, 327, 20
6, 328, 51
6, 329, 0
6, 330, 0
6, 331, 0
6, 332, 53
6, 333, 0
6, 334, 0
6, 335, 0
6, 336, 0
6, 337, 0
6, 338, 0
6, 339, 0
6, 340, 0
6, 341, 0
6, 342, 0
6, 343, 0
6, 344, 0
6, 345, 0
6, 346, 0
6, 347, 0
6, 348, 54
6, 349, 0
6, 350, 0
6, 351, 0
6, 352, 0
6, 353, 56
6, 354, 46
6, 355, 0
6, 356, 0
6, 357, 0
6, 358, 0
6, 359, 44
6, 360, 0
6, 361, 19
6, 362, 0
6, 363, 0
6, 364, 0
6, 365, 11
6, 366, 0
6, 367, 42
6, 368, 0
6, 369, 34
6, 370, 0
6, 371, 38
6, 372, 0
6, 373, 25
6, 374, 0
6, 375, 0
6, 376, 0
6, 377, 31
6, 378, 0
6, 379, 3
6, 380, 32
6, 381, 0
6, 382, 0
6, 383, 0
6, 384, 0
6, 385, 0
6, 386, 0
6, 387, 0
6, 388, 0
6, 389, 0
6, 390, 36
6, 391, 0
6, 392, 28
6, 393, 0
6, 394, 30
6, 395, 0
6, 396, 19
6, 397, 0
6, 398, 0
6, 399, 0
7, 0, 0
7, 1, 0
7, 2, 0
7, 3, 0
7, 4, 0
7, 5, 8
7, 6, 42
7, 7, 0
7, 8, 21
7, 9, 0
7, 10, 0
7, 11, 37
7, 12, 0
7, 13, 0
7, 14, 0
7, 15, 0
7, 16, 0
7, 17, 0
7, 18, 0
7, 19, 0
7, 20, 0
7, 21, 0
7, 22, 0
7, 23, 0
7, 24, 0
7, 25, 0
7, 26, 0
7, 27, 47
7, 28, 0
7, 29, 0
7, 30, 0
7, 31, 46
7, 32, 0
7, 33, 54
7, 34, 0
7, 35, 51
7, 36, 0
7, 37, 0
7, 38, 0
7, 39, 21
7, 40, 45
7, 41, 0
7, 42, 0
7, 43, 6
7, 44, 0
7, 45, 0
7, 46, 0
7, 47, 0
7, 48, 0
7, 49, 0
7, 50, 0
7, 51, 0
7, 52, 7
7, 53, 0
7, 54, 0
7, 55, 0
7, 56, 0
7, 57, 15
7, 58, 0
7, 59, 31
7, 60, 0
7, 61, 0
7, 62, 0
7, 63, 0
7, 64, 0
7, 65, 16
7, 66, 0
7, 67, 45
7, 68, 0
7, 69, 3
7, 70, 0
7, 71, 0
7, 72, 8
7, 73, 25
7, 74, 35
7, 75, 39
7, 76, 0
7, 77, 0
7, 78, 0
7, 79, 0
7, 80, 0
7, 81, 0
7, 82, 0
7, 83, 0
7, 84, 0
7, 85, 57
7, 86, 0
7, 87, 0
7, 88, 0
7, 89, 0
7, 90, 10
7, 91, 0
7, 92, 0
7, 93, 20
7, 94, 21
7, 95, 0
7, 96, 2
7, 97, 0
7, 98, 0
7, 99, 0
7, 100, 0
7, 101, 28
7, 102, 0
7, 103, 0
7, 104, 49
7, 105, 0
7, 106, 11
7, 107, 0
7, 108, 0
7, 109, 0
7, 110, 0
7, 111, 0
7, 112, 40
7, 113, 0
7, 114, 0
7, 115, 0
7, 116, 0
7, 117, 0
7, 118, 0
7, 119, 0
7, 120, 0
7, 121, 0
7, 122, 0
7, 123, 0
7, 124, 0
7, 125, 36
7, 126, 0
7, 127, 0
7, 128, 0
7, 129, 0
7, 130, 0
7, 131, 38
7, 132, 20
7, 133, 0
7, 134, 0
7, 135, 3
7, 136, 0
7, 137, 37
7, 138, 36
7, 139, 0
7, 140, 0
7, 141, 0
7, 142, 0
7, 143, 0
7, 144, 50
7, 145, 0
7, 146, 0
7, 147, 0
7, 148, 43
7, 149, 0
7, 150, 0
7, 151, 0
7, 152, 0
7, 153, 0
7, 154, 0
7, 155, 0
7, 156, 0
7, 157, 0
7, 158, 0
7, 159, 0
7, 160, 47
7, 161, 18
7, 162, 0
7, 163, 0
7, 164, 0
7, 165, 0
7, 166, 0
7, 167, 17
7, 168, 0
7, 169, 0
7, 170, 0
7, 171, 0
7, 172, 33
7, 173, 0
7, 174, 0
7, 175, 54
7, 176, 11
7, 177, 21
7, 178, 0
7, 179, 39
7, 180, 0
7, 181, 35
7, 182, 0
7, 183, 0
7, 184, 0
7, 185, 44
7, 186, 36
7, 187, 30
7, 188, 0
7, 189, 0
7, 190, 0
7, 191, 0
7, 192, 0
7, 193, 37
7, 194, 0
7, 195, 0
7, 196, 0
7, 197, 0
7, 198, 0
7, 199, 0
7, 200, 0
7, 201, 0
7, 202, 0
7, 203, 0
7, 204, 0
7, 205, 46
7, 206, 24
7, 207, 29
7, 208, 0
7, 209, 47
7, 210, 0
7, 211, 0
7, 212, 0
7, 213, 35
7, 214, 0
7, 215, 0
7, 216, 0
7, 217, 0
7, 218, 0
7, 219, 0
7, 220, 56
7, 221, 0
7, 222, 0
7, 223, 0
7, 224, 54
7, 225, 0
7, 226, 0
7, 227, 0
7, 228, 0
7, 229, 0
7, 230, 50
7, 231, 45
7, 232, 0
7, 233, 0
7, 234, 0
7, 235, 0
7, 236, 51
7, 237, 0
7, 238, 44
7, 239, 13
7, 240, 0
7, 241, 0
7, 242, 0
7, 243, 0
7, 244, 0
7, 245, 25
7, 246, 0
7, 247, 0
7, 248, 0
7, 249, 0
7, 250, 18
7, 251, 0
7, 252, 0
7, 253, 0
7, 254, 0
7, 255, 0
7, 256, 0
7, 257, 0
7, 258, 57
7, 259, 0
7, 260, 50
7, 261, 0
7, 262, 0
7, 263, 0
7, 264, 0
7, 265, 0
7, 266, 2
7, 267, 32
7, 268, 0
7, 269, 0
7, 270, 0
7, 271, 0
7, 272, 0
7, 273, 0
7, 274, 1
7, 275, 0
7, 276, 0
7, 277, 0
7, 278, 38
7, 279, 20
7, 280, 0
7, 281, 0
7, 282, 0
7, 283, 0
7, 284, 0
7, 285, 0
7, 286, 0
7, 287, 43
7, 288, 25
7, 289, 0
7, 290, 0
7, 291, 0
7, 292, 0
7, 293, 0
7, 294, 0
7, 295, 45
7, 296, 39
7, 297, 24
7, 298, 16
7, 299, 49
7, 300, 54
7, 301, 0
7, 302, 0
7, 303, 0
7, 304, 0
7, 305, 8
7, 306, 45
7, 307, 0
7, 308, 47
7, 309, 36
7, 310, 0
7, 311, 40
7, 312, 0
7, 313, 50
7, 314, 20
7, 315, 0
7, 316, 0
7, 317, 0
7, 318, 0
7, 319, 0
7, 320, 0
7, 321, 0
7, 322, 0
7, 323, 0
7, 324, 0
7, 325, 0
7, 326, 0
7, 327, 0
7, 328, 0
7, 329, 0
7, 330, 0
7, 331, 0
7, 332, 30
7, 333, 0
7, 334, 4
7, 335, 28
7, 336, 13
7, 337, 35
7, 338, 0
7, 339, 0
7, 340, 0
7, 341, 25
7, 342, 29
7, 343, 0
7, 344, 7
7, 345, 28
7, 346, 0
7, 347, 44
7, 348, 17
7, 349, 0
7, 350, 0
7, 351, 0
7, 352, 0
7, 353, 0
7, 354, 58
7, 355, 0
7, 356, 0
7, 357, 0
7, 358, 0
7, 359, 0
7, 360, 0
7, 361, 0
7, 362, 11
7, 363, 0
7, 364, 0
7, 365, 51
7, 366, 52
7, 367, 0
7, 368, 0
7, 369, 24
7, 370, 0
7, 371, 46
7, 372, 0
7, 373, 0
7, 374, 0
7, 375, 0
7, 376, 39
7, 377, 25
7, 378, 17
7, 379, 56
7, 380, 47
7, 381, 0
7, 382, 0
7, 383, 0
7, 384, 0
7, 385, 0
7, 386, 45
7, 387, 0
7, 388, 0
7, 389, 15
7, 390, 0
7, 391, 0
7, 392, 0
7, 393, 56
7, 394, 0
7, 395, 50
7, 396, 51
7, 397, 0
7, 398, 0
7, 399, 0
8, 0, 0
8, 1, 56
8, 2, 0
8, 3, 0
8, 4, 0
8, 5, 0
8, 6, 0
8, 7, 0
8, 8, 0
8, 9, 46
8, 10, 0
8, 11, 0
8, 12, 0
8, 13, 18
8, 14, 0
8, 15, 56
8, 16, 0
8, 17, 47
8, 18, 0
8, 19, 0
8, 20, 0
8, 21, 0
8, 22, 0
8, 23, 0
8, 24, 0
8, 25, 0
8, 26, 38
8, 27, 0
8, 28, 0
8, 29, 41
8, 30, 19
8, 31, 10
8, 32, 0
8, 33, 34
8, 34, 0
8, 35, 0
8, 36, 0
8, 37, 0
8, 38, 0
8, 39, 16
8, 40, 0
8, 41, 5
8, 42, 0
8, 43, 0
8, 44, 0
8, 45, 0
8, 46, 0
8, 47, 43
8, 48, 0
8, 49, 0
8, 50, 0
8, 51, 0
8, 52, 0
8, 53, 17
8, 54, 0
8, 55, 0
8, 56, 0
8, 57, 0
8, 58, 41
8, 59, 50
8, 60, 37
8, 61, 0
8, 62, 0
8, 63, 0
8, 64, 0
8, 65, 48
8, 66, 25
8, 67, 20
8, 68, 0
8, 69, 0
8, 70, 0
8, 71, 23
8, 72, 0
8, 73, 40
8, 74, 21
8, 75, 0
8, 76, 0
8, 77, 0
8, 78, 0
8, 79, 0
8, 80, 0
8, 81, 0
8, 82, 0
8, 83, 55
8, 84, 3
8, 85, 0
8, 86, 0
8, 87, 37
8, 88, 30
8, 89, 0
8, 90, 0
8, 91, 0
8, 92, 0
8, 93, 0
8, 94, 0
8, 95, 39
8, 96, 56
8, 97, 0
8, 98, 28
8, 99, 45
8, 100, 0
8, 101, 0
8, 102, 0
8, 103, 0
8, 104, 0
8, 105, 0
8, 106, 0
8, 107, 0
8, 108, 0
8, 109, 6
8, 110, 0
8, 111, 0
8, 112, 0
8, 113, 52
8, 114, 46
8, 115, 0
8, 116, 0
8, 117, 0
8, 118, 17
8, 119, 0
8, 120, 0
8, 121, 0
8, 122, 7
8, 123, 0
8, 124, 0
8, 125, 15
8, 126, 0
8, 127, 0
8, 128, 0
8, 129, 0
8, 130, 0
8, 131, 27
8, 132, 22
8, 133, 0
8, 134, 0
8, 135, 0
8, 136, 36
8, 137, 0
8, 138, 0
8, 139, 0
8, 140, 0
8, 141, 0
8, 142, 0
8, 143, 19
8, 144, 0
8, 145, 32
8, 146, 0
8, 147, 41
8, 148, 0
8, 149, 0
8, 150, 46
8, 151, 0
8, 152, 0
8, 153, 42
8, 154, 0
8, 155, 0
8, 156, 0
8, 157, 0
8, 158, 0
8, 159, 0
8, 160, 0
8, 161, 21
8, 162, 0
8, 163, 0
8, 164, 25
8, 165, 0
8, 166, 0
8, 167, 0
8, 168, 45
8, 169, 0
8, 170, 0
8, 171, 47
8, 172, 0
8, 173, 16
8, 174, 0
8, 175, 0
8, 176, 0
8, 177, 30
8, 178, 0
8, 179, 0
8, 180, 0
8, 181, 0
8, 182, 0
8, 183, 21
8, 184, 43
8, 185, 0
8, 186, 0
8, 187, 38
8, 188, 24
8, 189, 23
8, 190, 16
8, 191, 47
8, 192, 0
8, 193, 0
8, 194, 0
8, 195, 0
8, 196, 0
8, 197, 0
8, 198, 0
8, 199, 0
8, 200, 0
8, 201, 0
8, 202, 62
8, 203, 0
8, 204, 0
8, 205, 0
8, 206, 0
8, 207, 0
8, 208, 0
8, 209, 0
8, 210, 0
8, 211, 0
8, 212, 0
8, 213, 0
8, 214, 0
8, 215, 0
8, 216, 0
8, 217, 0
8, 218, 0
8, 219, 0
8, 220, 14
8, 221, 0
8, 222, 0
8, 223, 17
8, 224, 0
8, 225, 0
8, 226, 52
8, 227, 57
8, 228, 0
8, 229, 0
8, 230, 0
8, 231, 0
8, 232, 0
8, 233, 0
8, 234, 0
8, 235, 42
8, 236, 28
8, 237, 0
8, 238, 0
8, 239, 34
8, 240, 0
8, 241, 0
8, 242, 18
8, 243, 0
8, 244, 0
8, 245, 0
8, 246, 0
8, 247, 0
8, 248, 0
8, 249, 40
8, 250, 0
8, 251, 39
8, 252, 0
8, 253, 0
8, 254, 0
8, 255, 0
8, 256, 0
8, 257, 0
8, 258, 53
8, 259, 0
8, 260, 0
8, 261, 0
8, 262, 0
8, 263, 0
8, 264, 0
8, 265, 0
8, 266, 36
8, 267, 0
8, 268, 50
8, 269, 0
8, 270, 0
8, 271, 41
8, 272, 0
8, 273, 0
8, 274, 0
8, 275, 0
8, 276, 0
8, 277, 0
8, 278, 40
8, 279, 0
8, 280, 0
8, 281, 30
8, 282, 0
8, 283, 28
8, 284, 0
8, 285, 0
8, 286, 0
8, 287, 0
8, 288, 0
8, 289, 34
8, 290, 0
8, 291, 0
8, 292, 38
8, 293, 0
8, 294, 0
8, 295, 0
8, 296, 0
8, 297, 0
8, 298, 0
8, 299, 0
8, 300, 52
8, 301, 18
8, 302, 0
8, 303, 53
8, 304, 0
8, 305, 0
8, 306, 0
8, 307, 0
8, 308, 0
8, 309, 0
8, 310, 21
8, 311, 0
8, 312, 0
8, 313, 0
8, 314, 0
8, 315, 58
8, 316, 21
8, 317, 37
8, 318, 0
8, 319, 0
8, 320, 0
8, 321, 0
8, 322, 0
8, 323, 57
8, 324, 0
8, 325, 0
8, 326, 0
8, 327, 0
8, 328, 0
8, 329, 0
8, 330, 0
8, 331, 0
8, 332, 0
8, 333, 48
8, 334, 0
8, 335, 27
8, 336, 0
8, 337, 4
8, 338, 25
8, 339, 40
8, 340, 0
8, 341, 45
8, 342, 0
8, 343, 0
8, 344, 53
8, 345, 0
8, 346, 62
8, 347, 16
8, 348, 0
8, 349, 0
8, 350, 0
8, 351, 52
8, 352, 0
8, 353, 0
8, 354, 0
8, 355, 0
8, 356, 32
8, 357, 0
8, 358, 0
8, 359, 0
8, 360, 14
8, 361, 55
8, 362, 0
8, 363, 36
8, 364, 0
8, 365, 30
8, 366, 0
8, 367, 0
8, 368, 0
8, 369, 50
8, 370, 43
8, 371, 0
8, 372, 0
8, 373, 34
8, 374, 44
8, 375, 0
8, 376, 0
8, 377, 0
8, 378, 0
8, 379, 49
8, 380, 0
8, 381, 0
8, 382, 10
8, 383, 41
8, 384, 0
8, 385, 7
8, 386, 0
8, 387, 24
8, 388, 0
8, 389, 0
8, 390, 0
8, 391, 0
8, 392, 0
8, 393, 0
8, 394, 20
8, 395, 0
8, 396, 0
8, 397, 42
8, 398, 45
8, 399, 6
9, 0, 0
9, 1, 52
9, 2, 0
9, 3, 25
9, 4, 0
9, 5, 0
9, 6, 0
9, 7, 0
9, 8, 0
9, 9, 12
9, 10, 0
9, 11, 0
9, 12, 48
9, 13, 0
9, 14, 0
9, 15, 0
9, 16, 0
9, 17, 0
9, 18, 32
9, 19, 0
9, 20, 0
9, 21, 0
9, 22, 0
9, 23, 0
9, 24, 0
9, 25, 0
9, 26, 36
9, 27, 0
9, 28, 0
9, 29, 0
9, 30, 0
9, 31, 0
9, 32, 0
9, 33, 0
9, 34, 0
9, 35, 0
9, 36, 20
9, 37, 38
9, 38, 35
9, 39, 0
9, 40, 0
9, 41, 0
9, 42, 0
9, 43, 0
9, 44, 0
9, 45, 58
9, 46, 0
9, 47, 0
9, 48, 0
9, 49, 0
9, 50, 0
9, 51, 0
9, 52, 0
9, 53, 0
9, 54, 0
9, 55, 0
9, 56, 0
9, 57, 0
9, 58, 10
9, 59, 29
9, 60, 0
9, 61, 22
9, 62, 0
9, 63, 0
9, 64, 40
9, 65, 0
9, 66, 0
9, 67, 0
9, 68, 0
9, 69, 16
9, 70, 0
9, 71, 0
9, 72, 0
9, 73, 43
9, 74, 0
9, 75, 0
9, 76, 0
9, 77, 0
9, 78, 0
9, 79, 0
9, 80, 0
9, 81, 44
9, 82, 0
9, 83, 0
9, 84, 46
9, 85, 0
9, 86, 25
9, 87, 0
9, 88, 0
9, 89, 26
9, 90, 0
9, 91, 41
9, 92, 0
9, 93, 0
9, 94, 0
9, 95, 20
9, 96, 8
9, 97, 49
9, 98, 0
9, 99, 7
9, 100, 0
9, 101, 0
9, 102, 0
9, 103, 0
9, 104, 37
9, 105, 6
9, 106, 0
9, 107, 11
9, 108, 0
9, 109, 0
9, 110, 0
9, 111, 0
9, 112, 0
9, 113, 0
9, 114, 0
9, 115, 52
9, 116, 0
9, 117, 0
9, 118, 28
9, 119, 53
9, 120, 22
9, 121, 0
9, 122, 0
9, 123, 0
9, 124, 0
9, 125, 19
9, 126, 0
9, 127, 0
9, 128, 0
9, 129, 0
9, 130, 0
9, 131, 0
9, 132, 0
9, 133, 46
9, 134, 0
9, 135, 19
9, 136, 0
9, 137, 37
9, 138, 17
9, 139, 0
9, 140, 0
9, 141, 29
9, 142, 10
9, 143, 0
9, 144, 0
9, 145, 58
9, 146, 16
9, 147, 32
9, 148, 24
9, 149, 0
9, 150, 43
9, 151, 0
9, 152, 0
9, 153, 49
9, 154, 0
9, 155, 0
9, 156, 20
9, 157, 0
9, 158, 44
9, 159, 0
9, 160, 27
9, 161, 38
9, 162, 0
9, 163, 0
9, 164, 0
9, 165, 0
9, 166, 0
9, 167, 0
9, 168, 0
9, 169, 7
9, 170, 0
9, 171, 0
9, 172, 0
9, 173, 0
9, 174, 0
9, 175, 0
9, 176, 22
9, 177, 0
9, 178, 0
9, 179, 0
9, 180, 0
9, 181, 10
9, 182, 12
9, 183, 0
9, 184, 0
9, 185, 0
9, 186, 0
9, 187, 53
9, 188, 0
9, 189, 0
9, 190, 0
9, 191, 0
9, 192, 0
9, 193, 0
9, 194, 19
9, 195, 0
9, 196, 48
9, 197, 0
9, 198, 0
9, 199, 0
9, 200, 0
9, 201, 37
9, 202, 0
9, 203, 35
9, 204, 0
9, 205, 36
9, 206, 0
9, 207, 0
9, 208, 0
9, 209, 0
9, 210, 17
9, 211, 0
9, 212, 0
9, 213, 0
9, 214, 0
9, 215, 0
9, 216, 0
9, 217, 0
9, 218, 21
9, 219, 0
9, 220, 39
9, 221, 16
9, 222, 0
9, 223, 0
9, 224, 0
9, 225, 0
9, 226, 26
9, 227, 0
9, 228, 0
9, 229, 0
9, 230, 0
9, 231, 0
9, 232, 41
9, 233, 0
9, 234, 0
9, 235, 28
9, 236, 0
9, 237, 0
9, 238, 33
9, 239, 0
9, 240, 0
9, 241, 0
9, 242, 0
9, 243, 0
9, 244, 0
9, 245, 41
9, 246, 0
9, 247, 0
9, 248, 37
9, 249, 0
9, 250, 63
9, 251, 0
9, 252, 40
9, 253, 0
9, 254, 0
9, 255, 0
9, 256, 0
9, 257, 0
9, 258, 0
9, 259, 0
9, 260, 0
9, 261, 0
9, 262, 0
9, 263, 0
9, 264, 22
9, 265, 55
9, 266, 0
9, 267, 0
9, 268, 13
9, 269, 0
9, 270, 37
9, 271, 0
9, 272, 8
9, 273, 0
9, 274, 0
9, 275, 0
9, 276, 0
9, 277, 0
9, 278, 0
9, 279, 11
9, 280, 0
9, 281, 0
9, 282, 0
9, 283, 0
9, 284, 53
9, 285, 0
9, 286, 0
9, 287, 21
9, 288, 0
9, 289, 0
9, 290, 20
9, 291, 29
9, 292, 0
9, 293, 0
9, 294, 0
9, 295, 0
9, 296, 0
9, 297, 32
9, 298, 58
9, 299, 6
9, 300, 0
9, 301, 0
9, 302, 49
9, 303, 0
9, 304, 6
9, 305, 35
9, 306, 39
9, 307, 0
9, 308, 31
9, 309, 0
9, 310, 0
9, 311, 0
9, 312, 0
9, 313, 24
9, 314, 0
9, 315, 0
9, 316, 0
9, 317, 0
9, 318, 37
9, 319, 0
9, 320, 8
9, 321, 0
9, 322, 19
9, 323, 48
9, 324, 0
9, 325, 17
9, 326, 0
9, 327, 44
9, 328, 0
9, 329, 0
9, 330, 0
9, 331, 0
9, 332, 0
9, 333, 0
9, 334, 20
9, 335, 55
9, 336, 0
9, 337, 0
9, 338, 0
9, 339, 0
9, 340, 0
9, 341, 0
9, 342, 28
9, 343, 1
9, 344, 0
9, 345, 0
9, 346, 0
9, 347, 0
9, 348, 13
9, 349, 0
9, 350, 0
9, 351, 0
9, 352, 0
9, 353, 0
9, 354, 0
9, 355, 41
9, 356, 0
9, 357, 0
9, 358, 0
9, 359, 0
9, 360, 0
9, 361, 0
9, 362, 0
9, 363, 63
9, 364, 0
9, 365, 0
9, 366, 0
9, 367, 0
9, 368, 0
9, 369, 4
9, 370, 25
9, 371, 0
9, 372, 0
9, 373, 0
9, 374, 0
9, 375, 0
9, 376, 16
9, 377, 0
9, 378, 0
9, 379, 0
9, 380, 46
9, 381, 0
9, 382, 0
9, 383, 0
9, 384, 0
9, 385, 0
9, 386, 0
9, 387, 0
9, 388, 33
9, 389, 0
9, 390, 0
9, 391, 0
9, 392, 43
9, 393, 0
9, 394, 0
9, 395, 0
9, 396, 0
9, 397, 0
9, 398, 21
9, 399, 29
10, 0, 0
10, 1, 30
10, 2, 0
10, 3, 0
10, 4, 0
10, 5, 0
10, 6, 0
10, 7, 50
10, 8, 0
10, 9, 0
10, 10, 0
10, 11, 0
10, 12, 0
10, 13, 0
10, 14, 0
10, 15, 0
10, 16, 0
10, 17, 0
10, 18, 0
10, 19, 0
10, 20, 0
10, 21, 0
10, 22, 0
10, 23, 0
10, 24, 0
10, 25, 7
10, 26, 0
10, 27, 13
10, 28, 9
10, 29, 23
10, 30, 0
10, 31, 0
10, 32, 0
10, 33, 0
10, 34, 0
10, 35, 1
10, 36, 0
10, 37, 0
10, 38, 0
10, 39, 0
10, 40, 0
10, 41, 0
10, 42, 0
10, 43, 17
10, 44, 8
10, 45, 0
10, 46, 60
10, 47, 57
10, 48, 0
10, 49, 0
10, 50, 0
10, 51, 0
10, 52, 0
10, 53, 0
10, 54, 0
10, 55, 0
10, 56, 44
10, 57, 5
10, 58, 20
10, 59, 0
10, 60, 0
10, 61, 44
10, 62, 0
10, 63, 17
10, 64, 0
10, 65, 44
10, 66, 0
10, 67, 46
10, 68, 0
10, 69, 35
10, 70, 0
10, 71, 36
10, 72, 0
10, 73, 51
10, 74, 0
10, 75, 0
10, 76, 8
10, 77, 0
10, 78, 0
10, 79, 56
10, 80, 0
10, 81, 16
10, 82, 0
10, 83, 0
10, 84, 0
10, 85, 34
10, 86, 0
10, 87, 0
10, 88, 0
10, 89, 0
10, 90, 21
10, 91, 0
10, 92, 0
10, 93, 0
10, 94, 50
10, 95, 46
10, 96, 0
10, 97, 39
10, 98, 0
10, 99, 0
10, 100, 0
10, 101, 0
10, 102, 0
10, 103, 8
10, 104, 0
10, 105, 26
10, 106, 0
10, 107, 0
10, 108, 0
10, 109, 0
10, 110, 0
10, 111, 0
10, 112, 0
10, 113, 0
10, 114, 0
10, 115, 0
10, 116, 0
10, 117, 0
10, 118, 0
10, 119, 40
10, 120, 51
10, 121, 0
10, 122, 0
10, 123, 0
10, 124, 0
10, 125, 23
10, 126, 4
10, 127, 52
10, 128, 0
10, 129, 50
10, 130, 0
10, 131, 0
10, 132, 0
10, 133, 0
10, 134, 13
10, 135, 0
10, 136, 3
10, 137, 0
10, 138, 0
10, 139, 47
10, 140, 51
10, 141, 0
10, 142, 0
10, 143, 0
10, 144, 0
10, 145, 54
10, 146, 0
10, 147, 57
10, 148, 0
10, 149, 1
10, 150, 0
10, 151, 0
10, 152, 30
10, 153, 0
10, 154, 0
10, 155, 0
10, 156, 0
10, 157, 0
10, 158, 0
10, 159, 0
10, 160, 0
10, 161, 17
10, 162, 0
10, 163, 0
10, 164, 0
10, 165, 0
10, 166, 0
10, 167, 0
10, 168, 0
10, 169, 0
10, 170, 0
10, 171, 44
10, 172, 0
10, 173, 18
10, 174, 26
10, 175, 0
10, 176, 0
10, 177, 0
10, 178, 31
10, 179, 0
10, 180, 0
10, 181, 17
10, 182, 38
10, 183, 0
10, 184, 0
10, 185, 0
10, 186, 0
10, 187, 32
10, 188, 0
10, 189, 30
10, 190, 0
10, 191, 0
10, 192, 0
10, 193, 0
10, 194, 56
10, 195, 0
10, 196, 0
10, 197, 0
10, 198, 38
10, 199, 0
10, 200, 46
10, 201, 0
10, 202, 0
10, 203, 0
10, 204, 50
10, 205, 0
10, 206, 0
10, 207, 0
10, 208, 45
10, 209, 0
10, 210, 0
10, 211, 0
10, 212, 0
10, 213, 0
10, 214, 38
10, 215, 0
10, 216, 0
10, 217, 0
10, 218, 0
10, 219, 56
10, 220, 0
10, 221, 47
10, 222, 0
10, 223, 20
10, 224, 0
10, 225, 0
10, 226, 0
10, 227, 0
10, 228, 0
10, 229, 0
10, 230, 35
10, 231, 0
10, 232, 0
10, 233, 0
10, 234, 0
10, 235, 0
10, 236, 0
10, 237, 47
10, 238, 51
10, 239, 0
10, 240, 0
10, 241, 0
10, 242, 0
10, 243, 0
10, 244, 24
10, 245, 39
10, 246, 0
10, 247, 26
10, 248, 0
10, 249, 52
10, 250, 0
10, 251, 0
10, 252, 0
10, 253, 0
10, 254, 0
10, 255, 0
10, 256, 5
10, 257, 0
10, 258, 6
10, 259, 0
10, 260, 0
10, 261, 0
10, 262, 0
10, 263, 20
10, 264, 0
10, 265, 0
10, 266, 0
10, 267, 0
10, 268, 44
10, 269, 30
10, 270, 0
10, 271, 0
10, 272, 0
10, 273, 0
10, 274, 23
10, 275, 0
10, 276, 0
10, 277, 0
10, 278, 52
10, 279, 0
10, 280, 0
10, 281, 0
10, 282, 0
10, 283, 57
10, 284, 0
10, 285, 0
10, 286, 18
10, 287, 0
10, 288, 0
10, 289, 0
10, 290, 0
10, 291, 19
10, 292, 0
10, 293, 0
10, 294, 9
10, 295, 45
10, 296, 0
10, 297, 0
10, 298, 33
10, 299, 0
10, 300, 0
10, 301, 0
10, 302, 0
10, 303, 0
10, 304, 0
10, 305, 0
10, 306, 0
10, 307, 0
10, 308, 0
10, 309, 0
10, 310, 0
10, 311, 0
10, 312, 0
10, 313, 0
10, 314, 0
10, 315, 0
10, 316, 39
10, 317, 0
10, 318, 60
10, 319, 0
10, 320, 4
10, 321, 16
10, 322, 0
10, 323, 0
10, 324, 0
10, 325, 44
10, 326, 0
10, 327, 32
10, 328, 36
10, 329, 0
10, 330, 0
10, 331, 0
10, 332, 0
10, 333, 0
10, 334, 0
10, 335, 0
10, 336, 0
10, 337, 0
10, 338, 0
10, 339, 0
10, 340, 0
10, 341, 50
10, 342, 0
10, 343, 0
10, 344, 0
10, 345, 0
10, 346, 0
10, 347, 0
10, 348, 0
10, 349, 0
10, 350, 0
10, 351, 6
10, 352, 56
10, 353, 0
10, 354, 30
10, 355, 0
10, 356, 0
10, 357, 0
10, 358, 0
10, 359, 0
10, 360, 0
10, 361, 0
10, 362, 20
10, 363, 0
10, 364, 0
10, 365, 0
10, 366, 0
10, 367, 0
10, 368, 0
10, 369, 52
10, 370, 34
10, 371, 47
10, 372, 0
10, 373, 0
10, 374, 0
10, 375, 0
10, 376, 3
10, 377, 0
10, 378, 24
10, 379, 7
10, 380, 0
10, 381, 26
10, 382, 0
10, 383, 50
10, 384, 0
10, 385, 0
10, 386, 0
10, 387, 0
10, 388, 0
10, 389, 54
10, 390, 33
10, 391, 44
10, 392, 0
10, 393, 1
10, 394, 36
10, 395, 0
10, 396, 0
10, 397, 0
10, 398, 0
10, 399, 0
11, 0, 0
11, 1, 0
11, 2, 0
11, 3, 40
11, 4, 0
11, 5, 0
11, 6, 0
11, 7, 0
11, 8, 0
11, 9, 37
11, 10, 0
11, 11, 36
11, 12, 56
11, 13, 52
11, 14, 0
11, 15, 0
11, 16, 49
11, 17, 39
11, 18, 0
11, 19, 46
11, 20, 0
11, 21, 0
11, 22, 14
11, 23, 42
11, 24, 0
11, 25, 0
11, 26, 0
11, 27, 27
11, 28, 0
11, 29, 0
11, 30, 0
11, 31, 0
11, 32, 0
11, 33, 0
11, 34, 0
11, 35, 0
11, 36, 43
11, 37, 0
11, 38, 0
11, 39, 0
11, 40, 0
11, 41, 0
11, 42, 0
11, 43, 0
11, 44, 0
11, 45, 0
11, 46, 22
11, 47, 0
11, 48, 0
11, 49, 0
11, 50, 0
11, 51, 15
11, 52, 0
11, 53, 24
11, 54, 0
11, 55, 0
11, 56, 0
11, 57, 0
11, 58, 0
11, 59, 0
11, 60, 0
11, 61, 37
11, 62, 0
11, 63, 0
11, 64, 51
11, 65, 0
11, 66, 0
11, 67, 6
11, 68, 0
11, 69, 0
11, 70, 0
11, 71, 14
11, 72, 0
11, 73, 29
11, 74, 0
11, 75, 0
11, 76, 0
11, 77, 0
11, 78, 0
11, 79, 58
11, 80, 0
11, 81, 11
11, 82, 0
11, 83, 0
11, 84, 21
11, 85, 0
11, 86, 0
11, 87, 0
11, 88, 0
11, 89, 19
11, 90, 0
11, 91, 0
11, 92, 0
11, 93, 0
11, 94, 0
11, 95, 55
11, 96, 0
11, 97, 0
11, 98, 0
11, 99, 40
11, 100, 0
11, 101, 0
11, 102, 0
11, 103, 39
11, 104, 0
11, 105, 0
11, 106, 0
11, 107, 0
11, 108, 40
11, 109, 0
11, 110, 0
11, 111, 0
11, 112, 0
11, 113, 52
11, 114, 11
11, 115, 0
11, 116, 0
11, 117, 36
11, 118, 49
11, 119, 0
11, 120, 0
11, 121, 10
11, 122, 0
11, 123, 0
11, 124, 25
11, 125, 0
11, 126, 0
11, 127, 0
11, 128, 22
11, 129, 36
11, 130, 0
11, 131, 23
11, 132, 42
11, 133, 0
11, 134, 46
11, 135, 0
11, 136, 7
11, 137, 42
11, 138, 36
11, 139, 0
11, 140, 0
11, 141, 0
11, 142, 0
11, 143, 0
11, 144, 0
11, 145, 53
11, 146, 0
11, 147, 0
11, 148, 0
11, 149, 0
11, 150, 0
11, 151, 0
11, 152, 0
11, 153, 0
11, 154, 38
11, 155, 0
11, 156, 12
11, 157, 0
11, 158, 51
11, 159, 0
11, 160, 0
11, 161, 0
11, 162, 0
11, 163, 0
11, 164, 43
11, 165, 0
11, 166, 0
11, 167, 0
11, 168, 28
11, 169, 0
11, 170, 0
11, 171, 42
11, 172, 0
11, 173, 28
11, 174, 0
11, 175, 0
11, 176, 0
11, 177, 0
11, 178, 0
11, 179, 0
11, 180, 0
11, 181, 0
11, 182, 0
11, 183, 0
11, 184, 0
11, 185, 0
11, 186, 0
11, 187, 0
11, 188, 0
11, 189, 0
11, 190, 0
11, 191, 0
11, 192, 0
11, 193, 0
11, 194, 0
11, 195, 0
11, 196, 0
11, 197, 0
11, 198, 39
11, 199, 0
11, 200, 0
11, 201, 19
11, 202, 0
11, 203, 18
11, 204, 52
11, 205, 43
11, 206, 0
11, 207, 0
11, 208, 0
11, 209, 0
11, 210, 0
11, 211, 49
11, 212, 0
11, 213, 27
11, 214, 33
11, 215, 0
11, 216, 0
11, 217, 0
11, 218, 0
11, 219, 0
11, 220, 32
11, 221, 0
11, 222, 0
11, 223, 0
11, 224, 0
11, 225, 19
11, 226, 0
11, 227, 0
11, 228, 23
11, 229, 0
11, 230, 21
11, 231, 0
11, 232, 52
11, 233, 12
11, 234, 0
11, 235, 0
11, 236, 49
11, 237, 0
11, 238, 0
11, 239, 34
11, 240, 0
11, 241, 0
11, 242, 0
11, 243, 0
11, 244, 0
11, 245, 0
11, 246, 8
11, 247, 0
11, 248, 47
11, 249, 0
11, 250, 0
11, 251, 0
11, 252, 22
11, 253, 0
11, 254, 52
11, 255, 0
11, 256, 0
11, 257, 40
11, 258, 0
11, 259, 0
11, 260, 27
11, 261, 0
11, 262, 0
11, 263, 37
11, 264, 0
11, 265, 0
11, 266, 0
11, 267, 0
11, 268, 0
11, 269, 0
11, 270, 0
11, 271, 25
11, 272, 0
11, 273, 0
11, 274, 0
11, 275, 40
11, 276, 0
11, 277, 0
11, 278, 0
11, 279, 51
11, 280, 61
11, 281, 38
11, 282, 0
11, 283, 0
11, 284, 0
11, 285, 45
11, 286, 58
11, 287, 0
11, 288, 32
11, 289, 0
11, 290, 24
11, 291, 0
11, 292, 0
11, 293, 0
11, 294, 0
11, 295, 31
11, 296, 55
11, 297, 0
11, 298, 0
11, 299, 0
11, 300, 0
11, 301, 0
11, 302, 0
11, 303, 0
11, 304, 31
11, 305, 0
11, 306, 0
11, 307, 22
11, 308, 0
11, 309, 0
11, 310, 0
11, 311, 43
11, 312, 0
11, 313, 0
11, 314, 0
11, 315, 0
11, 316, 0
11, 317, 49
11, 318, 0
11, 319, 0
11, 320, 7
11, 321, 0
11, 322, 0
11, 323, 0
11, 324, 0
11, 325, 14
11, 326, 0
11, 327, 0
11, 328, 0
11, 329, 0
11, 330, 0
11, 331, 0
11, 332, 28
11, 333, 0
11, 334, 23
11, 335, 0
11, 336, 0
11, 337, 0
11, 338, 0
11, 339, 0
11, 340, 0
11, 341, 0
11, 342, 0
11, 343, 0
11, 344, 0
11, 345, 0
11, 346, 0
11, 347, 8
11, 348, 0
11, 349, 20
11, 350, 46
11, 351, 0
11, 352, 25
11, 353, 29
11, 354, 0
11, 355, 0
11, 356, 33
11, 357, 45
11, 358, 0
11, 359, 36
11, 360, 0
11, 361, 0
11, 362, 29
11, 363, 0
11, 364, 0
11, 365, 0
11, 366, 0
11, 367, 0
11, 368, 0
11, 369, 0
11, 370, 0
11, 371, 0
11, 372, 0
11, 373, 53
11, 374, 38
11, 375, 10
11, 376, 0
11, 377, 0
11, 378, 0
11, 379, 15
11, 380, 0
11, 381, 52
11, 382, 0
11, 383, 13
11, 384, 39
11, 385, 20
11, 386, 31
11, 387, 0
11, 388, 0
11, 389, 0
11, 390, 40
11, 391, 37
11, 392, 0
11, 393, 0
11, 394, 0
11, 395, 14
11, 396, 0
11, 397, 42
11, 398, 0
11, 399, 18
12, 0, 0
12, 1, 32
12, 2, 0
12, 3, 38
12, 4, 0
12, 5, 0
12, 6, 0
12, 7, 0
12, 8, 0
12, 9, 0
12, 10, 0
12, 11, 28
12, 12, 0
12, 13, 56
12, 14, 0
12, 15, 0
12, 16, 29
12, 17, 0
12, 18, 0
12, 19, 0
12, 20, 0
12, 21, 27
12, 22, 0
12, 23, 35
12, 24, 0
12, 25, 0
12, 26, 47
12, 27, 21
12, 28, 0
12, 29, 0
12, 30, 28
12, 31, 25
12, 32, 0
12, 33, 0
12, 34, 0
12, 35, 0
12, 36, 0
12, 37, 0
12, 38, 53
12, 39, 0
12, 40, 0
12, 41, 0
12, 42, 41
12, 43, 0
12, 44, 0
12, 45, 0
12, 46, 42
12, 47, 0
12, 48, 0
12, 49, 0
12, 50, 0
12, 51, 0
12, 52, 31
12, 53, 0
12, 54, 5
12, 55, 0
12, 56, 0
12, 57, 0
12, 58, 54
12, 59, 0
12, 60, 0
12, 61, 0
12, 62, 0
12, 63, 0
12, 64, 0
12, 65, 0
12, 66, 0
12, 67, 57
12, 68, 0
12, 69, 33
12, 70, 0
12, 71, 0
12, 72, 0
12, 73, 0
12, 74, 49
12, 75, 24
12, 76, 0
12, 77, 0
12, 78, 0
12, 79, 0
12, 80, 0
12, 81, 0
12, 82, 0
12, 83, 0
12, 84, 0
12, 85, 18
12, 86, 0
12, 87, 8
12, 88, 0
12, 89, 0
12, 90, 0
12, 91, 0
12, 92, 0
12, 93, 14
12, 94, 0
12, 95, 0
12, 96, 0
12, 97, 0
12, 98, 0
12, 99, 0
12, 100, 0
12, 101, 0
12, 102, 13
12, 103, 15
12, 104, 50
12, 105, 0
12, 106, 0
12, 107, 0
12, 108, 0
12, 109, 0
12, 110, 0
12, 111, 22
12, 112, 0
12, 113, 45
12, 114, 0
12, 115, 5
12, 116, 0
12, 117, 0
12, 118, 0
12, 119, 0
12, 120, 26
12, 121, 0
12, 122, 0
12, 123, 0
12, 124, 0
12, 125, 0
12, 126, 0
12, 127, 28
12, 128, 0
12, 129, 0
12, 130, 40
12, 131, 0
12, 132, 0
12, 133, 0
12, 134, 43
12, 135, 0
12, 136, 0
12, 137, 0
12, 138, 20
12, 139, 0
12, 140, 0
12, 141, 48
12, 142, 0
12, 143, 35
12, 144, 3
12, 145, 0
12, 146, 0
12, 147, 0
12, 148, 29
12, 149, 47
12, 150, 0
12, 151, 50
12, 152, 31
12, 153, 0
12, 154, 41
12, 155, 0
12, 156, 0
12, 157, 0
12, 158, 35
12, 159, 0
12, 160, 0
12, 161, 0
12, 162, 0
12, 163, 19
12, 164, 0
12, 165, 0
12, 166, 0
12, 167, 0
12, 168, 0
12, 169, 0
12, 170, 0
12, 171, 0
12, 172, 0
12, 173, 0
12, 174, 0
12, 175, 0
12, 176, 0
12, 177, 0
12, 178, 0
12, 179, 0
12, 180, 0
12, 181, 0
12, 182, 0
12, 183, 0
12, 184, 0
12, 185, 0
12, 186, 42
12, 187, 32
12, 188, 0
12, 189, 0
12, 190, 0
12, 191, 0
12, 192, 0
12, 193, 0
12, 194, 11
12, 195, 0
12, 196, 45
12, 197, 21
12, 198, 0
12, 199, 0
12, 200, 0
12, 201, 24
12, 202, 33
12, 203, 0
12, 204, 0
12, 205, 0
12, 206, 0
12, 207, 0
12, 208, 0
12, 209, 49
12, 210, 0
12, 211, 38
12, 212, 0
12, 213, 0
12, 214, 44
12, 215, 14
12, 216, 15
12, 217, 0
12, 218, 0
12, 219, 0
12, 220, 0
12, 221, 0
12, 222, 43
12, 223, 0
12, 224, 25
12, 225, 16
12, 226, 0
12, 227, 0
12, 228, 0
12, 229, 0
12, 230, 0
12, 231, 0
12, 232, 0
12, 233, 0
12, 234, 29
12, 235, 22
12, 236, 0
12, 237, 0
12, 238, 54
12, 239, 53
12, 240, 0
12, 241, 0
12, 242, 0
12, 243, 0
12, 244, 0
12, 245, 0
12, 246, 0
12, 247, 0
12, 248, 22
12, 249, 37
12, 250, 0
12, 251, 21
12, 252, 0
12, 253, 56
12, 254, 54
12, 255, 0
12, 256, 0
12, 257, 28
12, 258, 0
12, 259, 0
12, 260, 0
12, 261, 0
12, 262, 0
12, 263, 0
12, 264, 0
12, 265, 0
12, 266, 0
12, 267, 0
12, 268, 0
12, 269, 0
12, 270, 48
12, 271, 0
12, 272, 57
12, 273, 0
12, 274, 13
12, 275, 32
12, 276, 0
12, 277, 0
12, 278, 50
12, 279, 27
12, 280, 0
12, 281, 42
12, 282, 0
12, 283, 0
12, 284, 13
12, 285, 0
12, 286, 0
12, 287, 0
12, 288, 57
12, 289, 0
12, 290, 0
12, 291, 0
12, 292, 0
12, 293, 0
12, 294, 0
12, 295, 0
12, 296, 0
12, 297, 26
12, 298, 1
12, 299, 0
12, 300, 0
12, 301, 0
12, 302, 0
12, 303, 0
12, 304, 0
12, 305, 0
12, 306, 0
12, 307, 20
12, 308, 0
12, 309, 0
12, 310, 0
12, 311, 0
12, 312, 0
12, 313, 0
12, 314, 0
12, 315, 0
12, 316, 45
12, 317, 0
12, 318, 0
12, 319, 11
12, 320, 0
12, 321, 25
12, 322, 0
12, 323, 30
12, 324, 40
12, 325, 24
12, 326, 0
12, 327, 57
12, 328, 35
12, 329, 0
12, 330, 56
12, 331, 0
12, 332, 0
12, 333, 11
12, 334, 5
12, 335, 19
12, 336, 0
12, 337, 0
12, 338, 0
12, 339, 0
12, 340, 0
12, 341, 0
12, 342, 0
12, 343, 0
12, 344, 0
12, 345, 0
12, 346, 0
12, 347, 47
12, 348, 53
12, 349, 25
12, 350, 0
12, 351, 0
12, 352, 0
12, 353, 42
12, 354, 0
12, 355, 0
12, 356, 0
12, 357, 0
12, 358, 0
12, 359, 45
12, 360, 0
12, 361, 0
12, 362, 0
12, 363, 43
12, 364, 0
12, 365, 0
12, 366, 21
12, 367, 38
12, 368, 0
12, 369, 0
12, 370, 5
12, 371, 0
12, 372, 0
12, 373, 1
12, 374, 23
12, 375, 56
12, 376, 41
12, 377, 0
12, 378, 0
12, 379, 0
12, 380, 54
12, 381, 0
12, 382, 0
12, 383, 0
12, 384, 0
12, 385, 14
12, 386, 0
12, 387, 0
12, 388, 0
12, 389, 0
12, 390, 0
12, 391, 3
12, 392, 0
12, 393, 0
12, 394, 0
12, 395, 0
12, 396, 0
12, 397, 18
12, 398, 0
12, 399, 0
13, 0, 0
13, 1, 0
13, 2, 0
13, 3, 0
13, 4, 28
13, 5, 15
13, 6, 0
13, 7, 0
13, 8, 0
13, 9, 0
13, 10, 0
13, 11, 0
13, 12, 8
13, 13, 0
13, 14, 22
13, 15, 0
13, 16, 0
13, 17, 0
13, 18, 0
13, 19, 0
13, 20, 21
13, 21, 0
13, 22, 39
13, 23, 10
13, 24, 0
13, 25, 7
13, 26, 0
13, 27, 0
13, 28, 0
13, 29, 0
13, 30, 11
13, 31, 0
13, 32, 0
13, 33, 0
13, 34, 20
13, 35, 0
13, 36, 0
13, 37, 11
13, 38, 0
13, 39, 45
13, 40, 11
13, 41, 0
13, 42, 0
13, 43, 0
13, 44, 0
13, 45, 0
13, 46, 0
13, 47, 0
13, 48, 0
13, 49, 0
13, 50, 0
13, 51, 47
13, 52, 15
13, 53, 0
13, 54, 27
13, 55, 27
13, 56, 0
13, 57, 0
13, 58, 0
13, 59, 0
13, 60, 0
13, 61, 0
13, 62, 0
13, 63, 36
13, 64, 6
13, 65, 32
13, 66, 0
13, 67, 0
13, 68, 0
13, 69, 0
13, 70, 0
13, 71, 0
13, 72, 0
13, 73, 29
13, 74, 25
13, 75, 0
13, 76, 0
13, 77, 9
13, 78, 0
13, 79, 0
13, 80, 13
13, 81, 0
13, 82, 0
13, 83, 52
13, 84, 0
13, 85, 0
13, 86, 0
13, 87, 0
13, 88, 0
13, 89, 0
13, 90, 27
13, 91, 0
13, 92, 0
13, 93, 0
13, 94, 0
13, 95, 0
13, 96, 0
13, 97, 0
13, 98, 55
13, 99, 27
13, 100, 45
13, 101, 0
13, 102, 0
13, 103, 0
13, 104, 6
13, 105, 26
13, 106, 33
13, 107, 0
13, 108, 39
13, 109, 0
13, 110, 0
13, 111, 0
13, 112, 0
13, 113, 0
13, 114, 0
13, 115, 0
13, 116, 21
13, 117, 0
13, 118, 0
13, 119, 0
13, 120, 0
13, 121, 7
13, 122, 0
13, 123, 11
13, 124, 10
13, 125, 0
13, 126, 0
13, 127, 0
13, 128, 0
13, 129, 34
13, 130, 0
13, 131, 0
13, 132, 0
13, 133, 22
13, 134, 0
13, 135, 0
13, 136, 14
13, 137, 8
13, 138, 0
13, 139, 0
13, 140, 52
13, 141, 0
13, 142, 0
13, 143, 0
13, 144, 0
13, 145, 0
13, 146, 0
13, 147, 0
13, 148, 0
13, 149, 0
13, 150, 0
13, 151, 0
13, 152, 0
13, 153, 0
13, 154, 0
13, 155, 0
13, 156, 0
13, 157, 0
13, 158, 0
13, 159, 0
13, 160, 0
13, 161, 0
13, 162, 0
13, 163, 0
13, 164, 0
13, 165, 44
13, 166, 0
13, 167, 27
13, 168, 0
13, 169, 22
13, 170, 0
13, 171, 20
13, 172, 0
13, 173, 0
13, 174, 0
13, 175, 0
13, 176, 0
13, 177, 36
13, 178, 0
13, 179, 45
13, 180, 0
13, 181, 0
13, 182, 0
13, 183, 0
13, 184, 0
13, 185, 27
13, 186, 24
13, 187, 0
13, 188, 0
13, 189, 30
13, 190, 0
13, 191, 0
13, 192, 15
13, 193, 0
13, 194, 28
13, 195, 0
13, 196, 17
13, 197, 0
13, 198, 16
13, 199, 0
13, 200, 0
13, 201, 0
13, 202, 0
13, 203, 0
13, 204, 14
13, 205, 0
13, 206, 13
13, 207, 0
13, 208, 52
13, 209, 0
13, 210, 39
13, 211, 0
13, 212, 0
13, 213, 0
13, 214, 0
13, 215, 0
13, 216, 0
13, 217, 12
13, 218, 0
13, 219, 0
13, 220, 38
13, 221, 39
13, 222, 0
13, 223, 0
13, 224, 0
13, 225, 0
13, 226, 0
13, 227, 0
13, 228, 55
13, 229, 0
13, 230, 20
13, 231, 0
13, 232, 0
13, 233, 46
13, 234, 25
13, 235, 0
13, 236, 0
13, 237, 32
13, 238, 0
13, 239, 0
13, 240, 0
13, 241, 0
13, 242, 0
13, 243, 0
13, 244, 0
13, 245, 0
13, 246, 34
13, 247, 21
13, 248, 26
13, 249, 17
13, 250, 0
13, 251, 0
13, 252, 0
13, 253, 15
13, 254, 0
13, 255, 0
13, 256, 29
13, 257, 0
13, 258, 0
13, 259, 0
13, 260, 0
13, 261, 22
13, 262, 0
13, 263, 36
13, 264, 0
13, 265, 0
13, 266, 0
13, 267, 0
13, 268, 0
13, 269, 0
13, 270, 0
13, 271, 0
13, 272, 0
13, 273, 0
13, 274, 7
13, 275, 0
13, 276, 0
13, 277, 0
13, 278, 25
13, 279, 0
13, 280, 0
13, 281, 0
13, 282, 0
13, 283, 0
13, 284, 0
13, 285, 30
13, 286, 0
13, 287, 0
13, 288, 0
13, 289, 0
13, 290, 0
13, 291, 0
13, 292, 0
13, 293, 0
13, 294, 0
13, 295, 46
13, 296, 0
13, 297, 0
13, 298, 9
13, 299, 0
13, 300, 55
13, 301, 0
13, 302, 14
13, 303, 44
13, 304, 0
13, 305, 0
13, 306, 0
13, 307, 0
13, 308, 11
13, 309, 0
13, 310, 8
13, 311, 0
13, 312, 0
13, 313, 0
13, 314, 0
13, 315, 52
13, 316, 16
13, 317, 0
13, 318, 0
13, 319, 0
13, 320, 0
13, 321, 0
13, 322, 0
13, 323, 0
13, 324, 0
13, 325, 0
13, 326, 0
13, 327, 0
13, 328, 0
13, 329, 0
13, 330, 27
13, 331, 28
13, 332, 0
13, 333, 10
13, 334, 0
13, 335, 0
13, 336, 0
13, 337, 0
13, 338, 0
13, 339, 7
13, 340, 0
13, 341, 0
13, 342, 32
13, 343, 4
13, 344, 39
13, 345, 22
13, 346, 0
13, 347, 26
13, 348, 0
13, 349, 15
13, 350, 0
13, 351, 0
13, 352, 24
13, 353, 36
13, 354, 0
13, 355, 60
13, 356, 24
13, 357, 0
13, 358, 0
13, 359, 0
13, 360, 0
13, 361, 0
13, 362, 46
13, 363, 0
13, 364, 0
13, 365, 0
13, 366, 0
13, 367, 24
13, 368, 12
13, 369, 0
13, 370, 0
13, 371, 0
13, 372, 0
13, 373, 0
13, 374, 0
13, 375, 0
13, 376, 0
13, 377, 0
13, 378, 0
13, 379, 17
13, 380, 52
13, 381, 0
13, 382, 20
13, 383, 0
13, 384, 55
13, 385, 0
13, 386, 0
13, 387, 0
13, 388, 0
13, 389, 0
13, 390, 0
13, 391, 0
13, 392, 0
13, 393, 0
13, 394, 13
13, 395, 0
13, 396, 0
13, 397, 0
13, 398, 3
13, 399, 0
14, 0, 0
14, 1, 0
14, 2, 42
14, 3, 0
14, 4, 0
14, 5, 0
14, 6, 0
14, 7, 0
14, 8, 0
14, 9, 20
14, 10, 0
14, 11, 0
14, 12, 5
14, 13, 0
14, 14, 0
14, 15, 0
14, 16, 0
14, 17, 0
14, 18, 0
14, 19, 0
14, 20, 4
14, 21, 0
14, 22, 0
14, 23, 0
14, 24, 0
14, 25, 0
14, 26, 0
14, 27, 33
14, 28, 0
14, 29, 0
14, 30, 35
14, 31, 0
14, 32, 0
14, 33, 23
14, 34, 0
14, 35, 0
14, 36, 0
14, 37, 0
14, 38, 36
14, 39, 0
14, 40, 0
14, 41, 14
14, 42, 0
14, 43, 0
14, 44, 24
14, 45, 38
14, 46, 44
14, 47, 22
14, 48, 10
14, 49, 0
14, 50, 42
14, 51, 0
14, 52, 0
14, 53, 0
14, 54, 0
14, 55, 0
14, 56, 0
14, 57, 9
14, 58, 0
14, 59, 0
14, 60, 0
14, 61, 40
14, 62, 20
14, 63, 0
14, 64, 0
14, 65, 21
14, 66, 0
14, 67, 32
14, 68, 0
14, 69, 48
14, 70, 0
14, 71, 2
14, 72, 0
14, 73, 57
14, 74, 36
14, 75, 46
14, 76, 0
14, 77, 0
14, 78, 0
14, 79, 0
14, 80, 23
14, 81, 0
14, 82, 0
14, 83, 0
14, 84, 0
14, 85, 0
14, 86, 0
14, 87, 0
14, 88, 4
14, 89, 0
14, 90, 28
14, 91, 0
14, 92, 51
14, 93, 0
14, 94, 0
14, 95, 19
14, 96, 3
14, 97, 31
14, 98, 52
14, 99, 0
14, 100, 0
14, 101, 0
14, 102, 0
14, 103, 0
14, 104, 40
14, 105, 43
14, 106, 16
14, 107, 8
14, 108, 0
14, 109, 0
14, 110, 50
14, 111, 11
14, 112, 0
14, 113, 0
14, 114, 0
14, 115, 0
14, 116, 0
14, 117, 0
14, 118, 0
14, 119, 41
14, 120, 1
14, 121, 0
14, 122, 0
14, 123, 0
14, 124, 0
14, 125, 0
14, 126, 0
14, 127, 0
14, 128, 0
14, 129, 0
14, 130, 19
14, 131, 9
14, 132, 0
14, 133, 0
14, 134, 0
14, 135, 0
14, 136, 7
14, 137, 0
14, 138, 14
14, 139, 0
14, 140, 0
14, 141, 0
14, 142, 18
14, 143, 26
14, 144, 37
14, 145, 44
14, 146, 0
14, 147, 0
14, 148, 0
14, 149, 23
14, 150, 0
14, 151, 58
14, 152, 0
14, 153, 0
14, 154, 0
14, 155, 0
14, 156, 0
14, 157, 0
14, 158, 54
14, 159, 0
14, 160, 20
14, 161, 0
14, 162, 48
14, 163, 0
14, 164, 0
14, 165, 0
14, 166, 0
14, 167, 0
14, 168, 0
14, 169, 0
14, 170, 0
14, 171, 0
14, 172, 0
14, 173, 0
14, 174, 0
14, 175, 0
14, 176, 0
14, 177, 0
14, 178, 0
14, 179, 0
14, 180, 0
14, 181, 49
14, 182, 0
14, 183, 0
14, 184, 51
14, 185, 19
14, 186, 14
14, 187, 0
14, 188, 0
14, 189, 0
14, 190, 0
14, 191, 0
14, 192, 43
14, 193, 40
14, 194, 0
14, 195, 0
14, 196, 55
14, 197, 45
14, 198, 0
14, 199, 0
14, 200, 54
14, 201, 0
14, 202, 0
14, 203, 0
14, 204, 0
14, 205, 62
14, 206, 0
14, 207, 0
14, 208, 0
14, 209, 35
14, 210, 0
14, 211, 0
14, 212, 42
14, 213, 19
14, 214, 0
14, 215, 16
14, 216, 0
14, 217, 48
14, 218, 0
14, 219, 0
14, 220, 0
14, 221, 0
14, 222, 0
14, 223, 0
14, 224, 0
14, 225, 0
14, 226, 0
14, 227, 50
14, 228, 10
14, 229, 0
14, 230, 0
14, 231, 0
14, 232, 0
14, 233, 0
14, 234, 41
14, 235, 0
14, 236, 0
14, 237, 0
14, 238, 36
14, 239, 0
14, 240, 0
14, 241, 57
14, 242, 0
14, 243, 44
14, 244, 0
14, 245, 0
14, 246, 0
14, 247, 55
14, 248, 0
14, 249, 0
14, 250, 0
14, 251, 0
14, 252, 37
14, 253, 0
14, 254, 0
14, 255, 0
14, 256, 0
14, 257, 0
14, 258, 49
14, 259, 0
14, 260, 26
14, 261, 0
14, 262, 31
14, 263, 0
14, 264, 0
14, 265, 18
14, 266, 0
14, 267, 33
14, 268, 54
14, 269, 40
14, 270, 0
14, 271, 11
14, 272, 0
14, 273, 0
14, 274, 0
14, 275, 0
14, 276, 0
14, 277, 0
14, 278, 0
14, 279, 0
14, 280, 42
14, 281, 0
14, 282, 18
14, 283, 0
14, 284, 14
14, 285, 37
14, 286, 41
14, 287, 0
14, 288, 0
14, 289, 9
14, 290, 0
14, 291, 0
14, 292, 0
14, 293, 0
14, 294, 5
14, 295, 0
14, 296, 16
14, 297, 28
14, 298, 0
14, 299, 0
14, 300, 0
14, 301, 0
14, 302, 36
14, 303, 7
14, 304, 0
14, 305, 17
14, 306, 0
14, 307, 0
14, 308, 0
14, 309, 0
14, 310, 0
14, 311, 48
14, 312, 17
14, 313, 35
14, 314, 46
14, 315, 0
14, 316, 0
14, 317, 4
14, 318, 13
14, 319, 0
14, 320, 21
14, 321, 0
14, 322, 20
14, 323, 52
14, 324, 0
14, 325, 0
14, 326, 0
14, 327, 0
14, 328, 45
14, 329, 0
14, 330, 0
14, 331, 45
14, 332, 0
14, 333, 0
14, 334, 0
14, 335, 13
14, 336, 58
14, 337, 0
14, 338, 0
14, 339, 0
14, 340, 42
14, 341, 0
14, 342, 0
14, 343, 0
14, 344, 0
14, 345, 62
14, 346, 51
14, 347, 18
14, 348, 0
14, 349, 0
14, 350, 43
14, 351, 2
14, 352, 0
14, 353, 0
14, 354, 0
14, 355, 55
14, 356, 0
14, 357, 0
14, 358, 0
14, 359, 0
14, 360, 0
14, 361, 0
14, 362, 0
14, 363, 0
14, 364, 0
14, 365, 0
14, 366, 0
14, 367, 0
14, 368, 0
14, 369, 35
14, 370, 0
14, 371, 11
14, 372, 48
14, 373, 0
14, 374, 0
14, 375, 44
14, 376, 33
14, 377, 0
14, 378, 0
14, 379, 32
14, 380, 0
14, 381, 0
14, 382, 0
14, 383, 0
14, 384, 0
14, 385, 24
14, 386, 0
14, 387, 0
14, 388, 0
14, 389, 0
14, 390, 0
14, 391, 45
14, 392, 0
14, 393, 1
14, 394, 0
14, 395, 38
14, 396, 11
14, 397, 16
14, 398, 0
14, 399, 0
15, 0, 0
15, 1, 15
15, 2, 42
15, 3, 0
15, 4, 0
15, 5, 0
15, 6, 0
15, 7, 33
15, 8, 14
15, 9, 0
15, 10, 39
15, 11, 0
15, 12, 0
15, 13, 0
15, 14, 0
15, 15, 0
15, 16, 6
15, 17, 26
15, 18, 10
15, 19, 0
15, 20, 25
15, 21, 51
15, 22, 0
15, 23, 0
15, 24, 0
15, 25, 0
15, 26, 0
15, 27, 0
15, 28, 0
15, 29, 0
15, 30, 0
15, 31, 18
15, 32, 0
15, 33, 0
15, 34, 0
15, 35, 0
15, 36, 49
15, 37, 20
15, 38, 0
15, 39, 0
15, 40, 0
15, 41, 0
15, 42, 0
15, 43, 47
15, 44, 0
15, 45, 32
15, 46, 0
15, 47, 0
15, 48, 0
15, 49, 36
15, 50, 0
15, 51, 0
15, 52, 48
15, 53, 0
15, 54, 0
15, 55, 0
15, 56, 0
15, 57, 0
15, 58, 1
15, 59, 0
15, 60, 55
15, 61, 31
15, 62, 0
15, 63, 0
15, 64, 0
15, 65, 0
15, 66, 0
15, 67, 46
15, 68, 0
15, 69, 0
15, 70, 0
15, 71, 0
15, 72, 0
15, 73, 52
15, 74, 0
15, 75, 43
15, 76, 0
15, 77, 0
15, 78, 30
15, 79, 0
15, 80, 0
15, 81, 14
15, 82, 57
15, 83, 0
15, 84, 0
15, 85, 0
15, 86, 58
15, 87, 0
15, 88, 4
15, 89, 0
15, 90, 0
15, 91, 0
15, 92, 10
15, 93, 0
15, 94, 37
15, 95, 0
15, 96, 0
15, 97, 0
15, 98, 0
15, 99, 0
15, 100, 31
15, 101, 0
15, 102, 0
15, 103, 18
15, 104, 0
15, 105, 0
15, 106, 0
15, 107, 57
15, 108, 0
15, 109, 36
15, 110, 0
15, 111, 0
15, 112, 0
15, 113, 0
15, 114, 0
15, 115, 0
15, 116, 0
15, 117, 0
15, 118, 0
15, 119, 0
15, 120, 29
15, 121, 0
15, 122, 0
15, 123, 0
15, 124, 0
15, 125, 5
15, 126, 8
15, 127, 0
15, 128, 0
15, 129, 0
15, 130, 0
15, 131, 0
15, 132, 55
15, 133, 0
15, 134, 0
15, 135, 42
15, 136, 0
15, 137, 0
15, 138, 24
15, 139, 0
15, 140, 0
15, 141, 0
15, 142, 26
15, 143, 0
15, 144, 1
15, 145, 18
15, 146, 0
15, 147, 0
15, 148, 29
15, 149, 0
15, 150, 13
15, 151, 0
15, 152, 0
15, 153, 0
15, 154, 33
15, 155, 43
15, 156, 0
15, 157, 0
15, 158, 0
15, 159, 0
15, 160, 0
15, 161, 0
15, 162, 0
15, 163, 0
15, 164, 0
15, 165, 0
15, 166, 47
15, 167, 0
15, 168, 17
15, 169, 51
15, 170, 0
15, 171, 0
15, 172, 0
15, 173, 30
15, 174, 11
15, 175, 0
15, 176, 25
15, 177, 31
15, 178, 0
15, 179, 0
15, 180, 0
15, 181, 40
15, 182, 14
15, 183, 0
15, 184, 0
15, 185, 0
15, 186, 0
15, 187, 0
15, 188, 0
15, 189, 0
15, 190, 0
15, 191, 0
15, 192, 0
15, 193, 39
15, 194, 0
15, 195, 0
15, 196, 0
15, 197, 0
15, 198, 0
15, 199, 0
15, 200, 58
15, 201, 0
15, 202, 0
15, 203, 0
15, 204, 46
15, 205, 0
15, 206, 0
15, 207, 36
15, 208, 55
15, 209, 0
15, 210, 40
15, 211, 0
15, 212, 0
15, 213, 0
15, 214, 40
15, 215, 0
15, 216, 0
15, 217, 33
15, 218, 0
15, 219, 0
15, 220, 36
15, 221, 0
15, 222, 0
15, 223, 0
15, 224, 0
15, 225, 0
15, 226, 0
15, 227, 0
15, 228, 46
15, 229, 0
15, 230, 0
15, 231, 0
15, 232, 48
15, 233, 0
15, 234, 0
15, 235, 39
15, 236, 0
15, 237, 0
15, 238, 0
15, 239, 0
15, 240, 0
15, 241, 16
15, 242, 0
15, 243, 0
15, 244, 0
15, 245, 0
15, 246, 37
15, 247, 0
15, 248, 0
15, 249, 0
15, 250, 0
15, 251, 0
15, 252, 0
15, 253, 0
15, 254, 0
15, 255, 0
15, 256, 0
15, 257, 0
15, 258, 0
15, 259, 0
15, 260, 0
15, 261, 8
15, 262, 52
15, 263, 0
15, 264, 50
15, 265, 40
15, 266, 0
15, 267, 1
15, 268, 0
15, 269, 0
15, 270, 51
15, 271, 0
15, 272, 8
15, 273, 0
15, 274, 29
15, 275, 0
15, 276, 57
15, 277, 33
15, 278, 30
15, 279, 0
15, 280, 0
15, 281, 4
15, 282, 0
15, 283, 0
15, 284, 0
15, 285, 0
15, 286, 0
15, 287, 0
15, 288, 0
15, 289, 50
15, 290, 0
15, 291, 0
15, 292, 0
15, 293, 55
15, 294, 0
15, 295, 42
15, 296, 20
15, 297, 0
15, 298, 0
15, 299, 30
15, 300, 0
15, 301, 0
15, 302, 0
15, 303, 0
15, 304, 0
15, 305, 15
15, 306, 0
15, 307, 0
15, 308, 0
15, 309, 32
15, 310, 49
15, 311, 0
15, 312, 0
15, 313, 0
15, 314, 0
15, 315, 0
15, 316, 0
15, 317, 0
15, 318, 0
15, 319, 0
15, 320, 55
15, 321, 24
15, 322, 0
15, 323, 47
15, 324, 0
15, 325, 51
15, 326, 42
15, 327, 0
15, 328, 0
15, 329, 0
15, 330, 0
15, 331, 0
15, 332, 0
15, 333, 26
15, 334, 0
15, 335, 0
15, 336, 0
15, 337, 0
15, 338, 0
15, 339, 46
15, 340, 0
15, 341, 0
15, 342, 0
15, 343, 17
15, 344, 31
15, 345, 0
15, 346, 0
15, 347, 0
15, 348, 52
15, 349, 0
15, 350, 36
15, 351, 0
15, 352, 0
15, 353, 0
15, 354, 52
15, 355, 0
15, 356, 0
15, 357, 10
15, 358, 0
15, 359, 0
15, 360, 16
15, 361, 0
15, 362, 0
15, 363, 0
15, 364, 3
15, 365, 0
15, 366, 0
15, 367, 0
15, 368, 32
15, 369, 0
15, 370, 0
15, 371, 0
15, 372, 48
15, 373, 0
15, 374, 0
15, 375, 0
15, 376, 58
15, 377, 0
15, 378, 0
15, 379, 4
15, 380, 13
15, 381, 30
15, 382, 0
15, 383, 0
15, 384, 0
15, 385, 0
15, 386, 0
15, 387, 0
15, 388, 0
15, 389, 0
15, 390, 8
15, 391, 0
15, 392, 0
15, 393, 17
15, 394, 0
15, 395, 0
15, 396, 0
15, 397, 0
15, 398, 0
15, 399, 0
16, 0, 0
16, 1, 0
16, 2, 0
16, 3, 0
16, 4, 22
16, 5, 14
16, 6, 19
16, 7, 10
16, 8, 0
16, 9, 0
16, 10, 53
16, 11, 0
16, 12, 0
16, 13, 0
16, 14, 35
16, 15, 0
16, 16, 0
16, 17, 0
16, 18, 0
16, 19, 0
16, 20, 0
16, 21, 38
16, 22, 0
16, 23, 0
16, 24, 0
16, 25, 0
16, 26, 0
16, 27, 0
16, 28, 40
16, 29, 0
16, 30, 50
16, 31, 0
16, 32, 40
16, 33, 0
16, 34, 6
16, 35, 0
16, 36, 0
16, 37, 0
16, 38, 59
16, 39, 17
16, 40, 0
16, 41, 35
16, 42, 0
16, 43, 0
16, 44, 9
16, 45, 0
16, 46, 27
16, 47, 20
16, 48, 51
16, 49, 0
16, 50, 0
16, 51, 30
16, 52, 18
16, 53, 0
16, 54, 15
16, 55, 53
16, 56, 0
16, 57, 0
16, 58, 0
16, 59, 0
16, 60, 56
16, 61, 0
16, 62, 26
16, 63, 0
16, 64, 0
16, 65, 23
16, 66, 29
16, 67, 0
16, 68, 0
16, 69, 44
16, 70, 0
16, 71, 14
16, 72, 0
16, 73, 0
16, 74, 32
16, 75, 0
16, 76, 0
16, 77, 37
16, 78, 0
16, 79, 2
16, 80, 0
16, 81, 31
16, 82, 4
16, 83, 21
16, 84, 0
16, 85, 0
16, 86, 0
16, 87, 0
16, 88, 33
16, 89, 0
16, 90, 0
16, 91, 0
16, 92, 38
16, 93, 0
16, 94, 0
16, 95, 0
16, 96, 0
16, 97, 0
16, 98, 22
16, 99, 0
16, 100, 0
16, 101, 1
16, 102, 0
16, 103, 16
16, 104, 11
16, 105, 14
16, 106, 46
16, 107, 0
16, 108, 0
16, 109, 0
16, 110, 0
16, 111, 0
16, 112, 30
16, 113, 0
16, 114, 0
16, 115, 0
16, 116, 0
16, 117, 0
16, 118, 0
16, 119, 0
16, 120, 0
16, 121, 0
16, 122, 0
16, 123, 0
16, 124, 0
16, 125, 0
16, 126, 0
16, 127, 0
16, 128, 0
16, 129, 0
16, 130, 0
16, 131, 26
16, 132, 0
16, 133, 0
16, 134, 0
16, 135, 0
16, 136, 18
16, 137, 0
16, 138, 0
16, 139, 0
16, 140, 0
16, 141, 0
16, 142, 0
16, 143, 0
16, 144, 0
16, 145, 0
16, 146, 0
16, 147, 0
16, 148, 28
16, 149, 13
16, 150, 0
16, 151, 10
16, 152, 0
16, 153, 0
16, 154, 0
16, 155, 0
16, 156, 0
16, 157, 0
16, 158, 0
16, 159, 32
16, 160, 0
16, 161, 0
16, 162, 41
16, 163, 0
16, 164, 0
16, 165, 24
16, 166, 0
16, 167, 0
16, 168, 0
16, 169, 53
16, 170, 0
16, 171, 33
16, 172, 0
16, 173, 35
16, 174, 0
16, 175, 0
16, 176, 49
16, 177, 0
16, 178, 0
16, 179, 0
16, 180, 0
16, 181, 0
16, 182, 44
16, 183, 0
16, 184, 47
16, 185, 0
16, 186, 0
16, 187, 0
16, 188, 38
16, 189, 0
16, 190, 0
16, 191, 37
16, 192, 0
16, 193, 0
16, 194, 38
16, 195, 22
16, 196, 0
16, 197, 0
16, 198, 27
16, 199, 0
16, 200, 0
16, 201, 20
16, 202, 0
16, 203, 0
16, 204, 0
16, 205, 0
16, 206, 28
16, 207, 0
16, 208, 0
16, 209, 0
16, 210, 0
16, 211, 51
16, 212, 30
16, 213, 19
16, 214, 0
16, 215, 15
16, 216, 0
16, 217, 0
16, 218, 0
16, 219, 0
16, 220, 47
16, 221, 0
16, 222, 0
16, 223, 53
16, 224, 0
16, 225, 0
16, 226, 7
16, 227, 56
16, 228, 0
16, 229, 24
16, 230, 0
16, 231, 0
16, 232, 16
16, 233, 0
16, 234, 0
16, 235, 0
16, 236, 26
16, 237, 0
16, 238, 0
16, 239, 0
16, 240, 0
16, 241, 23
16, 242, 0
16, 243, 50
16, 244, 21
16, 245, 0
16, 246, 0
16, 247, 0
16, 248, 0
16, 249, 0
16, 250, 0
16, 251, 14
16, 252, 0
16, 253, 0
16, 254, 9
16, 255, 4
16, 256, 51
16, 257, 0
16, 258, 0
16, 259, 28
16, 260, 0
16, 261, 0
16, 262, 17
16, 263, 0
16, 264, 0
16, 265, 0
16, 266, 0
16, 267, 35
16, 268, 13
16, 269, 0
16, 270, 0
16, 271, 0
16, 272, 46
16, 273, 2
16, 274, 20
16, 275, 0
16, 276, 0
16, 277, 0
16, 278, 0
16, 279, 0
16, 280, 57
16, 281, 0
16, 282, 0
16, 283, 0
16, 284, 0
16, 285, 0
16, 286, 0
16, 287, 0
16, 288, 34
16, 289, 0
16, 290, 26
16, 291, 0
16, 292, 0
16, 293, 0
16, 294, 0
16, 295, 0
16, 296, 0
16, 297, 40
16, 298, 41
16, 299, 0
16, 300, 7
16, 301, 0
16, 302, 21
16, 303, 0
16, 304, 19
16, 305, 0
16, 306, 49
16, 307, 44
16, 308, 41
16, 309, 0
16, 310, 25
16, 311, 16
16, 312, 0
16, 313, 0
16, 314, 0
16, 315, 0
16, 316, 0
16, 317, 0
16, 318, 40
16, 319, 8
16, 320, 32
16, 321, 6
16, 322, 0
16, 323, 0
16, 324, 0
16, 325, 7
16, 326, 0
16, 327, 10
16, 328, 0
16, 329, 0
16, 330, 0
16, 331, 50
16, 332, 0
16, 333, 0
16, 334, 0
16, 335, 0
16, 336, 0
16, 337, 0
16, 338, 22
16, 339, 0
16, 340, 0
16, 341, 0
16, 342, 0
16, 343, 0
16, 344, 5
16, 345, 0
16, 346, 0
16, 347, 47
16, 348, 26
16, 349, 15
16, 350, 0
16, 351, 0
16, 352, 0
16, 353, 0
16, 354, 44
16, 355, 0
16, 356, 1
16, 357, 53
16, 358, 0
16, 359, 41
16, 360, 0
16, 361, 11
16, 362, 0
16, 363, 0
16, 364, 0
16, 365, 0
16, 366, 34
16, 367, 0
16, 368, 0
16, 369, 0
16, 370, 0
16, 371, 38
16, 372, 0
16, 373, 32
16, 374, 0
16, 375, 0
16, 376, 0
16, 377, 0
16, 378, 0
16, 379, 0
16, 380, 0
16, 381, 0
16, 382, 0
16, 383, 37
16, 384, 0
16, 385, 45
16, 386, 0
16, 387, 0
16, 388, 0
16, 389, 0
16, 390, 0
16, 391, 40
16, 392, 46
16, 393, 13
16, 394, 0
16, 395, 0
16, 396, 0
16, 397, 0
16, 398, 53
16, 399, 41
17, 0, 0
17, 1, 0
17, 2, 0
17, 3, 0
17, 4, 0
17, 5, 0
17, 6, 0
17, 7, 0
17, 8, 0
17, 9, 45
17, 10, 0
17, 11, 0
17, 12, 49
17, 13, 21
17, 14, 41
17, 15, 25
17, 16, 0
17, 17, 0
17, 18, 56
17, 19, 51
17, 20, 20
17, 21, 3
17, 22, 13
17, 23, 18
17, 24, 50
17, 25, 0
17, 26, 0
17, 27, 39
17, 28, 0
17, 29, 32
17, 30, 0
17, 31, 0
17, 32, 0
17, 33, 11
17, 34, 44
17, 35, 0
17, 36, 0
17, 37, 0
17, 38, 4
17, 39, 23
17, 40, 12
17, 41, 0
17, 42, 0
17, 43, 0
17, 44, 0
17, 45, 0
17, 46, 0
17, 47, 0
17, 48, 0
17, 49, 0
17, 50, 3
17, 51, 0
17, 52, 0
17, 53, 0
17, 54, 0
17, 55, 0
17, 56, 0
17, 57, 0
17, 58, 0
17, 59, 0
17, 60, 0
17, 61, 55
17, 62, 0
17, 63, 0
17, 64, 0
17, 65, 4
17, 66, 0
17, 67, 36
17, 68, 41
17, 69, 0
17, 70, 0
17, 71, 0
17, 72, 0
17, 73, 52
17, 74, 35
17, 75, 0
17, 76, 0
17, 77, 0
17, 78, 53
17, 79, 0
17, 80, 49
17, 81, 0
17, 82, 0
17, 83, 11
17, 84, 0
17, 85, 0
17, 86, 0
17, 87, 31
17, 88, 0
17, 89, 0
17, 90, 0
17, 91, 0
17, 92, 0
17, 93, 29
17, 94, 0
17, 95, 0
17, 96, 0
17, 97, 0
17, 98, 18
17, 99, 37
17, 100, 43
17, 101, 0
17, 102, 45
17, 103, 8
17, 104, 0
17, 105, 0
17, 106, 0
17, 107, 16
17, 108, 0
17, 109, 0
17, 110, 30
17, 111, 0
17, 112, 0
17, 113, 0
17, 114, 0
17, 115, 0
17, 116, 21
17, 117, 0
17, 118, 0
17, 119, 0
17, 120, 31
17, 121, 0
17, 122, 0
17, 123, 0
17, 124, 40
17, 125, 0
17, 126, 0
17, 127, 1
17, 128, 0
17, 129, 19
17, 130, 23
17, 131, 0
17, 132, 0
17, 133, 0
17, 134, 0
17, 135, 14
17, 136, 54
17, 137, 0
17, 138, 46
17, 139, 0
17, 140, 0
17, 141, 0
17, 142, 0
17, 143, 0
17, 144, 0
17, 145, 0
17, 146, 0
17, 147, 0
17, 148, 0
17, 149, 0
17, 150, 0
17, 151, 0
17, 152, 0
17, 153, 0
17, 154, 36
17, 155, 40
17, 156, 0
17, 157, 18
17, 158, 17
17, 159, 30
17, 160, 0
17, 161, 44
17, 162, 0
17, 163, 0
17, 164, 0
17, 165, 0
17, 166, 0
17, 167, 36
17, 168, 0
17, 169, 0
17, 170, 13
17, 171, 0
17, 172, 0
17, 173, 0
17, 174, 0
17, 175, 0
17, 176, 0
17, 177, 0
17, 178, 53
17, 179, 0
17, 180, 0
17, 181, 0
17, 182, 0
17, 183, 0
17, 184, 0
17, 185, 0
17, 186, 0
17, 187, 0
17, 188, 0
17, 189, 23
17, 190, 0
17, 191, 0
17, 192, 0
17, 193, 0
17, 194, 0
17, 195, 0
17, 196, 39
17, 197, 0
17, 198, 0
17, 199, 0
17, 200, 0
17, 201, 0
17, 202, 25
17, 203, 0
17, 204, 0
17, 205, 0
17, 206, 38
17, 207, 0
17, 208, 0
17, 209, 0
17, 210, 0
17, 211, 0
17, 212, 0
17, 213, 32
17, 214, 0
17, 215, 0
17, 216, 0
17, 217, 0
17, 218, 0
17, 219, 25
17, 220, 0
17, 221, 31
17, 222, 43
17, 223, 0
17, 224, 0
17, 225, 37
17, 226, 0
17, 227, 0
17, 228, 0
17, 229, 0
17, 230, 0
17, 231, 0
17, 232, 0
17, 233, 0
17, 234, 0
17, 235, 38
17, 236, 0
17, 237, 0
17, 238, 0
17, 239, 0
17, 240, 0
17, 241, 0
17, 242, 0
17, 243, 0
17, 244, 0
17, 245, 0
17, 246, 0
17, 247, 0
17, 248, 0
17, 249, 0
17, 250, 41
17, 251, 0
17, 252, 14
17, 253, 0
17, 254, 0
17, 255, 0
17, 256, 11
17, 257, 0
17, 258, 0
17, 259, 0
17, 260, 38
17, 261, 0
17, 262, 0
17, 263, 13
17, 264, 0
17, 265, 0
17, 266, 0
17, 267, 0
17, 268, 0
17, 269, 11
17, 270, 21
17, 271, 0
17, 272, 49
17, 273, 0
17, 274, 55
17, 275, 0
17, 276, 45
17, 277, 0
17, 278, 0
17, 279, 0
17, 280, 8
17, 281, 44
17, 282, 0
17, 283, 0
17, 284, 46
17, 285, 3
17, 286, 0
17, 287, 23
17, 288, 0
17, 289, 0
17, 290, 56
17, 291, 0
17, 292, 0
17, 293, 53
17, 294, 16
17, 295, 54
17, 296, 0
17, 297, 18
17, 298, 43
17, 299, 0
17, 300, 0
17, 301, 0
17, 302, 0
17, 303, 0
17, 304, 36
17, 305, 0
17, 306, 55
17, 307, 0
17, 308, 0
17, 309, 0
17, 310, 0
17, 311, 0
17, 312, 30
17, 313, 0
17, 314, 0
17, 315, 21
17, 316, 0
17, 317, 25
17, 318, 0
17, 319, 0
17, 320, 0
17, 321, 0
17, 322, 0
17, 323, 0
17, 324, 0
17, 325, 36
17, 326, 0
17, 327, 0
17, 328, 0
17, 329, 0
17, 330, 0
17, 331, 29
17, 332, 0
17, 333, 0
17, 334, 41
17, 335, 0
17, 336, 0
17, 337, 0
17, 338, 17
17, 339, 0
17, 340, 0
17, 341, 0
17, 342, 0
17, 343, 0
17, 344, 27
17, 345, 0
17, 346, 0
17, 347, 0
17, 348, 0
17, 349, 0
17, 350, 0
17, 351, 20
17, 352, 53
17, 353, 0
17, 354, 0
17, 355, 0
17, 356, 40
17, 357, 0
17, 358, 0
17, 359, 0
17, 360, 31
17, 361, 0
17, 362, 14
17, 363, 0
17, 364, 0
17, 365, 0
17, 366, 0
17, 367, 41
17, 368, 0
17, 369, 2
17, 370, 0
17, 371, 0
17, 372, 0
17, 373, 0
17, 374, 35
17, 375, 0
17, 376, 23
17, 377, 0
17, 378, 0
17, 379, 44
17, 380, 0
17, 381, 0
17, 382, 38
17, 383, 0
17, 384, 0
17, 385, 17
17, 386, 24
17, 387, 0
17, 388, 0
17, 389, 0
17, 390, 39
17, 391, 29
17, 392, 0
17, 393, 0
17, 394, 0
17, 395, 0
17, 396, 0
17, 397, 0
17, 398, 0
17, 399, 0
18, 0, 0
18, 1, 45
18, 2, 0
18, 3, 0
18, 4, 0
18, 5, 0
18, 6, 0
18, 7, 0
18, 8, 2
18, 9, 45
18, 10, 27
18, 11, 0
18, 12, 0
18, 13, 0
18, 14, 38
18, 15, 0
18, 16, 0
18, 17, 0
18, 18, 0
18, 19, 0
18, 20, 0
18, 21, 0
18, 22, 0
18, 23, 0
18, 24, 0
18, 25, 0
18, 26, 0
18, 27, 0
18, 28, 0
18, 29, 52
18, 30, 55
18, 31, 22
18, 32, 0
18, 33, 0
18, 34, 0
18, 35, 0
18, 36, 33
18, 37, 0
18, 38, 0
18, 39, 10
18, 40, 2
18, 41, 0
18, 42, 51
18, 43, 0
18, 44, 0
18, 45, 38
18, 46, 0
18, 47, 0
18, 48, 43
18, 49, 0
18, 50, 0
18, 51, 0
18, 52, 1
18, 53, 0
18, 54, 0
18, 55, 50
18, 56, 0
18, 57, 5
18, 58, 0
18, 59, 0
18, 60, 1
18, 61, 0
18, 62, 27
18, 63, 0
18, 64, 0
18, 65, 25
18, 66, 20
18, 67, 0
18, 68, 57
18, 69, 14
18, 70, 0
18, 71, 32
18, 72, 0
18, 73, 15
18, 74, 25
18, 75, 0
18, 76, 0
18, 77, 0
18, 78, 30
18, 79, 39
18, 80, 48
18, 81, 0
18, 82, 0
18, 83, 0
18, 84, 0
18, 85, 0
18, 86, 4
18, 87, 9
18, 88, 45
18, 89, 0
18, 90, 0
18, 91, 0
18, 92, 0
18, 93, 0
18, 94, 58
18, 95, 0
18, 96, 0
18, 97, 0
18, 98, 0
18, 99, 21
18, 100, 0
18, 101, 0
18, 102, 0
18, 103, 0
18, 104, 0
18, 105, 0
18, 106, 0
18, 107, 0
18, 108, 0
18, 109, 0
18, 110, 7
18, 111, 0
18, 112, 44
18, 113, 50
18, 114, 0
18, 115, 16
18, 116, 54
18, 117, 0
18, 118, 6
18, 119, 0
18, 120, 2
18, 121, 57
18, 122, 0
18, 123, 0
18, 124, 0
18, 125, 51
18, 126, 0
18, 127, 0
18, 128, 0
18, 129, 0
18, 130, 2
18, 131, 0
18, 132, 0
18, 133, 0
18, 134, 4
18, 135, 0
18, 136, 0
18, 137, 0
18, 138, 9
18, 139, 0
18, 140, 0
18, 141, 0
18, 142, 0
18, 143, 0
18, 144, 0
18, 145, 23
18, 146, 0
18, 147, 43
18, 148, 0
18, 149, 39
18, 150, 0
18, 151, 0
18, 152, 52
18, 153, 33
18, 154, 0
18, 155, 0
18, 156, 0
18, 157, 0
18, 158, 0
18, 159, 0
18, 160, 0
18, 161, 0
18, 162, 0
18, 163, 52
18, 164, 20
18, 165, 0
18, 166, 0
18, 167, 0
18, 168, 0
18, 169, 45
18, 170, 51
18, 171, 0
18, 172, 0
18, 173, 0
18, 174, 0
18, 175, 0
18, 176, 32
18, 177, 0
18, 178, 0
18, 179, 0
18, 180, 0
18, 181, 0
18, 182, 13
18, 183, 0
18, 184, 18
18, 185, 15
18, 186, 0
18, 187, 0
18, 188, 0
18, 189, 0
18, 190, 0
18, 191, 0
18, 192, 0
18, 193, 0
18, 194, 0
18, 195, 0
18, 196, 0
18, 197, 0
18, 198, 0
18, 199, 48
18, 200, 43
18, 201, 0
18, 202, 0
18, 203, 16
18, 204, 0
18, 205, 0
18, 206, 0
18, 207, 0
18, 208, 0
18, 209, 58
18, 210, 50
18, 211, 22
18, 212, 0
18, 213, 0
18, 214, 0
18, 215, 0
18, 216, 0
18, 217, 0
18, 218, 0
18, 219, 0
18, 220, 0
18, 221, 0
18, 222, 0
18, 223, 0
18, 224, 45
18, 225, 0
18, 226, 14
18, 227, 0
18, 228, 0
18, 229, 10
18, 230, 33
18, 231, 0
18, 232, 0
18, 233, 0
18, 234, 24
18, 235, 0
18, 236, 0
18, 237, 0
18, 238, 0
18, 239, 27
18, 240, 0
18, 241, 0
18, 242, 0
18, 243, 0
18, 244, 0
18, 245, 0
18, 246, 0
18, 247, 0
18, 248, 0
18, 249, 0
18, 250, 0
18, 251, 25
18, 252, 0
18, 253, 0
18, 254, 52
18, 255, 15
18, 256, 0
18, 257, 0
18, 258, 0
18, 259, 0
18, 260, 24
18, 261, 21
18, 262, 0
18, 263, 0
18, 264, 55
18, 265, 32
18, 266, 48
18, 267, 0
18, 268, 0
18, 269, 5
18, 270, 0
18, 271, 0
18, 272, 30
18, 273, 0
18, 274, 39
18, 275, 0
18, 276, 0
18, 277, 0
18, 278, 0
18, 279, 0
18, 280, 0
18, 281, 0
18, 282, 0
18, 283, 0
18, 284, 0
18, 285, 0
18, 286, 0
18, 287, 0
18, 288, 15
18, 289, 0
18, 290, 0
18, 291, 0
18, 292, 0
18, 293, 0
18, 294, 0
18, 295, 0
18, 296, 0
18, 297, 23
18, 298, 33
18, 299, 0
18, 300, 0
18, 301, 30
18, 302, 0
18, 303, 0
18, 304, 0
18, 305, 4
18, 306, 0
18, 307, 1
18, 308, 0
18, 309, 0
18, 310, 13
18, 311, 0
18, 312, 0
18, 313, 0
18, 314, 0
18, 315, 0
18, 316, 0
18, 317, 38
18, 318, 0
18, 319, 0
18, 320, 0
18, 321, 0
18, 322, 9
18, 323, 0
18, 324, 57
18, 325, 0
18, 326, 0
18, 327, 0
18, 328, 10
18, 329, 54
18, 330, 0
18, 331, 4
18, 332, 0
18, 333, 0
18, 334, 0
18, 335, 0
18, 336, 0
18, 337, 0
18, 338, 0
18, 339, 51
18, 340, 0
18, 341, 0
18, 342, 0
18, 343, 0
18, 344, 44
18, 345, 0
18, 346, 0
18, 347, 38
18, 348, 0
18, 349, 0
18, 350, 0
18, 351, 0
18, 352, 0
18, 353, 24
18, 354, 43
18, 355, 58
18, 356, 0
18, 357, 0
18, 358, 0
18, 359, 0
18, 360, 0
18, 361, 0
18, 362, 0
18, 363, 0
18, 364, 0
18, 365, 45
18, 366, 0
18, 367, 0
18, 368, 0
18, 369, 23
18, 370, 0
18, 371, 9
18, 372, 0
18, 373, 0
18, 374, 0
18, 375, 0
18, 376, 0
18, 377, 0
18, 378, 0
18, 379, 0
18, 380, 22
18, 381, 27
18, 382, 0
18, 383, 0
18, 384, 5
18, 385, 0
18, 386, 22
18, 387, 0
18, 388, 0
18, 389, 0
18, 390, 0
18, 391, 4
18, 392, 4
18, 393, 0
18, 394, 0
18, 395, 0
18, 396, 18
18, 397, 0
18, 398, 38
18, 399, 0
19, 0, 0
19, 1, 0
19, 2, 0
19, 3, 31
19, 4, 0
19, 5, 2
19, 6, 0
19, 7, 0
19, 8, 0
19, 9, 60
19, 10, 0
19, 11, 0
19, 12, 0
19, 13, 0
19, 14, 0
19, 15, 0
19, 16, 0
19, 17, 0
19, 18, 0
19, 19, 0
19, 20, 0
19, 21, 0
19, 22, 0
19, 23, 26
19, 24, 0
19, 25, 27
19, 26, 0
19, 27, 30
19, 28, 0
19, 29, 0
19, 30, 53
19, 31, 50
19, 32, 0
19, 33, 3
19, 34, 37
19, 35, 0
19, 36, 0
19, 37, 6
19, 38, 0
19, 39, 0
19, 40, 0
19, 41, 0
19, 42, 0
19, 43, 0
19, 44, 0
19, 45, 0
19, 46, 5
19, 47, 0
19, 48, 18
19, 49, 8
19, 50, 0
19, 51, 0
19, 52, 0
19, 53, 0
19, 54, 0
19, 55, 0
19, 56, 0
19, 57, 20
19, 58, 42
19, 59, 0
19, 60, 12
19, 61, 0
19, 62, 26
19, 63, 0
19, 64, 0
19, 65, 0
19, 66, 0
19, 67, 0
19, 68, 0
19, 69, 0
19, 70, 0
19, 71, 26
19, 72, 0
19, 73, 0
19, 74, 53
19, 75, 0
19, 76, 0
19, 77, 0
19, 78, 0
19, 79, 0
19, 80, 0
19, 81, 34
19, 82, 0
19, 83, 0
19, 84, 0
19, 85, 0
19, 86, 0
19, 87, 0
19, 88, 0
19, 89, 0
19, 90, 15
19, 91, 60
19, 92, 0
19, 93, 0
19, 94, 0
19, 95, 0
19, 96, 31
19, 97, 0
19, 98, 0
19, 99, 0
19, 100, 0
19, 101, 0
19, 102, 0
19, 103, 0
19, 104, 34
19, 105, 0
19, 106, 0
19, 107, 0
19, 108, 53
19, 109, 0
19, 110, 45
19, 111, 20
19, 112, 0
19, 113, 0
19, 114, 0
19, 115, 17
19, 116, 25
19, 117, 0
19, 118, 0
19, 119, 0
19, 120, 0
19, 121, 0
19, 122, 0
19, 123, 0
19, 124, 0
19, 125, 49
19, 126, 0
19, 127, 0
19, 128, 0
19, 129, 37
19, 130, 0
19, 131, 0
19, 132, 6
19, 133, 32
19, 134, 30
19, 135, 0
19, 136, 0
19, 137, 0
19, 138, 0
19, 139, 0
19, 140, 0
19, 141, 0
19, 142, 5
19, 143, 0
19, 144, 0
19, 145, 0
19, 146, 39
19, 147, 38
19, 148, 0
19, 149, 0
19, 150, 39
19, 151, 0
19, 152, 0
19, 153, 12
19, 154, 0
19, 155, 0
19, 156, 0
19, 157, 0
19, 158, 0
19, 159, 46
19, 160, 0
19, 161, 0
19, 162, 0
19, 163, 0
19, 164, 0
19, 165, 0
19, 166, 0
19, 167, 0
19, 168, 0
19, 169, 0
19, 170, 33
19, 171, 0
19, 172, 0
19, 173, 0
19, 174, 0
19, 175, 27
19, 176, 60
19, 177, 0
19, 178, 0
19, 179, 0
19, 180, 0
19, 181, 0
19, 182, 43
19, 183, 0
19, 184, 0
19, 185, 41
19, 186, 0
19, 187, 0
19, 188, 0
19, 189, 0
19, 190, 0
19, 191, 53
19, 192, 0
19, 193, 0
19, 194, 44
19, 195, 26
19, 196, 0
19, 197, 0
19, 198, 0
19, 199, 0
19, 200, 0
19, 201, 0
19, 202, 0
19, 203, 0
19, 204, 0
19, 205, 0
19, 206, 0
19, 207, 0
19, 208, 0
19, 209, 26
19, 210, 0
19, 211, 0
19, 212, 0
19, 213, 0
19, 214, 0
19, 215, 0
19, 216, 0
19, 217, 15
19, 218, 0
19, 219, 0
19, 220, 27
19, 221, 26
19, 222, 0
19, 223, 44
19, 224, 0
19, 225, 0
19, 226, 0
19, 227, 0
19, 228, 0
19, 229, 0
19, 230, 0
19, 231, 0
19, 232, 0
19, 233, 0
19, 234, 25
19, 235, 45
19, 236, 0
19, 237, 0
19, 238, 0
19, 239, 50
19, 240, 0
19, 241, 0
19, 242, 0
19, 243, 34
19, 244, 0
19, 245, 0
19, 246, 20
19, 247, 49
19, 248, 0
19, 249, 0
19, 250, 0
19, 251, 0
19, 252, 32
19, 253, 0
19, 254, 55
19, 255, 0
19, 256, 0
19, 257, 18
19, 258, 0
19, 259, 0
19, 260, 0
19, 261, 0
19, 262, 0
19, 263, 36
19, 264, 0
19, 265, 0
19, 266, 0
19, 267, 0
19, 268, 0
19, 269, 0
19, 270, 0
19, 271, 0
19, 272, 0
19, 273, 0
19, 274, 0
19, 275, 0
19, 276, 33
19, 277, 0
19, 278, 0
19, 279, 37
19, 280, 0
19, 281, 15
19, 282, 0
19, 283, 38
19, 284, 0
19, 285, 0
19, 286, 0
19, 287, 0
19, 288, 30
19, 289, 0
19, 290, 0
19, 291, 0
19, 292, 0
19, 293, 0
19, 294, 41
19, 295, 42
19, 296, 20
19, 297, 0
19, 298, 0
19, 299, 0
19, 300, 0
19, 301, 0
19, 302, 0
19, 303, 27
19, 304, 42
19, 305, 0
19, 306, 0
19, 307, 0
19, 308, 0
19, 309, 0
19, 310, 0
19, 311, 39
19, 312, 0
19, 313, 34
19, 314, 0
19, 315, 0
19, 316, 0
19, 317, 32
19, 318, 53
19, 319, 0
19, 320, 0
19, 321, 0
19, 322, 0
19, 323, 0
19, 324, 0
19, 325, 0
19, 326, 0
19, 327, 0
19, 328, 0
19, 329, 0
19, 330, 0
19, 331, 0
19, 332, 16
19, 333, 0
19, 334, 0
19, 335, 0
19, 336, 26
19, 337, 0
19, 338, 0
19, 339, 0
19, 340, 37
19, 341, 0
19, 342, 26
19, 343, 0
19, 344, 0
19, 345, 0
19, 346, 0
19, 347, 0
19, 348, 12
19, 349, 53
19, 350, 0
19, 351, 0
19, 352, 34
19, 353, 41
19, 354, 0
19, 355, 0
19, 356, 20
19, 357, 0
19, 358, 0
19, 359, 0
19, 360, 0
19, 361, 0
19, 362, 0
19, 363, 30
19, 364, 60
19, 365, 0
19, 366, 0
19, 367, 50
19, 368, 0
19, 369, 0
19, 370, 5
19, 371, 0
19, 372, 0
19, 373, 28
19, 374, 0
19, 375, 0
19, 376, 39
19, 377, 0
19, 378, 5
19, 379, 55
19, 380, 0
19, 381, 0
19, 382, 0
19, 383, 0
19, 384, 0
19, 385, 0
19, 386, 0
19, 387, 0
19, 388, 0
19, 389, 0
19, 390, 0
19, 391, 0
19, 392, 0
19, 393, 44
19, 394, 0
19, 395, 0
19, 396, 0
19, 397, 0
19, 398, 26
19, 399, 0
