1, 6, 58
1, 25, 15
1, 29, 40
1, 32, 25
1, 34, 48
1, 44, 36
1, 49, 2
1, 51, 45
1, 62, 51
1, 78, 25
1, 96, 9
1, 97, 45
1, 102, 48
1, 112, 22
1, 112, 30
1, 112, 40
1, 122, 12
1, 130, 36
1, 147, 8
1, 150, 15
1, 155, 25
1, 160, 22
1, 162, 45
1, 171, 33
1, 174, 40
1, 183, 58
1, 200, 45
1, 207, 51
1, 223, 15
1, 228, 36
1, 232, 15
1, 233, 2
1, 244, 30
1, 249, 48
1, 256, 66
1, 259, 25
1, 271, 12
1, 286, 45
1, 289, 22
1, 297, 33
1, 301, 15
1, 306, 30
1, 310, 58
1, 333, 51
1, 348, 8
1, 350, 2
1, 363, 36
1, 380, 33
1, 396, 66
1, 399, 45
2, 1, 59
2, 6, 7
2, 16, 34
2, 28, 4
2, 39, 26
2, 40, 22
2, 41, 46
2, 44, 2
2, 55, 39
2, 55, 51
2, 61, 13
2, 62, 37
2, 65, 32
2, 66, 53
2, 67, 11
2, 73, 30
2, 80, 12
2, 84, 44
2, 93, 4
2, 93, 27
2, 97, 19
2, 119, 2
2, 119, 19
2, 125, 13
2, 125, 37
2, 128, 46
2, 129, 20
2, 133, 32
2, 134, 16
2, 136, 46
2, 141, 43
2, 143, 34
2, 159, 19
2, 160, 7
2, 160, 44
2, 160, 51
2, 165, 26
2, 173, 46
2, 177, 34
2, 181, 39
2, 198, 22
2, 198, 30
2, 202, 11
2, 214, 27
2, 217, 39
2, 225, 34
2, 232, 53
2, 245, 37
2, 256, 51
2, 260, 54
2, 272, 26
2, 273, 32
2, 276, 37
2, 281, 54
2, 283, 51
2, 285, 28
2, 294, 12
2, 295, 19
2, 299, 4
2, 301, 2
2, 301, 39
2, 308, 32
2, 317, 34
2, 318, 46
2, 328, 11
2, 328, 13
2, 330, 20
2, 332, 43
2, 336, 7
2, 345, 16
2, 348, 43
2, 349, 27
2, 350, 22
2, 353, 59
2, 363, 28
2, 365, 37
2, 369, 46
2, 376, 32
2, 382, 19
2, 382, 30
2, 396, 20
2, 397, 51
2, 398, 43
3, 1, 22
3, 2, 11
3, 3, 20
3, 4, 47
3, 8, 36
3, 10, 33
3, 15, 23
3, 26, 39
3, 34, 60
3, 47, 41
3, 53, 17
3, 56, 33
3, 60, 22
3, 68, 58
3, 73, 14
3, 78, 9
3, 82, 47
3, 84, 23
3, 97, 36
3, 98, 55
3, 99, 21
3, 109, 14
3, 113, 39
3, 124, 5
3, 125, 24
3, 127, 50
3, 131, 22
3, 146, 11
3, 148, 47
3, 161, 58
3, 164, 33
3, 167, 22
3, 170, 33
3, 184, 60
3, 185, 41
3, 188, 35
3, 193, 62
3, 195, 20
3, 197, 20
3, 197, 47
3, 198, 41
3, 202, 56
3, 204, 36
3, 208, 50
3, 216, 33
3, 220, 14
3, 245, 60
3, 249, 11
3, 252, 21
3, 254, 41
3, 254, 55
3, 256, 17
3, 258, 24
3, 261, 11
3, 261, 54
3, 266, 20
3, 268, 5
3, 279, 33
3, 288, 38
3, 299, 22
3, 303, 23
3, 313, 34
3, 313, 60
3, 323, 41
3, 326, 24
3, 327, 9
3, 333, 35
3, 343, 23
3, 343, 29
3, 345, 47
3, 353, 33
3, 355, 50
3, 356, 17
3, 360, 56
3, 369, 5
3, 370, 20
3, 371, 39
3, 396, 22
3, 399, 20
4, 3, 55
4, 6, 1
4, 11, 45
4, 35, 10
4, 38, 5
4, 39, 4
4, 42, 31
4, 61, 21
4, 63, 19
4, 70, 43
4, 85, 28
4, 88, 10
4, 88, 31
4, 95, 52
4, 96, 4
4, 98, 38
4, 113, 58
4, 126, 18
4, 129, 37
4, 131, 52
4, 140, 33
4, 141, 14
4, 150, 31
4, 151, 55
4, 158, 10
4, 169, 5
4, 181, 10
4, 185, 45
4, 191, 14
4, 191, 43
4, 208, 31
4, 214, 28
4, 230, 45
4, 239, 19
4, 258, 18
4, 261, 1
4, 261, 38
4, 262, 47
4, 267, 33
4, 268, 43
4, 276, 4
4, 286, 31
4, 290, 14
4, 293, 28
4, 294, 45
4, 294, 52
4, 323, 5
4, 325, 18
4, 326, 74
4, 327, 52
4, 332, 37
4, 335, 33
4, 337, 4
4, 351, 6
4, 368, 31
4, 377, 33
4, 379, 14
4, 380, 10
4, 386, 1
4, 393, 47
5, 15, 47
5, 19, 25
5, 19, 56
5, 23, 38
5, 26, 40
5, 46, 4
5, 66, 29
5, 72, 9
5, 72, 59
5, 75, 50
5, 82, 38
5, 97, 15
5, 100, 10
5, 102, 40
5, 106, 5
5, 107, 30
5, 110, 47
5, 121, 25
5, 125, 45
5, 129, 17
5, 131, 38
5, 136, 1
5, 147, 56
5, 149, 4
5, 152, 34
5, 170, 36
5, 172, 45
5, 175, 10
5, 183, 40
5, 190, 17
5, 192, 34
5, 192, 47
5, 192, 50
5, 215, 27
5, 224, 30
5, 224, 42
5, 227, 25
5, 228, 50
5, 248, 5
5, 270, 38
5, 272, 25
5, 274, 17
5, 285, 27
5, 289, 34
5, 291, 45
5, 292, 15
5, 299, 33
5, 303, 10
5, 315, 29
5, 316, 56
5, 320, 10
5, 336, 59
5, 350, 50
5, 364, 1
5, 364, 59
5, 370, 10
5, 374, 40
5, 375, 36
5, 384, 42
5, 387, 33
5, 391, 4
5, 395, 38
5, 396, 29
6, 5, 10
6, 6, 52
6, 7, 28
6, 22, 48
6, 23, 18
6, 23, 42
6, 23, 50
6, 35, 2
6, 39, 47
6, 48, 25
6, 54, 26
6, 54, 39
6, 67, 14
6, 69, 15
6, 70, 56
6, 74, 49
6, 83, 43
6, 88, 9
6, 93, 13
6, 93, 43
6, 99, 24
6, 105, 52
6, 107, 39
6, 111, 16
6, 111, 25
6, 118, 26
6, 128, 7
6, 139, 44
6, 145, 37
6, 152, 2
6, 152, 39
6, 154, 48
6, 160, 59
6, 162, 48
6, 171, 50
6, 174, 52
6, 175, 23
6, 178, 10
6, 191, 15
6, 193, 9
6, 195, 42
6, 197, 50
6, 200, 29
6, 207, 18
6, 214, 12
6, 214, 13
6, 219, 24
6, 227, 52
6, 231, 9
6, 240, 39
6, 242, 3
6, 245, 10
6, 249, 13
6, 255, 37
6, 257, 26
6, 262, 27
6, 268, 43
6, 280, 49
6, 280, 56
6, 289, 7
6, 290, 16
6, 299, 3
6, 301, 16
6, 311, 50
6, 315, 9
6, 316, 37
6, 322, 23
6, 327, 25
6, 327, 47
6, 335, 39
6, 343, 31
6, 348, 29
6, 350, 44
6, 353, 15
6, 361, 24
6, 365, 52
6, 366, 3
6, 368, 10
6, 369, 41
6, 372, 48
6, 375, 18
6, 379, 27
6, 379, 42
6, 380, 15
6, 382, 7
6, 388, 59
6, 398, 47
7, 1, 38
7, 5, 60
7, 8, 16
7, 18, 29
7, 20, 8
7, 38, 17
7, 41, 22
7, 50, 19
7, 51, 54
7, 56, 20
7, 69, 24
7, 79, 39
7, 87, 33
7, 88, 41
7, 89, 11
7, 90, 37
7, 92, 3
7, 100, 11
7, 101, 50
7, 102, 14
7, 111, 55
7, 117, 4
7, 117, 10
7, 124, 46
7, 131, 11
7, 137, 16
7, 138, 29
7, 139, 33
7, 144, 19
7, 149, 8
7, 151, 22
7, 161, 19
7, 165, 39
7, 167, 46
7, 171, 17
7, 180, 57
7, 186, 22
7, 193, 60
7, 194, 62
7, 197, 54
7, 206, 4
7, 224, 53
7, 229, 24
7, 237, 50
7, 250, 38
7, 252, 14
7, 253, 38
7, 262, 3
7, 263, 35
7, 266, 10
7, 272, 55
7, 274, 16
7, 277, 62
7, 288, 41
7, 289, 29
7, 292, 33
7, 306, 3
7, 320, 14
7, 321, 57
7, 325, 60
7, 330, 20
7, 332, 54
7, 342, 35
7, 343, 11
7, 347, 29
7, 352, 19
7, 358, 24
7, 361, 62
7, 365, 46
7, 367, 41
7, 368, 14
7, 376, 11
7, 376, 22
7, 382, 27
7, 385, 20
7, 385, 35
7, 393, 4
7, 395, 39
8, 1, 41
8, 8, 2
8, 10, 30
8, 18, 13
8, 21, 53
8, 27, 43
8, 43, 51
8, 51, 52
8, 55, 53
8, 57, 39
8, 62, 18
8, 67, 10
8, 68, 24
8, 71, 47
8, 80, 2
8, 82, 36
8, 83, 5
8, 90, 1
8, 94, 15
8, 94, 23
8, 99, 24
8, 108, 7
8, 108, 47
8, 117, 36
8, 118, 50
8, 125, 41
8, 127, 43
8, 137, 1
8, 145, 34
8, 145, 35
8, 148, 30
8, 154, 23
8, 155, 10
8, 157, 51
8, 175, 36
8, 179, 2
8, 179, 48
8, 180, 39
8, 184, 43
8, 189, 15
8, 196, 31
8, 199, 25
8, 234, 39
8, 240, 41
8, 242, 50
8, 251, 58
8, 252, 23
8, 257, 43
8, 266, 34
8, 273, 53
8, 275, 7
8, 277, 31
8, 280, 10
8, 287, 36
8, 288, 53
8, 288, 58
8, 289, 51
8, 290, 1
8, 292, 15
8, 292, 48
8, 299, 13
8, 304, 24
8, 305, 34
8, 305, 39
8, 316, 25
8, 325, 50
8, 326, 23
8, 328, 52
8, 329, 30
8, 330, 31
8, 331, 47
8, 341, 36
8, 342, 43
8, 343, 2
8, 354, 10
8, 363, 25
8, 373, 35
8, 377, 41
8, 380, 52
8, 382, 15
8, 383, 34
8, 396, 18
9, 1, 20
9, 12, 31
9, 26, 39
9, 28, 53
9, 31, 31
9, 33, 21
9, 44, 26
9, 46, 22
9, 52, 33
9, 57, 6
9, 62, 60
9, 64, 41
9, 75, 15
9, 79, 11
9, 84, 26
9, 97, 55
9, 107, 39
9, 108, 47
9, 122, 6
9, 125, 26
9, 131, 29
9, 132, 22
9, 139, 45
9, 147, 15
9, 151, 4
9, 163, 26
9, 166, 22
9, 179, 21
9, 181, 37
9, 200, 31
9, 212, 41
9, 215, 19
9, 217, 60
9, 218, 22
9, 222, 6
9, 222, 33
9, 224, 45
9, 224, 55
9, 231, 39
9, 243, 33
9, 260, 4
9, 261, 26
9, 262, 48
9, 271, 29
9, 285, 15
9, 289, 11
9, 292, 31
9, 293, 21
9, 302, 24
9, 305, 87
9, 316, 1
9, 323, 41
9, 327, 33
9, 329, 4
9, 333, 19
9, 334, 20
9, 335, 55
9, 340, 37
9, 340, 47
9, 358, 11
9, 376, 45
9, 376, 60
9, 379, 29
9, 384, 24
9, 386, 48
9, 388, 31
9, 399, 26
10, 4, 11
10, 4, 31
10, 16, 16
10, 18, 57
10, 29, 3
10, 32, 14
10, 37, 46
10, 40, 26
10, 59, 7
10, 74, 51
10, 75, 31
10, 87, 60
10, 90, 31
10, 92, 26
10, 94, 40
10, 109, 53
10, 115, 7
10, 115, 15
10, 115, 23
10, 128, 46
10, 129, 1
10, 139, 54
10, 142, 16
10, 157, 53
10, 164, 46
10, 178, 26
10, 183, 26
10, 189, 60
10, 200, 35
10, 201, 23
10, 204, 11
10, 207, 40
10, 218, 51
10, 227, 15
10, 227, 54
10, 228, 46
10, 240, 26
10, 241, 14
10, 247, 23
10, 250, 31
10, 262, 45
10, 268, 57
10, 275, 37
10, 275, 62
10, 280, 3
10, 280, 27
10, 284, 7
10, 289, 23
10, 297, 60
10, 298, 11
10, 311, 62
10, 324, 54
10, 328, 14
10, 334, 27
10, 346, 40
10, 347, 3
10, 351, 53
10, 359, 35
10, 361, 1
10, 366, 14
10, 379, 23
10, 379, 27
10, 386, 31
10, 391, 35
10, 395, 24
10, 398, 46
10, 399, 37
11, 6, 4
11, 7, 9
11, 9, 56
11, 11, 21
11, 11, 47
11, 14, 17
11, 18, 8
11, 19, 59
11, 26, 23
11, 27, 42
11, 28, 33
11, 31, 29
11, 40, 22
11, 48, 63
11, 55, 14
11, 60, 56
11, 66, 45
11, 70, 52
11, 78, 23
11, 79, 8
11, 79, 47
11, 83, 6
11, 87, 9
11, 87, 39
11, 90, 18
11, 95, 55
11, 98, 40
11, 103, 33
11, 107, 48
11, 110, 19
11, 114, 45
11, 123, 21
11, 134, 4
11, 134, 29
11, 140, 47
11, 142, 42
11, 146, 59
11, 151, 56
11, 155, 46
11, 159, 16
11, 163, 52
11, 164, 17
11, 177, 14
11, 177, 23
11, 185, 6
11, 190, 52
11, 195, 22
11, 210, 46
11, 213, 45
11, 214, 55
11, 217, 17
11, 222, 35
11, 229, 6
11, 235, 56
11, 245, 47
11, 249, 39
11, 249, 44
11, 255, 19
11, 255, 59
11, 257, 63
11, 262, 8
11, 262, 33
11, 268, 42
11, 274, 52
11, 276, 21
11, 282, 40
11, 287, 39
11, 297, 4
11, 301, 16
11, 303, 11
11, 307, 22
11, 315, 42
11, 319, 29
11, 323, 14
11, 323, 22
11, 333, 18
11, 338, 46
11, 346, 19
11, 350, 17
11, 355, 47
11, 359, 9
11, 363, 8
11, 364, 56
11, 374, 59
11, 377, 17
11, 382, 39
11, 383, 21
11, 389, 56
11, 392, 21
11, 397, 45
12, 7, 27
12, 17, 52
12, 18, 9
12, 26, 10
12, 29, 40
12, 73, 46
12, 73, 52
12, 76, 15
12, 78, 42
12, 85, 32
12, 91, 5
12, 100, 60
12, 101, 53
12, 105, 8
12, 106, 40
12, 119, 57
12, 124, 43
12, 128, 5
12, 136, 10
12, 144, 27
12, 163, 15
12, 169, 6
12, 172, 42
12, 179, 13
12, 182, 1
12, 182, 24
12, 189, 34
12, 200, 60
12, 204, 57
12, 205, 40
12, 212, 24
12, 214, 43
12, 215, 32
12, 247, 53
12, 248, 9
12, 255, 9
12, 258, 53
12, 271, 42
12, 279, 5
12, 281, 13
12, 299, 24
12, 300, 13
12, 302, 57
12, 315, 27
12, 321, 8
12, 324, 6
12, 327, 53
12, 332, 10
12, 340, 40
12, 354, 32
12, 355, 13
12, 361, 46
12, 363, 34
12, 370, 60
12, 382, 42
12, 384, 15
12, 387, 1
12, 388, 9
13, 13, 54
13, 14, 46
13, 19, 27
13, 21, 14
13, 30, 30
13, 33, 17
13, 33, 20
13, 33, 26
13, 39, 7
13, 39, 38
13, 53, 5
13, 53, 8
13, 59, 50
13, 68, 12
13, 78, 8
13, 79, 2
13, 85, 14
13, 94, 36
13, 96, 27
13, 104, 56
13, 108, 38
13, 109, 30
13, 125, 31
13, 127, 42
13, 129, 14
13, 135, 26
13, 136, 4
13, 165, 36
13, 165, 39
13, 172, 7
13, 176, 27
13, 178, 20
13, 181, 17
13, 199, 42
13, 203, 8
13, 204, 31
13, 239, 12
13, 240, 17
13, 246, 14
13, 247, 38
13, 249, 2
13, 258, 36
13, 268, 50
13, 275, 56
13, 285, 20
13, 292, 39
13, 292, 50
13, 294, 4
13, 307, 31
13, 313, 2
13, 318, 38
13, 325, 42
13, 326, 20
13, 326, 27
13, 344, 50
13, 363, 36
13, 367, 7
13, 371, 38
13, 377, 54
13, 384, 8
13, 393, 20
14, 4, 21
14, 6, 14
14, 10, 15
14, 17, 59
14, 27, 51
14, 29, 3
14, 32, 33
14, 36, 2
14, 36, 57
14, 37, 17
14, 37, 25
14, 38, 44
14, 43, 11
14, 46, 56
14, 68, 29
14, 70, 14
14, 70, 17
14, 71, 38
14, 78, 34
14, 79, 59
14, 80, 5
14, 80, 9
14, 89, 27
14, 89, 49
14, 93, 3
14, 96, 21
14, 98, 4
14, 106, 48
14, 107, 37
14, 109, 47
14, 125, 2
14, 142, 11
14, 143, 33
14, 149, 44
14, 149, 61
14, 150, 15
14, 153, 23
14, 158, 44
14, 159, 56
14, 161, 13
14, 176, 51
14, 177, 14
14, 184, 25
14, 192, 45
14, 193, 46
14, 207, 3
14, 215, 11
14, 217, 60
14, 221, 27
14, 229, 15
14, 231, 49
14, 232, 59
14, 241, 17
14, 243, 29
14, 247, 45
14, 249, 29
14, 272, 23
14, 280, 4
14, 280, 34
14, 283, 21
14, 283, 25
14, 289, 33
14, 300, 57
14, 301, 38
14, 309, 60
14, 312, 2
14, 323, 14
14, 338, 37
14, 345, 23
14, 346, 47
14, 348, 61
14, 349, 45
14, 349, 49
14, 350, 56
14, 354, 13
14, 354, 36
14, 359, 3
14, 365, 21
14, 372, 46
14, 373, 4
14, 375, 29
14, 376, 9
14, 387, 36
14, 393, 57
14, 397, 60
14, 399, 5
15, 7, 43
15, 10, 47
15, 21, 41
15, 22, 48
15, 27, 21
15, 37, 4
15, 37, 32
15, 38, 58
15, 52, 3
15, 52, 36
15, 67, 38
15, 71, 58
15, 77, 25
15, 83, 16
15, 90, 14
15, 99, 18
15, 101, 26
15, 110, 23
15, 115, 5
15, 117, 48
15, 125, 2
15, 132, 19
15, 132, 38
15, 135, 1
15, 141, 6
15, 142, 58
15, 150, 17
15, 151, 41
15, 159, 32
15, 161, 4
15, 174, 21
15, 180, 37
15, 188, 23
15, 191, 27
15, 207, 19
15, 220, 5
15, 226, 36
15, 228, 16
15, 234, 38
15, 239, 2
15, 240, 25
15, 243, 27
15, 244, 3
15, 255, 41
15, 257, 48
15, 259, 32
15, 261, 14
15, 263, 58
15, 279, 19
15, 281, 47
15, 299, 18
15, 300, 6
15, 300, 23
15, 302, 16
15, 308, 37
15, 316, 48
15, 324, 4
15, 338, 1
15, 339, 38
15, 343, 17
15, 354, 25
15, 360, 27
15, 361, 41
15, 362, 58
15, 365, 43
15, 367, 21
15, 374, 16
15, 388, 3
15, 391, 18
16, 6, 49
16, 17, 45
16, 18, 31
16, 31, 22
16, 44, 6
16, 44, 12
16, 44, 28
16, 46, 46
16, 52, 40
16, 61, 24
16, 61, 48
16, 83, 33
16, 84, 57
16, 88, 7
16, 91, 36
16, 105, 2
16, 115, 27
16, 122, 5
16, 123, 44
16, 140, 49
16, 142, 24
16, 142, 40
16, 145, 20
16, 154, 40
16, 166, 30
16, 167, 22
16, 176, 20
16, 181, 46
16, 184, 28
16, 186, 31
16, 187, 55
16, 191, 40
16, 193, 49
16, 198, 7
16, 214, 57
16, 219, 24
16, 222, 12
16, 224, 40
16, 234, 57
16, 240, 48
16, 250, 36
16, 251, 33
16, 257, 45
16, 261, 12
16, 265, 22
16, 269, 36
16, 270, 57
16, 272, 45
16, 274, 48
16, 275, 48
16, 277, 24
16, 300, 40
16, 304, 2
16, 304, 7
16, 306, 27
16, 310, 30
16, 310, 31
16, 315, 5
16, 320, 20
16, 323, 33
16, 337, 7
16, 355, 6
16, 357, 57
16, 359, 6
16, 362, 12
16, 363, 44
16, 363, 49
16, 369, 48
16, 374, 24
16, 381, 2
16, 381, 47
16, 385, 40
16, 393, 36
17, 8, 6
17, 10, 30
17, 15, 27
17, 18, 62
17, 23, 49
17, 25, 35
17, 27, 23
17, 27, 54
17, 35, 1
17, 40, 42
17, 49, 9
17, 53, 10
17, 53, 46
17, 60, 30
17, 63, 45
17, 63, 56
17, 73, 27
17, 84, 22
17, 84, 45
17, 85, 33
17, 85, 59
17, 95, 42
17, 98, 9
17, 111, 1
17, 113, 53
17, 117, 16
17, 119, 6
17, 120, 26
17, 121, 11
17, 137, 56
17, 140, 1
17, 147, 10
17, 151, 50
17, 158, 26
17, 158, 42
17, 163, 30
17, 163, 46
17, 194, 26
17, 195, 30
17, 201, 62
17, 206, 42
17, 208, 9
17, 212, 46
17, 213, 49
17, 214, 52
17, 222, 10
17, 243, 16
17, 247, 59
17, 264, 35
17, 265, 9
17, 267, 28
17, 267, 56
17, 274, 42
17, 275, 11
17, 282, 6
17, 290, 12
17, 291, 45
17, 292, 46
17, 292, 62
17, 299, 23
17, 310, 11
17, 312, 52
17, 325, 54
17, 335, 26
17, 335, 46
17, 342, 30
17, 343, 27
17, 347, 12
17, 348, 9
17, 349, 53
17, 351, 59
17, 354, 1
17, 357, 56
17, 374, 62
17, 376, 50
17, 377, 35
17, 378, 10
17, 382, 49
17, 384, 11
17, 385, 6
17, 388, 16
18, 3, 30
18, 6, 38
18, 12, 20
18, 18, 8
18, 35, 29
18, 40, 15
18, 41, 17
18, 48, 32
18, 50, 14
18, 76, 13
18, 78, 25
18, 79, 17
18, 80, 44
18, 88, 58
18, 89, 18
18, 89, 54
18, 91, 59
18, 101, 47
18, 104, 38
18, 117, 56
18, 123, 36
18, 125, 44
18, 129, 49
18, 143, 15
18, 145, 30
18, 163, 20
18, 163, 26
18, 164, 54
18, 168, 14
18, 180, 39
18, 180, 54
18, 181, 17
18, 187, 14
18, 188, 36
18, 189, 20
18, 198, 18
18, 207, 38
18, 209, 25
18, 209, 58
18, 217, 18
18, 224, 17
18, 226, 13
18, 231, 47
18, 237, 20
18, 238, 8
18, 245, 47
18, 247, 26
18, 255, 29
18, 256, 15
18, 274, 17
18, 290, 36
18, 293, 30
18, 298, 14
18, 298, 59
18, 310, 5
18, 311, 25
18, 312, 44
18, 317, 18
18, 320, 29
18, 322, 47
18, 324, 46
18, 330, 13
18, 331, 15
18, 331, 20
18, 331, 39
18, 331, 56
18, 332, 46
18, 341, 49
18, 342, 38
18, 342, 47
18, 345, 17
18, 352, 29
18, 372, 58
18, 376, 44
18, 385, 29
18, 390, 15
18, 391, 20
18, 393, 30
18, 398, 47
19, 7, 33
19, 20, 27
19, 22, 28
19, 26, 34
19, 39, 41
19, 43, 40
19, 44, 10
19, 49, 3
19, 49, 60
19, 60, 50
19, 64, 24
19, 68, 22
19, 74, 35
19, 74, 59
19, 76, 35
19, 79, 6
19, 83, 38
19, 84, 38
19, 87, 31
19, 88, 63
19, 92, 62
19, 94, 45
19, 109, 33
19, 110, 10
19, 112, 28
19, 119, 16
19, 129, 24
19, 130, 12
19, 137, 29
19, 137, 45
19, 150, 40
19, 153, 48
19, 159, 34
19, 170, 21
19, 176, 58
19, 180, 60
19, 191, 56
19, 198, 48
19, 204, 15
19, 212, 3
19, 213, 33
19, 218, 28
19, 228, 27
19, 228, 62
19, 243, 10
19, 251, 22
19, 255, 12
19, 261, 53
19, 265, 35
19, 274, 48
19, 276, 16
19, 280, 62
19, 289, 6
19, 298, 29
19, 303, 50
19, 308, 45
19, 310, 21
19, 313, 50
19, 318, 34
19, 320, 41
19, 330, 28
19, 332, 38
19, 334, 31
19, 337, 56
19, 338, 69
19, 340, 12
19, 342, 15
19, 344, 53
19, 352, 24
19, 363, 50
19, 367, 58
19, 368, 33
19, 372, 40
19, 379, 22
19, 380, 56
19, 384, 41
19, 389, 59
19, 392, 10
19, 397, 27
