0, 0, 0
0, 1, 0
0, 2, 0
0, 3, 0
0, 4, 0
0, 5, 0
0, 6, 0
0, 7, 0
0, 8, 0
0, 9, 0
0, 10, 0
0, 11, 0
0, 12, 0
0, 13, 0
0, 14, 0
0, 15, 0
0, 16, 0
0, 17, 0
0, 18, 0
0, 19, 0
0, 20, 0
0, 21, 0
0, 22, 0
0, 23, 0
0, 24, 0
0, 25, 0
0, 26, 0
0, 27, 0
0, 28, 0
0, 29, 0
0, 30, 0
0, 31, 0
0, 32, 0
0, 33, 0
0, 34, 0
0, 35, 0
0, 36, 0
0, 37, 0
0, 38, 0
0, 39, 0
0, 40, 0
0, 41, 0
0, 42, 0
0, 43, 0
0, 44, 0
0, 45, 0
0, 46, 0
0, 47, 0
0, 48, 0
0, 49, 0
0, 50, 0
0, 51, 0
0, 52, 0
0, 53, 0
0, 54, 0
0, 55, 0
0, 56, 0
0, 57, 0
0, 58, 0
0, 59, 0
0, 60, 0
0, 61, 0
0, 62, 0
0, 63, 0
0, 64, 0
0, 65, 0
0, 66, 0
0, 67, 0
0, 68, 0
0, 69, 0
0, 70, 0
0, 71, 0
0, 72, 0
0, 73, 0
0, 74, 0
0, 75, 0
0, 76, 0
0, 77, 0
0, 78, 0
0, 79, 0
0, 80, 0
0, 81, 0
0, 82, 0
0, 83, 0
0, 84, 0
0, 85, 0
0, 86, 0
0, 87, 0
0, 88, 0
0, 89, 0
0, 90, 0
0, 91, 0
0, 92, 0
0, 93, 0
0, 94, 0
0, 95, 0
0, 96, 0
0, 97, 0
0, 98, 0
0, 99, 0
0, 100, 0
0, 101, 0
0, 102, 0
0, 103, 0
0, 104, 0
0, 105, 0
0, 106, 0
0, 107, 0
0, 108, 0
0, 109, 0
0, 110, 0
0, 111, 0
0, 112, 0
0, 113, 0
0, 114, 0
0, 115, 0
0, 116, 0
0, 117, 0
0, 118, 0
0, 119, 0
0, 120, 0
0, 121, 0
0, 122, 0
0, 123, 0
0, 124, 0
0, 125, 0
0, 126, 0
0, 127, 0
0, 128, 0
0, 129, 0
0, 130, 0
0, 131, 0
0, 132, 0
0, 133, 0
0, 134, 0
0, 135, 0
0, 136, 0
0, 137, 0
0, 138, 0
0, 139, 0
0, 140, 0
0, 141, 0
0, 142, 0
0, 143, 0
0, 144, 0
0, 145, 0
0, 146, 0
0, 147, 0
0, 148, 0
0, 149, 0
0, 150, 0
0, 151, 0
0, 152, 0
0, 153, 0
0, 154, 0
0, 155, 0
0, 156, 0
0, 157, 0
0, 158, 0
0, 159, 0
0, 160, 0
0, 161, 0
0, 162, 0
0, 163, 0
0, 164, 0
0, 165, 0
0, 166, 0
0, 167, 0
0, 168, 0
0, 169, 0
0, 170, 0
0, 171, 0
0, 172, 0
0, 173, 0
0, 174, 0
0, 175, 0
0, 176, 0
0, 177, 0
0, 178, 0
0, 179, 0
0, 180, 0
0, 181, 0
0, 182, 0
0, 183, 0
0, 184, 0
0, 185, 0
0, 186, 0
0, 187, 0
0, 188, 0
0, 189, 0
0, 190, 0
0, 191, 0
0, 192, 0
0, 193, 0
0, 194, 0
0, 195, 0
0, 196, 0
0, 197, 0
0, 198, 0
0, 199, 0
0, 200, 0
0, 201, 0
0, 202, 0
0, 203, 0
0, 204, 0
0, 205, 0
0, 206, 0
0, 207, 0
0, 208, 0
0, 209, 0
0, 210, 0
0, 211, 0
0, 212, 0
0, 213, 0
0, 214, 0
0, 215, 0
0, 216, 0
0, 217, 0
0, 218, 0
0, 219, 0
0, 220, 0
0, 221, 0
0, 222, 0
0, 223, 0
0, 224, 0
0, 225, 0
0, 226, 0
0, 227, 0
0, 228, 0
0, 229, 0
0, 230, 0
0, 231, 0
0, 232, 0
0, 233, 0
0, 234, 0
0, 235, 0
0, 236, 0
0, 237, 0
0, 238, 0
0, 239, 0
0, 240, 0
0, 241, 0
0, 242, 0
0, 243, 0
0, 244, 0
0, 245, 0
0, 246, 0
0, 247, 0
0, 248, 0
0, 249, 0
0, 250, 0
0, 251, 0
0, 252, 0
0, 253, 0
0, 254, 0
0, 255, 0
0, 256, 0
0, 257, 0
0, 258, 0
0, 259, 0
0, 260, 0
0, 261, 0
0, 262, 0
0, 263, 0
0, 264, 0
0, 265, 0
0, 266, 0
0, 267, 0
0, 268, 0
0, 269, 0
0, 270, 0
0, 271, 0
0, 272, 0
0, 273, 0
0, 274, 0
0, 275, 0
0, 276, 0
0, 277, 0
0, 278, 0
0, 279, 0
0, 280, 0
0, 281, 0
0, 282, 0
0, 283, 0
0, 284, 0
0, 285, 0
0, 286, 0
0, 287, 0
0, 288, 0
0, 289, 0
0, 290, 0
0, 291, 0
0, 292, 0
0, 293, 0
0, 294, 0
0, 295, 0
0, 296, 0
0, 297, 0
0, 298, 0
0, 299, 0
0, 300, 0
0, 301, 0
0, 302, 0
0, 303, 0
0, 304, 0
0, 305, 0
0, 306, 0
0, 307, 0
0, 308, 0
0, 309, 0
0, 310, 0
0, 311, 0
0, 312, 0
0, 313, 0
0, 314, 0
0, 315, 0
0, 316, 0
0, 317, 0
0, 318, 0
0, 319, 0
0, 320, 0
0, 321, 0
0, 322, 0
0, 323, 0
0, 324, 0
0, 325, 0
0, 326, 0
0, 327, 0
0, 328, 0
0, 329, 0
0, 330, 0
0, 331, 0
0, 332, 0
0, 333, 0
0, 334, 0
0, 335, 0
0, 336, 0
0, 337, 0
0, 338, 0
0, 339, 0
0, 340, 0
0, 341, 0
0, 342, 0
0, 343, 0
0, 344, 0
0, 345, 0
0, 346, 0
0, 347, 0
0, 348, 0
0, 349, 0
0, 350, 0
0, 351, 0
0, 352, 0
0, 353, 0
0, 354, 0
0, 355, 0
0, 356, 0
0, 357, 0
0, 358, 0
0, 359, 0
0, 360, 0
0, 361, 0
0, 362, 0
0, 363, 0
0, 364, 0
0, 365, 0
0, 366, 0
0, 367, 0
0, 368, 0
0, 369, 0
0, 370, 0
0, 371, 0
0, 372, 0
0, 373, 0
0, 374, 0
0, 375, 0
0, 376, 0
0, 377, 0
0, 378, 0
0, 379, 0
0, 380, 0
0, 381, 0
0, 382, 0
0, 383, 0
0, 384, 0
0, 385, 0
0, 386, 0
0, 387, 0
0, 388, 0
0, 389, 0
0, 390, 0
0, 391, 0
0, 392, 0
0, 393, 0
0, 394, 0
0, 395, 0
0, 396, 0
0, 397, 0
0, 398, 0
0, 399, 0
1, 0, 0
1, 1, 0
1, 2, 0
1, 3, 0
1, 4, 0
1, 5, 26
1, 6, 0
1, 7, 0
1, 8, 12
1, 9, 0
1, 10, 18
1, 11, 0
1, 12, 22
1, 13, 39
1, 14, 0
1, 15, 0
1, 16, 0
1, 17, 25
1, 18, 29
1, 19, 25
1, 20, 0
1, 21, 0
1, 22, 0
1, 23, 0
1, 24, 46
1, 25, 0
1, 26, 0
1, 27, 16
1, 28, 0
1, 29, 8
1, 30, 0
1, 31, 0
1, 32, 0
1, 33, 0
1, 34, 0
1, 35, 47
1, 36, 0
1, 37, 0
1, 38, 23
1, 39, 0
1, 40, 0
1, 41, 0
1, 42, 0
1, 43, 0
1, 44, 0
1, 45, 27
1, 46, 9
1, 47, 12
1, 48, 0
1, 49, 0
1, 50, 0
1, 51, 0
1, 52, 0
1, 53, 0
1, 54, 51
1, 55, 33
1, 56, 0
1, 57, 0
1, 58, 0
1, 59, 41
1, 60, 0
1, 61, 0
1, 62, 0
1, 63, 0
1, 64, 0
1, 65, 0
1, 66, 0
1, 67, 0
1, 68, 0
1, 69, 0
1, 70, 0
1, 71, 31
1, 72, 0
1, 73, 0
1, 74, 2
1, 75, 0
1, 76, 0
1, 77, 15
1, 78, 4
1, 79, 0
1, 80, 0
1, 81, 13
1, 82, 0
1, 83, 0
1, 84, 0
1, 85, 0
1, 86, 0
1, 87, 0
1, 88, 0
1, 89, 3
1, 90, 19
1, 91, 0
1, 92, 0
1, 93, 0
1, 94, 0
1, 95, 0
1, 96, 54
1, 97, 6
1, 98, 0
1, 99, 0
1, 100, 39
1, 101, 0
1, 102, 0
1, 103, 0
1, 104, 45
1, 105, 0
1, 106, 12
1, 107, 0
1, 108, 26
1, 109, 0
1, 110, 0
1, 111, 0
1, 112, 0
1, 113, 0
1, 114, 4
1, 115, 0
1, 116, 0
1, 117, 50
1, 118, 0
1, 119, 23
1, 120, 0
1, 121, 0
1, 122, 22
1, 123, 0
1, 124, 0
1, 125, 0
1, 126, 11
1, 127, 0
1, 128, 0
1, 129, 0
1, 130, 0
1, 131, 0
1, 132, 0
1, 133, 0
1, 134, 0
1, 135, 53
1, 136, 0
1, 137, 0
1, 138, 13
1, 139, 8
1, 140, 0
1, 141, 0
1, 142, 0
1, 143, 0
1, 144, 25
1, 145, 51
1, 146, 0
1, 147, 0
1, 148, 39
1, 149, 15
1, 150, 0
1, 151, 0
1, 152, 0
1, 153, 15
1, 154, 0
1, 155, 0
1, 156, 20
1, 157, 0
1, 158, 0
1, 159, 24
1, 160, 0
1, 161, 0
1, 162, 0
1, 163, 46
1, 164, 43
1, 165, 38
1, 166, 0
1, 167, 0
1, 168, 27
1, 169, 0
1, 170, 0
1, 171, 0
1, 172, 50
1, 173, 0
1, 174, 0
1, 175, 0
1, 176, 47
1, 177, 0
1, 178, 42
1, 179, 0
1, 180, 0
1, 181, 0
1, 182, 0
1, 183, 0
1, 184, 31
1, 185, 41
1, 186, 0
1, 187, 50
1, 188, 0
1, 189, 0
1, 190, 0
1, 191, 0
1, 192, 20
1, 193, 0
1, 194, 0
1, 195, 0
1, 196, 31
1, 197, 0
1, 198, 0
1, 199, 30
1, 200, 0
1, 201, 0
1, 202, 0
1, 203, 26
1, 204, 0
1, 205, 0
1, 206, 0
1, 207, 11
1, 208, 0
1, 209, 0
1, 210, 0
1, 211, 0
1, 212, 0
1, 213, 0
1, 214, 23
1, 215, 16
1, 216, 0
1, 217, 0
1, 218, 0
1, 219, 0
1, 220, 45
1, 221, 0
1, 222, 0
1, 223, 0
1, 224, 0
1, 225, 0
1, 226, 0
1, 227, 0
1, 228, 0
1, 229, 0
1, 230, 0
1, 231, 0
1, 232, 0
1, 233, 0
1, 234, 50
1, 235, 0
1, 236, 0
1, 237, 0
1, 238, 0
1, 239, 0
1, 240, 0
1, 241, 0
1, 242, 42
1, 243, 0
1, 244, 0
1, 245, 0
1, 246, 22
1, 247, 0
1, 248, 0
1, 249, 0
1, 250, 0
1, 251, 0
1, 252, 44
1, 253, 0
1, 254, 42
1, 255, 0
1, 256, 12
1, 257, 0
1, 258, 0
1, 259, 0
1, 260, 0
1, 261, 0
1, 262, 0
1, 263, 0
1, 264, 0
1, 265, 54
1, 266, 39
1, 267, 0
1, 268, 0
1, 269, 9
1, 270, 0
1, 271, 0
1, 272, 0
1, 273, 0
1, 274, 0
1, 275, 29
1, 276, 51
1, 277, 6
1, 278, 0
1, 279, 0
1, 280, 0
1, 281, 53
1, 282, 0
1, 283, 0
1, 284, 0
1, 285, 20
1, 286, 15
1, 287, 13
1, 288, 47
1, 289, 0
1, 290, 0
1, 291, 0
1, 292, 29
1, 293, 0
1, 294, 42
1, 295, 0
1, 296, 0
1, 297, 0
1, 298, 0
1, 299, 24
1, 300, 0
1, 301, 0
1, 302, 0
1, 303, 8
1, 304, 0
1, 305, 0
1, 306, 0
1, 307, 45
1, 308, 19
1, 309, 21
1, 310, 0
1, 311, 0
1, 312, 32
1, 313, 53
1, 314, 0
1, 315, 0
1, 316, 0
1, 317, 0
1, 318, 0
1, 319, 18
1, 320, 0
1, 321, 0
1, 322, 0
1, 323, 39
1, 324, 0
1, 325, 33
1, 326, 0
1, 327, 16
1, 328, 11
1, 329, 0
1, 330, 0
1, 331, 0
1, 332, 0
1, 333, 51
1, 334, 29
1, 335, 0
1, 336, 0
1, 337, 0
1, 338, 0
1, 339, 41
1, 340, 0
1, 341, 0
1, 342, 0
1, 343, 0
1, 344, 8
1, 345, 0
1, 346, 0
1, 347, 0
1, 348, 0
1, 349, 0
1, 350, 0
1, 351, 0
1, 352, 0
1, 353, 20
1, 354, 42
1, 355, 0
1, 356, 0
1, 357, 0
1, 358, 6
1, 359, 44
1, 360, 0
1, 361, 0
1, 362, 22
1, 363, 45
1, 364, 0
1, 365, 0
1, 366, 0
1, 367, 0
1, 368, 0
1, 369, 0
1, 370, 0
1, 371, 0
1, 372, 0
1, 373, 0
1, 374, 0
1, 375, 39
1, 376, 0
1, 377, 0
1, 378, 0
1, 379, 0
1, 380, 0
1, 381, 0
1, 382, 0
1, 383, 0
1, 384, 0
1, 385, 0
1, 386, 44
1, 387, 0
1, 388, 0
1, 389, 0
1, 390, 0
1, 391, 0
1, 392, 31
1, 393, 0
1, 394, 0
1, 395, 0
1, 396, 0
1, 397, 0
1, 398, 33
1, 399, 0
2, 0, 0
2, 1, 0
2, 2, 0
2, 3, 0
2, 4, 0
2, 5, 0
2, 6, 39
2, 7, 0
2, 8, 0
2, 9, 0
2, 10, 21
2, 11, 0
2, 12, 0
2, 13, 0
2, 14, 0
2, 15, 34
2, 16, 58
2, 17, 0
2, 18, 46
2, 19, 0
2, 20, 8
2, 21, 0
2, 22, 0
2, 23, 0
2, 24, 0
2, 25, 0
2, 26, 0
2, 27, 0
2, 28, 0
2, 29, 0
2, 30, 0
2, 31, 0
2, 32, 0
2, 33, 0
2, 34, 32
2, 35, 41
2, 36, 17
2, 37, 0
2, 38, 46
2, 39, 0
2, 40, 0
2, 41, 0
2, 42, 0
2, 43, 0
2, 44, 49
2, 45, 6
2, 46, 0
2, 47, 0
2, 48, 13
2, 49, 0
2, 50, 0
2, 51, 0
2, 52, 0
2, 53, 0
2, 54, 0
2, 55, 22
2, 56, 54
2, 57, 0
2, 58, 0
2, 59, 10
2, 60, 37
2, 61, 0
2, 62, 0
2, 63, 0
2, 64, 33
2, 65, 0
2, 66, 0
2, 67, 0
2, 68, 0
2, 69, 0
2, 70, 0
2, 71, 0
2, 72, 26
2, 73, 0
2, 74, 0
2, 75, 0
2, 76, 0
2, 77, 31
2, 78, 51
2, 79, 0
2, 80, 0
2, 81, 0
2, 82, 55
2, 83, 0
2, 84, 0
2, 85, 14
2, 86, 0
2, 87, 5
2, 88, 0
2, 89, 0
2, 90, 0
2, 91, 48
2, 92, 26
2, 93, 45
2, 94, 29
2, 95, 0
2, 96, 0
2, 97, 0
2, 98, 0
2, 99, 8
2, 100, 0
2, 101, 0
2, 102, 41
2, 103, 35
2, 104, 0
2, 105, 44
2, 106, 2
2, 107, 0
2, 108, 15
2, 109, 39
2, 110, 0
2, 111, 45
2, 112, 0
2, 113, 49
2, 114, 38
2, 115, 0
2, 116, 15
2, 117, 0
2, 118, 6
2, 119, 0
2, 120, 0
2, 121, 0
2, 122, 0
2, 123, 0
2, 124, 4
2, 125, 0
2, 126, 0
2, 127, 0
2, 128, 0
2, 129, 0
2, 130, 0
2, 131, 46
2, 132, 0
2, 133, 0
2, 134, 0
2, 135, 0
2, 136, 0
2, 137, 28
2, 138, 41
2, 139, 0
2, 140, 25
2, 141, 0
2, 142, 0
2, 143, 0
2, 144, 0
2, 145, 0
2, 146, 55
2, 147, 0
2, 148, 0
2, 149, 0
2, 150, 0
2, 151, 0
2, 152, 36
2, 153, 0
2, 154, 0
2, 155, 0
2, 156, 17
2, 157, 0
2, 158, 0
2, 159, 0
2, 160, 0
2, 161, 37
2, 162, 0
2, 163, 0
2, 164, 0
2, 165, 0
2, 166, 0
2, 167, 0
2, 168, 0
2, 169, 0
2, 170, 0
2, 171, 0
2, 172, 34
2, 173, 0
2, 174, 58
2, 175, 44
2, 176, 0
2, 177, 0
2, 178, 0
2, 179, 51
2, 180, 22
2, 181, 0
2, 182, 46
2, 183, 0
2, 184, 0
2, 185, 0
2, 186, 19
2, 187, 0
2, 188, 0
2, 189, 0
2, 190, 0
2, 191, 0
2, 192, 0
2, 193, 0
2, 194, 45
2, 195, 0
2, 196, 0
2, 197, 0
2, 198, 0
2, 199, 0
2, 200, 13
2, 201, 46
2, 202, 20
2, 203, 0
2, 204, 0
2, 205, 40
2, 206, 0
2, 207, 55
2, 208, 54
2, 209, 0
2, 210, 28
2, 211, 0
2, 212, 0
2, 213, 26
2, 214, 26
2, 215, 31
2, 216, 0
2, 217, 0
2, 218, 33
2, 219, 42
2, 220, 41
2, 221, 20
2, 222, 0
2, 223, 0
2, 224, 0
2, 225, 0
2, 226, 0
2, 227, 48
2, 228, 14
2, 229, 0
2, 230, 35
2, 231, 40
2, 232, 0
2, 233, 0
2, 234, 39
2, 235, 0
2, 236, 0
2, 237, 0
2, 238, 10
2, 239, 0
2, 240, 0
2, 241, 0
2, 242, 0
2, 243, 0
2, 244, 0
2, 245, 0
2, 246, 0
2, 247, 0
2, 248, 29
2, 249, 0
2, 250, 0
2, 251, 0
2, 252, 0
2, 253, 0
2, 254, 34
2, 255, 39
2, 256, 0
2, 257, 0
2, 258, 1
2, 259, 0
2, 260, 46
2, 261, 0
2, 262, 0
2, 263, 0
2, 264, 0
2, 265, 0
2, 266, 0
2, 267, 49
2, 268, 0
2, 269, 39
2, 270, 0
2, 271, 15
2, 272, 41
2, 273, 37
2, 274, 0
2, 275, 0
2, 276, 0
2, 277, 0
2, 278, 0
2, 279, 0
2, 280, 0
2, 281, 0
2, 282, 0
2, 283, 0
2, 284, 0
2, 285, 0
2, 286, 22
2, 287, 0
2, 288, 0
2, 289, 0
2, 290, 34
2, 291, 0
2, 292, 36
2, 293, 0
2, 294, 0
2, 295, 0
2, 296, 54
2, 297, 26
2, 298, 0
2, 299, 0
2, 300, 0
2, 301, 0
2, 302, 0
2, 303, 0
2, 304, 0
2, 305, 0
2, 306, 35
2, 307, 37
2, 308, 58
2, 309, 0
2, 310, 38
2, 311, 14
2, 312, 0
2, 313, 0
2, 314, 0
2, 315, 0
2, 316, 0
2, 317, 0
2, 318, 7
2, 319, 0
2, 320, 0
2, 321, 0
2, 322, 0
2, 323, 0
2, 324, 44
2, 325, 0
2, 326, 25
2, 327, 33
2, 328, 0
2, 329, 0
2, 330, 0
2, 331, 28
2, 332, 10
2, 333, 2
2, 334, 0
2, 335, 0
2, 336, 0
2, 337, 45
2, 338, 39
2, 339, 4
2, 340, 29
2, 341, 0
2, 342, 0
2, 343, 0
2, 344, 0
2, 345, 5
2, 346, 0
2, 347, 0
2, 348, 0
2, 349, 45
2, 350, 0
2, 351, 19
2, 352, 0
2, 353, 0
2, 354, 0
2, 355, 0
2, 356, 40
2, 357, 0
2, 358, 0
2, 359, 0
2, 360, 48
2, 361, 0
2, 362, 0
2, 363, 0
2, 364, 54
2, 365, 0
2, 366, 0
2, 367, 0
2, 368, 0
2, 369, 8
2, 370, 5
2, 371, 0
2, 372, 0
2, 373, 0
2, 374, 0
2, 375, 0
2, 376, 31
2, 377, 19
2, 378, 0
2, 379, 46
2, 380, 0
2, 381, 0
2, 382, 0
2, 383, 0
2, 384, 0
2, 385, 0
2, 386, 55
2, 387, 0
2, 388, 0
2, 389, 0
2, 390, 21
2, 391, 0
2, 392, 0
2, 393, 0
2, 394, 1
2, 395, 35
2, 396, 0
2, 397, 0
2, 398, 10
2, 399, 0
3, 0, 0
3, 1, 0
3, 2, 9
3, 3, 23
3, 4, 0
3, 5, 0
3, 6, 0
3, 7, 0
3, 8, 0
3, 9, 0
3, 10, 0
3, 11, 0
3, 12, 29
3, 13, 0
3, 14, 0
3, 15, 0
3, 16, 0
3, 17, 0
3, 18, 0
3, 19, 0
3, 20, 6
3, 21, 0
3, 22, 0
3, 23, 41
3, 24, 0
3, 25, 21
3, 26, 38
3, 27, 0
3, 28, 0
3, 29, 0
3, 30, 0
3, 31, 0
3, 32, 22
3, 33, 41
3, 34, 0
3, 35, 51
3, 36, 0
3, 37, 0
3, 38, 15
3, 39, 0
3, 40, 0
3, 41, 0
3, 42, 59
3, 43, 0
3, 44, 0
3, 45, 0
3, 46, 45
3, 47, 0
3, 48, 5
3, 49, 17
3, 50, 0
3, 51, 0
3, 52, 43
3, 53, 0
3, 54, 0
3, 55, 16
3, 56, 0
3, 57, 0
3, 58, 17
3, 59, 0
3, 60, 0
3, 61, 12
3, 62, 0
3, 63, 0
3, 64, 0
3, 65, 31
3, 66, 0
3, 67, 18
3, 68, 0
3, 69, 0
3, 70, 0
3, 71, 23
3, 72, 24
3, 73, 0
3, 74, 0
3, 75, 0
3, 76, 0
3, 77, 0
3, 78, 0
3, 79, 35
3, 80, 0
3, 81, 0
3, 82, 49
3, 83, 0
3, 84, 0
3, 85, 38
3, 86, 0
3, 87, 9
3, 88, 0
3, 89, 0
3, 90, 0
3, 91, 40
3, 92, 53
3, 93, 0
3, 94, 0
3, 95, 0
3, 96, 0
3, 97, 11
3, 98, 42
3, 99, 0
3, 100, 0
3, 101, 0
3, 102, 0
3, 103, 8
3, 104, 0
3, 105, 0
3, 106, 10
3, 107, 0
3, 108, 0
3, 109, 0
3, 110, 30
3, 111, 0
3, 112, 0
3, 113, 45
3, 114, 28
3, 115, 0
3, 116, 0
3, 117, 0
3, 118, 0
3, 119, 0
3, 120, 0
3, 121, 37
3, 122, 51
3, 123, 20
3, 124, 0
3, 125, 0
3, 126, 21
3, 127, 4
3, 128, 0
3, 129, 0
3, 130, 50
3, 131, 0
3, 132, 0
3, 133, 0
3, 134, 29
3, 135, 23
3, 136, 0
3, 137, 49
3, 138, 0
3, 139, 0
3, 140, 0
3, 141, 0
3, 142, 0
3, 143, 18
3, 144, 0
3, 145, 0
3, 146, 0
3, 147, 42
3, 148, 0
3, 149, 0
3, 150, 0
3, 151, 0
3, 152, 0
3, 153, 0
3, 154, 0
3, 155, 0
3, 156, 0
3, 157, 0
3, 158, 0
3, 159, 0
3, 160, 0
3, 161, 52
3, 162, 0
3, 163, 57
3, 164, 0
3, 165, 0
3, 166, 23
3, 167, 35
3, 168, 0
3, 169, 0
3, 170, 0
3, 171, 53
3, 172, 0
3, 173, 0
3, 174, 0
3, 175, 0
3, 176, 0
3, 177, 0
3, 178, 0
3, 179, 0
3, 180, 0
3, 181, 0
3, 182, 0
3, 183, 0
3, 184, 0
3, 185, 0
3, 186, 0
3, 187, 0
3, 188, 0
3, 189, 0
3, 190, 13
3, 191, 0
3, 192, 15
3, 193, 60
3, 194, 0
3, 195, 0
3, 196, 0
3, 197, 0
3, 198, 38
3, 199, 0
3, 200, 41
3, 201, 0
3, 202, 0
3, 203, 35
3, 204, 0
3, 205, 0
3, 206, 40
3, 207, 59
3, 208, 0
3, 209, 27
3, 210, 0
3, 211, 0
3, 212, 0
3, 213, 0
3, 214, 16
3, 215, 0
3, 216, 0
3, 217, 0
3, 218, 0
3, 219, 0
3, 220, 0
3, 221, 19
3, 222, 21
3, 223, 0
3, 224, 0
3, 225, 0
3, 226, 0
3, 227, 0
3, 228, 0
3, 229, 0
3, 230, 49
3, 231, 0
3, 232, 0
3, 233, 12
3, 234, 0
3, 235, 44
3, 236, 45
3, 237, 0
3, 238, 0
3, 239, 29
3, 240, 0
3, 241, 13
3, 242, 0
3, 243, 0
3, 244, 0
3, 245, 17
3, 246, 0
3, 247, 0
3, 248, 29
3, 249, 0
3, 250, 0
3, 251, 0
3, 252, 7
3, 253, 18
3, 254, 0
3, 255, 0
3, 256, 37
3, 257, 0
3, 258, 23
3, 259, 0
3, 260, 0
3, 261, 0
3, 262, 0
3, 263, 0
3, 264, 19
3, 265, 0
3, 266, 50
3, 267, 0
3, 268, 0
3, 269, 0
3, 270, 0
3, 271, 0
3, 272, 0
3, 273, 22
3, 274, 28
3, 275, 8
3, 276, 0
3, 277, 0
3, 278, 0
3, 279, 0
3, 280, 0
3, 281, 0
3, 282, 0
3, 283, 31
3, 284, 0
3, 285, 43
3, 286, 0
3, 287, 0
3, 288, 0
3, 289, 0
3, 290, 0
3, 291, 0
3, 292, 45
3, 293, 0
3, 294, 0
3, 295, 0
3, 296, 28
3, 297, 0
3, 298, 0
3, 299, 0
3, 300, 31
3, 301, 0
3, 302, 4
3, 303, 0
3, 304, 0
3, 305, 22
3, 306, 0
3, 307, 0
3, 308, 0
3, 309, 22
3, 310, 0
3, 311, 0
3, 312, 0
3, 313, 4
3, 314, 24
3, 315, 57
3, 316, 0
3, 317, 0
3, 318, 0
3, 319, 0
3, 320, 0
3, 321, 0
3, 322, 0
3, 323, 53
3, 324, 0
3, 325, 0
3, 326, 51
3, 327, 0
3, 328, 0
3, 329, 44
3, 330, 0
3, 331, 0
3, 332, 0
3, 333, 27
3, 334, 0
3, 335, 0
3, 336, 0
3, 337, 59
3, 338, 0
3, 339, 51
3, 340, 0
3, 341, 0
3, 342, 0
3, 343, 15
3, 344, 0
3, 345, 0
3, 346, 0
3, 347, 0
3, 348, 52
3, 349, 0
3, 350, 11
3, 351, 42
3, 352, 0
3, 353, 0
3, 354, 0
3, 355, 0
3, 356, 45
3, 357, 28
3, 358, 0
3, 359, 0
3, 360, 0
3, 361, 0
3, 362, 40
3, 363, 0
3, 364, 4
3, 365, 0
3, 366, 22
3, 367, 30
3, 368, 0
3, 369, 0
3, 370, 0
3, 371, 51
3, 372, 43
3, 373, 0
3, 374, 0
3, 375, 0
3, 376, 0
3, 377, 23
3, 378, 49
3, 379, 0
3, 380, 0
3, 381, 0
3, 382, 60
3, 383, 0
3, 384, 38
3, 385, 0
3, 386, 0
3, 387, 0
3, 388, 0
3, 389, 8
3, 390, 0
3, 391, 35
3, 392, 0
3, 393, 0
3, 394, 0
3, 395, 50
3, 396, 0
3, 397, 0
3, 398, 0
3, 399, 0
4, 0, 0
4, 1, 0
4, 2, 0
4, 3, 0
4, 4, 0
4, 5, 0
4, 6, 0
4, 7, 0
4, 8, 52
4, 9, 0
4, 10, 6
4, 11, 0
4, 12, 28
4, 13, 0
4, 14, 0
4, 15, 0
4, 16, 0
4, 17, 0
4, 18, 0
4, 19, 48
4, 20, 0
4, 21, 0
4, 22, 0
4, 23, 0
4, 24, 0
4, 25, 19
4, 26, 0
4, 27, 32
4, 28, 0
4, 29, 0
4, 30, 21
4, 31, 38
4, 32, 0
4, 33, 0
4, 34, 0
4, 35, 0
4, 36, 29
4, 37, 0
4, 38, 0
4, 39, 0
4, 40, 13
4, 41, 0
4, 42, 0
4, 43, 0
4, 44, 6
4, 45, 0
4, 46, 37
4, 47, 0
4, 48, 0
4, 49, 14
4, 50, 0
4, 51, 0
4, 52, 0
4, 53, 0
4, 54, 0
4, 55, 50
4, 56, 53
4, 57, 0
4, 58, 0
4, 59, 12
4, 60, 0
4, 61, 24
4, 62, 0
4, 63, 0
4, 64, 36
4, 65, 33
4, 66, 0
4, 67, 0
4, 68, 9
4, 69, 42
4, 70, 0
4, 71, 0
4, 72, 0
4, 73, 0
4, 74, 0
4, 75, 1
4, 76, 0
4, 77, 59
4, 78, 0
4, 79, 0
4, 80, 0
4, 81, 0
4, 82, 0
4, 83, 0
4, 84, 0
4, 85, 2
4, 86, 14
4, 87, 0
4, 88, 5
4, 89, 0
4, 90, 0
4, 91, 0
4, 92, 11
4, 93, 0
4, 94, 0
4, 95, 0
4, 96, 37
4, 97, 43
4, 98, 53
4, 99, 0
4, 100, 0
4, 101, 0
4, 102, 0
4, 103, 0
4, 104, 0
4, 105, 0
4, 106, 0
4, 107, 0
4, 108, 0
4, 109, 9
4, 110, 28
4, 111, 0
4, 112, 0
4, 113, 0
4, 114, 0
4, 115, 5
4, 116, 0
4, 117, 26
4, 118, 0
4, 119, 0
4, 120, 0
4, 121, 0
4, 122, 0
4, 123, 0
4, 124, 0
4, 125, 40
4, 126, 39
4, 127, 0
4, 128, 25
4, 129, 0
4, 130, 0
4, 131, 0
4, 132, 0
4, 133, 24
4, 134, 48
4, 135, 0
4, 136, 0
4, 137, 0
4, 138, 0
4, 139, 39
4, 140, 0
4, 141, 21
4, 142, 42
4, 143, 31
4, 144, 0
4, 145, 15
4, 146, 0
4, 147, 0
4, 148, 0
4, 149, 0
4, 150, 0
4, 151, 0
4, 152, 19
4, 153, 38
4, 154, 0
4, 155, 32
4, 156, 0
4, 157, 0
4, 158, 0
4, 159, 31
4, 160, 51
4, 161, 0
4, 162, 0
4, 163, 0
4, 164, 0
4, 165, 0
4, 166, 14
4, 167, 0
4, 168, 0
4, 169, 0
4, 170, 24
4, 171, 0
4, 172, 0
4, 173, 37
4, 174, 0
4, 175, 50
4, 176, 0
4, 177, 0
4, 178, 0
4, 179, 29
4, 180, 0
4, 181, 22
4, 182, 0
4, 183, 21
4, 184, 0
4, 185, 48
4, 186, 0
4, 187, 0
4, 188, 0
4, 189, 0
4, 190, 0
4, 191, 53
4, 192, 0
4, 193, 0
4, 194, 35
4, 195, 0
4, 196, 0
4, 197, 0
4, 198, 27
4, 199, 48
4, 200, 0
4, 201, 39
4, 202, 59
4, 203, 0
4, 204, 0
4, 205, 0
4, 206, 0
4, 207, 0
4, 208, 0
4, 209, 0
4, 210, 0
4, 211, 21
4, 212, 48
4, 213, 0
4, 214, 0
4, 215, 46
4, 216, 14
4, 217, 0
4, 218, 0
4, 219, 50
4, 220, 0
4, 221, 0
4, 222, 46
4, 223, 0
4, 224, 0
4, 225, 0
4, 226, 0
4, 227, 52
4, 228, 0
4, 229, 0
4, 230, 0
4, 231, 0
4, 232, 0
4, 233, 0
4, 234, 40
4, 235, 25
4, 236, 52
4, 237, 0
4, 238, 0
4, 239, 0
4, 240, 53
4, 241, 0
4, 242, 0
4, 243, 0
4, 244, 0
4, 245, 0
4, 246, 41
4, 247, 0
4, 248, 0
4, 249, 26
4, 250, 0
4, 251, 0
4, 252, 2
4, 253, 54
4, 254, 0
4, 255, 0
4, 256, 0
4, 257, 0
4, 258, 0
4, 259, 40
4, 260, 0
4, 261, 0
4, 262, 0
4, 263, 35
4, 264, 17
4, 265, 41
4, 266, 0
4, 267, 0
4, 268, 21
4, 269, 0
4, 270, 24
4, 271, 0
4, 272, 5
4, 273, 0
4, 274, 0
4, 275, 0
4, 276, 0
4, 277, 0
4, 278, 0
4, 279, 26
4, 280, 0
4, 281, 0
4, 282, 0
4, 283, 0
4, 284, 0
4, 285, 0
4, 286, 0
4, 287, 27
4, 288, 36
4, 289, 6
4, 290, 30
4, 291, 0
4, 292, 35
4, 293, 0
4, 294, 0
4, 295, 0
4, 296, 0
4, 297, 0
4, 298, 0
4, 299, 2
4, 300, 0
4, 301, 0
4, 302, 46
4, 303, 17
4, 304, 0
4, 305, 38
4, 306, 0
4, 307, 0
4, 308, 0
4, 309, 28
4, 310, 0
4, 311, 18
4, 312, 0
4, 313, 59
4, 314, 0
4, 315, 9
4, 316, 0
4, 317, 54
4, 318, 21
4, 319, 0
4, 320, 0
4, 321, 0
4, 322, 0
4, 323, 37
4, 324, 67
4, 325, 0
4, 326, 51
4, 327, 26
4, 328, 0
4, 329, 0
4, 330, 43
4, 331, 22
4, 332, 5
4, 333, 0
4, 334, 0
4, 335, 0
4, 336, 33
4, 337, 0
4, 338, 0
4, 339, 31
4, 340, 37
4, 341, 0
4, 342, 0
4, 343, 0
4, 344, 0
4, 345, 17
4, 346, 0
4, 347, 39
4, 348, 0
4, 349, 38
4, 350, 0
4, 351, 31
4, 352, 43
4, 353, 0
4, 354, 0
4, 355, 0
4, 356, 0
4, 357, 52
4, 358, 0
4, 359, 29
4, 360, 0
4, 361, 0
4, 362, 0
4, 363, 0
4, 364, 35
4, 365, 0
4, 366, 30
4, 367, 0
4, 368, 0
4, 369, 21
4, 370, 15
4, 371, 0
4, 372, 27
4, 373, 0
4, 374, 0
4, 375, 0
4, 376, 0
4, 377, 11
4, 378, 0
4, 379, 30
4, 380, 0
4, 381, 0
4, 382, 0
4, 383, 50
4, 384, 0
4, 385, 0
4, 386, 26
4, 387, 41
4, 388, 0
4, 389, 29
4, 390, 0
4, 391, 35
4, 392, 0
4, 393, 0
4, 394, 0
4, 395, 0
4, 396, 0
4, 397, 25
4, 398, 35
4, 399, 53
5, 0, 0
5, 1, 0
5, 2, 0
5, 3, 53
5, 4, 0
5, 5, 56
5, 6, 0
5, 7, 35
5, 8, 0
5, 9, 23
5, 10, 0
5, 11, 0
5, 12, 0
5, 13, 0
5, 14, 0
5, 15, 0
5, 16, 0
5, 17, 0
5, 18, 0
5, 19, 4
5, 20, 28
5, 21, 0
5, 22, 0
5, 23, 43
5, 24, 0
5, 25, 0
5, 26, 48
5, 27, 0
5, 28, 0
5, 29, 0
5, 30, 47
5, 31, 0
5, 32, 0
5, 33, 0
5, 34, 10
5, 35, 0
5, 36, 17
5, 37, 0
5, 38, 0
5, 39, 0
5, 40, 0
5, 41, 22
5, 42, 0
5, 43, 0
5, 44, 0
5, 45, 0
5, 46, 0
5, 47, 0
5, 48, 41
5, 49, 51
5, 50, 20
5, 51, 0
5, 52, 0
5, 53, 0
5, 54, 0
5, 55, 0
5, 56, 0
5, 57, 0
5, 58, 0
5, 59, 0
5, 60, 0
5, 61, 0
5, 62, 0
5, 63, 0
5, 64, 11
5, 65, 0
5, 66, 29
5, 67, 46
5, 68, 0
5, 69, 0
5, 70, 0
5, 71, 0
5, 72, 0
5, 73, 45
5, 74, 24
5, 75, 56
5, 76, 30
5, 77, 48
5, 78, 32
5, 79, 8
5, 80, 0
5, 81, 43
5, 82, 0
5, 83, 30
5, 84, 0
5, 85, 0
5, 86, 0
5, 87, 0
5, 88, 0
5, 89, 31
5, 90, 0
5, 91, 0
5, 92, 29
5, 93, 38
5, 94, 0
5, 95, 0
5, 96, 0
5, 97, 0
5, 98, 0
5, 99, 0
5, 100, 43
5, 101, 0
5, 102, 0
5, 103, 52
5, 104, 0
5, 105, 0
5, 106, 0
5, 107, 0
5, 108, 0
5, 109, 28
5, 110, 0
5, 111, 0
5, 112, 0
5, 113, 0
5, 114, 0
5, 115, 0
5, 116, 0
5, 117, 0
5, 118, 0
5, 119, 0
5, 120, 0
5, 121, 0
5, 122, 41
5, 123, 23
5, 124, 10
5, 125, 0
5, 126, 0
5, 127, 0
5, 128, 0
5, 129, 22
5, 130, 0
5, 131, 0
5, 132, 0
5, 133, 33
5, 134, 0
5, 135, 20
5, 136, 0
5, 137, 25
5, 138, 42
5, 139, 0
5, 140, 0
5, 141, 0
5, 142, 0
5, 143, 0
5, 144, 0
5, 145, 0
5, 146, 51
5, 147, 0
5, 148, 47
5, 149, 0
5, 150, 0
5, 151, 0
5, 152, 0
5, 153, 53
5, 154, 0
5, 155, 0
5, 156, 0
5, 157, 17
5, 158, 56
5, 159, 41
5, 160, 0
5, 161, 0
5, 162, 0
5, 163, 0
5, 164, 52
5, 165, 43
5, 166, 0
5, 167, 0
5, 168, 0
5, 169, 0
5, 170, 0
5, 171, 0
5, 172, 0
5, 173, 0
5, 174, 0
5, 175, 0
5, 176, 0
5, 177, 0
5, 178, 0
5, 179, 0
5, 180, 17
5, 181, 0
5, 182, 34
5, 183, 0
5, 184, 0
5, 185, 46
5, 186, 0
5, 187, 0
5, 188, 23
5, 189, 0
5, 190, 46
5, 191, 0
5, 192, 0
5, 193, 0
5, 194, 0
5, 195, 0
5, 196, 0
5, 197, 0
5, 198, 0
5, 199, 0
5, 200, 0
5, 201, 0
5, 202, 47
5, 203, 0
5, 204, 30
5, 205, 0
5, 206, 24
5, 207, 0
5, 208, 0
5, 209, 22
5, 210, 0
5, 211, 0
5, 212, 0
5, 213, 45
5, 214, 0
5, 215, 0
5, 216, 0
5, 217, 0
5, 218, 49
5, 219, 0
5, 220, 56
5, 221, 37
5, 222, 0
5, 223, 0
5, 224, 0
5, 225, 0
5, 226, 0
5, 227, 0
5, 228, 0
5, 229, 0
5, 230, 51
5, 231, 0
5, 232, 0
5, 233, 0
5, 234, 0
5, 235, 0
5, 236, 0
5, 237, 0
5, 238, 29
5, 239, 17
5, 240, 35
5, 241, 0
5, 242, 38
5, 243, 0
5, 244, 0
5, 245, 32
5, 246, 0
5, 247, 0
5, 248, 35
5, 249, 0
5, 250, 0
5, 251, 0
5, 252, 0
5, 253, 0
5, 254, 0
5, 255, 0
5, 256, 20
5, 257, 0
5, 258, 3
5, 259, 0
5, 260, 48
5, 261, 0
5, 262, 0
5, 263, 65
5, 264, 0
5, 265, 31
5, 266, 0
5, 267, 14
5, 268, 0
5, 269, 0
5, 270, 17
5, 271, 21
5, 272, 25
5, 273, 0
5, 274, 0
5, 275, 15
5, 276, 26
5, 277, 41
5, 278, 7
5, 279, 0
5, 280, 0
5, 281, 0
5, 282, 33
5, 283, 0
5, 284, 0
5, 285, 0
5, 286, 0
5, 287, 0
5, 288, 0
5, 289, 0
5, 290, 0
5, 291, 0
5, 292, 0
5, 293, 0
5, 294, 0
5, 295, 0
5, 296, 0
5, 297, 0
5, 298, 0
5, 299, 0
5, 300, 0
5, 301, 0
5, 302, 0
5, 303, 0
5, 304, 8
5, 305, 0
5, 306, 0
5, 307, 0
5, 308, 32
5, 309, 0
5, 310, 0
5, 311, 0
5, 312, 15
5, 313, 0
5, 314, 0
5, 315, 0
5, 316, 28
5, 317, 0
5, 318, 0
5, 319, 0
5, 320, 43
5, 321, 0
5, 322, 0
5, 323, 0
5, 324, 38
5, 325, 0
5, 326, 0
5, 327, 4
5, 328, 0
5, 329, 0
5, 330, 52
5, 331, 32
5, 332, 0
5, 333, 0
5, 334, 11
5, 335, 0
5, 336, 0
5, 337, 45
5, 338, 0
5, 339, 0
5, 340, 0
5, 341, 17
5, 342, 0
5, 343, 0
5, 344, 0
5, 345, 0
5, 346, 28
5, 347, 24
5, 348, 0
5, 349, 0
5, 350, 0
5, 351, 0
5, 352, 0
5, 353, 0
5, 354, 30
5, 355, 0
5, 356, 0
5, 357, 0
5, 358, 32
5, 359, 0
5, 360, 53
5, 361, 0
5, 362, 0
5, 363, 37
5, 364, 0
5, 365, 0
5, 366, 45
5, 367, 31
5, 368, 0
5, 369, 23
5, 370, 0
5, 371, 0
5, 372, 34
5, 373, 0
5, 374, 39
5, 375, 4
5, 376, 0
5, 377, 0
5, 378, 0
5, 379, 0
5, 380, 10
5, 381, 29
5, 382, 0
5, 383, 0
5, 384, 0
5, 385, 0
5, 386, 32
5, 387, 35
5, 388, 47
5, 389, 7
5, 390, 49
5, 391, 0
5, 392, 0
5, 393, 0
5, 394, 3
5, 395, 0
5, 396, 0
5, 397, 28
5, 398, 7
5, 399, 25
6, 0, 0
6, 1, 0
6, 2, 0
6, 3, 0
6, 4, 0
6, 5, 0
6, 6, 0
6, 7, 42
6, 8, 0
6, 9, 0
6, 10, 0
6, 11, 20
6, 12, 0
6, 13, 0
6, 14, 0
6, 15, 44
6, 16, 0
6, 17, 0
6, 18, 0
6, 19, 0
6, 20, 0
6, 21, 57
6, 22, 0
6, 23, 0
6, 24, 0
6, 25, 46
6, 26, 0
6, 27, 0
6, 28, 21
6, 29, 27
6, 30, 55
6, 31, 15
6, 32, 0
6, 33, 0
6, 34, 34
6, 35, 0
6, 36, 0
6, 37, 53
6, 38, 13
6, 39, 0
6, 40, 5
6, 41, 36
6, 42, 0
6, 43, 0
6, 44, 0
6, 45, 0
6, 46, 0
6, 47, 0
6, 48, 42
6, 49, 12
6, 50, 0
6, 51, 0
6, 52, 40
6, 53, 38
6, 54, 0
6, 55, 0
6, 56, 58
6, 57, 0
6, 58, 0
6, 59, 48
6, 60, 0
6, 61, 0
6, 62, 37
6, 63, 0
6, 64, 23
6, 65, 0
6, 66, 0
6, 67, 46
6, 68, 0
6, 69, 0
6, 70, 0
6, 71, 0
6, 72, 0
6, 73, 42
6, 74, 47
6, 75, 0
6, 76, 42
6, 77, 22
6, 78, 14
6, 79, 0
6, 80, 0
6, 81, 0
6, 82, 0
6, 83, 0
6, 84, 0
6, 85, 0
6, 86, 0
6, 87, 13
6, 88, 0
6, 89, 0
6, 90, 0
6, 91, 0
6, 92, 0
6, 93, 0
6, 94, 0
6, 95, 0
6, 96, 15
6, 97, 0
6, 98, 2
6, 99, 12
6, 100, 29
6, 101, 0
6, 102, 0
6, 103, 0
6, 104, 0
6, 105, 45
6, 106, 0
6, 107, 0
6, 108, 0
6, 109, 6
6, 110, 0
6, 111, 0
6, 112, 0
6, 113, 0
6, 114, 0
6, 115, 0
6, 116, 0
6, 117, 0
6, 118, 0
6, 119, 38
6, 120, 0
6, 121, 0
6, 122, 0
6, 123, 0
6, 124, 0
6, 125, 0
6, 126, 0
6, 127, 0
6, 128, 0
6, 129, 0
6, 130, 36
6, 131, 0
6, 132, 0
6, 133, 0
6, 134, 0
6, 135, 36
6, 136, 0
6, 137, 0
6, 138, 0
6, 139, 0
6, 140, 0
6, 141, 0
6, 142, 0
6, 143, 39
6, 144, 46
6, 145, 0
6, 146, 6
6, 147, 42
6, 148, 0
6, 149, 0
6, 150, 45
6, 151, 0
6, 152, 0
6, 153, 0
6, 154, 0
6, 155, 0
6, 156, 0
6, 157, 0
6, 158, 0
6, 159, 0
6, 160, 48
6, 161, 0
6, 162, 27
6, 163, 0
6, 164, 18
6, 165, 0
6, 166, 0
6, 167, 0
6, 168, 0
6, 169, 27
6, 170, 0
6, 171, 0
6, 172, 0
6, 173, 46
6, 174, 0
6, 175, 40
6, 176, 58
6, 177, 0
6, 178, 0
6, 179, 0
6, 180, 23
6, 181, 0
6, 182, 16
6, 183, 0
6, 184, 0
6, 185, 13
6, 186, 0
6, 187, 29
6, 188, 25
6, 189, 0
6, 190, 0
6, 191, 0
6, 192, 0
6, 193, 0
6, 194, 0
6, 195, 0
6, 196, 0
6, 197, 0
6, 198, 0
6, 199, 0
6, 200, 0
6, 201, 0
6, 202, 0
6, 203, 0
6, 204, 0
6, 205, 0
6, 206, 0
6, 207, 0
6, 208, 0
6, 209, 42
6, 210, 27
6, 211, 0
6, 212, 0
6, 213, 57
6, 214, 0
6, 215, 0
6, 216, 38
6, 217, 55
6, 218, 0
6, 219, 21
6, 220, 44
6, 221, 0
6, 222, 0
6, 223, 39
6, 224, 54
6, 225, 0
6, 226, 0
6, 227, 0
6, 228, 15
6, 229, 0
6, 230, 0
6, 231, 0
6, 232, 26
6, 233, 47
6, 234, 0
6, 235, 34
6, 236, 0
6, 237, 0
6, 238, 0
6, 239, 14
6, 240, 0
6, 241, 25
6, 242, 0
6, 243, 0
6, 244, 0
6, 245, 0
6, 246, 0
6, 247, 0
6, 248, 0
6, 249, 22
6, 250, 0
6, 251, 38
6, 252, 0
6, 253, 31
6, 254, 0
6, 255, 0
6, 256, 57
6, 257, 0
6, 258, 0
6, 259, 0
6, 260, 0
6, 261, 0
6, 262, 0
6, 263, 0
6, 264, 0
6, 265, 0
6, 266, 2
6, 267, 0
6, 268, 0
6, 269, 0
6, 270, 0
6, 271, 0
6, 272, 54
6, 273, 0
6, 274, 0
6, 275, 0
6, 276, 0
6, 277, 0
6, 278, 0
6, 279, 29
6, 280, 0
6, 281, 45
6, 282, 0
6, 283, 0
6, 284, 0
6, 285, 14
6, 286, 0
6, 287, 0
6, 288, 0
6, 289, 0
6, 290, 0
6, 291, 34
6, 292, 0
6, 293, 0
6, 294, 0
6, 295, 37
6, 296, 23
6, 297, 0
6, 298, 55
6, 299, 0
6, 300, 5
6, 301, 15
6, 302, 25
6, 303, 0
6, 304, 0
6, 305, 0
6, 306, 0
6, 307, 40
6, 308, 0
6, 309, 0
6, 310, 48
6, 311, 0
6, 312, 57
6, 313, 0
6, 314, 0
6, 315, 0
6, 316, 0
6, 317, 0
6, 318, 0
6, 319, 0
6, 320, 0
6, 321, 0
6, 322, 23
6, 323, 38
6, 324, 0
6, 325, 0
6, 326, 0
6, 327, 0
6, 328, 0
6, 329, 0
6, 330, 14
6, 331, 0
6, 332, 0
6, 333, 0
6, 334, 18
6, 335, 40
6, 336, 0
6, 337, 42
6, 338, 45
6, 339, 54
6, 340, 20
6, 341, 27
6, 342, 0
6, 343, 0
6, 344, 26
6, 345, 0
6, 346, 31
6, 347, 0
6, 348, 0
6, 349, 0
6, 350, 48
6, 351, 0
6, 352, 53
6, 353, 38
6, 354, 0
6, 355, 0
6, 356, 0
6, 357, 0
6, 358, 0
6, 359, 0
6, 360, 0
6, 361, 0
6, 362, 30
6, 363, 0
6, 364, 0
6, 365, 0
6, 366, 21
6, 367, 0
6, 368, 0
6, 369, 0
6, 370, 0
6, 371, 0
6, 372, 46
6, 373, 0
6, 374, 0
6, 375, 22
6, 376, 0
6, 377, 0
6, 378, 0
6, 379, 15
6, 380, 5
6, 381, 0
6, 382, 57
6, 383, 0
6, 384, 0
6, 385, 0
6, 386, 39
6, 387, 0
6, 388, 0
6, 389, 0
6, 390, 0
6, 391, 0
6, 392, 18
6, 393, 0
6, 394, 0
6, 395, 0
6, 396, 29
6, 397, 0
6, 398, 0
6, 399, 47
7, 0, 0
7, 1, 51
7, 2, 0
7, 3, 0
7, 4, 0
7, 5, 0
7, 6, 0
7, 7, 0
7, 8, 0
7, 9, 2
7, 10, 18
7, 11, 0
7, 12, 0
7, 13, 9
7, 14, 0
7, 15, 0
7, 16, 57
7, 17, 0
7, 18, 19
7, 19, 0
7, 20, 0
7, 21, 0
7, 22, 29
7, 23, 0
7, 24, 11
7, 25, 40
7, 26, 5
7, 27, 0
7, 28, 0
7, 29, 45
7, 30, 33
7, 31, 20
7, 32, 0
7, 33, 0
7, 34, 52
7, 35, 0
7, 36, 41
7, 37, 0
7, 38, 0
7, 39, 16
7, 40, 0
7, 41, 0
7, 42, 0
7, 43, 0
7, 44, 0
7, 45, 0
7, 46, 0
7, 47, 0
7, 48, 36
7, 49, 7
7, 50, 11
7, 51, 0
7, 52, 37
7, 53, 0
7, 54, 0
7, 55, 52
7, 56, 0
7, 57, 0
7, 58, 0
7, 59, 51
7, 60, 34
7, 61, 0
7, 62, 0
7, 63, 23
7, 64, 0
7, 65, 15
7, 66, 0
7, 67, 57
7, 68, 22
7, 69, 13
7, 70, 39
7, 71, 0
7, 72, 0
7, 73, 0
7, 74, 0
7, 75, 0
7, 76, 18
7, 77, 0
7, 78, 9
7, 79, 0
7, 80, 0
7, 81, 0
7, 82, 0
7, 83, 0
7, 84, 0
7, 85, 0
7, 86, 0
7, 87, 0
7, 88, 2
7, 89, 38
7, 90, 9
7, 91, 0
7, 92, 0
7, 93, 0
7, 94, 0
7, 95, 0
7, 96, 48
7, 97, 0
7, 98, 12
7, 99, 0
7, 100, 0
7, 101, 0
7, 102, 24
7, 103, 0
7, 104, 39
7, 105, 0
7, 106, 0
7, 107, 0
7, 108, 0
7, 109, 0
7, 110, 5
7, 111, 37
7, 112, 0
7, 113, 0
7, 114, 40
7, 115, 0
7, 116, 0
7, 117, 51
7, 118, 0
7, 119, 0
7, 120, 0
7, 121, 0
7, 122, 43
7, 123, 33
7, 124, 0
7, 125, 0
7, 126, 19
7, 127, 0
7, 128, 0
7, 129, 0
7, 130, 0
7, 131, 24
7, 132, 0
7, 133, 20
7, 134, 7
7, 135, 0
7, 136, 31
7, 137, 0
7, 138, 0
7, 139, 0
7, 140, 0
7, 141, 0
7, 142, 46
7, 143, 13
7, 144, 0
7, 145, 0
7, 146, 0
7, 147, 0
7, 148, 0
7, 149, 12
7, 150, 0
7, 151, 0
7, 152, 0
7, 153, 0
7, 154, 0
7, 155, 33
7, 156, 0
7, 157, 0
7, 158, 41
7, 159, 0
7, 160, 20
7, 161, 0
7, 162, 0
7, 163, 0
7, 164, 0
7, 165, 38
7, 166, 0
7, 167, 19
7, 168, 0
7, 169, 0
7, 170, 48
7, 171, 0
7, 172, 42
7, 173, 0
7, 174, 29
7, 175, 15
7, 176, 0
7, 177, 28
7, 178, 0
7, 179, 0
7, 180, 0
7, 181, 0
7, 182, 0
7, 183, 0
7, 184, 16
7, 185, 0
7, 186, 0
7, 187, 0
7, 188, 0
7, 189, 0
7, 190, 0
7, 191, 0
7, 192, 0
7, 193, 0
7, 194, 0
7, 195, 0
7, 196, 0
7, 197, 0
7, 198, 0
7, 199, 0
7, 200, 0
7, 201, 0
7, 202, 0
7, 203, 0
7, 204, 0
7, 205, 0
7, 206, 0
7, 207, 0
7, 208, 52
7, 209, 0
7, 210, 0
7, 211, 0
7, 212, 0
7, 213, 0
7, 214, 0
7, 215, 0
7, 216, 0
7, 217, 0
7, 218, 0
7, 219, 0
7, 220, 38
7, 221, 0
7, 222, 34
7, 223, 0
7, 224, 0
7, 225, 11
7, 226, 14
7, 227, 36
7, 228, 0
7, 229, 19
7, 230, 0
7, 231, 0
7, 232, 0
7, 233, 0
7, 234, 0
7, 235, 0
7, 236, 45
7, 237, 12
7, 238, 0
7, 239, 0
7, 240, 51
7, 241, 0
7, 242, 0
7, 243, 0
7, 244, 44
7, 245, 0
7, 246, 0
7, 247, 27
7, 248, 0
7, 249, 0
7, 250, 37
7, 251, 0
7, 252, 0
7, 253, 0
7, 254, 30
7, 255, 0
7, 256, 52
7, 257, 0
7, 258, 0
7, 259, 0
7, 260, 0
7, 261, 0
7, 262, 0
7, 263, 0
7, 264, 0
7, 265, 0
7, 266, 0
7, 267, 34
7, 268, 0
7, 269, 2
7, 270, 20
7, 271, 0
7, 272, 0
7, 273, 0
7, 274, 0
7, 275, 0
7, 276, 0
7, 277, 40
7, 278, 10
7, 279, 0
7, 280, 27
7, 281, 0
7, 282, 0
7, 283, 22
7, 284, 43
7, 285, 0
7, 286, 19
7, 287, 0
7, 288, 41
7, 289, 26
7, 290, 9
7, 291, 0
7, 292, 0
7, 293, 33
7, 294, 18
7, 295, 7
7, 296, 0
7, 297, 48
7, 298, 16
7, 299, 42
7, 300, 22
7, 301, 0
7, 302, 0
7, 303, 0
7, 304, 43
7, 305, 0
7, 306, 0
7, 307, 27
7, 308, 0
7, 309, 19
7, 310, 0
7, 311, 0
7, 312, 0
7, 313, 0
7, 314, 0
7, 315, 0
7, 316, 0
7, 317, 0
7, 318, 10
7, 319, 0
7, 320, 5
7, 321, 0
7, 322, 0
7, 323, 0
7, 324, 0
7, 325, 0
7, 326, 0
7, 327, 0
7, 328, 0
7, 329, 0
7, 330, 0
7, 331, 0
7, 332, 29
7, 333, 0
7, 334, 0
7, 335, 0
7, 336, 0
7, 337, 0
7, 338, 0
7, 339, 33
7, 340, 0
7, 341, 0
7, 342, 0
7, 343, 24
7, 344, 0
7, 345, 0
7, 346, 0
7, 347, 0
7, 348, 16
7, 349, 0
7, 350, 2
7, 351, 0
7, 352, 57
7, 353, 0
7, 354, 11
7, 355, 0
7, 356, 0
7, 357, 0
7, 358, 0
7, 359, 38
7, 360, 0
7, 361, 0
7, 362, 0
7, 363, 0
7, 364, 0
7, 365, 0
7, 366, 0
7, 367, 39
7, 368, 0
7, 369, 4
7, 370, 0
7, 371, 33
7, 372, 0
7, 373, 0
7, 374, 0
7, 375, 0
7, 376, 26
7, 377, 28
7, 378, 0
7, 379, 0
7, 380, 37
7, 381, 46
7, 382, 39
7, 383, 0
7, 384, 0
7, 385, 0
7, 386, 0
7, 387, 33
7, 388, 8
7, 389, 0
7, 390, 0
7, 391, 0
7, 392, 42
7, 393, 57
7, 394, 24
7, 395, 4
7, 396, 0
7, 397, 0
7, 398, 12
7, 399, 0
8, 0, 0
8, 1, 0
8, 2, 42
8, 3, 32
8, 4, 30
8, 5, 0
8, 6, 0
8, 7, 0
8, 8, 49
8, 9, 0
8, 10, 0
8, 11, 0
8, 12, 32
8, 13, 0
8, 14, 43
8, 15, 0
8, 16, 0
8, 17, 0
8, 18, 0
8, 19, 0
8, 20, 28
8, 21, 0
8, 22, 0
8, 23, 0
8, 24, 35
8, 25, 0
8, 26, 0
8, 27, 0
8, 28, 0
8, 29, 16
8, 30, 11
8, 31, 0
8, 32, 0
8, 33, 0
8, 34, 0
8, 35, 0
8, 36, 2
8, 37, 51
8, 38, 1
8, 39, 58
8, 40, 0
8, 41, 37
8, 42, 0
8, 43, 0
8, 44, 0
8, 45, 48
8, 46, 0
8, 47, 0
8, 48, 0
8, 49, 0
8, 50, 0
8, 51, 0
8, 52, 15
8, 53, 0
8, 54, 0
8, 55, 0
8, 56, 0
8, 57, 0
8, 58, 7
8, 59, 0
8, 60, 0
8, 61, 42
8, 62, 0
8, 63, 29
8, 64, 0
8, 65, 0
8, 66, 0
8, 67, 0
8, 68, 19
8, 69, 0
8, 70, 0
8, 71, 0
8, 72, 0
8, 73, 53
8, 74, 0
8, 75, 47
8, 76, 53
8, 77, 40
8, 78, 0
8, 79, 53
8, 80, 0
8, 81, 0
8, 82, 0
8, 83, 1
8, 84, 0
8, 85, 0
8, 86, 0
8, 87, 0
8, 88, 0
8, 89, 18
8, 90, 0
8, 91, 0
8, 92, 0
8, 93, 0
8, 94, 0
8, 95, 0
8, 96, 0
8, 97, 56
8, 98, 0
8, 99, 0
8, 100, 0
8, 101, 27
8, 102, 0
8, 103, 0
8, 104, 36
8, 105, 0
8, 106, 0
8, 107, 0
8, 108, 42
8, 109, 28
8, 110, 0
8, 111, 36
8, 112, 0
8, 113, 0
8, 114, 42
8, 115, 40
8, 116, 0
8, 117, 0
8, 118, 0
8, 119, 0
8, 120, 13
8, 121, 0
8, 122, 11
8, 123, 0
8, 124, 0
8, 125, 4
8, 126, 0
8, 127, 0
8, 128, 0
8, 129, 0
8, 130, 36
8, 131, 0
8, 132, 2
8, 133, 0
8, 134, 0
8, 135, 28
8, 136, 37
8, 137, 0
8, 138, 0
8, 139, 0
8, 140, 0
8, 141, 22
8, 142, 1
8, 143, 51
8, 144, 58
8, 145, 34
8, 146, 0
8, 147, 0
8, 148, 0
8, 149, 0
8, 150, 39
8, 151, 32
8, 152, 0
8, 153, 43
8, 154, 0
8, 155, 53
8, 156, 0
8, 157, 0
8, 158, 42
8, 159, 0
8, 160, 0
8, 161, 0
8, 162, 0
8, 163, 0
8, 164, 0
8, 165, 0
8, 166, 0
8, 167, 0
8, 168, 0
8, 169, 15
8, 170, 0
8, 171, 0
8, 172, 0
8, 173, 51
8, 174, 0
8, 175, 24
8, 176, 62
8, 177, 0
8, 178, 44
8, 179, 0
8, 180, 20
8, 181, 0
8, 182, 0
8, 183, 0
8, 184, 37
8, 185, 48
8, 186, 0
8, 187, 0
8, 188, 32
8, 189, 0
8, 190, 49
8, 191, 0
8, 192, 0
8, 193, 0
8, 194, 0
8, 195, 0
8, 196, 55
8, 197, 49
8, 198, 0
8, 199, 0
8, 200, 33
8, 201, 0
8, 202, 0
8, 203, 0
8, 204, 35
8, 205, 27
8, 206, 47
8, 207, 0
8, 208, 0
8, 209, 47
8, 210, 11
8, 211, 0
8, 212, 0
8, 213, 0
8, 214, 0
8, 215, 0
8, 216, 0
8, 217, 0
8, 218, 0
8, 219, 17
8, 220, 15
8, 221, 0
8, 222, 18
8, 223, 0
8, 224, 0
8, 225, 58
8, 226, 0
8, 227, 0
8, 228, 0
8, 229, 0
8, 230, 0
8, 231, 42
8, 232, 0
8, 233, 0
8, 234, 0
8, 235, 43
8, 236, 44
8, 237, 29
8, 238, 0
8, 239, 0
8, 240, 0
8, 241, 0
8, 242, 0
8, 243, 19
8, 244, 34
8, 245, 0
8, 246, 0
8, 247, 0
8, 248, 0
8, 249, 0
8, 250, 0
8, 251, 0
8, 252, 0
8, 253, 56
8, 254, 5
8, 255, 0
8, 256, 0
8, 257, 0
8, 258, 0
8, 259, 32
8, 260, 0
8, 261, 16
8, 262, 0
8, 263, 0
8, 264, 0
8, 265, 0
8, 266, 0
8, 267, 24
8, 268, 0
8, 269, 0
8, 270, 0
8, 271, 0
8, 272, 0
8, 273, 0
8, 274, 0
8, 275, 11
8, 276, 0
8, 277, 4
8, 278, 0
8, 279, 0
8, 280, 0
8, 281, 0
8, 282, 37
8, 283, 0
8, 284, 30
8, 285, 0
8, 286, 0
8, 287, 17
8, 288, 19
8, 289, 40
8, 290, 22
8, 291, 0
8, 292, 8
8, 293, 0
8, 294, 35
8, 295, 0
8, 296, 43
8, 297, 51
8, 298, 37
8, 299, 0
8, 300, 0
8, 301, 45
8, 302, 0
8, 303, 0
8, 304, 0
8, 305, 33
8, 306, 47
8, 307, 0
8, 308, 0
8, 309, 21
8, 310, 0
8, 311, 0
8, 312, 0
8, 313, 0
8, 314, 36
8, 315, 39
8, 316, 0
8, 317, 0
8, 318, 0
8, 319, 0
8, 320, 0
8, 321, 0
8, 322, 0
8, 323, 0
8, 324, 51
8, 325, 18
8, 326, 0
8, 327, 0
8, 328, 55
8, 329, 0
8, 330, 0
8, 331, 0
8, 332, 48
8, 333, 0
8, 334, 0
8, 335, 4
8, 336, 0
8, 337, 24
8, 338, 0
8, 339, 0
8, 340, 0
8, 341, 2
8, 342, 0
8, 343, 0
8, 344, 27
8, 345, 0
8, 346, 0
8, 347, 7
8, 348, 62
8, 349, 9
8, 350, 0
8, 351, 0
8, 352, 0
8, 353, 0
8, 354, 43
8, 355, 2
8, 356, 0
8, 357, 56
8, 358, 5
8, 359, 0
8, 360, 0
8, 361, 0
8, 362, 0
8, 363, 0
8, 364, 49
8, 365, 0
8, 366, 32
8, 367, 8
8, 368, 0
8, 369, 0
8, 370, 21
8, 371, 0
8, 372, 43
8, 373, 44
8, 374, 0
8, 375, 19
8, 376, 0
8, 377, 0
8, 378, 0
8, 379, 0
8, 380, 0
8, 381, 0
8, 382, 0
8, 383, 49
8, 384, 0
8, 385, 0
8, 386, 0
8, 387, 0
8, 388, 0
8, 389, 0
8, 390, 37
8, 391, 0
8, 392, 0
8, 393, 0
8, 394, 0
8, 395, 20
8, 396, 0
8, 397, 53
8, 398, 0
8, 399, 0
9, 0, 0
9, 1, 21
9, 2, 0
9, 3, 0
9, 4, 0
9, 5, 56
9, 6, 0
9, 7, 0
9, 8, 54
9, 9, 35
9, 10, 14
9, 11, 0
9, 12, 0
9, 13, 0
9, 14, 0
9, 15, 0
9, 16, 29
9, 17, 0
9, 18, 31
9, 19, 0
9, 20, 0
9, 21, 0
9, 22, 0
9, 23, 0
9, 24, 0
9, 25, 0
9, 26, 0
9, 27, 0
9, 28, 0
9, 29, 0
9, 30, 0
9, 31, 0
9, 32, 21
9, 33, 39
9, 34, 0
9, 35, 0
9, 36, 0
9, 37, 38
9, 38, 23
9, 39, 0
9, 40, 0
9, 41, 0
9, 42, 43
9, 43, 0
9, 44, 0
9, 45, 59
9, 46, 4
9, 47, 0
9, 48, 0
9, 49, 0
9, 50, 0
9, 51, 0
9, 52, 0
9, 53, 0
9, 54, 0
9, 55, 0
9, 56, 0
9, 57, 0
9, 58, 0
9, 59, 0
9, 60, 0
9, 61, 19
9, 62, 0
9, 63, 34
9, 64, 10
9, 65, 51
9, 66, 0
9, 67, 24
9, 68, 45
9, 69, 0
9, 70, 0
9, 71, 0
9, 72, 0
9, 73, 0
9, 74, 0
9, 75, 0
9, 76, 8
9, 77, 0
9, 78, 0
9, 79, 0
9, 80, 0
9, 81, 0
9, 82, 47
9, 83, 0
9, 84, 0
9, 85, 0
9, 86, 0
9, 87, 0
9, 88, 32
9, 89, 44
9, 90, 56
9, 91, 30
9, 92, 14
9, 93, 40
9, 94, 0
9, 95, 53
9, 96, 20
9, 97, 0
9, 98, 0
9, 99, 0
9, 100, 0
9, 101, 0
9, 102, 50
9, 103, 0
9, 104, 0
9, 105, 12
9, 106, 0
9, 107, 0
9, 108, 0
9, 109, 0
9, 110, 0
9, 111, 0
9, 112, 48
9, 113, 0
9, 114, 0
9, 115, 38
9, 116, 45
9, 117, 8
9, 118, 0
9, 119, 0
9, 120, 0
9, 121, 54
9, 122, 29
9, 123, 54
9, 124, 0
9, 125, 0
9, 126, 0
9, 127, 52
9, 128, 0
9, 129, 0
9, 130, 0
9, 131, 0
9, 132, 49
9, 133, 0
9, 134, 0
9, 135, 41
9, 136, 19
9, 137, 0
9, 138, 5
9, 139, 0
9, 140, 45
9, 141, 0
9, 142, 0
9, 143, 0
9, 144, 0
9, 145, 0
9, 146, 0
9, 147, 0
9, 148, 0
9, 149, 4
9, 150, 50
9, 151, 0
9, 152, 0
9, 153, 0
9, 154, 0
9, 155, 0
9, 156, 31
9, 157, 0
9, 158, 0
9, 159, 0
9, 160, 0
9, 161, 13
9, 162, 21
9, 163, 47
9, 164, 0
9, 165, 0
9, 166, 22
9, 167, 31
9, 168, 20
9, 169, 0
9, 170, 0
9, 171, 0
9, 172, 0
9, 173, 0
9, 174, 0
9, 175, 11
9, 176, 0
9, 177, 0
9, 178, 0
9, 179, 0
9, 180, 10
9, 181, 0
9, 182, 0
9, 183, 0
9, 184, 43
9, 185, 0
9, 186, 14
9, 187, 0
9, 188, 0
9, 189, 35
9, 190, 0
9, 191, 0
9, 192, 0
9, 193, 0
9, 194, 44
9, 195, 0
9, 196, 0
9, 197, 35
9, 198, 0
9, 199, 53
9, 200, 0
9, 201, 48
9, 202, 0
9, 203, 0
9, 204, 20
9, 205, 25
9, 206, 0
9, 207, 0
9, 208, 0
9, 209, 0
9, 210, 0
9, 211, 0
9, 212, 0
9, 213, 0
9, 214, 36
9, 215, 0
9, 216, 0
9, 217, 0
9, 218, 0
9, 219, 0
9, 220, 0
9, 221, 30
9, 222, 0
9, 223, 0
9, 224, 0
9, 225, 0
9, 226, 50
9, 227, 34
9, 228, 0
9, 229, 0
9, 230, 46
9, 231, 0
9, 232, 0
9, 233, 51
9, 234, 21
9, 235, 0
9, 236, 0
9, 237, 0
9, 238, 0
9, 239, 0
9, 240, 32
9, 241, 0
9, 242, 0
9, 243, 43
9, 244, 0
9, 245, 0
9, 246, 0
9, 247, 0
9, 248, 0
9, 249, 63
9, 250, 0
9, 251, 54
9, 252, 0
9, 253, 0
9, 254, 0
9, 255, 0
9, 256, 0
9, 257, 29
9, 258, 0
9, 259, 0
9, 260, 0
9, 261, 0
9, 262, 0
9, 263, 0
9, 264, 0
9, 265, 0
9, 266, 49
9, 267, 0
9, 268, 44
9, 269, 0
9, 270, 50
9, 271, 47
9, 272, 31
9, 273, 0
9, 274, 0
9, 275, 0
9, 276, 0
9, 277, 56
9, 278, 12
9, 279, 0
9, 280, 0
9, 281, 0
9, 282, 0
9, 283, 0
9, 284, 4
9, 285, 0
9, 286, 0
9, 287, 0
9, 288, 0
9, 289, 41
9, 290, 24
9, 291, 0
9, 292, 0
9, 293, 45
9, 294, 0
9, 295, 0
9, 296, 49
9, 297, 59
9, 298, 0
9, 299, 22
9, 300, 25
9, 301, 0
9, 302, 0
9, 303, 0
9, 304, 0
9, 305, 0
9, 306, 34
9, 307, 36
9, 308, 0
9, 309, 0
9, 310, 0
9, 311, 0
9, 312, 0
9, 313, 0
9, 314, 0
9, 315, 0
9, 316, 0
9, 317, 13
9, 318, 0
9, 319, 0
9, 320, 23
9, 321, 35
9, 322, 0
9, 323, 0
9, 324, 56
9, 325, 21
9, 326, 0
9, 327, 0
9, 328, 0
9, 329, 0
9, 330, 32
9, 331, 0
9, 332, 43
9, 333, 0
9, 334, 0
9, 335, 0
9, 336, 26
9, 337, 0
9, 338, 0
9, 339, 16
9, 340, 11
9, 341, 0
9, 342, 0
9, 343, 5
9, 344, 0
9, 345, 0
9, 346, 53
9, 347, 0
9, 348, 0
9, 349, 0
9, 350, 0
9, 351, 0
9, 352, 0
9, 353, 0
9, 354, 30
9, 355, 0
9, 356, 0
9, 357, 0
9, 358, 0
9, 359, 0
9, 360, 0
9, 361, 19
9, 362, 29
9, 363, 0
9, 364, 14
9, 365, 63
9, 366, 31
9, 367, 34
9, 368, 38
9, 369, 0
9, 370, 0
9, 371, 0
9, 372, 0
9, 373, 0
9, 374, 0
9, 375, 0
9, 376, 0
9, 377, 0
9, 378, 0
9, 379, 0
9, 380, 12
9, 381, 0
9, 382, 0
9, 383, 11
9, 384, 0
9, 385, 0
9, 386, 0
9, 387, 0
9, 388, 0
9, 389, 41
9, 390, 0
9, 391, 0
9, 392, 0
9, 393, 0
9, 394, 0
9, 395, 0
9, 396, 0
9, 397, 30
9, 398, 46
9, 399, 3
10, 0, 0
10, 1, 0
10, 2, 0
10, 3, 0
10, 4, 0
10, 5, 0
10, 6, 38
10, 7, 0
10, 8, 0
10, 9, 0
10, 10, 36
10, 11, 0
10, 12, 36
10, 13, 0
10, 14, 0
10, 15, 0
10, 16, 22
10, 17, 0
10, 18, 0
10, 19, 25
10, 20, 39
10, 21, 0
10, 22, 0
10, 23, 30
10, 24, 37
10, 25, 0
10, 26, 0
10, 27, 0
10, 28, 0
10, 29, 45
10, 30, 0
10, 31, 0
10, 32, 42
10, 33, 0
10, 34, 0
10, 35, 0
10, 36, 0
10, 37, 23
10, 38, 0
10, 39, 29
10, 40, 0
10, 41, 0
10, 42, 0
10, 43, 0
10, 44, 17
10, 45, 0
10, 46, 0
10, 47, 0
10, 48, 57
10, 49, 0
10, 50, 0
10, 51, 0
10, 52, 0
10, 53, 27
10, 54, 0
10, 55, 0
10, 56, 0
10, 57, 0
10, 58, 0
10, 59, 15
10, 60, 7
10, 61, 21
10, 62, 0
10, 63, 0
10, 64, 0
10, 65, 45
10, 66, 0
10, 67, 43
10, 68, 51
10, 69, 0
10, 70, 0
10, 71, 0
10, 72, 0
10, 73, 15
10, 74, 0
10, 75, 0
10, 76, 0
10, 77, 0
10, 78, 0
10, 79, 0
10, 80, 0
10, 81, 0
10, 82, 55
10, 83, 0
10, 84, 0
10, 85, 0
10, 86, 0
10, 87, 0
10, 88, 0
10, 89, 26
10, 90, 19
10, 91, 0
10, 92, 28
10, 93, 0
10, 94, 31
10, 95, 8
10, 96, 0
10, 97, 45
10, 98, 0
10, 99, 0
10, 100, 0
10, 101, 0
10, 102, 12
10, 103, 6
10, 104, 0
10, 105, 0
10, 106, 0
10, 107, 0
10, 108, 0
10, 109, 0
10, 110, 0
10, 111, 0
10, 112, 10
10, 113, 0
10, 114, 11
10, 115, 0
10, 116, 53
10, 117, 0
10, 118, 29
10, 119, 0
10, 120, 0
10, 121, 0
10, 122, 24
10, 123, 0
10, 124, 0
10, 125, 0
10, 126, 22
10, 127, 19
10, 128, 24
10, 129, 0
10, 130, 0
10, 131, 0
10, 132, 0
10, 133, 0
10, 134, 35
10, 135, 53
10, 136, 0
10, 137, 0
10, 138, 17
10, 139, 45
10, 140, 35
10, 141, 0
10, 142, 0
10, 143, 11
10, 144, 0
10, 145, 55
10, 146, 0
10, 147, 0
10, 148, 0
10, 149, 0
10, 150, 0
10, 151, 28
10, 152, 23
10, 153, 0
10, 154, 39
10, 155, 0
10, 156, 0
10, 157, 0
10, 158, 46
10, 159, 29
10, 160, 0
10, 161, 52
10, 162, 0
10, 163, 0
10, 164, 0
10, 165, 29
10, 166, 0
10, 167, 12
10, 168, 0
10, 169, 45
10, 170, 0
10, 171, 0
10, 172, 41
10, 173, 19
10, 174, 0
10, 175, 39
10, 176, 0
10, 177, 0
10, 178, 0
10, 179, 38
10, 180, 0
10, 181, 0
10, 182, 25
10, 183, 0
10, 184, 0
10, 185, 0
10, 186, 0
10, 187, 13
10, 188, 0
10, 189, 0
10, 190, 0
10, 191, 29
10, 192, 0
10, 193, 51
10, 194, 0
10, 195, 0
10, 196, 0
10, 197, 0
10, 198, 43
10, 199, 0
10, 200, 0
10, 201, 53
10, 202, 0
10, 203, 0
10, 204, 0
10, 205, 0
10, 206, 47
10, 207, 0
10, 208, 0
10, 209, 37
10, 210, 0
10, 211, 0
10, 212, 37
10, 213, 0
10, 214, 17
10, 215, 0
10, 216, 0
10, 217, 0
10, 218, 22
10, 219, 0
10, 220, 39
10, 221, 23
10, 222, 19
10, 223, 0
10, 224, 0
10, 225, 0
10, 226, 0
10, 227, 0
10, 228, 0
10, 229, 0
10, 230, 0
10, 231, 0
10, 232, 28
10, 233, 41
10, 234, 0
10, 235, 12
10, 236, 0
10, 237, 26
10, 238, 0
10, 239, 0
10, 240, 0
10, 241, 52
10, 242, 0
10, 243, 31
10, 244, 0
10, 245, 0
10, 246, 46
10, 247, 27
10, 248, 38
10, 249, 0
10, 250, 0
10, 251, 0
10, 252, 57
10, 253, 21
10, 254, 0
10, 255, 42
10, 256, 0
10, 257, 0
10, 258, 0
10, 259, 0
10, 260, 0
10, 261, 0
10, 262, 0
10, 263, 45
10, 264, 0
10, 265, 0
10, 266, 0
10, 267, 0
10, 268, 0
10, 269, 0
10, 270, 7
10, 271, 0
10, 272, 0
10, 273, 23
10, 274, 0
10, 275, 0
10, 276, 0
10, 277, 0
10, 278, 8
10, 279, 0
10, 280, 0
10, 281, 49
10, 282, 0
10, 283, 47
10, 284, 0
10, 285, 0
10, 286, 0
10, 287, 39
10, 288, 0
10, 289, 35
10, 290, 29
10, 291, 0
10, 292, 0
10, 293, 0
10, 294, 0
10, 295, 0
10, 296, 0
10, 297, 0
10, 298, 6
10, 299, 0
10, 300, 0
10, 301, 18
10, 302, 0
10, 303, 14
10, 304, 31
10, 305, 32
10, 306, 37
10, 307, 53
10, 308, 11
10, 309, 51
10, 310, 0
10, 311, 0
10, 312, 22
10, 313, 0
10, 314, 0
10, 315, 11
10, 316, 0
10, 317, 0
10, 318, 0
10, 319, 0
10, 320, 0
10, 321, 26
10, 322, 25
10, 323, 42
10, 324, 0
10, 325, 0
10, 326, 0
10, 327, 0
10, 328, 57
10, 329, 0
10, 330, 0
10, 331, 0
10, 332, 55
10, 333, 22
10, 334, 19
10, 335, 0
10, 336, 0
10, 337, 0
10, 338, 0
10, 339, 0
10, 340, 0
10, 341, 0
10, 342, 0
10, 343, 0
10, 344, 0
10, 345, 0
10, 346, 0
10, 347, 24
10, 348, 0
10, 349, 0
10, 350, 0
10, 351, 0
10, 352, 0
10, 353, 0
10, 354, 41
10, 355, 0
10, 356, 0
10, 357, 0
10, 358, 0
10, 359, 0
10, 360, 0
10, 361, 0
10, 362, 0
10, 363, 0
10, 364, 0
10, 365, 52
10, 366, 0
10, 367, 42
10, 368, 0
10, 369, 0
10, 370, 0
10, 371, 53
10, 372, 36
10, 373, 0
10, 374, 0
10, 375, 12
10, 376, 46
10, 377, 0
10, 378, 7
10, 379, 47
10, 380, 0
10, 381, 0
10, 382, 6
10, 383, 26
10, 384, 0
10, 385, 0
10, 386, 0
10, 387, 0
10, 388, 0
10, 389, 0
10, 390, 43
10, 391, 0
10, 392, 35
10, 393, 0
10, 394, 0
10, 395, 0
10, 396, 0
10, 397, 2
10, 398, 18
10, 399, 0
11, 0, 0
11, 1, 13
11, 2, 0
11, 3, 0
11, 4, 0
11, 5, 0
11, 6, 53
11, 7, 0
11, 8, 30
11, 9, 0
11, 10, 0
11, 11, 57
11, 12, 15
11, 13, 0
11, 14, 29
11, 15, 0
11, 16, 45
11, 17, 0
11, 18, 0
11, 19, 34
11, 20, 6
11, 21, 0
11, 22, 0
11, 23, 0
11, 24, 5
11, 25, 0
11, 26, 0
11, 27, 0
11, 28, 0
11, 29, 0
11, 30, 0
11, 31, 0
11, 32, 0
11, 33, 0
11, 34, 0
11, 35, 0
11, 36, 0
11, 37, 0
11, 38, 0
11, 39, 0
11, 40, 0
11, 41, 29
11, 42, 0
11, 43, 0
11, 44, 0
11, 45, 22
11, 46, 0
11, 47, 14
11, 48, 0
11, 49, 32
11, 50, 12
11, 51, 0
11, 52, 47
11, 53, 0
11, 54, 0
11, 55, 0
11, 56, 0
11, 57, 0
11, 58, 0
11, 59, 0
11, 60, 0
11, 61, 0
11, 62, 0
11, 63, 0
11, 64, 55
11, 65, 11
11, 66, 0
11, 67, 0
11, 68, 22
11, 69, 0
11, 70, 0
11, 71, 42
11, 72, 0
11, 73, 0
11, 74, 0
11, 75, 29
11, 76, 0
11, 77, 0
11, 78, 0
11, 79, 58
11, 80, 0
11, 81, 0
11, 82, 0
11, 83, 0
11, 84, 0
11, 85, 3
11, 86, 0
11, 87, 0
11, 88, 21
11, 89, 0
11, 90, 0
11, 91, 0
11, 92, 0
11, 93, 0
11, 94, 0
11, 95, 0
11, 96, 0
11, 97, 0
11, 98, 0
11, 99, 0
11, 100, 0
11, 101, 4
11, 102, 0
11, 103, 0
11, 104, 61
11, 105, 0
11, 106, 26
11, 107, 33
11, 108, 29
11, 109, 5
11, 110, 0
11, 111, 0
11, 112, 0
11, 113, 0
11, 114, 0
11, 115, 0
11, 116, 50
11, 117, 0
11, 118, 6
11, 119, 45
11, 120, 40
11, 121, 0
11, 122, 0
11, 123, 0
11, 124, 0
11, 125, 28
11, 126, 0
11, 127, 1
11, 128, 0
11, 129, 0
11, 130, 0
11, 131, 0
11, 132, 0
11, 133, 0
11, 134, 47
11, 135, 43
11, 136, 0
11, 137, 0
11, 138, 0
11, 139, 36
11, 140, 0
11, 141, 0
11, 142, 0
11, 143, 0
11, 144, 53
11, 145, 0
11, 146, 0
11, 147, 57
11, 148, 0
11, 149, 0
11, 150, 55
11, 151, 0
11, 152, 0
11, 153, 0
11, 154, 0
11, 155, 15
11, 156, 0
11, 157, 0
11, 158, 0
11, 159, 17
11, 160, 0
11, 161, 50
11, 162, 42
11, 163, 0
11, 164, 0
11, 165, 0
11, 166, 9
11, 167, 0
11, 168, 0
11, 169, 0
11, 170, 0
11, 171, 0
11, 172, 0
11, 173, 0
11, 174, 42
11, 175, 24
11, 176, 34
11, 177, 0
11, 178, 0
11, 179, 0
11, 180, 0
11, 181, 0
11, 182, 0
11, 183, 31
11, 184, 0
11, 185, 0
11, 186, 0
11, 187, 39
11, 188, 0
11, 189, 0
11, 190, 0
11, 191, 0
11, 192, 0
11, 193, 0
11, 194, 0
11, 195, 15
11, 196, 32
11, 197, 0
11, 198, 0
11, 199, 0
11, 200, 0
11, 201, 13
11, 202, 0
11, 203, 0
11, 204, 0
11, 205, 0
11, 206, 0
11, 207, 0
11, 208, 43
11, 209, 0
11, 210, 48
11, 211, 21
11, 212, 0
11, 213, 0
11, 214, 0
11, 215, 32
11, 216, 0
11, 217, 47
11, 218, 7
11, 219, 0
11, 220, 51
11, 221, 19
11, 222, 0
11, 223, 0
11, 224, 0
11, 225, 0
11, 226, 0
11, 227, 0
11, 228, 23
11, 229, 0
11, 230, 0
11, 231, 0
11, 232, 51
11, 233, 0
11, 234, 0
11, 235, 0
11, 236, 0
11, 237, 0
11, 238, 17
11, 239, 0
11, 240, 0
11, 241, 0
11, 242, 0
11, 243, 40
11, 244, 0
11, 245, 45
11, 246, 0
11, 247, 0
11, 248, 53
11, 249, 0
11, 250, 15
11, 251, 0
11, 252, 36
11, 253, 0
11, 254, 22
11, 255, 15
11, 256, 50
11, 257, 0
11, 258, 0
11, 259, 0
11, 260, 0
11, 261, 26
11, 262, 0
11, 263, 0
11, 264, 0
11, 265, 55
11, 266, 0
11, 267, 0
11, 268, 0
11, 269, 0
11, 270, 0
11, 271, 34
11, 272, 4
11, 273, 0
11, 274, 0
11, 275, 0
11, 276, 0
11, 277, 12
11, 278, 37
11, 279, 0
11, 280, 0
11, 281, 0
11, 282, 0
11, 283, 0
11, 284, 0
11, 285, 57
11, 286, 51
11, 287, 0
11, 288, 40
11, 289, 0
11, 290, 0
11, 291, 0
11, 292, 0
11, 293, 0
11, 294, 0
11, 295, 0
11, 296, 0
11, 297, 0
11, 298, 0
11, 299, 0
11, 300, 0
11, 301, 11
11, 302, 0
11, 303, 0
11, 304, 0
11, 305, 0
11, 306, 0
11, 307, 0
11, 308, 6
11, 309, 0
11, 310, 0
11, 311, 0
11, 312, 0
11, 313, 58
11, 314, 0
11, 315, 0
11, 316, 0
11, 317, 9
11, 318, 0
11, 319, 0
11, 320, 0
11, 321, 29
11, 322, 0
11, 323, 42
11, 324, 0
11, 325, 0
11, 326, 28
11, 327, 0
11, 328, 3
11, 329, 0
11, 330, 0
11, 331, 0
11, 332, 0
11, 333, 0
11, 334, 0
11, 335, 0
11, 336, 0
11, 337, 0
11, 338, 0
11, 339, 0
11, 340, 29
11, 341, 0
11, 342, 0
11, 343, 0
11, 344, 33
11, 345, 0
11, 346, 0
11, 347, 47
11, 348, 24
11, 349, 58
11, 350, 0
11, 351, 0
11, 352, 0
11, 353, 36
11, 354, 0
11, 355, 0
11, 356, 62
11, 357, 0
11, 358, 0
11, 359, 32
11, 360, 31
11, 361, 0
11, 362, 21
11, 363, 0
11, 364, 0
11, 365, 0
11, 366, 0
11, 367, 0
11, 368, 0
11, 369, 0
11, 370, 0
11, 371, 0
11, 372, 0
11, 373, 43
11, 374, 0
11, 375, 1
11, 376, 55
11, 377, 23
11, 378, 0
11, 379, 39
11, 380, 12
11, 381, 0
11, 382, 0
11, 383, 15
11, 384, 51
11, 385, 0
11, 386, 34
11, 387, 0
11, 388, 0
11, 389, 7
11, 390, 0
11, 391, 19
11, 392, 45
11, 393, 9
11, 394, 0
11, 395, 0
11, 396, 0
11, 397, 0
11, 398, 0
11, 399, 0
12, 0, 0
12, 1, 0
12, 2, 1
12, 3, 35
12, 4, 0
12, 5, 0
12, 6, 0
12, 7, 0
12, 8, 0
12, 9, 27
12, 10, 0
12, 11, 7
12, 12, 54
12, 13, 0
12, 14, 40
12, 15, 35
12, 16, 16
12, 17, 0
12, 18, 18
12, 19, 0
12, 20, 0
12, 21, 0
12, 22, 4
12, 23, 0
12, 24, 41
12, 25, 0
12, 26, 30
12, 27, 0
12, 28, 0
12, 29, 0
12, 30, 0
12, 31, 0
12, 32, 17
12, 33, 0
12, 34, 0
12, 35, 44
12, 36, 0
12, 37, 52
12, 38, 0
12, 39, 37
12, 40, 33
12, 41, 0
12, 42, 0
12, 43, 0
12, 44, 0
12, 45, 32
12, 46, 0
12, 47, 0
12, 48, 22
12, 49, 40
12, 50, 49
12, 51, 0
12, 52, 14
12, 53, 0
12, 54, 0
12, 55, 24
12, 56, 53
12, 57, 0
12, 58, 0
12, 59, 0
12, 60, 0
12, 61, 0
12, 62, 0
12, 63, 27
12, 64, 0
12, 65, 0
12, 66, 0
12, 67, 31
12, 68, 0
12, 69, 4
12, 70, 34
12, 71, 0
12, 72, 0
12, 73, 0
12, 74, 0
12, 75, 0
12, 76, 0
12, 77, 39
12, 78, 0
12, 79, 0
12, 80, 0
12, 81, 0
12, 82, 0
12, 83, 0
12, 84, 0
12, 85, 47
12, 86, 19
12, 87, 0
12, 88, 0
12, 89, 0
12, 90, 0
12, 91, 0
12, 92, 20
12, 93, 43
12, 94, 0
12, 95, 40
12, 96, 0
12, 97, 0
12, 98, 0
12, 99, 0
12, 100, 16
12, 101, 0
12, 102, 0
12, 103, 0
12, 104, 0
12, 105, 0
12, 106, 0
12, 107, 15
12, 108, 0
12, 109, 0
12, 110, 0
12, 111, 52
12, 112, 24
12, 113, 32
12, 114, 49
12, 115, 0
12, 116, 30
12, 117, 0
12, 118, 0
12, 119, 25
12, 120, 0
12, 121, 12
12, 122, 1
12, 123, 0
12, 124, 0
12, 125, 0
12, 126, 0
12, 127, 0
12, 128, 0
12, 129, 0
12, 130, 41
12, 131, 45
12, 132, 0
12, 133, 0
12, 134, 9
12, 135, 0
12, 136, 0
12, 137, 35
12, 138, 0
12, 139, 0
12, 140, 9
12, 141, 0
12, 142, 28
12, 143, 0
12, 144, 0
12, 145, 0
12, 146, 26
12, 147, 0
12, 148, 42
12, 149, 49
12, 150, 0
12, 151, 33
12, 152, 0
12, 153, 54
12, 154, 0
12, 155, 0
12, 156, 0
12, 157, 0
12, 158, 0
12, 159, 0
12, 160, 17
12, 161, 0
12, 162, 0
12, 163, 0
12, 164, 0
12, 165, 0
12, 166, 21
12, 167, 0
12, 168, 0
12, 169, 27
12, 170, 0
12, 171, 0
12, 172, 19
12, 173, 10
12, 174, 0
12, 175, 14
12, 176, 0
12, 177, 0
12, 178, 0
12, 179, 0
12, 180, 44
12, 181, 0
12, 182, 0
12, 183, 0
12, 184, 0
12, 185, 27
12, 186, 0
12, 187, 42
12, 188, 0
12, 189, 0
12, 190, 0
12, 191, 0
12, 192, 31
12, 193, 0
12, 194, 40
12, 195, 0
12, 196, 0
12, 197, 0
12, 198, 44
12, 199, 53
12, 200, 0
12, 201, 0
12, 202, 0
12, 203, 0
12, 204, 0
12, 205, 14
12, 206, 0
12, 207, 0
12, 208, 0
12, 209, 0
12, 210, 0
12, 211, 0
12, 212, 0
12, 213, 0
12, 214, 27
12, 215, 0
12, 216, 15
12, 217, 0
12, 218, 0
12, 219, 0
12, 220, 0
12, 221, 26
12, 222, 0
12, 223, 0
12, 224, 0
12, 225, 0
12, 226, 16
12, 227, 0
12, 228, 0
12, 229, 0
12, 230, 0
12, 231, 20
12, 232, 0
12, 233, 0
12, 234, 0
12, 235, 0
12, 236, 56
12, 237, 0
12, 238, 0
12, 239, 0
12, 240, 0
12, 241, 0
12, 242, 0
12, 243, 0
12, 244, 52
12, 245, 0
12, 246, 29
12, 247, 0
12, 248, 0
12, 249, 0
12, 250, 0
12, 251, 0
12, 252, 53
12, 253, 0
12, 254, 0
12, 255, 30
12, 256, 10
12, 257, 0
12, 258, 0
12, 259, 0
12, 260, 0
12, 261, 0
12, 262, 37
12, 263, 24
12, 264, 0
12, 265, 0
12, 266, 0
12, 267, 0
12, 268, 0
12, 269, 0
12, 270, 0
12, 271, 0
12, 272, 0
12, 273, 54
12, 274, 35
12, 275, 0
12, 276, 0
12, 277, 0
12, 278, 0
12, 279, 49
12, 280, 0
12, 281, 0
12, 282, 59
12, 283, 0
12, 284, 41
12, 285, 40
12, 286, 0
12, 287, 56
12, 288, 48
12, 289, 0
12, 290, 0
12, 291, 0
12, 292, 0
12, 293, 0
12, 294, 0
12, 295, 0
12, 296, 0
12, 297, 0
12, 298, 1
12, 299, 54
12, 300, 0
12, 301, 0
12, 302, 0
12, 303, 0
12, 304, 33
12, 305, 18
12, 306, 0
12, 307, 0
12, 308, 0
12, 309, 0
12, 310, 0
12, 311, 0
12, 312, 7
12, 313, 0
12, 314, 0
12, 315, 0
12, 316, 0
12, 317, 0
12, 318, 49
12, 319, 0
12, 320, 0
12, 321, 0
12, 322, 0
12, 323, 0
12, 324, 22
12, 325, 0
12, 326, 47
12, 327, 0
12, 328, 34
12, 329, 4
12, 330, 0
12, 331, 0
12, 332, 12
12, 333, 0
12, 334, 0
12, 335, 0
12, 336, 50
12, 337, 0
12, 338, 0
12, 339, 0
12, 340, 0
12, 341, 0
12, 342, 0
12, 343, 0
12, 344, 0
12, 345, 2
12, 346, 0
12, 347, 16
12, 348, 50
12, 349, 0
12, 350, 0
12, 351, 0
12, 352, 0
12, 353, 0
12, 354, 26
12, 355, 0
12, 356, 0
12, 357, 0
12, 358, 0
12, 359, 0
12, 360, 0
12, 361, 0
12, 362, 0
12, 363, 0
12, 364, 29
12, 365, 0
12, 366, 44
12, 367, 0
12, 368, 0
12, 369, 0
12, 370, 0
12, 371, 0
12, 372, 10
12, 373, 25
12, 374, 35
12, 375, 0
12, 376, 10
12, 377, 0
12, 378, 56
12, 379, 14
12, 380, 20
12, 381, 0
12, 382, 0
12, 383, 0
12, 384, 0
12, 385, 0
12, 386, 21
12, 387, 52
12, 388, 0
12, 389, 54
12, 390, 0
12, 391, 0
12, 392, 0
12, 393, 0
12, 394, 0
12, 395, 0
12, 396, 42
12, 397, 0
12, 398, 8
12, 399, 0
13, 0, 0
13, 1, 0
13, 2, 0
13, 3, 0
13, 4, 11
13, 5, 17
13, 6, 39
13, 7, 0
13, 8, 0
13, 9, 21
13, 10, 0
13, 11, 0
13, 12, 24
13, 13, 0
13, 14, 35
13, 15, 0
13, 16, 7
13, 17, 29
13, 18, 0
13, 19, 0
13, 20, 0
13, 21, 38
13, 22, 0
13, 23, 28
13, 24, 18
13, 25, 22
13, 26, 0
13, 27, 0
13, 28, 0
13, 29, 0
13, 30, 15
13, 31, 44
13, 32, 0
13, 33, 0
13, 34, 0
13, 35, 0
13, 36, 0
13, 37, 0
13, 38, 0
13, 39, 0
13, 40, 0
13, 41, 39
13, 42, 0
13, 43, 31
13, 44, 0
13, 45, 0
13, 46, 0
13, 47, 44
13, 48, 0
13, 49, 0
13, 50, 0
13, 51, 0
13, 52, 0
13, 53, 0
13, 54, 0
13, 55, 0
13, 56, 0
13, 57, 54
13, 58, 0
13, 59, 29
13, 60, 0
13, 61, 40
13, 62, 0
13, 63, 0
13, 64, 0
13, 65, 40
13, 66, 21
13, 67, 0
13, 68, 0
13, 69, 48
13, 70, 0
13, 71, 49
13, 72, 0
13, 73, 0
13, 74, 0
13, 75, 0
13, 76, 0
13, 77, 0
13, 78, 0
13, 79, 0
13, 80, 0
13, 81, 52
13, 82, 0
13, 83, 20
13, 84, 0
13, 85, 0
13, 86, 0
13, 87, 0
13, 88, 0
13, 89, 9
13, 90, 0
13, 91, 0
13, 92, 0
13, 93, 0
13, 94, 17
13, 95, 39
13, 96, 0
13, 97, 0
13, 98, 37
13, 99, 0
13, 100, 50
13, 101, 11
13, 102, 44
13, 103, 0
13, 104, 45
13, 105, 0
13, 106, 0
13, 107, 0
13, 108, 0
13, 109, 0
13, 110, 0
13, 111, 47
13, 112, 0
13, 113, 0
13, 114, 0
13, 115, 0
13, 116, 0
13, 117, 21
13, 118, 0
13, 119, 0
13, 120, 0
13, 121, 0
13, 122, 0
13, 123, 23
13, 124, 43
13, 125, 0
13, 126, 0
13, 127, 6
13, 128, 0
13, 129, 7
13, 130, 14
13, 131, 0
13, 132, 35
13, 133, 24
13, 134, 0
13, 135, 0
13, 136, 0
13, 137, 4
13, 138, 46
13, 139, 0
13, 140, 0
13, 141, 25
13, 142, 0
13, 143, 0
13, 144, 32
13, 145, 0
13, 146, 0
13, 147, 0
13, 148, 18
13, 149, 0
13, 150, 5
13, 151, 0
13, 152, 40
13, 153, 0
13, 154, 26
13, 155, 0
13, 156, 0
13, 157, 0
13, 158, 20
13, 159, 0
13, 160, 19
13, 161, 0
13, 162, 0
13, 163, 0
13, 164, 47
13, 165, 0
13, 166, 0
13, 167, 0
13, 168, 0
13, 169, 0
13, 170, 0
13, 171, 0
13, 172, 0
13, 173, 21
13, 174, 0
13, 175, 0
13, 176, 48
13, 177, 0
13, 178, 0
13, 179, 0
13, 180, 0
13, 181, 0
13, 182, 0
13, 183, 0
13, 184, 20
13, 185, 14
13, 186, 22
13, 187, 0
13, 188, 0
13, 189, 0
13, 190, 0
13, 191, 0
13, 192, 0
13, 193, 0
13, 194, 0
13, 195, 12
13, 196, 0
13, 197, 0
13, 198, 0
13, 199, 54
13, 200, 0
13, 201, 24
13, 202, 0
13, 203, 0
13, 204, 44
13, 205, 36
13, 206, 0
13, 207, 0
13, 208, 44
13, 209, 52
13, 210, 0
13, 211, 0
13, 212, 29
13, 213, 35
13, 214, 0
13, 215, 0
13, 216, 0
13, 217, 35
13, 218, 0
13, 219, 0
13, 220, 0
13, 221, 0
13, 222, 39
13, 223, 0
13, 224, 25
13, 225, 0
13, 226, 0
13, 227, 0
13, 228, 0
13, 229, 9
13, 230, 0
13, 231, 0
13, 232, 0
13, 233, 0
13, 234, 23
13, 235, 28
13, 236, 0
13, 237, 0
13, 238, 49
13, 239, 0
13, 240, 0
13, 241, 50
13, 242, 0
13, 243, 0
13, 244, 0
13, 245, 0
13, 246, 0
13, 247, 0
13, 248, 0
13, 249, 0
13, 250, 0
13, 251, 0
13, 252, 8
13, 253, 0
13, 254, 0
13, 255, 0
13, 256, 0
13, 257, 40
13, 258, 0
13, 259, 0
13, 260, 0
13, 261, 0
13, 262, 17
13, 263, 0
13, 264, 0
13, 265, 0
13, 266, 25
13, 267, 48
13, 268, 15
13, 269, 0
13, 270, 0
13, 271, 0
13, 272, 0
13, 273, 0
13, 274, 0
13, 275, 8
13, 276, 24
13, 277, 0
13, 278, 0
13, 279, 0
13, 280, 46
13, 281, 0
13, 282, 0
13, 283, 31
13, 284, 0
13, 285, 0
13, 286, 38
13, 287, 0
13, 288, 45
13, 289, 0
13, 290, 36
13, 291, 0
13, 292, 43
13, 293, 18
13, 294, 0
13, 295, 0
13, 296, 0
13, 297, 55
13, 298, 0
13, 299, 23
13, 300, 0
13, 301, 0
13, 302, 0
13, 303, 0
13, 304, 32
13, 305, 0
13, 306, 0
13, 307, 37
13, 308, 0
13, 309, 6
13, 310, 0
13, 311, 46
13, 312, 20
13, 313, 50
13, 314, 0
13, 315, 0
13, 316, 0
13, 317, 52
13, 318, 0
13, 319, 0
13, 320, 0
13, 321, 23
13, 322, 14
13, 323, 28
13, 324, 54
13, 325, 0
13, 326, 0
13, 327, 0
13, 328, 0
13, 329, 0
13, 330, 0
13, 331, 0
13, 332, 21
13, 333, 22
13, 334, 0
13, 335, 0
13, 336, 0
13, 337, 22
13, 338, 0
13, 339, 8
13, 340, 40
13, 341, 0
13, 342, 0
13, 343, 0
13, 344, 5
13, 345, 48
13, 346, 19
13, 347, 22
13, 348, 0
13, 349, 35
13, 350, 0
13, 351, 0
13, 352, 24
13, 353, 47
13, 354, 0
13, 355, 44
13, 356, 0
13, 357, 6
13, 358, 0
13, 359, 0
13, 360, 0
13, 361, 0
13, 362, 0
13, 363, 0
13, 364, 20
13, 365, 0
13, 366, 37
13, 367, 11
13, 368, 0
13, 369, 0
13, 370, 17
13, 371, 0
13, 372, 23
13, 373, 0
13, 374, 14
13, 375, 0
13, 376, 0
13, 377, 0
13, 378, 39
13, 379, 4
13, 380, 0
13, 381, 0
13, 382, 0
13, 383, 54
13, 384, 0
13, 385, 0
13, 386, 0
13, 387, 0
13, 388, 0
13, 389, 0
13, 390, 0
13, 391, 0
13, 392, 0
13, 393, 0
13, 394, 0
13, 395, 8
13, 396, 0
13, 397, 0
13, 398, 0
13, 399, 12
14, 0, 0
14, 1, 42
14, 2, 0
14, 3, 0
14, 4, 0
14, 5, 0
14, 6, 0
14, 7, 0
14, 8, 0
14, 9, 0
14, 10, 0
14, 11, 0
14, 12, 0
14, 13, 19
14, 14, 0
14, 15, 0
14, 16, 0
14, 17, 0
14, 18, 0
14, 19, 41
14, 20, 50
14, 21, 0
14, 22, 13
14, 23, 9
14, 24, 48
14, 25, 35
14, 26, 23
14, 27, 36
14, 28, 0
14, 29, 0
14, 30, 10
14, 31, 0
14, 32, 49
14, 33, 0
14, 34, 0
14, 35, 0
14, 36, 43
14, 37, 0
14, 38, 0
14, 39, 51
14, 40, 0
14, 41, 0
14, 42, 0
14, 43, 0
14, 44, 0
14, 45, 0
14, 46, 0
14, 47, 30
14, 48, 0
14, 49, 0
14, 50, 46
14, 51, 31
14, 52, 1
14, 53, 0
14, 54, 0
14, 55, 0
14, 56, 0
14, 57, 32
14, 58, 0
14, 59, 0
14, 60, 0
14, 61, 0
14, 62, 0
14, 63, 0
14, 64, 0
14, 65, 0
14, 66, 0
14, 67, 0
14, 68, 0
14, 69, 0
14, 70, 15
14, 71, 0
14, 72, 0
14, 73, 57
14, 74, 38
14, 75, 45
14, 76, 20
14, 77, 48
14, 78, 0
14, 79, 0
14, 80, 51
14, 81, 33
14, 82, 0
14, 83, 58
14, 84, 0
14, 85, 0
14, 86, 19
14, 87, 28
14, 88, 0
14, 89, 0
14, 90, 0
14, 91, 0
14, 92, 0
14, 93, 0
14, 94, 50
14, 95, 30
14, 96, 1
14, 97, 42
14, 98, 41
14, 99, 0
14, 100, 0
14, 101, 0
14, 102, 54
14, 103, 0
14, 104, 0
14, 105, 35
14, 106, 0
14, 107, 0
14, 108, 0
14, 109, 0
14, 110, 13
14, 111, 0
14, 112, 46
14, 113, 0
14, 114, 0
14, 115, 15
14, 116, 0
14, 117, 0
14, 118, 0
14, 119, 0
14, 120, 0
14, 121, 0
14, 122, 11
14, 123, 4
14, 124, 10
14, 125, 0
14, 126, 0
14, 127, 0
14, 128, 37
14, 129, 0
14, 130, 0
14, 131, 0
14, 132, 23
14, 133, 0
14, 134, 0
14, 135, 55
14, 136, 0
14, 137, 0
14, 138, 0
14, 139, 0
14, 140, 0
14, 141, 0
14, 142, 0
14, 143, 0
14, 144, 49
14, 145, 0
14, 146, 0
14, 147, 30
14, 148, 0
14, 149, 0
14, 150, 0
14, 151, 0
14, 152, 57
14, 153, 0
14, 154, 0
14, 155, 0
14, 156, 0
14, 157, 44
14, 158, 0
14, 159, 0
14, 160, 0
14, 161, 48
14, 162, 0
14, 163, 0
14, 164, 0
14, 165, 0
14, 166, 0
14, 167, 0
14, 168, 33
14, 169, 0
14, 170, 0
14, 171, 31
14, 172, 0
14, 173, 0
14, 174, 0
14, 175, 0
14, 176, 0
14, 177, 0
14, 178, 0
14, 179, 0
14, 180, 0
14, 181, 0
14, 182, 51
14, 183, 25
14, 184, 0
14, 185, 0
14, 186, 0
14, 187, 0
14, 188, 37
14, 189, 0
14, 190, 0
14, 191, 37
14, 192, 0
14, 193, 0
14, 194, 41
14, 195, 0
14, 196, 45
14, 197, 16
14, 198, 0
14, 199, 0
14, 200, 13
14, 201, 0
14, 202, 0
14, 203, 18
14, 204, 0
14, 205, 62
14, 206, 0
14, 207, 18
14, 208, 15
14, 209, 0
14, 210, 41
14, 211, 0
14, 212, 0
14, 213, 40
14, 214, 0
14, 215, 38
14, 216, 0
14, 217, 0
14, 218, 50
14, 219, 0
14, 220, 15
14, 221, 0
14, 222, 0
14, 223, 0
14, 224, 19
14, 225, 46
14, 226, 50
14, 227, 55
14, 228, 0
14, 229, 0
14, 230, 0
14, 231, 33
14, 232, 0
14, 233, 44
14, 234, 0
14, 235, 41
14, 236, 0
14, 237, 0
14, 238, 0
14, 239, 0
14, 240, 58
14, 241, 0
14, 242, 0
14, 243, 0
14, 244, 0
14, 245, 0
14, 246, 19
14, 247, 40
14, 248, 21
14, 249, 35
14, 250, 0
14, 251, 0
14, 252, 0
14, 253, 0
14, 254, 0
14, 255, 0
14, 256, 19
14, 257, 0
14, 258, 0
14, 259, 0
14, 260, 51
14, 261, 0
14, 262, 0
14, 263, 21
14, 264, 0
14, 265, 28
14, 266, 0
14, 267, 27
14, 268, 0
14, 269, 23
14, 270, 0
14, 271, 0
14, 272, 0
14, 273, 0
14, 274, 0
14, 275, 25
14, 276, 0
14, 277, 11
14, 278, 0
14, 279, 0
14, 280, 36
14, 281, 36
14, 282, 0
14, 283, 0
14, 284, 0
14, 285, 0
14, 286, 0
14, 287, 0
14, 288, 0
14, 289, 0
14, 290, 0
14, 291, 0
14, 292, 42
14, 293, 0
14, 294, 0
14, 295, 54
14, 296, 5
14, 297, 0
14, 298, 0
14, 299, 0
14, 300, 0
14, 301, 0
14, 302, 0
14, 303, 0
14, 304, 44
14, 305, 0
14, 306, 0
14, 307, 46
14, 308, 0
14, 309, 43
14, 310, 0
14, 311, 0
14, 312, 0
14, 313, 13
14, 314, 0
14, 315, 38
14, 316, 15
14, 317, 0
14, 318, 0
14, 319, 0
14, 320, 0
14, 321, 0
14, 322, 0
14, 323, 0
14, 324, 0
14, 325, 0
14, 326, 0
14, 327, 28
14, 328, 0
14, 329, 0
14, 330, 0
14, 331, 0
14, 332, 37
14, 333, 0
14, 334, 0
14, 335, 0
14, 336, 0
14, 337, 0
14, 338, 1
14, 339, 0
14, 340, 57
14, 341, 0
14, 342, 62
14, 343, 0
14, 344, 0
14, 345, 38
14, 346, 0
14, 347, 0
14, 348, 0
14, 349, 0
14, 350, 0
14, 351, 0
14, 352, 50
14, 353, 45
14, 354, 0
14, 355, 0
14, 356, 0
14, 357, 0
14, 358, 0
14, 359, 18
14, 360, 0
14, 361, 0
14, 362, 0
14, 363, 0
14, 364, 0
14, 365, 0
14, 366, 0
14, 367, 5
14, 368, 0
14, 369, 55
14, 370, 0
14, 371, 0
14, 372, 42
14, 373, 0
14, 374, 46
14, 375, 0
14, 376, 0
14, 377, 0
14, 378, 15
14, 379, 0
14, 380, 31
14, 381, 51
14, 382, 0
14, 383, 0
14, 384, 0
14, 385, 0
14, 386, 0
14, 387, 19
14, 388, 0
14, 389, 0
14, 390, 0
14, 391, 40
14, 392, 0
14, 393, 0
14, 394, 0
14, 395, 16
14, 396, 0
14, 397, 0
14, 398, 0
14, 399, 0
15, 0, 0
15, 1, 0
15, 2, 43
15, 3, 32
15, 4, 0
15, 5, 34
15, 6, 0
15, 7, 0
15, 8, 11
15, 9, 52
15, 10, 9
15, 11, 0
15, 12, 0
15, 13, 0
15, 14, 0
15, 15, 25
15, 16, 0
15, 17, 0
15, 18, 0
15, 19, 0
15, 20, 0
15, 21, 0
15, 22, 0
15, 23, 16
15, 24, 0
15, 25, 0
15, 26, 0
15, 27, 21
15, 28, 0
15, 29, 0
15, 30, 0
15, 31, 0
15, 32, 35
15, 33, 0
15, 34, 0
15, 35, 25
15, 36, 0
15, 37, 7
15, 38, 47
15, 39, 3
15, 40, 0
15, 41, 0
15, 42, 0
15, 43, 38
15, 44, 42
15, 45, 51
15, 46, 0
15, 47, 0
15, 48, 26
15, 49, 0
15, 50, 0
15, 51, 0
15, 52, 0
15, 53, 0
15, 54, 0
15, 55, 8
15, 56, 53
15, 57, 0
15, 58, 0
15, 59, 34
15, 60, 0
15, 61, 37
15, 62, 0
15, 63, 23
15, 64, 25
15, 65, 36
15, 66, 0
15, 67, 0
15, 68, 0
15, 69, 1
15, 70, 15
15, 71, 32
15, 72, 0
15, 73, 0
15, 74, 0
15, 75, 0
15, 76, 22
15, 77, 0
15, 78, 0
15, 79, 0
15, 80, 44
15, 81, 56
15, 82, 0
15, 83, 0
15, 84, 28
15, 85, 0
15, 86, 20
15, 87, 0
15, 88, 0
15, 89, 0
15, 90, 0
15, 91, 42
15, 92, 0
15, 93, 36
15, 94, 0
15, 95, 0
15, 96, 0
15, 97, 47
15, 98, 3
15, 99, 0
15, 100, 0
15, 101, 0
15, 102, 0
15, 103, 7
15, 104, 0
15, 105, 9
15, 106, 10
15, 107, 0
15, 108, 0
15, 109, 38
15, 110, 7
15, 111, 0
15, 112, 28
15, 113, 0
15, 114, 52
15, 115, 0
15, 116, 0
15, 117, 0
15, 118, 0
15, 119, 53
15, 120, 0
15, 121, 6
15, 122, 0
15, 123, 0
15, 124, 0
15, 125, 41
15, 126, 46
15, 127, 0
15, 128, 0
15, 129, 0
15, 130, 0
15, 131, 0
15, 132, 0
15, 133, 0
15, 134, 7
15, 135, 55
15, 136, 0
15, 137, 0
15, 138, 16
15, 139, 0
15, 140, 0
15, 141, 0
15, 142, 0
15, 143, 0
15, 144, 0
15, 145, 19
15, 146, 43
15, 147, 0
15, 148, 0
15, 149, 0
15, 150, 0
15, 151, 42
15, 152, 0
15, 153, 52
15, 154, 0
15, 155, 0
15, 156, 0
15, 157, 0
15, 158, 0
15, 159, 0
15, 160, 0
15, 161, 0
15, 162, 44
15, 163, 0
15, 164, 0
15, 165, 0
15, 166, 0
15, 167, 43
15, 168, 0
15, 169, 24
15, 170, 0
15, 171, 35
15, 172, 0
15, 173, 52
15, 174, 0
15, 175, 0
15, 176, 0
15, 177, 35
15, 178, 23
15, 179, 0
15, 180, 0
15, 181, 0
15, 182, 14
15, 183, 0
15, 184, 43
15, 185, 0
15, 186, 0
15, 187, 31
15, 188, 0
15, 189, 0
15, 190, 25
15, 191, 26
15, 192, 43
15, 193, 0
15, 194, 0
15, 195, 0
15, 196, 0
15, 197, 0
15, 198, 0
15, 199, 27
15, 200, 48
15, 201, 55
15, 202, 0
15, 203, 59
15, 204, 0
15, 205, 0
15, 206, 0
15, 207, 0
15, 208, 0
15, 209, 0
15, 210, 0
15, 211, 0
15, 212, 56
15, 213, 0
15, 214, 0
15, 215, 0
15, 216, 0
15, 217, 0
15, 218, 0
15, 219, 0
15, 220, 0
15, 221, 53
15, 222, 0
15, 223, 0
15, 224, 0
15, 225, 0
15, 226, 0
15, 227, 0
15, 228, 0
15, 229, 0
15, 230, 0
15, 231, 0
15, 232, 0
15, 233, 0
15, 234, 0
15, 235, 0
15, 236, 0
15, 237, 37
15, 238, 0
15, 239, 0
15, 240, 0
15, 241, 41
15, 242, 0
15, 243, 0
15, 244, 0
15, 245, 47
15, 246, 0
15, 247, 0
15, 248, 0
15, 249, 19
15, 250, 55
15, 251, 0
15, 252, 0
15, 253, 0
15, 254, 0
15, 255, 0
15, 256, 0
15, 257, 0
15, 258, 52
15, 259, 0
15, 260, 0
15, 261, 36
15, 262, 38
15, 263, 0
15, 264, 0
15, 265, 31
15, 266, 0
15, 267, 37
15, 268, 28
15, 269, 0
15, 270, 55
15, 271, 46
15, 272, 0
15, 273, 1
15, 274, 0
15, 275, 0
15, 276, 29
15, 277, 0
15, 278, 40
15, 279, 0
15, 280, 0
15, 281, 0
15, 282, 0
15, 283, 51
15, 284, 0
15, 285, 11
15, 286, 0
15, 287, 0
15, 288, 0
15, 289, 14
15, 290, 16
15, 291, 0
15, 292, 0
15, 293, 44
15, 294, 11
15, 295, 0
15, 296, 53
15, 297, 0
15, 298, 0
15, 299, 42
15, 300, 0
15, 301, 0
15, 302, 0
15, 303, 0
15, 304, 0
15, 305, 0
15, 306, 0
15, 307, 0
15, 308, 0
15, 309, 31
15, 310, 0
15, 311, 59
15, 312, 25
15, 313, 0
15, 314, 24
15, 315, 0
15, 316, 34
15, 317, 0
15, 318, 0
15, 319, 0
15, 320, 0
15, 321, 0
15, 322, 0
15, 323, 0
15, 324, 0
15, 325, 41
15, 326, 0
15, 327, 52
15, 328, 43
15, 329, 0
15, 330, 0
15, 331, 0
15, 332, 0
15, 333, 28
15, 334, 0
15, 335, 11
15, 336, 0
15, 337, 0
15, 338, 0
15, 339, 38
15, 340, 0
15, 341, 26
15, 342, 24
15, 343, 12
15, 344, 0
15, 345, 21
15, 346, 0
15, 347, 0
15, 348, 0
15, 349, 40
15, 350, 0
15, 351, 0
15, 352, 0
15, 353, 55
15, 354, 0
15, 355, 0
15, 356, 51
15, 357, 3
15, 358, 37
15, 359, 0
15, 360, 0
15, 361, 0
15, 362, 0
15, 363, 0
15, 364, 0
15, 365, 16
15, 366, 0
15, 367, 0
15, 368, 0
15, 369, 0
15, 370, 35
15, 371, 48
15, 372, 0
15, 373, 0
15, 374, 0
15, 375, 0
15, 376, 0
15, 377, 55
15, 378, 0
15, 379, 0
15, 380, 26
15, 381, 38
15, 382, 0
15, 383, 0
15, 384, 0
15, 385, 0
15, 386, 0
15, 387, 19
15, 388, 0
15, 389, 31
15, 390, 0
15, 391, 8
15, 392, 1
15, 393, 0
15, 394, 0
15, 395, 17
15, 396, 0
15, 397, 47
15, 398, 0
15, 399, 53
16, 0, 0
16, 1, 0
16, 2, 0
16, 3, 0
16, 4, 9
16, 5, 14
16, 6, 0
16, 7, 0
16, 8, 0
16, 9, 0
16, 10, 48
16, 11, 0
16, 12, 0
16, 13, 0
16, 14, 0
16, 15, 0
16, 16, 0
16, 17, 0
16, 18, 49
16, 19, 0
16, 20, 0
16, 21, 21
16, 22, 28
16, 23, 0
16, 24, 0
16, 25, 0
16, 26, 0
16, 27, 32
16, 28, 0
16, 29, 3
16, 30, 10
16, 31, 28
16, 32, 34
16, 33, 0
16, 34, 0
16, 35, 15
16, 36, 0
16, 37, 22
16, 38, 0
16, 39, 0
16, 40, 16
16, 41, 0
16, 42, 23
16, 43, 0
16, 44, 0
16, 45, 0
16, 46, 0
16, 47, 12
16, 48, 0
16, 49, 0
16, 50, 36
16, 51, 0
16, 52, 0
16, 53, 0
16, 54, 0
16, 55, 0
16, 56, 0
16, 57, 0
16, 58, 0
16, 59, 20
16, 60, 17
16, 61, 0
16, 62, 0
16, 63, 57
16, 64, 0
16, 65, 0
16, 66, 7
16, 67, 38
16, 68, 5
16, 69, 0
16, 70, 0
16, 71, 0
16, 72, 0
16, 73, 51
16, 74, 57
16, 75, 0
16, 76, 0
16, 77, 0
16, 78, 0
16, 79, 0
16, 80, 32
16, 81, 0
16, 82, 0
16, 83, 0
16, 84, 5
16, 85, 26
16, 86, 1
16, 87, 0
16, 88, 0
16, 89, 14
16, 90, 0
16, 91, 0
16, 92, 0
16, 93, 0
16, 94, 0
16, 95, 0
16, 96, 0
16, 97, 0
16, 98, 53
16, 99, 0
16, 100, 0
16, 101, 12
16, 102, 0
16, 103, 0
16, 104, 0
16, 105, 0
16, 106, 0
16, 107, 0
16, 108, 48
16, 109, 10
16, 110, 0
16, 111, 0
16, 112, 36
16, 113, 31
16, 114, 0
16, 115, 0
16, 116, 0
16, 117, 0
16, 118, 0
16, 119, 0
16, 120, 0
16, 121, 0
16, 122, 0
16, 123, 0
16, 124, 51
16, 125, 0
16, 126, 0
16, 127, 0
16, 128, 1
16, 129, 22
16, 130, 0
16, 131, 40
16, 132, 0
16, 133, 0
16, 134, 0
16, 135, 0
16, 136, 42
16, 137, 8
16, 138, 0
16, 139, 0
16, 140, 0
16, 141, 0
16, 142, 0
16, 143, 0
16, 144, 0
16, 145, 0
16, 146, 0
16, 147, 0
16, 148, 14
16, 149, 15
16, 150, 39
16, 151, 9
16, 152, 0
16, 153, 0
16, 154, 16
16, 155, 0
16, 156, 30
16, 157, 0
16, 158, 0
16, 159, 0
16, 160, 20
16, 161, 0
16, 162, 0
16, 163, 48
16, 164, 0
16, 165, 0
16, 166, 0
16, 167, 0
16, 168, 0
16, 169, 0
16, 170, 0
16, 171, 0
16, 172, 0
16, 173, 0
16, 174, 0
16, 175, 31
16, 176, 0
16, 177, 46
16, 178, 0
16, 179, 0
16, 180, 52
16, 181, 0
16, 182, 0
16, 183, 0
16, 184, 0
16, 185, 49
16, 186, 0
16, 187, 0
16, 188, 0
16, 189, 0
16, 190, 0
16, 191, 0
16, 192, 32
16, 193, 38
16, 194, 0
16, 195, 0
16, 196, 40
16, 197, 0
16, 198, 0
16, 199, 0
16, 200, 0
16, 201, 17
16, 202, 0
16, 203, 0
16, 204, 0
16, 205, 42
16, 206, 0
16, 207, 27
16, 208, 36
16, 209, 0
16, 210, 0
16, 211, 34
16, 212, 0
16, 213, 0
16, 214, 12
16, 215, 42
16, 216, 0
16, 217, 34
16, 218, 0
16, 219, 0
16, 220, 0
16, 221, 0
16, 222, 0
16, 223, 0
16, 224, 0
16, 225, 33
16, 226, 0
16, 227, 14
16, 228, 0
16, 229, 0
16, 230, 10
16, 231, 24
16, 232, 0
16, 233, 0
16, 234, 50
16, 235, 0
16, 236, 0
16, 237, 26
16, 238, 0
16, 239, 0
16, 240, 0
16, 241, 0
16, 242, 0
16, 243, 0
16, 244, 0
16, 245, 35
16, 246, 0
16, 247, 0
16, 248, 0
16, 249, 0
16, 250, 49
16, 251, 0
16, 252, 0
16, 253, 5
16, 254, 0
16, 255, 0
16, 256, 0
16, 257, 27
16, 258, 53
16, 259, 0
16, 260, 12
16, 261, 0
16, 262, 0
16, 263, 32
16, 264, 0
16, 265, 31
16, 266, 0
16, 267, 0
16, 268, 0
16, 269, 0
16, 270, 0
16, 271, 0
16, 272, 0
16, 273, 0
16, 274, 0
16, 275, 0
16, 276, 0
16, 277, 17
16, 278, 32
16, 279, 8
16, 280, 46
16, 281, 0
16, 282, 0
16, 283, 0
16, 284, 15
16, 285, 0
16, 286, 0
16, 287, 0
16, 288, 0
16, 289, 0
16, 290, 7
16, 291, 0
16, 292, 56
16, 293, 0
16, 294, 28
16, 295, 0
16, 296, 39
16, 297, 0
16, 298, 16
16, 299, 25
16, 300, 0
16, 301, 0
16, 302, 30
16, 303, 0
16, 304, 0
16, 305, 0
16, 306, 20
16, 307, 0
16, 308, 40
16, 309, 0
16, 310, 0
16, 311, 3
16, 312, 0
16, 313, 0
16, 314, 36
16, 315, 0
16, 316, 48
16, 317, 0
16, 318, 0
16, 319, 0
16, 320, 0
16, 321, 0
16, 322, 0
16, 323, 12
16, 324, 0
16, 325, 57
16, 326, 0
16, 327, 0
16, 328, 50
16, 329, 0
16, 330, 0
16, 331, 0
16, 332, 27
16, 333, 0
16, 334, 0
16, 335, 0
16, 336, 0
16, 337, 0
16, 338, 6
16, 339, 0
16, 340, 31
16, 341, 0
16, 342, 51
16, 343, 1
16, 344, 42
16, 345, 21
16, 346, 0
16, 347, 28
16, 348, 0
16, 349, 0
16, 350, 52
16, 351, 38
16, 352, 24
16, 353, 0
16, 354, 0
16, 355, 0
16, 356, 0
16, 357, 0
16, 358, 0
16, 359, 0
16, 360, 0
16, 361, 10
16, 362, 28
16, 363, 0
16, 364, 0
16, 365, 0
16, 366, 15
16, 367, 0
16, 368, 36
16, 369, 0
16, 370, 0
16, 371, 0
16, 372, 0
16, 373, 32
16, 374, 0
16, 375, 0
16, 376, 0
16, 377, 0
16, 378, 0
16, 379, 0
16, 380, 0
16, 381, 34
16, 382, 0
16, 383, 0
16, 384, 8
16, 385, 0
16, 386, 0
16, 387, 27
16, 388, 0
16, 389, 0
16, 390, 0
16, 391, 0
16, 392, 0
16, 393, 39
16, 394, 0
16, 395, 0
16, 396, 0
16, 397, 0
16, 398, 0
16, 399, 0
17, 0, 0
17, 1, 0
17, 2, 0
17, 3, 45
17, 4, 0
17, 5, 0
17, 6, 0
17, 7, 8
17, 8, 0
17, 9, 0
17, 10, 0
17, 11, 39
17, 12, 55
17, 13, 60
17, 14, 41
17, 15, 0
17, 16, 0
17, 17, 0
17, 18, 0
17, 19, 0
17, 20, 0
17, 21, 0
17, 22, 0
17, 23, 13
17, 24, 31
17, 25, 0
17, 26, 0
17, 27, 0
17, 28, 50
17, 29, 0
17, 30, 40
17, 31, 0
17, 32, 0
17, 33, 0
17, 34, 44
17, 35, 0
17, 36, 0
17, 37, 33
17, 38, 6
17, 39, 0
17, 40, 18
17, 41, 0
17, 42, 0
17, 43, 0
17, 44, 0
17, 45, 3
17, 46, 0
17, 47, 8
17, 48, 0
17, 49, 0
17, 50, 0
17, 51, 0
17, 52, 0
17, 53, 0
17, 54, 0
17, 55, 0
17, 56, 0
17, 57, 0
17, 58, 0
17, 59, 0
17, 60, 0
17, 61, 0
17, 62, 17
17, 63, 0
17, 64, 1
17, 65, 0
17, 66, 13
17, 67, 47
17, 68, 0
17, 69, 0
17, 70, 42
17, 71, 25
17, 72, 51
17, 73, 0
17, 74, 35
17, 75, 0
17, 76, 0
17, 77, 25
17, 78, 0
17, 79, 0
17, 80, 0
17, 81, 0
17, 82, 53
17, 83, 15
17, 84, 38
17, 85, 0
17, 86, 9
17, 87, 0
17, 88, 11
17, 89, 32
17, 90, 0
17, 91, 0
17, 92, 0
17, 93, 55
17, 94, 0
17, 95, 0
17, 96, 28
17, 97, 0
17, 98, 15
17, 99, 0
17, 100, 0
17, 101, 0
17, 102, 50
17, 103, 0
17, 104, 0
17, 105, 0
17, 106, 13
17, 107, 18
17, 108, 39
17, 109, 0
17, 110, 0
17, 111, 0
17, 112, 0
17, 113, 30
17, 114, 43
17, 115, 0
17, 116, 0
17, 117, 31
17, 118, 0
17, 119, 0
17, 120, 0
17, 121, 0
17, 122, 21
17, 123, 0
17, 124, 0
17, 125, 0
17, 126, 1
17, 127, 0
17, 128, 0
17, 129, 0
17, 130, 0
17, 131, 0
17, 132, 0
17, 133, 0
17, 134, 0
17, 135, 0
17, 136, 0
17, 137, 0
17, 138, 0
17, 139, 0
17, 140, 44
17, 141, 0
17, 142, 0
17, 143, 0
17, 144, 18
17, 145, 0
17, 146, 0
17, 147, 0
17, 148, 28
17, 149, 0
17, 150, 51
17, 151, 0
17, 152, 0
17, 153, 0
17, 154, 0
17, 155, 37
17, 156, 0
17, 157, 0
17, 158, 44
17, 159, 0
17, 160, 29
17, 161, 0
17, 162, 0
17, 163, 0
17, 164, 0
17, 165, 0
17, 166, 0
17, 167, 0
17, 168, 0
17, 169, 0
17, 170, 0
17, 171, 0
17, 172, 0
17, 173, 53
17, 174, 0
17, 175, 0
17, 176, 0
17, 177, 0
17, 178, 31
17, 179, 0
17, 180, 17
17, 181, 53
17, 182, 0
17, 183, 43
17, 184, 0
17, 185, 40
17, 186, 0
17, 187, 0
17, 188, 0
17, 189, 0
17, 190, 0
17, 191, 53
17, 192, 0
17, 193, 43
17, 194, 0
17, 195, 0
17, 196, 0
17, 197, 0
17, 198, 0
17, 199, 0
17, 200, 0
17, 201, 0
17, 202, 25
17, 203, 0
17, 204, 0
17, 205, 0
17, 206, 0
17, 207, 42
17, 208, 47
17, 209, 0
17, 210, 0
17, 211, 50
17, 212, 0
17, 213, 0
17, 214, 45
17, 215, 21
17, 216, 51
17, 217, 11
17, 218, 0
17, 219, 0
17, 220, 0
17, 221, 42
17, 222, 0
17, 223, 0
17, 224, 0
17, 225, 0
17, 226, 45
17, 227, 55
17, 228, 0
17, 229, 0
17, 230, 0
17, 231, 0
17, 232, 0
17, 233, 0
17, 234, 0
17, 235, 0
17, 236, 0
17, 237, 0
17, 238, 0
17, 239, 16
17, 240, 0
17, 241, 0
17, 242, 0
17, 243, 0
17, 244, 0
17, 245, 0
17, 246, 0
17, 247, 0
17, 248, 0
17, 249, 29
17, 250, 0
17, 251, 14
17, 252, 39
17, 253, 0
17, 254, 0
17, 255, 41
17, 256, 0
17, 257, 0
17, 258, 0
17, 259, 0
17, 260, 0
17, 261, 0
17, 262, 0
17, 263, 46
17, 264, 38
17, 265, 0
17, 266, 37
17, 267, 0
17, 268, 0
17, 269, 0
17, 270, 0
17, 271, 0
17, 272, 46
17, 273, 0
17, 274, 0
17, 275, 0
17, 276, 38
17, 277, 54
17, 278, 0
17, 279, 0
17, 280, 0
17, 281, 0
17, 282, 47
17, 283, 0
17, 284, 43
17, 285, 0
17, 286, 0
17, 287, 0
17, 288, 34
17, 289, 1
17, 290, 0
17, 291, 0
17, 292, 0
17, 293, 35
17, 294, 0
17, 295, 0
17, 296, 0
17, 297, 0
17, 298, 0
17, 299, 0
17, 300, 0
17, 301, 0
17, 302, 18
17, 303, 0
17, 304, 0
17, 305, 53
17, 306, 0
17, 307, 0
17, 308, 17
17, 309, 15
17, 310, 50
17, 311, 0
17, 312, 0
17, 313, 0
17, 314, 0
17, 315, 55
17, 316, 0
17, 317, 0
17, 318, 46
17, 319, 0
17, 320, 0
17, 321, 0
17, 322, 34
17, 323, 0
17, 324, 0
17, 325, 35
17, 326, 55
17, 327, 3
17, 328, 0
17, 329, 0
17, 330, 0
17, 331, 0
17, 332, 0
17, 333, 51
17, 334, 0
17, 335, 0
17, 336, 22
17, 337, 0
17, 338, 25
17, 339, 0
17, 340, 0
17, 341, 0
17, 342, 28
17, 343, 0
17, 344, 0
17, 345, 21
17, 346, 0
17, 347, 44
17, 348, 0
17, 349, 0
17, 350, 0
17, 351, 0
17, 352, 0
17, 353, 43
17, 354, 9
17, 355, 0
17, 356, 0
17, 357, 0
17, 358, 0
17, 359, 40
17, 360, 0
17, 361, 0
17, 362, 14
17, 363, 0
17, 364, 0
17, 365, 0
17, 366, 0
17, 367, 0
17, 368, 0
17, 369, 0
17, 370, 0
17, 371, 0
17, 372, 0
17, 373, 0
17, 374, 38
17, 375, 0
17, 376, 0
17, 377, 0
17, 378, 0
17, 379, 0
17, 380, 0
17, 381, 1
17, 382, 0
17, 383, 0
17, 384, 0
17, 385, 0
17, 386, 0
17, 387, 21
17, 388, 0
17, 389, 0
17, 390, 0
17, 391, 44
17, 392, 0
17, 393, 0
17, 394, 0
17, 395, 0
17, 396, 0
17, 397, 34
17, 398, 0
17, 399, 0
18, 0, 0
18, 1, 0
18, 2, 0
18, 3, 0
18, 4, 0
18, 5, 41
18, 6, 0
18, 7, 0
18, 8, 0
18, 9, 0
18, 10, 50
18, 11, 0
18, 12, 0
18, 13, 37
18, 14, 26
18, 15, 6
18, 16, 25
18, 17, 20
18, 18, 1
18, 19, 0
18, 20, 53
18, 21, 0
18, 22, 30
18, 23, 0
18, 24, 0
18, 25, 0
18, 26, 0
18, 27, 16
18, 28, 0
18, 29, 21
18, 30, 0
18, 31, 0
18, 32, 52
18, 33, 0
18, 34, 0
18, 35, 0
18, 36, 0
18, 37, 0
18, 38, 0
18, 39, 0
18, 40, 0
18, 41, 0
18, 42, 36
18, 43, 0
18, 44, 43
18, 45, 0
18, 46, 17
18, 47, 0
18, 48, 0
18, 49, 0
18, 50, 0
18, 51, 0
18, 52, 0
18, 53, 0
18, 54, 44
18, 55, 0
18, 56, 7
18, 57, 0
18, 58, 0
18, 59, 0
18, 60, 25
18, 61, 49
18, 62, 0
18, 63, 0
18, 64, 22
18, 65, 23
18, 66, 0
18, 67, 0
18, 68, 0
18, 69, 0
18, 70, 0
18, 71, 0
18, 72, 0
18, 73, 15
18, 74, 0
18, 75, 24
18, 76, 0
18, 77, 48
18, 78, 55
18, 79, 30
18, 80, 0
18, 81, 0
18, 82, 28
18, 83, 42
18, 84, 0
18, 85, 53
18, 86, 0
18, 87, 0
18, 88, 0
18, 89, 0
18, 90, 0
18, 91, 0
18, 92, 2
18, 93, 0
18, 94, 0
18, 95, 58
18, 96, 0
18, 97, 0
18, 98, 0
18, 99, 0
18, 100, 0
18, 101, 0
18, 102, 0
18, 103, 0
18, 104, 0
18, 105, 0
18, 106, 31
18, 107, 0
18, 108, 52
18, 109, 0
18, 110, 0
18, 111, 0
18, 112, 0
18, 113, 27
18, 114, 22
18, 115, 0
18, 116, 0
18, 117, 6
18, 118, 0
18, 119, 17
18, 120, 0
18, 121, 1
18, 122, 0
18, 123, 0
18, 124, 57
18, 125, 28
18, 126, 0
18, 127, 0
18, 128, 0
18, 129, 0
18, 130, 0
18, 131, 0
18, 132, 22
18, 133, 0
18, 134, 31
18, 135, 0
18, 136, 53
18, 137, 0
18, 138, 0
18, 139, 0
18, 140, 0
18, 141, 0
18, 142, 0
18, 143, 0
18, 144, 0
18, 145, 43
18, 146, 20
18, 147, 0
18, 148, 37
18, 149, 0
18, 150, 16
18, 151, 0
18, 152, 0
18, 153, 52
18, 154, 0
18, 155, 0
18, 156, 0
18, 157, 0
18, 158, 0
18, 159, 0
18, 160, 0
18, 161, 41
18, 162, 0
18, 163, 0
18, 164, 0
18, 165, 0
18, 166, 0
18, 167, 0
18, 168, 15
18, 169, 35
18, 170, 0
18, 171, 58
18, 172, 0
18, 173, 0
18, 174, 0
18, 175, 27
18, 176, 0
18, 177, 0
18, 178, 0
18, 179, 0
18, 180, 50
18, 181, 0
18, 182, 0
18, 183, 0
18, 184, 0
18, 185, 0
18, 186, 15
18, 187, 0
18, 188, 0
18, 189, 0
18, 190, 0
18, 191, 11
18, 192, 0
18, 193, 0
18, 194, 0
18, 195, 44
18, 196, 0
18, 197, 0
18, 198, 25
18, 199, 0
18, 200, 0
18, 201, 0
18, 202, 0
18, 203, 36
18, 204, 0
18, 205, 0
18, 206, 0
18, 207, 0
18, 208, 0
18, 209, 0
18, 210, 0
18, 211, 58
18, 212, 0
18, 213, 0
18, 214, 0
18, 215, 0
18, 216, 0
18, 217, 49
18, 218, 0
18, 219, 0
18, 220, 0
18, 221, 0
18, 222, 0
18, 223, 0
18, 224, 18
18, 225, 0
18, 226, 35
18, 227, 0
18, 228, 0
18, 229, 0
18, 230, 0
18, 231, 0
18, 232, 0
18, 233, 17
18, 234, 24
18, 235, 0
18, 236, 39
18, 237, 0
18, 238, 0
18, 239, 0
18, 240, 22
18, 241, 0
18, 242, 0
18, 243, 0
18, 244, 0
18, 245, 0
18, 246, 0
18, 247, 26
18, 248, 48
18, 249, 21
18, 250, 0
18, 251, 0
18, 252, 0
18, 253, 53
18, 254, 7
18, 255, 0
18, 256, 0
18, 257, 0
18, 258, 13
18, 259, 28
18, 260, 0
18, 261, 0
18, 262, 0
18, 263, 0
18, 264, 36
18, 265, 0
18, 266, 0
18, 267, 0
18, 268, 0
18, 269, 0
18, 270, 21
18, 271, 0
18, 272, 4
18, 273, 0
18, 274, 13
18, 275, 0
18, 276, 0
18, 277, 0
18, 278, 42
18, 279, 57
18, 280, 0
18, 281, 0
18, 282, 54
18, 283, 46
18, 284, 0
18, 285, 0
18, 286, 0
18, 287, 0
18, 288, 0
18, 289, 0
18, 290, 0
18, 291, 0
18, 292, 0
18, 293, 0
18, 294, 53
18, 295, 33
18, 296, 0
18, 297, 0
18, 298, 20
18, 299, 30
18, 300, 0
18, 301, 0
18, 302, 0
18, 303, 0
18, 304, 43
18, 305, 0
18, 306, 36
18, 307, 0
18, 308, 0
18, 309, 31
18, 310, 0
18, 311, 0
18, 312, 32
18, 313, 0
18, 314, 0
18, 315, 0
18, 316, 40
18, 317, 0
18, 318, 21
18, 319, 0
18, 320, 24
18, 321, 0
18, 322, 0
18, 323, 11
18, 324, 0
18, 325, 48
18, 326, 0
18, 327, 0
18, 328, 0
18, 329, 15
18, 330, 0
18, 331, 41
18, 332, 0
18, 333, 0
18, 334, 0
18, 335, 0
18, 336, 0
18, 337, 0
18, 338, 0
18, 339, 0
18, 340, 17
18, 341, 0
18, 342, 0
18, 343, 0
18, 344, 0
18, 345, 0
18, 346, 0
18, 347, 2
18, 348, 0
18, 349, 0
18, 350, 0
18, 351, 52
18, 352, 0
18, 353, 58
18, 354, 0
18, 355, 20
18, 356, 0
18, 357, 0
18, 358, 57
18, 359, 0
18, 360, 0
18, 361, 0
18, 362, 44
18, 363, 0
18, 364, 33
18, 365, 3
18, 366, 49
18, 367, 0
18, 368, 0
18, 369, 41
18, 370, 0
18, 371, 0
18, 372, 3
18, 373, 35
18, 374, 0
18, 375, 0
18, 376, 0
18, 377, 0
18, 378, 16
18, 379, 0
18, 380, 0
18, 381, 48
18, 382, 0
18, 383, 0
18, 384, 0
18, 385, 0
18, 386, 26
18, 387, 46
18, 388, 7
18, 389, 0
18, 390, 4
18, 391, 0
18, 392, 23
18, 393, 0
18, 394, 0
18, 395, 36
18, 396, 0
18, 397, 0
18, 398, 0
18, 399, 0
19, 0, 0
19, 1, 0
19, 2, 0
19, 3, 0
19, 4, 25
19, 5, 0
19, 6, 0
19, 7, 0
19, 8, 2
19, 9, 0
19, 10, 32
19, 11, 0
19, 12, 0
19, 13, 0
19, 14, 0
19, 15, 0
19, 16, 0
19, 17, 37
19, 18, 0
19, 19, 16
19, 20, 0
19, 21, 0
19, 22, 0
19, 23, 0
19, 24, 0
19, 25, 0
19, 26, 0
19, 27, 40
19, 28, 0
19, 29, 0
19, 30, 52
19, 31, 40
19, 32, 0
19, 33, 0
19, 34, 0
19, 35, 0
19, 36, 5
19, 37, 59
19, 38, 49
19, 39, 27
19, 40, 0
19, 41, 0
19, 42, 0
19, 43, 35
19, 44, 0
19, 45, 0
19, 46, 0
19, 47, 39
19, 48, 0
19, 49, 24
19, 50, 0
19, 51, 0
19, 52, 0
19, 53, 0
19, 54, 2
19, 55, 0
19, 56, 43
19, 57, 0
19, 58, 55
19, 59, 25
19, 60, 0
19, 61, 0
19, 62, 0
19, 63, 0
19, 64, 0
19, 65, 26
19, 66, 0
19, 67, 0
19, 68, 0
19, 69, 35
19, 70, 25
19, 71, 24
19, 72, 0
19, 73, 0
19, 74, 0
19, 75, 0
19, 76, 0
19, 77, 0
19, 78, 0
19, 79, 0
19, 80, 0
19, 81, 22
19, 82, 0
19, 83, 0
19, 84, 0
19, 85, 0
19, 86, 0
19, 87, 0
19, 88, 0
19, 89, 59
19, 90, 0
19, 91, 0
19, 92, 0
19, 93, 27
19, 94, 0
19, 95, 32
19, 96, 0
19, 97, 22
19, 98, 0
19, 99, 0
19, 100, 0
19, 101, 0
19, 102, 0
19, 103, 43
19, 104, 17
19, 105, 0
19, 106, 6
19, 107, 0
19, 108, 44
19, 109, 52
19, 110, 0
19, 111, 0
19, 112, 0
19, 113, 0
19, 114, 33
19, 115, 0
19, 116, 0
19, 117, 0
19, 118, 0
19, 119, 0
19, 120, 11
19, 121, 0
19, 122, 0
19, 123, 0
19, 124, 34
19, 125, 0
19, 126, 0
19, 127, 6
19, 128, 0
19, 129, 1
19, 130, 0
19, 131, 0
19, 132, 29
19, 133, 38
19, 134, 0
19, 135, 0
19, 136, 0
19, 137, 0
19, 138, 0
19, 139, 0
19, 140, 0
19, 141, 5
19, 142, 0
19, 143, 0
19, 144, 39
19, 145, 40
19, 146, 0
19, 147, 0
19, 148, 0
19, 149, 0
19, 150, 0
19, 151, 0
19, 152, 0
19, 153, 0
19, 154, 32
19, 155, 37
19, 156, 0
19, 157, 0
19, 158, 16
19, 159, 0
19, 160, 0
19, 161, 0
19, 162, 52
19, 163, 0
19, 164, 20
19, 165, 0
19, 166, 0
19, 167, 35
19, 168, 0
19, 169, 0
19, 170, 0
19, 171, 49
19, 172, 0
19, 173, 50
19, 174, 0
19, 175, 0
19, 176, 0
19, 177, 0
19, 178, 0
19, 179, 0
19, 180, 0
19, 181, 30
19, 182, 0
19, 183, 0
19, 184, 0
19, 185, 0
19, 186, 0
19, 187, 14
19, 188, 22
19, 189, 30
19, 190, 0
19, 191, 0
19, 192, 0
19, 193, 0
19, 194, 0
19, 195, 0
19, 196, 0
19, 197, 0
19, 198, 0
19, 199, 0
19, 200, 0
19, 201, 43
19, 202, 0
19, 203, 16
19, 204, 20
19, 205, 0
19, 206, 0
19, 207, 0
19, 208, 0
19, 209, 0
19, 210, 0
19, 211, 0
19, 212, 0
19, 213, 0
19, 214, 0
19, 215, 0
19, 216, 25
19, 217, 30
19, 218, 0
19, 219, 0
19, 220, 0
19, 221, 0
19, 222, 0
19, 223, 46
19, 224, 0
19, 225, 0
19, 226, 0
19, 227, 0
19, 228, 0
19, 229, 0
19, 230, 0
19, 231, 0
19, 232, 27
19, 233, 0
19, 234, 11
19, 235, 50
19, 236, 0
19, 237, 43
19, 238, 0
19, 239, 0
19, 240, 0
19, 241, 0
19, 242, 0
19, 243, 0
19, 244, 0
19, 245, 0
19, 246, 0
19, 247, 0
19, 248, 0
19, 249, 0
19, 250, 0
19, 251, 0
19, 252, 26
19, 253, 0
19, 254, 55
19, 255, 15
19, 256, 11
19, 257, 0
19, 258, 0
19, 259, 0
19, 260, 0
19, 261, 0
19, 262, 0
19, 263, 0
19, 264, 0
19, 265, 0
19, 266, 0
19, 267, 50
19, 268, 13
19, 269, 15
19, 270, 0
19, 271, 49
19, 272, 0
19, 273, 17
19, 274, 29
19, 275, 0
19, 276, 0
19, 277, 0
19, 278, 32
19, 279, 0
19, 280, 0
19, 281, 0
19, 282, 38
19, 283, 0
19, 284, 35
19, 285, 0
19, 286, 0
19, 287, 0
19, 288, 0
19, 289, 0
19, 290, 0
19, 291, 0
19, 292, 22
19, 293, 0
19, 294, 0
19, 295, 0
19, 296, 16
19, 297, 0
19, 298, 0
19, 299, 0
19, 300, 0
19, 301, 0
19, 302, 44
19, 303, 27
19, 304, 50
19, 305, 0
19, 306, 1
19, 307, 34
19, 308, 0
19, 309, 0
19, 310, 0
19, 311, 0
19, 312, 0
19, 313, 39
19, 314, 9
19, 315, 0
19, 316, 38
19, 317, 0
19, 318, 0
19, 319, 0
19, 320, 0
19, 321, 0
19, 322, 0
19, 323, 0
19, 324, 0
19, 325, 0
19, 326, 0
19, 327, 0
19, 328, 0
19, 329, 0
19, 330, 52
19, 331, 9
19, 332, 0
19, 333, 0
19, 334, 0
19, 335, 0
19, 336, 0
19, 337, 0
19, 338, 0
19, 339, 0
19, 340, 0
19, 341, 0
19, 342, 0
19, 343, 32
19, 344, 0
19, 345, 0
19, 346, 0
19, 347, 0
19, 348, 0
19, 349, 43
19, 350, 0
19, 351, 15
19, 352, 30
19, 353, 32
19, 354, 0
19, 355, 54
19, 356, 24
19, 357, 0
19, 358, 0
19, 359, 0
19, 360, 0
19, 361, 0
19, 362, 0
19, 363, 0
19, 364, 0
19, 365, 0
19, 366, 0
19, 367, 58
19, 368, 0
19, 369, 0
19, 370, 0
19, 371, 0
19, 372, 29
19, 373, 0
19, 374, 12
19, 375, 26
19, 376, 52
19, 377, 0
19, 378, 0
19, 379, 0
19, 380, 0
19, 381, 44
19, 382, 37
19, 383, 0
19, 384, 29
19, 385, 0
19, 386, 0
19, 387, 0
19, 388, 39
19, 389, 16
19, 390, 0
19, 391, 0
19, 392, 9
19, 393, 0
19, 394, 0
19, 395, 0
19, 396, 0
19, 397, 32
19, 398, 0
19, 399, 0
