0, 0, 0
0, 1, 0
0, 2, 0
0, 3, 0
0, 4, 0
0, 5, 0
0, 6, 0
0, 7, 0
0, 8, 0
0, 9, 0
0, 10, 0
0, 11, 0
0, 12, 0
0, 13, 0
0, 14, 0
0, 15, 0
0, 16, 0
0, 17, 0
0, 18, 0
0, 19, 0
0, 20, 0
0, 21, 0
0, 22, 0
0, 23, 0
0, 24, 0
0, 25, 0
0, 26, 0
0, 27, 0
0, 28, 0
0, 29, 0
0, 30, 0
0, 31, 0
0, 32, 0
0, 33, 0
0, 34, 0
0, 35, 0
0, 36, 0
0, 37, 0
0, 38, 0
0, 39, 0
0, 40, 0
0, 41, 0
0, 42, 0
0, 43, 0
0, 44, 0
0, 45, 0
0, 46, 0
0, 47, 0
0, 48, 0
0, 49, 0
0, 50, 0
0, 51, 0
0, 52, 0
0, 53, 0
0, 54, 0
0, 55, 0
0, 56, 0
0, 57, 0
0, 58, 0
0, 59, 0
0, 60, 0
0, 61, 0
0, 62, 0
0, 63, 0
0, 64, 0
0, 65, 0
0, 66, 0
0, 67, 0
0, 68, 0
0, 69, 0
0, 70, 0
0, 71, 0
0, 72, 0
0, 73, 0
0, 74, 0
0, 75, 0
0, 76, 0
0, 77, 0
0, 78, 0
0, 79, 0
0, 80, 0
0, 81, 0
0, 82, 0
0, 83, 0
0, 84, 0
0, 85, 0
0, 86, 0
0, 87, 0
0, 88, 0
0, 89, 0
0, 90, 0
0, 91, 0
0, 92, 0
0, 93, 0
0, 94, 0
0, 95, 0
0, 96, 0
0, 97, 0
0, 98, 0
0, 99, 0
0, 100, 0
0, 101, 0
0, 102, 0
0, 103, 0
0, 104, 0
0, 105, 0
0, 106, 0
0, 107, 0
0, 108, 0
0, 109, 0
0, 110, 0
0, 111, 0
0, 112, 0
0, 113, 0
0, 114, 0
0, 115, 0
0, 116, 0
0, 117, 0
0, 118, 0
0, 119, 0
0, 120, 0
0, 121, 0
0, 122, 0
0, 123, 0
0, 124, 0
0, 125, 0
0, 126, 0
0, 127, 0
0, 128, 0
0, 129, 0
0, 130, 0
0, 131, 0
0, 132, 0
0, 133, 0
0, 134, 0
0, 135, 0
0, 136, 0
0, 137, 0
0, 138, 0
0, 139, 0
0, 140, 0
0, 141, 0
0, 142, 0
0, 143, 0
0, 144, 0
0, 145, 0
0, 146, 0
0, 147, 0
0, 148, 0
0, 149, 0
0, 150, 0
0, 151, 0
0, 152, 0
0, 153, 0
0, 154, 0
0, 155, 0
0, 156, 0
0, 157, 0
0, 158, 0
0, 159, 0
0, 160, 0
0, 161, 0
0, 162, 0
0, 163, 0
0, 164, 0
0, 165, 0
0, 166, 0
0, 167, 0
0, 168, 0
0, 169, 0
0, 170, 0
0, 171, 0
0, 172, 0
0, 173, 0
0, 174, 0
0, 175, 0
0, 176, 0
0, 177, 0
0, 178, 0
0, 179, 0
0, 180, 0
0, 181, 0
0, 182, 0
0, 183, 0
0, 184, 0
0, 185, 0
0, 186, 0
0, 187, 0
0, 188, 0
0, 189, 0
0, 190, 0
0, 191, 0
0, 192, 0
0, 193, 0
0, 194, 0
0, 195, 0
0, 196, 0
0, 197, 0
0, 198, 0
0, 199, 0
0, 200, 0
0, 201, 0
0, 202, 0
0, 203, 0
0, 204, 0
0, 205, 0
0, 206, 0
0, 207, 0
0, 208, 0
0, 209, 0
0, 210, 0
0, 211, 0
0, 212, 0
0, 213, 0
0, 214, 0
0, 215, 0
0, 216, 0
0, 217, 0
0, 218, 0
0, 219, 0
0, 220, 0
0, 221, 0
0, 222, 0
0, 223, 0
0, 224, 0
0, 225, 0
0, 226, 0
0, 227, 0
0, 228, 0
0, 229, 0
0, 230, 0
0, 231, 0
0, 232, 0
0, 233, 0
0, 234, 0
0, 235, 0
0, 236, 0
0, 237, 0
0, 238, 0
0, 239, 0
0, 240, 0
0, 241, 0
0, 242, 0
0, 243, 0
0, 244, 0
0, 245, 0
0, 246, 0
0, 247, 0
0, 248, 0
0, 249, 0
0, 250, 0
0, 251, 0
0, 252, 0
0, 253, 0
0, 254, 0
0, 255, 0
0, 256, 0
0, 257, 0
0, 258, 0
0, 259, 0
0, 260, 0
0, 261, 0
0, 262, 0
0, 263, 0
0, 264, 0
0, 265, 0
0, 266, 0
0, 267, 0
0, 268, 0
0, 269, 0
0, 270, 0
0, 271, 0
0, 272, 0
0, 273, 0
0, 274, 0
0, 275, 0
0, 276, 0
0, 277, 0
0, 278, 0
0, 279, 0
0, 280, 0
0, 281, 0
0, 282, 0
0, 283, 0
0, 284, 0
0, 285, 0
0, 286, 0
0, 287, 0
0, 288, 0
0, 289, 0
0, 290, 0
0, 291, 0
0, 292, 0
0, 293, 0
0, 294, 0
0, 295, 0
0, 296, 0
0, 297, 0
0, 298, 0
0, 299, 0
0, 300, 0
0, 301, 0
0, 302, 0
0, 303, 0
0, 304, 0
0, 305, 0
0, 306, 0
0, 307, 0
0, 308, 0
0, 309, 0
0, 310, 0
0, 311, 0
0, 312, 0
0, 313, 0
0, 314, 0
0, 315, 0
0, 316, 0
0, 317, 0
0, 318, 0
0, 319, 0
0, 320, 0
0, 321, 0
0, 322, 0
0, 323, 0
0, 324, 0
0, 325, 0
0, 326, 0
0, 327, 0
0, 328, 0
0, 329, 0
0, 330, 0
0, 331, 0
0, 332, 0
0, 333, 0
0, 334, 0
0, 335, 0
0, 336, 0
0, 337, 0
0, 338, 0
0, 339, 0
0, 340, 0
0, 341, 0
0, 342, 0
0, 343, 0
0, 344, 0
0, 345, 0
0, 346, 0
0, 347, 0
0, 348, 0
0, 349, 0
0, 350, 0
0, 351, 0
0, 352, 0
0, 353, 0
0, 354, 0
0, 355, 0
0, 356, 0
0, 357, 0
0, 358, 0
0, 359, 0
0, 360, 0
0, 361, 0
0, 362, 0
0, 363, 0
0, 364, 0
0, 365, 0
0, 366, 0
0, 367, 0
0, 368, 0
0, 369, 0
0, 370, 0
0, 371, 0
0, 372, 0
0, 373, 0
0, 374, 0
0, 375, 0
0, 376, 0
0, 377, 0
0, 378, 0
0, 379, 0
0, 380, 0
0, 381, 0
0, 382, 0
0, 383, 0
0, 384, 0
0, 385, 0
0, 386, 0
0, 387, 0
0, 388, 0
0, 389, 0
0, 390, 0
0, 391, 0
0, 392, 0
0, 393, 0
0, 394, 0
0, 395, 0
0, 396, 0
0, 397, 0
0, 398, 0
0, 399, 0
1, 0, 0
1, 1, 0
1, 2, 0
1, 3, 0
1, 4, 0
1, 5, 27
1, 6, 39
1, 7, 0
1, 8, 0
1, 9, 0
1, 10, 0
1, 11, 0
1, 12, 40
1, 13, 0
1, 14, 0
1, 15, 0
1, 16, 0
1, 17, 0
1, 18, 0
1, 19, 0
1, 20, 0
1, 21, 24
1, 22, 0
1, 23, 16
1, 24, 0
1, 25, 0
1, 26, 0
1, 27, 0
1, 28, 0
1, 29, 48
1, 30, 0
1, 31, 25
1, 32, 0
1, 33, 0
1, 34, 33
1, 35, 0
1, 36, 25
1, 37, 0
1, 38, 0
1, 39, 19
1, 40, 0
1, 41, 0
1, 42, 0
1, 43, 0
1, 44, 0
1, 45, 0
1, 46, 0
1, 47, 0
1, 48, 0
1, 49, 38
1, 50, 0
1, 51, 0
1, 52, 0
1, 53, 0
1, 54, 0
1, 55, 0
1, 56, 0
1, 57, 13
1, 58, 20
1, 59, 0
1, 60, 0
1, 61, 0
1, 62, 0
1, 63, 0
1, 64, 29
1, 65, 0
1, 66, 0
1, 67, 0
1, 68, 0
1, 69, 0
1, 70, 0
1, 71, 0
1, 72, 0
1, 73, 19
1, 74, 0
1, 75, 0
1, 76, 0
1, 77, 0
1, 78, 0
1, 79, 0
1, 80, 51
1, 81, 0
1, 82, 0
1, 83, 0
1, 84, 0
1, 85, 0
1, 86, 0
1, 87, 0
1, 88, 27
1, 89, 0
1, 90, 0
1, 91, 0
1, 92, 0
1, 93, 21
1, 94, 0
1, 95, 0
1, 96, 17
1, 97, 0
1, 98, 0
1, 99, 39
1, 100, 0
1, 101, 0
1, 102, 33
1, 103, 0
1, 104, 46
1, 105, 0
1, 106, 0
1, 107, 0
1, 108, 0
1, 109, 0
1, 110, 0
1, 111, 0
1, 112, 0
1, 113, 0
1, 114, 0
1, 115, 0
1, 116, 27
1, 117, 2
1, 118, 0
1, 119, 0
1, 120, 0
1, 121, 0
1, 122, 13
1, 123, 0
1, 124, 0
1, 125, 0
1, 126, 20
1, 127, 21
1, 128, 0
1, 129, 0
1, 130, 0
1, 131, 12
1, 132, 0
1, 133, 52
1, 134, 0
1, 135, 0
1, 136, 0
1, 137, 0
1, 138, 22
1, 139, 0
1, 140, 0
1, 141, 0
1, 142, 0
1, 143, 0
1, 144, 0
1, 145, 0
1, 146, 0
1, 147, 0
1, 148, 0
1, 149, 0
1, 150, 0
1, 151, 0
1, 152, 16
1, 153, 0
1, 154, 0
1, 155, 0
1, 156, 0
1, 157, 0
1, 158, 25
1, 159, 0
1, 160, 0
1, 161, 0
1, 162, 0
1, 163, 0
1, 164, 38
1, 165, 0
1, 166, 0
1, 167, 0
1, 168, 0
1, 169, 0
1, 170, 0
1, 171, 40
1, 172, 34
1, 173, 0
1, 174, 0
1, 175, 0
1, 176, 0
1, 177, 0
1, 178, 0
1, 179, 0
1, 180, 0
1, 181, 0
1, 182, 0
1, 183, 19
1, 184, 0
1, 185, 0
1, 186, 0
1, 187, 0
1, 188, 0
1, 189, 0
1, 190, 0
1, 191, 0
1, 192, 0
1, 193, 0
1, 194, 0
1, 195, 0
1, 196, 0
1, 197, 0
1, 198, 0
1, 199, 0
1, 200, 0
1, 201, 0
1, 202, 51
1, 203, 0
1, 204, 0
1, 205, 29
1, 206, 0
1, 207, 0
1, 208, 0
1, 209, 0
1, 210, 0
1, 211, 0
1, 212, 0
1, 213, 0
1, 214, 0
1, 215, 0
1, 216, 0
1, 217, 0
1, 218, 0
1, 219, 0
1, 220, 39
1, 221, 0
1, 222, 21
1, 223, 0
1, 224, 0
1, 225, 0
1, 226, 0
1, 227, 0
1, 228, 0
1, 229, 0
1, 230, 0
1, 231, 0
1, 232, 0
1, 233, 0
1, 234, 0
1, 235, 33
1, 236, 0
1, 237, 38
1, 238, 0
1, 239, 0
1, 240, 0
1, 241, 0
1, 242, 0
1, 243, 0
1, 244, 27
1, 245, 0
1, 246, 0
1, 247, 0
1, 248, 20
1, 249, 0
1, 250, 0
1, 251, 46
1, 252, 0
1, 253, 0
1, 254, 0
1, 255, 0
1, 256, 39
1, 257, 17
1, 258, 0
1, 259, 0
1, 260, 48
1, 261, 0
1, 262, 0
1, 263, 0
1, 264, 0
1, 265, 0
1, 266, 0
1, 267, 0
1, 268, 0
1, 269, 0
1, 270, 0
1, 271, 0
1, 272, 0
1, 273, 0
1, 274, 0
1, 275, 0
1, 276, 0
1, 277, 0
1, 278, 0
1, 279, 0
1, 280, 0
1, 281, 0
1, 282, 0
1, 283, 0
1, 284, 0
1, 285, 0
1, 286, 13
1, 287, 0
1, 288, 0
1, 289, 0
1, 290, 3
1, 291, 0
1, 292, 0
1, 293, 0
1, 294, 0
1, 295, 0
1, 296, 0
1, 297, 22
1, 298, 0
1, 299, 0
1, 300, 40
1, 301, 0
1, 302, 0
1, 303, 0
1, 304, 0
1, 305, 34
1, 306, 33
1, 307, 0
1, 308, 0
1, 309, 0
1, 310, 0
1, 311, 0
1, 312, 0
1, 313, 0
1, 314, 16
1, 315, 0
1, 316, 0
1, 317, 0
1, 318, 0
1, 319, 0
1, 320, 51
1, 321, 0
1, 322, 0
1, 323, 0
1, 324, 0
1, 325, 0
1, 326, 0
1, 327, 0
1, 328, 29
1, 329, 27
1, 330, 0
1, 331, 40
1, 332, 0
1, 333, 0
1, 334, 0
1, 335, 0
1, 336, 0
1, 337, 0
1, 338, 0
1, 339, 0
1, 340, 0
1, 341, 0
1, 342, 0
1, 343, 0
1, 344, 0
1, 345, 29
1, 346, 0
1, 347, 39
1, 348, 0
1, 349, 0
1, 350, 0
1, 351, 0
1, 352, 0
1, 353, 0
1, 354, 0
1, 355, 0
1, 356, 0
1, 357, 0
1, 358, 0
1, 359, 0
1, 360, 48
1, 361, 0
1, 362, 0
1, 363, 33
1, 364, 0
1, 365, 0
1, 366, 46
1, 367, 0
1, 368, 0
1, 369, 0
1, 370, 0
1, 371, 0
1, 372, 16
1, 373, 0
1, 374, 0
1, 375, 0
1, 376, 0
1, 377, 0
1, 378, 13
1, 379, 0
1, 380, 0
1, 381, 0
1, 382, 0
1, 383, 0
1, 384, 0
1, 385, 0
1, 386, 0
1, 387, 29
1, 388, 0
1, 389, 0
1, 390, 0
1, 391, 0
1, 392, 0
1, 393, 0
1, 394, 19
1, 395, 0
1, 396, 0
1, 397, 0
1, 398, 0
1, 399, 0
2, 0, 0
2, 1, 0
2, 2, 26
2, 3, 0
2, 4, 0
2, 5, 0
2, 6, 0
2, 7, 0
2, 8, 0
2, 9, 9
2, 10, 24
2, 11, 0
2, 12, 30
2, 13, 0
2, 14, 11
2, 15, 0
2, 16, 0
2, 17, 0
2, 18, 29
2, 19, 0
2, 20, 46
2, 21, 0
2, 22, 0
2, 23, 0
2, 24, 0
2, 25, 0
2, 26, 0
2, 27, 0
2, 28, 0
2, 29, 0
2, 30, 0
2, 31, 34
2, 32, 0
2, 33, 0
2, 34, 0
2, 35, 36
2, 36, 0
2, 37, 0
2, 38, 48
2, 39, 0
2, 40, 0
2, 41, 0
2, 42, 2
2, 43, 0
2, 44, 0
2, 45, 0
2, 46, 0
2, 47, 0
2, 48, 18
2, 49, 0
2, 50, 0
2, 51, 0
2, 52, 0
2, 53, 0
2, 54, 0
2, 55, 0
2, 56, 0
2, 57, 28
2, 58, 0
2, 59, 12
2, 60, 35
2, 61, 0
2, 62, 31
2, 63, 45
2, 64, 0
2, 65, 0
2, 66, 0
2, 67, 0
2, 68, 40
2, 69, 32
2, 70, 42
2, 71, 0
2, 72, 44
2, 73, 33
2, 74, 0
2, 75, 0
2, 76, 0
2, 77, 0
2, 78, 0
2, 79, 46
2, 80, 0
2, 81, 0
2, 82, 0
2, 83, 30
2, 84, 0
2, 85, 0
2, 86, 0
2, 87, 0
2, 88, 0
2, 89, 0
2, 90, 43
2, 91, 55
2, 92, 0
2, 93, 4
2, 94, 0
2, 95, 55
2, 96, 2
2, 97, 0
2, 98, 0
2, 99, 0
2, 100, 0
2, 101, 0
2, 102, 0
2, 103, 0
2, 104, 0
2, 105, 0
2, 106, 5
2, 107, 0
2, 108, 46
2, 109, 0
2, 110, 0
2, 111, 0
2, 112, 45
2, 113, 0
2, 114, 0
2, 115, 0
2, 116, 17
2, 117, 0
2, 118, 0
2, 119, 0
2, 120, 0
2, 121, 26
2, 122, 24
2, 123, 0
2, 124, 0
2, 125, 0
2, 126, 4
2, 127, 0
2, 128, 0
2, 129, 0
2, 130, 0
2, 131, 0
2, 132, 0
2, 133, 0
2, 134, 24
2, 135, 0
2, 136, 0
2, 137, 0
2, 138, 13
2, 139, 0
2, 140, 46
2, 141, 0
2, 142, 0
2, 143, 0
2, 144, 0
2, 145, 10
2, 146, 0
2, 147, 0
2, 148, 0
2, 149, 0
2, 150, 11
2, 151, 0
2, 152, 25
2, 153, 0
2, 154, 33
2, 155, 0
2, 156, 42
2, 157, 0
2, 158, 0
2, 159, 0
2, 160, 0
2, 161, 0
2, 162, 22
2, 163, 0
2, 164, 0
2, 165, 0
2, 166, 0
2, 167, 0
2, 168, 0
2, 169, 55
2, 170, 0
2, 171, 0
2, 172, 0
2, 173, 58
2, 174, 0
2, 175, 0
2, 176, 0
2, 177, 0
2, 178, 0
2, 179, 45
2, 180, 0
2, 181, 0
2, 182, 0
2, 183, 0
2, 184, 0
2, 185, 0
2, 186, 0
2, 187, 0
2, 188, 48
2, 189, 31
2, 190, 0
2, 191, 0
2, 192, 0
2, 193, 34
2, 194, 0
2, 195, 0
2, 196, 0
2, 197, 0
2, 198, 43
2, 199, 0
2, 200, 0
2, 201, 0
2, 202, 0
2, 203, 0
2, 204, 15
2, 205, 18
2, 206, 0
2, 207, 0
2, 208, 0
2, 209, 43
2, 210, 26
2, 211, 0
2, 212, 28
2, 213, 0
2, 214, 30
2, 215, 0
2, 216, 0
2, 217, 0
2, 218, 0
2, 219, 36
2, 220, 0
2, 221, 0
2, 222, 47
2, 223, 24
2, 224, 0
2, 225, 9
2, 226, 16
2, 227, 0
2, 228, 0
2, 229, 0
2, 230, 0
2, 231, 0
2, 232, 32
2, 233, 0
2, 234, 0
2, 235, 0
2, 236, 10
2, 237, 0
2, 238, 40
2, 239, 13
2, 240, 0
2, 241, 0
2, 242, 0
2, 243, 0
2, 244, 0
2, 245, 0
2, 246, 0
2, 247, 0
2, 248, 0
2, 249, 16
2, 250, 7
2, 251, 0
2, 252, 35
2, 253, 0
2, 254, 0
2, 255, 0
2, 256, 44
2, 257, 0
2, 258, 0
2, 259, 0
2, 260, 0
2, 261, 0
2, 262, 0
2, 263, 42
2, 264, 0
2, 265, 0
2, 266, 0
2, 267, 17
2, 268, 46
2, 269, 0
2, 270, 18
2, 271, 0
2, 272, 0
2, 273, 0
2, 274, 25
2, 275, 0
2, 276, 0
2, 277, 22
2, 278, 20
2, 279, 0
2, 280, 0
2, 281, 0
2, 282, 5
2, 283, 0
2, 284, 0
2, 285, 28
2, 286, 0
2, 287, 0
2, 288, 31
2, 289, 0
2, 290, 26
2, 291, 16
2, 292, 55
2, 293, 0
2, 294, 48
2, 295, 0
2, 296, 0
2, 297, 3
2, 298, 0
2, 299, 0
2, 300, 0
2, 301, 5
2, 302, 0
2, 303, 0
2, 304, 35
2, 305, 58
2, 306, 0
2, 307, 0
2, 308, 47
2, 309, 0
2, 310, 20
2, 311, 0
2, 312, 0
2, 313, 0
2, 314, 0
2, 315, 0
2, 316, 0
2, 317, 0
2, 318, 0
2, 319, 0
2, 320, 0
2, 321, 0
2, 322, 14
2, 323, 0
2, 324, 0
2, 325, 28
2, 326, 0
2, 327, 33
2, 328, 18
2, 329, 34
2, 330, 0
2, 331, 0
2, 332, 0
2, 333, 0
2, 334, 0
2, 335, 0
2, 336, 0
2, 337, 19
2, 338, 30
2, 339, 4
2, 340, 7
2, 341, 0
2, 342, 11
2, 343, 0
2, 344, 0
2, 345, 0
2, 346, 0
2, 347, 0
2, 348, 9
2, 349, 0
2, 350, 0
2, 351, 0
2, 352, 0
2, 353, 0
2, 354, 46
2, 355, 0
2, 356, 0
2, 357, 0
2, 358, 0
2, 359, 0
2, 360, 0
2, 361, 0
2, 362, 0
2, 363, 0
2, 364, 3
2, 365, 0
2, 366, 0
2, 367, 0
2, 368, 0
2, 369, 12
2, 370, 0
2, 371, 0
2, 372, 0
2, 373, 0
2, 374, 0
2, 375, 0
2, 376, 0
2, 377, 0
2, 378, 43
2, 379, 32
2, 380, 10
2, 381, 0
2, 382, 0
2, 383, 0
2, 384, 0
2, 385, 0
2, 386, 46
2, 387, 0
2, 388, 42
2, 389, 0
2, 390, 0
2, 391, 31
2, 392, 0
2, 393, 0
2, 394, 0
2, 395, 0
2, 396, 14
2, 397, 0
2, 398, 0
2, 399, 0
3, 0, 0
3, 1, 0
3, 2, 0
3, 3, 0
3, 4, 0
3, 5, 0
3, 6, 0
3, 7, 0
3, 8, 51
3, 9, 41
3, 10, 0
3, 11, 0
3, 12, 0
3, 13, 0
3, 14, 58
3, 15, 55
3, 16, 0
3, 17, 3
3, 18, 0
3, 19, 0
3, 20, 22
3, 21, 0
3, 22, 0
3, 23, 54
3, 24, 0
3, 25, 0
3, 26, 29
3, 27, 0
3, 28, 15
3, 29, 0
3, 30, 0
3, 31, 0
3, 32, 0
3, 33, 50
3, 34, 0
3, 35, 0
3, 36, 0
3, 37, 0
3, 38, 0
3, 39, 5
3, 40, 44
3, 41, 0
3, 42, 0
3, 43, 0
3, 44, 61
3, 45, 0
3, 46, 46
3, 47, 0
3, 48, 8
3, 49, 0
3, 50, 34
3, 51, 0
3, 52, 0
3, 53, 0
3, 54, 0
3, 55, 0
3, 56, 0
3, 57, 0
3, 58, 50
3, 59, 0
3, 60, 0
3, 61, 42
3, 62, 27
3, 63, 0
3, 64, 0
3, 65, 0
3, 66, 0
3, 67, 0
3, 68, 0
3, 69, 60
3, 70, 21
3, 71, 26
3, 72, 0
3, 73, 0
3, 74, 0
3, 75, 0
3, 76, 0
3, 77, 0
3, 78, 8
3, 79, 0
3, 80, 0
3, 81, 0
3, 82, 31
3, 83, 0
3, 84, 0
3, 85, 0
3, 86, 0
3, 87, 0
3, 88, 0
3, 89, 0
3, 90, 0
3, 91, 0
3, 92, 0
3, 93, 12
3, 94, 0
3, 95, 0
3, 96, 27
3, 97, 38
3, 98, 0
3, 99, 0
3, 100, 0
3, 101, 0
3, 102, 2
3, 103, 0
3, 104, 0
3, 105, 0
3, 106, 0
3, 107, 41
3, 108, 0
3, 109, 0
3, 110, 0
3, 111, 0
3, 112, 30
3, 113, 53
3, 114, 0
3, 115, 0
3, 116, 0
3, 117, 0
3, 118, 19
3, 119, 40
3, 120, 0
3, 121, 46
3, 122, 0
3, 123, 0
3, 124, 0
3, 125, 0
3, 126, 0
3, 127, 0
3, 128, 0
3, 129, 51
3, 130, 0
3, 131, 0
3, 132, 0
3, 133, 0
3, 134, 0
3, 135, 26
3, 136, 0
3, 137, 0
3, 138, 0
3, 139, 0
3, 140, 0
3, 141, 33
3, 142, 5
3, 143, 13
3, 144, 0
3, 145, 15
3, 146, 0
3, 147, 0
3, 148, 22
3, 149, 0
3, 150, 42
3, 151, 0
3, 152, 0
3, 153, 58
3, 154, 36
3, 155, 34
3, 156, 0
3, 157, 44
3, 158, 11
3, 159, 0
3, 160, 0
3, 161, 27
3, 162, 0
3, 163, 0
3, 164, 50
3, 165, 0
3, 166, 0
3, 167, 0
3, 168, 0
3, 169, 20
3, 170, 0
3, 171, 0
3, 172, 22
3, 173, 0
3, 174, 0
3, 175, 50
3, 176, 0
3, 177, 0
3, 178, 0
3, 179, 46
3, 180, 0
3, 181, 0
3, 182, 30
3, 183, 0
3, 184, 22
3, 185, 0
3, 186, 0
3, 187, 0
3, 188, 41
3, 189, 0
3, 190, 0
3, 191, 61
3, 192, 0
3, 193, 14
3, 194, 0
3, 195, 0
3, 196, 0
3, 197, 0
3, 198, 0
3, 199, 0
3, 200, 55
3, 201, 0
3, 202, 0
3, 203, 0
3, 204, 0
3, 205, 0
3, 206, 0
3, 207, 18
3, 208, 0
3, 209, 58
3, 210, 0
3, 211, 0
3, 212, 0
3, 213, 0
3, 214, 0
3, 215, 0
3, 216, 0
3, 217, 15
3, 218, 44
3, 219, 38
3, 220, 0
3, 221, 42
3, 222, 0
3, 223, 0
3, 224, 11
3, 225, 0
3, 226, 51
3, 227, 0
3, 228, 0
3, 229, 0
3, 230, 0
3, 231, 46
3, 232, 0
3, 233, 0
3, 234, 0
3, 235, 26
3, 236, 0
3, 237, 0
3, 238, 46
3, 239, 41
3, 240, 37
3, 241, 24
3, 242, 0
3, 243, 0
3, 244, 54
3, 245, 0
3, 246, 0
3, 247, 0
3, 248, 0
3, 249, 0
3, 250, 0
3, 251, 0
3, 252, 0
3, 253, 0
3, 254, 2
3, 255, 0
3, 256, 0
3, 257, 36
3, 258, 0
3, 259, 0
3, 260, 0
3, 261, 0
3, 262, 0
3, 263, 0
3, 264, 0
3, 265, 0
3, 266, 50
3, 267, 0
3, 268, 53
3, 269, 0
3, 270, 31
3, 271, 21
3, 272, 0
3, 273, 0
3, 274, 8
3, 275, 0
3, 276, 12
3, 277, 0
3, 278, 0
3, 279, 33
3, 280, 0
3, 281, 0
3, 282, 0
3, 283, 29
3, 284, 0
3, 285, 0
3, 286, 0
3, 287, 55
3, 288, 0
3, 289, 27
3, 290, 0
3, 291, 0
3, 292, 0
3, 293, 0
3, 294, 0
3, 295, 40
3, 296, 0
3, 297, 0
3, 298, 0
3, 299, 0
3, 300, 0
3, 301, 44
3, 302, 9
3, 303, 0
3, 304, 0
3, 305, 0
3, 306, 0
3, 307, 1
3, 308, 0
3, 309, 0
3, 310, 24
3, 311, 57
3, 312, 0
3, 313, 0
3, 314, 0
3, 315, 0
3, 316, 60
3, 317, 0
3, 318, 0
3, 319, 0
3, 320, 0
3, 321, 0
3, 322, 0
3, 323, 0
3, 324, 0
3, 325, 0
3, 326, 0
3, 327, 0
3, 328, 0
3, 329, 0
3, 330, 0
3, 331, 53
3, 332, 0
3, 333, 2
3, 334, 14
3, 335, 0
3, 336, 0
3, 337, 20
3, 338, 11
3, 339, 0
3, 340, 0
3, 341, 0
3, 342, 0
3, 343, 61
3, 344, 38
3, 345, 0
3, 346, 22
3, 347, 0
3, 348, 3
3, 349, 0
3, 350, 31
3, 351, 57
3, 352, 0
3, 353, 0
3, 354, 0
3, 355, 54
3, 356, 0
3, 357, 0
3, 358, 0
3, 359, 0
3, 360, 19
3, 361, 0
3, 362, 0
3, 363, 0
3, 364, 39
3, 365, 0
3, 366, 0
3, 367, 0
3, 368, 42
3, 369, 0
3, 370, 0
3, 371, 0
3, 372, 0
3, 373, 41
3, 374, 0
3, 375, 0
3, 376, 0
3, 377, 0
3, 378, 0
3, 379, 0
3, 380, 0
3, 381, 0
3, 382, 13
3, 383, 58
3, 384, 18
3, 385, 0
3, 386, 0
3, 387, 0
3, 388, 0
3, 389, 0
3, 390, 0
3, 391, 0
3, 392, 0
3, 393, 0
3, 394, 30
3, 395, 46
3, 396, 26
3, 397, 0
3, 398, 34
3, 399, 0
4, 0, 0
4, 1, 0
4, 2, 0
4, 3, 0
4, 4, 32
4, 5, 36
4, 6, 0
4, 7, 0
4, 8, 0
4, 9, 0
4, 10, 0
4, 11, 0
4, 12, 0
4, 13, 0
4, 14, 5
4, 15, 0
4, 16, 0
4, 17, 0
4, 18, 0
4, 19, 0
4, 20, 34
4, 21, 0
4, 22, 0
4, 23, 0
4, 24, 0
4, 25, 0
4, 26, 0
4, 27, 54
4, 28, 0
4, 29, 0
4, 30, 0
4, 31, 0
4, 32, 0
4, 33, 15
4, 34, 0
4, 35, 0
4, 36, 0
4, 37, 0
4, 38, 22
4, 39, 0
4, 40, 0
4, 41, 8
4, 42, 0
4, 43, 0
4, 44, 0
4, 45, 0
4, 46, 19
4, 47, 23
4, 48, 0
4, 49, 0
4, 50, 0
4, 51, 0
4, 52, 0
4, 53, 13
4, 54, 0
4, 55, 0
4, 56, 0
4, 57, 0
4, 58, 0
4, 59, 0
4, 60, 0
4, 61, 0
4, 62, 50
4, 63, 53
4, 64, 0
4, 65, 54
4, 66, 58
4, 67, 0
4, 68, 0
4, 69, 0
4, 70, 48
4, 71, 0
4, 72, 0
4, 73, 0
4, 74, 0
4, 75, 0
4, 76, 3
4, 77, 0
4, 78, 0
4, 79, 0
4, 80, 0
4, 81, 25
4, 82, 0
4, 83, 0
4, 84, 0
4, 85, 0
4, 86, 0
4, 87, 0
4, 88, 0
4, 89, 0
4, 90, 0
4, 91, 0
4, 92, 0
4, 93, 0
4, 94, 0
4, 95, 0
4, 96, 2
4, 97, 0
4, 98, 14
4, 99, 0
4, 100, 0
4, 101, 0
4, 102, 0
4, 103, 0
4, 104, 0
4, 105, 0
4, 106, 0
4, 107, 0
4, 108, 0
4, 109, 0
4, 110, 0
4, 111, 0
4, 112, 8
4, 113, 11
4, 114, 0
4, 115, 0
4, 116, 33
4, 117, 0
4, 118, 0
4, 119, 36
4, 120, 0
4, 121, 0
4, 122, 0
4, 123, 0
4, 124, 6
4, 125, 0
4, 126, 0
4, 127, 0
4, 128, 0
4, 129, 0
4, 130, 46
4, 131, 0
4, 132, 0
4, 133, 0
4, 134, 19
4, 135, 0
4, 136, 0
4, 137, 0
4, 138, 13
4, 139, 0
4, 140, 0
4, 141, 5
4, 142, 0
4, 143, 0
4, 144, 0
4, 145, 0
4, 146, 53
4, 147, 0
4, 148, 0
4, 149, 37
4, 150, 13
4, 151, 0
4, 152, 0
4, 153, 34
4, 154, 0
4, 155, 0
4, 156, 0
4, 157, 0
4, 158, 21
4, 159, 0
4, 160, 0
4, 161, 0
4, 162, 0
4, 163, 0
4, 164, 8
4, 165, 32
4, 166, 0
4, 167, 44
4, 168, 39
4, 169, 22
4, 170, 49
4, 171, 0
4, 172, 50
4, 173, 0
4, 174, 36
4, 175, 25
4, 176, 0
4, 177, 0
4, 178, 0
4, 179, 0
4, 180, 42
4, 181, 0
4, 182, 0
4, 183, 17
4, 184, 0
4, 185, 5
4, 186, 0
4, 187, 0
4, 188, 0
4, 189, 0
4, 190, 54
4, 191, 0
4, 192, 0
4, 193, 0
4, 194, 48
4, 195, 0
4, 196, 38
4, 197, 0
4, 198, 0
4, 199, 14
4, 200, 0
4, 201, 0
4, 202, 0
4, 203, 0
4, 204, 0
4, 205, 0
4, 206, 0
4, 207, 0
4, 208, 0
4, 209, 0
4, 210, 0
4, 211, 0
4, 212, 0
4, 213, 0
4, 214, 0
4, 215, 0
4, 216, 0
4, 217, 0
4, 218, 0
4, 219, 0
4, 220, 0
4, 221, 0
4, 222, 0
4, 223, 38
4, 224, 0
4, 225, 0
4, 226, 0
4, 227, 0
4, 228, 0
4, 229, 0
4, 230, 49
4, 231, 0
4, 232, 0
4, 233, 0
4, 234, 0
4, 235, 0
4, 236, 0
4, 237, 0
4, 238, 0
4, 239, 0
4, 240, 0
4, 241, 0
4, 242, 0
4, 243, 0
4, 244, 46
4, 245, 0
4, 246, 0
4, 247, 0
4, 248, 0
4, 249, 0
4, 250, 0
4, 251, 0
4, 252, 0
4, 253, 0
4, 254, 11
4, 255, 0
4, 256, 0
4, 257, 0
4, 258, 0
4, 259, 0
4, 260, 23
4, 261, 0
4, 262, 0
4, 263, 0
4, 264, 0
4, 265, 0
4, 266, 23
4, 267, 0
4, 268, 0
4, 269, 0
4, 270, 0
4, 271, 0
4, 272, 0
4, 273, 1
4, 274, 37
4, 275, 0
4, 276, 0
4, 277, 0
4, 278, 0
4, 279, 0
4, 280, 0
4, 281, 0
4, 282, 33
4, 283, 0
4, 284, 0
4, 285, 0
4, 286, 0
4, 287, 0
4, 288, 0
4, 289, 0
4, 290, 0
4, 291, 25
4, 292, 0
4, 293, 0
4, 294, 19
4, 295, 13
4, 296, 16
4, 297, 0
4, 298, 0
4, 299, 0
4, 300, 0
4, 301, 0
4, 302, 0
4, 303, 0
4, 304, 0
4, 305, 0
4, 306, 0
4, 307, 44
4, 308, 0
4, 309, 5
4, 310, 36
4, 311, 16
4, 312, 0
4, 313, 14
4, 314, 0
4, 315, 0
4, 316, 53
4, 317, 13
4, 318, 0
4, 319, 0
4, 320, 0
4, 321, 0
4, 322, 0
4, 323, 0
4, 324, 0
4, 325, 0
4, 326, 0
4, 327, 0
4, 328, 0
4, 329, 0
4, 330, 0
4, 331, 0
4, 332, 0
4, 333, 0
4, 334, 0
4, 335, 3
4, 336, 21
4, 337, 0
4, 338, 0
4, 339, 0
4, 340, 0
4, 341, 0
4, 342, 0
4, 343, 0
4, 344, 0
4, 345, 54
4, 346, 0
4, 347, 0
4, 348, 50
4, 349, 0
4, 350, 0
4, 351, 0
4, 352, 0
4, 353, 0
4, 354, 0
4, 355, 23
4, 356, 0
4, 357, 46
4, 358, 37
4, 359, 0
4, 360, 0
4, 361, 0
4, 362, 33
4, 363, 15
4, 364, 0
4, 365, 0
4, 366, 0
4, 367, 50
4, 368, 0
4, 369, 24
4, 370, 0
4, 371, 0
4, 372, 0
4, 373, 32
4, 374, 0
4, 375, 0
4, 376, 0
4, 377, 0
4, 378, 0
4, 379, 0
4, 380, 0
4, 381, 0
4, 382, 0
4, 383, 0
4, 384, 0
4, 385, 0
4, 386, 0
4, 387, 0
4, 388, 0
4, 389, 0
4, 390, 60
4, 391, 46
4, 392, 0
4, 393, 0
4, 394, 0
4, 395, 0
4, 396, 6
4, 397, 0
4, 398, 29
4, 399, 0
5, 0, 0
5, 1, 21
5, 2, 0
5, 3, 0
5, 4, 0
5, 5, 0
5, 6, 0
5, 7, 38
5, 8, 22
5, 9, 0
5, 10, 0
5, 11, 18
5, 12, 0
5, 13, 41
5, 14, 27
5, 15, 0
5, 16, 45
5, 17, 37
5, 18, 0
5, 19, 0
5, 20, 33
5, 21, 0
5, 22, 0
5, 23, 0
5, 24, 56
5, 25, 3
5, 26, 0
5, 27, 0
5, 28, 23
5, 29, 21
5, 30, 38
5, 31, 0
5, 32, 40
5, 33, 0
5, 34, 0
5, 35, 0
5, 36, 0
5, 37, 0
5, 38, 38
5, 39, 0
5, 40, 0
5, 41, 0
5, 42, 0
5, 43, 54
5, 44, 0
5, 45, 0
5, 46, 0
5, 47, 0
5, 48, 0
5, 49, 0
5, 50, 0
5, 51, 0
5, 52, 0
5, 53, 0
5, 54, 0
5, 55, 0
5, 56, 0
5, 57, 0
5, 58, 26
5, 59, 0
5, 60, 0
5, 61, 0
5, 62, 0
5, 63, 0
5, 64, 0
5, 65, 0
5, 66, 31
5, 67, 0
5, 68, 0
5, 69, 59
5, 70, 0
5, 71, 0
5, 72, 0
5, 73, 0
5, 74, 0
5, 75, 0
5, 76, 0
5, 77, 0
5, 78, 0
5, 79, 0
5, 80, 0
5, 81, 0
5, 82, 45
5, 83, 51
5, 84, 0
5, 85, 32
5, 86, 0
5, 87, 0
5, 88, 0
5, 89, 0
5, 90, 11
5, 91, 0
5, 92, 2
5, 93, 28
5, 94, 0
5, 95, 18
5, 96, 0
5, 97, 0
5, 98, 0
5, 99, 0
5, 100, 43
5, 101, 20
5, 102, 0
5, 103, 0
5, 104, 0
5, 105, 15
5, 106, 0
5, 107, 0
5, 108, 0
5, 109, 0
5, 110, 0
5, 111, 0
5, 112, 37
5, 113, 0
5, 114, 49
5, 115, 0
5, 116, 0
5, 117, 0
5, 118, 0
5, 119, 0
5, 120, 0
5, 121, 0
5, 122, 0
5, 123, 0
5, 124, 0
5, 125, 0
5, 126, 0
5, 127, 44
5, 128, 0
5, 129, 0
5, 130, 0
5, 131, 0
5, 132, 0
5, 133, 0
5, 134, 0
5, 135, 43
5, 136, 31
5, 137, 0
5, 138, 0
5, 139, 40
5, 140, 0
5, 141, 0
5, 142, 39
5, 143, 0
5, 144, 0
5, 145, 0
5, 146, 11
5, 147, 0
5, 148, 0
5, 149, 0
5, 150, 0
5, 151, 0
5, 152, 0
5, 153, 0
5, 154, 0
5, 155, 0
5, 156, 16
5, 157, 8
5, 158, 44
5, 159, 11
5, 160, 56
5, 161, 41
5, 162, 0
5, 163, 0
5, 164, 41
5, 165, 0
5, 166, 0
5, 167, 54
5, 168, 0
5, 169, 0
5, 170, 0
5, 171, 0
5, 172, 0
5, 173, 0
5, 174, 0
5, 175, 38
5, 176, 0
5, 177, 0
5, 178, 54
5, 179, 0
5, 180, 36
5, 181, 0
5, 182, 0
5, 183, 0
5, 184, 0
5, 185, 27
5, 186, 0
5, 187, 0
5, 188, 0
5, 189, 0
5, 190, 37
5, 191, 0
5, 192, 0
5, 193, 33
5, 194, 0
5, 195, 0
5, 196, 47
5, 197, 0
5, 198, 18
5, 199, 0
5, 200, 56
5, 201, 0
5, 202, 28
5, 203, 0
5, 204, 0
5, 205, 0
5, 206, 25
5, 207, 0
5, 208, 39
5, 209, 0
5, 210, 45
5, 211, 0
5, 212, 0
5, 213, 21
5, 214, 20
5, 215, 0
5, 216, 36
5, 217, 0
5, 218, 0
5, 219, 0
5, 220, 31
5, 221, 49
5, 222, 0
5, 223, 0
5, 224, 0
5, 225, 0
5, 226, 47
5, 227, 0
5, 228, 0
5, 229, 56
5, 230, 0
5, 231, 26
5, 232, 0
5, 233, 0
5, 234, 0
5, 235, 0
5, 236, 0
5, 237, 0
5, 238, 0
5, 239, 0
5, 240, 0
5, 241, 44
5, 242, 5
5, 243, 43
5, 244, 0
5, 245, 0
5, 246, 0
5, 247, 0
5, 248, 0
5, 249, 0
5, 250, 0
5, 251, 0
5, 252, 0
5, 253, 0
5, 254, 0
5, 255, 16
5, 256, 0
5, 257, 0
5, 258, 28
5, 259, 56
5, 260, 0
5, 261, 67
5, 262, 32
5, 263, 0
5, 264, 0
5, 265, 0
5, 266, 0
5, 267, 0
5, 268, 0
5, 269, 0
5, 270, 0
5, 271, 0
5, 272, 0
5, 273, 49
5, 274, 0
5, 275, 0
5, 276, 0
5, 277, 0
5, 278, 0
5, 279, 18
5, 280, 0
5, 281, 8
5, 282, 0
5, 283, 40
5, 284, 3
5, 285, 37
5, 286, 0
5, 287, 0
5, 288, 31
5, 289, 23
5, 290, 0
5, 291, 0
5, 292, 0
5, 293, 0
5, 294, 8
5, 295, 0
5, 296, 41
5, 297, 0
5, 298, 0
5, 299, 0
5, 300, 16
5, 301, 0
5, 302, 0
5, 303, 0
5, 304, 0
5, 305, 0
5, 306, 2
5, 307, 0
5, 308, 0
5, 309, 11
5, 310, 25
5, 311, 0
5, 312, 0
5, 313, 54
5, 314, 0
5, 315, 0
5, 316, 0
5, 317, 18
5, 318, 0
5, 319, 67
5, 320, 47
5, 321, 0
5, 322, 26
5, 323, 0
5, 324, 0
5, 325, 56
5, 326, 43
5, 327, 0
5, 328, 0
5, 329, 0
5, 330, 0
5, 331, 0
5, 332, 0
5, 333, 0
5, 334, 0
5, 335, 0
5, 336, 43
5, 337, 0
5, 338, 0
5, 339, 0
5, 340, 0
5, 341, 0
5, 342, 47
5, 343, 0
5, 344, 0
5, 345, 0
5, 346, 0
5, 347, 0
5, 348, 39
5, 349, 0
5, 350, 4
5, 351, 0
5, 352, 21
5, 353, 0
5, 354, 0
5, 355, 59
5, 356, 0
5, 357, 0
5, 358, 0
5, 359, 0
5, 360, 54
5, 361, 0
5, 362, 0
5, 363, 62
5, 364, 0
5, 365, 31
5, 366, 0
5, 367, 0
5, 368, 0
5, 369, 12
5, 370, 28
5, 371, 36
5, 372, 0
5, 373, 0
5, 374, 36
5, 375, 0
5, 376, 0
5, 377, 18
5, 378, 0
5, 379, 0
5, 380, 0
5, 381, 0
5, 382, 0
5, 383, 0
5, 384, 8
5, 385, 0
5, 386, 0
5, 387, 37
5, 388, 0
5, 389, 0
5, 390, 49
5, 391, 0
5, 392, 0
5, 393, 0
5, 394, 0
5, 395, 0
5, 396, 0
5, 397, 0
5, 398, 0
5, 399, 0
6, 0, 0
6, 1, 0
6, 2, 0
6, 3, 48
6, 4, 0
6, 5, 0
6, 6, 54
6, 7, 0
6, 8, 55
6, 9, 0
6, 10, 0
6, 11, 0
6, 12, 0
6, 13, 0
6, 14, 0
6, 15, 0
6, 16, 0
6, 17, 0
6, 18, 41
6, 19, 44
6, 20, 0
6, 21, 0
6, 22, 0
6, 23, 0
6, 24, 43
6, 25, 12
6, 26, 0
6, 27, 0
6, 28, 0
6, 29, 14
6, 30, 38
6, 31, 32
6, 32, 0
6, 33, 0
6, 34, 0
6, 35, 0
6, 36, 10
6, 37, 0
6, 38, 0
6, 39, 15
6, 40, 35
6, 41, 0
6, 42, 8
6, 43, 0
6, 44, 36
6, 45, 0
6, 46, 0
6, 47, 0
6, 48, 0
6, 49, 9
6, 50, 0
6, 51, 0
6, 52, 0
6, 53, 0
6, 54, 0
6, 55, 0
6, 56, 0
6, 57, 0
6, 58, 42
6, 59, 0
6, 60, 0
6, 61, 0
6, 62, 54
6, 63, 0
6, 64, 0
6, 65, 0
6, 66, 0
6, 67, 0
6, 68, 0
6, 69, 0
6, 70, 0
6, 71, 0
6, 72, 37
6, 73, 0
6, 74, 0
6, 75, 25
6, 76, 0
6, 77, 55
6, 78, 0
6, 79, 9
6, 80, 0
6, 81, 0
6, 82, 0
6, 83, 0
6, 84, 36
6, 85, 0
6, 86, 0
6, 87, 0
6, 88, 0
6, 89, 0
6, 90, 47
6, 91, 43
6, 92, 0
6, 93, 8
6, 94, 0
6, 95, 0
6, 96, 34
6, 97, 0
6, 98, 10
6, 99, 0
6, 100, 0
6, 101, 0
6, 102, 6
6, 103, 39
6, 104, 0
6, 105, 0
6, 106, 0
6, 107, 0
6, 108, 0
6, 109, 0
6, 110, 0
6, 111, 0
6, 112, 0
6, 113, 0
6, 114, 50
6, 115, 0
6, 116, 0
6, 117, 21
6, 118, 0
6, 119, 0
6, 120, 0
6, 121, 0
6, 122, 48
6, 123, 0
6, 124, 0
6, 125, 0
6, 126, 0
6, 127, 0
6, 128, 0
6, 129, 46
6, 130, 0
6, 131, 38
6, 132, 0
6, 133, 0
6, 134, 0
6, 135, 0
6, 136, 13
6, 137, 0
6, 138, 0
6, 139, 9
6, 140, 48
6, 141, 19
6, 142, 0
6, 143, 0
6, 144, 10
6, 145, 0
6, 146, 0
6, 147, 0
6, 148, 0
6, 149, 47
6, 150, 0
6, 151, 0
6, 152, 0
6, 153, 30
6, 154, 0
6, 155, 0
6, 156, 0
6, 157, 54
6, 158, 0
6, 159, 0
6, 160, 0
6, 161, 0
6, 162, 35
6, 163, 0
6, 164, 0
6, 165, 0
6, 166, 0
6, 167, 0
6, 168, 0
6, 169, 0
6, 170, 55
6, 171, 0
6, 172, 7
6, 173, 0
6, 174, 0
6, 175, 0
6, 176, 0
6, 177, 37
6, 178, 0
6, 179, 43
6, 180, 0
6, 181, 0
6, 182, 39
6, 183, 0
6, 184, 0
6, 185, 0
6, 186, 30
6, 187, 0
6, 188, 0
6, 189, 0
6, 190, 0
6, 191, 0
6, 192, 0
6, 193, 0
6, 194, 25
6, 195, 0
6, 196, 0
6, 197, 0
6, 198, 0
6, 199, 0
6, 200, 0
6, 201, 42
6, 202, 0
6, 203, 0
6, 204, 0
6, 205, 0
6, 206, 0
6, 207, 28
6, 208, 37
6, 209, 32
6, 210, 0
6, 211, 0
6, 212, 38
6, 213, 0
6, 214, 0
6, 215, 0
6, 216, 41
6, 217, 0
6, 218, 0
6, 219, 0
6, 220, 0
6, 221, 0
6, 222, 44
6, 223, 55
6, 224, 0
6, 225, 0
6, 226, 0
6, 227, 50
6, 228, 0
6, 229, 0
6, 230, 12
6, 231, 0
6, 232, 0
6, 233, 0
6, 234, 0
6, 235, 0
6, 236, 0
6, 237, 0
6, 238, 0
6, 239, 0
6, 240, 0
6, 241, 0
6, 242, 0
6, 243, 0
6, 244, 31
6, 245, 0
6, 246, 0
6, 247, 36
6, 248, 0
6, 249, 27
6, 250, 0
6, 251, 0
6, 252, 42
6, 253, 0
6, 254, 0
6, 255, 0
6, 256, 0
6, 257, 0
6, 258, 21
6, 259, 0
6, 260, 0
6, 261, 44
6, 262, 19
6, 263, 15
6, 264, 54
6, 265, 8
6, 266, 0
6, 267, 0
6, 268, 0
6, 269, 0
6, 270, 0
6, 271, 0
6, 272, 0
6, 273, 0
6, 274, 0
6, 275, 0
6, 276, 39
6, 277, 0
6, 278, 0
6, 279, 0
6, 280, 0
6, 281, 0
6, 282, 0
6, 283, 0
6, 284, 0
6, 285, 0
6, 286, 32
6, 287, 0
6, 288, 0
6, 289, 46
6, 290, 9
6, 291, 0
6, 292, 0
6, 293, 0
6, 294, 0
6, 295, 0
6, 296, 0
6, 297, 0
6, 298, 0
6, 299, 48
6, 300, 37
6, 301, 13
6, 302, 0
6, 303, 9
6, 304, 0
6, 305, 0
6, 306, 0
6, 307, 42
6, 308, 0
6, 309, 32
6, 310, 7
6, 311, 0
6, 312, 0
6, 313, 0
6, 314, 0
6, 315, 1
6, 316, 0
6, 317, 49
6, 318, 0
6, 319, 46
6, 320, 0
6, 321, 0
6, 322, 14
6, 323, 0
6, 324, 0
6, 325, 0
6, 326, 0
6, 327, 0
6, 328, 43
6, 329, 0
6, 330, 1
6, 331, 0
6, 332, 0
6, 333, 0
6, 334, 27
6, 335, 31
6, 336, 0
6, 337, 0
6, 338, 0
6, 339, 0
6, 340, 47
6, 341, 0
6, 342, 0
6, 343, 0
6, 344, 19
6, 345, 0
6, 346, 0
6, 347, 0
6, 348, 12
6, 349, 0
6, 350, 6
6, 351, 0
6, 352, 0
6, 353, 0
6, 354, 0
6, 355, 0
6, 356, 0
6, 357, 0
6, 358, 0
6, 359, 0
6, 360, 44
6, 361, 38
6, 362, 0
6, 363, 0
6, 364, 0
6, 365, 21
6, 366, 0
6, 367, 0
6, 368, 0
6, 369, 0
6, 370, 0
6, 371, 30
6, 372, 0
6, 373, 50
6, 374, 48
6, 375, 0
6, 376, 0
6, 377, 38
6, 378, 0
6, 379, 0
6, 380, 9
6, 381, 0
6, 382, 0
6, 383, 0
6, 384, 0
6, 385, 22
6, 386, 0
6, 387, 0
6, 388, 0
6, 389, 0
6, 390, 0
6, 391, 1
6, 392, 0
6, 393, 0
6, 394, 7
6, 395, 0
6, 396, 0
6, 397, 0
6, 398, 0
6, 399, 0
7, 0, 0
7, 1, 0
7, 2, 2
7, 3, 57
7, 4, 0
7, 5, 0
7, 6, 0
7, 7, 0
7, 8, 36
7, 9, 0
7, 10, 0
7, 11, 0
7, 12, 0
7, 13, 0
7, 14, 0
7, 15, 0
7, 16, 0
7, 17, 0
7, 18, 0
7, 19, 0
7, 20, 46
7, 21, 0
7, 22, 16
7, 23, 0
7, 24, 0
7, 25, 0
7, 26, 0
7, 27, 0
7, 28, 48
7, 29, 58
7, 30, 26
7, 31, 0
7, 32, 36
7, 33, 0
7, 34, 41
7, 35, 5
7, 36, 43
7, 37, 0
7, 38, 0
7, 39, 0
7, 40, 0
7, 41, 8
7, 42, 0
7, 43, 0
7, 44, 0
7, 45, 58
7, 46, 47
7, 47, 0
7, 48, 0
7, 49, 0
7, 50, 32
7, 51, 0
7, 52, 0
7, 53, 0
7, 54, 0
7, 55, 0
7, 56, 0
7, 57, 0
7, 58, 0
7, 59, 31
7, 60, 0
7, 61, 0
7, 62, 0
7, 63, 0
7, 64, 0
7, 65, 13
7, 66, 0
7, 67, 0
7, 68, 0
7, 69, 0
7, 70, 11
7, 71, 0
7, 72, 0
7, 73, 0
7, 74, 37
7, 75, 0
7, 76, 0
7, 77, 0
7, 78, 0
7, 79, 0
7, 80, 0
7, 81, 10
7, 82, 35
7, 83, 0
7, 84, 29
7, 85, 0
7, 86, 0
7, 87, 57
7, 88, 0
7, 89, 4
7, 90, 0
7, 91, 0
7, 92, 20
7, 93, 0
7, 94, 0
7, 95, 0
7, 96, 0
7, 97, 0
7, 98, 0
7, 99, 0
7, 100, 29
7, 101, 0
7, 102, 0
7, 103, 0
7, 104, 44
7, 105, 0
7, 106, 0
7, 107, 43
7, 108, 0
7, 109, 0
7, 110, 0
7, 111, 0
7, 112, 41
7, 113, 20
7, 114, 0
7, 115, 0
7, 116, 0
7, 117, 47
7, 118, 54
7, 119, 44
7, 120, 7
7, 121, 0
7, 122, 0
7, 123, 0
7, 124, 0
7, 125, 0
7, 126, 0
7, 127, 0
7, 128, 0
7, 129, 0
7, 130, 37
7, 131, 0
7, 132, 21
7, 133, 3
7, 134, 51
7, 135, 0
7, 136, 41
7, 137, 0
7, 138, 39
7, 139, 0
7, 140, 0
7, 141, 31
7, 142, 0
7, 143, 0
7, 144, 0
7, 145, 0
7, 146, 0
7, 147, 45
7, 148, 0
7, 149, 0
7, 150, 0
7, 151, 0
7, 152, 0
7, 153, 0
7, 154, 42
7, 155, 0
7, 156, 46
7, 157, 0
7, 158, 0
7, 159, 0
7, 160, 44
7, 161, 0
7, 162, 0
7, 163, 16
7, 164, 0
7, 165, 0
7, 166, 0
7, 167, 0
7, 168, 0
7, 169, 0
7, 170, 0
7, 171, 0
7, 172, 24
7, 173, 0
7, 174, 0
7, 175, 0
7, 176, 0
7, 177, 0
7, 178, 33
7, 179, 8
7, 180, 0
7, 181, 0
7, 182, 0
7, 183, 0
7, 184, 0
7, 185, 0
7, 186, 44
7, 187, 0
7, 188, 0
7, 189, 30
7, 190, 0
7, 191, 20
7, 192, 0
7, 193, 0
7, 194, 0
7, 195, 0
7, 196, 57
7, 197, 0
7, 198, 0
7, 199, 0
7, 200, 0
7, 201, 0
7, 202, 47
7, 203, 0
7, 204, 0
7, 205, 0
7, 206, 0
7, 207, 0
7, 208, 0
7, 209, 0
7, 210, 31
7, 211, 0
7, 212, 0
7, 213, 46
7, 214, 0
7, 215, 0
7, 216, 35
7, 217, 0
7, 218, 0
7, 219, 47
7, 220, 43
7, 221, 0
7, 222, 0
7, 223, 0
7, 224, 0
7, 225, 0
7, 226, 30
7, 227, 32
7, 228, 48
7, 229, 0
7, 230, 0
7, 231, 0
7, 232, 43
7, 233, 0
7, 234, 0
7, 235, 0
7, 236, 0
7, 237, 37
7, 238, 0
7, 239, 0
7, 240, 26
7, 241, 0
7, 242, 0
7, 243, 21
7, 244, 0
7, 245, 0
7, 246, 0
7, 247, 37
7, 248, 0
7, 249, 51
7, 250, 51
7, 251, 2
7, 252, 41
7, 253, 0
7, 254, 0
7, 255, 0
7, 256, 0
7, 257, 0
7, 258, 0
7, 259, 0
7, 260, 0
7, 261, 0
7, 262, 0
7, 263, 0
7, 264, 0
7, 265, 0
7, 266, 0
7, 267, 0
7, 268, 54
7, 269, 43
7, 270, 0
7, 271, 0
7, 272, 0
7, 273, 0
7, 274, 20
7, 275, 5
7, 276, 0
7, 277, 24
7, 278, 18
7, 279, 0
7, 280, 0
7, 281, 0
7, 282, 0
7, 283, 0
7, 284, 0
7, 285, 0
7, 286, 0
7, 287, 0
7, 288, 0
7, 289, 30
7, 290, 0
7, 291, 58
7, 292, 13
7, 293, 0
7, 294, 0
7, 295, 0
7, 296, 0
7, 297, 0
7, 298, 0
7, 299, 0
7, 300, 0
7, 301, 0
7, 302, 0
7, 303, 0
7, 304, 0
7, 305, 0
7, 306, 0
7, 307, 21
7, 308, 0
7, 309, 0
7, 310, 27
7, 311, 0
7, 312, 51
7, 313, 26
7, 314, 57
7, 315, 0
7, 316, 0
7, 317, 0
7, 318, 0
7, 319, 0
7, 320, 0
7, 321, 0
7, 322, 0
7, 323, 0
7, 324, 0
7, 325, 6
7, 326, 0
7, 327, 0
7, 328, 0
7, 329, 0
7, 330, 52
7, 331, 0
7, 332, 12
7, 333, 8
7, 334, 0
7, 335, 0
7, 336, 33
7, 337, 0
7, 338, 0
7, 339, 0
7, 340, 0
7, 341, 47
7, 342, 0
7, 343, 0
7, 344, 0
7, 345, 0
7, 346, 7
7, 347, 0
7, 348, 0
7, 349, 0
7, 350, 41
7, 351, 0
7, 352, 0
7, 353, 0
7, 354, 2
7, 355, 0
7, 356, 31
7, 357, 0
7, 358, 0
7, 359, 12
7, 360, 0
7, 361, 4
7, 362, 0
7, 363, 42
7, 364, 0
7, 365, 0
7, 366, 0
7, 367, 0
7, 368, 31
7, 369, 0
7, 370, 0
7, 371, 0
7, 372, 44
7, 373, 0
7, 374, 50
7, 375, 0
7, 376, 43
7, 377, 45
7, 378, 0
7, 379, 0
7, 380, 19
7, 381, 0
7, 382, 37
7, 383, 52
7, 384, 0
7, 385, 0
7, 386, 0
7, 387, 0
7, 388, 30
7, 389, 0
7, 390, 0
7, 391, 0
7, 392, 0
7, 393, 47
7, 394, 8
7, 395, 20
7, 396, 29
7, 397, 0
7, 398, 0
7, 399, 0
8, 0, 0
8, 1, 0
8, 2, 0
8, 3, 0
8, 4, 46
8, 5, 0
8, 6, 52
8, 7, 46
8, 8, 0
8, 9, 0
8, 10, 0
8, 11, 0
8, 12, 0
8, 13, 0
8, 14, 0
8, 15, 0
8, 16, 0
8, 17, 46
8, 18, 0
8, 19, 57
8, 20, 0
8, 21, 0
8, 22, 0
8, 23, 0
8, 24, 0
8, 25, 0
8, 26, 0
8, 27, 0
8, 28, 0
8, 29, 11
8, 30, 0
8, 31, 0
8, 32, 0
8, 33, 0
8, 34, 0
8, 35, 0
8, 36, 0
8, 37, 23
8, 38, 0
8, 39, 0
8, 40, 0
8, 41, 0
8, 42, 0
8, 43, 0
8, 44, 0
8, 45, 5
8, 46, 0
8, 47, 0
8, 48, 0
8, 49, 35
8, 50, 0
8, 51, 0
8, 52, 0
8, 53, 0
8, 54, 0
8, 55, 51
8, 56, 0
8, 57, 0
8, 58, 0
8, 59, 44
8, 60, 0
8, 61, 0
8, 62, 0
8, 63, 0
8, 64, 0
8, 65, 18
8, 66, 40
8, 67, 0
8, 68, 0
8, 69, 0
8, 70, 0
8, 71, 0
8, 72, 0
8, 73, 0
8, 74, 0
8, 75, 0
8, 76, 53
8, 77, 0
8, 78, 0
8, 79, 0
8, 80, 0
8, 81, 0
8, 82, 46
8, 83, 0
8, 84, 0
8, 85, 21
8, 86, 0
8, 87, 0
8, 88, 0
8, 89, 0
8, 90, 11
8, 91, 0
8, 92, 0
8, 93, 16
8, 94, 0
8, 95, 28
8, 96, 0
8, 97, 32
8, 98, 0
8, 99, 58
8, 100, 0
8, 101, 0
8, 102, 0
8, 103, 7
8, 104, 0
8, 105, 0
8, 106, 45
8, 107, 0
8, 108, 0
8, 109, 26
8, 110, 0
8, 111, 23
8, 112, 0
8, 113, 0
8, 114, 0
8, 115, 0
8, 116, 0
8, 117, 0
8, 118, 51
8, 119, 19
8, 120, 0
8, 121, 0
8, 122, 0
8, 123, 0
8, 124, 0
8, 125, 0
8, 126, 0
8, 127, 0
8, 128, 0
8, 129, 0
8, 130, 33
8, 131, 0
8, 132, 0
8, 133, 0
8, 134, 39
8, 135, 0
8, 136, 0
8, 137, 51
8, 138, 0
8, 139, 40
8, 140, 0
8, 141, 0
8, 142, 53
8, 143, 57
8, 144, 0
8, 145, 0
8, 146, 0
8, 147, 0
8, 148, 0
8, 149, 56
8, 150, 0
8, 151, 0
8, 152, 0
8, 153, 0
8, 154, 0
8, 155, 0
8, 156, 0
8, 157, 0
8, 158, 0
8, 159, 0
8, 160, 0
8, 161, 0
8, 162, 0
8, 163, 0
8, 164, 0
8, 165, 0
8, 166, 0
8, 167, 0
8, 168, 0
8, 169, 0
8, 170, 40
8, 171, 0
8, 172, 0
8, 173, 0
8, 174, 28
8, 175, 22
8, 176, 0
8, 177, 0
8, 178, 0
8, 179, 0
8, 180, 0
8, 181, 0
8, 182, 0
8, 183, 0
8, 184, 0
8, 185, 0
8, 186, 18
8, 187, 0
8, 188, 0
8, 189, 0
8, 190, 0
8, 191, 0
8, 192, 0
8, 193, 16
8, 194, 0
8, 195, 0
8, 196, 0
8, 197, 0
8, 198, 0
8, 199, 0
8, 200, 0
8, 201, 0
8, 202, 0
8, 203, 0
8, 204, 0
8, 205, 0
8, 206, 0
8, 207, 62
8, 208, 52
8, 209, 40
8, 210, 0
8, 211, 0
8, 212, 0
8, 213, 22
8, 214, 0
8, 215, 0
8, 216, 58
8, 217, 56
8, 218, 0
8, 219, 0
8, 220, 0
8, 221, 50
8, 222, 0
8, 223, 0
8, 224, 0
8, 225, 0
8, 226, 14
8, 227, 0
8, 228, 0
8, 229, 0
8, 230, 0
8, 231, 0
8, 232, 55
8, 233, 0
8, 234, 0
8, 235, 0
8, 236, 0
8, 237, 0
8, 238, 21
8, 239, 0
8, 240, 0
8, 241, 0
8, 242, 0
8, 243, 0
8, 244, 0
8, 245, 0
8, 246, 0
8, 247, 0
8, 248, 0
8, 249, 0
8, 250, 0
8, 251, 63
8, 252, 0
8, 253, 0
8, 254, 0
8, 255, 57
8, 256, 0
8, 257, 0
8, 258, 0
8, 259, 0
8, 260, 0
8, 261, 0
8, 262, 0
8, 263, 0
8, 264, 0
8, 265, 31
8, 266, 0
8, 267, 0
8, 268, 0
8, 269, 0
8, 270, 0
8, 271, 0
8, 272, 0
8, 273, 0
8, 274, 0
8, 275, 0
8, 276, 0
8, 277, 28
8, 278, 39
8, 279, 0
8, 280, 0
8, 281, 0
8, 282, 53
8, 283, 0
8, 284, 0
8, 285, 44
8, 286, 0
8, 287, 0
8, 288, 0
8, 289, 37
8, 290, 0
8, 291, 0
8, 292, 0
8, 293, 26
8, 294, 0
8, 295, 53
8, 296, 11
8, 297, 0
8, 298, 13
8, 299, 23
8, 300, 46
8, 301, 55
8, 302, 0
8, 303, 0
8, 304, 0
8, 305, 0
8, 306, 0
8, 307, 0
8, 308, 0
8, 309, 0
8, 310, 38
8, 311, 21
8, 312, 0
8, 313, 0
8, 314, 0
8, 315, 0
8, 316, 19
8, 317, 0
8, 318, 11
8, 319, 18
8, 320, 0
8, 321, 0
8, 322, 0
8, 323, 0
8, 324, 0
8, 325, 0
8, 326, 0
8, 327, 0
8, 328, 28
8, 329, 0
8, 330, 0
8, 331, 0
8, 332, 58
8, 333, 0
8, 334, 0
8, 335, 0
8, 336, 0
8, 337, 0
8, 338, 0
8, 339, 0
8, 340, 5
8, 341, 0
8, 342, 0
8, 343, 33
8, 344, 0
8, 345, 0
8, 346, 62
8, 347, 0
8, 348, 0
8, 349, 52
8, 350, 0
8, 351, 0
8, 352, 0
8, 353, 0
8, 354, 50
8, 355, 0
8, 356, 0
8, 357, 0
8, 358, 0
8, 359, 0
8, 360, 0
8, 361, 0
8, 362, 0
8, 363, 56
8, 364, 0
8, 365, 0
8, 366, 32
8, 367, 0
8, 368, 0
8, 369, 31
8, 370, 0
8, 371, 22
8, 372, 0
8, 373, 32
8, 374, 26
8, 375, 0
8, 376, 28
8, 377, 0
8, 378, 0
8, 379, 30
8, 380, 28
8, 381, 0
8, 382, 0
8, 383, 46
8, 384, 0
8, 385, 51
8, 386, 0
8, 387, 0
8, 388, 0
8, 389, 50
8, 390, 46
8, 391, 0
8, 392, 0
8, 393, 19
8, 394, 0
8, 395, 0
8, 396, 35
8, 397, 0
8, 398, 0
8, 399, 0
9, 0, 0
9, 1, 0
9, 2, 0
9, 3, 37
9, 4, 0
9, 5, 12
9, 6, 0
9, 7, 0
9, 8, 0
9, 9, 0
9, 10, 0
9, 11, 0
9, 12, 28
9, 13, 0
9, 14, 0
9, 15, 0
9, 16, 8
9, 17, 0
9, 18, 0
9, 19, 0
9, 20, 0
9, 21, 0
9, 22, 0
9, 23, 0
9, 24, 46
9, 25, 0
9, 26, 0
9, 27, 0
9, 28, 17
9, 29, 0
9, 30, 35
9, 31, 43
9, 32, 0
9, 33, 38
9, 34, 0
9, 35, 0
9, 36, 0
9, 37, 0
9, 38, 0
9, 39, 0
9, 40, 0
9, 41, 50
9, 42, 0
9, 43, 0
9, 44, 0
9, 45, 52
9, 46, 0
9, 47, 19
9, 48, 0
9, 49, 0
9, 50, 0
9, 51, 0
9, 52, 0
9, 53, 0
9, 54, 0
9, 55, 0
9, 56, 23
9, 57, 8
9, 58, 0
9, 59, 0
9, 60, 0
9, 61, 34
9, 62, 0
9, 63, 0
9, 64, 0
9, 65, 0
9, 66, 0
9, 67, 0
9, 68, 0
9, 69, 43
9, 70, 0
9, 71, 0
9, 72, 0
9, 73, 0
9, 74, 0
9, 75, 12
9, 76, 31
9, 77, 0
9, 78, 0
9, 79, 0
9, 80, 41
9, 81, 0
9, 82, 35
9, 83, 0
9, 84, 0
9, 85, 0
9, 86, 0
9, 87, 0
9, 88, 50
9, 89, 0
9, 90, 0
9, 91, 0
9, 92, 0
9, 93, 0
9, 94, 6
9, 95, 0
9, 96, 0
9, 97, 7
9, 98, 0
9, 99, 0
9, 100, 18
9, 101, 37
9, 102, 12
9, 103, 0
9, 104, 0
9, 105, 0
9, 106, 0
9, 107, 0
9, 108, 0
9, 109, 0
9, 110, 0
9, 111, 0
9, 112, 0
9, 113, 0
9, 114, 10
9, 115, 45
9, 116, 0
9, 117, 26
9, 118, 0
9, 119, 45
9, 120, 41
9, 121, 0
9, 122, 0
9, 123, 0
9, 124, 0
9, 125, 0
9, 126, 0
9, 127, 0
9, 128, 0
9, 129, 0
9, 130, 0
9, 131, 0
9, 132, 0
9, 133, 0
9, 134, 0
9, 135, 0
9, 136, 47
9, 137, 0
9, 138, 10
9, 139, 0
9, 140, 0
9, 141, 0
9, 142, 8
9, 143, 37
9, 144, 0
9, 145, 0
9, 146, 0
9, 147, 0
9, 148, 0
9, 149, 0
9, 150, 0
9, 151, 0
9, 152, 51
9, 153, 0
9, 154, 0
9, 155, 18
9, 156, 0
9, 157, 0
9, 158, 25
9, 159, 0
9, 160, 0
9, 161, 51
9, 162, 0
9, 163, 0
9, 164, 0
9, 165, 0
9, 166, 0
9, 167, 35
9, 168, 0
9, 169, 0
9, 170, 0
9, 171, 0
9, 172, 0
9, 173, 0
9, 174, 0
9, 175, 0
9, 176, 0
9, 177, 43
9, 178, 0
9, 179, 13
9, 180, 0
9, 181, 0
9, 182, 49
9, 183, 0
9, 184, 22
9, 185, 0
9, 186, 0
9, 187, 0
9, 188, 0
9, 189, 0
9, 190, 28
9, 191, 61
9, 192, 0
9, 193, 0
9, 194, 52
9, 195, 48
9, 196, 0
9, 197, 0
9, 198, 0
9, 199, 0
9, 200, 0
9, 201, 0
9, 202, 0
9, 203, 0
9, 204, 0
9, 205, 0
9, 206, 0
9, 207, 0
9, 208, 50
9, 209, 0
9, 210, 0
9, 211, 0
9, 212, 0
9, 213, 0
9, 214, 0
9, 215, 14
9, 216, 0
9, 217, 50
9, 218, 43
9, 219, 0
9, 220, 0
9, 221, 0
9, 222, 15
9, 223, 0
9, 224, 28
9, 225, 0
9, 226, 0
9, 227, 0
9, 228, 0
9, 229, 0
9, 230, 0
9, 231, 0
9, 232, 0
9, 233, 23
9, 234, 0
9, 235, 55
9, 236, 0
9, 237, 0
9, 238, 0
9, 239, 0
9, 240, 0
9, 241, 0
9, 242, 41
9, 243, 0
9, 244, 0
9, 245, 0
9, 246, 0
9, 247, 0
9, 248, 0
9, 249, 0
9, 250, 0
9, 251, 0
9, 252, 0
9, 253, 0
9, 254, 0
9, 255, 0
9, 256, 0
9, 257, 0
9, 258, 0
9, 259, 0
9, 260, 0
9, 261, 31
9, 262, 0
9, 263, 0
9, 264, 0
9, 265, 0
9, 266, 35
9, 267, 5
9, 268, 0
9, 269, 0
9, 270, 0
9, 271, 0
9, 272, 34
9, 273, 18
9, 274, 0
9, 275, 0
9, 276, 0
9, 277, 51
9, 278, 0
9, 279, 0
9, 280, 0
9, 281, 10
9, 282, 0
9, 283, 19
9, 284, 0
9, 285, 0
9, 286, 0
9, 287, 0
9, 288, 0
9, 289, 46
9, 290, 0
9, 291, 0
9, 292, 0
9, 293, 0
9, 294, 0
9, 295, 13
9, 296, 45
9, 297, 0
9, 298, 0
9, 299, 15
9, 300, 50
9, 301, 0
9, 302, 0
9, 303, 43
9, 304, 41
9, 305, 0
9, 306, 0
9, 307, 0
9, 308, 22
9, 309, 0
9, 310, 0
9, 311, 63
9, 312, 46
9, 313, 0
9, 314, 0
9, 315, 0
9, 316, 0
9, 317, 38
9, 318, 14
9, 319, 0
9, 320, 48
9, 321, 0
9, 322, 41
9, 323, 0
9, 324, 0
9, 325, 0
9, 326, 0
9, 327, 0
9, 328, 0
9, 329, 0
9, 330, 0
9, 331, 0
9, 332, 44
9, 333, 0
9, 334, 52
9, 335, 51
9, 336, 22
9, 337, 0
9, 338, 0
9, 339, 0
9, 340, 0
9, 341, 0
9, 342, 0
9, 343, 0
9, 344, 0
9, 345, 0
9, 346, 0
9, 347, 0
9, 348, 0
9, 349, 0
9, 350, 26
9, 351, 0
9, 352, 0
9, 353, 0
9, 354, 0
9, 355, 0
9, 356, 0
9, 357, 0
9, 358, 0
9, 359, 0
9, 360, 0
9, 361, 0
9, 362, 15
9, 363, 0
9, 364, 35
9, 365, 0
9, 366, 21
9, 367, 23
9, 368, 38
9, 369, 19
9, 370, 0
9, 371, 0
9, 372, 0
9, 373, 0
9, 374, 0
9, 375, 0
9, 376, 8
9, 377, 0
9, 378, 0
9, 379, 0
9, 380, 0
9, 381, 61
9, 382, 0
9, 383, 0
9, 384, 0
9, 385, 0
9, 386, 48
9, 387, 7
9, 388, 0
9, 389, 0
9, 390, 35
9, 391, 0
9, 392, 0
9, 393, 0
9, 394, 50
9, 395, 0
9, 396, 0
9, 397, 22
9, 398, 6
9, 399, 0
10, 0, 0
10, 1, 0
10, 2, 29
10, 3, 17
10, 4, 0
10, 5, 0
10, 6, 0
10, 7, 0
10, 8, 0
10, 9, 4
10, 10, 0
10, 11, 0
10, 12, 0
10, 13, 0
10, 14, 0
10, 15, 0
10, 16, 33
10, 17, 0
10, 18, 0
10, 19, 0
10, 20, 0
10, 21, 0
10, 22, 0
10, 23, 0
10, 24, 0
10, 25, 8
10, 26, 0
10, 27, 0
10, 28, 48
10, 29, 35
10, 30, 0
10, 31, 0
10, 32, 30
10, 33, 27
10, 34, 0
10, 35, 38
10, 36, 0
10, 37, 0
10, 38, 0
10, 39, 0
10, 40, 0
10, 41, 0
10, 42, 0
10, 43, 0
10, 44, 0
10, 45, 0
10, 46, 0
10, 47, 0
10, 48, 0
10, 49, 0
10, 50, 10
10, 51, 4
10, 52, 0
10, 53, 0
10, 54, 0
10, 55, 0
10, 56, 21
10, 57, 0
10, 58, 32
10, 59, 0
10, 60, 0
10, 61, 0
10, 62, 35
10, 63, 0
10, 64, 0
10, 65, 0
10, 66, 44
10, 67, 0
10, 68, 0
10, 69, 0
10, 70, 0
10, 71, 0
10, 72, 0
10, 73, 0
10, 74, 0
10, 75, 0
10, 76, 34
10, 77, 58
10, 78, 0
10, 79, 0
10, 80, 57
10, 81, 0
10, 82, 0
10, 83, 0
10, 84, 15
10, 85, 0
10, 86, 0
10, 87, 0
10, 88, 0
10, 89, 0
10, 90, 0
10, 91, 0
10, 92, 0
10, 93, 0
10, 94, 0
10, 95, 0
10, 96, 0
10, 97, 0
10, 98, 0
10, 99, 35
10, 100, 0
10, 101, 0
10, 102, 0
10, 103, 0
10, 104, 0
10, 105, 0
10, 106, 0
10, 107, 52
10, 108, 0
10, 109, 8
10, 110, 0
10, 111, 0
10, 112, 0
10, 113, 0
10, 114, 0
10, 115, 4
10, 116, 0
10, 117, 0
10, 118, 0
10, 119, 23
10, 120, 0
10, 121, 0
10, 122, 0
10, 123, 0
10, 124, 0
10, 125, 0
10, 126, 0
10, 127, 0
10, 128, 4
10, 129, 0
10, 130, 0
10, 131, 24
10, 132, 0
10, 133, 0
10, 134, 8
10, 135, 0
10, 136, 0
10, 137, 0
10, 138, 0
10, 139, 0
10, 140, 0
10, 141, 52
10, 142, 18
10, 143, 27
10, 144, 0
10, 145, 34
10, 146, 44
10, 147, 0
10, 148, 56
10, 149, 26
10, 150, 0
10, 151, 1
10, 152, 0
10, 153, 0
10, 154, 0
10, 155, 0
10, 156, 38
10, 157, 19
10, 158, 0
10, 159, 0
10, 160, 0
10, 161, 0
10, 162, 0
10, 163, 0
10, 164, 0
10, 165, 0
10, 166, 0
10, 167, 0
10, 168, 24
10, 169, 17
10, 170, 0
10, 171, 0
10, 172, 0
10, 173, 0
10, 174, 0
10, 175, 0
10, 176, 21
10, 177, 16
10, 178, 32
10, 179, 0
10, 180, 18
10, 181, 0
10, 182, 0
10, 183, 0
10, 184, 0
10, 185, 0
10, 186, 0
10, 187, 0
10, 188, 39
10, 189, 0
10, 190, 0
10, 191, 0
10, 192, 0
10, 193, 29
10, 194, 0
10, 195, 29
10, 196, 35
10, 197, 0
10, 198, 0
10, 199, 0
10, 200, 0
10, 201, 0
10, 202, 0
10, 203, 0
10, 204, 0
10, 205, 0
10, 206, 0
10, 207, 0
10, 208, 0
10, 209, 0
10, 210, 0
10, 211, 0
10, 212, 0
10, 213, 0
10, 214, 0
10, 215, 0
10, 216, 0
10, 217, 18
10, 218, 32
10, 219, 0
10, 220, 57
10, 221, 0
10, 222, 0
10, 223, 10
10, 224, 0
10, 225, 0
10, 226, 21
10, 227, 0
10, 228, 0
10, 229, 0
10, 230, 0
10, 231, 0
10, 232, 0
10, 233, 0
10, 234, 0
10, 235, 0
10, 236, 48
10, 237, 44
10, 238, 0
10, 239, 34
10, 240, 0
10, 241, 28
10, 242, 0
10, 243, 0
10, 244, 0
10, 245, 39
10, 246, 27
10, 247, 0
10, 248, 19
10, 249, 0
10, 250, 0
10, 251, 26
10, 252, 0
10, 253, 0
10, 254, 0
10, 255, 0
10, 256, 0
10, 257, 0
10, 258, 0
10, 259, 0
10, 260, 0
10, 261, 0
10, 262, 0
10, 263, 0
10, 264, 54
10, 265, 0
10, 266, 0
10, 267, 0
10, 268, 23
10, 269, 0
10, 270, 0
10, 271, 0
10, 272, 58
10, 273, 0
10, 274, 30
10, 275, 0
10, 276, 44
10, 277, 0
10, 278, 0
10, 279, 0
10, 280, 0
10, 281, 0
10, 282, 58
10, 283, 0
10, 284, 0
10, 285, 0
10, 286, 0
10, 287, 48
10, 288, 52
10, 289, 0
10, 290, 0
10, 291, 0
10, 292, 0
10, 293, 0
10, 294, 0
10, 295, 0
10, 296, 0
10, 297, 0
10, 298, 0
10, 299, 0
10, 300, 0
10, 301, 0
10, 302, 0
10, 303, 0
10, 304, 5
10, 305, 0
10, 306, 0
10, 307, 0
10, 308, 0
10, 309, 0
10, 310, 0
10, 311, 0
10, 312, 0
10, 313, 0
10, 314, 0
10, 315, 0
10, 316, 0
10, 317, 0
10, 318, 0
10, 319, 10
10, 320, 0
10, 321, 0
10, 322, 0
10, 323, 0
10, 324, 18
10, 325, 0
10, 326, 0
10, 327, 0
10, 328, 0
10, 329, 0
10, 330, 0
10, 331, 0
10, 332, 24
10, 333, 56
10, 334, 0
10, 335, 38
10, 336, 0
10, 337, 0
10, 338, 0
10, 339, 48
10, 340, 32
10, 341, 0
10, 342, 0
10, 343, 0
10, 344, 0
10, 345, 19
10, 346, 13
10, 347, 0
10, 348, 0
10, 349, 0
10, 350, 0
10, 351, 0
10, 352, 0
10, 353, 0
10, 354, 0
10, 355, 0
10, 356, 0
10, 357, 0
10, 358, 0
10, 359, 0
10, 360, 15
10, 361, 56
10, 362, 0
10, 363, 0
10, 364, 0
10, 365, 0
10, 366, 0
10, 367, 0
10, 368, 0
10, 369, 0
10, 370, 0
10, 371, 0
10, 372, 0
10, 373, 4
10, 374, 39
10, 375, 0
10, 376, 0
10, 377, 0
10, 378, 0
10, 379, 0
10, 380, 52
10, 381, 0
10, 382, 16
10, 383, 0
10, 384, 0
10, 385, 54
10, 386, 0
10, 387, 0
10, 388, 57
10, 389, 0
10, 390, 0
10, 391, 0
10, 392, 0
10, 393, 0
10, 394, 0
10, 395, 28
10, 396, 0
10, 397, 0
10, 398, 0
10, 399, 0
11, 0, 0
11, 1, 0
11, 2, 25
11, 3, 0
11, 4, 0
11, 5, 0
11, 6, 0
11, 7, 2
11, 8, 50
11, 9, 0
11, 10, 0
11, 11, 0
11, 12, 0
11, 13, 14
11, 14, 0
11, 15, 0
11, 16, 0
11, 17, 0
11, 18, 17
11, 19, 0
11, 20, 0
11, 21, 30
11, 22, 0
11, 23, 0
11, 24, 19
11, 25, 0
11, 26, 0
11, 27, 0
11, 28, 0
11, 29, 0
11, 30, 0
11, 31, 0
11, 32, 0
11, 33, 8
11, 34, 0
11, 35, 0
11, 36, 0
11, 37, 0
11, 38, 11
11, 39, 45
11, 40, 0
11, 41, 0
11, 42, 18
11, 43, 0
11, 44, 0
11, 45, 0
11, 46, 0
11, 47, 0
11, 48, 0
11, 49, 0
11, 50, 0
11, 51, 0
11, 52, 0
11, 53, 0
11, 54, 60
11, 55, 0
11, 56, 7
11, 57, 31
11, 58, 0
11, 59, 0
11, 60, 0
11, 61, 0
11, 62, 0
11, 63, 52
11, 64, 0
11, 65, 16
11, 66, 0
11, 67, 0
11, 68, 0
11, 69, 0
11, 70, 45
11, 71, 0
11, 72, 0
11, 73, 0
11, 74, 0
11, 75, 0
11, 76, 12
11, 77, 0
11, 78, 0
11, 79, 50
11, 80, 0
11, 81, 0
11, 82, 0
11, 83, 0
11, 84, 0
11, 85, 0
11, 86, 41
11, 87, 0
11, 88, 0
11, 89, 26
11, 90, 0
11, 91, 0
11, 92, 1
11, 93, 0
11, 94, 0
11, 95, 0
11, 96, 0
11, 97, 0
11, 98, 48
11, 99, 0
11, 100, 24
11, 101, 19
11, 102, 0
11, 103, 5
11, 104, 0
11, 105, 0
11, 106, 34
11, 107, 0
11, 108, 0
11, 109, 22
11, 110, 0
11, 111, 0
11, 112, 0
11, 113, 0
11, 114, 0
11, 115, 0
11, 116, 0
11, 117, 48
11, 118, 19
11, 119, 9
11, 120, 25
11, 121, 0
11, 122, 53
11, 123, 53
11, 124, 11
11, 125, 0
11, 126, 0
11, 127, 0
11, 128, 0
11, 129, 0
11, 130, 0
11, 131, 0
11, 132, 23
11, 133, 42
11, 134, 18
11, 135, 0
11, 136, 22
11, 137, 0
11, 138, 0
11, 139, 0
11, 140, 0
11, 141, 0
11, 142, 0
11, 143, 0
11, 144, 0
11, 145, 0
11, 146, 1
11, 147, 46
11, 148, 0
11, 149, 0
11, 150, 0
11, 151, 0
11, 152, 0
11, 153, 0
11, 154, 0
11, 155, 31
11, 156, 0
11, 157, 12
11, 158, 0
11, 159, 0
11, 160, 0
11, 161, 0
11, 162, 0
11, 163, 0
11, 164, 0
11, 165, 26
11, 166, 16
11, 167, 0
11, 168, 0
11, 169, 0
11, 170, 0
11, 171, 0
11, 172, 0
11, 173, 0
11, 174, 0
11, 175, 13
11, 176, 0
11, 177, 0
11, 178, 0
11, 179, 0
11, 180, 11
11, 181, 0
11, 182, 8
11, 183, 0
11, 184, 0
11, 185, 0
11, 186, 0
11, 187, 0
11, 188, 0
11, 189, 0
11, 190, 0
11, 191, 0
11, 192, 0
11, 193, 0
11, 194, 0
11, 195, 0
11, 196, 0
11, 197, 12
11, 198, 0
11, 199, 0
11, 200, 40
11, 201, 0
11, 202, 0
11, 203, 17
11, 204, 0
11, 205, 0
11, 206, 0
11, 207, 0
11, 208, 0
11, 209, 34
11, 210, 0
11, 211, 41
11, 212, 19
11, 213, 0
11, 214, 0
11, 215, 0
11, 216, 0
11, 217, 0
11, 218, 0
11, 219, 25
11, 220, 0
11, 221, 0
11, 222, 0
11, 223, 0
11, 224, 0
11, 225, 0
11, 226, 0
11, 227, 0
11, 228, 0
11, 229, 0
11, 230, 0
11, 231, 0
11, 232, 0
11, 233, 0
11, 234, 0
11, 235, 14
11, 236, 30
11, 237, 0
11, 238, 0
11, 239, 0
11, 240, 0
11, 241, 14
11, 242, 0
11, 243, 17
11, 244, 0
11, 245, 0
11, 246, 0
11, 247, 0
11, 248, 0
11, 249, 0
11, 250, 0
11, 251, 0
11, 252, 0
11, 253, 0
11, 254, 0
11, 255, 52
11, 256, 0
11, 257, 0
11, 258, 0
11, 259, 42
11, 260, 50
11, 261, 5
11, 262, 24
11, 263, 0
11, 264, 0
11, 265, 0
11, 266, 0
11, 267, 0
11, 268, 0
11, 269, 0
11, 270, 0
11, 271, 0
11, 272, 40
11, 273, 0
11, 274, 0
11, 275, 0
11, 276, 0
11, 277, 9
11, 278, 0
11, 279, 0
11, 280, 0
11, 281, 60
11, 282, 6
11, 283, 0
11, 284, 29
11, 285, 5
11, 286, 0
11, 287, 0
11, 288, 45
11, 289, 57
11, 290, 0
11, 291, 11
11, 292, 0
11, 293, 0
11, 294, 45
11, 295, 0
11, 296, 0
11, 297, 0
11, 298, 0
11, 299, 0
11, 300, 19
11, 301, 0
11, 302, 25
11, 303, 0
11, 304, 0
11, 305, 0
11, 306, 0
11, 307, 0
11, 308, 0
11, 309, 0
11, 310, 0
11, 311, 0
11, 312, 34
11, 313, 0
11, 314, 0
11, 315, 0
11, 316, 0
11, 317, 0
11, 318, 0
11, 319, 0
11, 320, 16
11, 321, 0
11, 322, 15
11, 323, 0
11, 324, 0
11, 325, 0
11, 326, 0
11, 327, 41
11, 328, 0
11, 329, 0
11, 330, 0
11, 331, 7
11, 332, 0
11, 333, 0
11, 334, 0
11, 335, 2
11, 336, 0
11, 337, 19
11, 338, 0
11, 339, 0
11, 340, 0
11, 341, 0
11, 342, 0
11, 343, 0
11, 344, 0
11, 345, 0
11, 346, 0
11, 347, 0
11, 348, 0
11, 349, 53
11, 350, 0
11, 351, 0
11, 352, 31
11, 353, 12
11, 354, 0
11, 355, 48
11, 356, 0
11, 357, 0
11, 358, 0
11, 359, 0
11, 360, 52
11, 361, 4
11, 362, 0
11, 363, 0
11, 364, 0
11, 365, 0
11, 366, 0
11, 367, 0
11, 368, 0
11, 369, 0
11, 370, 13
11, 371, 0
11, 372, 0
11, 373, 0
11, 374, 0
11, 375, 1
11, 376, 0
11, 377, 12
11, 378, 44
11, 379, 0
11, 380, 0
11, 381, 0
11, 382, 0
11, 383, 0
11, 384, 0
11, 385, 19
11, 386, 0
11, 387, 0
11, 388, 0
11, 389, 5
11, 390, 0
11, 391, 0
11, 392, 14
11, 393, 0
11, 394, 0
11, 395, 0
11, 396, 8
11, 397, 19
11, 398, 0
11, 399, 17
12, 0, 0
12, 1, 0
12, 2, 0
12, 3, 39
12, 4, 50
12, 5, 0
12, 6, 0
12, 7, 0
12, 8, 0
12, 9, 0
12, 10, 0
12, 11, 0
12, 12, 0
12, 13, 0
12, 14, 49
12, 15, 0
12, 16, 0
12, 17, 0
12, 18, 0
12, 19, 22
12, 20, 0
12, 21, 0
12, 22, 0
12, 23, 0
12, 24, 0
12, 25, 0
12, 26, 27
12, 27, 0
12, 28, 33
12, 29, 0
12, 30, 0
12, 31, 0
12, 32, 0
12, 33, 0
12, 34, 0
12, 35, 14
12, 36, 0
12, 37, 8
12, 38, 0
12, 39, 0
12, 40, 0
12, 41, 32
12, 42, 0
12, 43, 0
12, 44, 0
12, 45, 0
12, 46, 0
12, 47, 0
12, 48, 0
12, 49, 0
12, 50, 0
12, 51, 0
12, 52, 31
12, 53, 0
12, 54, 0
12, 55, 0
12, 56, 0
12, 57, 0
12, 58, 0
12, 59, 0
12, 60, 0
12, 61, 38
12, 62, 0
12, 63, 52
12, 64, 0
12, 65, 0
12, 66, 37
12, 67, 15
12, 68, 57
12, 69, 0
12, 70, 25
12, 71, 33
12, 72, 24
12, 73, 0
12, 74, 26
12, 75, 0
12, 76, 0
12, 77, 44
12, 78, 57
12, 79, 0
12, 80, 0
12, 81, 0
12, 82, 0
12, 83, 0
12, 84, 0
12, 85, 0
12, 86, 0
12, 87, 0
12, 88, 0
12, 89, 0
12, 90, 0
12, 91, 0
12, 92, 0
12, 93, 0
12, 94, 0
12, 95, 54
12, 96, 0
12, 97, 0
12, 98, 0
12, 99, 0
12, 100, 0
12, 101, 39
12, 102, 0
12, 103, 0
12, 104, 13
12, 105, 48
12, 106, 10
12, 107, 0
12, 108, 0
12, 109, 0
12, 110, 0
12, 111, 0
12, 112, 0
12, 113, 0
12, 114, 0
12, 115, 0
12, 116, 9
12, 117, 0
12, 118, 28
12, 119, 0
12, 120, 0
12, 121, 35
12, 122, 8
12, 123, 14
12, 124, 0
12, 125, 0
12, 126, 0
12, 127, 0
12, 128, 0
12, 129, 0
12, 130, 0
12, 131, 0
12, 132, 39
12, 133, 0
12, 134, 0
12, 135, 0
12, 136, 0
12, 137, 0
12, 138, 0
12, 139, 0
12, 140, 55
12, 141, 0
12, 142, 0
12, 143, 0
12, 144, 22
12, 145, 0
12, 146, 0
12, 147, 25
12, 148, 50
12, 149, 0
12, 150, 29
12, 151, 0
12, 152, 0
12, 153, 0
12, 154, 54
12, 155, 0
12, 156, 0
12, 157, 54
12, 158, 0
12, 159, 0
12, 160, 0
12, 161, 0
12, 162, 0
12, 163, 0
12, 164, 0
12, 165, 0
12, 166, 46
12, 167, 43
12, 168, 0
12, 169, 0
12, 170, 0
12, 171, 0
12, 172, 0
12, 173, 65
12, 174, 0
12, 175, 0
12, 176, 0
12, 177, 0
12, 178, 0
12, 179, 48
12, 180, 0
12, 181, 0
12, 182, 0
12, 183, 0
12, 184, 35
12, 185, 0
12, 186, 26
12, 187, 0
12, 188, 0
12, 189, 19
12, 190, 24
12, 191, 0
12, 192, 0
12, 193, 0
12, 194, 0
12, 195, 0
12, 196, 0
12, 197, 49
12, 198, 0
12, 199, 0
12, 200, 0
12, 201, 0
12, 202, 0
12, 203, 0
12, 204, 0
12, 205, 0
12, 206, 13
12, 207, 0
12, 208, 0
12, 209, 0
12, 210, 0
12, 211, 0
12, 212, 0
12, 213, 9
12, 214, 0
12, 215, 16
12, 216, 0
12, 217, 0
12, 218, 49
12, 219, 0
12, 220, 0
12, 221, 44
12, 222, 0
12, 223, 0
12, 224, 0
12, 225, 0
12, 226, 0
12, 227, 0
12, 228, 0
12, 229, 31
12, 230, 0
12, 231, 0
12, 232, 0
12, 233, 0
12, 234, 0
12, 235, 0
12, 236, 0
12, 237, 52
12, 238, 0
12, 239, 0
12, 240, 0
12, 241, 32
12, 242, 0
12, 243, 0
12, 244, 0
12, 245, 0
12, 246, 0
12, 247, 0
12, 248, 0
12, 249, 0
12, 250, 26
12, 251, 0
12, 252, 0
12, 253, 0
12, 254, 0
12, 255, 14
12, 256, 0
12, 257, 0
12, 258, 0
12, 259, 0
12, 260, 0
12, 261, 0
12, 262, 0
12, 263, 32
12, 264, 0
12, 265, 0
12, 266, 0
12, 267, 0
12, 268, 0
12, 269, 0
12, 270, 57
12, 271, 0
12, 272, 0
12, 273, 0
12, 274, 55
12, 275, 0
12, 276, 0
12, 277, 16
12, 278, 38
12, 279, 0
12, 280, 27
12, 281, 22
12, 282, 13
12, 283, 0
12, 284, 25
12, 285, 0
12, 286, 0
12, 287, 0
12, 288, 24
12, 289, 37
12, 290, 39
12, 291, 0
12, 292, 53
12, 293, 0
12, 294, 47
12, 295, 0
12, 296, 0
12, 297, 0
12, 298, 52
12, 299, 33
12, 300, 0
12, 301, 0
12, 302, 0
12, 303, 0
12, 304, 0
12, 305, 22
12, 306, 0
12, 307, 0
12, 308, 0
12, 309, 0
12, 310, 0
12, 311, 41
12, 312, 0
12, 313, 0
12, 314, 0
12, 315, 0
12, 316, 0
12, 317, 0
12, 318, 49
12, 319, 0
12, 320, 0
12, 321, 0
12, 322, 0
12, 323, 0
12, 324, 0
12, 325, 22
12, 326, 0
12, 327, 0
12, 328, 48
12, 329, 10
12, 330, 0
12, 331, 0
12, 332, 0
12, 333, 0
12, 334, 0
12, 335, 0
12, 336, 2
12, 337, 0
12, 338, 0
12, 339, 0
12, 340, 0
12, 341, 0
12, 342, 0
12, 343, 0
12, 344, 8
12, 345, 21
12, 346, 0
12, 347, 0
12, 348, 0
12, 349, 0
12, 350, 0
12, 351, 0
12, 352, 0
12, 353, 0
12, 354, 0
12, 355, 0
12, 356, 0
12, 357, 41
12, 358, 0
12, 359, 19
12, 360, 0
12, 361, 27
12, 362, 0
12, 363, 0
12, 364, 0
12, 365, 0
12, 366, 0
12, 367, 49
12, 368, 0
12, 369, 0
12, 370, 0
12, 371, 0
12, 372, 54
12, 373, 0
12, 374, 0
12, 375, 0
12, 376, 45
12, 377, 43
12, 378, 57
12, 379, 26
12, 380, 0
12, 381, 0
12, 382, 29
12, 383, 0
12, 384, 0
12, 385, 48
12, 386, 0
12, 387, 44
12, 388, 0
12, 389, 0
12, 390, 0
12, 391, 0
12, 392, 2
12, 393, 0
12, 394, 35
12, 395, 0
12, 396, 0
12, 397, 0
12, 398, 0
12, 399, 0
13, 0, 0
13, 1, 0
13, 2, 0
13, 3, 31
13, 4, 0
13, 5, 0
13, 6, 0
13, 7, 0
13, 8, 0
13, 9, 11
13, 10, 26
13, 11, 0
13, 12, 45
13, 13, 0
13, 14, 0
13, 15, 0
13, 16, 0
13, 17, 0
13, 18, 0
13, 19, 0
13, 20, 0
13, 21, 0
13, 22, 27
13, 23, 40
13, 24, 0
13, 25, 25
13, 26, 0
13, 27, 0
13, 28, 0
13, 29, 0
13, 30, 0
13, 31, 0
13, 32, 0
13, 33, 0
13, 34, 0
13, 35, 0
13, 36, 0
13, 37, 33
13, 38, 0
13, 39, 0
13, 40, 0
13, 41, 19
13, 42, 0
13, 43, 0
13, 44, 0
13, 45, 0
13, 46, 0
13, 47, 0
13, 48, 0
13, 49, 0
13, 50, 55
13, 51, 0
13, 52, 12
13, 53, 46
13, 54, 0
13, 55, 0
13, 56, 0
13, 57, 0
13, 58, 0
13, 59, 0
13, 60, 0
13, 61, 0
13, 62, 2
13, 63, 0
13, 64, 29
13, 65, 0
13, 66, 0
13, 67, 0
13, 68, 33
13, 69, 0
13, 70, 0
13, 71, 0
13, 72, 0
13, 73, 12
13, 74, 0
13, 75, 37
13, 76, 0
13, 77, 36
13, 78, 0
13, 79, 0
13, 80, 0
13, 81, 0
13, 82, 0
13, 83, 0
13, 84, 0
13, 85, 3
13, 86, 0
13, 87, 0
13, 88, 3
13, 89, 42
13, 90, 0
13, 91, 0
13, 92, 0
13, 93, 0
13, 94, 0
13, 95, 0
13, 96, 0
13, 97, 0
13, 98, 0
13, 99, 0
13, 100, 26
13, 101, 55
13, 102, 9
13, 103, 19
13, 104, 0
13, 105, 0
13, 106, 0
13, 107, 42
13, 108, 0
13, 109, 50
13, 110, 0
13, 111, 0
13, 112, 0
13, 113, 0
13, 114, 0
13, 115, 52
13, 116, 45
13, 117, 0
13, 118, 0
13, 119, 0
13, 120, 0
13, 121, 0
13, 122, 0
13, 123, 0
13, 124, 0
13, 125, 21
13, 126, 0
13, 127, 0
13, 128, 0
13, 129, 0
13, 130, 0
13, 131, 41
13, 132, 53
13, 133, 0
13, 134, 14
13, 135, 0
13, 136, 47
13, 137, 0
13, 138, 0
13, 139, 0
13, 140, 0
13, 141, 0
13, 142, 0
13, 143, 0
13, 144, 0
13, 145, 0
13, 146, 0
13, 147, 0
13, 148, 0
13, 149, 0
13, 150, 0
13, 151, 0
13, 152, 0
13, 153, 3
13, 154, 0
13, 155, 0
13, 156, 0
13, 157, 0
13, 158, 0
13, 159, 0
13, 160, 0
13, 161, 0
13, 162, 0
13, 163, 0
13, 164, 0
13, 165, 0
13, 166, 0
13, 167, 0
13, 168, 53
13, 169, 0
13, 170, 30
13, 171, 0
13, 172, 0
13, 173, 0
13, 174, 0
13, 175, 0
13, 176, 0
13, 177, 0
13, 178, 0
13, 179, 0
13, 180, 0
13, 181, 0
13, 182, 0
13, 183, 0
13, 184, 0
13, 185, 0
13, 186, 0
13, 187, 0
13, 188, 0
13, 189, 0
13, 190, 0
13, 191, 0
13, 192, 45
13, 193, 42
13, 194, 0
13, 195, 19
13, 196, 0
13, 197, 0
13, 198, 0
13, 199, 0
13, 200, 39
13, 201, 0
13, 202, 0
13, 203, 42
13, 204, 0
13, 205, 55
13, 206, 0
13, 207, 0
13, 208, 0
13, 209, 31
13, 210, 0
13, 211, 0
13, 212, 0
13, 213, 40
13, 214, 0
13, 215, 0
13, 216, 37
13, 217, 0
13, 218, 0
13, 219, 0
13, 220, 0
13, 221, 0
13, 222, 0
13, 223, 40
13, 224, 27
13, 225, 0
13, 226, 0
13, 227, 50
13, 228, 0
13, 229, 0
13, 230, 0
13, 231, 0
13, 232, 0
13, 233, 47
13, 234, 0
13, 235, 0
13, 236, 0
13, 237, 19
13, 238, 0
13, 239, 27
13, 240, 55
13, 241, 0
13, 242, 0
13, 243, 0
13, 244, 0
13, 245, 0
13, 246, 0
13, 247, 0
13, 248, 0
13, 249, 0
13, 250, 0
13, 251, 0
13, 252, 0
13, 253, 0
13, 254, 0
13, 255, 0
13, 256, 53
13, 257, 58
13, 258, 0
13, 259, 0
13, 260, 0
13, 261, 0
13, 262, 0
13, 263, 0
13, 264, 0
13, 265, 0
13, 266, 0
13, 267, 0
13, 268, 0
13, 269, 46
13, 270, 28
13, 271, 53
13, 272, 0
13, 273, 0
13, 274, 0
13, 275, 0
13, 276, 0
13, 277, 0
13, 278, 11
13, 279, 0
13, 280, 0
13, 281, 0
13, 282, 33
13, 283, 0
13, 284, 0
13, 285, 0
13, 286, 42
13, 287, 58
13, 288, 0
13, 289, 0
13, 290, 0
13, 291, 31
13, 292, 0
13, 293, 0
13, 294, 0
13, 295, 0
13, 296, 0
13, 297, 0
13, 298, 0
13, 299, 0
13, 300, 37
13, 301, 0
13, 302, 0
13, 303, 37
13, 304, 0
13, 305, 0
13, 306, 0
13, 307, 0
13, 308, 22
13, 309, 55
13, 310, 49
13, 311, 0
13, 312, 0
13, 313, 3
13, 314, 0
13, 315, 0
13, 316, 0
13, 317, 0
13, 318, 0
13, 319, 39
13, 320, 9
13, 321, 0
13, 322, 0
13, 323, 27
13, 324, 0
13, 325, 0
13, 326, 0
13, 327, 14
13, 328, 0
13, 329, 21
13, 330, 0
13, 331, 0
13, 332, 0
13, 333, 0
13, 334, 0
13, 335, 32
13, 336, 12
13, 337, 0
13, 338, 0
13, 339, 0
13, 340, 0
13, 341, 0
13, 342, 26
13, 343, 0
13, 344, 36
13, 345, 0
13, 346, 28
13, 347, 0
13, 348, 0
13, 349, 39
13, 350, 30
13, 351, 0
13, 352, 0
13, 353, 0
13, 354, 0
13, 355, 53
13, 356, 0
13, 357, 0
13, 358, 45
13, 359, 58
13, 360, 0
13, 361, 47
13, 362, 0
13, 363, 0
13, 364, 0
13, 365, 0
13, 366, 53
13, 367, 0
13, 368, 33
13, 369, 2
13, 370, 0
13, 371, 0
13, 372, 46
13, 373, 0
13, 374, 0
13, 375, 52
13, 376, 0
13, 377, 21
13, 378, 0
13, 379, 0
13, 380, 39
13, 381, 0
13, 382, 0
13, 383, 0
13, 384, 40
13, 385, 42
13, 386, 40
13, 387, 0
13, 388, 19
13, 389, 0
13, 390, 0
13, 391, 0
13, 392, 0
13, 393, 46
13, 394, 0
13, 395, 0
13, 396, 0
13, 397, 0
13, 398, 0
13, 399, 36
14, 0, 0
14, 1, 16
14, 2, 0
14, 3, 0
14, 4, 0
14, 5, 0
14, 6, 33
14, 7, 11
14, 8, 0
14, 9, 0
14, 10, 58
14, 11, 0
14, 12, 0
14, 13, 0
14, 14, 0
14, 15, 0
14, 16, 32
14, 17, 0
14, 18, 0
14, 19, 0
14, 20, 0
14, 21, 0
14, 22, 0
14, 23, 38
14, 24, 0
14, 25, 0
14, 26, 0
14, 27, 24
14, 28, 0
14, 29, 0
14, 30, 41
14, 31, 27
14, 32, 0
14, 33, 0
14, 34, 0
14, 35, 0
14, 36, 0
14, 37, 0
14, 38, 23
14, 39, 0
14, 40, 31
14, 41, 13
14, 42, 29
14, 43, 0
14, 44, 0
14, 45, 0
14, 46, 19
14, 47, 0
14, 48, 44
14, 49, 43
14, 50, 0
14, 51, 0
14, 52, 0
14, 53, 0
14, 54, 0
14, 55, 21
14, 56, 0
14, 57, 0
14, 58, 0
14, 59, 50
14, 60, 28
14, 61, 0
14, 62, 20
14, 63, 0
14, 64, 0
14, 65, 0
14, 66, 0
14, 67, 0
14, 68, 0
14, 69, 0
14, 70, 41
14, 71, 0
14, 72, 0
14, 73, 29
14, 74, 0
14, 75, 0
14, 76, 0
14, 77, 0
14, 78, 0
14, 79, 0
14, 80, 0
14, 81, 0
14, 82, 0
14, 83, 8
14, 84, 0
14, 85, 0
14, 86, 43
14, 87, 0
14, 88, 0
14, 89, 0
14, 90, 46
14, 91, 0
14, 92, 18
14, 93, 34
14, 94, 0
14, 95, 0
14, 96, 0
14, 97, 0
14, 98, 50
14, 99, 0
14, 100, 0
14, 101, 5
14, 102, 0
14, 103, 49
14, 104, 0
14, 105, 0
14, 106, 0
14, 107, 0
14, 108, 0
14, 109, 32
14, 110, 44
14, 111, 13
14, 112, 0
14, 113, 15
14, 114, 0
14, 115, 0
14, 116, 6
14, 117, 0
14, 118, 0
14, 119, 0
14, 120, 0
14, 121, 0
14, 122, 11
14, 123, 0
14, 124, 0
14, 125, 0
14, 126, 3
14, 127, 43
14, 128, 0
14, 129, 0
14, 130, 55
14, 131, 0
14, 132, 0
14, 133, 0
14, 134, 0
14, 135, 37
14, 136, 0
14, 137, 0
14, 138, 36
14, 139, 0
14, 140, 0
14, 141, 34
14, 142, 0
14, 143, 0
14, 144, 0
14, 145, 0
14, 146, 0
14, 147, 0
14, 148, 0
14, 149, 0
14, 150, 16
14, 151, 0
14, 152, 0
14, 153, 0
14, 154, 14
14, 155, 0
14, 156, 0
14, 157, 0
14, 158, 0
14, 159, 0
14, 160, 0
14, 161, 0
14, 162, 0
14, 163, 0
14, 164, 51
14, 165, 0
14, 166, 0
14, 167, 0
14, 168, 0
14, 169, 0
14, 170, 43
14, 171, 50
14, 172, 0
14, 173, 0
14, 174, 0
14, 175, 0
14, 176, 38
14, 177, 19
14, 178, 34
14, 179, 46
14, 180, 0
14, 181, 0
14, 182, 0
14, 183, 0
14, 184, 0
14, 185, 0
14, 186, 31
14, 187, 41
14, 188, 24
14, 189, 12
14, 190, 0
14, 191, 0
14, 192, 0
14, 193, 27
14, 194, 0
14, 195, 0
14, 196, 0
14, 197, 0
14, 198, 0
14, 199, 0
14, 200, 0
14, 201, 0
14, 202, 28
14, 203, 0
14, 204, 0
14, 205, 0
14, 206, 49
14, 207, 29
14, 208, 0
14, 209, 0
14, 210, 0
14, 211, 62
14, 212, 0
14, 213, 0
14, 214, 0
14, 215, 0
14, 216, 0
14, 217, 33
14, 218, 0
14, 219, 0
14, 220, 0
14, 221, 49
14, 222, 0
14, 223, 0
14, 224, 36
14, 225, 53
14, 226, 0
14, 227, 0
14, 228, 0
14, 229, 0
14, 230, 0
14, 231, 0
14, 232, 0
14, 233, 0
14, 234, 0
14, 235, 36
14, 236, 51
14, 237, 0
14, 238, 0
14, 239, 0
14, 240, 0
14, 241, 0
14, 242, 0
14, 243, 0
14, 244, 0
14, 245, 0
14, 246, 0
14, 247, 39
14, 248, 0
14, 249, 0
14, 250, 0
14, 251, 0
14, 252, 0
14, 253, 0
14, 254, 29
14, 255, 13
14, 256, 0
14, 257, 15
14, 258, 0
14, 259, 0
14, 260, 0
14, 261, 0
14, 262, 16
14, 263, 0
14, 264, 0
14, 265, 0
14, 266, 3
14, 267, 0
14, 268, 50
14, 269, 0
14, 270, 23
14, 271, 22
14, 272, 0
14, 273, 51
14, 274, 0
14, 275, 0
14, 276, 44
14, 277, 16
14, 278, 0
14, 279, 58
14, 280, 0
14, 281, 0
14, 282, 0
14, 283, 0
14, 284, 0
14, 285, 13
14, 286, 0
14, 287, 34
14, 288, 0
14, 289, 0
14, 290, 0
14, 291, 0
14, 292, 0
14, 293, 0
14, 294, 0
14, 295, 0
14, 296, 18
14, 297, 14
14, 298, 49
14, 299, 0
14, 300, 0
14, 301, 14
14, 302, 0
14, 303, 0
14, 304, 0
14, 305, 0
14, 306, 0
14, 307, 0
14, 308, 0
14, 309, 0
14, 310, 0
14, 311, 0
14, 312, 0
14, 313, 0
14, 314, 0
14, 315, 0
14, 316, 0
14, 317, 0
14, 318, 0
14, 319, 53
14, 320, 0
14, 321, 28
14, 322, 0
14, 323, 0
14, 324, 0
14, 325, 0
14, 326, 8
14, 327, 0
14, 328, 33
14, 329, 6
14, 330, 0
14, 331, 0
14, 332, 0
14, 333, 0
14, 334, 0
14, 335, 0
14, 336, 0
14, 337, 0
14, 338, 27
14, 339, 0
14, 340, 20
14, 341, 0
14, 342, 0
14, 343, 0
14, 344, 0
14, 345, 62
14, 346, 43
14, 347, 0
14, 348, 0
14, 349, 0
14, 350, 0
14, 351, 46
14, 352, 0
14, 353, 0
14, 354, 0
14, 355, 0
14, 356, 0
14, 357, 3
14, 358, 0
14, 359, 15
14, 360, 0
14, 361, 0
14, 362, 0
14, 363, 0
14, 364, 38
14, 365, 0
14, 366, 45
14, 367, 0
14, 368, 0
14, 369, 0
14, 370, 36
14, 371, 39
14, 372, 0
14, 373, 0
14, 374, 55
14, 375, 51
14, 376, 0
14, 377, 14
14, 378, 0
14, 379, 0
14, 380, 0
14, 381, 15
14, 382, 0
14, 383, 0
14, 384, 0
14, 385, 0
14, 386, 0
14, 387, 0
14, 388, 0
14, 389, 0
14, 390, 0
14, 391, 0
14, 392, 0
14, 393, 5
14, 394, 0
14, 395, 0
14, 396, 0
14, 397, 0
14, 398, 0
14, 399, 0
15, 0, 0
15, 1, 0
15, 2, 0
15, 3, 0
15, 4, 0
15, 5, 41
15, 6, 0
15, 7, 0
15, 8, 16
15, 9, 0
15, 10, 0
15, 11, 22
15, 12, 0
15, 13, 0
15, 14, 0
15, 15, 0
15, 16, 0
15, 17, 37
15, 18, 0
15, 19, 0
15, 20, 26
15, 21, 0
15, 22, 13
15, 23, 0
15, 24, 0
15, 25, 0
15, 26, 0
15, 27, 0
15, 28, 0
15, 29, 51
15, 30, 52
15, 31, 0
15, 32, 0
15, 33, 0
15, 34, 0
15, 35, 24
15, 36, 0
15, 37, 0
15, 38, 0
15, 39, 0
15, 40, 0
15, 41, 0
15, 42, 0
15, 43, 0
15, 44, 18
15, 45, 0
15, 46, 0
15, 47, 0
15, 48, 12
15, 49, 0
15, 50, 23
15, 51, 0
15, 52, 0
15, 53, 0
15, 54, 40
15, 55, 0
15, 56, 0
15, 57, 0
15, 58, 12
15, 59, 0
15, 60, 10
15, 61, 0
15, 62, 8
15, 63, 32
15, 64, 14
15, 65, 35
15, 66, 9
15, 67, 0
15, 68, 0
15, 69, 0
15, 70, 36
15, 71, 31
15, 72, 0
15, 73, 0
15, 74, 0
15, 75, 51
15, 76, 0
15, 77, 0
15, 78, 10
15, 79, 4
15, 80, 0
15, 81, 0
15, 82, 10
15, 83, 0
15, 84, 0
15, 85, 0
15, 86, 0
15, 87, 58
15, 88, 0
15, 89, 0
15, 90, 0
15, 91, 0
15, 92, 4
15, 93, 0
15, 94, 0
15, 95, 0
15, 96, 26
15, 97, 0
15, 98, 0
15, 99, 0
15, 100, 0
15, 101, 0
15, 102, 43
15, 103, 0
15, 104, 0
15, 105, 26
15, 106, 0
15, 107, 0
15, 108, 0
15, 109, 0
15, 110, 0
15, 111, 0
15, 112, 0
15, 113, 0
15, 114, 11
15, 115, 0
15, 116, 2
15, 117, 0
15, 118, 0
15, 119, 0
15, 120, 22
15, 121, 0
15, 122, 0
15, 123, 0
15, 124, 35
15, 125, 0
15, 126, 0
15, 127, 0
15, 128, 8
15, 129, 0
15, 130, 0
15, 131, 0
15, 132, 0
15, 133, 0
15, 134, 0
15, 135, 0
15, 136, 0
15, 137, 0
15, 138, 20
15, 139, 18
15, 140, 14
15, 141, 0
15, 142, 0
15, 143, 53
15, 144, 0
15, 145, 0
15, 146, 0
15, 147, 0
15, 148, 0
15, 149, 0
15, 150, 0
15, 151, 40
15, 152, 37
15, 153, 50
15, 154, 0
15, 155, 0
15, 156, 0
15, 157, 0
15, 158, 0
15, 159, 0
15, 160, 0
15, 161, 0
15, 162, 0
15, 163, 0
15, 164, 20
15, 165, 0
15, 166, 51
15, 167, 0
15, 168, 0
15, 169, 0
15, 170, 0
15, 171, 0
15, 172, 0
15, 173, 0
15, 174, 0
15, 175, 51
15, 176, 0
15, 177, 0
15, 178, 16
15, 179, 0
15, 180, 18
15, 181, 36
15, 182, 0
15, 183, 0
15, 184, 0
15, 185, 0
15, 186, 0
15, 187, 0
15, 188, 0
15, 189, 0
15, 190, 0
15, 191, 0
15, 192, 0
15, 193, 51
15, 194, 0
15, 195, 0
15, 196, 0
15, 197, 0
15, 198, 0
15, 199, 0
15, 200, 0
15, 201, 0
15, 202, 0
15, 203, 0
15, 204, 0
15, 205, 31
15, 206, 0
15, 207, 0
15, 208, 37
15, 209, 0
15, 210, 34
15, 211, 0
15, 212, 0
15, 213, 17
15, 214, 0
15, 215, 0
15, 216, 13
15, 217, 0
15, 218, 42
15, 219, 0
15, 220, 0
15, 221, 0
15, 222, 0
15, 223, 0
15, 224, 0
15, 225, 55
15, 226, 22
15, 227, 0
15, 228, 44
15, 229, 16
15, 230, 0
15, 231, 52
15, 232, 0
15, 233, 0
15, 234, 0
15, 235, 0
15, 236, 0
15, 237, 0
15, 238, 0
15, 239, 0
15, 240, 0
15, 241, 0
15, 242, 0
15, 243, 35
15, 244, 0
15, 245, 0
15, 246, 0
15, 247, 0
15, 248, 0
15, 249, 0
15, 250, 0
15, 251, 4
15, 252, 50
15, 253, 0
15, 254, 0
15, 255, 0
15, 256, 0
15, 257, 8
15, 258, 0
15, 259, 0
15, 260, 0
15, 261, 0
15, 262, 32
15, 263, 0
15, 264, 0
15, 265, 0
15, 266, 10
15, 267, 0
15, 268, 0
15, 269, 0
15, 270, 0
15, 271, 0
15, 272, 0
15, 273, 0
15, 274, 0
15, 275, 0
15, 276, 2
15, 277, 0
15, 278, 20
15, 279, 0
15, 280, 0
15, 281, 0
15, 282, 0
15, 283, 22
15, 284, 0
15, 285, 0
15, 286, 0
15, 287, 0
15, 288, 0
15, 289, 0
15, 290, 0
15, 291, 0
15, 292, 29
15, 293, 31
15, 294, 0
15, 295, 22
15, 296, 0
15, 297, 0
15, 298, 24
15, 299, 14
15, 300, 0
15, 301, 0
15, 302, 0
15, 303, 0
15, 304, 0
15, 305, 0
15, 306, 0
15, 307, 0
15, 308, 0
15, 309, 0
15, 310, 51
15, 311, 0
15, 312, 29
15, 313, 0
15, 314, 0
15, 315, 18
15, 316, 0
15, 317, 0
15, 318, 52
15, 319, 12
15, 320, 0
15, 321, 44
15, 322, 58
15, 323, 0
15, 324, 9
15, 325, 0
15, 326, 36
15, 327, 0
15, 328, 0
15, 329, 0
15, 330, 0
15, 331, 36
15, 332, 0
15, 333, 24
15, 334, 55
15, 335, 0
15, 336, 0
15, 337, 0
15, 338, 0
15, 339, 0
15, 340, 0
15, 341, 0
15, 342, 31
15, 343, 0
15, 344, 0
15, 345, 0
15, 346, 0
15, 347, 0
15, 348, 0
15, 349, 0
15, 350, 17
15, 351, 0
15, 352, 51
15, 353, 0
15, 354, 50
15, 355, 0
15, 356, 0
15, 357, 0
15, 358, 0
15, 359, 42
15, 360, 0
15, 361, 34
15, 362, 32
15, 363, 0
15, 364, 12
15, 365, 0
15, 366, 0
15, 367, 0
15, 368, 0
15, 369, 0
15, 370, 23
15, 371, 0
15, 372, 0
15, 373, 0
15, 374, 0
15, 375, 0
15, 376, 0
15, 377, 0
15, 378, 0
15, 379, 0
15, 380, 35
15, 381, 0
15, 382, 0
15, 383, 0
15, 384, 0
15, 385, 4
15, 386, 0
15, 387, 29
15, 388, 0
15, 389, 0
15, 390, 0
15, 391, 0
15, 392, 17
15, 393, 0
15, 394, 0
15, 395, 0
15, 396, 0
15, 397, 18
15, 398, 0
15, 399, 0
16, 0, 0
16, 1, 8
16, 2, 0
16, 3, 43
16, 4, 0
16, 5, 0
16, 6, 42
16, 7, 0
16, 8, 0
16, 9, 0
16, 10, 0
16, 11, 27
16, 12, 0
16, 13, 0
16, 14, 0
16, 15, 0
16, 16, 0
16, 17, 0
16, 18, 40
16, 19, 0
16, 20, 0
16, 21, 0
16, 22, 0
16, 23, 0
16, 24, 34
16, 25, 3
16, 26, 44
16, 27, 18
16, 28, 0
16, 29, 0
16, 30, 0
16, 31, 12
16, 32, 19
16, 33, 37
16, 34, 0
16, 35, 0
16, 36, 0
16, 37, 0
16, 38, 50
16, 39, 0
16, 40, 0
16, 41, 31
16, 42, 0
16, 43, 0
16, 44, 0
16, 45, 0
16, 46, 0
16, 47, 0
16, 48, 0
16, 49, 0
16, 50, 0
16, 51, 0
16, 52, 0
16, 53, 0
16, 54, 0
16, 55, 48
16, 56, 0
16, 57, 0
16, 58, 0
16, 59, 0
16, 60, 0
16, 61, 0
16, 62, 0
16, 63, 55
16, 64, 0
16, 65, 0
16, 66, 0
16, 67, 0
16, 68, 0
16, 69, 0
16, 70, 0
16, 71, 0
16, 72, 0
16, 73, 30
16, 74, 8
16, 75, 57
16, 76, 0
16, 77, 0
16, 78, 0
16, 79, 0
16, 80, 10
16, 81, 0
16, 82, 0
16, 83, 0
16, 84, 0
16, 85, 0
16, 86, 0
16, 87, 34
16, 88, 0
16, 89, 0
16, 90, 0
16, 91, 0
16, 92, 0
16, 93, 0
16, 94, 0
16, 95, 0
16, 96, 57
16, 97, 0
16, 98, 0
16, 99, 0
16, 100, 0
16, 101, 0
16, 102, 0
16, 103, 0
16, 104, 0
16, 105, 0
16, 106, 56
16, 107, 0
16, 108, 16
16, 109, 0
16, 110, 11
16, 111, 0
16, 112, 0
16, 113, 0
16, 114, 35
16, 115, 0
16, 116, 42
16, 117, 0
16, 118, 0
16, 119, 0
16, 120, 0
16, 121, 19
16, 122, 0
16, 123, 0
16, 124, 0
16, 125, 36
16, 126, 0
16, 127, 39
16, 128, 27
16, 129, 0
16, 130, 0
16, 131, 0
16, 132, 3
16, 133, 41
16, 134, 2
16, 135, 0
16, 136, 0
16, 137, 0
16, 138, 0
16, 139, 0
16, 140, 0
16, 141, 0
16, 142, 0
16, 143, 0
16, 144, 0
16, 145, 0
16, 146, 0
16, 147, 0
16, 148, 0
16, 149, 47
16, 150, 0
16, 151, 50
16, 152, 0
16, 153, 0
16, 154, 0
16, 155, 44
16, 156, 0
16, 157, 0
16, 158, 0
16, 159, 0
16, 160, 0
16, 161, 48
16, 162, 0
16, 163, 48
16, 164, 0
16, 165, 0
16, 166, 0
16, 167, 0
16, 168, 0
16, 169, 0
16, 170, 31
16, 171, 19
16, 172, 0
16, 173, 0
16, 174, 0
16, 175, 0
16, 176, 0
16, 177, 38
16, 178, 0
16, 179, 0
16, 180, 0
16, 181, 0
16, 182, 0
16, 183, 0
16, 184, 0
16, 185, 0
16, 186, 46
16, 187, 37
16, 188, 0
16, 189, 0
16, 190, 0
16, 191, 0
16, 192, 35
16, 193, 0
16, 194, 0
16, 195, 27
16, 196, 55
16, 197, 0
16, 198, 0
16, 199, 0
16, 200, 0
16, 201, 0
16, 202, 0
16, 203, 0
16, 204, 0
16, 205, 0
16, 206, 0
16, 207, 40
16, 208, 0
16, 209, 0
16, 210, 0
16, 211, 50
16, 212, 0
16, 213, 0
16, 214, 0
16, 215, 0
16, 216, 0
16, 217, 34
16, 218, 0
16, 219, 0
16, 220, 44
16, 221, 0
16, 222, 0
16, 223, 0
16, 224, 0
16, 225, 0
16, 226, 0
16, 227, 0
16, 228, 48
16, 229, 0
16, 230, 0
16, 231, 0
16, 232, 0
16, 233, 16
16, 234, 0
16, 235, 0
16, 236, 0
16, 237, 0
16, 238, 0
16, 239, 22
16, 240, 0
16, 241, 0
16, 242, 0
16, 243, 30
16, 244, 0
16, 245, 0
16, 246, 0
16, 247, 0
16, 248, 0
16, 249, 0
16, 250, 0
16, 251, 0
16, 252, 0
16, 253, 0
16, 254, 0
16, 255, 0
16, 256, 0
16, 257, 0
16, 258, 0
16, 259, 0
16, 260, 0
16, 261, 47
16, 262, 37
16, 263, 0
16, 264, 10
16, 265, 0
16, 266, 0
16, 267, 0
16, 268, 0
16, 269, 0
16, 270, 10
16, 271, 57
16, 272, 0
16, 273, 10
16, 274, 0
16, 275, 0
16, 276, 18
16, 277, 0
16, 278, 7
16, 279, 0
16, 280, 0
16, 281, 0
16, 282, 46
16, 283, 0
16, 284, 0
16, 285, 0
16, 286, 0
16, 287, 0
16, 288, 44
16, 289, 0
16, 290, 0
16, 291, 0
16, 292, 0
16, 293, 0
16, 294, 0
16, 295, 0
16, 296, 0
16, 297, 0
16, 298, 0
16, 299, 34
16, 300, 42
16, 301, 0
16, 302, 16
16, 303, 0
16, 304, 0
16, 305, 0
16, 306, 0
16, 307, 3
16, 308, 0
16, 309, 0
16, 310, 36
16, 311, 0
16, 312, 0
16, 313, 2
16, 314, 0
16, 315, 0
16, 316, 0
16, 317, 0
16, 318, 0
16, 319, 30
16, 320, 55
16, 321, 0
16, 322, 43
16, 323, 27
16, 324, 0
16, 325, 0
16, 326, 40
16, 327, 0
16, 328, 0
16, 329, 0
16, 330, 0
16, 331, 34
16, 332, 0
16, 333, 0
16, 334, 0
16, 335, 50
16, 336, 12
16, 337, 0
16, 338, 0
16, 339, 0
16, 340, 0
16, 341, 0
16, 342, 0
16, 343, 0
16, 344, 0
16, 345, 41
16, 346, 16
16, 347, 46
16, 348, 0
16, 349, 35
16, 350, 0
16, 351, 48
16, 352, 0
16, 353, 6
16, 354, 0
16, 355, 2
16, 356, 0
16, 357, 0
16, 358, 39
16, 359, 0
16, 360, 0
16, 361, 0
16, 362, 0
16, 363, 0
16, 364, 0
16, 365, 0
16, 366, 0
16, 367, 10
16, 368, 0
16, 369, 0
16, 370, 0
16, 371, 0
16, 372, 0
16, 373, 0
16, 374, 0
16, 375, 0
16, 376, 0
16, 377, 56
16, 378, 0
16, 379, 0
16, 380, 0
16, 381, 57
16, 382, 0
16, 383, 0
16, 384, 37
16, 385, 0
16, 386, 0
16, 387, 0
16, 388, 0
16, 389, 0
16, 390, 0
16, 391, 0
16, 392, 0
16, 393, 0
16, 394, 34
16, 395, 0
16, 396, 0
16, 397, 0
16, 398, 46
16, 399, 0
17, 0, 0
17, 1, 0
17, 2, 0
17, 3, 0
17, 4, 0
17, 5, 0
17, 6, 0
17, 7, 40
17, 8, 0
17, 9, 0
17, 10, 47
17, 11, 0
17, 12, 0
17, 13, 0
17, 14, 50
17, 15, 0
17, 16, 0
17, 17, 0
17, 18, 10
17, 19, 53
17, 20, 0
17, 21, 0
17, 22, 0
17, 23, 0
17, 24, 0
17, 25, 0
17, 26, 0
17, 27, 0
17, 28, 0
17, 29, 0
17, 30, 0
17, 31, 0
17, 32, 0
17, 33, 0
17, 34, 0
17, 35, 59
17, 36, 42
17, 37, 0
17, 38, 9
17, 39, 0
17, 40, 0
17, 41, 39
17, 42, 58
17, 43, 0
17, 44, 52
17, 45, 4
17, 46, 0
17, 47, 0
17, 48, 0
17, 49, 0
17, 50, 0
17, 51, 0
17, 52, 0
17, 53, 0
17, 54, 0
17, 55, 0
17, 56, 0
17, 57, 0
17, 58, 0
17, 59, 0
17, 60, 0
17, 61, 0
17, 62, 20
17, 63, 24
17, 64, 0
17, 65, 0
17, 66, 44
17, 67, 0
17, 68, 47
17, 69, 0
17, 70, 47
17, 71, 15
17, 72, 0
17, 73, 28
17, 74, 0
17, 75, 0
17, 76, 42
17, 77, 49
17, 78, 0
17, 79, 52
17, 80, 0
17, 81, 40
17, 82, 34
17, 83, 0
17, 84, 0
17, 85, 0
17, 86, 0
17, 87, 0
17, 88, 50
17, 89, 0
17, 90, 31
17, 91, 53
17, 92, 0
17, 93, 0
17, 94, 0
17, 95, 0
17, 96, 0
17, 97, 33
17, 98, 0
17, 99, 0
17, 100, 0
17, 101, 0
17, 102, 0
17, 103, 30
17, 104, 0
17, 105, 0
17, 106, 0
17, 107, 0
17, 108, 0
17, 109, 0
17, 110, 0
17, 111, 0
17, 112, 0
17, 113, 0
17, 114, 0
17, 115, 49
17, 116, 0
17, 117, 0
17, 118, 0
17, 119, 0
17, 120, 0
17, 121, 0
17, 122, 29
17, 123, 59
17, 124, 54
17, 125, 0
17, 126, 0
17, 127, 0
17, 128, 0
17, 129, 0
17, 130, 0
17, 131, 21
17, 132, 6
17, 133, 0
17, 134, 0
17, 135, 0
17, 136, 0
17, 137, 0
17, 138, 0
17, 139, 0
17, 140, 0
17, 141, 0
17, 142, 0
17, 143, 28
17, 144, 0
17, 145, 0
17, 146, 0
17, 147, 0
17, 148, 0
17, 149, 0
17, 150, 0
17, 151, 0
17, 152, 10
17, 153, 0
17, 154, 0
17, 155, 9
17, 156, 0
17, 157, 0
17, 158, 0
17, 159, 31
17, 160, 0
17, 161, 0
17, 162, 38
17, 163, 0
17, 164, 0
17, 165, 18
17, 166, 0
17, 167, 0
17, 168, 15
17, 169, 0
17, 170, 0
17, 171, 39
17, 172, 0
17, 173, 0
17, 174, 0
17, 175, 13
17, 176, 0
17, 177, 0
17, 178, 0
17, 179, 44
17, 180, 0
17, 181, 0
17, 182, 42
17, 183, 19
17, 184, 0
17, 185, 44
17, 186, 0
17, 187, 0
17, 188, 41
17, 189, 0
17, 190, 0
17, 191, 39
17, 192, 50
17, 193, 0
17, 194, 0
17, 195, 0
17, 196, 0
17, 197, 26
17, 198, 0
17, 199, 0
17, 200, 0
17, 201, 47
17, 202, 0
17, 203, 14
17, 204, 0
17, 205, 52
17, 206, 59
17, 207, 0
17, 208, 0
17, 209, 0
17, 210, 0
17, 211, 0
17, 212, 0
17, 213, 12
17, 214, 0
17, 215, 26
17, 216, 0
17, 217, 0
17, 218, 44
17, 219, 0
17, 220, 0
17, 221, 33
17, 222, 0
17, 223, 42
17, 224, 0
17, 225, 0
17, 226, 30
17, 227, 56
17, 228, 41
17, 229, 0
17, 230, 0
17, 231, 0
17, 232, 0
17, 233, 0
17, 234, 50
17, 235, 0
17, 236, 0
17, 237, 0
17, 238, 0
17, 239, 26
17, 240, 0
17, 241, 0
17, 242, 0
17, 243, 0
17, 244, 0
17, 245, 0
17, 246, 40
17, 247, 45
17, 248, 0
17, 249, 0
17, 250, 0
17, 251, 0
17, 252, 0
17, 253, 4
17, 254, 0
17, 255, 0
17, 256, 0
17, 257, 0
17, 258, 0
17, 259, 19
17, 260, 0
17, 261, 0
17, 262, 18
17, 263, 0
17, 264, 0
17, 265, 0
17, 266, 53
17, 267, 0
17, 268, 49
17, 269, 42
17, 270, 58
17, 271, 0
17, 272, 0
17, 273, 0
17, 274, 0
17, 275, 0
17, 276, 39
17, 277, 31
17, 278, 1
17, 279, 0
17, 280, 0
17, 281, 0
17, 282, 0
17, 283, 0
17, 284, 0
17, 285, 0
17, 286, 0
17, 287, 0
17, 288, 0
17, 289, 0
17, 290, 52
17, 291, 18
17, 292, 0
17, 293, 0
17, 294, 0
17, 295, 0
17, 296, 0
17, 297, 28
17, 298, 0
17, 299, 10
17, 300, 0
17, 301, 26
17, 302, 21
17, 303, 0
17, 304, 0
17, 305, 31
17, 306, 0
17, 307, 0
17, 308, 0
17, 309, 0
17, 310, 0
17, 311, 0
17, 312, 19
17, 313, 34
17, 314, 0
17, 315, 0
17, 316, 0
17, 317, 0
17, 318, 59
17, 319, 0
17, 320, 0
17, 321, 0
17, 322, 49
17, 323, 26
17, 324, 9
17, 325, 0
17, 326, 0
17, 327, 0
17, 328, 0
17, 329, 0
17, 330, 0
17, 331, 6
17, 332, 0
17, 333, 29
17, 334, 0
17, 335, 0
17, 336, 20
17, 337, 0
17, 338, 0
17, 339, 39
17, 340, 47
17, 341, 0
17, 342, 20
17, 343, 0
17, 344, 0
17, 345, 0
17, 346, 0
17, 347, 0
17, 348, 54
17, 349, 0
17, 350, 0
17, 351, 0
17, 352, 0
17, 353, 0
17, 354, 0
17, 355, 0
17, 356, 0
17, 357, 45
17, 358, 0
17, 359, 33
17, 360, 0
17, 361, 0
17, 362, 29
17, 363, 0
17, 364, 31
17, 365, 41
17, 366, 0
17, 367, 0
17, 368, 0
17, 369, 0
17, 370, 0
17, 371, 0
17, 372, 0
17, 373, 0
17, 374, 0
17, 375, 0
17, 376, 0
17, 377, 0
17, 378, 29
17, 379, 0
17, 380, 38
17, 381, 0
17, 382, 0
17, 383, 49
17, 384, 0
17, 385, 0
17, 386, 0
17, 387, 0
17, 388, 12
17, 389, 0
17, 390, 0
17, 391, 0
17, 392, 0
17, 393, 1
17, 394, 40
17, 395, 0
17, 396, 52
17, 397, 45
17, 398, 0
17, 399, 0
18, 0, 0
18, 1, 0
18, 2, 0
18, 3, 23
18, 4, 0
18, 5, 0
18, 6, 0
18, 7, 0
18, 8, 0
18, 9, 0
18, 10, 43
18, 11, 0
18, 12, 0
18, 13, 51
18, 14, 0
18, 15, 0
18, 16, 0
18, 17, 0
18, 18, 0
18, 19, 0
18, 20, 0
18, 21, 25
18, 22, 0
18, 23, 0
18, 24, 35
18, 25, 0
18, 26, 0
18, 27, 0
18, 28, 24
18, 29, 0
18, 30, 0
18, 31, 0
18, 32, 14
18, 33, 6
18, 34, 0
18, 35, 0
18, 36, 0
18, 37, 0
18, 38, 0
18, 39, 22
18, 40, 0
18, 41, 0
18, 42, 0
18, 43, 16
18, 44, 0
18, 45, 0
18, 46, 5
18, 47, 40
18, 48, 0
18, 49, 45
18, 50, 0
18, 51, 0
18, 52, 18
18, 53, 0
18, 54, 37
18, 55, 0
18, 56, 0
18, 57, 0
18, 58, 0
18, 59, 3
18, 60, 0
18, 61, 52
18, 62, 0
18, 63, 0
18, 64, 0
18, 65, 0
18, 66, 0
18, 67, 0
18, 68, 0
18, 69, 0
18, 70, 0
18, 71, 0
18, 72, 0
18, 73, 0
18, 74, 0
18, 75, 0
18, 76, 11
18, 77, 0
18, 78, 0
18, 79, 0
18, 80, 32
18, 81, 0
18, 82, 0
18, 83, 0
18, 84, 51
18, 85, 0
18, 86, 0
18, 87, 14
18, 88, 35
18, 89, 0
18, 90, 0
18, 91, 0
18, 92, 0
18, 93, 27
18, 94, 0
18, 95, 55
18, 96, 14
18, 97, 0
18, 98, 0
18, 99, 0
18, 100, 0
18, 101, 50
18, 102, 0
18, 103, 0
18, 104, 0
18, 105, 26
18, 106, 0
18, 107, 0
18, 108, 0
18, 109, 0
18, 110, 38
18, 111, 0
18, 112, 0
18, 113, 23
18, 114, 52
18, 115, 0
18, 116, 0
18, 117, 0
18, 118, 0
18, 119, 0
18, 120, 31
18, 121, 0
18, 122, 48
18, 123, 0
18, 124, 0
18, 125, 0
18, 126, 36
18, 127, 0
18, 128, 0
18, 129, 0
18, 130, 0
18, 131, 0
18, 132, 0
18, 133, 0
18, 134, 0
18, 135, 0
18, 136, 0
18, 137, 0
18, 138, 43
18, 139, 6
18, 140, 0
18, 141, 2
18, 142, 0
18, 143, 0
18, 144, 18
18, 145, 0
18, 146, 0
18, 147, 0
18, 148, 0
18, 149, 41
18, 150, 0
18, 151, 0
18, 152, 0
18, 153, 0
18, 154, 0
18, 155, 34
18, 156, 32
18, 157, 0
18, 158, 0
18, 159, 16
18, 160, 0
18, 161, 35
18, 162, 0
18, 163, 0
18, 164, 0
18, 165, 0
18, 166, 0
18, 167, 0
18, 168, 0
18, 169, 0
18, 170, 0
18, 171, 0
18, 172, 0
18, 173, 0
18, 174, 0
18, 175, 0
18, 176, 0
18, 177, 0
18, 178, 0
18, 179, 0
18, 180, 0
18, 181, 0
18, 182, 0
18, 183, 0
18, 184, 0
18, 185, 0
18, 186, 0
18, 187, 18
18, 188, 0
18, 189, 0
18, 190, 0
18, 191, 0
18, 192, 27
18, 193, 0
18, 194, 0
18, 195, 0
18, 196, 0
18, 197, 42
18, 198, 0
18, 199, 0
18, 200, 0
18, 201, 0
18, 202, 0
18, 203, 0
18, 204, 0
18, 205, 0
18, 206, 0
18, 207, 0
18, 208, 0
18, 209, 0
18, 210, 58
18, 211, 0
18, 212, 0
18, 213, 22
18, 214, 0
18, 215, 0
18, 216, 10
18, 217, 0
18, 218, 0
18, 219, 16
18, 220, 0
18, 221, 0
18, 222, 0
18, 223, 0
18, 224, 0
18, 225, 0
18, 226, 7
18, 227, 0
18, 228, 0
18, 229, 0
18, 230, 0
18, 231, 0
18, 232, 0
18, 233, 0
18, 234, 36
18, 235, 0
18, 236, 0
18, 237, 0
18, 238, 0
18, 239, 0
18, 240, 58
18, 241, 0
18, 242, 0
18, 243, 0
18, 244, 0
18, 245, 0
18, 246, 22
18, 247, 55
18, 248, 0
18, 249, 35
18, 250, 18
18, 251, 0
18, 252, 0
18, 253, 0
18, 254, 0
18, 255, 0
18, 256, 31
18, 257, 25
18, 258, 0
18, 259, 0
18, 260, 52
18, 261, 38
18, 262, 0
18, 263, 0
18, 264, 0
18, 265, 0
18, 266, 0
18, 267, 45
18, 268, 37
18, 269, 0
18, 270, 43
18, 271, 0
18, 272, 3
18, 273, 0
18, 274, 0
18, 275, 24
18, 276, 16
18, 277, 36
18, 278, 10
18, 279, 0
18, 280, 0
18, 281, 0
18, 282, 0
18, 283, 0
18, 284, 58
18, 285, 0
18, 286, 0
18, 287, 0
18, 288, 0
18, 289, 0
18, 290, 0
18, 291, 0
18, 292, 14
18, 293, 51
18, 294, 0
18, 295, 0
18, 296, 0
18, 297, 0
18, 298, 26
18, 299, 40
18, 300, 0
18, 301, 0
18, 302, 0
18, 303, 11
18, 304, 0
18, 305, 35
18, 306, 0
18, 307, 0
18, 308, 0
18, 309, 0
18, 310, 0
18, 311, 0
18, 312, 0
18, 313, 41
18, 314, 0
18, 315, 5
18, 316, 31
18, 317, 0
18, 318, 0
18, 319, 4
18, 320, 0
18, 321, 36
18, 322, 0
18, 323, 0
18, 324, 52
18, 325, 0
18, 326, 0
18, 327, 0
18, 328, 0
18, 329, 0
18, 330, 0
18, 331, 0
18, 332, 42
18, 333, 0
18, 334, 0
18, 335, 48
18, 336, 0
18, 337, 0
18, 338, 0
18, 339, 0
18, 340, 38
18, 341, 0
18, 342, 0
18, 343, 0
18, 344, 0
18, 345, 0
18, 346, 0
18, 347, 0
18, 348, 0
18, 349, 37
18, 350, 0
18, 351, 5
18, 352, 0
18, 353, 2
18, 354, 0
18, 355, 0
18, 356, 0
18, 357, 0
18, 358, 0
18, 359, 0
18, 360, 0
18, 361, 0
18, 362, 52
18, 363, 0
18, 364, 0
18, 365, 0
18, 366, 0
18, 367, 0
18, 368, 0
18, 369, 0
18, 370, 0
18, 371, 0
18, 372, 36
18, 373, 27
18, 374, 0
18, 375, 0
18, 376, 22
18, 377, 25
18, 378, 0
18, 379, 0
18, 380, 7
18, 381, 0
18, 382, 32
18, 383, 0
18, 384, 0
18, 385, 0
18, 386, 0
18, 387, 0
18, 388, 0
18, 389, 0
18, 390, 0
18, 391, 0
18, 392, 0
18, 393, 31
18, 394, 0
18, 395, 0
18, 396, 0
18, 397, 38
18, 398, 0
18, 399, 0
19, 0, 0
19, 1, 0
19, 2, 3
19, 3, 0
19, 4, 18
19, 5, 0
19, 6, 34
19, 7, 0
19, 8, 0
19, 9, 0
19, 10, 0
19, 11, 0
19, 12, 0
19, 13, 41
19, 14, 0
19, 15, 62
19, 16, 27
19, 17, 0
19, 18, 0
19, 19, 0
19, 20, 0
19, 21, 0
19, 22, 48
19, 23, 0
19, 24, 0
19, 25, 0
19, 26, 0
19, 27, 0
19, 28, 0
19, 29, 31
19, 30, 0
19, 31, 0
19, 32, 22
19, 33, 0
19, 34, 28
19, 35, 0
19, 36, 31
19, 37, 12
19, 38, 0
19, 39, 0
19, 40, 0
19, 41, 0
19, 42, 56
19, 43, 6
19, 44, 0
19, 45, 0
19, 46, 0
19, 47, 0
19, 48, 4
19, 49, 0
19, 50, 42
19, 51, 0
19, 52, 0
19, 53, 0
19, 54, 0
19, 55, 0
19, 56, 0
19, 57, 0
19, 58, 54
19, 59, 53
19, 60, 0
19, 61, 44
19, 62, 0
19, 63, 0
19, 64, 0
19, 65, 0
19, 66, 0
19, 67, 0
19, 68, 0
19, 69, 60
19, 70, 0
19, 71, 0
19, 72, 28
19, 73, 28
19, 74, 0
19, 75, 0
19, 76, 0
19, 77, 0
19, 78, 2
19, 79, 0
19, 80, 0
19, 81, 0
19, 82, 47
19, 83, 4
19, 84, 21
19, 85, 0
19, 86, 0
19, 87, 29
19, 88, 0
19, 89, 60
19, 90, 0
19, 91, 0
19, 92, 0
19, 93, 41
19, 94, 6
19, 95, 0
19, 96, 0
19, 97, 0
19, 98, 0
19, 99, 0
19, 100, 0
19, 101, 44
19, 102, 16
19, 103, 0
19, 104, 19
19, 105, 0
19, 106, 15
19, 107, 4
19, 108, 0
19, 109, 17
19, 110, 0
19, 111, 0
19, 112, 0
19, 113, 0
19, 114, 48
19, 115, 0
19, 116, 0
19, 117, 0
19, 118, 0
19, 119, 43
19, 120, 0
19, 121, 0
19, 122, 0
19, 123, 0
19, 124, 23
19, 125, 0
19, 126, 32
19, 127, 0
19, 128, 0
19, 129, 0
19, 130, 0
19, 131, 14
19, 132, 0
19, 133, 0
19, 134, 0
19, 135, 0
19, 136, 0
19, 137, 3
19, 138, 0
19, 139, 0
19, 140, 0
19, 141, 0
19, 142, 0
19, 143, 0
19, 144, 7
19, 145, 0
19, 146, 0
19, 147, 0
19, 148, 0
19, 149, 0
19, 150, 0
19, 151, 25
19, 152, 0
19, 153, 0
19, 154, 0
19, 155, 0
19, 156, 0
19, 157, 0
19, 158, 0
19, 159, 0
19, 160, 44
19, 161, 0
19, 162, 22
19, 163, 53
19, 164, 0
19, 165, 0
19, 166, 0
19, 167, 34
19, 168, 0
19, 169, 0
19, 170, 0
19, 171, 42
19, 172, 0
19, 173, 24
19, 174, 0
19, 175, 54
19, 176, 0
19, 177, 59
19, 178, 28
19, 179, 0
19, 180, 0
19, 181, 0
19, 182, 0
19, 183, 0
19, 184, 0
19, 185, 0
19, 186, 0
19, 187, 0
19, 188, 0
19, 189, 0
19, 190, 0
19, 191, 27
19, 192, 0
19, 193, 0
19, 194, 0
19, 195, 0
19, 196, 47
19, 197, 0
19, 198, 22
19, 199, 0
19, 200, 0
19, 201, 0
19, 202, 40
19, 203, 0
19, 204, 0
19, 205, 0
19, 206, 62
19, 207, 0
19, 208, 0
19, 209, 20
19, 210, 0
19, 211, 0
19, 212, 0
19, 213, 0
19, 214, 0
19, 215, 0
19, 216, 0
19, 217, 43
19, 218, 0
19, 219, 0
19, 220, 0
19, 221, 0
19, 222, 0
19, 223, 0
19, 224, 0
19, 225, 0
19, 226, 0
19, 227, 0
19, 228, 41
19, 229, 0
19, 230, 0
19, 231, 0
19, 232, 0
19, 233, 0
19, 234, 24
19, 235, 47
19, 236, 0
19, 237, 0
19, 238, 0
19, 239, 0
19, 240, 0
19, 241, 41
19, 242, 0
19, 243, 54
19, 244, 29
19, 245, 0
19, 246, 48
19, 247, 12
19, 248, 0
19, 249, 0
19, 250, 0
19, 251, 0
19, 252, 0
19, 253, 6
19, 254, 21
19, 255, 12
19, 256, 39
19, 257, 0
19, 258, 0
19, 259, 0
19, 260, 17
19, 261, 0
19, 262, 0
19, 263, 0
19, 264, 0
19, 265, 0
19, 266, 0
19, 267, 0
19, 268, 0
19, 269, 0
19, 270, 19
19, 271, 30
19, 272, 0
19, 273, 0
19, 274, 44
19, 275, 0
19, 276, 0
19, 277, 32
19, 278, 0
19, 279, 0
19, 280, 0
19, 281, 0
19, 282, 56
19, 283, 0
19, 284, 0
19, 285, 0
19, 286, 0
19, 287, 0
19, 288, 0
19, 289, 0
19, 290, 0
19, 291, 29
19, 292, 0
19, 293, 0
19, 294, 0
19, 295, 0
19, 296, 0
19, 297, 0
19, 298, 14
19, 299, 0
19, 300, 0
19, 301, 0
19, 302, 0
19, 303, 0
19, 304, 3
19, 305, 0
19, 306, 0
19, 307, 0
19, 308, 0
19, 309, 0
19, 310, 23
19, 311, 0
19, 312, 21
19, 313, 31
19, 314, 0
19, 315, 0
19, 316, 0
19, 317, 53
19, 318, 0
19, 319, 0
19, 320, 0
19, 321, 0
19, 322, 0
19, 323, 0
19, 324, 0
19, 325, 0
19, 326, 16
19, 327, 0
19, 328, 0
19, 329, 0
19, 330, 0
19, 331, 0
19, 332, 7
19, 333, 0
19, 334, 0
19, 335, 0
19, 336, 0
19, 337, 0
19, 338, 0
19, 339, 41
19, 340, 0
19, 341, 0
19, 342, 0
19, 343, 0
19, 344, 0
19, 345, 0
19, 346, 0
19, 347, 4
19, 348, 24
19, 349, 0
19, 350, 0
19, 351, 0
19, 352, 22
19, 353, 0
19, 354, 28
19, 355, 19
19, 356, 0
19, 357, 0
19, 358, 0
19, 359, 60
19, 360, 0
19, 361, 60
19, 362, 0
19, 363, 0
19, 364, 25
19, 365, 0
19, 366, 12
19, 367, 41
19, 368, 2
19, 369, 0
19, 370, 0
19, 371, 0
19, 372, 3
19, 373, 0
19, 374, 1
19, 375, 0
19, 376, 0
19, 377, 0
19, 378, 0
19, 379, 0
19, 380, 0
19, 381, 0
19, 382, 0
19, 383, 0
19, 384, 40
19, 385, 23
19, 386, 0
19, 387, 0
19, 388, 0
19, 389, 0
19, 390, 0
19, 391, 0
19, 392, 0
19, 393, 0
19, 394, 0
19, 395, 0
19, 396, 15
19, 397, 48
19, 398, 0
19, 399, 0
