1, 5, 27
1, 6, 39
1, 12, 15
1, 12, 40
1, 21, 24
1, 23, 16
1, 29, 48
1, 31, 25
1, 34, 33
1, 36, 25
1, 39, 19
1, 49, 21
1, 49, 38
1, 57, 13
1, 58, 20
1, 64, 29
1, 73, 19
1, 80, 51
1, 88, 27
1, 93, 21
1, 96, 17
1, 99, 39
1, 102, 33
1, 104, 46
1, 116, 27
1, 117, 2
1, 122, 13
1, 126, 20
1, 127, 21
1, 131, 12
1, 133, 52
1, 138, 22
1, 152, 16
1, 158, 25
1, 164, 38
1, 171, 40
1, 172, 34
1, 183, 19
1, 202, 51
1, 205, 29
1, 220, 39
1, 222, 21
1, 235, 33
1, 237, 38
1, 244, 27
1, 248, 20
1, 251, 46
1, 256, 39
1, 257, 17
1, 260, 48
1, 286, 13
1, 290, 3
1, 297, 22
1, 300, 40
1, 305, 25
1, 305, 34
1, 306, 33
1, 314, 16
1, 320, 51
1, 328, 29
1, 329, 19
1, 329, 27
1, 331, 40
1, 345, 29
1, 347, 17
1, 347, 39
1, 360, 48
1, 363, 33
1, 366, 46
1, 372, 16
1, 378, 13
1, 387, 29
1, 394, 19
2, 2, 10
2, 2, 26
2, 9, 7
2, 9, 9
2, 10, 24
2, 12, 30
2, 14, 11
2, 18, 29
2, 20, 13
2, 20, 46
2, 31, 34
2, 35, 36
2, 38, 48
2, 42, 2
2, 48, 18
2, 57, 28
2, 59, 5
2, 59, 12
2, 60, 16
2, 60, 35
2, 62, 14
2, 62, 31
2, 63, 31
2, 63, 45
2, 68, 40
2, 69, 32
2, 70, 42
2, 72, 44
2, 73, 33
2, 79, 9
2, 79, 46
2, 83, 30
2, 90, 43
2, 91, 55
2, 93, 4
2, 95, 15
2, 95, 55
2, 96, 2
2, 106, 5
2, 108, 46
2, 112, 45
2, 116, 17
2, 121, 26
2, 122, 24
2, 126, 4
2, 134, 24
2, 138, 13
2, 140, 46
2, 145, 10
2, 150, 11
2, 152, 25
2, 154, 33
2, 156, 42
2, 162, 22
2, 169, 55
2, 173, 58
2, 179, 45
2, 188, 48
2, 189, 31
2, 193, 34
2, 198, 43
2, 204, 12
2, 204, 15
2, 205, 18
2, 209, 10
2, 209, 43
2, 210, 26
2, 212, 28
2, 214, 30
2, 219, 36
2, 222, 47
2, 223, 24
2, 225, 9
2, 226, 16
2, 232, 32
2, 236, 10
2, 238, 40
2, 239, 13
2, 249, 16
2, 250, 7
2, 252, 35
2, 256, 44
2, 263, 42
2, 267, 17
2, 268, 46
2, 270, 18
2, 274, 25
2, 277, 22
2, 278, 20
2, 282, 5
2, 285, 28
2, 288, 31
2, 290, 26
2, 291, 16
2, 292, 55
2, 294, 48
2, 297, 3
2, 301, 5
2, 304, 35
2, 305, 45
2, 305, 58
2, 308, 47
2, 310, 20
2, 322, 14
2, 325, 28
2, 327, 33
2, 328, 18
2, 329, 34
2, 337, 19
2, 338, 30
2, 339, 4
2, 340, 7
2, 342, 11
2, 348, 9
2, 354, 46
2, 364, 3
2, 369, 12
2, 378, 43
2, 379, 32
2, 380, 10
2, 386, 46
2, 388, 42
2, 391, 31
2, 396, 14
3, 8, 51
3, 9, 41
3, 14, 36
3, 14, 58
3, 15, 55
3, 17, 3
3, 20, 22
3, 23, 54
3, 26, 29
3, 28, 9
3, 28, 15
3, 33, 50
3, 39, 5
3, 40, 44
3, 44, 61
3, 46, 46
3, 48, 8
3, 50, 34
3, 58, 50
3, 61, 42
3, 62, 20
3, 62, 27
3, 69, 60
3, 70, 21
3, 71, 26
3, 78, 8
3, 82, 31
3, 93, 12
3, 96, 27
3, 97, 38
3, 102, 2
3, 107, 41
3, 112, 30
3, 113, 53
3, 118, 19
3, 119, 40
3, 121, 46
3, 129, 20
3, 129, 51
3, 135, 26
3, 141, 33
3, 142, 5
3, 143, 13
3, 145, 15
3, 148, 22
3, 150, 42
3, 153, 58
3, 154, 14
3, 154, 36
3, 155, 34
3, 157, 44
3, 158, 11
3, 161, 27
3, 164, 50
3, 169, 20
3, 172, 22
3, 175, 50
3, 179, 29
3, 179, 46
3, 182, 30
3, 184, 22
3, 188, 41
3, 191, 61
3, 193, 14
3, 200, 55
3, 207, 18
3, 209, 58
3, 217, 15
3, 218, 44
3, 219, 38
3, 221, 42
3, 224, 11
3, 226, 51
3, 231, 46
3, 235, 26
3, 238, 46
3, 239, 41
3, 240, 13
3, 240, 37
3, 241, 24
3, 244, 54
3, 254, 2
3, 257, 36
3, 266, 50
3, 268, 53
3, 270, 31
3, 271, 21
3, 274, 8
3, 276, 12
3, 279, 33
3, 283, 29
3, 287, 30
3, 287, 34
3, 287, 55
3, 289, 27
3, 295, 40
3, 301, 44
3, 302, 9
3, 307, 1
3, 310, 24
3, 311, 57
3, 316, 60
3, 331, 53
3, 333, 2
3, 334, 14
3, 337, 20
3, 338, 11
3, 343, 22
3, 343, 61
3, 344, 38
3, 346, 22
3, 348, 3
3, 350, 31
3, 351, 57
3, 355, 54
3, 360, 19
3, 364, 39
3, 368, 42
3, 373, 41
3, 382, 13
3, 383, 33
3, 383, 58
3, 384, 5
3, 384, 18
3, 394, 30
3, 395, 44
3, 395, 46
3, 396, 26
3, 398, 34
4, 4, 6
4, 4, 32
4, 5, 36
4, 14, 5
4, 20, 34
4, 27, 54
4, 33, 15
4, 38, 22
4, 41, 8
4, 46, 19
4, 47, 23
4, 53, 13
4, 62, 50
4, 63, 53
4, 65, 16
4, 65, 54
4, 66, 58
4, 70, 42
4, 70, 48
4, 76, 3
4, 81, 25
4, 96, 2
4, 98, 14
4, 112, 8
4, 113, 11
4, 116, 33
4, 119, 36
4, 124, 6
4, 130, 46
4, 134, 19
4, 138, 13
4, 141, 5
4, 146, 53
4, 149, 37
4, 150, 13
4, 153, 22
4, 153, 34
4, 158, 21
4, 164, 8
4, 165, 32
4, 167, 44
4, 168, 39
4, 169, 22
4, 170, 49
4, 172, 50
4, 174, 36
4, 175, 25
4, 180, 42
4, 183, 17
4, 185, 5
4, 190, 54
4, 194, 15
4, 194, 36
4, 194, 48
4, 196, 38
4, 199, 14
4, 223, 38
4, 230, 49
4, 244, 29
4, 244, 46
4, 254, 11
4, 260, 23
4, 266, 23
4, 273, 1
4, 274, 37
4, 282, 33
4, 291, 25
4, 294, 19
4, 295, 2
4, 295, 6
4, 295, 13
4, 296, 16
4, 307, 44
4, 309, 5
4, 310, 36
4, 311, 16
4, 313, 14
4, 316, 53
4, 317, 13
4, 335, 3
4, 336, 21
4, 345, 54
4, 348, 50
4, 355, 23
4, 357, 46
4, 358, 37
4, 362, 33
4, 363, 15
4, 367, 50
4, 369, 24
4, 373, 32
4, 390, 60
4, 391, 46
4, 396, 6
4, 398, 29
5, 1, 21
5, 7, 38
5, 8, 22
5, 11, 18
5, 13, 41
5, 14, 27
5, 16, 10
5, 16, 45
5, 17, 37
5, 20, 5
5, 20, 33
5, 24, 56
5, 25, 3
5, 28, 23
5, 29, 21
5, 30, 38
5, 32, 40
5, 38, 38
5, 43, 54
5, 58, 26
5, 66, 16
5, 66, 31
5, 69, 59
5, 82, 45
5, 83, 51
5, 85, 4
5, 85, 32
5, 90, 11
5, 92, 2
5, 93, 28
5, 95, 18
5, 100, 43
5, 101, 20
5, 105, 15
5, 112, 25
5, 112, 37
5, 114, 49
5, 127, 44
5, 135, 27
5, 135, 43
5, 136, 28
5, 136, 31
5, 139, 40
5, 142, 39
5, 146, 11
5, 156, 16
5, 157, 8
5, 158, 44
5, 159, 11
5, 160, 56
5, 161, 41
5, 164, 41
5, 167, 54
5, 175, 38
5, 178, 18
5, 178, 54
5, 180, 36
5, 185, 27
5, 190, 37
5, 193, 33
5, 196, 47
5, 198, 18
5, 200, 56
5, 202, 28
5, 206, 25
5, 208, 39
5, 210, 23
5, 210, 45
5, 213, 21
5, 214, 15
5, 214, 20
5, 216, 36
5, 220, 31
5, 221, 49
5, 226, 47
5, 229, 56
5, 231, 26
5, 241, 44
5, 242, 5
5, 243, 39
5, 243, 43
5, 255, 16
5, 258, 28
5, 259, 56
5, 261, 51
5, 261, 67
5, 262, 32
5, 273, 27
5, 273, 49
5, 279, 18
5, 281, 8
5, 283, 40
5, 284, 3
5, 285, 37
5, 288, 31
5, 289, 23
5, 294, 8
5, 296, 41
5, 300, 16
5, 306, 2
5, 309, 11
5, 310, 25
5, 313, 54
5, 317, 18
5, 319, 33
5, 319, 67
5, 320, 47
5, 322, 26
5, 325, 56
5, 326, 43
5, 336, 43
5, 342, 20
5, 342, 26
5, 342, 47
5, 348, 39
5, 350, 4
5, 352, 21
5, 355, 59
5, 360, 54
5, 363, 62
5, 365, 31
5, 369, 12
5, 370, 28
5, 371, 36
5, 374, 36
5, 377, 18
5, 384, 8
5, 387, 37
5, 390, 49
6, 3, 48
6, 6, 54
6, 8, 55
6, 18, 41
6, 19, 44
6, 24, 43
6, 25, 12
6, 29, 14
6, 30, 38
6, 31, 32
6, 36, 10
6, 39, 15
6, 40, 35
6, 42, 8
6, 44, 36
6, 49, 9
6, 58, 42
6, 62, 54
6, 72, 1
6, 72, 37
6, 75, 25
6, 77, 19
6, 77, 55
6, 79, 9
6, 84, 8
6, 84, 36
6, 90, 47
6, 91, 43
6, 93, 8
6, 96, 34
6, 98, 10
6, 102, 6
6, 103, 39
6, 114, 50
6, 117, 21
6, 122, 48
6, 129, 46
6, 131, 38
6, 136, 13
6, 139, 9
6, 140, 10
6, 140, 48
6, 141, 19
6, 144, 10
6, 149, 47
6, 153, 30
6, 157, 54
6, 162, 35
6, 170, 55
6, 172, 7
6, 177, 37
6, 179, 43
6, 182, 39
6, 186, 30
6, 194, 25
6, 201, 42
6, 207, 28
6, 208, 37
6, 209, 32
6, 212, 38
6, 216, 41
6, 222, 44
6, 223, 55
6, 227, 50
6, 230, 12
6, 244, 31
6, 247, 1
6, 247, 36
6, 249, 27
6, 252, 34
6, 252, 42
6, 258, 21
6, 261, 44
6, 262, 19
6, 263, 15
6, 264, 14
6, 264, 54
6, 265, 6
6, 265, 8
6, 276, 35
6, 276, 39
6, 286, 32
6, 289, 46
6, 290, 9
6, 299, 48
6, 300, 37
6, 301, 13
6, 303, 9
6, 307, 8
6, 307, 42
6, 309, 32
6, 310, 7
6, 315, 1
6, 317, 49
6, 319, 46
6, 322, 14
6, 328, 43
6, 330, 1
6, 334, 27
6, 335, 31
6, 340, 47
6, 344, 19
6, 348, 12
6, 350, 6
6, 360, 44
6, 361, 38
6, 365, 21
6, 371, 30
6, 373, 50
6, 374, 48
6, 377, 38
6, 380, 9
6, 385, 22
6, 391, 1
6, 394, 7
7, 2, 2
7, 3, 57
7, 8, 36
7, 20, 46
7, 22, 16
7, 28, 3
7, 28, 48
7, 29, 58
7, 30, 26
7, 32, 4
7, 32, 36
7, 34, 41
7, 35, 5
7, 36, 43
7, 41, 8
7, 45, 33
7, 45, 58
7, 46, 47
7, 50, 32
7, 59, 31
7, 65, 8
7, 65, 13
7, 70, 11
7, 74, 16
7, 74, 37
7, 81, 6
7, 81, 10
7, 82, 12
7, 82, 35
7, 84, 29
7, 87, 26
7, 87, 57
7, 89, 4
7, 92, 20
7, 100, 29
7, 104, 44
7, 107, 36
7, 107, 43
7, 112, 41
7, 113, 20
7, 117, 27
7, 117, 47
7, 118, 54
7, 119, 44
7, 120, 7
7, 130, 37
7, 132, 21
7, 133, 3
7, 134, 51
7, 136, 41
7, 138, 39
7, 141, 2
7, 141, 31
7, 147, 19
7, 147, 45
7, 154, 42
7, 156, 46
7, 160, 44
7, 163, 16
7, 172, 24
7, 178, 33
7, 179, 8
7, 186, 44
7, 189, 30
7, 191, 20
7, 196, 57
7, 202, 47
7, 210, 31
7, 213, 46
7, 216, 35
7, 219, 47
7, 220, 16
7, 220, 43
7, 226, 30
7, 227, 32
7, 228, 48
7, 232, 43
7, 237, 19
7, 237, 37
7, 240, 26
7, 243, 21
7, 247, 11
7, 247, 37
7, 249, 51
7, 250, 51
7, 251, 2
7, 252, 16
7, 252, 41
7, 268, 3
7, 268, 54
7, 269, 43
7, 274, 20
7, 275, 5
7, 277, 24
7, 278, 18
7, 289, 30
7, 291, 58
7, 292, 13
7, 307, 21
7, 310, 27
7, 312, 35
7, 312, 42
7, 312, 51
7, 313, 26
7, 314, 57
7, 325, 6
7, 330, 52
7, 332, 12
7, 333, 8
7, 336, 19
7, 336, 32
7, 336, 33
7, 341, 47
7, 346, 7
7, 350, 35
7, 350, 41
7, 354, 2
7, 356, 31
7, 359, 12
7, 361, 4
7, 363, 42
7, 368, 3
7, 368, 31
7, 372, 44
7, 374, 2
7, 374, 50
7, 376, 16
7, 376, 43
7, 377, 45
7, 380, 19
7, 382, 37
7, 383, 52
7, 388, 30
7, 393, 47
7, 394, 8
7, 395, 20
7, 396, 24
7, 396, 29
8, 4, 7
8, 4, 46
8, 6, 52
8, 7, 46
8, 17, 46
8, 19, 57
8, 29, 11
8, 37, 23
8, 45, 5
8, 49, 35
8, 55, 51
8, 59, 44
8, 65, 18
8, 66, 14
8, 66, 21
8, 66, 40
8, 76, 53
8, 82, 46
8, 85, 11
8, 85, 21
8, 90, 11
8, 93, 16
8, 95, 28
8, 97, 32
8, 99, 19
8, 99, 58
8, 103, 7
8, 106, 45
8, 109, 26
8, 111, 23
8, 118, 51
8, 119, 19
8, 130, 33
8, 134, 39
8, 137, 51
8, 139, 40
8, 142, 53
8, 143, 57
8, 149, 56
8, 170, 40
8, 174, 28
8, 175, 22
8, 186, 14
8, 186, 18
8, 193, 16
8, 207, 33
8, 207, 62
8, 208, 52
8, 209, 40
8, 213, 22
8, 216, 58
8, 217, 56
8, 221, 13
8, 221, 50
8, 226, 14
8, 232, 55
8, 238, 21
8, 251, 63
8, 255, 57
8, 265, 31
8, 277, 28
8, 278, 39
8, 282, 53
8, 285, 44
8, 289, 37
8, 293, 26
8, 295, 53
8, 296, 11
8, 298, 13
8, 299, 23
8, 300, 46
8, 301, 55
8, 310, 38
8, 311, 21
8, 316, 19
8, 318, 11
8, 319, 18
8, 328, 28
8, 332, 58
8, 340, 5
8, 343, 28
8, 343, 33
8, 346, 62
8, 349, 52
8, 354, 50
8, 363, 56
8, 366, 32
8, 369, 31
8, 371, 22
8, 373, 32
8, 374, 26
8, 376, 28
8, 379, 30
8, 380, 28
8, 383, 46
8, 385, 51
8, 389, 50
8, 390, 40
8, 390, 46
8, 393, 19
8, 396, 11
8, 396, 35
9, 3, 37
9, 5, 12
9, 12, 28
9, 16, 8
9, 24, 46
9, 28, 17
9, 30, 35
9, 31, 43
9, 33, 38
9, 41, 50
9, 45, 35
9, 45, 52
9, 47, 19
9, 56, 23
9, 57, 8
9, 61, 34
9, 69, 43
9, 75, 12
9, 76, 31
9, 80, 41
9, 82, 35
9, 88, 50
9, 94, 6
9, 97, 7
9, 100, 18
9, 101, 21
9, 101, 37
9, 102, 12
9, 114, 10
9, 115, 45
9, 117, 26
9, 119, 13
9, 119, 45
9, 120, 41
9, 136, 47
9, 138, 10
9, 142, 8
9, 143, 37
9, 152, 31
9, 152, 51
9, 155, 18
9, 158, 25
9, 161, 51
9, 167, 35
9, 177, 15
9, 177, 43
9, 179, 13
9, 182, 49
9, 184, 22
9, 190, 28
9, 191, 61
9, 194, 52
9, 195, 48
9, 208, 50
9, 215, 14
9, 217, 50
9, 218, 43
9, 222, 15
9, 224, 17
9, 224, 28
9, 233, 23
9, 235, 55
9, 242, 41
9, 261, 31
9, 266, 35
9, 267, 5
9, 272, 8
9, 272, 34
9, 273, 18
9, 277, 51
9, 281, 10
9, 283, 19
9, 289, 46
9, 295, 13
9, 296, 45
9, 299, 15
9, 300, 50
9, 303, 43
9, 304, 31
9, 304, 41
9, 308, 22
9, 311, 6
9, 311, 63
9, 312, 46
9, 317, 38
9, 318, 14
9, 320, 48
9, 322, 41
9, 332, 44
9, 334, 28
9, 334, 45
9, 334, 52
9, 335, 51
9, 336, 22
9, 350, 14
9, 350, 26
9, 362, 15
9, 364, 35
9, 366, 21
9, 367, 23
9, 368, 38
9, 369, 19
9, 376, 8
9, 381, 61
9, 386, 48
9, 387, 7
9, 390, 35
9, 394, 50
9, 397, 22
9, 398, 6
10, 2, 29
10, 3, 17
10, 9, 4
10, 16, 18
10, 16, 33
10, 25, 8
10, 28, 26
10, 28, 48
10, 29, 35
10, 32, 24
10, 32, 30
10, 33, 27
10, 35, 38
10, 50, 10
10, 51, 4
10, 56, 21
10, 58, 32
10, 62, 35
10, 66, 44
10, 76, 34
10, 77, 58
10, 80, 16
10, 80, 57
10, 84, 15
10, 99, 35
10, 107, 52
10, 109, 8
10, 115, 4
10, 119, 5
10, 119, 23
10, 128, 4
10, 131, 24
10, 134, 8
10, 141, 21
10, 141, 52
10, 142, 18
10, 143, 27
10, 145, 34
10, 146, 44
10, 148, 30
10, 148, 56
10, 149, 26
10, 151, 1
10, 156, 38
10, 157, 19
10, 168, 24
10, 169, 17
10, 176, 21
10, 177, 16
10, 178, 32
10, 180, 18
10, 188, 39
10, 193, 29
10, 195, 29
10, 196, 35
10, 217, 18
10, 218, 32
10, 220, 57
10, 223, 10
10, 226, 21
10, 236, 48
10, 237, 44
10, 239, 34
10, 241, 28
10, 245, 39
10, 246, 27
10, 248, 19
10, 251, 26
10, 264, 54
10, 268, 23
10, 272, 58
10, 274, 30
10, 276, 44
10, 282, 58
10, 287, 48
10, 288, 52
10, 304, 5
10, 319, 10
10, 324, 18
10, 332, 24
10, 333, 56
10, 335, 38
10, 339, 48
10, 340, 1
10, 340, 32
10, 345, 19
10, 346, 13
10, 360, 15
10, 361, 23
10, 361, 29
10, 361, 56
10, 373, 4
10, 374, 21
10, 374, 39
10, 380, 52
10, 382, 16
10, 385, 54
10, 388, 57
10, 395, 28
11, 2, 25
11, 7, 2
11, 8, 14
11, 8, 50
11, 13, 14
11, 18, 17
11, 21, 30
11, 24, 5
11, 24, 19
11, 33, 8
11, 38, 11
11, 39, 45
11, 42, 18
11, 54, 13
11, 54, 24
11, 54, 60
11, 56, 7
11, 57, 31
11, 63, 29
11, 63, 52
11, 65, 16
11, 70, 45
11, 76, 12
11, 79, 11
11, 79, 50
11, 86, 41
11, 89, 26
11, 92, 1
11, 98, 48
11, 100, 24
11, 101, 19
11, 103, 5
11, 106, 34
11, 109, 22
11, 117, 48
11, 118, 19
11, 119, 9
11, 120, 25
11, 122, 53
11, 123, 53
11, 124, 4
11, 124, 11
11, 132, 23
11, 133, 42
11, 134, 18
11, 136, 22
11, 146, 1
11, 147, 46
11, 155, 31
11, 157, 12
11, 165, 26
11, 166, 16
11, 175, 13
11, 180, 11
11, 182, 8
11, 197, 12
11, 200, 40
11, 203, 17
11, 209, 34
11, 211, 41
11, 212, 19
11, 219, 25
11, 235, 14
11, 236, 30
11, 241, 14
11, 243, 17
11, 255, 52
11, 259, 42
11, 260, 7
11, 260, 11
11, 260, 50
11, 261, 5
11, 262, 24
11, 272, 40
11, 277, 9
11, 281, 26
11, 281, 60
11, 282, 6
11, 284, 29
11, 285, 5
11, 288, 45
11, 289, 57
11, 291, 11
11, 294, 45
11, 300, 12
11, 300, 19
11, 302, 25
11, 312, 34
11, 320, 16
11, 322, 15
11, 327, 41
11, 331, 7
11, 335, 2
11, 337, 19
11, 349, 26
11, 349, 53
11, 352, 31
11, 353, 12
11, 355, 48
11, 360, 40
11, 360, 52
11, 361, 4
11, 370, 13
11, 375, 1
11, 377, 12
11, 378, 44
11, 385, 19
11, 389, 5
11, 392, 14
11, 396, 8
11, 397, 6
11, 397, 19
11, 399, 17
12, 3, 39
12, 4, 50
12, 14, 49
12, 19, 22
12, 26, 27
12, 28, 33
12, 35, 14
12, 37, 8
12, 41, 32
12, 52, 31
12, 61, 5
12, 61, 38
12, 63, 52
12, 66, 37
12, 67, 15
12, 68, 57
12, 70, 25
12, 71, 19
12, 71, 33
12, 72, 24
12, 74, 26
12, 77, 21
12, 77, 44
12, 78, 57
12, 95, 16
12, 95, 21
12, 95, 54
12, 101, 39
12, 104, 13
12, 105, 48
12, 106, 10
12, 116, 9
12, 118, 2
12, 118, 28
12, 121, 35
12, 122, 8
12, 123, 14
12, 132, 39
12, 140, 5
12, 140, 55
12, 144, 22
12, 147, 25
12, 148, 50
12, 150, 29
12, 154, 54
12, 157, 41
12, 157, 54
12, 166, 46
12, 167, 21
12, 167, 43
12, 173, 27
12, 173, 47
12, 173, 49
12, 173, 65
12, 179, 45
12, 179, 48
12, 184, 35
12, 186, 26
12, 189, 19
12, 190, 24
12, 197, 49
12, 206, 13
12, 213, 9
12, 215, 16
12, 218, 49
12, 221, 15
12, 221, 44
12, 229, 31
12, 237, 52
12, 241, 32
12, 250, 26
12, 255, 14
12, 263, 27
12, 263, 32
12, 270, 48
12, 270, 57
12, 274, 55
12, 277, 16
12, 278, 38
12, 280, 27
12, 281, 22
12, 282, 13
12, 284, 25
12, 288, 24
12, 289, 28
12, 289, 37
12, 290, 39
12, 292, 21
12, 292, 53
12, 294, 47
12, 298, 52
12, 299, 33
12, 305, 22
12, 311, 41
12, 318, 49
12, 325, 22
12, 328, 48
12, 329, 10
12, 336, 2
12, 344, 8
12, 345, 21
12, 357, 41
12, 359, 19
12, 361, 27
12, 367, 49
12, 372, 54
12, 376, 45
12, 377, 43
12, 378, 57
12, 379, 26
12, 382, 29
12, 385, 48
12, 387, 44
12, 392, 2
12, 394, 35
13, 3, 31
13, 9, 3
13, 9, 11
13, 10, 26
13, 12, 45
13, 22, 27
13, 23, 27
13, 23, 40
13, 25, 25
13, 37, 33
13, 41, 19
13, 50, 55
13, 52, 12
13, 53, 21
13, 53, 46
13, 62, 2
13, 64, 29
13, 68, 33
13, 73, 12
13, 75, 37
13, 77, 2
13, 77, 36
13, 85, 3
13, 88, 3
13, 89, 42
13, 100, 26
13, 101, 31
13, 101, 55
13, 102, 9
13, 103, 19
13, 107, 42
13, 109, 50
13, 115, 52
13, 116, 45
13, 125, 21
13, 131, 41
13, 132, 28
13, 132, 47
13, 132, 53
13, 134, 14
13, 136, 47
13, 153, 3
13, 168, 53
13, 170, 6
13, 170, 30
13, 192, 45
13, 193, 36
13, 193, 42
13, 195, 19
13, 200, 39
13, 203, 33
13, 203, 42
13, 205, 55
13, 209, 31
13, 213, 40
13, 216, 37
13, 223, 40
13, 224, 27
13, 227, 21
13, 227, 50
13, 233, 47
13, 237, 19
13, 239, 25
13, 239, 27
13, 240, 55
13, 256, 14
13, 256, 53
13, 257, 12
13, 257, 58
13, 269, 46
13, 270, 28
13, 271, 2
13, 271, 53
13, 278, 11
13, 282, 33
13, 286, 42
13, 287, 49
13, 287, 58
13, 291, 13
13, 291, 26
13, 291, 31
13, 300, 37
13, 303, 37
13, 308, 22
13, 309, 45
13, 309, 55
13, 310, 49
13, 313, 3
13, 319, 2
13, 319, 39
13, 320, 9
13, 323, 27
13, 327, 14
13, 329, 21
13, 335, 32
13, 336, 12
13, 342, 6
13, 342, 23
13, 342, 26
13, 344, 25
13, 344, 36
13, 346, 28
13, 349, 39
13, 350, 30
13, 355, 53
13, 358, 45
13, 359, 58
13, 361, 47
13, 366, 30
13, 366, 53
13, 368, 33
13, 369, 2
13, 372, 46
13, 375, 52
13, 377, 21
13, 380, 39
13, 384, 40
13, 385, 42
13, 386, 40
13, 388, 19
13, 393, 46
13, 399, 36
14, 1, 16
14, 6, 33
14, 7, 11
14, 10, 1
14, 10, 39
14, 10, 58
14, 16, 32
14, 23, 38
14, 27, 24
14, 30, 5
14, 30, 41
14, 31, 27
14, 38, 23
14, 40, 31
14, 41, 13
14, 42, 29
14, 46, 19
14, 48, 14
14, 48, 44
14, 49, 43
14, 55, 21
14, 59, 50
14, 60, 28
14, 62, 20
14, 70, 41
14, 73, 29
14, 83, 8
14, 86, 43
14, 90, 46
14, 92, 18
14, 93, 34
14, 98, 1
14, 98, 50
14, 101, 5
14, 103, 49
14, 109, 32
14, 110, 44
14, 111, 13
14, 113, 15
14, 116, 6
14, 122, 11
14, 126, 3
14, 127, 43
14, 130, 55
14, 135, 37
14, 138, 36
14, 141, 34
14, 150, 16
14, 154, 14
14, 164, 51
14, 170, 43
14, 171, 50
14, 176, 8
14, 176, 38
14, 177, 19
14, 178, 34
14, 179, 46
14, 186, 31
14, 187, 41
14, 188, 24
14, 189, 12
14, 193, 27
14, 202, 28
14, 206, 49
14, 207, 29
14, 211, 62
14, 217, 33
14, 221, 10
14, 221, 49
14, 224, 20
14, 224, 36
14, 225, 37
14, 225, 53
14, 235, 36
14, 236, 51
14, 247, 5
14, 247, 39
14, 254, 29
14, 255, 13
14, 257, 15
14, 262, 16
14, 266, 3
14, 268, 33
14, 268, 50
14, 270, 23
14, 271, 22
14, 273, 51
14, 276, 44
14, 277, 16
14, 279, 58
14, 285, 13
14, 287, 34
14, 296, 18
14, 297, 14
14, 298, 6
14, 298, 49
14, 301, 14
14, 319, 53
14, 321, 19
14, 321, 28
14, 326, 8
14, 328, 29
14, 328, 32
14, 328, 33
14, 329, 6
14, 338, 27
14, 340, 20
14, 345, 62
14, 346, 1
14, 346, 43
14, 351, 46
14, 357, 3
14, 359, 15
14, 364, 38
14, 366, 45
14, 370, 36
14, 371, 39
14, 374, 34
14, 374, 55
14, 375, 51
14, 377, 14
14, 381, 15
14, 393, 5
15, 5, 41
15, 8, 16
15, 11, 22
15, 17, 37
15, 20, 26
15, 22, 13
15, 29, 51
15, 30, 52
15, 35, 24
15, 44, 18
15, 48, 12
15, 50, 23
15, 54, 40
15, 58, 12
15, 60, 10
15, 62, 8
15, 63, 32
15, 64, 14
15, 65, 35
15, 66, 9
15, 70, 36
15, 71, 16
15, 71, 31
15, 75, 51
15, 78, 10
15, 79, 4
15, 82, 10
15, 87, 58
15, 92, 4
15, 96, 26
15, 102, 8
15, 102, 43
15, 105, 26
15, 114, 11
15, 116, 2
15, 120, 22
15, 124, 35
15, 128, 8
15, 138, 9
15, 138, 20
15, 139, 18
15, 140, 14
15, 143, 53
15, 151, 40
15, 152, 37
15, 153, 50
15, 164, 20
15, 166, 51
15, 175, 51
15, 178, 16
15, 180, 18
15, 181, 36
15, 193, 23
15, 193, 51
15, 205, 31
15, 208, 37
15, 210, 34
15, 213, 17
15, 216, 13
15, 218, 42
15, 225, 55
15, 226, 22
15, 228, 44
15, 229, 16
15, 231, 52
15, 243, 35
15, 251, 4
15, 252, 20
15, 252, 43
15, 252, 50
15, 257, 8
15, 262, 32
15, 266, 10
15, 276, 2
15, 278, 20
15, 283, 22
15, 292, 29
15, 293, 31
15, 295, 22
15, 298, 24
15, 299, 14
15, 310, 3
15, 310, 51
15, 312, 29
15, 315, 18
15, 318, 52
15, 319, 12
15, 321, 44
15, 322, 58
15, 324, 9
15, 326, 36
15, 331, 36
15, 333, 24
15, 334, 55
15, 342, 31
15, 350, 17
15, 352, 51
15, 354, 50
15, 359, 42
15, 361, 34
15, 362, 32
15, 364, 2
15, 364, 12
15, 370, 23
15, 380, 9
15, 380, 35
15, 385, 4
15, 387, 29
15, 392, 17
15, 397, 18
16, 1, 8
16, 3, 43
16, 6, 42
16, 11, 27
16, 18, 7
16, 18, 40
16, 24, 34
16, 25, 3
16, 26, 41
16, 26, 44
16, 27, 18
16, 31, 12
16, 32, 2
16, 32, 9
16, 32, 19
16, 33, 37
16, 38, 50
16, 41, 31
16, 55, 1
16, 55, 48
16, 63, 55
16, 73, 30
16, 74, 8
16, 75, 1
16, 75, 57
16, 80, 10
16, 87, 34
16, 96, 46
16, 96, 57
16, 106, 56
16, 108, 16
16, 110, 7
16, 110, 11
16, 114, 35
16, 116, 42
16, 121, 19
16, 125, 6
16, 125, 36
16, 127, 39
16, 128, 27
16, 132, 3
16, 133, 41
16, 134, 2
16, 149, 47
16, 151, 50
16, 155, 44
16, 161, 48
16, 163, 48
16, 170, 31
16, 171, 19
16, 177, 30
16, 177, 38
16, 186, 46
16, 187, 37
16, 192, 35
16, 195, 27
16, 196, 55
16, 207, 8
16, 207, 40
16, 211, 50
16, 217, 34
16, 220, 44
16, 228, 48
16, 233, 16
16, 239, 22
16, 243, 30
16, 261, 47
16, 262, 37
16, 264, 1
16, 264, 10
16, 270, 10
16, 271, 57
16, 273, 10
16, 276, 18
16, 278, 7
16, 282, 46
16, 288, 44
16, 299, 34
16, 300, 42
16, 302, 6
16, 302, 16
16, 307, 3
16, 310, 17
16, 310, 36
16, 313, 2
16, 319, 22
16, 319, 30
16, 320, 55
16, 322, 43
16, 323, 27
16, 326, 40
16, 331, 34
16, 335, 50
16, 336, 12
16, 345, 41
16, 346, 9
16, 346, 16
16, 347, 46
16, 349, 35
16, 351, 48
16, 353, 6
16, 355, 2
16, 358, 39
16, 367, 10
16, 377, 56
16, 381, 57
16, 384, 37
16, 394, 34
16, 398, 46
17, 7, 40
17, 10, 28
17, 10, 47
17, 14, 18
17, 14, 50
17, 18, 10
17, 19, 53
17, 35, 59
17, 36, 42
17, 38, 9
17, 41, 39
17, 42, 58
17, 44, 13
17, 44, 52
17, 45, 4
17, 62, 20
17, 63, 24
17, 66, 26
17, 66, 44
17, 68, 12
17, 68, 47
17, 70, 47
17, 71, 15
17, 73, 28
17, 76, 42
17, 77, 49
17, 79, 52
17, 81, 40
17, 82, 34
17, 88, 50
17, 90, 31
17, 91, 53
17, 97, 33
17, 103, 30
17, 115, 49
17, 122, 14
17, 122, 29
17, 123, 59
17, 124, 54
17, 131, 21
17, 132, 6
17, 143, 28
17, 152, 10
17, 155, 9
17, 159, 31
17, 162, 38
17, 165, 18
17, 168, 15
17, 171, 39
17, 175, 13
17, 179, 44
17, 182, 42
17, 183, 19
17, 185, 15
17, 185, 44
17, 188, 41
17, 191, 39
17, 192, 50
17, 197, 26
17, 201, 47
17, 203, 14
17, 205, 52
17, 206, 24
17, 206, 59
17, 213, 12
17, 215, 26
17, 218, 44
17, 221, 33
17, 223, 20
17, 223, 29
17, 223, 42
17, 226, 30
17, 227, 43
17, 227, 56
17, 228, 10
17, 228, 41
17, 234, 50
17, 239, 26
17, 246, 40
17, 247, 45
17, 253, 4
17, 259, 19
17, 262, 18
17, 266, 53
17, 268, 39
17, 268, 49
17, 269, 42
17, 270, 58
17, 276, 39
17, 277, 31
17, 278, 1
17, 290, 52
17, 291, 18
17, 297, 28
17, 299, 10
17, 301, 14
17, 301, 26
17, 302, 21
17, 305, 12
17, 305, 31
17, 312, 19
17, 313, 34
17, 318, 59
17, 322, 49
17, 323, 26
17, 324, 9
17, 331, 6
17, 333, 29
17, 336, 20
17, 339, 39
17, 340, 47
17, 342, 20
17, 348, 54
17, 357, 13
17, 357, 45
17, 359, 33
17, 362, 29
17, 364, 31
17, 365, 41
17, 378, 18
17, 378, 29
17, 380, 38
17, 383, 49
17, 388, 12
17, 393, 1
17, 394, 40
17, 396, 22
17, 396, 52
17, 397, 45
18, 3, 23
18, 10, 43
18, 13, 51
18, 21, 25
18, 24, 35
18, 28, 24
18, 32, 14
18, 33, 6
18, 39, 22
18, 43, 16
18, 46, 5
18, 47, 10
18, 47, 40
18, 49, 45
18, 52, 18
18, 54, 37
18, 59, 3
18, 61, 27
18, 61, 52
18, 76, 11
18, 80, 32
18, 84, 51
18, 87, 14
18, 88, 35
18, 93, 27
18, 95, 55
18, 96, 14
18, 101, 22
18, 101, 50
18, 105, 26
18, 110, 38
18, 113, 23
18, 114, 7
18, 114, 52
18, 120, 31
18, 122, 5
18, 122, 48
18, 126, 36
18, 138, 43
18, 139, 6
18, 141, 2
18, 144, 18
18, 149, 41
18, 155, 34
18, 156, 32
18, 159, 16
18, 161, 35
18, 187, 18
18, 192, 27
18, 197, 40
18, 197, 42
18, 210, 58
18, 213, 22
18, 216, 10
18, 219, 16
18, 226, 7
18, 234, 36
18, 240, 58
18, 246, 22
18, 247, 55
18, 249, 35
18, 250, 18
18, 256, 31
18, 257, 25
18, 260, 11
18, 260, 52
18, 261, 23
18, 261, 38
18, 267, 45
18, 268, 14
18, 268, 37
18, 270, 43
18, 272, 3
18, 275, 24
18, 276, 16
18, 277, 36
18, 278, 10
18, 284, 58
18, 292, 14
18, 293, 51
18, 298, 26
18, 299, 40
18, 303, 11
18, 305, 35
18, 313, 41
18, 315, 5
18, 316, 14
18, 316, 31
18, 319, 4
18, 321, 36
18, 324, 52
18, 332, 42
18, 335, 48
18, 340, 38
18, 349, 37
18, 351, 5
18, 353, 2
18, 362, 52
18, 372, 36
18, 373, 27
18, 376, 22
18, 377, 6
18, 377, 25
18, 380, 7
18, 382, 32
18, 393, 10
18, 393, 31
18, 397, 38
19, 2, 3
19, 4, 18
19, 6, 34
19, 13, 41
19, 15, 62
19, 16, 27
19, 22, 5
19, 22, 48
19, 29, 31
19, 32, 22
19, 34, 28
19, 36, 31
19, 37, 3
19, 37, 12
19, 42, 56
19, 43, 6
19, 48, 4
19, 50, 25
19, 50, 42
19, 58, 54
19, 59, 20
19, 59, 53
19, 61, 1
19, 61, 44
19, 69, 60
19, 72, 28
19, 73, 28
19, 78, 2
19, 82, 47
19, 83, 4
19, 84, 21
19, 87, 29
19, 89, 60
19, 93, 41
19, 94, 6
19, 101, 39
19, 101, 44
19, 102, 16
19, 104, 19
19, 106, 15
19, 107, 4
19, 109, 17
19, 114, 48
19, 119, 43
19, 124, 23
19, 126, 32
19, 131, 14
19, 137, 3
19, 144, 7
19, 151, 25
19, 160, 44
19, 162, 18
19, 162, 22
19, 163, 53
19, 167, 34
19, 171, 42
19, 173, 24
19, 175, 54
19, 177, 59
19, 178, 15
19, 178, 28
19, 191, 27
19, 196, 47
19, 198, 22
19, 202, 40
19, 206, 62
19, 209, 20
19, 217, 43
19, 228, 41
19, 234, 24
19, 235, 47
19, 241, 41
19, 243, 54
19, 244, 29
19, 246, 48
19, 247, 12
19, 253, 6
19, 254, 21
19, 255, 12
19, 256, 39
19, 260, 17
19, 270, 19
19, 271, 19
19, 271, 30
19, 274, 44
19, 277, 32
19, 282, 34
19, 282, 56
19, 291, 29
19, 298, 14
19, 304, 3
19, 310, 23
19, 312, 21
19, 313, 31
19, 317, 53
19, 326, 16
19, 332, 7
19, 339, 41
19, 347, 4
19, 348, 24
19, 352, 22
19, 354, 28
19, 355, 19
19, 359, 60
19, 361, 44
19, 361, 60
19, 364, 25
19, 366, 12
19, 367, 41
19, 368, 2
19, 372, 3
19, 374, 1
19, 384, 40
19, 385, 23
19, 396, 6
19, 396, 15
19, 397, 27
19, 397, 48
