0, 0, 0
0, 1, 0
0, 2, 0
0, 3, 0
0, 4, 0
0, 5, 0
0, 6, 0
0, 7, 0
0, 8, 0
0, 9, 0
0, 10, 0
0, 11, 0
0, 12, 0
0, 13, 0
0, 14, 0
0, 15, 0
0, 16, 0
0, 17, 0
0, 18, 0
0, 19, 0
0, 20, 0
0, 21, 0
0, 22, 0
0, 23, 0
0, 24, 0
0, 25, 0
0, 26, 0
0, 27, 0
0, 28, 0
0, 29, 0
0, 30, 0
0, 31, 0
0, 32, 0
0, 33, 0
0, 34, 0
0, 35, 0
0, 36, 0
0, 37, 0
0, 38, 0
0, 39, 0
0, 40, 0
0, 41, 0
0, 42, 0
0, 43, 0
0, 44, 0
0, 45, 0
0, 46, 0
0, 47, 0
0, 48, 0
0, 49, 0
0, 50, 0
0, 51, 0
0, 52, 0
0, 53, 0
0, 54, 0
0, 55, 0
0, 56, 0
0, 57, 0
0, 58, 0
0, 59, 0
0, 60, 0
0, 61, 0
0, 62, 0
0, 63, 0
0, 64, 0
0, 65, 0
0, 66, 0
0, 67, 0
0, 68, 0
0, 69, 0
0, 70, 0
0, 71, 0
0, 72, 0
0, 73, 0
0, 74, 0
0, 75, 0
0, 76, 0
0, 77, 0
0, 78, 0
0, 79, 0
0, 80, 0
0, 81, 0
0, 82, 0
0, 83, 0
0, 84, 0
0, 85, 0
0, 86, 0
0, 87, 0
0, 88, 0
0, 89, 0
0, 90, 0
0, 91, 0
0, 92, 0
0, 93, 0
0, 94, 0
0, 95, 0
0, 96, 0
0, 97, 0
0, 98, 0
0, 99, 0
0, 100, 0
0, 101, 0
0, 102, 0
0, 103, 0
0, 104, 0
0, 105, 0
0, 106, 0
0, 107, 0
0, 108, 0
0, 109, 0
0, 110, 0
0, 111, 0
0, 112, 0
0, 113, 0
0, 114, 0
0, 115, 0
0, 116, 0
0, 117, 0
0, 118, 0
0, 119, 0
0, 120, 0
0, 121, 0
0, 122, 0
0, 123, 0
0, 124, 0
0, 125, 0
0, 126, 0
0, 127, 0
0, 128, 0
0, 129, 0
0, 130, 0
0, 131, 0
0, 132, 0
0, 133, 0
0, 134, 0
0, 135, 0
0, 136, 0
0, 137, 0
0, 138, 0
0, 139, 0
0, 140, 0
0, 141, 0
0, 142, 0
0, 143, 0
0, 144, 0
0, 145, 0
0, 146, 0
0, 147, 0
0, 148, 0
0, 149, 0
0, 150, 0
0, 151, 0
0, 152, 0
0, 153, 0
0, 154, 0
0, 155, 0
0, 156, 0
0, 157, 0
0, 158, 0
0, 159, 0
0, 160, 0
0, 161, 0
0, 162, 0
0, 163, 0
0, 164, 0
0, 165, 0
0, 166, 0
0, 167, 0
0, 168, 0
0, 169, 0
0, 170, 0
0, 171, 0
0, 172, 0
0, 173, 0
0, 174, 0
0, 175, 0
0, 176, 0
0, 177, 0
0, 178, 0
0, 179, 0
0, 180, 0
0, 181, 0
0, 182, 0
0, 183, 0
0, 184, 0
0, 185, 0
0, 186, 0
0, 187, 0
0, 188, 0
0, 189, 0
0, 190, 0
0, 191, 0
0, 192, 0
0, 193, 0
0, 194, 0
0, 195, 0
0, 196, 0
0, 197, 0
0, 198, 0
0, 199, 0
0, 200, 0
0, 201, 0
0, 202, 0
0, 203, 0
0, 204, 0
0, 205, 0
0, 206, 0
0, 207, 0
0, 208, 0
0, 209, 0
0, 210, 0
0, 211, 0
0, 212, 0
0, 213, 0
0, 214, 0
0, 215, 0
0, 216, 0
0, 217, 0
0, 218, 0
0, 219, 0
0, 220, 0
0, 221, 0
0, 222, 0
0, 223, 0
0, 224, 0
0, 225, 0
0, 226, 0
0, 227, 0
0, 228, 0
0, 229, 0
0, 230, 0
0, 231, 0
0, 232, 0
0, 233, 0
0, 234, 0
0, 235, 0
0, 236, 0
0, 237, 0
0, 238, 0
0, 239, 0
0, 240, 0
0, 241, 0
0, 242, 0
0, 243, 0
0, 244, 0
0, 245, 0
0, 246, 0
0, 247, 0
0, 248, 0
0, 249, 0
0, 250, 0
0, 251, 0
0, 252, 0
0, 253, 0
0, 254, 0
0, 255, 0
0, 256, 0
0, 257, 0
0, 258, 0
0, 259, 0
0, 260, 0
0, 261, 0
0, 262, 0
0, 263, 0
0, 264, 0
0, 265, 0
0, 266, 0
0, 267, 0
0, 268, 0
0, 269, 0
0, 270, 0
0, 271, 0
0, 272, 0
0, 273, 0
0, 274, 0
0, 275, 0
0, 276, 0
0, 277, 0
0, 278, 0
0, 279, 0
0, 280, 0
0, 281, 0
0, 282, 0
0, 283, 0
0, 284, 0
0, 285, 0
0, 286, 0
0, 287, 0
0, 288, 0
0, 289, 0
0, 290, 0
0, 291, 0
0, 292, 0
0, 293, 0
0, 294, 0
0, 295, 0
0, 296, 0
0, 297, 0
0, 298, 0
0, 299, 0
0, 300, 0
0, 301, 0
0, 302, 0
0, 303, 0
0, 304, 0
0, 305, 0
0, 306, 0
0, 307, 0
0, 308, 0
0, 309, 0
0, 310, 0
0, 311, 0
0, 312, 0
0, 313, 0
0, 314, 0
0, 315, 0
0, 316, 0
0, 317, 0
0, 318, 0
0, 319, 0
0, 320, 0
0, 321, 0
0, 322, 0
0, 323, 0
0, 324, 0
0, 325, 0
0, 326, 0
0, 327, 0
0, 328, 0
0, 329, 0
0, 330, 0
0, 331, 0
0, 332, 0
0, 333, 0
0, 334, 0
0, 335, 0
0, 336, 0
0, 337, 0
0, 338, 0
0, 339, 0
0, 340, 0
0, 341, 0
0, 342, 0
0, 343, 0
0, 344, 0
0, 345, 0
0, 346, 0
0, 347, 0
0, 348, 0
0, 349, 0
0, 350, 0
0, 351, 0
0, 352, 0
0, 353, 0
0, 354, 0
0, 355, 0
0, 356, 0
0, 357, 0
0, 358, 0
0, 359, 0
0, 360, 0
0, 361, 0
0, 362, 0
0, 363, 0
0, 364, 0
0, 365, 0
0, 366, 0
0, 367, 0
0, 368, 0
0, 369, 0
0, 370, 0
0, 371, 0
0, 372, 0
0, 373, 0
0, 374, 0
0, 375, 0
0, 376, 0
0, 377, 0
0, 378, 0
0, 379, 0
0, 380, 0
0, 381, 0
0, 382, 0
0, 383, 0
0, 384, 0
0, 385, 0
0, 386, 0
0, 387, 0
0, 388, 0
0, 389, 0
0, 390, 0
0, 391, 0
0, 392, 0
0, 393, 0
0, 394, 0
0, 395, 0
0, 396, 0
0, 397, 0
0, 398, 0
0, 399, 0
1, 0, 0
1, 1, 54
1, 2, 45
1, 3, 0
1, 4, 52
1, 5, 47
1, 6, 0
1, 7, 30
1, 8, 0
1, 9, 18
1, 10, 0
1, 11, 36
1, 12, 0
1, 13, 0
1, 14, 44
1, 15, 47
1, 16, 0
1, 17, 11
1, 18, 0
1, 19, 19
1, 20, 0
1, 21, 5
1, 22, 13
1, 23, 0
1, 24, 32
1, 25, 0
1, 26, 22
1, 27, 50
1, 28, 0
1, 29, 0
1, 30, 29
1, 31, 12
1, 32, 23
1, 33, 0
1, 34, 0
1, 35, 0
1, 36, 51
1, 37, 0
1, 38, 48
1, 39, 0
1, 40, 19
1, 41, 45
1, 42, 46
1, 43, 38
1, 44, 0
1, 45, 0
1, 46, 48
1, 47, 0
1, 48, 0
1, 49, 0
1, 50, 0
1, 51, 0
1, 52, 15
1, 53, 42
1, 54, 0
1, 55, 0
1, 56, 0
1, 57, 0
1, 58, 55
1, 59, 0
1, 60, 0
1, 61, 42
1, 62, 0
1, 63, 1
1, 64, 16
1, 65, 0
1, 66, 0
1, 67, 0
1, 68, 0
1, 69, 35
1, 70, 0
1, 71, 0
1, 72, 31
1, 73, 0
1, 74, 0
1, 75, 0
1, 76, 11
1, 77, 0
1, 78, 43
1, 79, 52
1, 80, 12
1, 81, 0
1, 82, 11
1, 83, 3
1, 84, 34
1, 85, 40
1, 86, 0
1, 87, 33
1, 88, 0
1, 89, 35
1, 90, 0
1, 91, 22
1, 92, 0
1, 93, 0
1, 94, 33
1, 95, 28
1, 96, 8
1, 97, 35
1, 98, 0
1, 99, 15
1, 100, 0
1, 101, 38
1, 102, 24
1, 103, 16
1, 104, 0
1, 105, 38
1, 106, 52
1, 107, 0
1, 108, 0
1, 109, 10
1, 110, 26
1, 111, 0
1, 112, 0
1, 113, 53
1, 114, 48
1, 115, 46
1, 116, 38
1, 117, 0
1, 118, 24
1, 119, 34
1, 120, 0
1, 121, 0
1, 122, 0
1, 123, 44
1, 124, 0
1, 125, 0
1, 126, 5
1, 127, 0
1, 128, 0
1, 129, 0
1, 130, 50
1, 131, 0
1, 132, 0
1, 133, 47
1, 134, 0
1, 135, 39
1, 136, 43
1, 137, 52
1, 138, 0
1, 139, 0
1, 140, 40
1, 141, 0
1, 142, 0
1, 143, 54
1, 144, 46
1, 145, 0
1, 146, 0
1, 147, 32
1, 148, 46
1, 149, 36
1, 150, 13
1, 151, 0
1, 152, 31
1, 153, 0
1, 154, 16
1, 155, 13
1, 156, 0
1, 157, 0
1, 158, 50
1, 159, 0
1, 160, 18
1, 161, 27
1, 162, 45
1, 163, 0
1, 164, 0
1, 165, 0
1, 166, 0
1, 167, 4
1, 168, 0
1, 169, 49
1, 170, 29
1, 171, 2
1, 172, 0
1, 173, 41
1, 174, 2
1, 175, 53
1, 176, 0
1, 177, 55
1, 178, 43
1, 179, 0
1, 180, 51
1, 181, 0
1, 182, 0
1, 183, 39
1, 184, 0
1, 185, 0
1, 186, 39
1, 187, 0
1, 188, 32
1, 189, 21
1, 190, 0
1, 191, 0
1, 192, 22
1, 193, 8
1, 194, 39
1, 195, 0
1, 196, 0
1, 197, 50
1, 198, 27
1, 199, 37
1, 200, 46
1, 201, 37
1, 202, 14
1, 203, 0
1, 204, 40
1, 205, 15
1, 206, 0
1, 207, 48
1, 208, 23
1, 209, 0
1, 210, 0
1, 211, 26
1, 212, 0
1, 213, 16
1, 214, 0
1, 215, 0
1, 216, 0
1, 217, 20
1, 218, 35
1, 219, 0
1, 220, 4
1, 221, 55
1, 222, 50
1, 223, 17
1, 224, 14
1, 225, 19
1, 226, 0
1, 227, 0
1, 228, 46
1, 229, 0
1, 230, 0
1, 231, 0
1, 232, 5
1, 233, 47
1, 234, 0
1, 235, 0
1, 236, 38
1, 237, 13
1, 238, 0
1, 239, 34
1, 240, 11
1, 241, 29
1, 242, 43
1, 243, 0
1, 244, 0
1, 245, 38
1, 246, 0
1, 247, 35
1, 248, 8
1, 249, 0
1, 250, 0
1, 251, 0
1, 252, 49
1, 253, 33
1, 254, 10
1, 255, 0
1, 256, 0
1, 257, 0
1, 258, 0
1, 259, 27
1, 260, 32
1, 261, 22
1, 262, 0
1, 263, 41
1, 264, 0
1, 265, 54
1, 266, 26
1, 267, 30
1, 268, 41
1, 269, 0
1, 270, 0
1, 271, 36
1, 272, 52
1, 273, 43
1, 274, 33
1, 275, 24
1, 276, 46
1, 277, 0
1, 278, 0
1, 279, 0
1, 280, 0
1, 281, 28
1, 282, 0
1, 283, 0
1, 284, 0
1, 285, 3
1, 286, 0
1, 287, 0
1, 288, 40
1, 289, 0
1, 290, 50
1, 291, 0
1, 292, 22
1, 293, 5
1, 294, 39
1, 295, 0
1, 296, 29
1, 297, 20
1, 298, 0
1, 299, 46
1, 300, 0
1, 301, 45
1, 302, 36
1, 303, 17
1, 304, 31
1, 305, 0
1, 306, 0
1, 307, 41
1, 308, 0
1, 309, 19
1, 310, 32
1, 311, 8
1, 312, 23
1, 313, 30
1, 314, 0
1, 315, 48
1, 316, 33
1, 317, 0
1, 318, 0
1, 319, 14
1, 320, 2
1, 321, 0
1, 322, 31
1, 323, 0
1, 324, 13
1, 325, 15
1, 326, 0
1, 327, 0
1, 328, 0
1, 329, 0
1, 330, 4
1, 331, 11
1, 332, 0
1, 333, 27
1, 334, 0
1, 335, 0
1, 336, 0
1, 337, 5
1, 338, 35
1, 339, 0
1, 340, 0
1, 341, 0
1, 342, 53
1, 343, 20
1, 344, 0
1, 345, 0
1, 346, 0
1, 347, 7
1, 348, 55
1, 349, 0
1, 350, 0
1, 351, 29
1, 352, 0
1, 353, 0
1, 354, 0
1, 355, 0
1, 356, 36
1, 357, 0
1, 358, 0
1, 359, 7
1, 360, 52
1, 361, 33
1, 362, 0
1, 363, 0
1, 364, 45
1, 365, 0
1, 366, 38
1, 367, 22
1, 368, 24
1, 369, 0
1, 370, 32
1, 371, 47
1, 372, 40
1, 373, 29
1, 374, 0
1, 375, 0
1, 376, 0
1, 377, 42
1, 378, 0
1, 379, 50
1, 380, 0
1, 381, 0
1, 382, 25
1, 383, 0
1, 384, 0
1, 385, 0
1, 386, 46
1, 387, 0
1, 388, 29
1, 389, 5
1, 390, 0
1, 391, 0
1, 392, 0
1, 393, 0
1, 394, 49
1, 395, 30
1, 396, 4
1, 397, 38
1, 398, 36
1, 399, 0
2, 0, 0
2, 1, 19
2, 2, 10
2, 3, 0
2, 4, 0
2, 5, 43
2, 6, 0
2, 7, 9
2, 8, 0
2, 9, 11
2, 10, 0
2, 11, 0
2, 12, 0
2, 13, 34
2, 14, 16
2, 15, 0
2, 16, 26
2, 17, 0
2, 18, 48
2, 19, 0
2, 20, 5
2, 21, 0
2, 22, 51
2, 23, 0
2, 24, 0
2, 25, 23
2, 26, 0
2, 27, 20
2, 28, 41
2, 29, 0
2, 30, 46
2, 31, 0
2, 32, 34
2, 33, 18
2, 34, 0
2, 35, 0
2, 36, 0
2, 37, 19
2, 38, 0
2, 39, 0
2, 40, 44
2, 41, 0
2, 42, 0
2, 43, 0
2, 44, 0
2, 45, 13
2, 46, 36
2, 47, 26
2, 48, 0
2, 49, 0
2, 50, 45
2, 51, 12
2, 52, 0
2, 53, 0
2, 54, 53
2, 55, 0
2, 56, 50
2, 57, 51
2, 58, 49
2, 59, 50
2, 60, 32
2, 61, 45
2, 62, 0
2, 63, 5
2, 64, 0
2, 65, 0
2, 66, 0
2, 67, 29
2, 68, 45
2, 69, 0
2, 70, 0
2, 71, 21
2, 72, 0
2, 73, 16
2, 74, 0
2, 75, 0
2, 76, 47
2, 77, 32
2, 78, 27
2, 79, 38
2, 80, 41
2, 81, 0
2, 82, 0
2, 83, 0
2, 84, 49
2, 85, 29
2, 86, 0
2, 87, 36
2, 88, 0
2, 89, 0
2, 90, 0
2, 91, 0
2, 92, 0
2, 93, 30
2, 94, 31
2, 95, 40
2, 96, 18
2, 97, 0
2, 98, 48
2, 99, 0
2, 100, 0
2, 101, 0
2, 102, 16
2, 103, 11
2, 104, 52
2, 105, 0
2, 106, 2
2, 107, 22
2, 108, 0
2, 109, 0
2, 110, 0
2, 111, 0
2, 112, 0
2, 113, 42
2, 114, 0
2, 115, 0
2, 116, 0
2, 117, 0
2, 118, 45
2, 119, 29
2, 120, 0
2, 121, 51
2, 122, 0
2, 123, 34
2, 124, 0
2, 125, 44
2, 126, 41
2, 127, 23
2, 128, 0
2, 129, 46
2, 130, 0
2, 131, 0
2, 132, 54
2, 133, 0
2, 134, 0
2, 135, 51
2, 136, 17
2, 137, 38
2, 138, 9
2, 139, 11
2, 140, 27
2, 141, 0
2, 142, 45
2, 143, 53
2, 144, 0
2, 145, 0
2, 146, 35
2, 147, 0
2, 148, 24
2, 149, 32
2, 150, 0
2, 151, 4
2, 152, 23
2, 153, 19
2, 154, 0
2, 155, 36
2, 156, 0
2, 157, 0
2, 158, 38
2, 159, 7
2, 160, 41
2, 161, 0
2, 162, 26
2, 163, 39
2, 164, 49
2, 165, 0
2, 166, 0
2, 167, 28
2, 168, 38
2, 169, 0
2, 170, 0
2, 171, 0
2, 172, 0
2, 173, 8
2, 174, 24
2, 175, 25
2, 176, 47
2, 177, 0
2, 178, 0
2, 179, 0
2, 180, 0
2, 181, 0
2, 182, 44
2, 183, 11
2, 184, 0
2, 185, 25
2, 186, 0
2, 187, 0
2, 188, 20
2, 189, 0
2, 190, 0
2, 191, 0
2, 192, 0
2, 193, 9
2, 194, 0
2, 195, 50
2, 196, 48
2, 197, 0
2, 198, 22
2, 199, 0
2, 200, 27
2, 201, 0
2, 202, 0
2, 203, 10
2, 204, 20
2, 205, 24
2, 206, 43
2, 207, 0
2, 208, 25
2, 209, 16
2, 210, 12
2, 211, 39
2, 212, 0
2, 213, 0
2, 214, 0
2, 215, 37
2, 216, 47
2, 217, 0
2, 218, 0
2, 219, 0
2, 220, 0
2, 221, 52
2, 222, 0
2, 223, 0
2, 224, 21
2, 225, 52
2, 226, 0
2, 227, 8
2, 228, 21
2, 229, 3
2, 230, 53
2, 231, 0
2, 232, 49
2, 233, 0
2, 234, 0
2, 235, 0
2, 236, 38
2, 237, 0
2, 238, 21
2, 239, 0
2, 240, 0
2, 241, 17
2, 242, 51
2, 243, 6
2, 244, 32
2, 245, 46
2, 246, 0
2, 247, 45
2, 248, 33
2, 249, 19
2, 250, 0
2, 251, 0
2, 252, 42
2, 253, 0
2, 254, 21
2, 255, 0
2, 256, 38
2, 257, 18
2, 258, 0
2, 259, 0
2, 260, 36
2, 261, 0
2, 262, 9
2, 263, 10
2, 264, 50
2, 265, 28
2, 266, 0
2, 267, 0
2, 268, 0
2, 269, 0
2, 270, 49
2, 271, 0
2, 272, 32
2, 273, 54
2, 274, 34
2, 275, 22
2, 276, 15
2, 277, 0
2, 278, 32
2, 279, 0
2, 280, 35
2, 281, 39
2, 282, 42
2, 283, 30
2, 284, 10
2, 285, 26
2, 286, 31
2, 287, 43
2, 288, 21
2, 289, 0
2, 290, 54
2, 291, 0
2, 292, 0
2, 293, 40
2, 294, 0
2, 295, 0
2, 296, 0
2, 297, 0
2, 298, 40
2, 299, 0
2, 300, 0
2, 301, 0
2, 302, 0
2, 303, 0
2, 304, 0
2, 305, 0
2, 306, 0
2, 307, 48
2, 308, 1
2, 309, 0
2, 310, 0
2, 311, 41
2, 312, 52
2, 313, 18
2, 314, 0
2, 315, 53
2, 316, 42
2, 317, 39
2, 318, 17
2, 319, 0
2, 320, 40
2, 321, 49
2, 322, 35
2, 323, 26
2, 324, 0
2, 325, 0
2, 326, 0
2, 327, 47
2, 328, 27
2, 329, 0
2, 330, 20
2, 331, 0
2, 332, 42
2, 333, 0
2, 334, 0
2, 335, 14
2, 336, 0
2, 337, 0
2, 338, 3
2, 339, 0
2, 340, 13
2, 341, 15
2, 342, 43
2, 343, 18
2, 344, 41
2, 345, 24
2, 346, 27
2, 347, 0
2, 348, 0
2, 349, 24
2, 350, 46
2, 351, 2
2, 352, 0
2, 353, 0
2, 354, 2
2, 355, 54
2, 356, 4
2, 357, 38
2, 358, 7
2, 359, 0
2, 360, 45
2, 361, 48
2, 362, 0
2, 363, 33
2, 364, 22
2, 365, 0
2, 366, 17
2, 367, 0
2, 368, 50
2, 369, 42
2, 370, 0
2, 371, 14
2, 372, 22
2, 373, 0
2, 374, 0
2, 375, 50
2, 376, 0
2, 377, 0
2, 378, 0
2, 379, 0
2, 380, 1
2, 381, 0
2, 382, 0
2, 383, 0
2, 384, 0
2, 385, 0
2, 386, 0
2, 387, 0
2, 388, 40
2, 389, 2
2, 390, 53
2, 391, 24
2, 392, 5
2, 393, 16
2, 394, 0
2, 395, 28
2, 396, 0
2, 397, 0
2, 398, 40
2, 399, 41
3, 0, 0
3, 1, 0
3, 2, 0
3, 3, 0
3, 4, 0
3, 5, 46
3, 6, 0
3, 7, 36
3, 8, 0
3, 9, 0
3, 10, 0
3, 11, 48
3, 12, 38
3, 13, 17
3, 14, 12
3, 15, 28
3, 16, 0
3, 17, 0
3, 18, 56
3, 19, 0
3, 20, 14
3, 21, 49
3, 22, 16
3, 23, 0
3, 24, 0
3, 25, 27
3, 26, 0
3, 27, 0
3, 28, 39
3, 29, 1
3, 30, 37
3, 31, 0
3, 32, 5
3, 33, 5
3, 34, 35
3, 35, 0
3, 36, 0
3, 37, 42
3, 38, 0
3, 39, 56
3, 40, 11
3, 41, 0
3, 42, 30
3, 43, 0
3, 44, 40
3, 45, 36
3, 46, 0
3, 47, 20
3, 48, 0
3, 49, 40
3, 50, 35
3, 51, 0
3, 52, 0
3, 53, 0
3, 54, 17
3, 55, 32
3, 56, 48
3, 57, 13
3, 58, 25
3, 59, 0
3, 60, 0
3, 61, 57
3, 62, 0
3, 63, 43
3, 64, 0
3, 65, 0
3, 66, 50
3, 67, 41
3, 68, 0
3, 69, 4
3, 70, 51
3, 71, 0
3, 72, 8
3, 73, 0
3, 74, 25
3, 75, 22
3, 76, 39
3, 77, 0
3, 78, 0
3, 79, 34
3, 80, 47
3, 81, 0
3, 82, 0
3, 83, 0
3, 84, 0
3, 85, 0
3, 86, 0
3, 87, 0
3, 88, 47
3, 89, 31
3, 90, 12
3, 91, 0
3, 92, 0
3, 93, 40
3, 94, 52
3, 95, 37
3, 96, 0
3, 97, 0
3, 98, 13
3, 99, 38
3, 100, 41
3, 101, 16
3, 102, 28
3, 103, 43
3, 104, 0
3, 105, 0
3, 106, 0
3, 107, 15
3, 108, 0
3, 109, 43
3, 110, 15
3, 111, 30
3, 112, 0
3, 113, 28
3, 114, 33
3, 115, 30
3, 116, 21
3, 117, 0
3, 118, 0
3, 119, 0
3, 120, 0
3, 121, 16
3, 122, 40
3, 123, 15
3, 124, 0
3, 125, 46
3, 126, 0
3, 127, 0
3, 128, 0
3, 129, 35
3, 130, 44
3, 131, 24
3, 132, 23
3, 133, 34
3, 134, 0
3, 135, 0
3, 136, 0
3, 137, 0
3, 138, 45
3, 139, 28
3, 140, 11
3, 141, 0
3, 142, 0
3, 143, 32
3, 144, 0
3, 145, 49
3, 146, 0
3, 147, 10
3, 148, 0
3, 149, 35
3, 150, 0
3, 151, 0
3, 152, 0
3, 153, 27
3, 154, 0
3, 155, 33
3, 156, 28
3, 157, 10
3, 158, 49
3, 159, 22
3, 160, 0
3, 161, 50
3, 162, 0
3, 163, 0
3, 164, 0
3, 165, 17
3, 166, 7
3, 167, 0
3, 168, 20
3, 169, 0
3, 170, 0
3, 171, 0
3, 172, 37
3, 173, 4
3, 174, 29
3, 175, 16
3, 176, 43
3, 177, 40
3, 178, 40
3, 179, 39
3, 180, 0
3, 181, 0
3, 182, 0
3, 183, 27
3, 184, 25
3, 185, 42
3, 186, 41
3, 187, 12
3, 188, 0
3, 189, 0
3, 190, 0
3, 191, 5
3, 192, 45
3, 193, 25
3, 194, 0
3, 195, 2
3, 196, 29
3, 197, 0
3, 198, 30
3, 199, 0
3, 200, 0
3, 201, 47
3, 202, 38
3, 203, 52
3, 204, 52
3, 205, 0
3, 206, 0
3, 207, 35
3, 208, 57
3, 209, 0
3, 210, 51
3, 211, 8
3, 212, 48
3, 213, 21
3, 214, 0
3, 215, 17
3, 216, 4
3, 217, 0
3, 218, 0
3, 219, 37
3, 220, 6
3, 221, 0
3, 222, 31
3, 223, 31
3, 224, 42
3, 225, 1
3, 226, 44
3, 227, 0
3, 228, 47
3, 229, 0
3, 230, 0
3, 231, 55
3, 232, 0
3, 233, 0
3, 234, 32
3, 235, 0
3, 236, 0
3, 237, 28
3, 238, 0
3, 239, 14
3, 240, 41
3, 241, 43
3, 242, 19
3, 243, 51
3, 244, 33
3, 245, 26
3, 246, 52
3, 247, 0
3, 248, 0
3, 249, 0
3, 250, 0
3, 251, 2
3, 252, 22
3, 253, 0
3, 254, 0
3, 255, 26
3, 256, 15
3, 257, 43
3, 258, 0
3, 259, 0
3, 260, 0
3, 261, 0
3, 262, 13
3, 263, 27
3, 264, 0
3, 265, 49
3, 266, 36
3, 267, 0
3, 268, 0
3, 269, 19
3, 270, 44
3, 271, 0
3, 272, 0
3, 273, 57
3, 274, 0
3, 275, 16
3, 276, 0
3, 277, 43
3, 278, 0
3, 279, 0
3, 280, 0
3, 281, 46
3, 282, 0
3, 283, 31
3, 284, 0
3, 285, 0
3, 286, 0
3, 287, 0
3, 288, 0
3, 289, 56
3, 290, 25
3, 291, 45
3, 292, 0
3, 293, 0
3, 294, 39
3, 295, 0
3, 296, 12
3, 297, 0
3, 298, 28
3, 299, 50
3, 300, 56
3, 301, 0
3, 302, 4
3, 303, 4
3, 304, 29
3, 305, 0
3, 306, 23
3, 307, 0
3, 308, 42
3, 309, 0
3, 310, 35
3, 311, 26
3, 312, 37
3, 313, 11
3, 314, 0
3, 315, 0
3, 316, 0
3, 317, 10
3, 318, 30
3, 319, 0
3, 320, 0
3, 321, 15
3, 322, 0
3, 323, 64
3, 324, 21
3, 325, 8
3, 326, 0
3, 327, 0
3, 328, 36
3, 329, 48
3, 330, 0
3, 331, 41
3, 332, 0
3, 333, 0
3, 334, 0
3, 335, 20
3, 336, 49
3, 337, 52
3, 338, 7
3, 339, 0
3, 340, 0
3, 341, 0
3, 342, 0
3, 343, 0
3, 344, 0
3, 345, 0
3, 346, 52
3, 347, 0
3, 348, 0
3, 349, 0
3, 350, 43
3, 351, 10
3, 352, 0
3, 353, 0
3, 354, 20
3, 355, 0
3, 356, 0
3, 357, 33
3, 358, 0
3, 359, 26
3, 360, 8
3, 361, 50
3, 362, 48
3, 363, 52
3, 364, 3
3, 365, 0
3, 366, 40
3, 367, 0
3, 368, 0
3, 369, 39
3, 370, 0
3, 371, 30
3, 372, 0
3, 373, 11
3, 374, 0
3, 375, 44
3, 376, 0
3, 377, 26
3, 378, 0
3, 379, 0
3, 380, 0
3, 381, 38
3, 382, 28
3, 383, 27
3, 384, 0
3, 385, 25
3, 386, 50
3, 387, 41
3, 388, 41
3, 389, 13
3, 390, 0
3, 391, 0
3, 392, 3
3, 393, 45
3, 394, 0
3, 395, 0
3, 396, 0
3, 397, 0
3, 398, 0
3, 399, 0
4, 0, 0
4, 1, 0
4, 2, 0
4, 3, 24
4, 4, 12
4, 5, 20
4, 6, 32
4, 7, 0
4, 8, 0
4, 9, 0
4, 10, 19
4, 11, 0
4, 12, 0
4, 13, 0
4, 14, 21
4, 15, 44
4, 16, 0
4, 17, 0
4, 18, 0
4, 19, 0
4, 20, 0
4, 21, 0
4, 22, 0
4, 23, 11
4, 24, 0
4, 25, 0
4, 26, 35
4, 27, 4
4, 28, 0
4, 29, 0
4, 30, 2
4, 31, 42
4, 32, 39
4, 33, 0
4, 34, 0
4, 35, 46
4, 36, 27
4, 37, 34
4, 38, 0
4, 39, 53
4, 40, 0
4, 41, 0
4, 42, 29
4, 43, 0
4, 44, 35
4, 45, 45
4, 46, 0
4, 47, 38
4, 48, 18
4, 49, 0
4, 50, 15
4, 51, 39
4, 52, 5
4, 53, 15
4, 54, 22
4, 55, 0
4, 56, 49
4, 57, 6
4, 58, 32
4, 59, 0
4, 60, 0
4, 61, 44
4, 62, 21
4, 63, 12
4, 64, 40
4, 65, 37
4, 66, 7
4, 67, 0
4, 68, 0
4, 69, 1
4, 70, 3
4, 71, 34
4, 72, 0
4, 73, 0
4, 74, 0
4, 75, 49
4, 76, 0
4, 77, 41
4, 78, 0
4, 79, 23
4, 80, 0
4, 81, 0
4, 82, 0
4, 83, 15
4, 84, 28
4, 85, 0
4, 86, 0
4, 87, 0
4, 88, 56
4, 89, 21
4, 90, 0
4, 91, 34
4, 92, 46
4, 93, 0
4, 94, 43
4, 95, 0
4, 96, 26
4, 97, 0
4, 98, 40
4, 99, 33
4, 100, 0
4, 101, 47
4, 102, 36
4, 103, 45
4, 104, 5
4, 105, 0
4, 106, 0
4, 107, 28
4, 108, 0
4, 109, 0
4, 110, 53
4, 111, 0
4, 112, 23
4, 113, 32
4, 114, 0
4, 115, 52
4, 116, 0
4, 117, 42
4, 118, 27
4, 119, 3
4, 120, 0
4, 121, 10
4, 122, 7
4, 123, 0
4, 124, 0
4, 125, 45
4, 126, 30
4, 127, 12
4, 128, 0
4, 129, 0
4, 130, 31
4, 131, 0
4, 132, 35
4, 133, 0
4, 134, 37
4, 135, 44
4, 136, 0
4, 137, 14
4, 138, 54
4, 139, 29
4, 140, 31
4, 141, 0
4, 142, 0
4, 143, 0
4, 144, 0
4, 145, 0
4, 146, 4
4, 147, 0
4, 148, 8
4, 149, 1
4, 150, 22
4, 151, 0
4, 152, 50
4, 153, 53
4, 154, 22
4, 155, 40
4, 156, 0
4, 157, 34
4, 158, 10
4, 159, 0
4, 160, 0
4, 161, 0
4, 162, 5
4, 163, 48
4, 164, 0
4, 165, 42
4, 166, 0
4, 167, 0
4, 168, 21
4, 169, 53
4, 170, 0
4, 171, 0
4, 172, 39
4, 173, 38
4, 174, 33
4, 175, 0
4, 176, 0
4, 177, 46
4, 178, 34
4, 179, 50
4, 180, 13
4, 181, 0
4, 182, 0
4, 183, 52
4, 184, 0
4, 185, 57
4, 186, 20
4, 187, 0
4, 188, 0
4, 189, 0
4, 190, 15
4, 191, 0
4, 192, 36
4, 193, 0
4, 194, 0
4, 195, 30
4, 196, 41
4, 197, 4
4, 198, 0
4, 199, 0
4, 200, 0
4, 201, 26
4, 202, 47
4, 203, 10
4, 204, 39
4, 205, 0
4, 206, 38
4, 207, 0
4, 208, 0
4, 209, 0
4, 210, 0
4, 211, 0
4, 212, 0
4, 213, 47
4, 214, 54
4, 215, 27
4, 216, 0
4, 217, 53
4, 218, 0
4, 219, 11
4, 220, 0
4, 221, 0
4, 222, 0
4, 223, 34
4, 224, 0
4, 225, 0
4, 226, 17
4, 227, 21
4, 228, 0
4, 229, 0
4, 230, 22
4, 231, 0
4, 232, 38
4, 233, 49
4, 234, 31
4, 235, 2
4, 236, 0
4, 237, 0
4, 238, 0
4, 239, 0
4, 240, 9
4, 241, 51
4, 242, 0
4, 243, 0
4, 244, 14
4, 245, 42
4, 246, 0
4, 247, 34
4, 248, 29
4, 249, 54
4, 250, 0
4, 251, 43
4, 252, 23
4, 253, 0
4, 254, 0
4, 255, 35
4, 256, 0
4, 257, 25
4, 258, 10
4, 259, 0
4, 260, 0
4, 261, 0
4, 262, 0
4, 263, 0
4, 264, 0
4, 265, 40
4, 266, 27
4, 267, 42
4, 268, 23
4, 269, 0
4, 270, 0
4, 271, 0
4, 272, 0
4, 273, 0
4, 274, 38
4, 275, 28
4, 276, 0
4, 277, 0
4, 278, 0
4, 279, 40
4, 280, 47
4, 281, 19
4, 282, 32
4, 283, 0
4, 284, 0
4, 285, 36
4, 286, 0
4, 287, 46
4, 288, 0
4, 289, 51
4, 290, 0
4, 291, 1
4, 292, 0
4, 293, 0
4, 294, 0
4, 295, 48
4, 296, 30
4, 297, 0
4, 298, 26
4, 299, 0
4, 300, 0
4, 301, 28
4, 302, 41
4, 303, 30
4, 304, 8
4, 305, 39
4, 306, 0
4, 307, 0
4, 308, 0
4, 309, 8
4, 310, 37
4, 311, 47
4, 312, 0
4, 313, 0
4, 314, 24
4, 315, 22
4, 316, 0
4, 317, 32
4, 318, 38
4, 319, 25
4, 320, 52
4, 321, 0
4, 322, 35
4, 323, 45
4, 324, 3
4, 325, 21
4, 326, 50
4, 327, 0
4, 328, 0
4, 329, 56
4, 330, 5
4, 331, 52
4, 332, 0
4, 333, 44
4, 334, 0
4, 335, 0
4, 336, 3
4, 337, 0
4, 338, 19
4, 339, 24
4, 340, 0
4, 341, 44
4, 342, 57
4, 343, 46
4, 344, 53
4, 345, 0
4, 346, 35
4, 347, 36
4, 348, 49
4, 349, 43
4, 350, 0
4, 351, 0
4, 352, 0
4, 353, 41
4, 354, 0
4, 355, 31
4, 356, 26
4, 357, 0
4, 358, 0
4, 359, 39
4, 360, 13
4, 361, 13
4, 362, 0
4, 363, 24
4, 364, 20
4, 365, 1
4, 366, 37
4, 367, 31
4, 368, 34
4, 369, 18
4, 370, 0
4, 371, 0
4, 372, 4
4, 373, 30
4, 374, 0
4, 375, 47
4, 376, 0
4, 377, 2
4, 378, 31
4, 379, 54
4, 380, 25
4, 381, 0
4, 382, 0
4, 383, 33
4, 384, 51
4, 385, 0
4, 386, 0
4, 387, 0
4, 388, 0
4, 389, 9
4, 390, 50
4, 391, 0
4, 392, 0
4, 393, 32
4, 394, 28
4, 395, 52
4, 396, 0
4, 397, 40
4, 398, 0
4, 399, 0
5, 0, 0
5, 1, 10
5, 2, 41
5, 3, 8
5, 4, 0
5, 5, 26
5, 6, 2
5, 7, 47
5, 8, 22
5, 9, 33
5, 10, 0
5, 11, 32
5, 12, 12
5, 13, 31
5, 14, 6
5, 15, 0
5, 16, 0
5, 17, 0
5, 18, 30
5, 19, 18
5, 20, 37
5, 21, 0
5, 22, 45
5, 23, 0
5, 24, 0
5, 25, 0
5, 26, 36
5, 27, 21
5, 28, 0
5, 29, 0
5, 30, 45
5, 31, 32
5, 32, 13
5, 33, 40
5, 34, 0
5, 35, 18
5, 36, 0
5, 37, 0
5, 38, 44
5, 39, 40
5, 40, 0
5, 41, 2
5, 42, 25
5, 43, 16
5, 44, 55
5, 45, 39
5, 46, 38
5, 47, 43
5, 48, 29
5, 49, 0
5, 50, 25
5, 51, 0
5, 52, 7
5, 53, 23
5, 54, 55
5, 55, 36
5, 56, 0
5, 57, 0
5, 58, 48
5, 59, 0
5, 60, 36
5, 61, 0
5, 62, 0
5, 63, 3
5, 64, 28
5, 65, 49
5, 66, 40
5, 67, 0
5, 68, 35
5, 69, 20
5, 70, 0
5, 71, 0
5, 72, 0
5, 73, 0
5, 74, 0
5, 75, 52
5, 76, 0
5, 77, 46
5, 78, 5
5, 79, 0
5, 80, 0
5, 81, 0
5, 82, 11
5, 83, 41
5, 84, 38
5, 85, 0
5, 86, 18
5, 87, 26
5, 88, 8
5, 89, 23
5, 90, 0
5, 91, 0
5, 92, 0
5, 93, 28
5, 94, 2
5, 95, 6
5, 96, 50
5, 97, 0
5, 98, 0
5, 99, 21
5, 100, 0
5, 101, 0
5, 102, 35
5, 103, 0
5, 104, 34
5, 105, 40
5, 106, 40
5, 107, 55
5, 108, 26
5, 109, 15
5, 110, 0
5, 111, 0
5, 112, 12
5, 113, 30
5, 114, 37
5, 115, 18
5, 116, 14
5, 117, 54
5, 118, 0
5, 119, 24
5, 120, 0
5, 121, 29
5, 122, 0
5, 123, 39
5, 124, 15
5, 125, 33
5, 126, 0
5, 127, 41
5, 128, 14
5, 129, 9
5, 130, 6
5, 131, 47
5, 132, 1
5, 133, 32
5, 134, 0
5, 135, 33
5, 136, 0
5, 137, 0
5, 138, 14
5, 139, 36
5, 140, 37
5, 141, 0
5, 142, 0
5, 143, 50
5, 144, 0
5, 145, 43
5, 146, 16
5, 147, 0
5, 148, 0
5, 149, 3
5, 150, 46
5, 151, 0
5, 152, 32
5, 153, 15
5, 154, 0
5, 155, 48
5, 156, 0
5, 157, 0
5, 158, 25
5, 159, 39
5, 160, 27
5, 161, 52
5, 162, 22
5, 163, 0
5, 164, 38
5, 165, 0
5, 166, 27
5, 167, 29
5, 168, 15
5, 169, 34
5, 170, 0
5, 171, 51
5, 172, 46
5, 173, 0
5, 174, 0
5, 175, 0
5, 176, 0
5, 177, 51
5, 178, 0
5, 179, 26
5, 180, 17
5, 181, 0
5, 182, 17
5, 183, 0
5, 184, 49
5, 185, 0
5, 186, 46
5, 187, 47
5, 188, 30
5, 189, 5
5, 190, 0
5, 191, 25
5, 192, 31
5, 193, 16
5, 194, 0
5, 195, 0
5, 196, 0
5, 197, 0
5, 198, 0
5, 199, 0
5, 200, 0
5, 201, 38
5, 202, 23
5, 203, 38
5, 204, 7
5, 205, 4
5, 206, 0
5, 207, 35
5, 208, 0
5, 209, 21
5, 210, 0
5, 211, 0
5, 212, 0
5, 213, 0
5, 214, 38
5, 215, 0
5, 216, 0
5, 217, 50
5, 218, 32
5, 219, 0
5, 220, 0
5, 221, 27
5, 222, 0
5, 223, 0
5, 224, 0
5, 225, 0
5, 226, 0
5, 227, 0
5, 228, 34
5, 229, 12
5, 230, 51
5, 231, 0
5, 232, 0
5, 233, 5
5, 234, 20
5, 235, 33
5, 236, 24
5, 237, 0
5, 238, 13
5, 239, 19
5, 240, 45
5, 241, 0
5, 242, 0
5, 243, 4
5, 244, 0
5, 245, 0
5, 246, 29
5, 247, 8
5, 248, 28
5, 249, 17
5, 250, 0
5, 251, 0
5, 252, 48
5, 253, 35
5, 254, 0
5, 255, 8
5, 256, 27
5, 257, 0
5, 258, 12
5, 259, 37
5, 260, 29
5, 261, 54
5, 262, 17
5, 263, 14
5, 264, 0
5, 265, 42
5, 266, 52
5, 267, 18
5, 268, 14
5, 269, 0
5, 270, 40
5, 271, 0
5, 272, 0
5, 273, 0
5, 274, 0
5, 275, 22
5, 276, 3
5, 277, 0
5, 278, 23
5, 279, 50
5, 280, 0
5, 281, 11
5, 282, 25
5, 283, 43
5, 284, 0
5, 285, 0
5, 286, 0
5, 287, 47
5, 288, 34
5, 289, 30
5, 290, 46
5, 291, 55
5, 292, 0
5, 293, 10
5, 294, 0
5, 295, 0
5, 296, 0
5, 297, 45
5, 298, 21
5, 299, 0
5, 300, 40
5, 301, 47
5, 302, 0
5, 303, 0
5, 304, 10
5, 305, 0
5, 306, 28
5, 307, 54
5, 308, 16
5, 309, 51
5, 310, 0
5, 311, 0
5, 312, 50
5, 313, 0
5, 314, 0
5, 315, 36
5, 316, 0
5, 317, 31
5, 318, 54
5, 319, 19
5, 320, 31
5, 321, 0
5, 322, 20
5, 323, 0
5, 324, 49
5, 325, 42
5, 326, 41
5, 327, 0
5, 328, 0
5, 329, 39
5, 330, 17
5, 331, 0
5, 332, 0
5, 333, 0
5, 334, 44
5, 335, 43
5, 336, 26
5, 337, 0
5, 338, 30
5, 339, 33
5, 340, 6
5, 341, 32
5, 342, 41
5, 343, 27
5, 344, 0
5, 345, 42
5, 346, 27
5, 347, 0
5, 348, 35
5, 349, 0
5, 350, 0
5, 351, 37
5, 352, 0
5, 353, 35
5, 354, 0
5, 355, 0
5, 356, 37
5, 357, 26
5, 358, 0
5, 359, 0
5, 360, 34
5, 361, 36
5, 362, 45
5, 363, 0
5, 364, 0
5, 365, 36
5, 366, 26
5, 367, 0
5, 368, 0
5, 369, 0
5, 370, 0
5, 371, 0
5, 372, 0
5, 373, 5
5, 374, 0
5, 375, 0
5, 376, 9
5, 377, 18
5, 378, 4
5, 379, 52
5, 380, 31
5, 381, 47
5, 382, 0
5, 383, 10
5, 384, 19
5, 385, 0
5, 386, 0
5, 387, 0
5, 388, 12
5, 389, 0
5, 390, 7
5, 391, 30
5, 392, 54
5, 393, 40
5, 394, 0
5, 395, 0
5, 396, 47
5, 397, 20
5, 398, 45
5, 399, 0
6, 0, 0
6, 1, 0
6, 2, 0
6, 3, 0
6, 4, 0
6, 5, 0
6, 6, 0
6, 7, 5
6, 8, 0
6, 9, 0
6, 10, 47
6, 11, 28
6, 12, 0
6, 13, 11
6, 14, 0
6, 15, 52
6, 16, 0
6, 17, 31
6, 18, 0
6, 19, 42
6, 20, 50
6, 21, 0
6, 22, 0
6, 23, 0
6, 24, 0
6, 25, 40
6, 26, 0
6, 27, 20
6, 28, 48
6, 29, 49
6, 30, 27
6, 31, 0
6, 32, 47
6, 33, 24
6, 34, 14
6, 35, 0
6, 36, 0
6, 37, 0
6, 38, 0
6, 39, 0
6, 40, 17
6, 41, 0
6, 42, 0
6, 43, 35
6, 44, 29
6, 45, 35
6, 46, 0
6, 47, 0
6, 48, 46
6, 49, 30
6, 50, 19
6, 51, 0
6, 52, 0
6, 53, 0
6, 54, 0
6, 55, 33
6, 56, 28
6, 57, 0
6, 58, 0
6, 59, 20
6, 60, 0
6, 61, 4
6, 62, 36
6, 63, 43
6, 64, 0
6, 65, 0
6, 66, 0
6, 67, 0
6, 68, 10
6, 69, 0
6, 70, 0
6, 71, 0
6, 72, 42
6, 73, 0
6, 74, 0
6, 75, 0
6, 76, 30
6, 77, 38
6, 78, 0
6, 79, 18
6, 80, 48
6, 81, 0
6, 82, 14
6, 83, 21
6, 84, 0
6, 85, 0
6, 86, 41
6, 87, 53
6, 88, 3
6, 89, 13
6, 90, 21
6, 91, 22
6, 92, 48
6, 93, 0
6, 94, 47
6, 95, 0
6, 96, 0
6, 97, 54
6, 98, 4
6, 99, 55
6, 100, 49
6, 101, 0
6, 102, 8
6, 103, 43
6, 104, 31
6, 105, 0
6, 106, 0
6, 107, 0
6, 108, 0
6, 109, 50
6, 110, 24
6, 111, 19
6, 112, 15
6, 113, 0
6, 114, 0
6, 115, 27
6, 116, 0
6, 117, 40
6, 118, 0
6, 119, 0
6, 120, 0
6, 121, 0
6, 122, 17
6, 123, 0
6, 124, 0
6, 125, 0
6, 126, 0
6, 127, 32
6, 128, 0
6, 129, 23
6, 130, 22
6, 131, 11
6, 132, 49
6, 133, 0
6, 134, 0
6, 135, 0
6, 136, 0
6, 137, 0
6, 138, 5
6, 139, 0
6, 140, 33
6, 141, 46
6, 142, 44
6, 143, 39
6, 144, 0
6, 145, 16
6, 146, 0
6, 147, 52
6, 148, 30
6, 149, 0
6, 150, 20
6, 151, 0
6, 152, 35
6, 153, 0
6, 154, 0
6, 155, 51
6, 156, 0
6, 157, 0
6, 158, 50
6, 159, 42
6, 160, 0
6, 161, 54
6, 162, 14
6, 163, 8
6, 164, 34
6, 165, 0
6, 166, 0
6, 167, 51
6, 168, 11
6, 169, 0
6, 170, 0
6, 171, 38
6, 172, 0
6, 173, 0
6, 174, 44
6, 175, 31
6, 176, 35
6, 177, 57
6, 178, 0
6, 179, 32
6, 180, 0
6, 181, 10
6, 182, 0
6, 183, 0
6, 184, 21
6, 185, 35
6, 186, 0
6, 187, 41
6, 188, 40
6, 189, 0
6, 190, 0
6, 191, 15
6, 192, 19
6, 193, 53
6, 194, 0
6, 195, 0
6, 196, 38
6, 197, 0
6, 198, 0
6, 199, 47
6, 200, 4
6, 201, 43
6, 202, 0
6, 203, 0
6, 204, 0
6, 205, 18
6, 206, 0
6, 207, 56
6, 208, 20
6, 209, 0
6, 210, 0
6, 211, 0
6, 212, 3
6, 213, 33
6, 214, 0
6, 215, 0
6, 216, 0
6, 217, 25
6, 218, 0
6, 219, 9
6, 220, 0
6, 221, 0
6, 222, 37
6, 223, 55
6, 224, 0
6, 225, 0
6, 226, 0
6, 227, 0
6, 228, 0
6, 229, 22
6, 230, 0
6, 231, 0
6, 232, 10
6, 233, 17
6, 234, 41
6, 235, 23
6, 236, 0
6, 237, 54
6, 238, 0
6, 239, 0
6, 240, 23
6, 241, 27
6, 242, 0
6, 243, 0
6, 244, 0
6, 245, 34
6, 246, 0
6, 247, 48
6, 248, 47
6, 249, 53
6, 250, 0
6, 251, 37
6, 252, 0
6, 253, 0
6, 254, 0
6, 255, 0
6, 256, 0
6, 257, 49
6, 258, 17
6, 259, 19
6, 260, 48
6, 261, 33
6, 262, 56
6, 263, 0
6, 264, 15
6, 265, 0
6, 266, 54
6, 267, 0
6, 268, 2
6, 269, 0
6, 270, 0
6, 271, 0
6, 272, 36
6, 273, 26
6, 274, 0
6, 275, 0
6, 276, 43
6, 277, 0
6, 278, 14
6, 279, 0
6, 280, 0
6, 281, 19
6, 282, 24
6, 283, 0
6, 284, 0
6, 285, 16
6, 286, 35
6, 287, 46
6, 288, 25
6, 289, 0
6, 290, 0
6, 291, 28
6, 292, 22
6, 293, 21
6, 294, 0
6, 295, 31
6, 296, 0
6, 297, 51
6, 298, 14
6, 299, 1
6, 300, 0
6, 301, 0
6, 302, 9
6, 303, 0
6, 304, 43
6, 305, 31
6, 306, 0
6, 307, 0
6, 308, 20
6, 309, 0
6, 310, 50
6, 311, 0
6, 312, 0
6, 313, 22
6, 314, 0
6, 315, 0
6, 316, 57
6, 317, 0
6, 318, 0
6, 319, 7
6, 320, 0
6, 321, 0
6, 322, 54
6, 323, 25
6, 324, 4
6, 325, 37
6, 326, 32
6, 327, 0
6, 328, 0
6, 329, 41
6, 330, 30
6, 331, 30
6, 332, 0
6, 333, 0
6, 334, 0
6, 335, 0
6, 336, 33
6, 337, 10
6, 338, 6
6, 339, 0
6, 340, 16
6, 341, 0
6, 342, 0
6, 343, 0
6, 344, 0
6, 345, 0
6, 346, 0
6, 347, 0
6, 348, 0
6, 349, 52
6, 350, 0
6, 351, 34
6, 352, 27
6, 353, 8
6, 354, 25
6, 355, 2
6, 356, 46
6, 357, 33
6, 358, 44
6, 359, 0
6, 360, 54
6, 361, 22
6, 362, 4
6, 363, 0
6, 364, 0
6, 365, 49
6, 366, 0
6, 367, 29
6, 368, 31
6, 369, 55
6, 370, 0
6, 371, 0
6, 372, 0
6, 373, 0
6, 374, 0
6, 375, 0
6, 376, 0
6, 377, 27
6, 378, 57
6, 379, 0
6, 380, 0
6, 381, 43
6, 382, 0
6, 383, 0
6, 384, 0
6, 385, 30
6, 386, 0
6, 387, 47
6, 388, 24
6, 389, 15
6, 390, 42
6, 391, 20
6, 392, 0
6, 393, 38
6, 394, 4
6, 395, 0
6, 396, 26
6, 397, 53
6, 398, 16
6, 399, 0
7, 0, 0
7, 1, 0
7, 2, 49
7, 3, 14
7, 4, 45
7, 5, 34
7, 6, 24
7, 7, 0
7, 8, 0
7, 9, 10
7, 10, 33
7, 11, 0
7, 12, 0
7, 13, 0
7, 14, 38
7, 15, 0
7, 16, 1
7, 17, 0
7, 18, 43
7, 19, 0
7, 20, 9
7, 21, 16
7, 22, 0
7, 23, 0
7, 24, 47
7, 25, 10
7, 26, 0
7, 27, 0
7, 28, 0
7, 29, 38
7, 30, 0
7, 31, 29
7, 32, 0
7, 33, 0
7, 34, 0
7, 35, 0
7, 36, 26
7, 37, 0
7, 38, 14
7, 39, 17
7, 40, 0
7, 41, 5
7, 42, 39
7, 43, 21
7, 44, 0
7, 45, 3
7, 46, 14
7, 47, 23
7, 48, 53
7, 49, 0
7, 50, 44
7, 51, 0
7, 52, 35
7, 53, 0
7, 54, 0
7, 55, 36
7, 56, 8
7, 57, 46
7, 58, 0
7, 59, 0
7, 60, 47
7, 61, 8
7, 62, 52
7, 63, 53
7, 64, 0
7, 65, 0
7, 66, 0
7, 67, 51
7, 68, 26
7, 69, 42
7, 70, 34
7, 71, 0
7, 72, 0
7, 73, 28
7, 74, 0
7, 75, 0
7, 76, 56
7, 77, 0
7, 78, 0
7, 79, 27
7, 80, 0
7, 81, 0
7, 82, 15
7, 83, 49
7, 84, 25
7, 85, 10
7, 86, 0
7, 87, 0
7, 88, 49
7, 89, 0
7, 90, 0
7, 91, 20
7, 92, 2
7, 93, 0
7, 94, 29
7, 95, 36
7, 96, 38
7, 97, 0
7, 98, 0
7, 99, 42
7, 100, 0
7, 101, 57
7, 102, 44
7, 103, 22
7, 104, 27
7, 105, 0
7, 106, 24
7, 107, 39
7, 108, 11
7, 109, 0
7, 110, 0
7, 111, 47
7, 112, 0
7, 113, 31
7, 114, 46
7, 115, 34
7, 116, 0
7, 117, 0
7, 118, 0
7, 119, 36
7, 120, 0
7, 121, 0
7, 122, 0
7, 123, 0
7, 124, 43
7, 125, 53
7, 126, 0
7, 127, 48
7, 128, 0
7, 129, 0
7, 130, 5
7, 131, 22
7, 132, 0
7, 133, 0
7, 134, 14
7, 135, 31
7, 136, 53
7, 137, 24
7, 138, 0
7, 139, 13
7, 140, 28
7, 141, 12
7, 142, 0
7, 143, 32
7, 144, 0
7, 145, 0
7, 146, 54
7, 147, 0
7, 148, 0
7, 149, 0
7, 150, 28
7, 151, 0
7, 152, 48
7, 153, 21
7, 154, 0
7, 155, 51
7, 156, 0
7, 157, 43
7, 158, 0
7, 159, 38
7, 160, 34
7, 161, 45
7, 162, 0
7, 163, 0
7, 164, 45
7, 165, 9
7, 166, 20
7, 167, 0
7, 168, 4
7, 169, 48
7, 170, 30
7, 171, 16
7, 172, 0
7, 173, 0
7, 174, 0
7, 175, 42
7, 176, 0
7, 177, 25
7, 178, 0
7, 179, 0
7, 180, 0
7, 181, 46
7, 182, 0
7, 183, 52
7, 184, 0
7, 185, 29
7, 186, 22
7, 187, 43
7, 188, 0
7, 189, 37
7, 190, 0
7, 191, 0
7, 192, 0
7, 193, 36
7, 194, 49
7, 195, 0
7, 196, 0
7, 197, 6
7, 198, 0
7, 199, 52
7, 200, 15
7, 201, 0
7, 202, 0
7, 203, 36
7, 204, 41
7, 205, 0
7, 206, 25
7, 207, 0
7, 208, 37
7, 209, 2
7, 210, 15
7, 211, 0
7, 212, 39
7, 213, 0
7, 214, 0
7, 215, 0
7, 216, 0
7, 217, 0
7, 218, 0
7, 219, 36
7, 220, 0
7, 221, 31
7, 222, 0
7, 223, 12
7, 224, 51
7, 225, 48
7, 226, 49
7, 227, 0
7, 228, 0
7, 229, 27
7, 230, 47
7, 231, 0
7, 232, 0
7, 233, 42
7, 234, 32
7, 235, 0
7, 236, 40
7, 237, 0
7, 238, 8
7, 239, 20
7, 240, 0
7, 241, 31
7, 242, 24
7, 243, 35
7, 244, 7
7, 245, 53
7, 246, 0
7, 247, 49
7, 248, 51
7, 249, 5
7, 250, 0
7, 251, 25
7, 252, 24
7, 253, 31
7, 254, 0
7, 255, 0
7, 256, 0
7, 257, 0
7, 258, 1
7, 259, 0
7, 260, 2
7, 261, 0
7, 262, 3
7, 263, 0
7, 264, 0
7, 265, 30
7, 266, 53
7, 267, 0
7, 268, 45
7, 269, 0
7, 270, 29
7, 271, 50
7, 272, 44
7, 273, 45
7, 274, 0
7, 275, 20
7, 276, 0
7, 277, 0
7, 278, 0
7, 279, 0
7, 280, 15
7, 281, 41
7, 282, 0
7, 283, 0
7, 284, 32
7, 285, 0
7, 286, 0
7, 287, 0
7, 288, 4
7, 289, 0
7, 290, 0
7, 291, 26
7, 292, 48
7, 293, 0
7, 294, 14
7, 295, 0
7, 296, 43
7, 297, 33
7, 298, 0
7, 299, 0
7, 300, 44
7, 301, 1
7, 302, 15
7, 303, 21
7, 304, 12
7, 305, 0
7, 306, 0
7, 307, 34
7, 308, 46
7, 309, 47
7, 310, 0
7, 311, 33
7, 312, 0
7, 313, 40
7, 314, 23
7, 315, 0
7, 316, 0
7, 317, 31
7, 318, 0
7, 319, 39
7, 320, 0
7, 321, 48
7, 322, 0
7, 323, 0
7, 324, 0
7, 325, 32
7, 326, 38
7, 327, 22
7, 328, 0
7, 329, 31
7, 330, 0
7, 331, 57
7, 332, 0
7, 333, 11
7, 334, 0
7, 335, 0
7, 336, 52
7, 337, 0
7, 338, 27
7, 339, 0
7, 340, 0
7, 341, 17
7, 342, 0
7, 343, 0
7, 344, 0
7, 345, 0
7, 346, 0
7, 347, 0
7, 348, 6
7, 349, 29
7, 350, 26
7, 351, 12
7, 352, 47
7, 353, 44
7, 354, 41
7, 355, 42
7, 356, 10
7, 357, 0
7, 358, 23
7, 359, 17
7, 360, 53
7, 361, 0
7, 362, 0
7, 363, 24
7, 364, 0
7, 365, 37
7, 366, 0
7, 367, 44
7, 368, 33
7, 369, 0
7, 370, 0
7, 371, 0
7, 372, 35
7, 373, 27
7, 374, 0
7, 375, 0
7, 376, 0
7, 377, 39
7, 378, 31
7, 379, 35
7, 380, 1
7, 381, 0
7, 382, 38
7, 383, 45
7, 384, 0
7, 385, 10
7, 386, 29
7, 387, 0
7, 388, 43
7, 389, 0
7, 390, 0
7, 391, 0
7, 392, 41
7, 393, 0
7, 394, 36
7, 395, 31
7, 396, 31
7, 397, 24
7, 398, 27
7, 399, 0
8, 0, 0
8, 1, 0
8, 2, 21
8, 3, 52
8, 4, 0
8, 5, 26
8, 6, 0
8, 7, 20
8, 8, 0
8, 9, 9
8, 10, 56
8, 11, 48
8, 12, 50
8, 13, 10
8, 14, 0
8, 15, 16
8, 16, 0
8, 17, 0
8, 18, 33
8, 19, 53
8, 20, 0
8, 21, 0
8, 22, 0
8, 23, 24
8, 24, 0
8, 25, 13
8, 26, 42
8, 27, 0
8, 28, 6
8, 29, 10
8, 30, 47
8, 31, 51
8, 32, 16
8, 33, 0
8, 34, 6
8, 35, 0
8, 36, 32
8, 37, 18
8, 38, 39
8, 39, 37
8, 40, 40
8, 41, 0
8, 42, 12
8, 43, 0
8, 44, 33
8, 45, 0
8, 46, 0
8, 47, 53
8, 48, 42
8, 49, 0
8, 50, 0
8, 51, 18
8, 52, 44
8, 53, 15
8, 54, 0
8, 55, 0
8, 56, 0
8, 57, 0
8, 58, 43
8, 59, 35
8, 60, 0
8, 61, 0
8, 62, 43
8, 63, 29
8, 64, 14
8, 65, 0
8, 66, 0
8, 67, 34
8, 68, 30
8, 69, 35
8, 70, 36
8, 71, 35
8, 72, 0
8, 73, 0
8, 74, 0
8, 75, 0
8, 76, 0
8, 77, 26
8, 78, 0
8, 79, 0
8, 80, 20
8, 81, 0
8, 82, 24
8, 83, 0
8, 84, 12
8, 85, 0
8, 86, 0
8, 87, 27
8, 88, 53
8, 89, 0
8, 90, 0
8, 91, 24
8, 92, 0
8, 93, 32
8, 94, 0
8, 95, 11
8, 96, 27
8, 97, 11
8, 98, 13
8, 99, 0
8, 100, 0
8, 101, 0
8, 102, 0
8, 103, 0
8, 104, 0
8, 105, 0
8, 106, 3
8, 107, 45
8, 108, 0
8, 109, 0
8, 110, 52
8, 111, 1
8, 112, 0
8, 113, 16
8, 114, 38
8, 115, 0
8, 116, 0
8, 117, 0
8, 118, 40
8, 119, 41
8, 120, 16
8, 121, 10
8, 122, 21
8, 123, 49
8, 124, 0
8, 125, 0
8, 126, 31
8, 127, 0
8, 128, 34
8, 129, 22
8, 130, 0
8, 131, 36
8, 132, 0
8, 133, 53
8, 134, 0
8, 135, 34
8, 136, 26
8, 137, 51
8, 138, 47
8, 139, 27
8, 140, 0
8, 141, 54
8, 142, 29
8, 143, 0
8, 144, 0
8, 145, 0
8, 146, 48
8, 147, 56
8, 148, 0
8, 149, 48
8, 150, 42
8, 151, 9
8, 152, 31
8, 153, 0
8, 154, 0
8, 155, 42
8, 156, 33
8, 157, 37
8, 158, 24
8, 159, 7
8, 160, 0
8, 161, 19
8, 162, 12
8, 163, 0
8, 164, 35
8, 165, 0
8, 166, 49
8, 167, 0
8, 168, 50
8, 169, 22
8, 170, 0
8, 171, 0
8, 172, 25
8, 173, 0
8, 174, 18
8, 175, 2
8, 176, 53
8, 177, 0
8, 178, 0
8, 179, 0
8, 180, 9
8, 181, 0
8, 182, 10
8, 183, 0
8, 184, 28
8, 185, 0
8, 186, 0
8, 187, 12
8, 188, 0
8, 189, 49
8, 190, 0
8, 191, 29
8, 192, 0
8, 193, 54
8, 194, 27
8, 195, 11
8, 196, 50
8, 197, 0
8, 198, 20
8, 199, 15
8, 200, 32
8, 201, 56
8, 202, 32
8, 203, 4
8, 204, 46
8, 205, 5
8, 206, 44
8, 207, 0
8, 208, 0
8, 209, 21
8, 210, 21
8, 211, 7
8, 212, 46
8, 213, 39
8, 214, 13
8, 215, 0
8, 216, 0
8, 217, 52
8, 218, 0
8, 219, 17
8, 220, 0
8, 221, 0
8, 222, 15
8, 223, 0
8, 224, 0
8, 225, 27
8, 226, 0
8, 227, 2
8, 228, 0
8, 229, 0
8, 230, 0
8, 231, 43
8, 232, 0
8, 233, 0
8, 234, 20
8, 235, 41
8, 236, 0
8, 237, 48
8, 238, 16
8, 239, 0
8, 240, 38
8, 241, 45
8, 242, 0
8, 243, 25
8, 244, 0
8, 245, 11
8, 246, 6
8, 247, 0
8, 248, 36
8, 249, 14
8, 250, 4
8, 251, 0
8, 252, 42
8, 253, 0
8, 254, 0
8, 255, 22
8, 256, 8
8, 257, 0
8, 258, 0
8, 259, 0
8, 260, 43
8, 261, 40
8, 262, 0
8, 263, 0
8, 264, 0
8, 265, 13
8, 266, 0
8, 267, 0
8, 268, 48
8, 269, 0
8, 270, 0
8, 271, 0
8, 272, 51
8, 273, 32
8, 274, 0
8, 275, 30
8, 276, 0
8, 277, 29
8, 278, 0
8, 279, 47
8, 280, 37
8, 281, 34
8, 282, 33
8, 283, 45
8, 284, 0
8, 285, 8
8, 286, 1
8, 287, 22
8, 288, 0
8, 289, 33
8, 290, 0
8, 291, 0
8, 292, 30
8, 293, 43
8, 294, 46
8, 295, 49
8, 296, 0
8, 297, 0
8, 298, 43
8, 299, 17
8, 300, 54
8, 301, 0
8, 302, 0
8, 303, 10
8, 304, 0
8, 305, 16
8, 306, 0
8, 307, 15
8, 308, 0
8, 309, 56
8, 310, 36
8, 311, 7
8, 312, 0
8, 313, 14
8, 314, 45
8, 315, 26
8, 316, 22
8, 317, 16
8, 318, 0
8, 319, 0
8, 320, 0
8, 321, 34
8, 322, 18
8, 323, 38
8, 324, 11
8, 325, 48
8, 326, 0
8, 327, 0
8, 328, 0
8, 329, 37
8, 330, 0
8, 331, 39
8, 332, 17
8, 333, 6
8, 334, 27
8, 335, 50
8, 336, 52
8, 337, 20
8, 338, 0
8, 339, 44
8, 340, 28
8, 341, 6
8, 342, 49
8, 343, 0
8, 344, 4
8, 345, 0
8, 346, 0
8, 347, 30
8, 348, 0
8, 349, 35
8, 350, 0
8, 351, 25
8, 352, 0
8, 353, 2
8, 354, 0
8, 355, 14
8, 356, 47
8, 357, 0
8, 358, 0
8, 359, 0
8, 360, 21
8, 361, 0
8, 362, 0
8, 363, 31
8, 364, 0
8, 365, 0
8, 366, 16
8, 367, 0
8, 368, 23
8, 369, 0
8, 370, 1
8, 371, 0
8, 372, 0
8, 373, 32
8, 374, 0
8, 375, 28
8, 376, 0
8, 377, 14
8, 378, 0
8, 379, 9
8, 380, 0
8, 381, 0
8, 382, 0
8, 383, 38
8, 384, 0
8, 385, 0
8, 386, 50
8, 387, 0
8, 388, 0
8, 389, 0
8, 390, 0
8, 391, 0
8, 392, 46
8, 393, 10
8, 394, 11
8, 395, 0
8, 396, 27
8, 397, 46
8, 398, 31
8, 399, 5
9, 0, 0
9, 1, 0
9, 2, 0
9, 3, 41
9, 4, 0
9, 5, 0
9, 6, 17
9, 7, 25
9, 8, 0
9, 9, 48
9, 10, 0
9, 11, 40
9, 12, 51
9, 13, 44
9, 14, 41
9, 15, 28
9, 16, 19
9, 17, 0
9, 18, 0
9, 19, 0
9, 20, 0
9, 21, 0
9, 22, 0
9, 23, 0
9, 24, 0
9, 25, 38
9, 26, 2
9, 27, 46
9, 28, 0
9, 29, 35
9, 30, 43
9, 31, 0
9, 32, 0
9, 33, 40
9, 34, 0
9, 35, 13
9, 36, 33
9, 37, 0
9, 38, 0
9, 39, 7
9, 40, 27
9, 41, 0
9, 42, 52
9, 43, 0
9, 44, 0
9, 45, 0
9, 46, 0
9, 47, 45
9, 48, 27
9, 49, 0
9, 50, 0
9, 51, 0
9, 52, 0
9, 53, 20
9, 54, 52
9, 55, 17
9, 56, 27
9, 57, 0
9, 58, 0
9, 59, 16
9, 60, 0
9, 61, 0
9, 62, 3
9, 63, 0
9, 64, 51
9, 65, 0
9, 66, 0
9, 67, 25
9, 68, 32
9, 69, 54
9, 70, 30
9, 71, 0
9, 72, 39
9, 73, 0
9, 74, 0
9, 75, 29
9, 76, 30
9, 77, 0
9, 78, 46
9, 79, 27
9, 80, 31
9, 81, 39
9, 82, 0
9, 83, 0
9, 84, 46
9, 85, 40
9, 86, 0
9, 87, 42
9, 88, 0
9, 89, 0
9, 90, 41
9, 91, 0
9, 92, 3
9, 93, 0
9, 94, 46
9, 95, 43
9, 96, 0
9, 97, 48
9, 98, 1
9, 99, 42
9, 100, 44
9, 101, 0
9, 102, 0
9, 103, 6
9, 104, 34
9, 105, 0
9, 106, 17
9, 107, 55
9, 108, 0
9, 109, 18
9, 110, 0
9, 111, 15
9, 112, 0
9, 113, 9
9, 114, 0
9, 115, 0
9, 116, 0
9, 117, 0
9, 118, 0
9, 119, 20
9, 120, 0
9, 121, 18
9, 122, 1
9, 123, 8
9, 124, 3
9, 125, 35
9, 126, 49
9, 127, 48
9, 128, 33
9, 129, 49
9, 130, 19
9, 131, 0
9, 132, 5
9, 133, 28
9, 134, 16
9, 135, 21
9, 136, 25
9, 137, 0
9, 138, 45
9, 139, 0
9, 140, 41
9, 141, 8
9, 142, 0
9, 143, 0
9, 144, 0
9, 145, 22
9, 146, 10
9, 147, 14
9, 148, 17
9, 149, 48
9, 150, 0
9, 151, 0
9, 152, 0
9, 153, 0
9, 154, 0
9, 155, 27
9, 156, 49
9, 157, 12
9, 158, 43
9, 159, 30
9, 160, 0
9, 161, 0
9, 162, 40
9, 163, 0
9, 164, 16
9, 165, 52
9, 166, 20
9, 167, 0
9, 168, 0
9, 169, 23
9, 170, 0
9, 171, 0
9, 172, 0
9, 173, 42
9, 174, 54
9, 175, 0
9, 176, 0
9, 177, 37
9, 178, 3
9, 179, 0
9, 180, 0
9, 181, 0
9, 182, 20
9, 183, 31
9, 184, 18
9, 185, 0
9, 186, 0
9, 187, 38
9, 188, 32
9, 189, 52
9, 190, 0
9, 191, 38
9, 192, 32
9, 193, 0
9, 194, 31
9, 195, 35
9, 196, 0
9, 197, 0
9, 198, 46
9, 199, 36
9, 200, 0
9, 201, 0
9, 202, 0
9, 203, 32
9, 204, 19
9, 205, 0
9, 206, 0
9, 207, 42
9, 208, 0
9, 209, 3
9, 210, 0
9, 211, 17
9, 212, 47
9, 213, 0
9, 214, 41
9, 215, 50
9, 216, 0
9, 217, 8
9, 218, 0
9, 219, 55
9, 220, 0
9, 221, 51
9, 222, 26
9, 223, 0
9, 224, 18
9, 225, 30
9, 226, 0
9, 227, 0
9, 228, 0
9, 229, 13
9, 230, 0
9, 231, 0
9, 232, 57
9, 233, 29
9, 234, 0
9, 235, 35
9, 236, 0
9, 237, 40
9, 238, 0
9, 239, 0
9, 240, 29
9, 241, 52
9, 242, 39
9, 243, 0
9, 244, 21
9, 245, 0
9, 246, 5
9, 247, 43
9, 248, 0
9, 249, 20
9, 250, 32
9, 251, 22
9, 252, 0
9, 253, 0
9, 254, 50
9, 255, 45
9, 256, 22
9, 257, 48
9, 258, 0
9, 259, 3
9, 260, 0
9, 261, 54
9, 262, 52
9, 263, 33
9, 264, 8
9, 265, 0
9, 266, 0
9, 267, 40
9, 268, 0
9, 269, 0
9, 270, 12
9, 271, 0
9, 272, 0
9, 273, 0
9, 274, 0
9, 275, 28
9, 276, 16
9, 277, 20
9, 278, 49
9, 279, 10
9, 280, 17
9, 281, 0
9, 282, 1
9, 283, 15
9, 284, 0
9, 285, 0
9, 286, 0
9, 287, 23
9, 288, 0
9, 289, 0
9, 290, 36
9, 291, 0
9, 292, 43
9, 293, 32
9, 294, 31
9, 295, 6
9, 296, 34
9, 297, 26
9, 298, 0
9, 299, 3
9, 300, 1
9, 301, 15
9, 302, 25
9, 303, 42
9, 304, 28
9, 305, 0
9, 306, 45
9, 307, 41
9, 308, 0
9, 309, 0
9, 310, 45
9, 311, 0
9, 312, 0
9, 313, 5
9, 314, 0
9, 315, 36
9, 316, 34
9, 317, 0
9, 318, 0
9, 319, 54
9, 320, 0
9, 321, 0
9, 322, 30
9, 323, 0
9, 324, 17
9, 325, 0
9, 326, 18
9, 327, 46
9, 328, 0
9, 329, 6
9, 330, 33
9, 331, 12
9, 332, 0
9, 333, 0
9, 334, 41
9, 335, 48
9, 336, 40
9, 337, 24
9, 338, 0
9, 339, 0
9, 340, 0
9, 341, 55
9, 342, 0
9, 343, 0
9, 344, 48
9, 345, 16
9, 346, 48
9, 347, 0
9, 348, 20
9, 349, 38
9, 350, 0
9, 351, 35
9, 352, 51
9, 353, 0
9, 354, 0
9, 355, 57
9, 356, 13
9, 357, 0
9, 358, 43
9, 359, 0
9, 360, 31
9, 361, 35
9, 362, 0
9, 363, 0
9, 364, 45
9, 365, 0
9, 366, 0
9, 367, 52
9, 368, 29
9, 369, 0
9, 370, 49
9, 371, 0
9, 372, 0
9, 373, 0
9, 374, 40
9, 375, 19
9, 376, 0
9, 377, 20
9, 378, 1
9, 379, 0
9, 380, 0
9, 381, 27
9, 382, 16
9, 383, 19
9, 384, 0
9, 385, 0
9, 386, 28
9, 387, 38
9, 388, 45
9, 389, 0
9, 390, 0
9, 391, 5
9, 392, 50
9, 393, 0
9, 394, 24
9, 395, 32
9, 396, 37
9, 397, 0
9, 398, 43
9, 399, 13
10, 0, 0
10, 1, 0
10, 2, 0
10, 3, 0
10, 4, 9
10, 5, 23
10, 6, 0
10, 7, 46
10, 8, 0
10, 9, 0
10, 10, 0
10, 11, 19
10, 12, 0
10, 13, 43
10, 14, 17
10, 15, 54
10, 16, 0
10, 17, 35
10, 18, 0
10, 19, 0
10, 20, 3
10, 21, 23
10, 22, 0
10, 23, 0
10, 24, 7
10, 25, 0
10, 26, 36
10, 27, 0
10, 28, 22
10, 29, 0
10, 30, 0
10, 31, 34
10, 32, 0
10, 33, 6
10, 34, 15
10, 35, 42
10, 36, 0
10, 37, 47
10, 38, 0
10, 39, 0
10, 40, 41
10, 41, 0
10, 42, 0
10, 43, 39
10, 44, 52
10, 45, 5
10, 46, 45
10, 47, 23
10, 48, 46
10, 49, 48
10, 50, 6
10, 51, 49
10, 52, 21
10, 53, 0
10, 54, 0
10, 55, 0
10, 56, 33
10, 57, 0
10, 58, 49
10, 59, 15
10, 60, 28
10, 61, 0
10, 62, 55
10, 63, 27
10, 64, 49
10, 65, 45
10, 66, 35
10, 67, 22
10, 68, 36
10, 69, 0
10, 70, 0
10, 71, 0
10, 72, 52
10, 73, 14
10, 74, 43
10, 75, 0
10, 76, 0
10, 77, 0
10, 78, 0
10, 79, 37
10, 80, 0
10, 81, 45
10, 82, 11
10, 83, 2
10, 84, 0
10, 85, 26
10, 86, 33
10, 87, 9
10, 88, 41
10, 89, 51
10, 90, 55
10, 91, 32
10, 92, 24
10, 93, 0
10, 94, 0
10, 95, 0
10, 96, 0
10, 97, 39
10, 98, 35
10, 99, 30
10, 100, 0
10, 101, 28
10, 102, 0
10, 103, 0
10, 104, 4
10, 105, 17
10, 106, 8
10, 107, 46
10, 108, 47
10, 109, 19
10, 110, 0
10, 111, 0
10, 112, 0
10, 113, 0
10, 114, 0
10, 115, 0
10, 116, 48
10, 117, 35
10, 118, 0
10, 119, 21
10, 120, 0
10, 121, 0
10, 122, 0
10, 123, 36
10, 124, 26
10, 125, 0
10, 126, 20
10, 127, 0
10, 128, 0
10, 129, 38
10, 130, 53
10, 131, 0
10, 132, 0
10, 133, 34
10, 134, 0
10, 135, 0
10, 136, 40
10, 137, 0
10, 138, 0
10, 139, 51
10, 140, 0
10, 141, 27
10, 142, 26
10, 143, 0
10, 144, 0
10, 145, 0
10, 146, 3
10, 147, 0
10, 148, 33
10, 149, 48
10, 150, 43
10, 151, 16
10, 152, 0
10, 153, 47
10, 154, 0
10, 155, 0
10, 156, 42
10, 157, 49
10, 158, 0
10, 159, 53
10, 160, 15
10, 161, 0
10, 162, 0
10, 163, 42
10, 164, 0
10, 165, 0
10, 166, 38
10, 167, 0
10, 168, 7
10, 169, 14
10, 170, 10
10, 171, 15
10, 172, 1
10, 173, 0
10, 174, 0
10, 175, 0
10, 176, 8
10, 177, 26
10, 178, 44
10, 179, 39
10, 180, 52
10, 181, 18
10, 182, 0
10, 183, 11
10, 184, 0
10, 185, 0
10, 186, 0
10, 187, 2
10, 188, 0
10, 189, 48
10, 190, 0
10, 191, 15
10, 192, 0
10, 193, 32
10, 194, 0
10, 195, 0
10, 196, 19
10, 197, 21
10, 198, 0
10, 199, 13
10, 200, 45
10, 201, 0
10, 202, 31
10, 203, 0
10, 204, 43
10, 205, 0
10, 206, 0
10, 207, 45
10, 208, 33
10, 209, 28
10, 210, 46
10, 211, 0
10, 212, 29
10, 213, 16
10, 214, 53
10, 215, 11
10, 216, 49
10, 217, 0
10, 218, 29
10, 219, 29
10, 220, 25
10, 221, 0
10, 222, 12
10, 223, 4
10, 224, 47
10, 225, 0
10, 226, 0
10, 227, 47
10, 228, 0
10, 229, 0
10, 230, 0
10, 231, 50
10, 232, 20
10, 233, 48
10, 234, 36
10, 235, 0
10, 236, 0
10, 237, 47
10, 238, 37
10, 239, 8
10, 240, 0
10, 241, 55
10, 242, 0
10, 243, 0
10, 244, 30
10, 245, 9
10, 246, 24
10, 247, 0
10, 248, 17
10, 249, 0
10, 250, 0
10, 251, 52
10, 252, 6
10, 253, 0
10, 254, 0
10, 255, 14
10, 256, 25
10, 257, 31
10, 258, 0
10, 259, 0
10, 260, 0
10, 261, 6
10, 262, 0
10, 263, 0
10, 264, 0
10, 265, 16
10, 266, 0
10, 267, 0
10, 268, 27
10, 269, 45
10, 270, 0
10, 271, 0
10, 272, 38
10, 273, 0
10, 274, 0
10, 275, 22
10, 276, 0
10, 277, 0
10, 278, 0
10, 279, 0
10, 280, 0
10, 281, 46
10, 282, 55
10, 283, 0
10, 284, 51
10, 285, 0
10, 286, 0
10, 287, 39
10, 288, 0
10, 289, 0
10, 290, 0
10, 291, 0
10, 292, 0
10, 293, 27
10, 294, 0
10, 295, 0
10, 296, 37
10, 297, 7
10, 298, 21
10, 299, 44
10, 300, 0
10, 301, 32
10, 302, 53
10, 303, 0
10, 304, 26
10, 305, 0
10, 306, 0
10, 307, 0
10, 308, 3
10, 309, 33
10, 310, 0
10, 311, 0
10, 312, 0
10, 313, 50
10, 314, 48
10, 315, 11
10, 316, 3
10, 317, 0
10, 318, 36
10, 319, 0
10, 320, 36
10, 321, 51
10, 322, 3
10, 323, 0
10, 324, 25
10, 325, 16
10, 326, 15
10, 327, 0
10, 328, 34
10, 329, 30
10, 330, 0
10, 331, 24
10, 332, 22
10, 333, 0
10, 334, 41
10, 335, 0
10, 336, 30
10, 337, 0
10, 338, 12
10, 339, 28
10, 340, 0
10, 341, 0
10, 342, 25
10, 343, 5
10, 344, 0
10, 345, 10
10, 346, 0
10, 347, 29
10, 348, 0
10, 349, 0
10, 350, 0
10, 351, 49
10, 352, 14
10, 353, 31
10, 354, 8
10, 355, 29
10, 356, 6
10, 357, 0
10, 358, 0
10, 359, 50
10, 360, 0
10, 361, 0
10, 362, 34
10, 363, 0
10, 364, 43
10, 365, 0
10, 366, 20
10, 367, 0
10, 368, 6
10, 369, 12
10, 370, 0
10, 371, 0
10, 372, 0
10, 373, 57
10, 374, 0
10, 375, 0
10, 376, 0
10, 377, 46
10, 378, 44
10, 379, 19
10, 380, 37
10, 381, 55
10, 382, 40
10, 383, 43
10, 384, 15
10, 385, 52
10, 386, 45
10, 387, 50
10, 388, 1
10, 389, 0
10, 390, 45
10, 391, 12
10, 392, 38
10, 393, 18
10, 394, 40
10, 395, 0
10, 396, 48
10, 397, 0
10, 398, 0
10, 399, 0
11, 0, 0
11, 1, 0
11, 2, 15
11, 3, 42
11, 4, 0
11, 5, 24
11, 6, 0
11, 7, 25
11, 8, 35
11, 9, 0
11, 10, 39
11, 11, 0
11, 12, 0
11, 13, 0
11, 14, 0
11, 15, 33
11, 16, 0
11, 17, 0
11, 18, 54
11, 19, 28
11, 20, 0
11, 21, 0
11, 22, 28
11, 23, 0
11, 24, 0
11, 25, 0
11, 26, 0
11, 27, 0
11, 28, 0
11, 29, 0
11, 30, 0
11, 31, 0
11, 32, 0
11, 33, 4
11, 34, 5
11, 35, 52
11, 36, 0
11, 37, 0
11, 38, 0
11, 39, 0
11, 40, 34
11, 41, 0
11, 42, 52
11, 43, 0
11, 44, 0
11, 45, 43
11, 46, 0
11, 47, 0
11, 48, 32
11, 49, 10
11, 50, 0
11, 51, 0
11, 52, 24
11, 53, 2
11, 54, 35
11, 55, 0
11, 56, 41
11, 57, 51
11, 58, 0
11, 59, 0
11, 60, 0
11, 61, 25
11, 62, 0
11, 63, 38
11, 64, 21
11, 65, 0
11, 66, 0
11, 67, 0
11, 68, 20
11, 69, 0
11, 70, 0
11, 71, 0
11, 72, 23
11, 73, 42
11, 74, 16
11, 75, 0
11, 76, 17
11, 77, 4
11, 78, 6
11, 79, 54
11, 80, 54
11, 81, 25
11, 82, 53
11, 83, 0
11, 84, 0
11, 85, 0
11, 86, 40
11, 87, 52
11, 88, 0
11, 89, 13
11, 90, 17
11, 91, 0
11, 92, 10
11, 93, 0
11, 94, 47
11, 95, 29
11, 96, 0
11, 97, 14
11, 98, 52
11, 99, 28
11, 100, 0
11, 101, 40
11, 102, 48
11, 103, 0
11, 104, 0
11, 105, 44
11, 106, 0
11, 107, 3
11, 108, 33
11, 109, 0
11, 110, 0
11, 111, 27
11, 112, 57
11, 113, 52
11, 114, 49
11, 115, 0
11, 116, 30
11, 117, 32
11, 118, 39
11, 119, 0
11, 120, 0
11, 121, 10
11, 122, 0
11, 123, 38
11, 124, 31
11, 125, 34
11, 126, 0
11, 127, 19
11, 128, 9
11, 129, 0
11, 130, 0
11, 131, 0
11, 132, 0
11, 133, 51
11, 134, 0
11, 135, 0
11, 136, 0
11, 137, 0
11, 138, 50
11, 139, 25
11, 140, 13
11, 141, 11
11, 142, 0
11, 143, 42
11, 144, 54
11, 145, 0
11, 146, 53
11, 147, 0
11, 148, 0
11, 149, 10
11, 150, 41
11, 151, 0
11, 152, 15
11, 153, 0
11, 154, 0
11, 155, 0
11, 156, 20
11, 157, 5
11, 158, 0
11, 159, 35
11, 160, 0
11, 161, 0
11, 162, 27
11, 163, 0
11, 164, 0
11, 165, 43
11, 166, 0
11, 167, 0
11, 168, 0
11, 169, 49
11, 170, 0
11, 171, 0
11, 172, 0
11, 173, 48
11, 174, 0
11, 175, 0
11, 176, 0
11, 177, 48
11, 178, 28
11, 179, 3
11, 180, 0
11, 181, 3
11, 182, 38
11, 183, 0
11, 184, 33
11, 185, 0
11, 186, 41
11, 187, 35
11, 188, 9
11, 189, 39
11, 190, 0
11, 191, 0
11, 192, 0
11, 193, 0
11, 194, 52
11, 195, 47
11, 196, 0
11, 197, 0
11, 198, 31
11, 199, 0
11, 200, 51
11, 201, 0
11, 202, 0
11, 203, 34
11, 204, 39
11, 205, 21
11, 206, 27
11, 207, 40
11, 208, 24
11, 209, 36
11, 210, 18
11, 211, 0
11, 212, 0
11, 213, 0
11, 214, 0
11, 215, 0
11, 216, 45
11, 217, 0
11, 218, 34
11, 219, 0
11, 220, 0
11, 221, 5
11, 222, 13
11, 223, 0
11, 224, 0
11, 225, 0
11, 226, 0
11, 227, 11
11, 228, 19
11, 229, 29
11, 230, 0
11, 231, 0
11, 232, 0
11, 233, 21
11, 234, 0
11, 235, 40
11, 236, 0
11, 237, 15
11, 238, 0
11, 239, 26
11, 240, 26
11, 241, 0
11, 242, 23
11, 243, 30
11, 244, 14
11, 245, 0
11, 246, 0
11, 247, 0
11, 248, 35
11, 249, 0
11, 250, 0
11, 251, 0
11, 252, 0
11, 253, 0
11, 254, 9
11, 255, 3
11, 256, 38
11, 257, 54
11, 258, 8
11, 259, 42
11, 260, 17
11, 261, 0
11, 262, 13
11, 263, 50
11, 264, 0
11, 265, 0
11, 266, 0
11, 267, 0
11, 268, 18
11, 269, 0
11, 270, 20
11, 271, 5
11, 272, 29
11, 273, 32
11, 274, 47
11, 275, 33
11, 276, 0
11, 277, 2
11, 278, 0
11, 279, 12
11, 280, 0
11, 281, 0
11, 282, 0
11, 283, 8
11, 284, 22
11, 285, 19
11, 286, 0
11, 287, 0
11, 288, 0
11, 289, 44
11, 290, 49
11, 291, 3
11, 292, 48
11, 293, 0
11, 294, 0
11, 295, 33
11, 296, 0
11, 297, 0
11, 298, 0
11, 299, 0
11, 300, 45
11, 301, 43
11, 302, 0
11, 303, 0
11, 304, 0
11, 305, 34
11, 306, 0
11, 307, 9
11, 308, 0
11, 309, 10
11, 310, 41
11, 311, 50
11, 312, 43
11, 313, 34
11, 314, 0
11, 315, 53
11, 316, 20
11, 317, 23
11, 318, 54
11, 319, 0
11, 320, 54
11, 321, 0
11, 322, 0
11, 323, 0
11, 324, 29
11, 325, 0
11, 326, 24
11, 327, 45
11, 328, 0
11, 329, 0
11, 330, 0
11, 331, 43
11, 332, 0
11, 333, 0
11, 334, 0
11, 335, 0
11, 336, 4
11, 337, 0
11, 338, 0
11, 339, 47
11, 340, 16
11, 341, 1
11, 342, 0
11, 343, 0
11, 344, 0
11, 345, 0
11, 346, 35
11, 347, 0
11, 348, 0
11, 349, 29
11, 350, 0
11, 351, 39
11, 352, 0
11, 353, 50
11, 354, 40
11, 355, 0
11, 356, 44
11, 357, 13
11, 358, 0
11, 359, 0
11, 360, 16
11, 361, 41
11, 362, 28
11, 363, 0
11, 364, 18
11, 365, 22
11, 366, 0
11, 367, 0
11, 368, 45
11, 369, 38
11, 370, 0
11, 371, 0
11, 372, 41
11, 373, 20
11, 374, 0
11, 375, 0
11, 376, 39
11, 377, 21
11, 378, 0
11, 379, 0
11, 380, 42
11, 381, 34
11, 382, 0
11, 383, 0
11, 384, 0
11, 385, 0
11, 386, 0
11, 387, 15
11, 388, 0
11, 389, 9
11, 390, 3
11, 391, 0
11, 392, 0
11, 393, 18
11, 394, 0
11, 395, 0
11, 396, 26
11, 397, 36
11, 398, 17
11, 399, 0
12, 0, 0
12, 1, 43
12, 2, 0
12, 3, 42
12, 4, 0
12, 5, 24
12, 6, 0
12, 7, 58
12, 8, 43
12, 9, 47
12, 10, 0
12, 11, 28
12, 12, 0
12, 13, 53
12, 14, 8
12, 15, 35
12, 16, 39
12, 17, 19
12, 18, 0
12, 19, 14
12, 20, 44
12, 21, 38
12, 22, 32
12, 23, 26
12, 24, 23
12, 25, 11
12, 26, 0
12, 27, 0
12, 28, 0
12, 29, 30
12, 30, 34
12, 31, 0
12, 32, 0
12, 33, 0
12, 34, 24
12, 35, 0
12, 36, 0
12, 37, 13
12, 38, 0
12, 39, 0
12, 40, 28
12, 41, 0
12, 42, 0
12, 43, 13
12, 44, 0
12, 45, 0
12, 46, 0
12, 47, 0
12, 48, 0
12, 49, 0
12, 50, 0
12, 51, 57
12, 52, 0
12, 53, 0
12, 54, 40
12, 55, 0
12, 56, 43
12, 57, 25
12, 58, 4
12, 59, 29
12, 60, 0
12, 61, 35
12, 62, 0
12, 63, 37
12, 64, 0
12, 65, 0
12, 66, 42
12, 67, 2
12, 68, 0
12, 69, 41
12, 70, 41
12, 71, 25
12, 72, 0
12, 73, 0
12, 74, 0
12, 75, 14
12, 76, 0
12, 77, 0
12, 78, 46
12, 79, 25
12, 80, 16
12, 81, 0
12, 82, 46
12, 83, 48
12, 84, 45
12, 85, 14
12, 86, 16
12, 87, 55
12, 88, 0
12, 89, 48
12, 90, 0
12, 91, 23
12, 92, 0
12, 93, 0
12, 94, 41
12, 95, 0
12, 96, 0
12, 97, 0
12, 98, 0
12, 99, 51
12, 100, 50
12, 101, 14
12, 102, 0
12, 103, 44
12, 104, 0
12, 105, 38
12, 106, 26
12, 107, 13
12, 108, 28
12, 109, 12
12, 110, 0
12, 111, 38
12, 112, 34
12, 113, 0
12, 114, 0
12, 115, 0
12, 116, 10
12, 117, 0
12, 118, 0
12, 119, 0
12, 120, 0
12, 121, 40
12, 122, 49
12, 123, 53
12, 124, 44
12, 125, 18
12, 126, 0
12, 127, 2
12, 128, 0
12, 129, 1
12, 130, 0
12, 131, 0
12, 132, 30
12, 133, 0
12, 134, 9
12, 135, 0
12, 136, 0
12, 137, 4
12, 138, 47
12, 139, 15
12, 140, 40
12, 141, 43
12, 142, 0
12, 143, 36
12, 144, 13
12, 145, 0
12, 146, 37
12, 147, 0
12, 148, 32
12, 149, 0
12, 150, 19
12, 151, 0
12, 152, 0
12, 153, 0
12, 154, 0
12, 155, 39
12, 156, 25
12, 157, 0
12, 158, 0
12, 159, 3
12, 160, 0
12, 161, 43
12, 162, 0
12, 163, 53
12, 164, 29
12, 165, 47
12, 166, 3
12, 167, 28
12, 168, 0
12, 169, 0
12, 170, 16
12, 171, 0
12, 172, 22
12, 173, 0
12, 174, 20
12, 175, 37
12, 176, 0
12, 177, 36
12, 178, 0
12, 179, 0
12, 180, 51
12, 181, 0
12, 182, 34
12, 183, 0
12, 184, 45
12, 185, 55
12, 186, 31
12, 187, 15
12, 188, 31
12, 189, 27
12, 190, 12
12, 191, 24
12, 192, 0
12, 193, 0
12, 194, 0
12, 195, 0
12, 196, 32
12, 197, 7
12, 198, 0
12, 199, 36
12, 200, 55
12, 201, 0
12, 202, 13
12, 203, 26
12, 204, 6
12, 205, 0
12, 206, 41
12, 207, 32
12, 208, 11
12, 209, 17
12, 210, 0
12, 211, 5
12, 212, 0
12, 213, 44
12, 214, 0
12, 215, 40
12, 216, 46
12, 217, 0
12, 218, 5
12, 219, 26
12, 220, 0
12, 221, 0
12, 222, 14
12, 223, 49
12, 224, 38
12, 225, 28
12, 226, 0
12, 227, 48
12, 228, 48
12, 229, 30
12, 230, 22
12, 231, 58
12, 232, 28
12, 233, 0
12, 234, 0
12, 235, 60
12, 236, 0
12, 237, 3
12, 238, 18
12, 239, 42
12, 240, 0
12, 241, 48
12, 242, 0
12, 243, 6
12, 244, 34
12, 245, 48
12, 246, 53
12, 247, 0
12, 248, 44
12, 249, 0
12, 250, 19
12, 251, 0
12, 252, 29
12, 253, 0
12, 254, 0
12, 255, 0
12, 256, 24
12, 257, 47
12, 258, 0
12, 259, 13
12, 260, 0
12, 261, 49
12, 262, 20
12, 263, 0
12, 264, 38
12, 265, 0
12, 266, 0
12, 267, 37
12, 268, 35
12, 269, 35
12, 270, 0
12, 271, 30
12, 272, 43
12, 273, 51
12, 274, 0
12, 275, 34
12, 276, 29
12, 277, 41
12, 278, 51
12, 279, 13
12, 280, 0
12, 281, 0
12, 282, 0
12, 283, 0
12, 284, 0
12, 285, 0
12, 286, 0
12, 287, 0
12, 288, 0
12, 289, 32
12, 290, 0
12, 291, 0
12, 292, 16
12, 293, 9
12, 294, 11
12, 295, 0
12, 296, 8
12, 297, 27
12, 298, 0
12, 299, 0
12, 300, 55
12, 301, 0
12, 302, 36
12, 303, 0
12, 304, 0
12, 305, 45
12, 306, 0
12, 307, 0
12, 308, 0
12, 309, 31
12, 310, 0
12, 311, 38
12, 312, 0
12, 313, 0
12, 314, 0
12, 315, 0
12, 316, 32
12, 317, 0
12, 318, 31
12, 319, 0
12, 320, 0
12, 321, 5
12, 322, 42
12, 323, 46
12, 324, 36
12, 325, 6
12, 326, 0
12, 327, 0
12, 328, 0
12, 329, 0
12, 330, 26
12, 331, 51
12, 332, 4
12, 333, 0
12, 334, 0
12, 335, 20
12, 336, 0
12, 337, 0
12, 338, 14
12, 339, 30
12, 340, 11
12, 341, 0
12, 342, 44
12, 343, 0
12, 344, 0
12, 345, 0
12, 346, 0
12, 347, 45
12, 348, 33
12, 349, 0
12, 350, 40
12, 351, 8
12, 352, 20
12, 353, 0
12, 354, 15
12, 355, 0
12, 356, 48
12, 357, 0
12, 358, 0
12, 359, 39
12, 360, 28
12, 361, 53
12, 362, 25
12, 363, 4
12, 364, 0
12, 365, 0
12, 366, 0
12, 367, 29
12, 368, 44
12, 369, 0
12, 370, 6
12, 371, 43
12, 372, 0
12, 373, 0
12, 374, 1
12, 375, 45
12, 376, 0
12, 377, 0
12, 378, 0
12, 379, 57
12, 380, 47
12, 381, 2
12, 382, 38
12, 383, 1
12, 384, 0
12, 385, 0
12, 386, 0
12, 387, 27
12, 388, 44
12, 389, 0
12, 390, 0
12, 391, 0
12, 392, 30
12, 393, 4
12, 394, 49
12, 395, 0
12, 396, 8
12, 397, 51
12, 398, 32
12, 399, 48
13, 0, 0
13, 1, 40
13, 2, 47
13, 3, 24
13, 4, 0
13, 5, 40
13, 6, 0
13, 7, 49
13, 8, 25
13, 9, 30
13, 10, 0
13, 11, 0
13, 12, 30
13, 13, 42
13, 14, 45
13, 15, 0
13, 16, 33
13, 17, 0
13, 18, 0
13, 19, 0
13, 20, 0
13, 21, 13
13, 22, 51
13, 23, 10
13, 24, 0
13, 25, 22
13, 26, 0
13, 27, 0
13, 28, 27
13, 29, 0
13, 30, 0
13, 31, 34
13, 32, 0
13, 33, 0
13, 34, 47
13, 35, 35
13, 36, 2
13, 37, 0
13, 38, 23
13, 39, 0
13, 40, 0
13, 41, 28
13, 42, 0
13, 43, 47
13, 44, 25
13, 45, 38
13, 46, 0
13, 47, 39
13, 48, 9
13, 49, 50
13, 50, 45
13, 51, 0
13, 52, 1
13, 53, 0
13, 54, 53
13, 55, 0
13, 56, 33
13, 57, 0
13, 58, 10
13, 59, 40
13, 60, 0
13, 61, 45
13, 62, 0
13, 63, 24
13, 64, 36
13, 65, 0
13, 66, 46
13, 67, 0
13, 68, 0
13, 69, 0
13, 70, 3
13, 71, 0
13, 72, 0
13, 73, 17
13, 74, 41
13, 75, 0
13, 76, 2
13, 77, 0
13, 78, 0
13, 79, 42
13, 80, 19
13, 81, 0
13, 82, 0
13, 83, 0
13, 84, 0
13, 85, 0
13, 86, 14
13, 87, 11
13, 88, 0
13, 89, 54
13, 90, 0
13, 91, 19
13, 92, 29
13, 93, 0
13, 94, 0
13, 95, 0
13, 96, 34
13, 97, 35
13, 98, 0
13, 99, 38
13, 100, 0
13, 101, 33
13, 102, 0
13, 103, 52
13, 104, 0
13, 105, 26
13, 106, 0
13, 107, 44
13, 108, 35
13, 109, 0
13, 110, 22
13, 111, 0
13, 112, 39
13, 113, 0
13, 114, 0
13, 115, 17
13, 116, 0
13, 117, 0
13, 118, 0
13, 119, 10
13, 120, 23
13, 121, 0
13, 122, 0
13, 123, 0
13, 124, 56
13, 125, 51
13, 126, 0
13, 127, 21
13, 128, 0
13, 129, 0
13, 130, 0
13, 131, 43
13, 132, 42
13, 133, 15
13, 134, 14
13, 135, 0
13, 136, 20
13, 137, 0
13, 138, 32
13, 139, 0
13, 140, 0
13, 141, 0
13, 142, 0
13, 143, 39
13, 144, 0
13, 145, 15
13, 146, 22
13, 147, 48
13, 148, 9
13, 149, 30
13, 150, 27
13, 151, 0
13, 152, 0
13, 153, 41
13, 154, 0
13, 155, 0
13, 156, 29
13, 157, 21
13, 158, 51
13, 159, 0
13, 160, 0
13, 161, 2
13, 162, 14
13, 163, 0
13, 164, 0
13, 165, 38
13, 166, 0
13, 167, 45
13, 168, 8
13, 169, 30
13, 170, 33
13, 171, 46
13, 172, 16
13, 173, 40
13, 174, 37
13, 175, 1
13, 176, 0
13, 177, 9
13, 178, 28
13, 179, 48
13, 180, 15
13, 181, 36
13, 182, 23
13, 183, 27
13, 184, 52
13, 185, 46
13, 186, 0
13, 187, 45
13, 188, 0
13, 189, 28
13, 190, 0
13, 191, 39
13, 192, 0
13, 193, 10
13, 194, 0
13, 195, 13
13, 196, 0
13, 197, 16
13, 198, 0
13, 199, 34
13, 200, 35
13, 201, 42
13, 202, 0
13, 203, 45
13, 204, 0
13, 205, 1
13, 206, 0
13, 207, 17
13, 208, 0
13, 209, 0
13, 210, 32
13, 211, 4
13, 212, 22
13, 213, 0
13, 214, 29
13, 215, 0
13, 216, 0
13, 217, 0
13, 218, 54
13, 219, 43
13, 220, 0
13, 221, 0
13, 222, 0
13, 223, 34
13, 224, 27
13, 225, 0
13, 226, 25
13, 227, 0
13, 228, 0
13, 229, 34
13, 230, 0
13, 231, 0
13, 232, 24
13, 233, 0
13, 234, 31
13, 235, 0
13, 236, 37
13, 237, 45
13, 238, 0
13, 239, 35
13, 240, 0
13, 241, 49
13, 242, 49
13, 243, 35
13, 244, 33
13, 245, 56
13, 246, 0
13, 247, 0
13, 248, 0
13, 249, 21
13, 250, 51
13, 251, 12
13, 252, 0
13, 253, 25
13, 254, 1
13, 255, 0
13, 256, 0
13, 257, 50
13, 258, 0
13, 259, 29
13, 260, 0
13, 261, 0
13, 262, 38
13, 263, 53
13, 264, 11
13, 265, 41
13, 266, 0
13, 267, 0
13, 268, 14
13, 269, 42
13, 270, 31
13, 271, 0
13, 272, 0
13, 273, 24
13, 274, 9
13, 275, 11
13, 276, 9
13, 277, 0
13, 278, 0
13, 279, 24
13, 280, 0
13, 281, 56
13, 282, 28
13, 283, 0
13, 284, 26
13, 285, 30
13, 286, 19
13, 287, 26
13, 288, 0
13, 289, 19
13, 290, 0
13, 291, 0
13, 292, 8
13, 293, 7
13, 294, 47
13, 295, 24
13, 296, 32
13, 297, 0
13, 298, 13
13, 299, 20
13, 300, 48
13, 301, 16
13, 302, 3
13, 303, 10
13, 304, 0
13, 305, 0
13, 306, 0
13, 307, 0
13, 308, 45
13, 309, 0
13, 310, 22
13, 311, 0
13, 312, 14
13, 313, 0
13, 314, 27
13, 315, 50
13, 316, 31
13, 317, 11
13, 318, 0
13, 319, 43
13, 320, 6
13, 321, 38
13, 322, 53
13, 323, 0
13, 324, 27
13, 325, 0
13, 326, 21
13, 327, 0
13, 328, 28
13, 329, 0
13, 330, 0
13, 331, 0
13, 332, 0
13, 333, 29
13, 334, 0
13, 335, 33
13, 336, 41
13, 337, 25
13, 338, 36
13, 339, 0
13, 340, 28
13, 341, 33
13, 342, 44
13, 343, 0
13, 344, 0
13, 345, 49
13, 346, 0
13, 347, 42
13, 348, 0
13, 349, 47
13, 350, 32
13, 351, 1
13, 352, 41
13, 353, 24
13, 354, 0
13, 355, 0
13, 356, 0
13, 357, 0
13, 358, 0
13, 359, 38
13, 360, 0
13, 361, 0
13, 362, 0
13, 363, 31
13, 364, 0
13, 365, 54
13, 366, 0
13, 367, 48
13, 368, 26
13, 369, 0
13, 370, 0
13, 371, 46
13, 372, 42
13, 373, 0
13, 374, 18
13, 375, 45
13, 376, 0
13, 377, 0
13, 378, 0
13, 379, 0
13, 380, 16
13, 381, 43
13, 382, 0
13, 383, 0
13, 384, 37
13, 385, 52
13, 386, 50
13, 387, 17
13, 388, 0
13, 389, 46
13, 390, 37
13, 391, 29
13, 392, 16
13, 393, 8
13, 394, 0
13, 395, 25
13, 396, 0
13, 397, 0
13, 398, 9
13, 399, 47
14, 0, 0
14, 1, 0
14, 2, 0
14, 3, 0
14, 4, 0
14, 5, 14
14, 6, 33
14, 7, 2
14, 8, 0
14, 9, 0
14, 10, 36
14, 11, 0
14, 12, 20
14, 13, 42
14, 14, 31
14, 15, 0
14, 16, 0
14, 17, 48
14, 18, 0
14, 19, 0
14, 20, 40
14, 21, 0
14, 22, 0
14, 23, 0
14, 24, 0
14, 25, 15
14, 26, 56
14, 27, 43
14, 28, 0
14, 29, 13
14, 30, 0
14, 31, 0
14, 32, 53
14, 33, 0
14, 34, 43
14, 35, 0
14, 36, 44
14, 37, 0
14, 38, 0
14, 39, 0
14, 40, 0
14, 41, 43
14, 42, 0
14, 43, 0
14, 44, 41
14, 45, 0
14, 46, 19
14, 47, 43
14, 48, 0
14, 49, 0
14, 50, 49
14, 51, 0
14, 52, 0
14, 53, 17
14, 54, 0
14, 55, 0
14, 56, 0
14, 57, 0
14, 58, 0
14, 59, 0
14, 60, 26
14, 61, 34
14, 62, 54
14, 63, 16
14, 64, 0
14, 65, 10
14, 66, 0
14, 67, 40
14, 68, 1
14, 69, 0
14, 70, 0
14, 71, 0
14, 72, 21
14, 73, 42
14, 74, 0
14, 75, 45
14, 76, 3
14, 77, 0
14, 78, 0
14, 79, 0
14, 80, 0
14, 81, 0
14, 82, 0
14, 83, 0
14, 84, 36
14, 85, 0
14, 86, 39
14, 87, 0
14, 88, 48
14, 89, 19
14, 90, 36
14, 91, 0
14, 92, 53
14, 93, 0
14, 94, 0
14, 95, 37
14, 96, 0
14, 97, 0
14, 98, 58
14, 99, 11
14, 100, 0
14, 101, 0
14, 102, 36
14, 103, 0
14, 104, 0
14, 105, 12
14, 106, 0
14, 107, 18
14, 108, 0
14, 109, 32
14, 110, 0
14, 111, 0
14, 112, 48
14, 113, 35
14, 114, 0
14, 115, 0
14, 116, 20
14, 117, 0
14, 118, 0
14, 119, 0
14, 120, 0
14, 121, 13
14, 122, 0
14, 123, 0
14, 124, 0
14, 125, 0
14, 126, 4
14, 127, 0
14, 128, 0
14, 129, 0
14, 130, 0
14, 131, 50
14, 132, 0
14, 133, 33
14, 134, 30
14, 135, 18
14, 136, 0
14, 137, 52
14, 138, 0
14, 139, 26
14, 140, 9
14, 141, 8
14, 142, 43
14, 143, 0
14, 144, 0
14, 145, 34
14, 146, 0
14, 147, 0
14, 148, 0
14, 149, 50
14, 150, 39
14, 151, 0
14, 152, 46
14, 153, 21
14, 154, 0
14, 155, 0
14, 156, 0
14, 157, 0
14, 158, 0
14, 159, 0
14, 160, 0
14, 161, 0
14, 162, 0
14, 163, 7
14, 164, 0
14, 165, 0
14, 166, 16
14, 167, 0
14, 168, 43
14, 169, 0
14, 170, 0
14, 171, 10
14, 172, 0
14, 173, 50
14, 174, 16
14, 175, 15
14, 176, 11
14, 177, 20
14, 178, 0
14, 179, 30
14, 180, 31
14, 181, 0
14, 182, 0
14, 183, 47
14, 184, 25
14, 185, 0
14, 186, 0
14, 187, 0
14, 188, 0
14, 189, 23
14, 190, 4
14, 191, 48
14, 192, 27
14, 193, 0
14, 194, 42
14, 195, 0
14, 196, 17
14, 197, 41
14, 198, 0
14, 199, 55
14, 200, 2
14, 201, 0
14, 202, 0
14, 203, 51
14, 204, 0
14, 205, 62
14, 206, 0
14, 207, 49
14, 208, 40
14, 209, 0
14, 210, 0
14, 211, 26
14, 212, 0
14, 213, 31
14, 214, 3
14, 215, 28
14, 216, 45
14, 217, 9
14, 218, 0
14, 219, 8
14, 220, 0
14, 221, 16
14, 222, 0
14, 223, 0
14, 224, 22
14, 225, 38
14, 226, 0
14, 227, 0
14, 228, 18
14, 229, 44
14, 230, 0
14, 231, 0
14, 232, 29
14, 233, 0
14, 234, 0
14, 235, 0
14, 236, 0
14, 237, 28
14, 238, 21
14, 239, 0
14, 240, 0
14, 241, 0
14, 242, 0
14, 243, 0
14, 244, 42
14, 245, 0
14, 246, 10
14, 247, 0
14, 248, 11
14, 249, 54
14, 250, 53
14, 251, 50
14, 252, 0
14, 253, 0
14, 254, 40
14, 255, 0
14, 256, 25
14, 257, 24
14, 258, 0
14, 259, 35
14, 260, 39
14, 261, 0
14, 262, 45
14, 263, 4
14, 264, 0
14, 265, 23
14, 266, 0
14, 267, 20
14, 268, 13
14, 269, 8
14, 270, 0
14, 271, 0
14, 272, 51
14, 273, 39
14, 274, 0
14, 275, 53
14, 276, 37
14, 277, 0
14, 278, 32
14, 279, 41
14, 280, 0
14, 281, 0
14, 282, 0
14, 283, 0
14, 284, 0
14, 285, 0
14, 286, 0
14, 287, 6
14, 288, 0
14, 289, 49
14, 290, 0
14, 291, 0
14, 292, 0
14, 293, 0
14, 294, 36
14, 295, 16
14, 296, 0
14, 297, 0
14, 298, 0
14, 299, 19
14, 300, 0
14, 301, 38
14, 302, 14
14, 303, 0
14, 304, 0
14, 305, 0
14, 306, 22
14, 307, 47
14, 308, 56
14, 309, 0
14, 310, 25
14, 311, 0
14, 312, 0
14, 313, 29
14, 314, 0
14, 315, 40
14, 316, 48
14, 317, 0
14, 318, 0
14, 319, 4
14, 320, 0
14, 321, 0
14, 322, 0
14, 323, 0
14, 324, 0
14, 325, 0
14, 326, 0
14, 327, 0
14, 328, 0
14, 329, 0
14, 330, 20
14, 331, 0
14, 332, 11
14, 333, 0
14, 334, 0
14, 335, 0
14, 336, 55
14, 337, 0
14, 338, 48
14, 339, 0
14, 340, 50
14, 341, 0
14, 342, 21
14, 343, 27
14, 344, 0
14, 345, 0
14, 346, 43
14, 347, 10
14, 348, 0
14, 349, 7
14, 350, 0
14, 351, 0
14, 352, 1
14, 353, 0
14, 354, 33
14, 355, 23
14, 356, 8
14, 357, 0
14, 358, 0
14, 359, 0
14, 360, 52
14, 361, 0
14, 362, 38
14, 363, 0
14, 364, 53
14, 365, 46
14, 366, 34
14, 367, 41
14, 368, 6
14, 369, 49
14, 370, 0
14, 371, 0
14, 372, 35
14, 373, 0
14, 374, 9
14, 375, 0
14, 376, 16
14, 377, 45
14, 378, 28
14, 379, 0
14, 380, 0
14, 381, 0
14, 382, 48
14, 383, 45
14, 384, 54
14, 385, 42
14, 386, 25
14, 387, 58
14, 388, 0
14, 389, 0
14, 390, 4
14, 391, 43
14, 392, 47
14, 393, 0
14, 394, 40
14, 395, 0
14, 396, 0
14, 397, 39
14, 398, 33
14, 399, 0
15, 0, 0
15, 1, 35
15, 2, 15
15, 3, 0
15, 4, 17
15, 5, 29
15, 6, 43
15, 7, 48
15, 8, 0
15, 9, 25
15, 10, 4
15, 11, 0
15, 12, 0
15, 13, 40
15, 14, 0
15, 15, 0
15, 16, 10
15, 17, 0
15, 18, 0
15, 19, 26
15, 20, 47
15, 21, 40
15, 22, 45
15, 23, 20
15, 24, 0
15, 25, 36
15, 26, 38
15, 27, 0
15, 28, 30
15, 29, 0
15, 30, 0
15, 31, 48
15, 32, 39
15, 33, 15
15, 34, 0
15, 35, 53
15, 36, 0
15, 37, 24
15, 38, 0
15, 39, 15
15, 40, 45
15, 41, 0
15, 42, 0
15, 43, 6
15, 44, 0
15, 45, 52
15, 46, 0
15, 47, 41
15, 48, 0
15, 49, 10
15, 50, 31
15, 51, 1
15, 52, 0
15, 53, 28
15, 54, 51
15, 55, 18
15, 56, 16
15, 57, 0
15, 58, 0
15, 59, 29
15, 60, 57
15, 61, 37
15, 62, 0
15, 63, 3
15, 64, 0
15, 65, 4
15, 66, 0
15, 67, 47
15, 68, 46
15, 69, 21
15, 70, 48
15, 71, 0
15, 72, 39
15, 73, 45
15, 74, 0
15, 75, 33
15, 76, 0
15, 77, 18
15, 78, 25
15, 79, 0
15, 80, 44
15, 81, 28
15, 82, 40
15, 83, 0
15, 84, 45
15, 85, 0
15, 86, 0
15, 87, 32
15, 88, 38
15, 89, 0
15, 90, 0
15, 91, 28
15, 92, 54
15, 93, 0
15, 94, 0
15, 95, 48
15, 96, 0
15, 97, 49
15, 98, 32
15, 99, 0
15, 100, 0
15, 101, 41
15, 102, 0
15, 103, 22
15, 104, 0
15, 105, 48
15, 106, 51
15, 107, 0
15, 108, 0
15, 109, 46
15, 110, 0
15, 111, 37
15, 112, 43
15, 113, 42
15, 114, 25
15, 115, 12
15, 116, 35
15, 117, 0
15, 118, 0
15, 119, 34
15, 120, 0
15, 121, 53
15, 122, 0
15, 123, 41
15, 124, 6
15, 125, 0
15, 126, 0
15, 127, 23
15, 128, 11
15, 129, 31
15, 130, 0
15, 131, 0
15, 132, 10
15, 133, 35
15, 134, 53
15, 135, 26
15, 136, 0
15, 137, 40
15, 138, 0
15, 139, 31
15, 140, 43
15, 141, 0
15, 142, 0
15, 143, 12
15, 144, 7
15, 145, 45
15, 146, 39
15, 147, 16
15, 148, 41
15, 149, 56
15, 150, 53
15, 151, 4
15, 152, 15
15, 153, 32
15, 154, 32
15, 155, 0
15, 156, 0
15, 157, 36
15, 158, 0
15, 159, 0
15, 160, 52
15, 161, 0
15, 162, 30
15, 163, 0
15, 164, 36
15, 165, 37
15, 166, 0
15, 167, 0
15, 168, 35
15, 169, 0
15, 170, 47
15, 171, 5
15, 172, 26
15, 173, 0
15, 174, 0
15, 175, 54
15, 176, 0
15, 177, 0
15, 178, 52
15, 179, 20
15, 180, 28
15, 181, 29
15, 182, 0
15, 183, 0
15, 184, 1
15, 185, 38
15, 186, 35
15, 187, 0
15, 188, 0
15, 189, 12
15, 190, 0
15, 191, 18
15, 192, 0
15, 193, 21
15, 194, 25
15, 195, 7
15, 196, 44
15, 197, 22
15, 198, 0
15, 199, 24
15, 200, 0
15, 201, 11
15, 202, 3
15, 203, 27
15, 204, 0
15, 205, 42
15, 206, 0
15, 207, 0
15, 208, 0
15, 209, 0
15, 210, 0
15, 211, 40
15, 212, 6
15, 213, 49
15, 214, 0
15, 215, 0
15, 216, 43
15, 217, 0
15, 218, 0
15, 219, 33
15, 220, 10
15, 221, 0
15, 222, 46
15, 223, 23
15, 224, 12
15, 225, 46
15, 226, 0
15, 227, 0
15, 228, 0
15, 229, 0
15, 230, 0
15, 231, 38
15, 232, 11
15, 233, 0
15, 234, 34
15, 235, 57
15, 236, 0
15, 237, 7
15, 238, 8
15, 239, 0
15, 240, 0
15, 241, 19
15, 242, 0
15, 243, 54
15, 244, 51
15, 245, 0
15, 246, 0
15, 247, 33
15, 248, 0
15, 249, 6
15, 250, 0
15, 251, 0
15, 252, 31
15, 253, 23
15, 254, 10
15, 255, 0
15, 256, 32
15, 257, 0
15, 258, 0
15, 259, 19
15, 260, 0
15, 261, 0
15, 262, 49
15, 263, 9
15, 264, 47
15, 265, 8
15, 266, 0
15, 267, 0
15, 268, 0
15, 269, 0
15, 270, 0
15, 271, 0
15, 272, 24
15, 273, 0
15, 274, 0
15, 275, 0
15, 276, 18
15, 277, 46
15, 278, 28
15, 279, 4
15, 280, 0
15, 281, 0
15, 282, 0
15, 283, 0
15, 284, 51
15, 285, 22
15, 286, 43
15, 287, 38
15, 288, 45
15, 289, 26
15, 290, 28
15, 291, 43
15, 292, 20
15, 293, 0
15, 294, 0
15, 295, 31
15, 296, 41
15, 297, 0
15, 298, 33
15, 299, 42
15, 300, 0
15, 301, 0
15, 302, 42
15, 303, 0
15, 304, 39
15, 305, 0
15, 306, 0
15, 307, 0
15, 308, 34
15, 309, 0
15, 310, 48
15, 311, 0
15, 312, 0
15, 313, 0
15, 314, 0
15, 315, 0
15, 316, 35
15, 317, 0
15, 318, 37
15, 319, 0
15, 320, 0
15, 321, 0
15, 322, 14
15, 323, 0
15, 324, 0
15, 325, 0
15, 326, 0
15, 327, 0
15, 328, 0
15, 329, 31
15, 330, 17
15, 331, 0
15, 332, 48
15, 333, 43
15, 334, 32
15, 335, 6
15, 336, 0
15, 337, 41
15, 338, 0
15, 339, 0
15, 340, 0
15, 341, 0
15, 342, 0
15, 343, 0
15, 344, 1
15, 345, 0
15, 346, 15
15, 347, 49
15, 348, 53
15, 349, 11
15, 350, 44
15, 351, 19
15, 352, 0
15, 353, 54
15, 354, 0
15, 355, 29
15, 356, 55
15, 357, 0
15, 358, 5
15, 359, 0
15, 360, 0
15, 361, 47
15, 362, 9
15, 363, 10
15, 364, 46
15, 365, 52
15, 366, 22
15, 367, 0
15, 368, 0
15, 369, 24
15, 370, 0
15, 371, 0
15, 372, 0
15, 373, 10
15, 374, 33
15, 375, 0
15, 376, 27
15, 377, 0
15, 378, 0
15, 379, 18
15, 380, 0
15, 381, 43
15, 382, 56
15, 383, 0
15, 384, 0
15, 385, 0
15, 386, 35
15, 387, 0
15, 388, 48
15, 389, 0
15, 390, 0
15, 391, 26
15, 392, 0
15, 393, 47
15, 394, 0
15, 395, 0
15, 396, 0
15, 397, 38
15, 398, 37
15, 399, 48
16, 0, 0
16, 1, 0
16, 2, 53
16, 3, 28
16, 4, 57
16, 5, 16
16, 6, 10
16, 7, 29
16, 8, 0
16, 9, 14
16, 10, 24
16, 11, 40
16, 12, 32
16, 13, 44
16, 14, 5
16, 15, 26
16, 16, 0
16, 17, 53
16, 18, 0
16, 19, 0
16, 20, 21
16, 21, 36
16, 22, 0
16, 23, 0
16, 24, 0
16, 25, 8
16, 26, 0
16, 27, 28
16, 28, 55
16, 29, 0
16, 30, 0
16, 31, 15
16, 32, 0
16, 33, 48
16, 34, 45
16, 35, 0
16, 36, 14
16, 37, 0
16, 38, 38
16, 39, 0
16, 40, 0
16, 41, 0
16, 42, 13
16, 43, 0
16, 44, 33
16, 45, 26
16, 46, 22
16, 47, 0
16, 48, 25
16, 49, 45
16, 50, 0
16, 51, 35
16, 52, 0
16, 53, 39
16, 54, 0
16, 55, 0
16, 56, 0
16, 57, 7
16, 58, 30
16, 59, 17
16, 60, 36
16, 61, 0
16, 62, 0
16, 63, 0
16, 64, 21
16, 65, 0
16, 66, 0
16, 67, 18
16, 68, 3
16, 69, 40
16, 70, 0
16, 71, 25
16, 72, 27
16, 73, 0
16, 74, 0
16, 75, 41
16, 76, 52
16, 77, 0
16, 78, 0
16, 79, 22
16, 80, 38
16, 81, 32
16, 82, 0
16, 83, 16
16, 84, 0
16, 85, 5
16, 86, 14
16, 87, 0
16, 88, 0
16, 89, 0
16, 90, 0
16, 91, 37
16, 92, 51
16, 93, 10
16, 94, 0
16, 95, 0
16, 96, 24
16, 97, 0
16, 98, 3
16, 99, 48
16, 100, 5
16, 101, 0
16, 102, 29
16, 103, 0
16, 104, 0
16, 105, 7
16, 106, 11
16, 107, 24
16, 108, 0
16, 109, 47
16, 110, 0
16, 111, 0
16, 112, 15
16, 113, 0
16, 114, 26
16, 115, 14
16, 116, 0
16, 117, 0
16, 118, 3
16, 119, 14
16, 120, 48
16, 121, 43
16, 122, 15
16, 123, 2
16, 124, 54
16, 125, 43
16, 126, 0
16, 127, 0
16, 128, 25
16, 129, 21
16, 130, 35
16, 131, 0
16, 132, 40
16, 133, 16
16, 134, 45
16, 135, 0
16, 136, 0
16, 137, 0
16, 138, 34
16, 139, 0
16, 140, 0
16, 141, 42
16, 142, 0
16, 143, 0
16, 144, 0
16, 145, 0
16, 146, 28
16, 147, 24
16, 148, 0
16, 149, 36
16, 150, 53
16, 151, 0
16, 152, 29
16, 153, 0
16, 154, 0
16, 155, 38
16, 156, 38
16, 157, 0
16, 158, 52
16, 159, 0
16, 160, 53
16, 161, 0
16, 162, 3
16, 163, 8
16, 164, 0
16, 165, 30
16, 166, 20
16, 167, 0
16, 168, 0
16, 169, 40
16, 170, 37
16, 171, 0
16, 172, 18
16, 173, 55
16, 174, 22
16, 175, 0
16, 176, 51
16, 177, 25
16, 178, 23
16, 179, 6
16, 180, 22
16, 181, 42
16, 182, 34
16, 183, 0
16, 184, 0
16, 185, 5
16, 186, 0
16, 187, 47
16, 188, 17
16, 189, 27
16, 190, 0
16, 191, 41
16, 192, 0
16, 193, 45
16, 194, 48
16, 195, 5
16, 196, 0
16, 197, 0
16, 198, 0
16, 199, 16
16, 200, 13
16, 201, 0
16, 202, 0
16, 203, 0
16, 204, 19
16, 205, 0
16, 206, 0
16, 207, 39
16, 208, 44
16, 209, 44
16, 210, 28
16, 211, 50
16, 212, 34
16, 213, 51
16, 214, 0
16, 215, 36
16, 216, 27
16, 217, 45
16, 218, 0
16, 219, 0
16, 220, 50
16, 221, 0
16, 222, 3
16, 223, 0
16, 224, 54
16, 225, 0
16, 226, 38
16, 227, 7
16, 228, 0
16, 229, 15
16, 230, 0
16, 231, 0
16, 232, 36
16, 233, 0
16, 234, 0
16, 235, 29
16, 236, 0
16, 237, 23
16, 238, 0
16, 239, 57
16, 240, 11
16, 241, 0
16, 242, 25
16, 243, 32
16, 244, 46
16, 245, 0
16, 246, 2
16, 247, 0
16, 248, 13
16, 249, 22
16, 250, 0
16, 251, 0
16, 252, 0
16, 253, 47
16, 254, 0
16, 255, 8
16, 256, 0
16, 257, 0
16, 258, 0
16, 259, 20
16, 260, 40
16, 261, 0
16, 262, 0
16, 263, 17
16, 264, 0
16, 265, 0
16, 266, 0
16, 267, 0
16, 268, 47
16, 269, 35
16, 270, 6
16, 271, 30
16, 272, 0
16, 273, 0
16, 274, 31
16, 275, 39
16, 276, 27
16, 277, 39
16, 278, 0
16, 279, 0
16, 280, 0
16, 281, 37
16, 282, 12
16, 283, 33
16, 284, 0
16, 285, 17
16, 286, 45
16, 287, 54
16, 288, 0
16, 289, 17
16, 290, 21
16, 291, 0
16, 292, 0
16, 293, 0
16, 294, 0
16, 295, 43
16, 296, 53
16, 297, 0
16, 298, 23
16, 299, 13
16, 300, 0
16, 301, 6
16, 302, 0
16, 303, 48
16, 304, 0
16, 305, 0
16, 306, 43
16, 307, 19
16, 308, 0
16, 309, 0
16, 310, 42
16, 311, 0
16, 312, 0
16, 313, 34
16, 314, 0
16, 315, 0
16, 316, 45
16, 317, 40
16, 318, 28
16, 319, 22
16, 320, 0
16, 321, 29
16, 322, 0
16, 323, 45
16, 324, 22
16, 325, 51
16, 326, 50
16, 327, 39
16, 328, 0
16, 329, 10
16, 330, 0
16, 331, 18
16, 332, 35
16, 333, 7
16, 334, 4
16, 335, 33
16, 336, 0
16, 337, 56
16, 338, 0
16, 339, 36
16, 340, 55
16, 341, 0
16, 342, 44
16, 343, 0
16, 344, 29
16, 345, 0
16, 346, 0
16, 347, 40
16, 348, 46
16, 349, 0
16, 350, 38
16, 351, 38
16, 352, 3
16, 353, 31
16, 354, 27
16, 355, 41
16, 356, 39
16, 357, 8
16, 358, 23
16, 359, 29
16, 360, 8
16, 361, 0
16, 362, 13
16, 363, 8
16, 364, 42
16, 365, 56
16, 366, 29
16, 367, 0
16, 368, 0
16, 369, 0
16, 370, 0
16, 371, 0
16, 372, 43
16, 373, 0
16, 374, 0
16, 375, 27
16, 376, 0
16, 377, 0
16, 378, 0
16, 379, 20
16, 380, 22
16, 381, 17
16, 382, 0
16, 383, 0
16, 384, 0
16, 385, 0
16, 386, 54
16, 387, 0
16, 388, 34
16, 389, 13
16, 390, 0
16, 391, 0
16, 392, 45
16, 393, 21
16, 394, 0
16, 395, 0
16, 396, 28
16, 397, 32
16, 398, 0
16, 399, 0
17, 0, 0
17, 1, 0
17, 2, 33
17, 3, 29
17, 4, 0
17, 5, 0
17, 6, 0
17, 7, 18
17, 8, 33
17, 9, 0
17, 10, 48
17, 11, 11
17, 12, 0
17, 13, 28
17, 14, 0
17, 15, 0
17, 16, 46
17, 17, 0
17, 18, 0
17, 19, 2
17, 20, 39
17, 21, 44
17, 22, 0
17, 23, 0
17, 24, 38
17, 25, 42
17, 26, 32
17, 27, 19
17, 28, 27
17, 29, 41
17, 30, 0
17, 31, 50
17, 32, 34
17, 33, 0
17, 34, 0
17, 35, 31
17, 36, 32
17, 37, 0
17, 38, 0
17, 39, 0
17, 40, 0
17, 41, 0
17, 42, 0
17, 43, 0
17, 44, 0
17, 45, 7
17, 46, 1
17, 47, 0
17, 48, 55
17, 49, 20
17, 50, 24
17, 51, 42
17, 52, 0
17, 53, 0
17, 54, 38
17, 55, 0
17, 56, 0
17, 57, 9
17, 58, 0
17, 59, 0
17, 60, 34
17, 61, 0
17, 62, 0
17, 63, 34
17, 64, 0
17, 65, 45
17, 66, 53
17, 67, 41
17, 68, 48
17, 69, 54
17, 70, 0
17, 71, 21
17, 72, 51
17, 73, 27
17, 74, 28
17, 75, 9
17, 76, 11
17, 77, 0
17, 78, 42
17, 79, 0
17, 80, 25
17, 81, 0
17, 82, 49
17, 83, 49
17, 84, 0
17, 85, 0
17, 86, 0
17, 87, 5
17, 88, 9
17, 89, 44
17, 90, 48
17, 91, 0
17, 92, 35
17, 93, 0
17, 94, 0
17, 95, 0
17, 96, 41
17, 97, 0
17, 98, 36
17, 99, 42
17, 100, 2
17, 101, 13
17, 102, 55
17, 103, 31
17, 104, 12
17, 105, 0
17, 106, 41
17, 107, 0
17, 108, 46
17, 109, 38
17, 110, 24
17, 111, 30
17, 112, 0
17, 113, 0
17, 114, 0
17, 115, 51
17, 116, 13
17, 117, 0
17, 118, 39
17, 119, 23
17, 120, 0
17, 121, 52
17, 122, 0
17, 123, 50
17, 124, 0
17, 125, 8
17, 126, 0
17, 127, 0
17, 128, 0
17, 129, 46
17, 130, 0
17, 131, 0
17, 132, 43
17, 133, 30
17, 134, 33
17, 135, 0
17, 136, 32
17, 137, 19
17, 138, 44
17, 139, 0
17, 140, 0
17, 141, 42
17, 142, 0
17, 143, 0
17, 144, 7
17, 145, 45
17, 146, 33
17, 147, 8
17, 148, 0
17, 149, 10
17, 150, 0
17, 151, 0
17, 152, 6
17, 153, 0
17, 154, 0
17, 155, 0
17, 156, 0
17, 157, 0
17, 158, 0
17, 159, 0
17, 160, 0
17, 161, 0
17, 162, 23
17, 163, 3
17, 164, 48
17, 165, 51
17, 166, 26
17, 167, 36
17, 168, 18
17, 169, 28
17, 170, 25
17, 171, 53
17, 172, 0
17, 173, 0
17, 174, 0
17, 175, 39
17, 176, 54
17, 177, 39
17, 178, 9
17, 179, 43
17, 180, 44
17, 181, 0
17, 182, 49
17, 183, 51
17, 184, 4
17, 185, 48
17, 186, 0
17, 187, 12
17, 188, 48
17, 189, 42
17, 190, 45
17, 191, 0
17, 192, 0
17, 193, 28
17, 194, 47
17, 195, 0
17, 196, 5
17, 197, 0
17, 198, 0
17, 199, 0
17, 200, 0
17, 201, 21
17, 202, 0
17, 203, 0
17, 204, 30
17, 205, 4
17, 206, 0
17, 207, 0
17, 208, 33
17, 209, 0
17, 210, 0
17, 211, 28
17, 212, 42
17, 213, 16
17, 214, 0
17, 215, 13
17, 216, 0
17, 217, 42
17, 218, 0
17, 219, 0
17, 220, 38
17, 221, 50
17, 222, 39
17, 223, 0
17, 224, 0
17, 225, 0
17, 226, 0
17, 227, 0
17, 228, 0
17, 229, 32
17, 230, 31
17, 231, 49
17, 232, 0
17, 233, 8
17, 234, 0
17, 235, 53
17, 236, 0
17, 237, 0
17, 238, 0
17, 239, 0
17, 240, 0
17, 241, 24
17, 242, 0
17, 243, 30
17, 244, 26
17, 245, 46
17, 246, 52
17, 247, 0
17, 248, 0
17, 249, 0
17, 250, 0
17, 251, 9
17, 252, 37
17, 253, 0
17, 254, 0
17, 255, 3
17, 256, 18
17, 257, 22
17, 258, 13
17, 259, 0
17, 260, 0
17, 261, 13
17, 262, 43
17, 263, 25
17, 264, 27
17, 265, 0
17, 266, 0
17, 267, 37
17, 268, 55
17, 269, 26
17, 270, 3
17, 271, 0
17, 272, 0
17, 273, 0
17, 274, 0
17, 275, 35
17, 276, 0
17, 277, 14
17, 278, 47
17, 279, 27
17, 280, 0
17, 281, 5
17, 282, 0
17, 283, 51
17, 284, 34
17, 285, 0
17, 286, 0
17, 287, 10
17, 288, 0
17, 289, 0
17, 290, 45
17, 291, 0
17, 292, 48
17, 293, 40
17, 294, 24
17, 295, 0
17, 296, 33
17, 297, 36
17, 298, 47
17, 299, 38
17, 300, 30
17, 301, 0
17, 302, 0
17, 303, 0
17, 304, 0
17, 305, 0
17, 306, 52
17, 307, 0
17, 308, 0
17, 309, 45
17, 310, 5
17, 311, 0
17, 312, 10
17, 313, 23
17, 314, 0
17, 315, 28
17, 316, 0
17, 317, 52
17, 318, 0
17, 319, 0
17, 320, 0
17, 321, 0
17, 322, 53
17, 323, 0
17, 324, 0
17, 325, 0
17, 326, 37
17, 327, 30
17, 328, 44
17, 329, 22
17, 330, 0
17, 331, 0
17, 332, 0
17, 333, 42
17, 334, 0
17, 335, 0
17, 336, 0
17, 337, 54
17, 338, 0
17, 339, 51
17, 340, 0
17, 341, 14
17, 342, 0
17, 343, 41
17, 344, 25
17, 345, 0
17, 346, 43
17, 347, 39
17, 348, 0
17, 349, 45
17, 350, 50
17, 351, 0
17, 352, 0
17, 353, 18
17, 354, 0
17, 355, 0
17, 356, 0
17, 357, 35
17, 358, 0
17, 359, 0
17, 360, 0
17, 361, 0
17, 362, 51
17, 363, 31
17, 364, 38
17, 365, 47
17, 366, 0
17, 367, 0
17, 368, 0
17, 369, 0
17, 370, 20
17, 371, 0
17, 372, 35
17, 373, 0
17, 374, 53
17, 375, 12
17, 376, 0
17, 377, 0
17, 378, 52
17, 379, 54
17, 380, 0
17, 381, 0
17, 382, 0
17, 383, 39
17, 384, 46
17, 385, 0
17, 386, 0
17, 387, 13
17, 388, 0
17, 389, 0
17, 390, 26
17, 391, 7
17, 392, 25
17, 393, 0
17, 394, 0
17, 395, 0
17, 396, 12
17, 397, 48
17, 398, 2
17, 399, 0
18, 0, 0
18, 1, 0
18, 2, 0
18, 3, 0
18, 4, 0
18, 5, 25
18, 6, 0
18, 7, 25
18, 8, 44
18, 9, 0
18, 10, 18
18, 11, 0
18, 12, 0
18, 13, 0
18, 14, 53
18, 15, 30
18, 16, 1
18, 17, 15
18, 18, 0
18, 19, 0
18, 20, 0
18, 21, 0
18, 22, 19
18, 23, 0
18, 24, 0
18, 25, 30
18, 26, 0
18, 27, 0
18, 28, 1
18, 29, 19
18, 30, 53
18, 31, 31
18, 32, 43
18, 33, 6
18, 34, 26
18, 35, 0
18, 36, 38
18, 37, 39
18, 38, 17
18, 39, 0
18, 40, 49
18, 41, 0
18, 42, 3
18, 43, 27
18, 44, 18
18, 45, 0
18, 46, 0
18, 47, 34
18, 48, 22
18, 49, 0
18, 50, 21
18, 51, 2
18, 52, 7
18, 53, 56
18, 54, 45
18, 55, 0
18, 56, 35
18, 57, 20
18, 58, 8
18, 59, 46
18, 60, 0
18, 61, 0
18, 62, 0
18, 63, 12
18, 64, 33
18, 65, 25
18, 66, 0
18, 67, 54
18, 68, 0
18, 69, 3
18, 70, 32
18, 71, 0
18, 72, 5
18, 73, 38
18, 74, 23
18, 75, 28
18, 76, 24
18, 77, 0
18, 78, 0
18, 79, 52
18, 80, 41
18, 81, 0
18, 82, 0
18, 83, 8
18, 84, 0
18, 85, 0
18, 86, 0
18, 87, 0
18, 88, 30
18, 89, 31
18, 90, 9
18, 91, 36
18, 92, 0
18, 93, 43
18, 94, 0
18, 95, 0
18, 96, 0
18, 97, 52
18, 98, 0
18, 99, 0
18, 100, 0
18, 101, 1
18, 102, 0
18, 103, 41
18, 104, 13
18, 105, 0
18, 106, 0
18, 107, 46
18, 108, 48
18, 109, 8
18, 110, 0
18, 111, 54
18, 112, 0
18, 113, 17
18, 114, 25
18, 115, 33
18, 116, 53
18, 117, 3
18, 118, 0
18, 119, 0
18, 120, 18
18, 121, 47
18, 122, 46
18, 123, 27
18, 124, 0
18, 125, 0
18, 126, 42
18, 127, 0
18, 128, 10
18, 129, 45
18, 130, 0
18, 131, 10
18, 132, 0
18, 133, 0
18, 134, 0
18, 135, 7
18, 136, 0
18, 137, 0
18, 138, 0
18, 139, 0
18, 140, 50
18, 141, 52
18, 142, 0
18, 143, 0
18, 144, 54
18, 145, 53
18, 146, 0
18, 147, 18
18, 148, 11
18, 149, 0
18, 150, 39
18, 151, 0
18, 152, 0
18, 153, 0
18, 154, 0
18, 155, 49
18, 156, 0
18, 157, 40
18, 158, 35
18, 159, 3
18, 160, 48
18, 161, 6
18, 162, 34
18, 163, 33
18, 164, 0
18, 165, 43
18, 166, 41
18, 167, 36
18, 168, 58
18, 169, 2
18, 170, 0
18, 171, 28
18, 172, 0
18, 173, 47
18, 174, 0
18, 175, 0
18, 176, 0
18, 177, 29
18, 178, 22
18, 179, 0
18, 180, 41
18, 181, 19
18, 182, 0
18, 183, 33
18, 184, 0
18, 185, 27
18, 186, 0
18, 187, 9
18, 188, 38
18, 189, 0
18, 190, 0
18, 191, 24
18, 192, 37
18, 193, 0
18, 194, 44
18, 195, 0
18, 196, 24
18, 197, 0
18, 198, 0
18, 199, 0
18, 200, 0
18, 201, 52
18, 202, 0
18, 203, 0
18, 204, 0
18, 205, 0
18, 206, 0
18, 207, 0
18, 208, 38
18, 209, 0
18, 210, 31
18, 211, 23
18, 212, 0
18, 213, 11
18, 214, 42
18, 215, 0
18, 216, 50
18, 217, 0
18, 218, 13
18, 219, 0
18, 220, 0
18, 221, 48
18, 222, 0
18, 223, 56
18, 224, 0
18, 225, 0
18, 226, 0
18, 227, 40
18, 228, 24
18, 229, 0
18, 230, 4
18, 231, 47
18, 232, 0
18, 233, 0
18, 234, 46
18, 235, 0
18, 236, 30
18, 237, 39
18, 238, 0
18, 239, 45
18, 240, 0
18, 241, 22
18, 242, 6
18, 243, 34
18, 244, 0
18, 245, 17
18, 246, 51
18, 247, 0
18, 248, 0
18, 249, 44
18, 250, 0
18, 251, 0
18, 252, 12
18, 253, 2
18, 254, 33
18, 255, 0
18, 256, 0
18, 257, 0
18, 258, 0
18, 259, 40
18, 260, 15
18, 261, 7
18, 262, 0
18, 263, 0
18, 264, 18
18, 265, 46
18, 266, 0
18, 267, 45
18, 268, 0
18, 269, 41
18, 270, 0
18, 271, 20
18, 272, 5
18, 273, 41
18, 274, 0
18, 275, 52
18, 276, 54
18, 277, 19
18, 278, 23
18, 279, 48
18, 280, 0
18, 281, 34
18, 282, 0
18, 283, 42
18, 284, 0
18, 285, 49
18, 286, 22
18, 287, 35
18, 288, 26
18, 289, 46
18, 290, 6
18, 291, 53
18, 292, 25
18, 293, 57
18, 294, 0
18, 295, 10
18, 296, 0
18, 297, 0
18, 298, 0
18, 299, 29
18, 300, 53
18, 301, 0
18, 302, 28
18, 303, 0
18, 304, 37
18, 305, 0
18, 306, 54
18, 307, 0
18, 308, 39
18, 309, 35
18, 310, 0
18, 311, 0
18, 312, 34
18, 313, 0
18, 314, 0
18, 315, 0
18, 316, 0
18, 317, 25
18, 318, 30
18, 319, 0
18, 320, 38
18, 321, 50
18, 322, 0
18, 323, 0
18, 324, 0
18, 325, 0
18, 326, 0
18, 327, 58
18, 328, 0
18, 329, 0
18, 330, 16
18, 331, 48
18, 332, 0
18, 333, 0
18, 334, 0
18, 335, 33
18, 336, 0
18, 337, 0
18, 338, 24
18, 339, 0
18, 340, 0
18, 341, 0
18, 342, 1
18, 343, 0
18, 344, 0
18, 345, 4
18, 346, 0
18, 347, 0
18, 348, 0
18, 349, 13
18, 350, 0
18, 351, 49
18, 352, 0
18, 353, 0
18, 354, 21
18, 355, 25
18, 356, 53
18, 357, 22
18, 358, 34
18, 359, 0
18, 360, 0
18, 361, 58
18, 362, 0
18, 363, 2
18, 364, 22
18, 365, 0
18, 366, 23
18, 367, 0
18, 368, 0
18, 369, 18
18, 370, 45
18, 371, 46
18, 372, 37
18, 373, 57
18, 374, 35
18, 375, 0
18, 376, 16
18, 377, 41
18, 378, 43
18, 379, 30
18, 380, 0
18, 381, 0
18, 382, 0
18, 383, 9
18, 384, 27
18, 385, 0
18, 386, 19
18, 387, 1
18, 388, 0
18, 389, 0
18, 390, 31
18, 391, 0
18, 392, 22
18, 393, 27
18, 394, 0
18, 395, 41
18, 396, 0
18, 397, 0
18, 398, 0
18, 399, 11
19, 0, 0
19, 1, 0
19, 2, 0
19, 3, 46
19, 4, 54
19, 5, 0
19, 6, 7
19, 7, 0
19, 8, 0
19, 9, 0
19, 10, 46
19, 11, 0
19, 12, 9
19, 13, 41
19, 14, 0
19, 15, 0
19, 16, 0
19, 17, 30
19, 18, 33
19, 19, 18
19, 20, 0
19, 21, 0
19, 22, 47
19, 23, 34
19, 24, 49
19, 25, 42
19, 26, 34
19, 27, 0
19, 28, 0
19, 29, 0
19, 30, 31
19, 31, 0
19, 32, 22
19, 33, 19
19, 34, 27
19, 35, 12
19, 36, 0
19, 37, 0
19, 38, 0
19, 39, 0
19, 40, 19
19, 41, 0
19, 42, 39
19, 43, 0
19, 44, 36
19, 45, 0
19, 46, 0
19, 47, 43
19, 48, 18
19, 49, 0
19, 50, 30
19, 51, 10
19, 52, 40
19, 53, 1
19, 54, 32
19, 55, 0
19, 56, 0
19, 57, 0
19, 58, 0
19, 59, 1
19, 60, 24
19, 61, 0
19, 62, 0
19, 63, 0
19, 64, 19
19, 65, 0
19, 66, 32
19, 67, 0
19, 68, 0
19, 69, 21
19, 70, 53
19, 71, 36
19, 72, 0
19, 73, 0
19, 74, 0
19, 75, 0
19, 76, 11
19, 77, 43
19, 78, 0
19, 79, 0
19, 80, 0
19, 81, 45
19, 82, 26
19, 83, 49
19, 84, 51
19, 85, 6
19, 86, 13
19, 87, 22
19, 88, 0
19, 89, 48
19, 90, 0
19, 91, 0
19, 92, 24
19, 93, 0
19, 94, 0
19, 95, 39
19, 96, 31
19, 97, 0
19, 98, 0
19, 99, 30
19, 100, 14
19, 101, 0
19, 102, 28
19, 103, 0
19, 104, 22
19, 105, 2
19, 106, 39
19, 107, 0
19, 108, 52
19, 109, 38
19, 110, 0
19, 111, 42
19, 112, 44
19, 113, 11
19, 114, 0
19, 115, 0
19, 116, 37
19, 117, 0
19, 118, 13
19, 119, 0
19, 120, 0
19, 121, 22
19, 122, 0
19, 123, 0
19, 124, 32
19, 125, 1
19, 126, 9
19, 127, 54
19, 128, 36
19, 129, 16
19, 130, 0
19, 131, 47
19, 132, 5
19, 133, 46
19, 134, 38
19, 135, 0
19, 136, 30
19, 137, 23
19, 138, 0
19, 139, 40
19, 140, 0
19, 141, 0
19, 142, 0
19, 143, 0
19, 144, 0
19, 145, 34
19, 146, 21
19, 147, 0
19, 148, 0
19, 149, 14
19, 150, 34
19, 151, 0
19, 152, 0
19, 153, 43
19, 154, 0
19, 155, 0
19, 156, 50
19, 157, 0
19, 158, 35
19, 159, 0
19, 160, 0
19, 161, 41
19, 162, 0
19, 163, 47
19, 164, 28
19, 165, 0
19, 166, 10
19, 167, 0
19, 168, 0
19, 169, 0
19, 170, 0
19, 171, 0
19, 172, 17
19, 173, 0
19, 174, 36
19, 175, 55
19, 176, 0
19, 177, 34
19, 178, 36
19, 179, 28
19, 180, 0
19, 181, 0
19, 182, 0
19, 183, 0
19, 184, 0
19, 185, 24
19, 186, 0
19, 187, 0
19, 188, 35
19, 189, 31
19, 190, 0
19, 191, 0
19, 192, 19
19, 193, 36
19, 194, 29
19, 195, 0
19, 196, 39
19, 197, 0
19, 198, 34
19, 199, 14
19, 200, 0
19, 201, 33
19, 202, 46
19, 203, 51
19, 204, 15
19, 205, 0
19, 206, 47
19, 207, 0
19, 208, 0
19, 209, 0
19, 210, 0
19, 211, 0
19, 212, 46
19, 213, 52
19, 214, 15
19, 215, 38
19, 216, 49
19, 217, 22
19, 218, 11
19, 219, 26
19, 220, 52
19, 221, 0
19, 222, 39
19, 223, 13
19, 224, 2
19, 225, 48
19, 226, 18
19, 227, 0
19, 228, 45
19, 229, 0
19, 230, 23
19, 231, 50
19, 232, 0
19, 233, 0
19, 234, 0
19, 235, 41
19, 236, 30
19, 237, 0
19, 238, 0
19, 239, 43
19, 240, 0
19, 241, 6
19, 242, 0
19, 243, 39
19, 244, 0
19, 245, 0
19, 246, 40
19, 247, 25
19, 248, 38
19, 249, 0
19, 250, 0
19, 251, 0
19, 252, 45
19, 253, 12
19, 254, 35
19, 255, 35
19, 256, 0
19, 257, 48
19, 258, 37
19, 259, 0
19, 260, 54
19, 261, 33
19, 262, 32
19, 263, 0
19, 264, 0
19, 265, 51
19, 266, 37
19, 267, 0
19, 268, 10
19, 269, 28
19, 270, 12
19, 271, 1
19, 272, 0
19, 273, 0
19, 274, 0
19, 275, 16
19, 276, 0
19, 277, 43
19, 278, 11
19, 279, 0
19, 280, 0
19, 281, 0
19, 282, 53
19, 283, 38
19, 284, 24
19, 285, 20
19, 286, 46
19, 287, 8
19, 288, 21
19, 289, 0
19, 290, 0
19, 291, 0
19, 292, 0
19, 293, 45
19, 294, 25
19, 295, 0
19, 296, 0
19, 297, 8
19, 298, 0
19, 299, 0
19, 300, 0
19, 301, 41
19, 302, 40
19, 303, 0
19, 304, 0
19, 305, 0
19, 306, 19
19, 307, 0
19, 308, 0
19, 309, 39
19, 310, 6
19, 311, 52
19, 312, 30
19, 313, 1
19, 314, 3
19, 315, 38
19, 316, 0
19, 317, 36
19, 318, 0
19, 319, 42
19, 320, 0
19, 321, 0
19, 322, 0
19, 323, 0
19, 324, 2
19, 325, 0
19, 326, 43
19, 327, 2
19, 328, 0
19, 329, 0
19, 330, 0
19, 331, 29
19, 332, 38
19, 333, 6
19, 334, 24
19, 335, 0
19, 336, 0
19, 337, 0
19, 338, 49
19, 339, 34
19, 340, 0
19, 341, 23
19, 342, 38
19, 343, 35
19, 344, 44
19, 345, 0
19, 346, 39
19, 347, 22
19, 348, 0
19, 349, 5
19, 350, 17
19, 351, 32
19, 352, 0
19, 353, 24
19, 354, 0
19, 355, 0
19, 356, 55
19, 357, 49
19, 358, 39
19, 359, 51
19, 360, 31
19, 361, 0
19, 362, 3
19, 363, 25
19, 364, 21
19, 365, 0
19, 366, 0
19, 367, 0
19, 368, 37
19, 369, 0
19, 370, 0
19, 371, 40
19, 372, 21
19, 373, 0
19, 374, 0
19, 375, 33
19, 376, 41
19, 377, 0
19, 378, 0
19, 379, 14
19, 380, 53
19, 381, 0
19, 382, 11
19, 383, 24
19, 384, 0
19, 385, 0
19, 386, 43
19, 387, 0
19, 388, 12
19, 389, 34
19, 390, 16
19, 391, 0
19, 392, 54
19, 393, 7
19, 394, 1
19, 395, 38
19, 396, 31
19, 397, 43
19, 398, 36
19, 399, 16
