1, 5, 28
1, 6, 51
1, 8, 3
1, 12, 20
1, 18, 23
1, 22, 16
1, 24, 14
1, 27, 8
1, 32, 33
1, 35, 18
1, 35, 25
1, 37, 45
1, 47, 38
1, 60, 53
1, 71, 40
1, 73, 2
1, 77, 4
1, 77, 27
1, 84, 52
1, 89, 13
1, 89, 51
1, 90, 22
1, 91, 50
1, 94, 46
1, 99, 9
1, 101, 13
1, 101, 18
1, 103, 47
1, 104, 42
1, 110, 1
1, 111, 2
1, 115, 16
1, 117, 7
1, 117, 45
1, 118, 6
1, 121, 10
1, 125, 10
1, 131, 31
1, 132, 39
1, 140, 8
1, 142, 33
1, 146, 25
1, 151, 38
1, 154, 16
1, 162, 52
1, 167, 48
1, 168, 24
1, 170, 24
1, 170, 51
1, 174, 34
1, 177, 25
1, 177, 45
1, 182, 19
1, 183, 32
1, 183, 47
1, 187, 46
1, 194, 12
1, 194, 32
1, 197, 40
1, 198, 18
1, 201, 30
1, 202, 23
1, 206, 26
1, 207, 22
1, 207, 27
1, 213, 14
1, 214, 28
1, 216, 3
1, 217, 43
1, 219, 31
1, 221, 42
1, 227, 45
1, 228, 20
1, 230, 10
1, 230, 50
1, 233, 7
1, 235, 53
1, 238, 32
1, 242, 1
1, 242, 13
1, 244, 4
1, 250, 1
1, 254, 3
1, 255, 12
1, 258, 34
1, 258, 48
1, 262, 33
1, 267, 51
1, 273, 46
1, 276, 52
1, 279, 9
1, 287, 19
1, 288, 2
1, 289, 47
1, 292, 50
1, 294, 25
1, 295, 40
1, 300, 32
1, 306, 20
1, 307, 23
1, 311, 18
1, 314, 6
1, 317, 18
1, 317, 28
1, 323, 33
1, 326, 16
1, 328, 27
1, 329, 42
1, 332, 14
1, 334, 30
1, 336, 28
1, 337, 1
1, 337, 4
1, 343, 12
1, 344, 8
1, 345, 39
1, 353, 43
1, 353, 45
1, 361, 2
1, 361, 3
1, 361, 7
1, 362, 47
1, 369, 38
1, 370, 24
1, 373, 4
1, 376, 47
1, 377, 34
1, 385, 51
1, 390, 30
1, 390, 43
1, 392, 26
1, 396, 25
2, 7, 38
2, 12, 23
2, 12, 43
2, 13, 27
2, 14, 44
2, 16, 29
2, 18, 8
2, 18, 48
2, 19, 26
2, 21, 24
2, 23, 36
2, 25, 12
2, 25, 43
2, 36, 44
2, 40, 51
2, 41, 58
2, 42, 5
2, 43, 8
2, 45, 7
2, 48, 12
2, 52, 30
2, 53, 22
2, 54, 39
2, 58, 4
2, 59, 54
2, 61, 18
2, 62, 35
2, 67, 21
2, 68, 17
2, 70, 6
2, 74, 14
2, 74, 34
2, 74, 59
2, 76, 52
2, 77, 14
2, 79, 38
2, 87, 2
2, 87, 37
2, 87, 40
2, 87, 55
2, 91, 7
2, 92, 53
2, 94, 23
2, 97, 44
2, 98, 15
2, 101, 7
2, 105, 39
2, 105, 46
2, 107, 3
2, 107, 14
2, 113, 49
2, 113, 50
2, 115, 38
2, 116, 28
2, 117, 29
2, 125, 21
2, 128, 49
2, 133, 37
2, 133, 51
2, 133, 54
2, 136, 27
2, 136, 40
2, 136, 44
2, 138, 31
2, 140, 22
2, 141, 10
2, 143, 48
2, 144, 6
2, 145, 52
2, 147, 8
2, 151, 40
2, 153, 33
2, 154, 20
2, 156, 36
2, 157, 9
2, 157, 29
2, 159, 21
2, 161, 43
2, 162, 56
2, 168, 4
2, 171, 18
2, 176, 52
2, 185, 9
2, 186, 19
2, 193, 38
2, 195, 7
2, 197, 15
2, 198, 21
2, 199, 8
2, 200, 58
2, 201, 43
2, 202, 37
2, 204, 52
2, 207, 53
2, 209, 11
2, 212, 2
2, 216, 14
2, 216, 24
2, 217, 29
2, 217, 51
2, 219, 39
2, 223, 48
2, 224, 44
2, 226, 35
2, 229, 27
2, 230, 46
2, 231, 4
2, 232, 38
2, 235, 10
2, 237, 12
2, 238, 26
2, 238, 50
2, 245, 17
2, 245, 29
2, 246, 20
2, 252, 3
2, 253, 40
2, 263, 4
2, 268, 55
2, 269, 39
2, 271, 23
2, 272, 6
2, 272, 14
2, 276, 30
2, 277, 37
2, 282, 19
2, 283, 55
2, 285, 44
2, 286, 9
2, 287, 15
2, 288, 31
2, 291, 36
2, 294, 24
2, 298, 19
2, 298, 40
2, 300, 22
2, 304, 17
2, 306, 10
2, 307, 2
2, 307, 46
2, 309, 29
2, 311, 8
2, 312, 53
2, 314, 41
2, 315, 41
2, 317, 20
2, 320, 9
2, 321, 52
2, 326, 18
2, 331, 33
2, 331, 51
2, 333, 5
2, 334, 34
2, 336, 11
2, 338, 22
2, 338, 31
2, 340, 26
2, 342, 28
2, 344, 39
2, 348, 6
2, 350, 8
2, 353, 31
2, 357, 19
2, 359, 46
2, 361, 27
2, 364, 24
2, 367, 4
2, 377, 12
2, 382, 38
2, 383, 48
2, 389, 2
2, 390, 15
2, 390, 20
2, 391, 53
2, 392, 30
2, 399, 26
3, 5, 7
3, 6, 12
3, 7, 8
3, 7, 35
3, 10, 16
3, 11, 3
3, 17, 58
3, 20, 17
3, 20, 45
3, 22, 5
3, 28, 39
3, 30, 31
3, 33, 15
3, 34, 2
3, 37, 11
3, 44, 29
3, 47, 45
3, 48, 46
3, 53, 30
3, 54, 41
3, 56, 33
3, 56, 44
3, 57, 51
3, 59, 25
3, 59, 37
3, 64, 28
3, 65, 19
3, 66, 16
3, 70, 33
3, 70, 39
3, 71, 27
3, 71, 34
3, 77, 10
3, 77, 42
3, 84, 42
3, 86, 26
3, 86, 47
3, 90, 25
3, 92, 39
3, 94, 22
3, 96, 5
3, 101, 52
3, 102, 8
3, 103, 6
3, 103, 13
3, 103, 24
3, 104, 48
3, 112, 7
3, 119, 19
3, 121, 20
3, 124, 51
3, 128, 15
3, 129, 21
3, 130, 6
3, 132, 27
3, 133, 31
3, 134, 37
3, 135, 1
3, 140, 12
3, 145, 13
3, 154, 31
3, 163, 2
3, 165, 18
3, 165, 52
3, 167, 33
3, 167, 40
3, 170, 5
3, 170, 34
3, 171, 8
3, 172, 58
3, 174, 5
3, 174, 18
3, 175, 37
3, 176, 29
3, 177, 41
3, 179, 47
3, 183, 43
3, 184, 27
3, 188, 11
3, 194, 3
3, 194, 30
3, 198, 45
3, 201, 20
3, 202, 35
3, 202, 46
3, 206, 3
3, 206, 39
3, 207, 58
3, 210, 42
3, 213, 17
3, 214, 24
3, 218, 15
3, 220, 48
3, 235, 1
3, 237, 26
3, 238, 5
3, 239, 25
3, 240, 11
3, 247, 6
3, 250, 9
3, 250, 49
3, 253, 24
3, 254, 7
3, 256, 42
3, 258, 37
3, 262, 41
3, 263, 19
3, 265, 51
3, 270, 22
3, 272, 27
3, 273, 16
3, 279, 27
3, 280, 5
3, 282, 17
3, 282, 28
3, 284, 8
3, 284, 34
3, 285, 21
3, 286, 31
3, 288, 35
3, 289, 7
3, 292, 29
3, 292, 43
3, 295, 3
3, 302, 2
3, 307, 18
3, 308, 12
3, 314, 3
3, 317, 32
3, 317, 52
3, 323, 39
3, 324, 1
3, 325, 10
3, 326, 20
3, 328, 24
3, 328, 55
3, 331, 44
3, 335, 21
3, 337, 18
3, 337, 37
3, 338, 17
3, 338, 58
3, 341, 25
3, 350, 47
3, 355, 42
3, 355, 48
3, 356, 45
3, 358, 52
3, 359, 32
3, 360, 51
3, 361, 40
3, 361, 53
3, 368, 31
3, 369, 12
3, 370, 49
3, 371, 43
3, 375, 27
3, 375, 49
3, 376, 9
3, 376, 26
3, 376, 52
3, 377, 58
3, 383, 19
3, 384, 44
3, 387, 12
3, 389, 33
3, 390, 7
3, 390, 48
3, 396, 35
3, 397, 30
4, 1, 54
4, 5, 25
4, 5, 39
4, 6, 22
4, 8, 23
4, 10, 26
4, 12, 36
4, 26, 46
4, 29, 23
4, 33, 43
4, 34, 45
4, 34, 51
4, 35, 28
4, 37, 7
4, 39, 43
4, 44, 21
4, 47, 40
4, 48, 7
4, 53, 15
4, 54, 14
4, 55, 10
4, 67, 29
4, 67, 46
4, 69, 26
4, 77, 33
4, 79, 27
4, 79, 53
4, 84, 12
4, 89, 16
4, 91, 3
4, 92, 30
4, 98, 34
4, 100, 5
4, 112, 42
4, 114, 45
4, 119, 3
4, 121, 18
4, 122, 40
4, 125, 39
4, 129, 22
4, 130, 1
4, 134, 23
4, 136, 28
4, 138, 49
4, 148, 17
4, 150, 36
4, 155, 43
4, 159, 37
4, 163, 20
4, 163, 44
4, 164, 22
4, 169, 10
4, 173, 28
4, 175, 5
4, 179, 39
4, 180, 16
4, 180, 51
4, 183, 46
4, 184, 23
4, 185, 33
4, 187, 1
4, 188, 12
4, 188, 25
4, 193, 59
4, 197, 39
4, 204, 14
4, 207, 27
4, 210, 21
4, 210, 47
4, 214, 46
4, 218, 50
4, 222, 20
4, 224, 7
4, 224, 15
4, 226, 40
4, 226, 55
4, 233, 54
4, 234, 3
4, 236, 34
4, 236, 42
4, 241, 45
4, 243, 38
4, 247, 23
4, 250, 6
4, 252, 18
4, 267, 44
4, 270, 30
4, 273, 22
4, 275, 20
4, 278, 28
4, 279, 43
4, 282, 26
4, 284, 29
4, 286, 25
4, 289, 5
4, 289, 34
4, 299, 16
4, 300, 10
4, 304, 36
4, 306, 39
4, 306, 44
4, 307, 59
4, 309, 27
4, 310, 22
4, 316, 38
4, 317, 12
4, 318, 14
4, 319, 54
4, 321, 18
4, 322, 49
4, 322, 53
4, 328, 13
4, 330, 7
4, 337, 37
4, 338, 25
4, 340, 50
4, 344, 44
4, 345, 17
4, 346, 1
4, 347, 26
4, 351, 39
4, 351, 51
4, 353, 20
4, 356, 26
4, 363, 30
4, 371, 40
4, 374, 15
4, 374, 37
4, 375, 42
4, 381, 29
4, 384, 28
4, 389, 5
4, 396, 25
4, 398, 28
4, 398, 50
4, 399, 6
5, 4, 1
5, 5, 53
5, 6, 20
5, 7, 29
5, 9, 52
5, 10, 19
5, 10, 34
5, 14, 45
5, 18, 29
5, 19, 39
5, 21, 41
5, 22, 21
5, 22, 49
5, 23, 3
5, 30, 7
5, 30, 36
5, 34, 50
5, 39, 13
5, 41, 23
5, 44, 6
5, 45, 48
5, 46, 12
5, 50, 17
5, 56, 53
5, 57, 19
5, 59, 20
5, 59, 34
5, 61, 9
5, 62, 6
5, 62, 56
5, 63, 8
5, 64, 9
5, 71, 45
5, 74, 54
5, 82, 10
5, 82, 34
5, 83, 36
5, 88, 31
5, 89, 5
5, 91, 6
5, 93, 27
5, 96, 26
5, 98, 14
5, 100, 54
5, 101, 35
5, 108, 36
5, 109, 4
5, 115, 26
5, 117, 12
5, 120, 41
5, 126, 40
5, 127, 50
5, 128, 13
5, 130, 19
5, 134, 7
5, 136, 22
5, 139, 35
5, 142, 17
5, 144, 19
5, 145, 20
5, 146, 11
5, 151, 52
5, 152, 53
5, 154, 39
5, 156, 41
5, 157, 9
5, 158, 11
5, 159, 22
5, 160, 49
5, 162, 57
5, 164, 1
5, 164, 53
5, 165, 51
5, 168, 42
5, 169, 56
5, 170, 28
5, 172, 3
5, 176, 24
5, 176, 34
5, 180, 23
5, 181, 48
5, 185, 20
5, 187, 5
5, 189, 32
5, 191, 16
5, 196, 36
5, 197, 47
5, 199, 4
5, 199, 9
5, 202, 31
5, 205, 12
5, 209, 37
5, 212, 45
5, 217, 50
5, 217, 56
5, 218, 8
5, 219, 10
5, 219, 20
5, 222, 49
5, 224, 17
5, 227, 1
5, 230, 11
5, 230, 50
5, 231, 48
5, 232, 26
5, 236, 29
5, 236, 47
5, 244, 3
5, 245, 35
5, 246, 39
5, 248, 54
5, 249, 44
5, 252, 22
5, 252, 36
5, 258, 27
5, 262, 47
5, 266, 6
5, 267, 3
5, 271, 6
5, 271, 39
5, 272, 54
5, 275, 42
5, 280, 7
5, 280, 32
5, 286, 34
5, 293, 24
5, 295, 19
5, 296, 54
5, 298, 1
5, 299, 36
5, 300, 13
5, 301, 45
5, 308, 5
5, 312, 4
5, 312, 14
5, 312, 20
5, 312, 57
5, 318, 68
5, 321, 36
5, 324, 27
5, 328, 52
5, 329, 24
5, 329, 44
5, 331, 9
5, 331, 41
5, 333, 17
5, 334, 42
5, 336, 12
5, 336, 49
5, 340, 10
5, 340, 11
5, 344, 16
5, 346, 28
5, 350, 44
5, 351, 47
5, 352, 56
5, 353, 22
5, 357, 37
5, 358, 5
5, 359, 27
5, 359, 38
5, 361, 19
5, 361, 36
5, 361, 54
5, 365, 32
5, 366, 20
5, 366, 34
5, 369, 1
5, 371, 26
5, 373, 10
5, 377, 7
5, 379, 26
5, 381, 24
5, 382, 53
5, 393, 8
5, 394, 1
5, 397, 1
6, 2, 4
6, 5, 18
6, 8, 47
6, 10, 42
6, 13, 29
6, 20, 46
6, 23, 33
6, 25, 36
6, 31, 19
6, 37, 12
6, 39, 11
6, 42, 14
6, 42, 37
6, 45, 48
6, 47, 20
6, 47, 36
6, 48, 7
6, 49, 16
6, 49, 53
6, 51, 39
6, 52, 58
6, 53, 53
6, 60, 2
6, 63, 31
6, 68, 24
6, 69, 9
6, 69, 52
6, 71, 24
6, 72, 21
6, 73, 1
6, 73, 4
6, 75, 34
6, 78, 34
6, 81, 12
6, 86, 3
6, 86, 17
6, 87, 3
6, 89, 10
6, 89, 26
6, 92, 29
6, 92, 44
6, 95, 13
6, 99, 20
6, 99, 22
6, 101, 28
6, 101, 32
6, 107, 25
6, 107, 47
6, 116, 5
6, 123, 33
6, 133, 23
6, 136, 4
6, 143, 52
6, 146, 34
6, 147, 45
6, 148, 42
6, 149, 12
6, 151, 3
6, 151, 18
6, 151, 40
6, 152, 47
6, 152, 48
6, 162, 30
6, 162, 44
6, 165, 14
6, 169, 15
6, 169, 34
6, 172, 34
6, 175, 29
6, 175, 48
6, 179, 24
6, 183, 35
6, 185, 4
6, 185, 13
6, 185, 42
6, 187, 46
6, 187, 48
6, 188, 9
6, 189, 16
6, 190, 31
6, 191, 55
6, 192, 25
6, 194, 53
6, 204, 56
6, 206, 7
6, 206, 33
6, 215, 22
6, 219, 40
6, 220, 33
6, 221, 1
6, 221, 24
6, 221, 36
6, 221, 55
6, 222, 17
6, 225, 10
6, 228, 15
6, 229, 5
6, 230, 53
6, 232, 43
6, 233, 26
6, 233, 31
6, 234, 44
6, 237, 11
6, 238, 39
6, 243, 46
6, 250, 3
6, 253, 4
6, 256, 23
6, 256, 58
6, 260, 16
6, 260, 20
6, 263, 19
6, 264, 17
6, 267, 60
6, 269, 21
6, 270, 2
6, 272, 25
6, 277, 10
6, 283, 18
6, 290, 24
6, 290, 32
6, 294, 32
6, 299, 31
6, 302, 22
6, 303, 28
6, 303, 34
6, 303, 40
6, 304, 18
6, 305, 36
6, 307, 24
6, 309, 15
6, 310, 37
6, 314, 53
6, 321, 18
6, 321, 23
6, 329, 33
6, 331, 29
6, 335, 4
6, 336, 33
6, 336, 35
6, 339, 1
6, 340, 55
6, 341, 28
6, 345, 17
6, 348, 7
6, 349, 16
6, 350, 40
6, 358, 1
6, 358, 28
6, 365, 32
6, 366, 43
6, 369, 20
6, 373, 21
6, 377, 4
6, 383, 26
6, 383, 29
6, 385, 10
6, 389, 39
6, 392, 37
6, 392, 48
6, 395, 5
6, 396, 23
6, 397, 31
6, 397, 53
6, 398, 23
6, 398, 38
6, 398, 45
7, 4, 29
7, 5, 5
7, 5, 28
7, 12, 31
7, 13, 12
7, 13, 39
7, 15, 44
7, 22, 7
7, 29, 30
7, 30, 37
7, 32, 25
7, 33, 3
7, 33, 22
7, 35, 14
7, 36, 2
7, 37, 50
7, 41, 1
7, 42, 58
7, 43, 43
7, 44, 37
7, 45, 7
7, 52, 39
7, 52, 45
7, 53, 54
7, 61, 40
7, 63, 42
7, 67, 34
7, 70, 11
7, 74, 18
7, 76, 4
7, 76, 10
7, 77, 47
7, 82, 21
7, 85, 2
7, 87, 31
7, 90, 38
7, 93, 9
7, 94, 52
7, 106, 12
7, 110, 26
7, 112, 7
7, 113, 22
7, 113, 37
7, 115, 40
7, 116, 50
7, 117, 38
7, 123, 24
7, 123, 46
7, 128, 25
7, 136, 24
7, 136, 44
7, 137, 3
7, 137, 29
7, 138, 39
7, 138, 54
7, 140, 55
7, 143, 35
7, 144, 47
7, 145, 14
7, 151, 13
7, 151, 33
7, 155, 18
7, 156, 53
7, 157, 20
7, 159, 29
7, 160, 11
7, 163, 46
7, 165, 12
7, 167, 4
7, 167, 46
7, 168, 37
7, 170, 24
7, 171, 49
7, 172, 5
7, 174, 1
7, 175, 7
7, 175, 52
7, 182, 58
7, 185, 10
7, 185, 38
7, 188, 45
7, 195, 30
7, 198, 43
7, 199, 2
7, 201, 28
7, 201, 47
7, 201, 48
7, 210, 25
7, 212, 52
7, 214, 45
7, 217, 34
7, 218, 4
7, 218, 40
7, 221, 15
7, 224, 2
7, 229, 18
7, 232, 22
7, 233, 38
7, 234, 40
7, 235, 14
7, 237, 54
7, 239, 2
7, 240, 15
7, 241, 30
7, 242, 26
7, 242, 33
7, 242, 34
7, 243, 50
7, 245, 11
7, 246, 26
7, 248, 28
7, 250, 37
7, 250, 39
7, 251, 31
7, 253, 29
7, 253, 58
7, 257, 34
7, 259, 40
7, 260, 54
7, 270, 17
7, 271, 25
7, 271, 56
7, 273, 31
7, 273, 50
7, 277, 55
7, 278, 40
7, 279, 14
7, 280, 5
7, 286, 43
7, 288, 20
7, 291, 52
7, 293, 9
7, 294, 12
7, 294, 15
7, 296, 47
7, 302, 23
7, 302, 49
7, 305, 42
7, 307, 33
7, 313, 10
7, 322, 49
7, 324, 37
7, 330, 39
7, 333, 22
7, 339, 24
7, 339, 46
7, 346, 18
7, 347, 2
7, 350, 21
7, 350, 54
7, 351, 53
7, 354, 39
7, 355, 13
7, 355, 28
7, 360, 13
7, 360, 42
7, 363, 34
7, 365, 7
7, 365, 47
7, 366, 35
7, 367, 29
7, 370, 30
7, 372, 26
7, 374, 11
7, 377, 38
7, 379, 33
7, 379, 46
7, 380, 14
7, 381, 47
7, 385, 4
7, 386, 56
7, 387, 7
7, 387, 24
7, 389, 42
7, 391, 49
7, 393, 45
7, 398, 21
7, 399, 12
7, 399, 50
8, 2, 43
8, 8, 33
8, 11, 33
8, 12, 34
8, 13, 58
8, 21, 57
8, 22, 17
8, 22, 29
8, 24, 4
8, 24, 29
8, 27, 18
8, 28, 13
8, 28, 51
8, 30, 8
8, 33, 7
8, 34, 20
8, 34, 41
8, 36, 34
8, 36, 38
8, 36, 54
8, 39, 38
8, 40, 19
8, 45, 21
8, 51, 17
8, 58, 37
8, 60, 49
8, 62, 22
8, 70, 23
8, 70, 25
8, 75, 27
8, 75, 48
8, 76, 10
8, 76, 50
8, 77, 8
8, 78, 51
8, 79, 33
8, 79, 36
8, 87, 7
8, 90, 33
8, 92, 1
8, 92, 6
8, 95, 43
8, 96, 24
8, 96, 53
8, 97, 12
8, 98, 47
8, 100, 40
8, 100, 49
8, 104, 46
8, 109, 18
8, 117, 38
8, 117, 53
8, 119, 34
8, 123, 29
8, 131, 32
8, 134, 15
8, 135, 36
8, 138, 54
8, 139, 22
8, 140, 20
8, 140, 23
8, 142, 8
8, 142, 18
8, 143, 57
8, 145, 34
8, 147, 28
8, 148, 13
8, 149, 2
8, 150, 41
8, 151, 17
8, 155, 2
8, 155, 33
8, 157, 43
8, 162, 27
8, 164, 18
8, 165, 7
8, 169, 19
8, 169, 43
8, 170, 29
8, 175, 25
8, 176, 20
8, 180, 62
8, 182, 4
8, 183, 12
8, 184, 15
8, 190, 47
8, 197, 48
8, 199, 27
8, 206, 21
8, 207, 46
8, 209, 28
8, 212, 49
8, 214, 4
8, 214, 47
8, 216, 23
8, 219, 37
8, 220, 40
8, 224, 1
8, 227, 58
8, 232, 49
8, 233, 51
8, 235, 41
8, 245, 43
8, 246, 32
8, 247, 53
8, 249, 10
8, 249, 43
8, 253, 54
8, 261, 29
8, 269, 12
8, 269, 24
8, 270, 22
8, 272, 31
8, 274, 13
8, 274, 34
8, 276, 8
8, 278, 31
8, 280, 27
8, 289, 12
8, 294, 20
8, 296, 35
8, 299, 33
8, 305, 52
8, 306, 23
8, 309, 57
8, 311, 48
8, 312, 2
8, 314, 36
8, 318, 40
8, 319, 51
8, 320, 41
8, 324, 12
8, 328, 19
8, 328, 54
8, 329, 25
8, 343, 28
8, 347, 24
8, 348, 58
8, 349, 23
8, 352, 49
8, 353, 29
8, 355, 4
8, 361, 54
8, 367, 62
8, 373, 43
8, 377, 10
8, 379, 34
8, 386, 47
8, 393, 7
8, 394, 54
8, 395, 21
8, 397, 35
8, 398, 32
8, 399, 24
9, 6, 24
9, 7, 5
9, 8, 1
9, 10, 51
9, 13, 7
9, 14, 23
9, 15, 26
9, 18, 30
9, 19, 4
9, 20, 39
9, 22, 8
9, 23, 58
9, 31, 19
9, 37, 23
9, 38, 36
9, 40, 7
9, 44, 57
9, 47, 3
9, 47, 8
9, 47, 10
9, 48, 32
9, 48, 33
9, 50, 13
9, 53, 33
9, 55, 7
9, 58, 2
9, 59, 17
9, 60, 50
9, 64, 10
9, 65, 35
9, 67, 5
9, 67, 30
9, 67, 52
9, 68, 18
9, 69, 4
9, 69, 11
9, 70, 41
9, 72, 49
9, 73, 46
9, 76, 43
9, 77, 20
9, 81, 3
9, 84, 51
9, 89, 16
9, 89, 19
9, 92, 38
9, 93, 56
9, 97, 30
9, 98, 14
9, 98, 45
9, 107, 12
9, 107, 44
9, 108, 32
9, 109, 28
9, 111, 39
9, 117, 7
9, 118, 13
9, 121, 51
9, 122, 22
9, 122, 26
9, 124, 9
9, 125, 19
9, 125, 25
9, 127, 31
9, 128, 2
9, 129, 19
9, 131, 5
9, 131, 12
9, 131, 47
9, 133, 8
9, 133, 17
9, 133, 39
9, 140, 50
9, 142, 37
9, 146, 52
9, 147, 1
9, 148, 51
9, 150, 43
9, 150, 48
9, 153, 7
9, 153, 32
9, 154, 38
9, 154, 53
9, 160, 1
9, 163, 39
9, 166, 7
9, 175, 11
9, 177, 23
9, 179, 41
9, 180, 16
9, 183, 36
9, 184, 26
9, 187, 49
9, 191, 4
9, 192, 35
9, 193, 16
9, 193, 28
9, 195, 5
9, 203, 2
9, 203, 46
9, 204, 12
9, 205, 10
9, 205, 23
9, 206, 53
9, 207, 33
9, 211, 55
9, 215, 18
9, 222, 14
9, 224, 31
9, 225, 33
9, 229, 5
9, 230, 2
9, 232, 16
9, 235, 25
9, 236, 30
9, 248, 19
9, 250, 56
9, 251, 22
9, 257, 28
9, 265, 8
9, 267, 13
9, 269, 48
9, 270, 46
9, 276, 37
9, 277, 41
9, 280, 10
9, 280, 41
9, 283, 22
9, 285, 38
9, 286, 3
9, 286, 44
9, 287, 17
9, 287, 51
9, 288, 7
9, 289, 30
9, 292, 48
9, 294, 35
9, 295, 38
9, 295, 46
9, 296, 3
9, 296, 23
9, 297, 51
9, 299, 17
9, 301, 11
9, 301, 19
9, 301, 43
9, 304, 4
9, 309, 35
9, 310, 55
9, 315, 12
9, 317, 23
9, 325, 57
9, 327, 36
9, 333, 33
9, 333, 47
9, 335, 19
9, 336, 8
9, 343, 2
9, 345, 2
9, 346, 7
9, 347, 28
9, 358, 7
9, 359, 25
9, 364, 44
9, 366, 29
9, 367, 9
9, 367, 36
9, 370, 46
9, 372, 32
9, 374, 1
9, 374, 22
9, 375, 24
9, 375, 55
9, 376, 23
9, 377, 18
9, 379, 31
9, 384, 35
9, 384, 38
9, 385, 14
9, 385, 30
9, 385, 53
9, 390, 8
9, 392, 20
9, 393, 37
9, 396, 4
9, 396, 41
10, 5, 15
10, 6, 41
10, 7, 16
10, 9, 31
10, 9, 58
10, 14, 32
10, 14, 35
10, 17, 27
10, 24, 33
10, 25, 29
10, 27, 14
10, 28, 24
10, 31, 47
10, 32, 45
10, 33, 28
10, 39, 18
10, 39, 37
10, 40, 21
10, 41, 33
10, 44, 20
10, 45, 8
10, 54, 40
10, 57, 23
10, 58, 2
10, 64, 25
10, 67, 27
10, 68, 44
10, 77, 58
10, 80, 36
10, 81, 54
10, 83, 30
10, 87, 24
10, 87, 38
10, 89, 43
10, 91, 13
10, 96, 6
10, 96, 29
10, 98, 34
10, 103, 15
10, 103, 41
10, 109, 12
10, 110, 47
10, 111, 32
10, 116, 45
10, 116, 47
10, 119, 24
10, 135, 3
10, 137, 38
10, 138, 29
10, 139, 34
10, 139, 55
10, 141, 31
10, 142, 7
10, 142, 20
10, 142, 21
10, 145, 27
10, 146, 15
10, 146, 54
10, 147, 58
10, 152, 54
10, 153, 14
10, 154, 19
10, 154, 33
10, 156, 41
10, 160, 20
10, 163, 21
10, 164, 13
10, 164, 44
10, 168, 45
10, 169, 6
10, 169, 17
10, 172, 40
10, 174, 37
10, 181, 40
10, 186, 25
10, 187, 36
10, 190, 32
10, 190, 42
10, 193, 28
10, 194, 18
10, 195, 51
10, 197, 34
10, 200, 15
10, 204, 36
10, 207, 24
10, 208, 12
10, 211, 6
10, 211, 9
10, 212, 15
10, 219, 30
10, 221, 19
10, 223, 1
10, 223, 32
10, 224, 12
10, 224, 35
10, 227, 16
10, 230, 46
10, 233, 13
10, 242, 54
10, 245, 40
10, 246, 8
10, 246, 27
10, 247, 21
10, 251, 4
10, 251, 28
10, 255, 21
10, 255, 41
10, 256, 16
10, 256, 50
10, 264, 47
10, 264, 55
10, 267, 45
10, 272, 33
10, 275, 23
10, 281, 29
10, 282, 2
10, 288, 6
10, 295, 7
10, 296, 58
10, 306, 13
10, 309, 32
10, 313, 34
10, 314, 51
10, 320, 25
10, 321, 17
10, 322, 3
10, 327, 42
10, 329, 33
10, 334, 44
10, 335, 51
10, 338, 21
10, 338, 46
10, 339, 14
10, 342, 27
10, 344, 19
10, 345, 3
10, 346, 54
10, 351, 50
10, 355, 6
10, 357, 37
10, 359, 29
10, 364, 30
10, 365, 33
10, 366, 43
10, 369, 16
10, 372, 9
10, 373, 36
10, 375, 27
10, 376, 45
10, 380, 8
10, 383, 20
10, 387, 40
10, 389, 23
10, 391, 24
10, 391, 41
10, 396, 30
10, 397, 3
10, 397, 15
10, 398, 12
11, 2, 13
11, 2, 50
11, 3, 1
11, 4, 53
11, 6, 21
11, 9, 9
11, 9, 16
11, 12, 35
11, 19, 36
11, 20, 5
11, 20, 31
11, 20, 37
11, 24, 3
11, 27, 20
11, 41, 26
11, 41, 31
11, 42, 11
11, 48, 17
11, 50, 6
11, 50, 14
11, 51, 51
11, 58, 33
11, 63, 24
11, 63, 57
11, 64, 12
11, 66, 46
11, 70, 33
11, 73, 39
11, 79, 53
11, 83, 2
11, 83, 47
11, 87, 43
11, 91, 6
11, 94, 5
11, 99, 9
11, 100, 21
11, 101, 5
11, 104, 53
11, 105, 7
11, 106, 23
11, 107, 57
11, 112, 21
11, 113, 49
11, 116, 17
11, 119, 3
11, 119, 15
11, 124, 51
11, 127, 22
11, 128, 50
11, 129, 20
11, 131, 44
11, 132, 13
11, 132, 46
11, 137, 17
11, 140, 16
11, 140, 42
11, 141, 35
11, 142, 41
11, 144, 1
11, 145, 45
11, 151, 31
11, 152, 44
11, 158, 16
11, 159, 3
11, 159, 8
11, 159, 29
11, 159, 37
11, 160, 6
11, 162, 52
11, 173, 9
11, 174, 23
11, 176, 31
11, 179, 5
11, 183, 8
11, 185, 20
11, 187, 24
11, 191, 14
11, 193, 37
11, 199, 33
11, 203, 9
11, 203, 47
11, 207, 22
11, 209, 53
11, 210, 27
11, 211, 2
11, 213, 41
11, 215, 35
11, 217, 7
11, 221, 31
11, 221, 50
11, 229, 26
11, 230, 11
11, 233, 21
11, 239, 3
11, 239, 9
11, 240, 41
11, 241, 7
11, 241, 28
11, 241, 46
11, 245, 52
11, 246, 3
11, 247, 21
11, 249, 62
11, 250, 38
11, 251, 6
11, 252, 15
11, 255, 29
11, 261, 26
11, 262, 28
11, 264, 43
11, 265, 24
11, 267, 44
11, 269, 9
11, 271, 48
11, 273, 39
11, 276, 45
11, 277, 49
11, 282, 57
11, 283, 42
11, 286, 24
11, 288, 20
11, 290, 33
11, 293, 45
11, 294, 47
11, 297, 51
11, 298, 22
11, 298, 39
11, 298, 41
11, 300, 16
11, 305, 7
11, 305, 8
11, 305, 27
11, 306, 38
11, 307, 17
11, 311, 5
11, 322, 21
11, 326, 2
11, 329, 11
11, 330, 53
11, 331, 18
11, 335, 42
11, 337, 2
11, 346, 23
11, 347, 12
11, 348, 33
11, 349, 37
11, 350, 29
11, 355, 31
11, 358, 3
11, 358, 46
11, 361, 18
11, 362, 28
11, 368, 38
11, 371, 17
11, 372, 6
11, 374, 20
11, 376, 38
11, 382, 52
11, 383, 22
11, 383, 26
11, 385, 6
11, 388, 29
11, 388, 39
11, 392, 10
11, 392, 28
11, 394, 45
12, 4, 31
12, 5, 17
12, 9, 51
12, 13, 39
12, 17, 19
12, 21, 34
12, 28, 15
12, 34, 18
12, 34, 27
12, 35, 48
12, 36, 42
12, 38, 23
12, 41, 14
12, 41, 36
12, 41, 50
12, 42, 35
12, 47, 24
12, 49, 48
12, 50, 56
12, 53, 26
12, 59, 30
12, 61, 12
12, 61, 29
12, 63, 41
12, 65, 1
12, 65, 47
12, 68, 39
12, 69, 4
12, 69, 11
12, 70, 1
12, 73, 21
12, 77, 12
12, 77, 15
12, 77, 46
12, 79, 5
12, 81, 12
12, 83, 52
12, 83, 53
12, 87, 19
12, 91, 10
12, 91, 32
12, 92, 40
12, 94, 14
12, 94, 50
12, 96, 45
12, 97, 25
12, 99, 47
12, 100, 31
12, 107, 13
12, 107, 49
12, 111, 31
12, 111, 37
12, 112, 42
12, 115, 18
12, 118, 37
12, 120, 7
12, 121, 10
12, 125, 27
12, 135, 33
12, 136, 41
12, 138, 23
12, 139, 3
12, 139, 15
12, 140, 12
12, 140, 38
12, 144, 19
12, 149, 32
12, 151, 6
12, 154, 53
12, 160, 49
12, 162, 21
12, 163, 4
12, 165, 40
12, 166, 18
12, 170, 12
12, 172, 19
12, 175, 1
12, 175, 38
12, 176, 34
12, 177, 1
12, 177, 11
12, 182, 46
12, 183, 29
12, 185, 10
12, 186, 12
12, 186, 42
12, 188, 15
12, 189, 14
12, 193, 20
12, 194, 41
12, 195, 5
12, 196, 17
12, 196, 21
12, 198, 5
12, 198, 26
12, 198, 48
12, 201, 54
12, 201, 56
12, 203, 7
12, 203, 20
12, 204, 27
12, 206, 14
12, 207, 36
12, 209, 44
12, 209, 45
12, 211, 30
12, 216, 42
12, 219, 33
12, 220, 6
12, 220, 27
12, 225, 53
12, 230, 20
12, 230, 50
12, 232, 56
12, 234, 24
12, 242, 50
12, 243, 42
12, 246, 29
12, 246, 41
12, 249, 31
12, 251, 23
12, 254, 10
12, 254, 18
12, 254, 53
12, 258, 38
12, 261, 33
12, 262, 35
12, 270, 4
12, 272, 1
12, 278, 5
12, 280, 11
12, 281, 40
12, 282, 54
12, 283, 36
12, 289, 39
12, 292, 17
12, 294, 37
12, 296, 21
12, 296, 33
12, 300, 18
12, 304, 32
12, 306, 4
12, 306, 22
12, 307, 47
12, 308, 37
12, 310, 36
12, 311, 15
12, 311, 50
12, 312, 7
12, 313, 34
12, 316, 22
12, 319, 14
12, 319, 30
12, 321, 7
12, 324, 45
12, 328, 26
12, 329, 49
12, 330, 56
12, 333, 1
12, 333, 4
12, 341, 19
12, 341, 20
12, 342, 47
12, 343, 49
12, 344, 10
12, 347, 20
12, 360, 17
12, 361, 53
12, 363, 33
12, 365, 15
12, 372, 6
12, 373, 30
12, 374, 34
12, 375, 1
12, 375, 37
12, 377, 33
12, 379, 4
12, 379, 37
12, 380, 23
12, 380, 29
12, 380, 50
12, 380, 56
12, 381, 12
12, 382, 45
12, 385, 5
12, 385, 23
12, 392, 52
12, 398, 46
13, 6, 26
13, 10, 18
13, 10, 27
13, 12, 55
13, 13, 6
13, 14, 48
13, 21, 19
13, 23, 44
13, 26, 8
13, 27, 45
13, 28, 36
13, 31, 38
13, 33, 49
13, 35, 10
13, 36, 1
13, 44, 11
13, 47, 23
13, 50, 4
13, 50, 48
13, 52, 47
13, 62, 16
13, 67, 5
13, 69, 34
13, 70, 21
13, 71, 50
13, 73, 17
13, 77, 14
13, 90, 23
13, 94, 54
13, 99, 11
13, 99, 38
13, 106, 33
13, 107, 3
13, 108, 26
13, 110, 8
13, 110, 13
13, 113, 44
13, 116, 11
13, 121, 30
13, 124, 49
13, 129, 5
13, 129, 6
13, 131, 2
13, 132, 36
13, 134, 12
13, 135, 47
13, 135, 54
13, 137, 8
13, 138, 55
13, 143, 14
13, 143, 27
13, 144, 35
13, 149, 16
13, 150, 48
13, 160, 49
13, 164, 17
13, 167, 21
13, 173, 25
13, 173, 29
13, 174, 54
13, 175, 5
13, 177, 45
13, 179, 4
13, 179, 10
13, 179, 24
13, 181, 50
13, 184, 3
13, 185, 18
13, 193, 34
13, 196, 11
13, 199, 51
13, 199, 55
13, 200, 17
13, 200, 33
13, 205, 42
13, 209, 37
13, 216, 13
13, 217, 35
13, 218, 21
13, 219, 23
13, 226, 26
13, 227, 44
13, 233, 12
13, 235, 33
13, 235, 58
13, 239, 21
13, 240, 1
13, 241, 30
13, 244, 16
13, 248, 39
13, 250, 7
13, 252, 35
13, 253, 6
13, 254, 16
13, 255, 8
13, 258, 7
13, 262, 14
13, 263, 10
13, 264, 14
13, 272, 36
13, 278, 50
13, 279, 19
13, 280, 27
13, 284, 49
13, 285, 11
13, 287, 6
13, 293, 48
13, 295, 2
13, 295, 4
13, 296, 55
13, 303, 28
13, 304, 45
13, 307, 18
13, 315, 17
13, 317, 24
13, 317, 38
13, 321, 32
13, 322, 29
13, 323, 28
13, 326, 55
13, 329, 51
13, 331, 37
13, 333, 32
13, 338, 8
13, 340, 1
13, 342, 37
13, 345, 44
13, 345, 49
13, 351, 32
13, 353, 7
13, 355, 39
13, 355, 58
13, 357, 42
13, 359, 12
13, 367, 14
13, 367, 23
13, 368, 42
13, 370, 50
13, 371, 26
13, 372, 45
13, 378, 46
13, 379, 3
13, 381, 16
13, 383, 30
13, 384, 37
13, 389, 45
13, 391, 6
13, 392, 21
13, 392, 35
13, 399, 12
14, 1, 8
14, 3, 44
14, 4, 33
14, 8, 34
14, 10, 14
14, 11, 47
14, 12, 2
14, 14, 32
14, 18, 40
14, 19, 5
14, 25, 15
14, 25, 43
14, 28, 8
14, 30, 4
14, 32, 23
14, 33, 3
14, 33, 6
14, 36, 54
14, 37, 7
14, 38, 33
14, 43, 8
14, 44, 30
14, 45, 41
14, 46, 44
14, 53, 55
14, 55, 5
14, 56, 24
14, 58, 16
14, 60, 31
14, 61, 17
14, 61, 56
14, 62, 28
14, 65, 2
14, 65, 11
14, 67, 17
14, 67, 18
14, 70, 29
14, 72, 1
14, 72, 42
14, 73, 23
14, 78, 19
14, 78, 30
14, 81, 48
14, 83, 59
14, 85, 4
14, 90, 9
14, 90, 37
14, 91, 23
14, 96, 15
14, 97, 51
14, 98, 15
14, 100, 16
14, 100, 32
14, 101, 19
14, 103, 13
14, 103, 58
14, 104, 3
14, 105, 6
14, 105, 52
14, 111, 47
14, 112, 18
14, 112, 22
14, 112, 35
14, 116, 7
14, 122, 5
14, 124, 44
14, 124, 45
14, 126, 20
14, 129, 24
14, 131, 40
14, 132, 4
14, 133, 19
14, 139, 28
14, 142, 8
14, 147, 7
14, 149, 11
14, 149, 24
14, 155, 55
14, 156, 22
14, 158, 42
14, 159, 3
14, 167, 22
14, 168, 29
14, 169, 41
14, 170, 30
14, 170, 54
14, 171, 15
14, 177, 33
14, 181, 14
14, 188, 9
14, 188, 42
14, 191, 38
14, 194, 4
14, 196, 43
14, 199, 2
14, 201, 21
14, 203, 2
14, 203, 35
14, 203, 48
14, 203, 58
14, 205, 18
14, 206, 41
14, 207, 30
14, 207, 62
14, 209, 13
14, 210, 34
14, 211, 8
14, 213, 5
14, 213, 16
14, 214, 56
14, 215, 48
14, 216, 53
14, 218, 9
14, 221, 4
14, 224, 17
14, 224, 52
14, 230, 49
14, 235, 9
14, 236, 6
14, 239, 39
14, 239, 51
14, 240, 2
14, 240, 31
14, 241, 7
14, 242, 34
14, 244, 3
14, 245, 23
14, 245, 35
14, 253, 13
14, 254, 13
14, 257, 22
14, 259, 19
14, 259, 32
14, 259, 39
14, 261, 51
14, 262, 24
14, 264, 30
14, 266, 24
14, 271, 35
14, 273, 11
14, 275, 18
14, 276, 3
14, 278, 40
14, 280, 28
14, 282, 38
14, 286, 17
14, 290, 39
14, 290, 55
14, 290, 58
14, 292, 44
14, 295, 45
14, 297, 55
14, 304, 33
14, 307, 29
14, 308, 48
14, 313, 22
14, 316, 54
14, 317, 36
14, 319, 19
14, 326, 23
14, 329, 34
14, 329, 52
14, 330, 34
14, 332, 24
14, 333, 28
14, 338, 58
14, 338, 62
14, 339, 16
14, 340, 9
14, 340, 38
14, 340, 54
14, 343, 21
14, 345, 8
14, 348, 20
14, 348, 24
14, 352, 49
14, 355, 40
14, 355, 59
14, 358, 28
14, 362, 13
14, 367, 17
14, 368, 30
14, 369, 40
14, 371, 32
14, 372, 57
14, 374, 39
14, 376, 56
14, 377, 45
14, 380, 22
14, 380, 59
14, 389, 42
14, 389, 43
14, 392, 48
14, 393, 9
14, 396, 1
14, 397, 18
14, 397, 55
14, 398, 35
15, 1, 41
15, 7, 11
15, 7, 55
15, 12, 22
15, 17, 6
15, 17, 8
15, 18, 15
15, 24, 49
15, 25, 24
15, 26, 25
15, 26, 50
15, 28, 34
15, 30, 25
15, 33, 20
15, 33, 51
15, 35, 29
15, 40, 38
15, 46, 36
15, 49, 33
15, 53, 30
15, 58, 25
15, 58, 26
15, 59, 32
15, 62, 21
15, 64, 40
15, 65, 22
15, 69, 5
15, 69, 55
15, 70, 31
15, 73, 47
15, 73, 48
15, 77, 12
15, 77, 57
15, 78, 40
15, 84, 15
15, 85, 27
15, 88, 43
15, 89, 19
15, 90, 18
15, 93, 13
15, 94, 2
15, 97, 38
15, 97, 59
15, 98, 24
15, 99, 10
15, 99, 16
15, 100, 49
15, 102, 1
15, 102, 6
15, 103, 11
15, 103, 41
15, 105, 29
15, 105, 34
15, 106, 12
15, 121, 3
15, 124, 8
15, 124, 47
15, 125, 2
15, 133, 54
15, 134, 33
15, 135, 9
15, 138, 52
15, 144, 49
15, 148, 6
15, 149, 45
15, 155, 28
15, 156, 44
15, 161, 51
15, 163, 30
15, 163, 44
15, 168, 15
15, 169, 24
15, 171, 37
15, 177, 14
15, 178, 44
15, 178, 53
15, 184, 54
15, 185, 5
15, 187, 12
15, 187, 18
15, 187, 29
15, 188, 21
15, 188, 26
15, 192, 25
15, 192, 32
15, 196, 41
15, 199, 15
15, 201, 7
15, 203, 25
15, 206, 3
15, 206, 38
15, 209, 11
15, 210, 50
15, 211, 9
15, 213, 49
15, 216, 40
15, 217, 36
15, 220, 13
15, 220, 29
15, 222, 11
15, 226, 48
15, 231, 28
15, 232, 25
15, 238, 2
15, 238, 22
15, 239, 18
15, 244, 51
15, 248, 19
15, 248, 34
15, 249, 12
15, 249, 55
15, 252, 7
15, 255, 20
15, 255, 51
15, 256, 16
15, 257, 10
15, 258, 43
15, 263, 14
15, 263, 27
15, 264, 5
15, 264, 31
15, 267, 54
15, 268, 28
15, 276, 33
15, 279, 27
15, 279, 47
15, 281, 57
15, 282, 15
15, 282, 53
15, 286, 51
15, 291, 26
15, 294, 52
15, 294, 53
15, 297, 9
15, 304, 10
15, 304, 55
15, 307, 47
15, 307, 59
15, 310, 37
15, 312, 51
15, 315, 16
15, 316, 12
15, 316, 38
15, 321, 55
15, 328, 11
15, 337, 3
15, 337, 16
15, 338, 28
15, 340, 6
15, 340, 50
15, 342, 21
15, 342, 29
15, 345, 41
15, 347, 5
15, 347, 16
15, 350, 25
15, 352, 40
15, 353, 45
15, 354, 32
15, 355, 24
15, 357, 36
15, 358, 38
15, 361, 1
15, 370, 12
15, 370, 40
15, 374, 2
15, 378, 31
15, 379, 26
15, 388, 18
15, 388, 27
15, 390, 19
15, 390, 47
15, 392, 15
15, 398, 10
16, 1, 38
16, 3, 47
16, 5, 1
16, 5, 20
16, 8, 15
16, 10, 44
16, 11, 46
16, 12, 16
16, 14, 27
16, 17, 56
16, 19, 14
16, 19, 28
16, 20, 20
16, 21, 36
16, 22, 31
16, 28, 23
16, 33, 22
16, 33, 37
16, 38, 18
16, 38, 21
16, 42, 51
16, 43, 10
16, 44, 37
16, 47, 2
16, 47, 42
16, 48, 25
16, 52, 43
16, 56, 45
16, 61, 35
16, 62, 27
16, 63, 8
16, 63, 56
16, 66, 41
16, 68, 53
16, 69, 37
16, 77, 31
16, 80, 27
16, 81, 16
16, 82, 29
16, 84, 33
16, 84, 37
16, 84, 52
16, 88, 10
16, 97, 37
16, 100, 38
16, 104, 48
16, 108, 44
16, 109, 32
16, 112, 26
16, 114, 36
16, 114, 47
16, 117, 4
16, 120, 30
16, 122, 1
16, 122, 20
16, 126, 46
16, 129, 35
16, 130, 17
16, 131, 41
16, 132, 24
16, 134, 31
16, 134, 41
16, 136, 29
16, 138, 25
16, 145, 18
16, 146, 20
16, 146, 39
16, 148, 14
16, 151, 40
16, 153, 16
16, 154, 8
16, 158, 8
16, 159, 45
16, 166, 33
16, 169, 1
16, 178, 12
16, 178, 44
16, 179, 2
16, 181, 27
16, 182, 23
16, 182, 42
16, 187, 13
16, 189, 24
16, 194, 16
16, 196, 39
16, 201, 30
16, 202, 17
16, 205, 1
16, 207, 35
16, 208, 25
16, 208, 56
16, 212, 21
16, 213, 49
16, 214, 43
16, 216, 52
16, 218, 11
16, 221, 20
16, 221, 36
16, 223, 28
16, 225, 46
16, 226, 4
16, 226, 44
16, 228, 21
16, 231, 12
16, 232, 37
16, 233, 10
16, 234, 14
16, 234, 43
16, 234, 51
16, 235, 37
16, 240, 22
16, 244, 27
16, 245, 26
16, 253, 53
16, 255, 3
16, 259, 11
16, 261, 49
16, 263, 41
16, 267, 47
16, 270, 38
16, 271, 25
16, 274, 48
16, 275, 30
16, 283, 40
16, 284, 2
16, 287, 20
16, 288, 33
16, 289, 45
16, 290, 5
16, 290, 46
16, 293, 11
16, 293, 47
16, 296, 8
16, 301, 26
16, 303, 42
16, 305, 11
16, 306, 13
16, 306, 31
16, 307, 16
16, 307, 36
16, 313, 40
16, 314, 49
16, 315, 9
16, 315, 28
16, 319, 45
16, 321, 42
16, 329, 41
16, 330, 26
16, 334, 23
16, 337, 19
16, 340, 37
16, 349, 13
16, 355, 46
16, 355, 47
16, 356, 25
16, 356, 39
16, 356, 48
16, 358, 43
16, 359, 1
16, 360, 3
16, 366, 17
16, 367, 35
16, 370, 2
16, 373, 52
16, 377, 12
16, 377, 14
16, 377, 53
16, 378, 16
16, 386, 38
16, 387, 45
16, 388, 30
16, 396, 20
17, 4, 52
17, 6, 40
17, 7, 8
17, 8, 24
17, 10, 58
17, 11, 24
17, 13, 31
17, 14, 39
17, 16, 26
17, 17, 50
17, 20, 43
17, 21, 16
17, 29, 18
17, 30, 9
17, 30, 46
17, 31, 36
17, 37, 48
17, 38, 5
17, 38, 36
17, 39, 2
17, 41, 40
17, 42, 19
17, 44, 28
17, 46, 27
17, 49, 17
17, 51, 39
17, 54, 7
17, 57, 14
17, 58, 21
17, 59, 38
17, 61, 4
17, 61, 44
17, 65, 25
17, 73, 23
17, 80, 13
17, 81, 2
17, 84, 8
17, 88, 19
17, 91, 33
17, 93, 2
17, 93, 8
17, 95, 11
17, 97, 9
17, 101, 16
17, 105, 19
17, 107, 52
17, 114, 33
17, 117, 19
17, 117, 43
17, 120, 54
17, 121, 10
17, 121, 29
17, 121, 35
17, 121, 41
17, 122, 14
17, 123, 52
17, 124, 40
17, 127, 13
17, 134, 5
17, 138, 47
17, 139, 5
17, 140, 16
17, 144, 41
17, 148, 15
17, 150, 39
17, 151, 13
17, 152, 3
17, 152, 50
17, 156, 10
17, 156, 53
17, 157, 18
17, 157, 48
17, 160, 44
17, 161, 17
17, 165, 4
17, 165, 24
17, 165, 47
17, 168, 21
17, 171, 4
17, 172, 7
17, 176, 4
17, 176, 9
17, 180, 3
17, 180, 13
17, 180, 54
17, 183, 21
17, 190, 3
17, 190, 23
17, 192, 52
17, 193, 14
17, 195, 36
17, 196, 25
17, 199, 17
17, 199, 40
17, 201, 19
17, 201, 35
17, 207, 26
17, 207, 50
17, 216, 24
17, 216, 27
17, 225, 26
17, 225, 41
17, 228, 46
17, 229, 33
17, 229, 56
17, 230, 8
17, 234, 7
17, 236, 43
17, 239, 6
17, 242, 38
17, 243, 5
17, 255, 5
17, 255, 27
17, 257, 29
17, 261, 35
17, 263, 13
17, 263, 16
17, 263, 50
17, 271, 28
17, 272, 11
17, 274, 53
17, 275, 5
17, 275, 15
17, 275, 19
17, 277, 18
17, 278, 25
17, 280, 18
17, 282, 56
17, 283, 33
17, 284, 47
17, 287, 48
17, 289, 56
17, 290, 23
17, 292, 9
17, 294, 22
17, 294, 40
17, 300, 16
17, 309, 2
17, 309, 33
17, 311, 43
17, 312, 17
17, 314, 7
17, 314, 41
17, 315, 3
17, 321, 35
17, 322, 10
17, 323, 53
17, 326, 48
17, 333, 14
17, 333, 16
17, 339, 8
17, 341, 24
17, 344, 44
17, 345, 53
17, 347, 47
17, 350, 13
17, 351, 2
17, 352, 52
17, 354, 58
17, 355, 24
17, 355, 44
17, 355, 53
17, 358, 8
17, 359, 31
17, 362, 54
17, 363, 26
17, 363, 27
17, 368, 6
17, 368, 39
17, 369, 56
17, 370, 32
17, 376, 44
17, 381, 17
17, 381, 50
17, 385, 23
17, 387, 5
17, 387, 6
17, 389, 51
17, 392, 33
17, 393, 9
18, 1, 26
18, 13, 31
18, 14, 5
18, 18, 54
18, 19, 1
18, 19, 18
18, 22, 22
18, 24, 33
18, 29, 14
18, 31, 52
18, 32, 38
18, 33, 33
18, 35, 43
18, 37, 17
18, 37, 25
18, 38, 14
18, 39, 26
18, 41, 33
18, 52, 7
18, 53, 1
18, 54, 2
18, 56, 11
18, 61, 4
18, 61, 13
18, 62, 47
18, 66, 25
18, 68, 23
18, 68, 41
18, 68, 44
18, 71, 23
18, 72, 41
18, 73, 49
18, 73, 53
18, 75, 14
18, 75, 45
18, 76, 2
18, 80, 2
18, 81, 22
18, 82, 40
18, 83, 50
18, 84, 38
18, 86, 25
18, 89, 28
18, 90, 12
18, 92, 6
18, 92, 57
18, 94, 30
18, 94, 53
18, 97, 20
18, 97, 29
18, 106, 51
18, 107, 21
18, 109, 9
18, 112, 51
18, 114, 30
18, 121, 4
18, 125, 57
18, 133, 23
18, 134, 38
18, 141, 8
18, 145, 45
18, 150, 54
18, 151, 25
18, 151, 33
18, 154, 47
18, 156, 9
18, 157, 41
18, 159, 33
18, 162, 52
18, 163, 5
18, 165, 7
18, 166, 34
18, 167, 3
18, 172, 50
18, 176, 47
18, 180, 51
18, 182, 31
18, 184, 46
18, 186, 41
18, 187, 11
18, 188, 4
18, 194, 45
18, 195, 2
18, 197, 9
18, 197, 37
18, 199, 44
18, 200, 3
18, 202, 26
18, 203, 15
18, 208, 40
18, 212, 1
18, 212, 33
18, 212, 57
18, 213, 7
18, 213, 14
18, 213, 31
18, 215, 24
18, 217, 45
18, 218, 11
18, 220, 49
18, 222, 6
18, 222, 18
18, 223, 10
18, 226, 20
18, 229, 37
18, 231, 24
18, 236, 7
18, 236, 23
18, 237, 12
18, 237, 20
18, 243, 1
18, 244, 22
18, 248, 13
18, 251, 50
18, 252, 43
18, 253, 6
18, 253, 53
18, 259, 24
18, 263, 40
18, 273, 54
18, 274, 23
18, 274, 31
18, 274, 38
18, 274, 47
18, 278, 15
18, 279, 8
18, 280, 33
18, 286, 47
18, 291, 15
18, 297, 21
18, 297, 52
18, 298, 29
18, 300, 15
18, 300, 34
18, 304, 8
18, 306, 3
18, 309, 30
18, 309, 50
18, 311, 30
18, 315, 9
18, 315, 37
18, 315, 47
18, 316, 13
18, 320, 32
18, 327, 23
18, 327, 51
18, 328, 45
18, 329, 7
18, 332, 18
18, 332, 55
18, 333, 49
18, 334, 14
18, 335, 41
18, 343, 22
18, 344, 20
18, 345, 25
18, 347, 2
18, 347, 5
18, 347, 30
18, 349, 11
18, 355, 1
18, 357, 25
18, 357, 57
18, 360, 54
18, 361, 11
18, 363, 43
18, 365, 28
18, 367, 2
18, 371, 52
18, 372, 12
18, 372, 31
18, 373, 47
18, 374, 31
18, 378, 18
18, 383, 3
18, 385, 24
18, 385, 29
18, 389, 2
18, 389, 4
18, 393, 23
18, 398, 15
18, 399, 9
19, 6, 47
19, 7, 34
19, 12, 3
19, 12, 40
19, 19, 28
19, 22, 16
19, 22, 25
19, 29, 41
19, 30, 4
19, 30, 11
19, 30, 52
19, 33, 41
19, 35, 57
19, 39, 3
19, 40, 44
19, 47, 20
19, 52, 21
19, 53, 53
19, 56, 42
19, 58, 55
19, 59, 23
19, 62, 25
19, 66, 36
19, 68, 32
19, 69, 20
19, 71, 14
19, 72, 18
19, 72, 56
19, 74, 31
19, 75, 11
19, 75, 56
19, 81, 27
19, 82, 46
19, 84, 5
19, 86, 28
19, 92, 44
19, 95, 34
19, 105, 14
19, 106, 54
19, 107, 41
19, 109, 6
19, 112, 35
19, 116, 25
19, 119, 18
19, 123, 1
19, 126, 20
19, 127, 1
19, 132, 3
19, 139, 13
19, 144, 42
19, 145, 22
19, 146, 44
19, 151, 9
19, 152, 52
19, 155, 2
19, 155, 7
19, 156, 35
19, 157, 4
19, 157, 17
19, 161, 31
19, 162, 23
19, 165, 41
19, 167, 47
19, 171, 28
19, 173, 56
19, 174, 34
19, 174, 44
19, 174, 49
19, 175, 32
19, 178, 27
19, 182, 32
19, 184, 42
19, 192, 45
19, 195, 16
19, 195, 32
19, 198, 7
19, 205, 38
19, 208, 21
19, 216, 47
19, 218, 5
19, 221, 35
19, 221, 41
19, 230, 21
19, 232, 25
19, 236, 18
19, 237, 28
19, 239, 11
19, 241, 39
19, 247, 23
19, 250, 31
19, 251, 17
19, 254, 27
19, 255, 53
19, 256, 54
19, 264, 11
19, 270, 6
19, 275, 3
19, 277, 14
19, 277, 46
19, 278, 49
19, 279, 55
19, 285, 42
19, 286, 1
19, 288, 36
19, 298, 21
19, 300, 16
19, 302, 4
19, 302, 17
19, 304, 32
19, 305, 27
19, 308, 47
19, 309, 16
19, 314, 38
19, 315, 22
19, 317, 42
19, 321, 13
19, 324, 34
19, 325, 2
19, 325, 9
19, 342, 14
19, 344, 1
19, 350, 28
19, 355, 45
19, 360, 16
19, 362, 41
19, 369, 42
19, 371, 49
19, 384, 18
19, 386, 39
19, 387, 5
19, 392, 4
19, 399, 38
