1, 6, 58
1, 23, 40
1, 28, 4
1, 30, 25
1, 38, 47
1, 54, 37
1, 55, 51
1, 56, 1
1, 61, 13
1, 62, 12
1, 80, 10
1, 88, 25
1, 88, 48
1, 96, 4
1, 96, 18
1, 97, 8
1, 101, 47
1, 111, 40
1, 114, 31
1, 128, 13
1, 129, 20
1, 142, 8
1, 149, 25
1, 153, 15
1, 161, 51
1, 164, 31
1, 184, 40
1, 186, 58
1, 191, 43
1, 195, 45
1, 204, 51
1, 221, 37
1, 232, 1
1, 250, 48
1, 254, 25
1, 260, 66
1, 266, 10
1, 285, 47
1, 286, 45
1, 297, 4
1, 297, 15
1, 307, 58
1, 322, 43
1, 331, 12
1, 331, 20
1, 334, 51
1, 348, 8
1, 349, 25
1, 363, 31
1, 371, 48
1, 373, 34
1, 393, 66
1, 396, 15
1, 396, 45
2, 1, 7
2, 2, 59
2, 7, 18
2, 11, 33
2, 26, 15
2, 37, 22
2, 41, 37
2, 42, 26
2, 43, 3
2, 51, 42
2, 51, 45
2, 57, 53
2, 65, 52
2, 70, 13
2, 75, 29
2, 81, 35
2, 82, 9
2, 84, 45
2, 87, 24
2, 89, 42
2, 92, 20
2, 97, 10
2, 98, 30
2, 110, 21
2, 113, 38
2, 122, 13
2, 126, 1
2, 126, 34
2, 126, 37
2, 127, 24
2, 129, 15
2, 130, 19
2, 131, 33
2, 134, 53
2, 137, 45
2, 138, 36
2, 154, 18
2, 157, 44
2, 160, 42
2, 165, 5
2, 165, 26
2, 167, 7
2, 176, 35
2, 195, 19
2, 197, 20
2, 197, 29
2, 200, 19
2, 202, 10
2, 202, 38
2, 204, 45
2, 216, 26
2, 226, 33
2, 226, 36
2, 228, 15
2, 235, 52
2, 246, 30
2, 246, 37
2, 257, 38
2, 264, 22
2, 264, 24
2, 268, 13
2, 269, 26
2, 280, 53
2, 285, 26
2, 292, 42
2, 296, 34
2, 298, 34
2, 301, 3
2, 306, 29
2, 322, 9
2, 322, 36
2, 324, 22
2, 331, 10
2, 332, 19
2, 335, 7
2, 337, 30
2, 344, 15
2, 348, 5
2, 348, 21
2, 350, 45
2, 351, 26
2, 352, 59
2, 354, 1
2, 359, 35
2, 364, 18
2, 373, 10
2, 382, 13
2, 384, 29
2, 389, 34
2, 390, 20
2, 396, 13
2, 396, 21
2, 399, 53
3, 9, 19
3, 13, 14
3, 14, 43
3, 20, 24
3, 21, 34
3, 27, 60
3, 35, 5
3, 42, 28
3, 53, 21
3, 66, 35
3, 69, 34
3, 70, 58
3, 71, 16
3, 87, 39
3, 89, 52
3, 91, 36
3, 93, 5
3, 122, 5
3, 126, 50
3, 127, 19
3, 141, 41
3, 141, 43
3, 146, 22
3, 159, 58
3, 165, 35
3, 168, 21
3, 174, 14
3, 177, 24
3, 178, 39
3, 179, 60
3, 181, 45
3, 185, 36
3, 185, 44
3, 190, 34
3, 205, 50
3, 206, 56
3, 210, 28
3, 242, 19
3, 243, 60
3, 249, 19
3, 255, 41
3, 265, 44
3, 265, 52
3, 267, 5
3, 285, 11
3, 286, 38
3, 294, 28
3, 301, 36
3, 306, 35
3, 311, 24
3, 316, 60
3, 320, 43
3, 322, 44
3, 336, 58
3, 349, 35
3, 357, 56
3, 359, 50
3, 369, 5
3, 374, 39
3, 376, 19
3, 382, 34
4, 4, 54
4, 8, 46
4, 11, 36
4, 34, 39
4, 38, 1
4, 41, 47
4, 52, 32
4, 66, 29
4, 82, 37
4, 97, 39
4, 104, 48
4, 105, 55
4, 106, 32
4, 109, 13
4, 133, 29
4, 142, 36
4, 142, 46
4, 143, 54
4, 148, 32
4, 151, 39
4, 153, 31
4, 162, 52
4, 178, 47
4, 186, 31
4, 194, 13
4, 222, 13
4, 227, 46
4, 254, 17
4, 258, 46
4, 261, 39
4, 262, 1
4, 269, 36
4, 274, 32
4, 278, 54
4, 286, 29
4, 291, 37
4, 297, 52
4, 322, 13
4, 333, 37
4, 347, 48
4, 348, 29
4, 357, 17
4, 366, 36
4, 390, 49
4, 391, 1
4, 391, 29
4, 392, 46
5, 2, 7
5, 9, 1
5, 11, 11
5, 15, 25
5, 16, 56
5, 20, 27
5, 21, 47
5, 44, 4
5, 45, 16
5, 50, 38
5, 61, 26
5, 63, 18
5, 69, 43
5, 71, 11
5, 75, 60
5, 82, 31
5, 83, 24
5, 85, 47
5, 98, 3
5, 98, 40
5, 99, 16
5, 99, 23
5, 104, 24
5, 112, 58
5, 122, 24
5, 140, 15
5, 141, 1
5, 145, 16
5, 147, 11
5, 148, 55
5, 149, 4
5, 157, 4
5, 171, 38
5, 173, 9
5, 173, 45
5, 178, 11
5, 197, 47
5, 203, 28
5, 208, 31
5, 213, 31
5, 226, 53
5, 230, 23
5, 231, 16
5, 235, 7
5, 246, 5
5, 248, 47
5, 249, 11
5, 256, 27
5, 256, 55
5, 272, 24
5, 282, 56
5, 288, 18
5, 290, 7
5, 290, 21
5, 293, 15
5, 311, 26
5, 311, 31
5, 313, 55
5, 314, 23
5, 317, 9
5, 321, 3
5, 322, 58
5, 325, 23
5, 327, 53
5, 329, 40
5, 337, 38
5, 339, 4
5, 345, 28
5, 352, 16
5, 357, 23
5, 363, 1
5, 363, 60
5, 366, 3
5, 373, 31
5, 377, 27
5, 378, 9
5, 378, 26
5, 380, 11
5, 384, 45
5, 386, 15
5, 388, 5
6, 1, 52
6, 5, 38
6, 11, 35
6, 20, 42
6, 22, 50
6, 25, 40
6, 30, 45
6, 31, 8
6, 46, 18
6, 46, 54
6, 65, 48
6, 66, 20
6, 90, 42
6, 91, 2
6, 94, 10
6, 104, 52
6, 105, 2
6, 115, 8
6, 116, 57
6, 121, 45
6, 123, 48
6, 138, 29
6, 146, 8
6, 162, 38
6, 164, 59
6, 178, 52
6, 184, 40
6, 185, 45
6, 190, 42
6, 191, 14
6, 191, 72
6, 195, 37
6, 197, 62
6, 198, 54
6, 248, 35
6, 249, 38
6, 251, 59
6, 256, 14
6, 263, 54
6, 268, 10
6, 280, 48
6, 284, 29
6, 286, 57
6, 306, 10
6, 312, 50
6, 316, 37
6, 317, 2
6, 319, 20
6, 320, 72
6, 329, 35
6, 334, 48
6, 334, 54
6, 347, 29
6, 350, 2
6, 359, 62
6, 366, 52
6, 374, 8
6, 376, 40
6, 388, 59
6, 394, 35
6, 397, 38
6, 399, 18
7, 1, 40
7, 3, 29
7, 5, 29
7, 8, 18
7, 8, 60
7, 21, 22
7, 28, 2
7, 42, 26
7, 43, 46
7, 46, 21
7, 59, 18
7, 73, 17
7, 80, 4
7, 84, 34
7, 87, 29
7, 97, 15
7, 97, 23
7, 117, 5
7, 121, 29
7, 121, 41
7, 127, 43
7, 128, 22
7, 132, 39
7, 135, 45
7, 136, 36
7, 148, 21
7, 154, 4
7, 154, 51
7, 167, 43
7, 175, 24
7, 175, 40
7, 177, 8
7, 178, 3
7, 184, 60
7, 188, 23
7, 201, 26
7, 203, 50
7, 210, 5
7, 216, 22
7, 216, 29
7, 219, 46
7, 231, 38
7, 234, 41
7, 236, 2
7, 240, 7
7, 256, 23
7, 259, 19
7, 262, 4
7, 273, 34
7, 278, 3
7, 280, 15
7, 292, 36
7, 300, 1
7, 300, 37
7, 303, 5
7, 303, 88
7, 304, 38
7, 306, 26
7, 326, 4
7, 328, 60
7, 329, 18
7, 340, 50
7, 345, 43
7, 349, 14
7, 355, 45
7, 359, 26
7, 368, 41
7, 375, 40
7, 376, 22
7, 391, 23
7, 396, 39
8, 1, 20
8, 3, 31
8, 8, 2
8, 21, 52
8, 26, 15
8, 37, 10
8, 51, 52
8, 56, 6
8, 60, 51
8, 62, 19
8, 67, 41
8, 67, 59
8, 75, 9
8, 77, 2
8, 77, 56
8, 80, 13
8, 81, 33
8, 86, 1
8, 91, 43
8, 92, 26
8, 107, 14
8, 107, 42
8, 114, 20
8, 115, 35
8, 125, 6
8, 125, 47
8, 127, 24
8, 129, 6
8, 137, 20
8, 141, 2
8, 143, 29
8, 157, 52
8, 161, 12
8, 165, 15
8, 169, 43
8, 173, 51
8, 174, 34
8, 187, 39
8, 187, 43
8, 192, 9
8, 193, 10
8, 193, 49
8, 203, 19
8, 209, 7
8, 212, 33
8, 214, 41
8, 217, 14
8, 217, 52
8, 225, 31
8, 229, 43
8, 229, 49
8, 233, 13
8, 238, 26
8, 245, 7
8, 256, 47
8, 265, 24
8, 267, 29
8, 269, 35
8, 269, 42
8, 273, 51
8, 277, 1
8, 278, 53
8, 279, 6
8, 280, 66
8, 283, 14
8, 284, 24
8, 286, 44
8, 287, 56
8, 289, 53
8, 291, 34
8, 293, 49
8, 294, 12
8, 296, 15
8, 296, 35
8, 301, 19
8, 315, 6
8, 323, 29
8, 325, 13
8, 325, 20
8, 327, 41
8, 328, 52
8, 329, 51
8, 331, 33
8, 334, 35
8, 343, 9
8, 347, 47
8, 348, 14
8, 360, 42
8, 363, 12
8, 366, 7
8, 370, 34
8, 373, 44
8, 378, 53
8, 381, 43
8, 382, 24
8, 384, 29
8, 387, 39
8, 387, 41
8, 394, 33
8, 396, 2
9, 5, 48
9, 17, 16
9, 18, 20
9, 28, 37
9, 30, 31
9, 40, 15
9, 40, 21
9, 43, 25
9, 48, 33
9, 65, 7
9, 68, 27
9, 79, 48
9, 89, 13
9, 90, 9
9, 90, 60
9, 91, 40
9, 94, 49
9, 98, 55
9, 102, 21
9, 102, 48
9, 103, 13
9, 107, 39
9, 109, 48
9, 116, 7
9, 140, 33
9, 143, 15
9, 158, 37
9, 173, 25
9, 174, 20
9, 189, 60
9, 191, 31
9, 200, 31
9, 209, 16
9, 218, 55
9, 221, 33
9, 225, 21
9, 227, 39
9, 238, 33
9, 238, 37
9, 241, 49
9, 248, 16
9, 254, 48
9, 273, 55
9, 285, 31
9, 289, 7
9, 291, 21
9, 293, 13
9, 304, 27
9, 332, 49
9, 337, 55
9, 339, 27
9, 345, 37
9, 367, 16
9, 373, 60
9, 379, 48
9, 380, 31
9, 383, 20
9, 384, 15
9, 384, 39
9, 390, 33
10, 2, 11
10, 8, 25
10, 12, 22
10, 21, 25
10, 33, 3
10, 39, 46
10, 46, 53
10, 56, 16
10, 70, 44
10, 74, 50
10, 90, 31
10, 101, 38
10, 102, 51
10, 108, 16
10, 112, 57
10, 133, 11
10, 135, 1
10, 140, 46
10, 144, 54
10, 152, 11
10, 165, 18
10, 166, 50
10, 172, 11
10, 183, 24
10, 184, 25
10, 199, 22
10, 205, 44
10, 211, 11
10, 213, 51
10, 223, 60
10, 229, 53
10, 238, 27
10, 248, 50
10, 261, 3
10, 263, 31
10, 270, 24
10, 276, 57
10, 276, 60
10, 280, 25
10, 282, 38
10, 287, 16
10, 287, 26
10, 299, 11
10, 324, 54
10, 326, 31
10, 332, 18
10, 334, 22
10, 345, 39
10, 353, 11
10, 353, 53
10, 355, 38
10, 361, 1
10, 389, 22
10, 395, 25
10, 396, 26
10, 397, 46
11, 4, 59
11, 8, 4
11, 8, 15
11, 12, 44
11, 19, 57
11, 23, 25
11, 31, 33
11, 32, 29
11, 44, 22
11, 44, 26
11, 47, 63
11, 54, 40
11, 61, 59
11, 67, 12
11, 69, 45
11, 72, 26
11, 72, 42
11, 73, 15
11, 73, 20
11, 75, 8
11, 92, 17
11, 104, 35
11, 104, 46
11, 107, 40
11, 108, 6
11, 110, 44
11, 115, 23
11, 123, 20
11, 132, 29
11, 133, 4
11, 137, 4
11, 138, 15
11, 145, 20
11, 149, 42
11, 149, 47
11, 151, 29
11, 161, 15
11, 162, 26
11, 169, 22
11, 173, 25
11, 183, 57
11, 187, 26
11, 192, 33
11, 193, 45
11, 211, 40
11, 212, 23
11, 214, 17
11, 214, 46
11, 228, 6
11, 237, 59
11, 240, 44
11, 244, 29
11, 245, 17
11, 245, 47
11, 247, 40
11, 254, 63
11, 255, 46
11, 256, 22
11, 256, 57
11, 264, 33
11, 269, 42
11, 270, 12
11, 271, 35
11, 274, 20
11, 283, 25
11, 289, 2
11, 296, 4
11, 296, 59
11, 304, 15
11, 304, 23
11, 311, 45
11, 311, 63
11, 315, 29
11, 324, 8
11, 324, 20
11, 327, 12
11, 330, 40
11, 341, 44
11, 342, 46
11, 350, 17
11, 353, 26
11, 360, 33
11, 371, 47
11, 372, 22
11, 375, 59
11, 377, 25
11, 379, 42
11, 385, 25
12, 4, 11
12, 12, 16
12, 19, 41
12, 21, 9
12, 23, 58
12, 28, 7
12, 28, 16
12, 31, 45
12, 37, 55
12, 41, 44
12, 58, 45
12, 72, 48
12, 72, 51
12, 74, 11
12, 88, 31
12, 96, 22
12, 99, 60
12, 100, 53
12, 102, 55
12, 110, 23
12, 111, 45
12, 123, 32
12, 131, 9
12, 149, 15
12, 149, 55
12, 151, 56
12, 155, 23
12, 160, 44
12, 163, 53
12, 172, 45
12, 183, 1
12, 185, 21
12, 190, 51
12, 208, 58
12, 211, 45
12, 213, 31
12, 214, 55
12, 240, 16
12, 242, 53
12, 244, 13
12, 246, 9
12, 249, 15
12, 252, 9
12, 257, 44
12, 262, 8
12, 268, 41
12, 270, 48
12, 276, 56
12, 278, 7
12, 281, 47
12, 293, 23
12, 297, 60
12, 299, 1
12, 303, 13
12, 324, 7
12, 325, 13
12, 327, 20
12, 329, 53
12, 338, 21
12, 338, 41
12, 345, 1
12, 348, 55
12, 353, 11
12, 358, 32
12, 370, 9
12, 371, 7
12, 371, 49
12, 371, 58
12, 374, 15
12, 384, 1
12, 386, 23
12, 386, 56
12, 387, 31
12, 397, 8
13, 10, 54
13, 13, 45
13, 13, 49
13, 15, 48
13, 18, 14
13, 23, 8
13, 29, 60
13, 30, 30
13, 32, 2
13, 34, 27
13, 56, 4
13, 57, 48
13, 64, 54
13, 78, 7
13, 83, 2
13, 83, 27
13, 84, 37
13, 85, 38
13, 92, 17
13, 103, 51
13, 105, 30
13, 110, 37
13, 124, 44
13, 126, 44
13, 128, 37
13, 129, 2
13, 131, 14
13, 133, 8
13, 136, 27
13, 136, 49
13, 139, 60
13, 147, 17
13, 148, 49
13, 161, 14
13, 166, 4
13, 168, 6
13, 178, 4
13, 178, 51
13, 185, 17
13, 195, 44
13, 202, 60
13, 206, 2
13, 211, 30
13, 215, 60
13, 219, 27
13, 254, 4
13, 258, 54
13, 294, 48
13, 298, 37
13, 299, 17
13, 299, 38
13, 314, 7
13, 314, 30
13, 318, 27
13, 324, 2
13, 337, 36
13, 337, 72
13, 340, 17
13, 346, 51
13, 353, 49
13, 357, 6
13, 358, 14
13, 362, 45
13, 364, 8
13, 370, 60
13, 374, 54
13, 387, 14
13, 395, 4
14, 4, 44
14, 6, 13
14, 14, 61
14, 19, 39
14, 19, 43
14, 28, 22
14, 28, 44
14, 29, 4
14, 29, 49
14, 34, 34
14, 36, 19
14, 37, 25
14, 42, 11
14, 47, 11
14, 51, 42
14, 73, 58
14, 74, 28
14, 77, 9
14, 80, 4
14, 86, 5
14, 86, 13
14, 98, 49
14, 99, 18
14, 101, 37
14, 107, 2
14, 122, 44
14, 145, 34
14, 148, 20
14, 149, 11
14, 149, 61
14, 152, 49
14, 159, 56
14, 161, 44
14, 162, 42
14, 164, 25
14, 165, 34
14, 173, 6
14, 175, 11
14, 177, 19
14, 182, 25
14, 183, 22
14, 190, 42
14, 210, 6
14, 211, 4
14, 212, 18
14, 223, 43
14, 230, 13
14, 235, 58
14, 238, 9
14, 247, 39
14, 252, 28
14, 257, 28
14, 263, 37
14, 266, 58
14, 281, 22
14, 285, 19
14, 287, 34
14, 312, 58
14, 316, 42
14, 320, 18
14, 328, 13
14, 334, 25
14, 345, 61
14, 346, 43
14, 353, 44
14, 356, 41
14, 358, 39
14, 366, 20
14, 368, 49
14, 373, 9
14, 373, 19
14, 375, 11
14, 375, 37
14, 376, 28
14, 378, 4
14, 386, 5
14, 396, 18
14, 396, 61
14, 397, 56
15, 10, 22
15, 26, 24
15, 33, 20
15, 37, 5
15, 42, 4
15, 46, 56
15, 47, 40
15, 50, 35
15, 65, 38
15, 65, 59
15, 78, 33
15, 80, 36
15, 94, 26
15, 95, 4
15, 114, 12
15, 117, 3
15, 120, 1
15, 131, 17
15, 146, 7
15, 153, 40
15, 158, 33
15, 165, 38
15, 174, 20
15, 185, 56
15, 187, 35
15, 196, 6
15, 211, 12
15, 223, 24
15, 225, 36
15, 241, 5
15, 241, 17
15, 241, 38
15, 245, 33
15, 250, 40
15, 271, 22
15, 276, 26
15, 277, 1
15, 277, 20
15, 280, 33
15, 287, 36
15, 300, 24
15, 306, 7
15, 307, 17
15, 307, 56
15, 309, 35
15, 312, 3
15, 336, 6
15, 340, 22
15, 352, 38
15, 363, 40
15, 364, 4
15, 364, 59
15, 372, 5
15, 374, 36
15, 375, 24
15, 382, 1
15, 385, 33
15, 388, 5
15, 388, 56
16, 18, 36
16, 23, 31
16, 23, 47
16, 44, 11
16, 44, 46
16, 45, 28
16, 51, 10
16, 63, 26
16, 71, 40
16, 84, 14
16, 87, 57
16, 88, 36
16, 115, 1
16, 127, 9
16, 139, 41
16, 151, 41
16, 164, 34
16, 167, 49
16, 168, 57
16, 181, 47
16, 186, 31
16, 187, 14
16, 189, 28
16, 190, 40
16, 212, 49
16, 225, 40
16, 227, 47
16, 238, 19
16, 239, 26
16, 245, 47
16, 264, 36
16, 271, 10
16, 273, 57
16, 291, 14
16, 292, 40
16, 292, 47
16, 306, 28
16, 306, 47
16, 315, 49
16, 320, 34
16, 337, 36
16, 340, 1
16, 360, 57
16, 379, 41
16, 382, 47
16, 384, 9
16, 391, 36
16, 398, 49
17, 10, 31
17, 16, 62
17, 18, 20
17, 33, 13
17, 35, 4
17, 39, 11
17, 41, 17
17, 42, 1
17, 42, 43
17, 56, 30
17, 59, 2
17, 65, 42
17, 71, 16
17, 76, 24
17, 88, 54
17, 89, 6
17, 89, 60
17, 91, 62
17, 92, 43
17, 94, 48
17, 96, 47
17, 111, 28
17, 113, 10
17, 116, 4
17, 116, 36
17, 121, 4
17, 123, 13
17, 134, 50
17, 135, 1
17, 142, 54
17, 145, 13
17, 149, 42
17, 165, 43
17, 166, 22
17, 170, 31
17, 177, 17
17, 179, 39
17, 191, 18
17, 197, 18
17, 199, 62
17, 200, 42
17, 203, 11
17, 212, 54
17, 212, 57
17, 214, 24
17, 214, 48
17, 223, 10
17, 234, 49
17, 235, 2
17, 239, 28
17, 241, 24
17, 244, 16
17, 249, 36
17, 249, 50
17, 255, 10
17, 265, 13
17, 267, 22
17, 274, 43
17, 275, 47
17, 279, 12
17, 282, 4
17, 288, 10
17, 290, 62
17, 295, 30
17, 297, 60
17, 302, 2
17, 308, 50
17, 312, 1
17, 314, 4
17, 314, 31
17, 321, 28
17, 324, 39
17, 331, 54
17, 334, 20
17, 335, 42
17, 337, 57
17, 338, 30
17, 339, 13
17, 342, 36
17, 343, 49
17, 347, 18
17, 356, 4
17, 356, 10
17, 357, 24
17, 358, 2
17, 367, 43
17, 369, 30
17, 373, 49
17, 373, 62
17, 380, 17
17, 395, 11
17, 397, 50
18, 5, 49
18, 7, 40
18, 13, 28
18, 19, 25
18, 27, 35
18, 39, 39
18, 48, 61
18, 62, 9
18, 64, 55
18, 68, 15
18, 72, 28
18, 77, 18
18, 83, 48
18, 85, 12
18, 88, 22
18, 107, 40
18, 111, 35
18, 117, 52
18, 118, 16
18, 120, 48
18, 122, 25
18, 143, 22
18, 148, 25
18, 152, 47
18, 162, 22
18, 165, 29
18, 177, 61
18, 185, 22
18, 192, 56
18, 193, 28
18, 193, 49
18, 193, 56
18, 195, 29
18, 210, 28
18, 216, 39
18, 217, 18
18, 223, 35
18, 225, 15
18, 225, 16
18, 225, 17
18, 248, 59
18, 253, 47
18, 257, 14
18, 263, 55
18, 267, 52
18, 268, 44
18, 272, 35
18, 275, 49
18, 278, 16
18, 279, 61
18, 298, 9
18, 304, 22
18, 309, 25
18, 313, 40
18, 317, 18
18, 322, 10
18, 324, 28
18, 325, 47
18, 330, 56
18, 335, 29
18, 355, 47
18, 355, 59
18, 371, 55
18, 372, 61
18, 377, 39
18, 381, 52
18, 392, 28
18, 393, 29
19, 1, 25
19, 3, 3
19, 8, 32
19, 21, 7
19, 28, 53
19, 43, 44
19, 44, 27
19, 46, 29
19, 51, 10
19, 57, 50
19, 58, 17
19, 67, 24
19, 72, 22
19, 74, 57
19, 75, 31
19, 75, 33
19, 78, 25
19, 78, 43
19, 83, 38
19, 93, 33
19, 94, 20
19, 94, 59
19, 99, 8
19, 117, 53
19, 126, 44
19, 129, 24
19, 138, 50
19, 139, 32
19, 149, 27
19, 171, 15
19, 187, 38
19, 193, 25
19, 203, 15
19, 205, 3
19, 214, 54
19, 223, 59
19, 233, 57
19, 242, 10
19, 245, 24
19, 251, 22
19, 257, 31
19, 265, 27
19, 280, 15
19, 285, 7
19, 297, 43
19, 301, 31
19, 307, 50
19, 311, 20
19, 313, 3
19, 313, 41
19, 316, 50
19, 318, 33
19, 322, 44
19, 329, 32
19, 331, 15
19, 343, 10
19, 343, 27
19, 345, 44
19, 345, 53
19, 347, 8
19, 350, 59
19, 355, 25
19, 366, 50
19, 376, 43
19, 384, 22
19, 387, 29
19, 389, 15
19, 391, 10
19, 398, 20
