1, 4, 25
1, 10, 25
1, 11, 10
1, 14, 21
1, 14, 40
1, 15, 36
1, 16, 30
1, 21, 30
1, 24, 25
1, 30, 46
1, 31, 34
1, 45, 19
1, 46, 39
1, 54, 10
1, 55, 16
1, 61, 31
1, 68, 20
1, 76, 10
1, 78, 30
1, 79, 44
1, 90, 2
1, 97, 39
1, 98, 30
1, 105, 48
1, 112, 24
1, 118, 26
1, 121, 36
1, 130, 51
1, 134, 53
1, 136, 25
1, 139, 31
1, 158, 27
1, 163, 34
1, 163, 39
1, 171, 17
1, 188, 21
1, 189, 41
1, 194, 15
1, 196, 52
1, 201, 44
1, 204, 29
1, 209, 30
1, 210, 26
1, 228, 24
1, 233, 13
1, 233, 50
1, 234, 25
1, 238, 41
1, 242, 39
1, 243, 47
1, 253, 19
1, 253, 38
1, 260, 36
1, 265, 20
1, 272, 16
1, 273, 30
1, 275, 2
1, 277, 25
1, 277, 34
1, 280, 21
1, 288, 27
1, 292, 26
1, 299, 17
1, 303, 10
1, 306, 31
1, 306, 32
1, 307, 44
1, 308, 26
1, 312, 25
1, 313, 15
1, 313, 24
1, 317, 52
1, 329, 29
1, 334, 19
1, 341, 40
1, 344, 34
1, 348, 29
1, 364, 32
1, 365, 46
1, 366, 2
1, 371, 10
1, 373, 16
1, 373, 48
1, 379, 13
1, 385, 44
1, 385, 47
1, 390, 33
1, 392, 29
1, 399, 21
2, 1, 9
2, 11, 54
2, 13, 12
2, 15, 21
2, 15, 58
2, 17, 36
2, 23, 46
2, 24, 13
2, 33, 34
2, 34, 31
2, 36, 50
2, 39, 47
2, 41, 16
2, 42, 3
2, 43, 20
2, 43, 22
2, 48, 20
2, 49, 34
2, 57, 28
2, 59, 5
2, 59, 34
2, 60, 17
2, 60, 29
2, 60, 41
2, 67, 27
2, 78, 32
2, 85, 3
2, 96, 38
2, 96, 54
2, 97, 14
2, 107, 40
2, 109, 5
2, 109, 46
2, 115, 44
2, 120, 13
2, 126, 25
2, 127, 24
2, 129, 4
2, 130, 13
2, 135, 24
2, 137, 50
2, 139, 22
2, 147, 9
2, 150, 24
2, 150, 34
2, 155, 58
2, 163, 42
2, 165, 49
2, 169, 36
2, 170, 53
2, 174, 58
2, 176, 43
2, 185, 16
2, 187, 47
2, 188, 29
2, 200, 14
2, 216, 41
2, 223, 20
2, 223, 35
2, 223, 50
2, 225, 15
2, 229, 34
2, 231, 30
2, 232, 38
2, 233, 41
2, 236, 13
2, 243, 27
2, 246, 17
2, 246, 31
2, 247, 23
2, 250, 18
2, 250, 33
2, 253, 7
2, 253, 46
2, 259, 48
2, 268, 9
2, 269, 48
2, 280, 5
2, 285, 55
2, 287, 3
2, 287, 32
2, 290, 22
2, 290, 53
2, 297, 7
2, 297, 38
2, 304, 58
2, 306, 46
2, 319, 15
2, 321, 13
2, 327, 16
2, 327, 53
2, 330, 24
2, 331, 36
2, 333, 40
2, 337, 18
2, 340, 4
2, 341, 41
2, 342, 20
2, 342, 23
2, 347, 7
2, 347, 30
2, 352, 48
2, 353, 40
2, 353, 47
2, 355, 5
2, 355, 55
2, 356, 38
2, 381, 18
2, 382, 33
2, 384, 34
2, 384, 58
2, 393, 35
2, 398, 4
3, 1, 38
3, 3, 24
3, 5, 7
3, 11, 12
3, 11, 19
3, 12, 50
3, 19, 22
3, 20, 1
3, 24, 18
3, 24, 54
3, 27, 40
3, 29, 35
3, 33, 14
3, 33, 43
3, 34, 2
3, 44, 7
3, 45, 39
3, 47, 61
3, 48, 46
3, 53, 49
3, 56, 36
3, 58, 15
3, 61, 48
3, 61, 53
3, 62, 25
3, 63, 19
3, 63, 28
3, 65, 42
3, 67, 33
3, 72, 60
3, 75, 20
3, 79, 51
3, 82, 10
3, 90, 26
3, 90, 28
3, 90, 43
3, 92, 41
3, 96, 12
3, 98, 4
3, 98, 18
3, 99, 21
3, 101, 13
3, 102, 31
3, 110, 1
3, 112, 32
3, 115, 9
3, 117, 53
3, 119, 40
3, 125, 20
3, 136, 46
3, 137, 8
3, 137, 38
3, 141, 49
3, 143, 38
3, 149, 16
3, 149, 25
3, 150, 15
3, 150, 41
3, 151, 33
3, 155, 44
3, 157, 36
3, 159, 18
3, 160, 24
3, 161, 43
3, 161, 45
3, 163, 22
3, 173, 50
3, 176, 50
3, 180, 24
3, 181, 15
3, 181, 31
3, 184, 28
3, 185, 22
3, 192, 48
3, 193, 61
3, 197, 35
3, 202, 42
3, 203, 19
3, 205, 12
3, 209, 9
3, 211, 45
3, 212, 57
3, 214, 28
3, 217, 21
3, 220, 15
3, 222, 10
3, 222, 45
3, 225, 18
3, 225, 24
3, 227, 51
3, 229, 49
3, 230, 25
3, 235, 46
3, 238, 55
3, 256, 45
3, 258, 41
3, 259, 16
3, 267, 53
3, 268, 39
3, 269, 20
3, 276, 36
3, 282, 7
3, 282, 13
3, 287, 33
3, 288, 38
3, 291, 45
3, 293, 24
3, 298, 2
3, 299, 4
3, 303, 38
3, 305, 8
3, 305, 35
3, 310, 57
3, 312, 15
3, 315, 60
3, 323, 18
3, 323, 28
3, 326, 33
3, 330, 41
3, 334, 19
3, 336, 1
3, 337, 54
3, 338, 54
3, 340, 7
3, 343, 16
3, 343, 61
3, 345, 1
3, 346, 25
3, 354, 21
3, 354, 50
3, 356, 22
3, 360, 2
3, 360, 48
3, 362, 18
3, 363, 22
3, 365, 53
3, 369, 49
3, 379, 5
3, 379, 12
3, 380, 39
3, 382, 10
3, 386, 38
3, 389, 51
3, 394, 32
3, 396, 45
3, 398, 26
4, 3, 33
4, 8, 39
4, 9, 7
4, 10, 18
4, 12, 40
4, 17, 27
4, 24, 8
4, 29, 17
4, 33, 53
4, 35, 37
4, 38, 46
4, 43, 36
4, 51, 10
4, 54, 14
4, 59, 48
4, 60, 12
4, 61, 47
4, 63, 15
4, 63, 32
4, 72, 49
4, 76, 6
4, 85, 38
4, 88, 38
4, 89, 15
4, 92, 4
4, 93, 28
4, 95, 53
4, 96, 11
4, 112, 33
4, 112, 46
4, 117, 21
4, 121, 18
4, 121, 47
4, 124, 1
4, 129, 10
4, 137, 29
4, 138, 28
4, 142, 12
4, 142, 46
4, 145, 5
4, 148, 49
4, 149, 36
4, 157, 34
4, 165, 8
4, 168, 39
4, 169, 17
4, 177, 44
4, 179, 49
4, 192, 32
4, 192, 41
4, 194, 53
4, 196, 16
4, 206, 28
4, 207, 17
4, 209, 34
4, 213, 33
4, 215, 38
4, 216, 40
4, 220, 29
4, 220, 37
4, 222, 14
4, 243, 39
4, 252, 4
4, 264, 21
4, 266, 18
4, 269, 46
4, 269, 48
4, 273, 27
4, 276, 15
4, 281, 16
4, 286, 28
4, 291, 36
4, 293, 16
4, 295, 6
4, 295, 21
4, 298, 11
4, 310, 14
4, 315, 53
4, 318, 34
4, 321, 48
4, 324, 7
4, 335, 32
4, 337, 10
4, 340, 5
4, 340, 12
4, 340, 49
4, 342, 21
4, 346, 17
4, 363, 33
4, 364, 44
4, 365, 11
4, 366, 33
4, 370, 27
4, 376, 4
4, 377, 6
4, 390, 47
4, 399, 8
4, 399, 29
5, 1, 28
5, 3, 49
5, 6, 54
5, 7, 38
5, 10, 31
5, 10, 36
5, 12, 7
5, 16, 9
5, 18, 43
5, 19, 31
5, 23, 5
5, 24, 13
5, 25, 41
5, 32, 36
5, 35, 5
5, 35, 14
5, 36, 18
5, 52, 15
5, 52, 32
5, 63, 20
5, 65, 59
5, 66, 16
5, 69, 33
5, 70, 42
5, 71, 1
5, 72, 25
5, 72, 34
5, 73, 3
5, 73, 44
5, 75, 22
5, 78, 12
5, 80, 18
5, 80, 47
5, 82, 13
5, 83, 33
5, 83, 51
5, 87, 21
5, 94, 2
5, 99, 9
5, 99, 24
5, 99, 43
5, 99, 45
5, 109, 37
5, 112, 41
5, 112, 43
5, 114, 11
5, 114, 28
5, 115, 49
5, 119, 5
5, 126, 44
5, 130, 19
5, 131, 20
5, 133, 32
5, 133, 43
5, 134, 6
5, 149, 54
5, 150, 20
5, 151, 19
5, 153, 16
5, 154, 14
5, 155, 7
5, 155, 13
5, 158, 41
5, 159, 45
5, 160, 22
5, 166, 36
5, 167, 24
5, 175, 29
5, 175, 34
5, 176, 35
5, 176, 37
5, 177, 54
5, 178, 21
5, 179, 38
5, 184, 9
5, 187, 55
5, 189, 31
5, 190, 18
5, 190, 44
5, 195, 39
5, 197, 47
5, 198, 18
5, 202, 25
5, 204, 16
5, 209, 29
5, 210, 25
5, 215, 33
5, 217, 15
5, 218, 42
5, 222, 49
5, 236, 44
5, 237, 41
5, 239, 45
5, 240, 12
5, 241, 7
5, 248, 3
5, 250, 25
5, 251, 43
5, 257, 1
5, 257, 28
5, 259, 24
5, 259, 67
5, 260, 32
5, 260, 51
5, 264, 14
5, 265, 22
5, 277, 20
5, 282, 34
5, 288, 31
5, 289, 29
5, 289, 34
5, 291, 21
5, 293, 42
5, 301, 35
5, 302, 2
5, 302, 12
5, 303, 5
5, 305, 3
5, 305, 45
5, 307, 44
5, 309, 16
5, 312, 1
5, 314, 44
5, 314, 54
5, 315, 36
5, 317, 9
5, 320, 67
5, 324, 25
5, 329, 11
5, 333, 3
5, 333, 29
5, 344, 12
5, 350, 7
5, 352, 49
5, 353, 59
5, 357, 31
5, 364, 6
5, 365, 54
5, 366, 19
5, 370, 34
5, 371, 24
5, 372, 41
5, 372, 44
5, 373, 35
5, 378, 37
5, 384, 9
5, 385, 59
5, 387, 29
5, 389, 42
5, 392, 45
5, 396, 18
6, 3, 37
6, 4, 21
6, 13, 44
6, 24, 40
6, 26, 56
6, 28, 2
6, 28, 29
6, 31, 20
6, 31, 23
6, 32, 40
6, 42, 36
6, 43, 3
6, 47, 11
6, 62, 10
6, 63, 53
6, 67, 30
6, 69, 39
6, 72, 1
6, 72, 36
6, 73, 57
6, 78, 5
6, 84, 35
6, 86, 19
6, 90, 46
6, 93, 18
6, 95, 3
6, 95, 6
6, 96, 42
6, 98, 34
6, 102, 8
6, 102, 40
6, 105, 13
6, 108, 37
6, 111, 49
6, 120, 46
6, 123, 10
6, 130, 30
6, 134, 43
6, 135, 15
6, 137, 29
6, 138, 9
6, 138, 35
6, 139, 36
6, 140, 3
6, 140, 24
6, 145, 13
6, 156, 21
6, 160, 56
6, 166, 53
6, 171, 50
6, 172, 55
6, 182, 10
6, 186, 18
6, 189, 46
6, 196, 30
6, 202, 39
6, 203, 45
6, 205, 36
6, 206, 38
6, 206, 54
6, 216, 20
6, 218, 21
6, 218, 44
6, 219, 43
6, 221, 37
6, 225, 50
6, 227, 57
6, 228, 49
6, 228, 56
6, 231, 13
6, 243, 21
6, 245, 26
6, 245, 34
6, 247, 8
6, 251, 40
6, 256, 8
6, 263, 5
6, 264, 15
6, 267, 6
6, 271, 3
6, 274, 53
6, 279, 19
6, 283, 43
6, 286, 31
6, 287, 23
6, 287, 42
6, 288, 46
6, 294, 13
6, 295, 11
6, 295, 46
6, 302, 53
6, 303, 9
6, 304, 22
6, 308, 24
6, 310, 5
6, 316, 35
6, 330, 18
6, 332, 3
6, 333, 30
6, 334, 2
6, 349, 34
6, 350, 54
6, 355, 46
6, 362, 40
6, 364, 13
6, 368, 21
6, 371, 20
6, 374, 26
6, 374, 50
6, 376, 34
6, 379, 19
6, 388, 6
6, 390, 24
6, 392, 10
6, 394, 18
6, 396, 5
7, 4, 1
7, 13, 45
7, 19, 39
7, 24, 17
7, 29, 1
7, 31, 4
7, 31, 46
7, 33, 20
7, 35, 11
7, 35, 44
7, 47, 37
7, 47, 52
7, 56, 53
7, 60, 35
7, 69, 13
7, 72, 25
7, 73, 9
7, 74, 30
7, 77, 22
7, 78, 51
7, 80, 33
7, 84, 4
7, 84, 12
7, 87, 26
7, 90, 52
7, 95, 40
7, 96, 39
7, 102, 25
7, 103, 1
7, 106, 53
7, 108, 19
7, 110, 8
7, 113, 41
7, 114, 28
7, 120, 53
7, 131, 40
7, 132, 40
7, 133, 36
7, 136, 46
7, 137, 51
7, 141, 3
7, 142, 13
7, 143, 32
7, 144, 9
7, 145, 20
7, 147, 47
7, 153, 48
7, 159, 51
7, 162, 44
7, 166, 17
7, 169, 7
7, 169, 43
7, 173, 25
7, 175, 21
7, 180, 12
7, 183, 37
7, 183, 44
7, 187, 39
7, 191, 22
7, 193, 26
7, 196, 36
7, 203, 35
7, 205, 47
7, 206, 24
7, 208, 28
7, 209, 48
7, 213, 36
7, 216, 35
7, 222, 16
7, 227, 12
7, 227, 33
7, 227, 48
7, 239, 19
7, 243, 37
7, 244, 40
7, 244, 47
7, 245, 31
7, 247, 9
7, 255, 17
7, 260, 43
7, 261, 33
7, 261, 57
7, 263, 21
7, 264, 32
7, 265, 51
7, 270, 15
7, 273, 1
7, 273, 20
7, 277, 37
7, 277, 38
7, 280, 25
7, 282, 4
7, 283, 30
7, 283, 46
7, 284, 43
7, 285, 45
7, 290, 28
7, 290, 36
7, 292, 12
7, 292, 16
7, 295, 9
7, 295, 40
7, 298, 48
7, 299, 32
7, 306, 38
7, 308, 21
7, 310, 37
7, 312, 24
7, 312, 43
7, 321, 46
7, 323, 41
7, 326, 45
7, 328, 17
7, 328, 52
7, 331, 19
7, 335, 13
7, 335, 51
7, 336, 26
7, 337, 46
7, 338, 35
7, 338, 53
7, 340, 25
7, 341, 44
7, 342, 28
7, 349, 39
7, 352, 35
7, 355, 33
7, 359, 3
7, 363, 20
7, 363, 37
7, 366, 30
7, 372, 38
7, 374, 3
7, 374, 26
7, 374, 41
7, 375, 44
7, 377, 7
7, 378, 16
7, 378, 24
7, 379, 48
7, 380, 22
7, 384, 47
7, 392, 19
7, 396, 10
7, 396, 52
7, 398, 43
8, 3, 6
8, 6, 58
8, 7, 51
8, 17, 17
8, 19, 47
8, 24, 46
8, 27, 46
8, 30, 56
8, 33, 11
8, 33, 31
8, 34, 34
8, 38, 12
8, 40, 20
8, 41, 9
8, 41, 32
8, 46, 57
8, 48, 48
8, 49, 8
8, 55, 30
8, 58, 45
8, 61, 36
8, 62, 47
8, 62, 52
8, 66, 14
8, 68, 23
8, 68, 44
8, 74, 13
8, 74, 37
8, 76, 41
8, 85, 7
8, 87, 28
8, 91, 11
8, 97, 29
8, 97, 55
8, 98, 15
8, 103, 33
8, 107, 48
8, 119, 54
8, 126, 31
8, 126, 37
8, 128, 13
8, 133, 42
8, 138, 12
8, 140, 51
8, 141, 6
8, 142, 9
8, 147, 32
8, 149, 18
8, 154, 16
8, 156, 41
8, 162, 52
8, 172, 36
8, 174, 47
8, 175, 29
8, 176, 33
8, 178, 20
8, 180, 48
8, 182, 46
8, 191, 17
8, 194, 49
8, 202, 56
8, 203, 62
8, 212, 15
8, 214, 55
8, 216, 46
8, 220, 58
8, 224, 34
8, 225, 28
8, 225, 51
8, 226, 44
8, 227, 19
8, 230, 53
8, 232, 42
8, 232, 45
8, 234, 23
8, 238, 34
8, 241, 27
8, 250, 37
8, 251, 53
8, 266, 3
8, 266, 13
8, 266, 54
8, 270, 36
8, 270, 45
8, 277, 30
8, 280, 5
8, 280, 16
8, 281, 29
8, 296, 23
8, 297, 16
8, 303, 48
8, 305, 36
8, 307, 27
8, 308, 52
8, 314, 32
8, 315, 9
8, 316, 58
8, 319, 18
8, 319, 57
8, 323, 55
8, 335, 20
8, 337, 44
8, 337, 48
8, 339, 30
8, 339, 54
8, 341, 7
8, 341, 29
8, 345, 62
8, 346, 47
8, 348, 6
8, 355, 49
8, 362, 15
8, 362, 37
8, 367, 23
8, 367, 31
8, 371, 33
8, 376, 32
8, 381, 27
8, 381, 33
8, 387, 48
8, 392, 36
8, 393, 51
8, 398, 19
8, 399, 5
9, 2, 17
9, 2, 56
9, 3, 1
9, 4, 43
9, 7, 12
9, 10, 26
9, 10, 27
9, 17, 57
9, 18, 25
9, 24, 23
9, 26, 36
9, 28, 18
9, 33, 8
9, 33, 10
9, 34, 50
9, 39, 39
9, 56, 20
9, 58, 5
9, 63, 21
9, 65, 13
9, 68, 25
9, 77, 52
9, 81, 8
9, 85, 9
9, 85, 57
9, 86, 44
9, 87, 1
9, 104, 6
9, 105, 9
9, 110, 24
9, 115, 17
9, 116, 42
9, 117, 43
9, 127, 39
9, 132, 10
9, 133, 21
9, 135, 23
9, 137, 50
9, 145, 28
9, 146, 56
9, 149, 1
9, 150, 52
9, 158, 27
9, 161, 40
9, 172, 42
9, 175, 15
9, 175, 20
9, 175, 28
9, 184, 47
9, 190, 61
9, 191, 28
9, 192, 36
9, 192, 49
9, 199, 39
9, 209, 44
9, 211, 40
9, 213, 20
9, 217, 27
9, 218, 12
9, 224, 15
9, 226, 50
9, 237, 26
9, 239, 25
9, 241, 42
9, 242, 18
9, 244, 27
9, 253, 63
9, 258, 8
9, 258, 52
9, 260, 6
9, 267, 23
9, 271, 46
9, 272, 8
9, 281, 57
9, 291, 52
9, 296, 46
9, 299, 26
9, 303, 13
9, 304, 40
9, 304, 43
9, 304, 49
9, 311, 5
9, 327, 44
9, 328, 29
9, 337, 56
9, 340, 28
9, 340, 40
9, 342, 1
9, 345, 15
9, 348, 44
9, 359, 42
9, 360, 6
9, 360, 63
9, 370, 27
9, 370, 42
9, 376, 27
9, 376, 50
9, 378, 61
9, 381, 52
9, 383, 47
9, 384, 21
9, 388, 10
9, 391, 57
9, 393, 46
9, 396, 28
9, 396, 39
9, 399, 23
10, 5, 30
10, 7, 5
10, 14, 32
10, 17, 20
10, 25, 34
10, 28, 12
10, 29, 4
10, 34, 24
10, 35, 44
10, 42, 16
10, 48, 3
10, 53, 18
10, 54, 23
10, 60, 29
10, 65, 6
10, 67, 44
10, 77, 56
10, 79, 58
10, 80, 9
10, 83, 35
10, 89, 12
10, 95, 41
10, 98, 11
10, 99, 8
10, 116, 25
10, 119, 3
10, 119, 5
10, 119, 52
10, 119, 53
10, 120, 22
10, 123, 4
10, 123, 12
10, 124, 24
10, 133, 47
10, 134, 3
10, 134, 52
10, 136, 17
10, 136, 41
10, 139, 12
10, 144, 40
10, 148, 29
10, 150, 56
10, 155, 30
10, 156, 13
10, 157, 19
10, 166, 16
10, 167, 23
10, 171, 14
10, 176, 20
10, 179, 16
10, 186, 30
10, 208, 51
10, 215, 18
10, 216, 44
10, 219, 56
10, 222, 9
10, 223, 17
10, 228, 35
10, 238, 47
10, 240, 24
10, 245, 52
10, 249, 41
10, 257, 55
10, 258, 52
10, 271, 29
10, 272, 34
10, 277, 53
10, 278, 51
10, 284, 18
10, 285, 58
10, 287, 11
10, 287, 48
10, 294, 52
10, 306, 6
10, 310, 24
10, 310, 62
10, 318, 12
10, 319, 8
10, 321, 16
10, 322, 48
10, 323, 16
10, 330, 48
10, 349, 13
10, 351, 25
10, 354, 56
10, 362, 25
10, 362, 44
10, 366, 48
10, 367, 35
10, 369, 55
10, 374, 3
10, 375, 20
10, 382, 53
10, 388, 9
10, 394, 5
10, 395, 17
10, 396, 16
11, 1, 20
11, 2, 26
11, 3, 43
11, 5, 37
11, 5, 52
11, 8, 36
11, 15, 10
11, 20, 31
11, 26, 25
11, 27, 48
11, 33, 24
11, 38, 27
11, 39, 32
11, 39, 34
11, 39, 54
11, 46, 13
11, 46, 39
11, 48, 12
11, 50, 57
11, 51, 60
11, 53, 30
11, 54, 2
11, 58, 20
11, 59, 4
11, 62, 42
11, 62, 43
11, 63, 38
11, 71, 28
11, 78, 57
11, 79, 43
11, 81, 18
11, 81, 23
11, 88, 18
11, 88, 42
11, 90, 33
11, 93, 15
11, 94, 2
11, 95, 53
11, 96, 7
11, 96, 45
11, 106, 27
11, 106, 36
11, 107, 12
11, 114, 52
11, 117, 18
11, 117, 26
11, 117, 48
11, 119, 43
11, 120, 10
11, 121, 41
11, 122, 23
11, 126, 37
11, 126, 52
11, 131, 41
11, 134, 22
11, 134, 24
11, 136, 37
11, 140, 1
11, 144, 50
11, 155, 31
11, 156, 53
11, 169, 27
11, 170, 43
11, 175, 31
11, 175, 64
11, 177, 26
11, 183, 42
11, 186, 39
11, 188, 44
11, 190, 15
11, 191, 51
11, 194, 12
11, 198, 36
11, 202, 20
11, 205, 13
11, 210, 32
11, 213, 14
11, 213, 50
11, 216, 50
11, 217, 41
11, 217, 45
11, 221, 18
11, 230, 30
11, 234, 13
11, 237, 54
11, 238, 48
11, 241, 53
11, 242, 34
11, 250, 19
11, 252, 57
11, 260, 25
11, 264, 36
11, 277, 23
11, 277, 43
11, 280, 54
11, 280, 60
11, 281, 10
11, 284, 24
11, 285, 7
11, 287, 41
11, 287, 46
11, 290, 38
11, 292, 57
11, 294, 32
11, 301, 15
11, 305, 22
11, 310, 39
11, 315, 44
11, 319, 2
11, 319, 42
11, 324, 27
11, 325, 37
11, 329, 35
11, 330, 44
11, 335, 4
11, 335, 22
11, 339, 50
11, 347, 18
11, 348, 53
11, 349, 36
11, 350, 52
11, 351, 28
11, 354, 19
11, 359, 39
11, 361, 12
11, 364, 53
11, 377, 57
11, 378, 2
11, 378, 43
11, 380, 14
11, 381, 32
11, 387, 54
11, 393, 12
11, 393, 46
11, 394, 33
11, 394, 35
11, 395, 1
11, 398, 18
12, 8, 4
12, 14, 22
12, 15, 58
12, 17, 26
12, 17, 49
12, 23, 5
12, 27, 27
12, 29, 36
12, 32, 3
12, 32, 32
12, 33, 12
12, 40, 47
12, 48, 15
12, 51, 41
12, 52, 12
12, 53, 45
12, 60, 53
12, 63, 15
12, 65, 56
12, 66, 29
12, 69, 12
12, 70, 16
12, 88, 39
12, 90, 27
12, 98, 21
12, 99, 52
12, 103, 13
12, 103, 38
12, 105, 49
12, 108, 42
12, 110, 47
12, 124, 17
12, 134, 41
12, 135, 16
12, 135, 22
12, 140, 3
12, 140, 46
12, 143, 35
12, 148, 29
12, 149, 45
12, 149, 57
12, 151, 24
12, 151, 46
12, 154, 2
12, 155, 37
12, 157, 42
12, 164, 15
12, 166, 44
12, 167, 20
12, 170, 8
12, 182, 19
12, 184, 12
12, 184, 33
12, 195, 18
12, 200, 43
12, 201, 32
12, 202, 49
12, 207, 56
12, 208, 49
12, 210, 36
12, 211, 32
12, 217, 16
12, 221, 20
12, 224, 22
12, 226, 26
12, 244, 27
12, 250, 17
12, 250, 41
12, 252, 21
12, 254, 41
12, 257, 13
12, 257, 53
12, 271, 26
12, 271, 42
12, 273, 56
12, 274, 35
12, 276, 26
12, 277, 45
12, 282, 17
12, 290, 58
12, 291, 5
12, 293, 29
12, 294, 33
12, 295, 46
12, 299, 32
12, 301, 17
12, 302, 27
12, 311, 44
12, 312, 18
12, 320, 12
12, 320, 49
12, 321, 38
12, 323, 52
12, 325, 20
12, 326, 24
12, 327, 15
12, 332, 8
12, 332, 57
12, 335, 19
12, 339, 2
12, 342, 32
12, 346, 22
12, 348, 29
12, 348, 36
12, 349, 43
12, 350, 39
12, 358, 58
12, 360, 41
12, 360, 45
12, 364, 1
12, 367, 12
12, 368, 52
12, 369, 37
12, 373, 51
12, 376, 58
12, 379, 44
12, 379, 46
12, 382, 42
12, 384, 17
12, 385, 21
12, 387, 33
13, 3, 34
13, 4, 18
13, 7, 37
13, 9, 46
13, 11, 50
13, 16, 36
13, 23, 33
13, 34, 50
13, 37, 10
13, 40, 20
13, 46, 31
13, 52, 23
13, 53, 11
13, 54, 46
13, 60, 20
13, 66, 51
13, 70, 37
13, 70, 49
13, 72, 20
13, 73, 7
13, 74, 30
13, 76, 24
13, 77, 46
13, 78, 52
13, 79, 15
13, 79, 38
13, 87, 28
13, 95, 22
13, 97, 3
13, 97, 29
13, 99, 31
13, 102, 4
13, 102, 51
13, 103, 17
13, 103, 25
13, 113, 13
13, 116, 6
13, 116, 36
13, 116, 46
13, 119, 4
13, 121, 12
13, 122, 6
13, 127, 5
13, 130, 23
13, 130, 55
13, 131, 22
13, 140, 21
13, 140, 34
13, 143, 18
13, 144, 54
13, 146, 50
13, 152, 50
13, 168, 45
13, 169, 28
13, 174, 49
13, 179, 51
13, 180, 18
13, 184, 9
13, 185, 25
13, 185, 31
13, 187, 17
13, 187, 24
13, 192, 46
13, 194, 29
13, 198, 21
13, 200, 37
13, 211, 40
13, 217, 33
13, 222, 40
13, 228, 52
13, 228, 55
13, 229, 21
13, 234, 30
13, 236, 24
13, 241, 52
13, 253, 10
13, 254, 50
13, 258, 15
13, 264, 36
13, 270, 34
13, 272, 54
13, 273, 51
13, 278, 15
13, 279, 38
13, 282, 27
13, 282, 49
13, 288, 11
13, 289, 38
13, 290, 12
13, 298, 55
13, 307, 22
13, 308, 18
13, 325, 40
13, 329, 31
13, 331, 9
13, 331, 28
13, 333, 5
13, 346, 15
13, 346, 24
13, 347, 27
13, 349, 25
13, 357, 31
13, 361, 29
13, 366, 21
13, 367, 30
13, 367, 51
13, 375, 12
13, 375, 40
13, 376, 22
13, 377, 52
13, 378, 46
13, 379, 36
13, 380, 27
13, 385, 18
13, 386, 49
13, 388, 38
13, 391, 4
13, 394, 45
13, 398, 10
14, 2, 16
14, 4, 33
14, 12, 9
14, 14, 30
14, 20, 4
14, 20, 13
14, 27, 23
14, 29, 29
14, 32, 3
14, 35, 48
14, 40, 11
14, 40, 14
14, 41, 31
14, 42, 33
14, 48, 9
14, 59, 9
14, 66, 42
14, 70, 34
14, 78, 54
14, 79, 9
14, 82, 51
14, 83, 3
14, 83, 8
14, 83, 23
14, 84, 44
14, 84, 59
14, 88, 2
14, 90, 46
14, 97, 49
14, 101, 48
14, 104, 7
14, 105, 26
14, 110, 32
14, 112, 5
14, 112, 17
14, 112, 33
14, 113, 29
14, 115, 42
14, 117, 10
14, 121, 1
14, 127, 35
14, 130, 11
14, 136, 7
14, 137, 13
14, 137, 28
14, 139, 7
14, 142, 38
14, 144, 19
14, 145, 23
14, 148, 29
14, 164, 50
14, 167, 54
14, 177, 34
14, 177, 38
14, 182, 47
14, 185, 32
14, 186, 23
14, 188, 42
14, 191, 27
14, 195, 42
14, 207, 9
14, 208, 30
14, 210, 62
14, 213, 17
14, 214, 11
14, 214, 46
14, 219, 38
14, 221, 14
14, 225, 14
14, 225, 49
14, 228, 51
14, 233, 49
14, 234, 47
14, 239, 35
14, 242, 26
14, 242, 55
14, 243, 4
14, 244, 29
14, 247, 10
14, 248, 31
14, 252, 20
14, 259, 7
14, 263, 17
14, 265, 30
14, 266, 48
14, 267, 11
14, 268, 9
14, 268, 23
14, 269, 40
14, 270, 10
14, 272, 8
14, 273, 19
14, 275, 51
14, 277, 7
14, 277, 59
14, 279, 28
14, 282, 30
14, 284, 16
14, 284, 42
14, 293, 44
14, 295, 19
14, 296, 17
14, 299, 7
14, 303, 1
14, 304, 38
14, 306, 34
14, 306, 55
14, 311, 3
14, 311, 47
14, 316, 5
14, 319, 11
14, 322, 7
14, 322, 43
14, 325, 56
14, 335, 11
14, 336, 27
14, 338, 19
14, 340, 29
14, 341, 32
14, 342, 2
14, 344, 49
14, 346, 23
14, 346, 62
14, 349, 26
14, 351, 1
14, 352, 13
14, 354, 51
14, 354, 54
14, 355, 51
14, 356, 40
14, 361, 14
14, 373, 35
14, 374, 47
14, 377, 33
14, 379, 55
14, 380, 11
14, 394, 38
15, 4, 9
15, 7, 19
15, 10, 12
15, 13, 22
15, 14, 44
15, 22, 10
15, 24, 41
15, 25, 40
15, 29, 4
15, 29, 41
15, 31, 8
15, 37, 13
15, 38, 19
15, 45, 39
15, 45, 42
15, 57, 56
15, 58, 16
15, 61, 31
15, 63, 37
15, 64, 36
15, 65, 35
15, 67, 5
15, 69, 31
15, 70, 46
15, 73, 1
15, 76, 29
15, 79, 9
15, 81, 3
15, 83, 32
15, 85, 58
15, 94, 53
15, 98, 9
15, 102, 8
15, 104, 57
15, 109, 15
15, 120, 22
15, 126, 5
15, 126, 19
15, 132, 39
15, 134, 40
15, 144, 44
15, 152, 13
15, 153, 14
15, 153, 35
15, 154, 42
15, 157, 55
15, 158, 21
15, 167, 43
15, 168, 50
15, 169, 31
15, 174, 19
15, 176, 10
15, 179, 36
15, 181, 41
15, 182, 52
15, 192, 37
15, 195, 55
15, 196, 56
15, 205, 58
15, 207, 29
15, 207, 61
15, 209, 32
15, 212, 16
15, 215, 24
15, 218, 44
15, 222, 45
15, 223, 36
15, 225, 57
15, 229, 53
15, 231, 41
15, 244, 15
15, 246, 21
15, 250, 8
15, 253, 12
15, 256, 29
15, 259, 32
15, 260, 52
15, 264, 1
15, 269, 52
15, 272, 3
15, 275, 4
15, 277, 13
15, 282, 5
15, 287, 31
15, 288, 26
15, 292, 58
15, 296, 37
15, 299, 35
15, 299, 40
15, 301, 15
15, 303, 44
15, 309, 26
15, 313, 52
15, 315, 16
15, 319, 9
15, 324, 12
15, 325, 26
15, 329, 50
15, 336, 55
15, 347, 15
15, 350, 45
15, 354, 1
15, 356, 3
15, 367, 13
15, 367, 36
15, 372, 35
15, 377, 32
15, 380, 14
15, 388, 16
15, 392, 8
15, 395, 15
15, 397, 39
15, 398, 3
16, 2, 21
16, 4, 42
16, 5, 20
16, 10, 14
16, 10, 36
16, 10, 39
16, 11, 48
16, 16, 39
16, 20, 6
16, 20, 51
16, 22, 20
16, 23, 18
16, 24, 26
16, 26, 22
16, 26, 36
16, 29, 20
16, 30, 42
16, 33, 35
16, 37, 22
16, 39, 30
16, 48, 10
16, 49, 38
16, 53, 37
16, 56, 1
16, 56, 50
16, 58, 21
16, 58, 25
16, 62, 21
16, 64, 4
16, 64, 27
16, 65, 13
16, 72, 33
16, 72, 34
16, 74, 13
16, 74, 36
16, 76, 53
16, 96, 17
16, 100, 20
16, 102, 44
16, 108, 16
16, 111, 42
16, 115, 16
16, 119, 20
16, 126, 39
16, 130, 39
16, 131, 40
16, 133, 21
16, 136, 6
16, 141, 53
16, 148, 14
16, 148, 48
16, 152, 51
16, 153, 41
16, 161, 22
16, 166, 47
16, 171, 31
16, 174, 30
16, 186, 18
16, 188, 10
16, 191, 36
16, 194, 25
16, 195, 38
16, 196, 33
16, 196, 37
16, 203, 27
16, 209, 39
16, 209, 50
16, 212, 39
16, 214, 42
16, 216, 13
16, 219, 40
16, 220, 35
16, 224, 10
16, 224, 48
16, 228, 22
16, 235, 16
16, 235, 51
16, 237, 26
16, 239, 20
16, 240, 40
16, 247, 44
16, 249, 4
16, 249, 10
16, 250, 35
16, 258, 26
16, 260, 37
16, 261, 47
16, 262, 26
16, 263, 11
16, 265, 55
16, 266, 13
16, 273, 44
16, 274, 56
16, 280, 17
16, 280, 42
16, 286, 36
16, 287, 14
16, 295, 22
16, 297, 30
16, 297, 42
16, 299, 21
16, 299, 25
16, 299, 31
16, 301, 9
16, 303, 14
16, 309, 30
16, 309, 41
16, 310, 18
16, 310, 33
16, 312, 51
16, 315, 6
16, 318, 27
16, 319, 31
16, 319, 44
16, 325, 27
16, 329, 25
16, 329, 35
16, 331, 28
16, 332, 4
16, 333, 40
16, 338, 41
16, 340, 48
16, 345, 6
16, 349, 27
16, 350, 14
16, 352, 10
16, 352, 53
16, 354, 55
16, 358, 13
16, 359, 39
16, 360, 13
16, 360, 44
16, 376, 37
16, 377, 36
16, 379, 42
16, 379, 56
16, 383, 14
16, 383, 40
16, 387, 31
16, 393, 21
16, 398, 47
17, 10, 2
17, 12, 26
17, 18, 11
17, 18, 29
17, 19, 16
17, 23, 5
17, 24, 14
17, 28, 32
17, 31, 52
17, 33, 40
17, 35, 50
17, 36, 9
17, 37, 21
17, 40, 58
17, 41, 10
17, 46, 8
17, 46, 45
17, 47, 31
17, 48, 27
17, 51, 24
17, 53, 19
17, 54, 47
17, 63, 2
17, 63, 42
17, 67, 12
17, 72, 32
17, 72, 56
17, 75, 28
17, 75, 55
17, 79, 1
17, 82, 35
17, 83, 48
17, 92, 29
17, 95, 34
17, 98, 21
17, 99, 22
17, 103, 42
17, 104, 43
17, 106, 19
17, 108, 9
17, 109, 8
17, 109, 16
17, 110, 38
17, 114, 50
17, 115, 49
17, 121, 31
17, 122, 5
17, 131, 2
17, 133, 26
17, 134, 4
17, 134, 44
17, 141, 11
17, 142, 2
17, 146, 27
17, 148, 24
17, 151, 10
17, 154, 32
17, 161, 31
17, 162, 48
17, 166, 18
17, 174, 52
17, 185, 45
17, 192, 39
17, 195, 28
17, 198, 42
17, 199, 27
17, 200, 47
17, 203, 14
17, 205, 29
17, 205, 35
17, 211, 13
17, 211, 21
17, 213, 17
17, 213, 26
17, 218, 16
17, 218, 32
17, 229, 8
17, 242, 22
17, 243, 43
17, 248, 19
17, 253, 55
17, 255, 12
17, 259, 18
17, 263, 4
17, 263, 18
17, 263, 38
17, 265, 34
17, 267, 47
17, 268, 50
17, 270, 38
17, 271, 21
17, 271, 24
17, 282, 58
17, 284, 31
17, 287, 43
17, 290, 52
17, 294, 13
17, 295, 26
17, 297, 9
17, 300, 13
17, 301, 28
17, 303, 14
17, 303, 16
17, 303, 44
17, 303, 45
17, 308, 19
17, 310, 5
17, 313, 11
17, 316, 18
17, 318, 22
17, 319, 4
17, 320, 55
17, 323, 11
17, 326, 42
17, 331, 12
17, 332, 20
17, 343, 21
17, 346, 48
17, 348, 43
17, 351, 1
17, 353, 12
17, 366, 34
17, 384, 32
17, 390, 2
17, 390, 4
17, 392, 38
17, 393, 31
17, 394, 42
17, 397, 18
17, 398, 39
17, 398, 52
18, 2, 44
18, 9, 31
18, 10, 50
18, 14, 55
18, 19, 25
18, 21, 28
18, 25, 3
18, 28, 44
18, 31, 15
18, 31, 51
18, 31, 57
18, 33, 22
18, 34, 3
18, 36, 12
18, 41, 23
18, 44, 42
18, 46, 4
18, 46, 17
18, 58, 52
18, 61, 55
18, 63, 53
18, 68, 23
18, 75, 1
18, 77, 13
18, 78, 38
18, 78, 40
18, 79, 3
18, 84, 30
18, 90, 3
18, 90, 7
18, 92, 33
18, 92, 57
18, 94, 39
18, 97, 16
18, 98, 55
18, 103, 31
18, 105, 5
18, 107, 10
18, 107, 50
18, 108, 36
18, 115, 53
18, 121, 7
18, 121, 13
18, 123, 25
18, 123, 58
18, 134, 19
18, 137, 4
18, 138, 2
18, 148, 38
18, 152, 32
18, 160, 35
18, 160, 43
18, 163, 51
18, 166, 24
18, 171, 15
18, 172, 40
18, 176, 17
18, 176, 24
18, 185, 16
18, 186, 20
18, 192, 52
18, 200, 39
18, 201, 20
18, 207, 57
18, 224, 20
18, 224, 28
18, 224, 30
18, 233, 35
18, 233, 44
18, 235, 25
18, 239, 57
18, 240, 35
18, 251, 32
18, 253, 23
18, 253, 39
18, 255, 15
18, 257, 5
18, 257, 23
18, 258, 51
18, 262, 28
18, 264, 16
18, 265, 17
18, 268, 40
18, 271, 5
18, 272, 16
18, 272, 22
18, 276, 36
18, 279, 10
18, 279, 44
18, 280, 1
18, 288, 24
18, 291, 51
18, 291, 55
18, 294, 13
18, 301, 3
18, 301, 28
18, 302, 4
18, 305, 2
18, 309, 33
18, 309, 36
18, 310, 24
18, 314, 40
18, 317, 32
18, 320, 50
18, 321, 58
18, 325, 53
18, 332, 16
18, 333, 7
18, 333, 23
18, 341, 38
18, 351, 20
18, 352, 35
18, 353, 4
18, 355, 44
18, 356, 40
18, 363, 30
18, 364, 52
18, 365, 1
18, 366, 23
18, 366, 43
18, 367, 41
18, 371, 2
18, 373, 7
18, 375, 24
18, 376, 15
18, 378, 39
18, 378, 48
18, 382, 25
19, 4, 4
19, 8, 34
19, 10, 59
19, 11, 40
19, 18, 48
19, 23, 36
19, 28, 29
19, 34, 7
19, 35, 25
19, 37, 2
19, 38, 6
19, 40, 2
19, 45, 4
19, 45, 52
19, 48, 39
19, 51, 50
19, 55, 3
19, 56, 12
19, 56, 21
19, 64, 25
19, 64, 43
19, 66, 25
19, 68, 26
19, 71, 59
19, 74, 53
19, 81, 47
19, 84, 22
19, 86, 60
19, 88, 27
19, 88, 36
19, 91, 13
19, 95, 17
19, 99, 42
19, 114, 30
19, 117, 3
19, 117, 44
19, 120, 22
19, 121, 49
19, 122, 52
19, 128, 32
19, 129, 36
19, 134, 11
19, 160, 17
19, 161, 20
19, 161, 40
19, 166, 39
19, 172, 34
19, 173, 29
19, 175, 60
19, 177, 12
19, 182, 44
19, 188, 41
19, 188, 50
19, 195, 25
19, 195, 31
19, 198, 49
19, 203, 21
19, 210, 50
19, 218, 12
19, 223, 7
19, 228, 43
19, 229, 48
19, 236, 27
19, 236, 28
19, 244, 29
19, 244, 39
19, 245, 50
19, 246, 53
19, 254, 13
19, 260, 11
19, 262, 22
19, 269, 30
19, 270, 44
19, 278, 32
19, 279, 34
19, 290, 31
19, 294, 17
19, 297, 40
19, 302, 26
19, 304, 40
19, 307, 12
19, 315, 7
19, 316, 52
19, 317, 21
19, 320, 36
19, 335, 50
19, 337, 29
19, 337, 44
19, 342, 41
19, 347, 4
19, 347, 12
19, 348, 28
19, 353, 20
19, 356, 28
19, 358, 59
19, 360, 31
19, 364, 60
19, 365, 12
19, 372, 4
19, 373, 2
19, 374, 22
19, 374, 25
19, 379, 36
19, 380, 6
19, 380, 28
19, 391, 1
19, 391, 12
19, 394, 47
19, 395, 17
19, 399, 26
