1, 3, 52
1, 4, 27
1, 8, 11
1, 12, 30
1, 23, 42
1, 27, 16
1, 28, 33
1, 39, 37
1, 46, 47
1, 63, 26
1, 75, 32
1, 78, 44
1, 84, 13
1, 86, 9
1, 86, 29
1, 89, 42
1, 102, 10
1, 102, 45
1, 105, 40
1, 126, 21
1, 127, 49
1, 130, 30
1, 137, 44
1, 138, 33
1, 143, 26
1, 146, 52
1, 149, 16
1, 158, 11
1, 174, 42
1, 180, 45
1, 182, 42
1, 199, 21
1, 201, 47
1, 207, 40
1, 210, 47
1, 217, 41
1, 224, 49
1, 228, 22
1, 231, 16
1, 238, 32
1, 243, 33
1, 244, 37
1, 247, 27
1, 255, 22
1, 256, 44
1, 260, 37
1, 261, 65
1, 266, 49
1, 269, 27
1, 285, 29
1, 289, 26
1, 303, 42
1, 308, 27
1, 318, 13
1, 321, 65
1, 326, 29
1, 327, 52
1, 334, 33
1, 336, 40
1, 336, 45
1, 343, 9
1, 350, 11
1, 350, 16
1, 360, 47
1, 362, 26
1, 374, 33
1, 381, 41
1, 392, 37
1, 395, 49
1, 396, 21
1, 397, 26
2, 3, 35
2, 11, 58
2, 17, 14
2, 29, 24
2, 34, 34
2, 37, 20
2, 42, 21
2, 44, 23
2, 44, 28
2, 45, 7
2, 45, 38
2, 46, 2
2, 61, 32
2, 63, 14
2, 68, 27
2, 71, 58
2, 72, 52
2, 77, 16
2, 87, 5
2, 91, 35
2, 94, 55
2, 96, 7
2, 96, 12
2, 97, 18
2, 101, 7
2, 107, 3
2, 113, 35
2, 116, 37
2, 124, 50
2, 139, 12
2, 142, 20
2, 158, 18
2, 163, 21
2, 163, 32
2, 164, 34
2, 174, 58
2, 181, 16
2, 181, 44
2, 189, 2
2, 189, 37
2, 192, 16
2, 197, 20
2, 201, 24
2, 202, 5
2, 202, 29
2, 205, 52
2, 211, 58
2, 216, 22
2, 217, 7
2, 218, 20
2, 222, 12
2, 225, 38
2, 229, 24
2, 229, 37
2, 236, 47
2, 239, 28
2, 239, 46
2, 251, 50
2, 261, 53
2, 268, 22
2, 270, 12
2, 271, 46
2, 276, 20
2, 285, 50
2, 286, 23
2, 287, 34
2, 288, 55
2, 290, 14
2, 296, 18
2, 296, 35
2, 303, 32
2, 306, 58
2, 318, 16
2, 328, 21
2, 328, 34
2, 336, 5
2, 341, 3
2, 345, 52
2, 347, 50
2, 349, 24
2, 351, 37
2, 356, 23
2, 362, 44
2, 368, 58
2, 369, 18
2, 371, 2
2, 375, 16
2, 390, 47
2, 391, 29
2, 396, 27
2, 397, 32
3, 1, 47
3, 2, 27
3, 4, 13
3, 14, 60
3, 18, 22
3, 22, 55
3, 30, 37
3, 33, 25
3, 39, 29
3, 44, 61
3, 48, 42
3, 55, 17
3, 55, 55
3, 65, 56
3, 66, 15
3, 66, 38
3, 73, 22
3, 74, 41
3, 81, 25
3, 82, 12
3, 87, 53
3, 88, 27
3, 95, 13
3, 96, 29
3, 104, 5
3, 109, 51
3, 121, 15
3, 122, 2
3, 124, 7
3, 131, 15
3, 131, 17
3, 136, 27
3, 139, 47
3, 140, 5
3, 146, 15
3, 148, 36
3, 152, 28
3, 157, 47
3, 158, 56
3, 159, 44
3, 162, 25
3, 176, 55
3, 177, 51
3, 187, 12
3, 187, 60
3, 202, 15
3, 205, 31
3, 205, 42
3, 206, 55
3, 228, 37
3, 246, 61
3, 251, 38
3, 265, 17
3, 284, 20
3, 284, 29
3, 287, 56
3, 289, 36
3, 295, 46
3, 296, 19
3, 298, 5
3, 299, 2
3, 301, 47
3, 307, 5
3, 310, 12
3, 311, 27
3, 315, 17
3, 316, 31
3, 318, 13
3, 332, 55
3, 339, 7
3, 339, 38
3, 351, 47
3, 351, 56
3, 363, 53
3, 366, 31
3, 370, 28
3, 378, 5
3, 378, 45
3, 379, 51
3, 381, 15
3, 394, 60
3, 398, 33
4, 7, 1
4, 9, 19
4, 16, 52
4, 17, 34
4, 27, 49
4, 28, 27
4, 30, 25
4, 31, 3
4, 37, 1
4, 37, 39
4, 39, 5
4, 39, 11
4, 43, 16
4, 67, 14
4, 73, 14
4, 73, 57
4, 74, 52
4, 75, 36
4, 77, 35
4, 78, 11
4, 81, 48
4, 95, 21
4, 98, 10
4, 99, 38
4, 106, 9
4, 106, 28
4, 107, 12
4, 116, 54
4, 123, 16
4, 128, 46
4, 128, 49
4, 131, 22
4, 139, 1
4, 144, 45
4, 147, 9
4, 149, 25
4, 155, 35
4, 160, 9
4, 163, 48
4, 168, 57
4, 171, 46
4, 176, 38
4, 180, 33
4, 183, 41
4, 189, 39
4, 190, 14
4, 190, 17
4, 191, 21
4, 193, 36
4, 194, 40
4, 195, 34
4, 196, 10
4, 198, 62
4, 201, 52
4, 217, 11
4, 223, 48
4, 233, 54
4, 235, 45
4, 245, 28
4, 246, 11
4, 248, 40
4, 251, 14
4, 254, 16
4, 261, 54
4, 264, 49
4, 267, 3
4, 270, 5
4, 270, 35
4, 288, 25
4, 289, 7
4, 292, 46
4, 293, 33
4, 299, 12
4, 301, 45
4, 308, 54
4, 310, 62
4, 311, 1
4, 311, 38
4, 317, 19
4, 322, 10
4, 325, 52
4, 328, 28
4, 328, 34
4, 328, 57
4, 331, 27
4, 335, 27
4, 342, 17
4, 342, 25
4, 357, 22
4, 358, 14
4, 362, 24
4, 370, 33
4, 372, 45
4, 376, 35
4, 377, 9
4, 385, 40
4, 388, 48
5, 1, 47
5, 2, 23
5, 11, 9
5, 17, 43
5, 22, 51
5, 24, 9
5, 25, 6
5, 26, 34
5, 33, 37
5, 41, 21
5, 50, 38
5, 52, 54
5, 57, 19
5, 57, 29
5, 57, 32
5, 59, 13
5, 63, 41
5, 70, 43
5, 73, 59
5, 80, 20
5, 81, 28
5, 82, 6
5, 82, 16
5, 84, 35
5, 88, 13
5, 92, 44
5, 94, 21
5, 94, 49
5, 96, 54
5, 102, 23
5, 112, 26
5, 117, 6
5, 124, 29
5, 127, 42
5, 129, 23
5, 129, 37
5, 141, 53
5, 143, 37
5, 150, 32
5, 150, 47
5, 155, 8
5, 161, 35
5, 162, 50
5, 164, 32
5, 167, 26
5, 170, 54
5, 171, 13
5, 179, 26
5, 185, 43
5, 199, 20
5, 208, 23
5, 230, 28
5, 232, 49
5, 234, 21
5, 255, 42
5, 261, 32
5, 261, 41
5, 268, 44
5, 272, 53
5, 273, 51
5, 274, 34
5, 279, 47
5, 281, 38
5, 283, 43
5, 287, 16
5, 289, 28
5, 290, 54
5, 290, 59
5, 291, 13
5, 305, 21
5, 305, 35
5, 308, 48
5, 313, 23
5, 316, 6
5, 316, 43
5, 323, 13
5, 324, 26
5, 331, 50
5, 334, 37
5, 337, 8
5, 339, 59
5, 344, 44
5, 347, 38
5, 350, 29
5, 365, 11
5, 368, 42
5, 369, 28
5, 375, 42
5, 380, 16
5, 385, 32
5, 396, 20
5, 397, 51
6, 12, 6
6, 16, 1
6, 18, 13
6, 19, 10
6, 26, 44
6, 27, 36
6, 29, 39
6, 31, 47
6, 34, 22
6, 49, 15
6, 51, 9
6, 51, 49
6, 59, 27
6, 59, 30
6, 71, 44
6, 89, 6
6, 93, 29
6, 95, 18
6, 95, 40
6, 106, 37
6, 106, 41
6, 106, 47
6, 115, 37
6, 115, 40
6, 116, 10
6, 123, 48
6, 124, 12
6, 135, 44
6, 137, 15
6, 137, 39
6, 141, 43
6, 145, 22
6, 163, 47
6, 170, 23
6, 177, 33
6, 180, 13
6, 180, 46
6, 182, 36
6, 192, 9
6, 200, 46
6, 207, 49
6, 210, 12
6, 212, 27
6, 216, 26
6, 221, 47
6, 223, 30
6, 232, 6
6, 237, 39
6, 239, 49
6, 241, 22
6, 244, 29
6, 245, 1
6, 246, 40
6, 257, 9
6, 266, 39
6, 268, 15
6, 274, 19
6, 276, 30
6, 287, 29
6, 290, 10
6, 291, 18
6, 298, 15
6, 321, 27
6, 321, 41
6, 323, 48
6, 342, 23
6, 344, 46
6, 349, 47
6, 351, 12
6, 356, 39
6, 357, 1
6, 358, 49
6, 369, 36
6, 370, 23
6, 371, 9
6, 375, 29
6, 375, 41
6, 377, 13
6, 377, 27
6, 398, 46
7, 3, 30
7, 8, 16
7, 10, 20
7, 25, 31
7, 26, 5
7, 36, 44
7, 38, 51
7, 39, 13
7, 39, 29
7, 41, 50
7, 46, 4
7, 57, 35
7, 64, 32
7, 68, 42
7, 70, 6
7, 94, 2
7, 95, 26
7, 95, 59
7, 98, 30
7, 98, 52
7, 104, 44
7, 108, 20
7, 111, 22
7, 112, 16
7, 112, 54
7, 116, 25
7, 126, 6
7, 129, 17
7, 145, 4
7, 147, 13
7, 149, 56
7, 154, 5
7, 163, 25
7, 163, 42
7, 164, 9
7, 178, 44
7, 193, 28
7, 194, 20
7, 195, 62
7, 198, 13
7, 198, 31
7, 201, 26
7, 209, 50
7, 216, 39
7, 217, 51
7, 223, 25
7, 233, 47
7, 237, 2
7, 240, 28
7, 240, 35
7, 246, 35
7, 248, 13
7, 248, 16
7, 250, 44
7, 251, 3
7, 257, 42
7, 258, 22
7, 265, 32
7, 272, 6
7, 272, 62
7, 273, 16
7, 276, 54
7, 277, 4
7, 278, 30
7, 304, 52
7, 308, 5
7, 310, 35
7, 313, 44
7, 316, 50
7, 318, 40
7, 322, 13
7, 322, 51
7, 327, 56
7, 328, 20
7, 333, 3
7, 342, 6
7, 343, 16
7, 350, 4
7, 350, 47
7, 357, 54
7, 361, 62
7, 363, 59
7, 364, 31
7, 370, 28
7, 383, 13
7, 384, 5
7, 388, 40
7, 389, 2
7, 396, 25
7, 399, 39
8, 1, 33
8, 2, 57
8, 9, 31
8, 12, 2
8, 12, 32
8, 13, 8
8, 15, 15
8, 15, 18
8, 15, 53
8, 25, 23
8, 25, 55
8, 28, 19
8, 39, 29
8, 53, 27
8, 57, 22
8, 57, 51
8, 68, 17
8, 68, 51
8, 73, 46
8, 89, 18
8, 103, 50
8, 113, 40
8, 117, 33
8, 119, 36
8, 133, 2
8, 133, 28
8, 141, 27
8, 145, 2
8, 149, 19
8, 149, 57
8, 155, 31
8, 160, 32
8, 161, 15
8, 161, 19
8, 163, 57
8, 179, 18
8, 179, 55
8, 180, 22
8, 184, 15
8, 189, 24
8, 189, 46
8, 202, 32
8, 203, 39
8, 204, 39
8, 210, 27
8, 210, 29
8, 215, 53
8, 219, 19
8, 221, 50
8, 225, 9
8, 242, 26
8, 243, 52
8, 244, 36
8, 249, 57
8, 251, 17
8, 251, 55
8, 252, 2
8, 252, 6
8, 259, 23
8, 261, 51
8, 268, 40
8, 278, 27
8, 280, 9
8, 288, 40
8, 295, 22
8, 297, 24
8, 300, 2
8, 300, 76
8, 309, 23
8, 310, 36
8, 315, 67
8, 326, 32
8, 333, 57
8, 344, 24
8, 346, 19
8, 351, 39
8, 352, 33
8, 372, 52
8, 379, 17
8, 394, 9
8, 395, 15
8, 395, 40
8, 396, 27
8, 398, 28
8, 398, 63
9, 4, 44
9, 12, 53
9, 24, 27
9, 26, 30
9, 27, 51
9, 28, 25
9, 35, 37
9, 39, 8
9, 39, 49
9, 50, 53
9, 55, 1
9, 60, 33
9, 61, 5
9, 71, 15
9, 74, 53
9, 91, 42
9, 94, 12
9, 108, 7
9, 108, 21
9, 112, 44
9, 116, 11
9, 119, 51
9, 120, 30
9, 131, 53
9, 132, 8
9, 137, 11
9, 139, 8
9, 145, 9
9, 146, 5
9, 147, 37
9, 152, 49
9, 153, 46
9, 167, 40
9, 170, 42
9, 171, 25
9, 181, 50
9, 189, 18
9, 193, 61
9, 195, 21
9, 211, 46
9, 224, 34
9, 224, 39
9, 232, 30
9, 245, 7
9, 246, 1
9, 262, 37
9, 264, 25
9, 269, 27
9, 272, 28
9, 272, 44
9, 277, 33
9, 281, 29
9, 283, 5
9, 285, 54
9, 287, 42
9, 290, 9
9, 290, 42
9, 290, 55
9, 296, 1
9, 299, 51
9, 300, 39
9, 300, 50
9, 301, 25
9, 303, 21
9, 305, 8
9, 307, 34
9, 309, 37
9, 310, 40
9, 314, 7
9, 316, 11
9, 319, 18
9, 320, 53
9, 326, 15
9, 334, 46
9, 336, 30
9, 343, 1
9, 350, 55
9, 357, 48
9, 362, 9
9, 366, 49
9, 367, 40
9, 375, 25
9, 375, 51
9, 376, 61
9, 377, 18
9, 379, 1
9, 387, 15
9, 388, 21
10, 11, 43
10, 13, 34
10, 13, 36
10, 15, 55
10, 19, 20
10, 21, 14
10, 24, 51
10, 25, 34
10, 29, 10
10, 33, 40
10, 37, 47
10, 38, 25
10, 49, 62
10, 55, 44
10, 59, 37
10, 63, 4
10, 63, 55
10, 68, 17
10, 72, 3
10, 72, 24
10, 73, 22
10, 75, 40
10, 76, 60
10, 79, 30
10, 90, 11
10, 90, 51
10, 104, 12
10, 104, 29
10, 104, 33
10, 109, 4
10, 114, 22
10, 115, 3
10, 118, 5
10, 125, 40
10, 127, 47
10, 128, 45
10, 136, 3
10, 136, 18
10, 141, 30
10, 141, 32
10, 147, 13
10, 160, 48
10, 162, 24
10, 165, 22
10, 166, 23
10, 169, 10
10, 172, 17
10, 172, 20
10, 181, 43
10, 183, 40
10, 185, 14
10, 189, 28
10, 194, 27
10, 199, 60
10, 213, 52
10, 214, 40
10, 215, 22
10, 217, 62
10, 219, 18
10, 223, 12
10, 230, 44
10, 231, 34
10, 239, 36
10, 242, 28
10, 244, 47
10, 265, 30
10, 267, 3
10, 276, 55
10, 283, 24
10, 286, 60
10, 287, 34
10, 290, 22
10, 305, 18
10, 305, 33
10, 313, 48
10, 314, 12
10, 314, 18
10, 327, 37
10, 329, 45
10, 337, 24
10, 350, 14
10, 351, 32
10, 354, 30
10, 355, 40
10, 357, 13
10, 360, 47
10, 364, 5
10, 370, 22
10, 372, 43
10, 380, 28
10, 381, 48
10, 383, 20
10, 385, 44
10, 391, 48
10, 392, 23
10, 395, 30
10, 397, 37
10, 398, 18
11, 1, 9
11, 1, 14
11, 4, 16
11, 7, 46
11, 16, 2
11, 16, 48
11, 20, 50
11, 28, 35
11, 40, 13
11, 58, 6
11, 59, 14
11, 60, 27
11, 61, 43
11, 64, 39
11, 74, 46
11, 78, 8
11, 80, 7
11, 88, 60
11, 93, 29
11, 98, 5
11, 99, 59
11, 105, 33
11, 105, 53
11, 106, 17
11, 115, 7
11, 118, 46
11, 118, 49
11, 122, 39
11, 141, 27
11, 142, 34
11, 145, 6
11, 145, 31
11, 158, 50
11, 164, 55
11, 169, 14
11, 203, 33
11, 204, 29
11, 210, 35
11, 213, 60
11, 218, 48
11, 234, 16
11, 235, 13
11, 235, 58
11, 254, 60
11, 256, 8
11, 273, 46
11, 274, 43
11, 278, 9
11, 278, 31
11, 281, 29
11, 289, 34
11, 292, 14
11, 292, 49
11, 293, 16
11, 293, 35
11, 299, 27
11, 305, 5
11, 322, 33
11, 328, 17
11, 334, 7
11, 343, 39
11, 347, 29
11, 351, 43
11, 362, 27
11, 363, 58
11, 369, 59
11, 371, 6
11, 371, 8
11, 371, 55
11, 377, 46
11, 379, 50
11, 382, 53
11, 383, 9
11, 385, 7
11, 387, 60
11, 398, 6
12, 4, 26
12, 9, 21
12, 13, 7
12, 13, 42
12, 17, 18
12, 19, 24
12, 19, 48
12, 23, 3
12, 24, 32
12, 26, 26
12, 28, 3
12, 28, 11
12, 31, 36
12, 32, 9
12, 33, 44
12, 34, 40
12, 36, 4
12, 36, 7
12, 47, 10
12, 47, 39
12, 48, 20
12, 61, 38
12, 64, 27
12, 66, 9
12, 68, 38
12, 69, 55
12, 74, 14
12, 74, 24
12, 76, 18
12, 79, 41
12, 85, 33
12, 86, 5
12, 106, 1
12, 107, 47
12, 108, 38
12, 114, 53
12, 121, 7
12, 122, 38
12, 126, 8
12, 134, 11
12, 137, 42
12, 141, 3
12, 144, 18
12, 149, 1
12, 150, 58
12, 151, 18
12, 154, 10
12, 159, 48
12, 169, 38
12, 171, 14
12, 171, 21
12, 175, 48
12, 190, 36
12, 198, 10
12, 199, 7
12, 202, 38
12, 208, 13
12, 222, 48
12, 226, 36
12, 226, 39
12, 229, 10
12, 233, 44
12, 235, 24
12, 243, 54
12, 250, 24
12, 255, 52
12, 259, 32
12, 265, 8
12, 268, 9
12, 272, 14
12, 272, 54
12, 277, 4
12, 287, 33
12, 289, 3
12, 289, 11
12, 291, 14
12, 300, 24
12, 301, 32
12, 301, 41
12, 301, 47
12, 302, 20
12, 302, 49
12, 303, 42
12, 306, 7
12, 313, 27
12, 318, 58
12, 321, 18
12, 328, 5
12, 328, 26
12, 328, 53
12, 334, 33
12, 342, 54
12, 347, 10
12, 351, 9
12, 352, 13
12, 366, 38
12, 370, 36
12, 372, 9
12, 373, 52
12, 374, 11
12, 374, 42
12, 375, 48
12, 380, 32
12, 380, 42
12, 391, 3
12, 391, 58
12, 392, 14
13, 3, 4
13, 3, 52
13, 11, 46
13, 15, 43
13, 16, 28
13, 24, 52
13, 35, 26
13, 36, 23
13, 44, 14
13, 45, 7
13, 46, 31
13, 55, 22
13, 56, 3
13, 57, 40
13, 59, 22
13, 73, 40
13, 74, 56
13, 82, 16
13, 82, 39
13, 88, 21
13, 89, 33
13, 90, 7
13, 95, 36
13, 99, 26
13, 108, 17
13, 110, 6
13, 112, 2
13, 117, 4
13, 119, 26
13, 122, 45
13, 124, 7
13, 125, 39
13, 127, 42
13, 129, 23
13, 143, 41
13, 149, 34
13, 153, 43
13, 154, 46
13, 165, 53
13, 169, 41
13, 178, 28
13, 179, 52
13, 181, 22
13, 185, 33
13, 197, 12
13, 199, 56
13, 202, 21
13, 204, 43
13, 207, 36
13, 215, 53
13, 220, 13
13, 239, 31
13, 246, 3
13, 256, 39
13, 258, 26
13, 260, 45
13, 262, 17
13, 269, 48
13, 279, 25
13, 281, 56
13, 284, 14
13, 300, 3
13, 301, 40
13, 302, 2
13, 308, 23
13, 314, 22
13, 317, 1
13, 323, 21
13, 326, 33
13, 335, 12
13, 336, 36
13, 345, 43
13, 346, 7
13, 346, 28
13, 352, 4
13, 355, 42
13, 357, 34
13, 365, 48
13, 368, 12
13, 369, 35
13, 372, 42
13, 373, 17
13, 380, 41
13, 382, 2
13, 384, 40
13, 385, 3
13, 390, 46
13, 393, 53
13, 398, 22
13, 399, 39
14, 3, 2
14, 4, 46
14, 7, 17
14, 11, 9
14, 14, 58
14, 18, 34
14, 22, 44
14, 22, 55
14, 28, 25
14, 34, 16
14, 37, 4
14, 49, 16
14, 56, 1
14, 58, 14
14, 62, 46
14, 67, 18
14, 68, 15
14, 76, 41
14, 76, 61
14, 79, 35
14, 81, 7
14, 83, 6
14, 85, 1
14, 89, 23
14, 91, 4
14, 97, 44
14, 98, 49
14, 104, 35
14, 107, 29
14, 110, 9
14, 122, 36
14, 133, 3
14, 134, 6
14, 134, 53
14, 135, 48
14, 149, 61
14, 151, 24
14, 151, 38
14, 158, 54
14, 160, 15
14, 162, 17
14, 168, 29
14, 173, 14
14, 175, 25
14, 180, 2
14, 185, 23
14, 188, 55
14, 190, 29
14, 194, 44
14, 196, 49
14, 206, 34
14, 208, 19
14, 215, 61
14, 217, 9
14, 226, 53
14, 231, 36
14, 232, 24
14, 237, 41
14, 239, 9
14, 241, 12
14, 241, 15
14, 241, 18
14, 246, 41
14, 255, 38
14, 255, 58
14, 256, 23
14, 263, 29
14, 264, 4
14, 266, 19
14, 277, 15
14, 279, 46
14, 285, 36
14, 289, 12
14, 292, 35
14, 300, 6
14, 303, 4
14, 310, 1
14, 324, 54
14, 332, 40
14, 339, 7
14, 340, 34
14, 341, 12
14, 343, 23
14, 349, 58
14, 350, 61
14, 358, 49
14, 362, 53
14, 363, 2
14, 364, 29
14, 365, 6
14, 367, 8
14, 367, 54
14, 372, 21
14, 372, 38
14, 374, 3
14, 374, 36
14, 376, 55
14, 389, 19
14, 390, 9
14, 390, 44
14, 393, 15
14, 399, 4
15, 4, 30
15, 5, 38
15, 22, 27
15, 35, 33
15, 38, 6
15, 53, 20
15, 61, 33
15, 72, 42
15, 74, 2
15, 81, 26
15, 86, 32
15, 87, 44
15, 88, 43
15, 89, 13
15, 93, 22
15, 94, 37
15, 104, 8
15, 111, 17
15, 114, 6
15, 127, 26
15, 129, 48
15, 131, 38
15, 133, 20
15, 134, 35
15, 140, 17
15, 142, 54
15, 146, 10
15, 157, 50
15, 159, 34
15, 160, 37
15, 164, 26
15, 166, 27
15, 175, 6
15, 176, 40
15, 182, 39
15, 211, 30
15, 212, 20
15, 222, 13
15, 231, 42
15, 242, 2
15, 244, 22
15, 244, 44
15, 256, 50
15, 259, 17
15, 263, 33
15, 265, 43
15, 280, 13
15, 288, 20
15, 295, 12
15, 296, 40
15, 307, 20
15, 328, 6
15, 331, 22
15, 339, 27
15, 341, 34
15, 345, 50
15, 349, 32
15, 354, 26
15, 361, 40
15, 366, 8
15, 369, 22
15, 375, 2
15, 381, 33
15, 384, 30
15, 391, 37
15, 398, 26
15, 398, 34
15, 399, 43
16, 4, 16
16, 10, 11
16, 12, 19
16, 14, 34
16, 15, 14
16, 23, 32
16, 26, 23
16, 32, 2
16, 41, 49
16, 48, 11
16, 48, 41
16, 48, 55
16, 50, 22
16, 51, 5
16, 51, 18
16, 54, 45
16, 56, 9
16, 62, 34
16, 67, 27
16, 69, 57
16, 70, 26
16, 72, 55
16, 73, 46
16, 74, 14
16, 79, 32
16, 86, 25
16, 89, 30
16, 96, 47
16, 100, 24
16, 101, 2
16, 102, 41
16, 104, 9
16, 105, 9
16, 106, 49
16, 107, 26
16, 117, 56
16, 119, 14
16, 125, 3
16, 126, 33
16, 126, 34
16, 131, 23
16, 134, 49
16, 136, 38
16, 143, 23
16, 149, 10
16, 150, 12
16, 151, 51
16, 155, 57
16, 157, 27
16, 157, 45
16, 159, 46
16, 162, 33
16, 168, 44
16, 170, 20
16, 172, 27
16, 173, 25
16, 176, 51
16, 181, 16
16, 182, 18
16, 185, 31
16, 185, 47
16, 197, 26
16, 202, 22
16, 208, 16
16, 208, 33
16, 209, 20
16, 210, 41
16, 210, 55
16, 212, 56
16, 220, 49
16, 221, 34
16, 228, 48
16, 230, 56
16, 233, 18
16, 235, 14
16, 247, 11
16, 254, 22
16, 255, 19
16, 256, 32
16, 256, 35
16, 268, 10
16, 270, 36
16, 271, 39
16, 272, 51
16, 273, 5
16, 274, 9
16, 274, 47
16, 275, 3
16, 277, 57
16, 281, 10
16, 285, 24
16, 288, 12
16, 290, 45
16, 295, 33
16, 296, 48
16, 299, 2
16, 300, 26
16, 301, 14
16, 303, 51
16, 306, 7
16, 306, 23
16, 315, 33
16, 320, 46
16, 321, 20
16, 323, 11
16, 325, 25
16, 326, 34
16, 327, 24
16, 335, 22
16, 335, 41
16, 335, 45
16, 339, 16
16, 343, 19
16, 343, 47
16, 346, 55
16, 355, 31
16, 359, 52
16, 360, 26
16, 362, 35
16, 364, 3
16, 365, 9
16, 367, 30
16, 370, 32
16, 375, 49
16, 381, 36
16, 382, 56
16, 386, 10
16, 386, 63
16, 387, 2
16, 389, 26
16, 391, 33
17, 3, 42
17, 22, 2
17, 23, 29
17, 24, 40
17, 36, 58
17, 39, 13
17, 52, 12
17, 59, 18
17, 63, 37
17, 70, 45
17, 81, 59
17, 85, 4
17, 87, 36
17, 88, 54
17, 94, 53
17, 104, 5
17, 108, 54
17, 109, 42
17, 113, 29
17, 121, 49
17, 122, 32
17, 123, 51
17, 125, 26
17, 130, 4
17, 136, 42
17, 140, 32
17, 156, 52
17, 157, 8
17, 162, 44
17, 175, 58
17, 179, 48
17, 182, 37
17, 186, 25
17, 196, 13
17, 198, 42
17, 200, 29
17, 205, 6
17, 205, 60
17, 222, 18
17, 232, 39
17, 232, 54
17, 234, 25
17, 234, 36
17, 236, 44
17, 238, 59
17, 239, 44
17, 246, 12
17, 247, 26
17, 252, 48
17, 256, 18
17, 266, 61
17, 267, 60
17, 277, 40
17, 278, 32
17, 286, 40
17, 295, 8
17, 295, 26
17, 296, 13
17, 308, 18
17, 312, 5
17, 314, 42
17, 316, 32
17, 317, 25
17, 322, 29
17, 322, 52
17, 323, 50
17, 326, 45
17, 329, 39
17, 334, 47
17, 337, 37
17, 338, 18
17, 344, 20
17, 348, 61
17, 355, 8
17, 357, 4
17, 357, 48
17, 361, 26
17, 362, 58
17, 369, 32
17, 379, 39
17, 381, 53
17, 396, 40
18, 6, 46
18, 26, 26
18, 34, 50
18, 34, 59
18, 39, 22
18, 41, 34
18, 43, 5
18, 51, 28
18, 66, 45
18, 66, 58
18, 68, 21
18, 73, 48
18, 74, 7
18, 74, 26
18, 74, 43
18, 75, 21
18, 78, 54
18, 81, 1
18, 94, 35
18, 98, 52
18, 101, 22
18, 106, 40
18, 118, 32
18, 121, 45
18, 127, 54
18, 139, 19
18, 144, 28
18, 147, 40
18, 155, 21
18, 155, 46
18, 159, 34
18, 163, 52
18, 165, 10
18, 168, 51
18, 181, 21
18, 184, 59
18, 194, 21
18, 198, 32
18, 204, 28
18, 214, 26
18, 215, 31
18, 216, 10
18, 218, 43
18, 221, 46
18, 226, 5
18, 230, 19
18, 238, 40
18, 244, 35
18, 251, 50
18, 254, 1
18, 257, 46
18, 266, 22
18, 267, 51
18, 274, 10
18, 274, 48
18, 276, 35
18, 282, 34
18, 294, 50
18, 307, 21
18, 307, 35
18, 309, 32
18, 320, 3
18, 324, 28
18, 328, 54
18, 334, 22
18, 338, 17
18, 340, 7
18, 341, 35
18, 355, 34
18, 361, 43
18, 370, 17
18, 378, 22
18, 385, 19
18, 396, 10
19, 4, 49
19, 6, 33
19, 12, 28
19, 14, 15
19, 16, 31
19, 18, 62
19, 25, 44
19, 33, 1
19, 36, 55
19, 39, 11
19, 41, 33
19, 45, 49
19, 47, 8
19, 47, 40
19, 48, 54
19, 53, 14
19, 66, 19
19, 68, 30
19, 72, 36
19, 76, 24
19, 81, 62
19, 85, 57
19, 91, 28
19, 93, 55
19, 96, 18
19, 99, 14
19, 99, 42
19, 110, 40
19, 114, 28
19, 119, 49
19, 120, 13
19, 125, 6
19, 125, 16
19, 130, 47
19, 135, 2
19, 135, 44
19, 154, 44
19, 163, 33
19, 168, 19
19, 169, 24
19, 186, 18
19, 186, 54
19, 187, 40
19, 189, 42
19, 191, 44
19, 203, 47
19, 206, 43
19, 210, 15
19, 211, 55
19, 211, 62
19, 214, 30
19, 226, 31
19, 233, 8
19, 235, 49
19, 241, 44
19, 245, 28
19, 246, 14
19, 251, 16
19, 259, 55
19, 261, 13
19, 266, 13
19, 270, 40
19, 281, 62
19, 282, 54
19, 293, 57
19, 295, 33
19, 303, 43
19, 304, 30
19, 306, 11
19, 306, 15
19, 307, 19
19, 313, 1
19, 314, 49
19, 319, 6
19, 325, 14
19, 328, 13
19, 333, 15
19, 334, 24
19, 334, 36
19, 336, 8
19, 339, 2
19, 340, 44
19, 341, 47
19, 354, 14
19, 358, 4
19, 358, 55
19, 359, 18
19, 368, 54
19, 373, 2
19, 373, 44
19, 375, 49
19, 383, 14
19, 397, 19
19, 399, 13
