1, 2, 52
1, 5, 28
1, 5, 38
1, 10, 13
1, 12, 35
1, 16, 25
1, 22, 4
1, 32, 32
1, 42, 47
1, 49, 38
1, 53, 17
1, 54, 32
1, 59, 20
1, 64, 14
1, 67, 30
1, 73, 28
1, 77, 52
1, 78, 14
1, 81, 32
1, 83, 34
1, 92, 9
1, 98, 21
1, 108, 42
1, 109, 47
1, 111, 29
1, 115, 4
1, 115, 17
1, 118, 48
1, 133, 12
1, 134, 23
1, 140, 52
1, 143, 25
1, 146, 13
1, 150, 13
1, 150, 18
1, 154, 49
1, 163, 35
1, 163, 38
1, 167, 43
1, 181, 15
1, 189, 43
1, 196, 17
1, 200, 18
1, 200, 52
1, 206, 14
1, 211, 29
1, 218, 9
1, 228, 47
1, 231, 32
1, 241, 38
1, 247, 27
1, 247, 34
1, 255, 43
1, 256, 17
1, 267, 48
1, 269, 20
1, 276, 18
1, 287, 18
1, 289, 12
1, 290, 27
1, 293, 5
1, 297, 38
1, 300, 13
1, 311, 49
1, 320, 14
1, 327, 29
1, 327, 30
1, 336, 23
1, 337, 5
1, 338, 29
1, 344, 35
1, 346, 21
1, 347, 52
1, 352, 43
1, 364, 32
1, 366, 15
1, 370, 34
1, 387, 48
1, 389, 9
1, 391, 35
1, 396, 18
1, 399, 25
2, 2, 13
2, 2, 28
2, 3, 44
2, 6, 39
2, 10, 11
2, 15, 34
2, 15, 60
2, 23, 7
2, 24, 19
2, 24, 42
2, 27, 22
2, 30, 36
2, 32, 21
2, 32, 24
2, 38, 37
2, 45, 36
2, 47, 16
2, 48, 9
2, 59, 31
2, 59, 35
2, 63, 11
2, 68, 46
2, 72, 58
2, 87, 11
2, 89, 53
2, 93, 55
2, 96, 4
2, 97, 3
2, 102, 40
2, 104, 44
2, 105, 42
2, 109, 33
2, 110, 15
2, 117, 34
2, 119, 7
2, 120, 24
2, 121, 28
2, 122, 25
2, 128, 24
2, 128, 50
2, 132, 39
2, 136, 33
2, 137, 27
2, 138, 39
2, 140, 2
2, 142, 9
2, 147, 46
2, 167, 21
2, 169, 42
2, 171, 58
2, 174, 47
2, 183, 19
2, 186, 3
2, 187, 19
2, 195, 16
2, 196, 39
2, 207, 42
2, 214, 41
2, 217, 22
2, 225, 19
2, 225, 37
2, 225, 47
2, 227, 44
2, 230, 26
2, 232, 12
2, 244, 36
2, 244, 47
2, 252, 14
2, 252, 50
2, 256, 34
2, 258, 60
2, 261, 41
2, 266, 22
2, 268, 53
2, 278, 27
2, 279, 15
2, 279, 24
2, 281, 31
2, 287, 2
2, 290, 24
2, 291, 35
2, 292, 4
2, 294, 42
2, 299, 7
2, 304, 26
2, 309, 33
2, 313, 2
2, 315, 60
2, 323, 53
2, 326, 37
2, 329, 29
2, 334, 9
2, 337, 3
2, 342, 46
2, 343, 16
2, 346, 28
2, 352, 11
2, 355, 55
2, 356, 47
2, 363, 11
2, 366, 44
2, 381, 16
2, 383, 12
2, 383, 26
2, 386, 31
2, 388, 41
2, 393, 50
3, 1, 19
3, 4, 9
3, 9, 29
3, 11, 6
3, 18, 59
3, 19, 51
3, 23, 42
3, 23, 57
3, 24, 46
3, 38, 2
3, 42, 15
3, 42, 43
3, 53, 32
3, 57, 26
3, 58, 33
3, 62, 45
3, 65, 54
3, 67, 58
3, 68, 41
3, 71, 21
3, 74, 30
3, 78, 46
3, 80, 44
3, 81, 5
3, 85, 9
3, 88, 29
3, 89, 43
3, 92, 6
3, 93, 16
3, 96, 15
3, 97, 26
3, 97, 44
3, 115, 2
3, 116, 14
3, 122, 19
3, 149, 15
3, 155, 56
3, 156, 12
3, 157, 48
3, 167, 33
3, 173, 54
3, 176, 45
3, 183, 46
3, 184, 42
3, 184, 44
3, 189, 60
3, 191, 35
3, 198, 21
3, 202, 48
3, 206, 6
3, 206, 59
3, 207, 29
3, 209, 12
3, 214, 57
3, 221, 16
3, 234, 26
3, 237, 43
3, 246, 5
3, 246, 43
3, 255, 2
3, 262, 16
3, 269, 9
3, 269, 46
3, 278, 51
3, 285, 33
3, 288, 30
3, 292, 54
3, 293, 44
3, 295, 15
3, 295, 19
3, 300, 43
3, 301, 41
3, 304, 44
3, 304, 60
3, 307, 58
3, 332, 29
3, 342, 21
3, 343, 5
3, 347, 30
3, 353, 16
3, 355, 12
3, 355, 56
3, 360, 48
3, 365, 48
3, 366, 33
3, 368, 43
3, 370, 46
3, 374, 45
3, 388, 35
3, 388, 51
3, 389, 57
3, 390, 9
3, 397, 29
4, 4, 20
4, 8, 51
4, 10, 53
4, 14, 9
4, 14, 35
4, 22, 11
4, 26, 22
4, 35, 12
4, 35, 22
4, 44, 61
4, 47, 33
4, 61, 14
4, 62, 53
4, 64, 41
4, 65, 34
4, 74, 54
4, 77, 12
4, 78, 18
4, 79, 17
4, 89, 50
4, 94, 19
4, 109, 52
4, 111, 10
4, 114, 39
4, 114, 48
4, 115, 6
4, 124, 4
4, 128, 38
4, 137, 42
4, 139, 33
4, 142, 51
4, 144, 7
4, 150, 21
4, 150, 36
4, 157, 18
4, 162, 26
4, 166, 24
4, 171, 20
4, 171, 53
4, 177, 10
4, 179, 24
4, 181, 39
4, 184, 37
4, 188, 17
4, 200, 11
4, 206, 48
4, 209, 36
4, 212, 12
4, 215, 19
4, 224, 7
4, 224, 38
4, 225, 24
4, 227, 39
4, 227, 50
4, 229, 9
4, 231, 35
4, 235, 54
4, 244, 14
4, 245, 22
4, 257, 18
4, 257, 41
4, 260, 44
4, 264, 41
4, 269, 33
4, 269, 35
4, 271, 52
4, 272, 17
4, 274, 4
4, 280, 20
4, 285, 48
4, 285, 51
4, 288, 26
4, 306, 6
4, 309, 43
4, 310, 53
4, 311, 10
4, 312, 24
4, 313, 14
4, 314, 19
4, 319, 11
4, 319, 19
4, 319, 54
4, 322, 34
4, 322, 70
4, 324, 51
4, 328, 41
4, 330, 37
4, 334, 21
4, 344, 61
4, 345, 7
4, 346, 17
4, 349, 11
4, 349, 42
4, 352, 36
4, 357, 54
4, 361, 51
4, 373, 24
4, 375, 43
4, 378, 48
4, 388, 22
4, 390, 9
4, 397, 35
5, 1, 31
5, 7, 22
5, 23, 14
5, 24, 56
5, 27, 27
5, 27, 51
5, 37, 25
5, 39, 38
5, 44, 3
5, 45, 40
5, 46, 32
5, 50, 5
5, 52, 47
5, 52, 54
5, 68, 59
5, 69, 1
5, 77, 33
5, 82, 25
5, 83, 41
5, 87, 12
5, 91, 10
5, 91, 14
5, 95, 49
5, 98, 20
5, 100, 3
5, 104, 12
5, 113, 51
5, 115, 31
5, 119, 19
5, 129, 27
5, 130, 44
5, 135, 19
5, 136, 27
5, 139, 10
5, 139, 13
5, 141, 13
5, 149, 42
5, 149, 47
5, 150, 31
5, 155, 14
5, 156, 49
5, 159, 25
5, 159, 34
5, 160, 42
5, 163, 40
5, 164, 56
5, 166, 35
5, 174, 22
5, 178, 54
5, 182, 31
5, 187, 23
5, 187, 47
5, 189, 14
5, 197, 31
5, 198, 30
5, 205, 29
5, 206, 56
5, 207, 27
5, 213, 49
5, 214, 20
5, 216, 38
5, 220, 41
5, 227, 27
5, 230, 12
5, 236, 19
5, 240, 44
5, 241, 38
5, 243, 3
5, 244, 23
5, 244, 32
5, 262, 65
5, 263, 10
5, 268, 25
5, 268, 51
5, 272, 27
5, 273, 35
5, 273, 40
5, 274, 42
5, 275, 5
5, 285, 27
5, 290, 30
5, 290, 54
5, 292, 12
5, 299, 20
5, 304, 41
5, 309, 29
5, 309, 48
5, 309, 49
5, 312, 3
5, 315, 22
5, 321, 14
5, 321, 56
5, 327, 34
5, 334, 1
5, 334, 47
5, 334, 54
5, 348, 51
5, 351, 42
5, 359, 10
5, 359, 32
5, 360, 20
5, 361, 59
5, 363, 25
5, 365, 13
5, 368, 27
5, 370, 41
5, 373, 1
5, 378, 38
5, 388, 10
5, 389, 48
5, 399, 31
6, 14, 7
6, 21, 20
6, 21, 40
6, 21, 48
6, 23, 18
6, 27, 47
6, 28, 1
6, 31, 32
6, 41, 19
6, 52, 23
6, 62, 13
6, 70, 4
6, 72, 12
6, 73, 50
6, 80, 11
6, 83, 8
6, 84, 43
6, 88, 45
6, 89, 20
6, 95, 33
6, 97, 5
6, 102, 19
6, 106, 35
6, 107, 39
6, 108, 23
6, 114, 25
6, 125, 38
6, 126, 47
6, 130, 54
6, 131, 23
6, 138, 50
6, 139, 6
6, 139, 9
6, 142, 1
6, 144, 22
6, 154, 7
6, 159, 32
6, 163, 7
6, 168, 51
6, 181, 50
6, 195, 18
6, 205, 39
6, 207, 22
6, 213, 31
6, 223, 40
6, 223, 43
6, 224, 35
6, 230, 45
6, 240, 37
6, 257, 19
6, 258, 49
6, 259, 20
6, 265, 33
6, 267, 52
6, 271, 12
6, 275, 19
6, 277, 9
6, 279, 32
6, 281, 3
6, 281, 33
6, 285, 38
6, 287, 40
6, 293, 10
6, 294, 25
6, 295, 48
6, 300, 45
6, 301, 37
6, 306, 50
6, 313, 5
6, 317, 50
6, 319, 54
6, 320, 13
6, 324, 51
6, 329, 5
6, 335, 23
6, 336, 47
6, 347, 18
6, 347, 22
6, 349, 46
6, 352, 31
6, 357, 46
6, 363, 32
6, 365, 35
6, 366, 1
6, 366, 3
6, 370, 49
6, 372, 7
6, 375, 50
6, 376, 33
6, 378, 37
6, 383, 20
6, 385, 19
6, 391, 8
6, 394, 43
6, 396, 4
6, 396, 52
7, 2, 56
7, 4, 12
7, 7, 33
7, 8, 48
7, 14, 11
7, 18, 4
7, 18, 27
7, 18, 42
7, 29, 21
7, 31, 2
7, 31, 10
7, 31, 36
7, 31, 39
7, 34, 6
7, 43, 19
7, 45, 55
7, 53, 23
7, 60, 14
7, 61, 33
7, 64, 26
7, 64, 55
7, 69, 45
7, 75, 37
7, 76, 20
7, 83, 6
7, 87, 59
7, 93, 28
7, 98, 26
7, 105, 10
7, 105, 18
7, 108, 46
7, 110, 6
7, 110, 56
7, 115, 21
7, 134, 4
7, 135, 26
7, 140, 20
7, 143, 42
7, 145, 39
7, 149, 35
7, 161, 50
7, 162, 40
7, 164, 27
7, 167, 16
7, 173, 55
7, 175, 48
7, 177, 43
7, 190, 30
7, 194, 38
7, 196, 32
7, 199, 39
7, 217, 11
7, 220, 21
7, 222, 55
7, 227, 35
7, 228, 28
7, 234, 48
7, 237, 45
7, 240, 42
7, 242, 13
7, 247, 55
7, 248, 21
7, 250, 2
7, 258, 33
7, 260, 26
7, 267, 12
7, 267, 40
7, 270, 6
7, 273, 23
7, 275, 10
7, 276, 61
7, 278, 20
7, 286, 46
7, 289, 12
7, 289, 32
7, 291, 27
7, 294, 56
7, 300, 16
7, 308, 21
7, 319, 25
7, 319, 43
7, 323, 40
7, 327, 18
7, 328, 14
7, 329, 37
7, 330, 50
7, 335, 48
7, 337, 36
7, 342, 10
7, 343, 26
7, 346, 60
7, 350, 18
7, 352, 2
7, 357, 55
7, 358, 38
7, 362, 36
7, 362, 59
7, 374, 45
7, 379, 30
7, 380, 36
7, 381, 42
7, 383, 13
7, 387, 18
7, 389, 39
7, 391, 39
7, 394, 13
7, 394, 26
8, 1, 1
8, 1, 53
8, 3, 27
8, 10, 33
8, 16, 28
8, 19, 55
8, 23, 48
8, 24, 17
8, 25, 13
8, 31, 36
8, 37, 34
8, 42, 37
8, 42, 50
8, 44, 8
8, 44, 14
8, 50, 3
8, 58, 6
8, 63, 13
8, 64, 44
8, 65, 20
8, 66, 40
8, 73, 52
8, 81, 33
8, 94, 29
8, 100, 35
8, 101, 8
8, 102, 28
8, 104, 33
8, 113, 24
8, 117, 6
8, 118, 22
8, 123, 14
8, 123, 26
8, 129, 10
8, 136, 20
8, 136, 40
8, 139, 1
8, 139, 41
8, 141, 12
8, 141, 44
8, 147, 17
8, 157, 53
8, 163, 24
8, 172, 22
8, 177, 13
8, 180, 34
8, 185, 35
8, 188, 14
8, 188, 48
8, 191, 28
8, 192, 48
8, 193, 55
8, 197, 35
8, 204, 34
8, 204, 62
8, 209, 50
8, 211, 27
8, 215, 16
8, 220, 47
8, 236, 29
8, 236, 33
8, 236, 50
8, 238, 27
8, 243, 26
8, 243, 31
8, 244, 40
8, 247, 37
8, 248, 1
8, 248, 52
8, 249, 8
8, 249, 44
8, 279, 27
8, 280, 52
8, 294, 35
8, 299, 6
8, 300, 14
8, 301, 33
8, 305, 3
8, 305, 68
8, 308, 22
8, 309, 26
8, 309, 36
8, 310, 34
8, 311, 20
8, 317, 17
8, 318, 48
8, 319, 50
8, 326, 8
8, 336, 6
8, 338, 31
8, 339, 47
8, 348, 41
8, 350, 53
8, 358, 24
8, 363, 34
8, 374, 50
8, 376, 27
8, 383, 3
8, 397, 62
8, 398, 10
9, 5, 43
9, 8, 16
9, 8, 44
9, 13, 8
9, 14, 42
9, 16, 18
9, 20, 7
9, 21, 39
9, 24, 3
9, 24, 14
9, 24, 29
9, 28, 27
9, 34, 41
9, 35, 22
9, 35, 30
9, 36, 46
9, 38, 41
9, 38, 49
9, 40, 9
9, 44, 16
9, 47, 5
9, 52, 52
9, 68, 47
9, 69, 14
9, 73, 17
9, 73, 57
9, 76, 13
9, 80, 45
9, 83, 11
9, 88, 13
9, 99, 54
9, 101, 17
9, 102, 18
9, 102, 24
9, 103, 31
9, 105, 42
9, 109, 46
9, 112, 9
9, 118, 42
9, 120, 52
9, 126, 3
9, 126, 47
9, 130, 41
9, 140, 44
9, 141, 39
9, 142, 8
9, 143, 29
9, 146, 54
9, 148, 5
9, 156, 46
9, 163, 14
9, 164, 33
9, 168, 22
9, 173, 39
9, 176, 21
9, 179, 49
9, 192, 61
9, 194, 27
9, 196, 18
9, 198, 47
9, 198, 57
9, 213, 20
9, 215, 44
9, 223, 45
9, 231, 24
9, 233, 55
9, 238, 41
9, 239, 49
9, 241, 11
9, 245, 17
9, 251, 29
9, 253, 55
9, 257, 7
9, 260, 52
9, 268, 33
9, 273, 42
9, 274, 54
9, 276, 9
9, 276, 22
9, 278, 27
9, 281, 16
9, 283, 7
9, 286, 16
9, 286, 46
9, 286, 57
9, 301, 49
9, 302, 39
9, 307, 25
9, 314, 30
9, 317, 8
9, 326, 45
9, 330, 31
9, 330, 52
9, 345, 33
9, 346, 14
9, 347, 21
9, 347, 45
9, 350, 13
9, 352, 7
9, 355, 41
9, 361, 20
9, 366, 54
9, 367, 25
9, 368, 7
9, 372, 9
9, 376, 49
9, 377, 11
9, 377, 18
9, 379, 61
9, 384, 55
9, 386, 27
9, 391, 22
9, 392, 29
9, 395, 13
9, 395, 21
9, 397, 3
9, 397, 19
9, 399, 24
9, 399, 47
10, 2, 31
10, 13, 52
10, 22, 47
10, 23, 50
10, 27, 51
10, 28, 44
10, 32, 30
10, 33, 26
10, 49, 60
10, 51, 28
10, 53, 33
10, 57, 15
10, 61, 8
10, 61, 27
10, 63, 38
10, 64, 35
10, 73, 38
10, 76, 30
10, 77, 14
10, 82, 3
10, 85, 24
10, 87, 52
10, 96, 36
10, 97, 10
10, 103, 35
10, 103, 52
10, 105, 47
10, 112, 5
10, 113, 44
10, 117, 50
10, 134, 21
10, 135, 28
10, 140, 32
10, 143, 13
10, 143, 36
10, 146, 52
10, 147, 26
10, 149, 58
10, 162, 10
10, 164, 59
10, 168, 35
10, 175, 25
10, 178, 20
10, 185, 18
10, 203, 38
10, 203, 47
10, 211, 36
10, 216, 55
10, 220, 28
10, 220, 30
10, 221, 58
10, 223, 31
10, 225, 15
10, 237, 36
10, 250, 60
10, 257, 50
10, 266, 23
10, 267, 17
10, 268, 5
10, 268, 30
10, 270, 33
10, 271, 5
10, 273, 27
10, 281, 13
10, 283, 59
10, 284, 31
10, 287, 21
10, 287, 35
10, 287, 50
10, 288, 44
10, 290, 14
10, 291, 33
10, 294, 25
10, 294, 47
10, 296, 33
10, 297, 52
10, 303, 23
10, 319, 15
10, 324, 18
10, 334, 24
10, 338, 3
10, 341, 44
10, 343, 25
10, 378, 21
10, 380, 31
10, 382, 14
10, 382, 18
10, 382, 59
10, 388, 52
10, 389, 50
10, 389, 58
10, 391, 28
10, 395, 6
10, 395, 36
10, 397, 32
10, 398, 5
11, 2, 42
11, 16, 48
11, 19, 33
11, 22, 32
11, 27, 24
11, 28, 29
11, 34, 34
11, 37, 45
11, 39, 14
11, 45, 7
11, 53, 9
11, 53, 16
11, 56, 32
11, 58, 50
11, 59, 11
11, 68, 22
11, 68, 39
11, 78, 8
11, 79, 60
11, 85, 6
11, 92, 18
11, 93, 53
11, 100, 2
11, 105, 48
11, 109, 7
11, 109, 33
11, 110, 25
11, 112, 10
11, 120, 6
11, 120, 51
11, 123, 45
11, 124, 48
11, 125, 33
11, 126, 14
11, 128, 47
11, 146, 47
11, 147, 46
11, 148, 6
11, 159, 51
11, 167, 19
11, 167, 45
11, 174, 29
11, 177, 46
11, 178, 18
11, 179, 25
11, 187, 11
11, 189, 37
11, 191, 21
11, 203, 10
11, 209, 42
11, 216, 24
11, 217, 60
11, 219, 50
11, 220, 16
11, 221, 48
11, 222, 9
11, 222, 42
11, 233, 32
11, 251, 37
11, 261, 22
11, 263, 33
11, 268, 34
11, 277, 45
11, 286, 11
11, 295, 51
11, 297, 19
11, 300, 8
11, 303, 24
11, 310, 34
11, 313, 2
11, 317, 39
11, 320, 10
11, 323, 29
11, 325, 21
11, 325, 37
11, 327, 50
11, 330, 7
11, 332, 22
11, 338, 47
11, 339, 10
11, 345, 6
11, 346, 2
11, 349, 16
11, 353, 42
11, 361, 24
11, 365, 48
11, 373, 46
11, 381, 37
11, 381, 42
11, 387, 18
11, 388, 9
12, 2, 10
12, 4, 11
12, 6, 2
12, 7, 27
12, 9, 13
12, 12, 34
12, 15, 16
12, 22, 45
12, 26, 19
12, 28, 38
12, 32, 40
12, 42, 42
12, 45, 12
12, 46, 32
12, 51, 13
12, 54, 27
12, 63, 54
12, 65, 5
12, 69, 32
12, 72, 23
12, 80, 53
12, 86, 56
12, 90, 12
12, 94, 2
12, 102, 11
12, 107, 54
12, 113, 38
12, 119, 42
12, 121, 6
12, 125, 9
12, 128, 34
12, 130, 54
12, 133, 5
12, 145, 60
12, 146, 37
12, 150, 54
12, 153, 30
12, 157, 53
12, 158, 20
12, 161, 27
12, 173, 52
12, 182, 16
12, 183, 32
12, 186, 32
12, 188, 27
12, 192, 31
12, 193, 19
12, 195, 42
12, 204, 31
12, 204, 34
12, 205, 28
12, 215, 40
12, 226, 16
12, 234, 20
12, 236, 54
12, 239, 43
12, 246, 15
12, 257, 16
12, 261, 10
12, 261, 13
12, 270, 53
12, 272, 56
12, 273, 30
12, 285, 27
12, 286, 54
12, 289, 5
12, 290, 38
12, 294, 27
12, 295, 55
12, 297, 9
12, 305, 9
12, 315, 37
12, 320, 24
12, 320, 56
12, 329, 52
12, 333, 20
12, 333, 34
12, 336, 23
12, 340, 31
12, 344, 45
12, 348, 28
12, 350, 38
12, 352, 27
12, 353, 12
12, 354, 30
12, 364, 2
12, 365, 16
12, 365, 37
12, 366, 40
12, 367, 24
12, 374, 53
12, 376, 19
12, 380, 27
12, 389, 43
12, 392, 53
12, 399, 20
13, 6, 45
13, 8, 47
13, 18, 2
13, 18, 10
13, 29, 11
13, 30, 4
13, 35, 41
13, 39, 21
13, 44, 17
13, 49, 51
13, 52, 39
13, 53, 19
13, 58, 22
13, 62, 34
13, 71, 3
13, 72, 38
13, 74, 36
13, 75, 10
13, 83, 33
13, 83, 47
13, 98, 51
13, 99, 2
13, 99, 47
13, 107, 14
13, 118, 27
13, 128, 35
13, 128, 39
13, 131, 23
13, 141, 21
13, 143, 14
13, 147, 12
13, 149, 2
13, 150, 24
13, 161, 45
13, 167, 21
13, 168, 13
13, 168, 22
13, 177, 54
13, 180, 17
13, 183, 27
13, 186, 45
13, 187, 36
13, 195, 17
13, 208, 19
13, 210, 12
13, 210, 34
13, 214, 51
13, 219, 39
13, 220, 49
13, 227, 23
13, 235, 41
13, 246, 4
13, 251, 3
13, 254, 10
13, 255, 46
13, 257, 27
13, 268, 33
13, 269, 54
13, 276, 12
13, 276, 39
13, 279, 58
13, 280, 23
13, 280, 45
13, 282, 35
13, 287, 54
13, 304, 35
13, 313, 14
13, 314, 21
13, 320, 17
13, 329, 13
13, 330, 2
13, 332, 3
13, 339, 24
13, 342, 34
13, 342, 56
13, 358, 47
13, 359, 28
13, 362, 3
13, 366, 21
13, 371, 12
13, 373, 54
13, 379, 38
13, 392, 4
13, 394, 13
13, 395, 2
14, 2, 16
14, 7, 13
14, 11, 21
14, 11, 58
14, 15, 17
14, 32, 9
14, 33, 1
14, 38, 11
14, 42, 12
14, 50, 22
14, 51, 18
14, 51, 43
14, 59, 4
14, 61, 34
14, 62, 30
14, 63, 10
14, 63, 52
14, 70, 52
14, 75, 39
14, 76, 61
14, 90, 28
14, 92, 23
14, 92, 53
14, 94, 25
14, 94, 47
14, 97, 38
14, 100, 48
14, 102, 2
14, 109, 8
14, 113, 1
14, 113, 44
14, 119, 56
14, 122, 4
14, 125, 1
14, 130, 37
14, 131, 9
14, 131, 19
14, 134, 37
14, 134, 45
14, 140, 14
14, 141, 12
14, 145, 28
14, 149, 30
14, 153, 41
14, 157, 49
14, 158, 13
14, 160, 34
14, 166, 17
14, 172, 9
14, 174, 40
14, 176, 12
14, 176, 14
14, 186, 42
14, 188, 39
14, 195, 45
14, 196, 37
14, 196, 48
14, 197, 48
14, 198, 53
14, 199, 25
14, 209, 30
14, 216, 61
14, 222, 54
14, 225, 56
14, 228, 40
14, 231, 25
14, 246, 21
14, 253, 58
14, 260, 52
14, 261, 8
14, 263, 10
14, 263, 52
14, 267, 2
14, 267, 47
14, 277, 17
14, 280, 25
14, 280, 34
14, 283, 1
14, 283, 17
14, 285, 39
14, 286, 43
14, 302, 16
14, 303, 4
14, 303, 12
14, 304, 16
14, 307, 48
14, 311, 1
14, 314, 3
14, 314, 56
14, 318, 25
14, 321, 40
14, 322, 43
14, 333, 30
14, 334, 23
14, 340, 28
14, 342, 37
14, 350, 54
14, 351, 38
14, 352, 34
14, 353, 61
14, 357, 48
14, 357, 58
14, 361, 53
14, 362, 45
14, 365, 2
14, 365, 34
14, 366, 13
14, 372, 1
14, 373, 18
14, 373, 42
14, 378, 9
14, 378, 16
14, 381, 43
14, 383, 3
14, 384, 4
14, 384, 39
14, 395, 40
14, 399, 14
15, 1, 32
15, 3, 37
15, 13, 48
15, 18, 28
15, 19, 23
15, 20, 28
15, 24, 38
15, 27, 49
15, 34, 18
15, 34, 31
15, 47, 6
15, 52, 55
15, 54, 3
15, 58, 47
15, 63, 7
15, 65, 22
15, 65, 57
15, 70, 28
15, 71, 8
15, 74, 1
15, 78, 22
15, 85, 29
15, 87, 6
15, 90, 33
15, 92, 43
15, 94, 47
15, 102, 11
15, 102, 22
15, 105, 2
15, 111, 37
15, 116, 19
15, 121, 28
15, 123, 53
15, 125, 31
15, 129, 11
15, 141, 10
15, 142, 35
15, 144, 55
15, 148, 49
15, 152, 3
15, 152, 43
15, 153, 50
15, 153, 55
15, 154, 32
15, 173, 28
15, 173, 51
15, 174, 8
15, 180, 46
15, 183, 37
15, 186, 23
15, 223, 33
15, 223, 48
15, 228, 40
15, 239, 29
15, 245, 28
15, 247, 19
15, 253, 45
15, 256, 22
15, 258, 43
15, 261, 18
15, 261, 51
15, 267, 32
15, 268, 19
15, 273, 43
15, 279, 19
15, 283, 6
15, 283, 57
15, 284, 37
15, 290, 49
15, 292, 53
15, 293, 11
15, 294, 3
15, 295, 40
15, 299, 23
15, 300, 31
15, 305, 47
15, 306, 1
15, 306, 12
15, 321, 28
15, 321, 35
15, 323, 24
15, 324, 47
15, 326, 8
15, 326, 10
15, 338, 46
15, 339, 6
15, 341, 19
15, 345, 18
15, 346, 48
15, 355, 55
15, 362, 29
15, 362, 38
15, 368, 33
15, 373, 49
15, 380, 51
15, 380, 53
15, 381, 57
15, 382, 32
15, 391, 32
15, 396, 40
15, 397, 37
16, 10, 42
16, 12, 5
16, 15, 31
16, 16, 10
16, 16, 54
16, 18, 11
16, 24, 18
16, 32, 24
16, 34, 12
16, 39, 55
16, 42, 5
16, 47, 10
16, 51, 42
16, 52, 5
16, 57, 16
16, 63, 6
16, 64, 43
16, 67, 37
16, 68, 13
16, 69, 29
16, 72, 9
16, 75, 39
16, 79, 35
16, 88, 58
16, 90, 8
16, 91, 34
16, 98, 36
16, 103, 12
16, 103, 30
16, 106, 14
16, 106, 26
16, 107, 25
16, 109, 27
16, 111, 3
16, 121, 44
16, 122, 7
16, 130, 24
16, 133, 6
16, 135, 21
16, 135, 35
16, 150, 36
16, 152, 10
16, 152, 47
16, 155, 11
16, 159, 29
16, 163, 34
16, 163, 42
16, 164, 49
16, 165, 56
16, 177, 42
16, 179, 24
16, 179, 37
16, 182, 5
16, 192, 40
16, 192, 54
16, 204, 31
16, 204, 42
16, 213, 16
16, 217, 9
16, 218, 46
16, 223, 37
16, 233, 21
16, 234, 55
16, 236, 43
16, 237, 13
16, 249, 35
16, 255, 6
16, 256, 39
16, 258, 35
16, 265, 58
16, 266, 42
16, 268, 12
16, 268, 40
16, 273, 7
16, 274, 1
16, 275, 3
16, 275, 14
16, 294, 29
16, 295, 12
16, 296, 18
16, 296, 34
16, 297, 8
16, 301, 24
16, 303, 39
16, 306, 36
16, 314, 29
16, 317, 36
16, 318, 58
16, 320, 5
16, 321, 49
16, 327, 26
16, 329, 6
16, 339, 3
16, 346, 54
16, 351, 9
16, 351, 48
16, 354, 44
16, 356, 35
16, 362, 7
16, 362, 56
16, 363, 5
16, 364, 46
16, 373, 5
16, 374, 24
16, 374, 55
16, 377, 21
16, 379, 3
16, 381, 1
16, 382, 11
16, 382, 23
16, 383, 62
16, 384, 27
16, 389, 49
16, 396, 46
16, 399, 5
17, 1, 4
17, 2, 25
17, 6, 20
17, 11, 25
17, 18, 49
17, 20, 33
17, 24, 35
17, 27, 41
17, 28, 24
17, 35, 59
17, 38, 4
17, 38, 33
17, 42, 26
17, 44, 39
17, 57, 50
17, 58, 15
17, 59, 34
17, 60, 44
17, 61, 22
17, 67, 30
17, 68, 17
17, 68, 21
17, 69, 18
17, 69, 44
17, 69, 59
17, 72, 12
17, 74, 34
17, 75, 28
17, 77, 10
17, 78, 50
17, 79, 43
17, 80, 4
17, 81, 37
17, 82, 26
17, 113, 24
17, 115, 16
17, 120, 50
17, 126, 35
17, 134, 50
17, 135, 39
17, 139, 43
17, 141, 4
17, 143, 17
17, 146, 29
17, 147, 22
17, 149, 46
17, 153, 52
17, 156, 19
17, 158, 35
17, 165, 12
17, 170, 18
17, 171, 39
17, 175, 15
17, 175, 41
17, 176, 25
17, 179, 60
17, 194, 33
17, 195, 13
17, 209, 34
17, 212, 10
17, 215, 18
17, 216, 28
17, 226, 20
17, 231, 37
17, 236, 46
17, 236, 49
17, 239, 15
17, 243, 34
17, 245, 22
17, 251, 43
17, 253, 20
17, 254, 39
17, 259, 16
17, 262, 33
17, 264, 20
17, 267, 17
17, 267, 24
17, 267, 59
17, 268, 53
17, 273, 10
17, 274, 26
17, 284, 34
17, 288, 58
17, 296, 50
17, 313, 34
17, 313, 35
17, 313, 52
17, 315, 19
17, 323, 30
17, 326, 16
17, 326, 20
17, 327, 28
17, 330, 35
17, 332, 22
17, 334, 44
17, 336, 39
17, 337, 12
17, 338, 49
17, 346, 19
17, 354, 10
17, 355, 17
17, 355, 24
17, 357, 34
17, 357, 60
17, 359, 25
17, 364, 59
17, 369, 4
17, 372, 37
17, 377, 20
17, 377, 29
17, 379, 34
17, 386, 13
17, 388, 18
17, 393, 15
17, 395, 10
17, 395, 46
18, 4, 6
18, 9, 41
18, 12, 44
18, 17, 24
18, 20, 42
18, 21, 3
18, 23, 25
18, 27, 47
18, 32, 60
18, 34, 36
18, 37, 3
18, 37, 15
18, 40, 53
18, 42, 19
18, 48, 52
18, 50, 14
18, 53, 55
18, 54, 48
18, 56, 23
18, 67, 26
18, 72, 27
18, 75, 58
18, 79, 31
18, 79, 51
18, 81, 31
18, 88, 4
18, 89, 54
18, 94, 22
18, 95, 53
18, 96, 5
18, 97, 39
18, 101, 43
18, 107, 6
18, 112, 45
18, 120, 12
18, 124, 4
18, 124, 50
18, 126, 58
18, 135, 24
18, 138, 1
18, 147, 41
18, 152, 36
18, 164, 49
18, 166, 41
18, 169, 39
18, 170, 17
18, 171, 23
18, 178, 55
18, 184, 19
18, 184, 39
18, 194, 22
18, 195, 25
18, 195, 42
18, 197, 23
18, 198, 44
18, 202, 48
18, 203, 27
18, 203, 30
18, 206, 5
18, 206, 14
18, 206, 55
18, 209, 60
18, 211, 45
18, 213, 47
18, 218, 26
18, 219, 34
18, 229, 51
18, 233, 43
18, 236, 47
18, 238, 53
18, 240, 36
18, 241, 27
18, 246, 48
18, 247, 54
18, 248, 52
18, 250, 48
18, 253, 22
18, 264, 50
18, 271, 39
18, 272, 1
18, 274, 39
18, 276, 14
18, 276, 42
18, 276, 49
18, 279, 58
18, 283, 34
18, 287, 15
18, 288, 31
18, 298, 26
18, 302, 17
18, 306, 3
18, 307, 26
18, 313, 4
18, 313, 12
18, 321, 23
18, 333, 6
18, 334, 11
18, 340, 36
18, 340, 45
18, 340, 48
18, 341, 42
18, 348, 53
18, 349, 6
18, 349, 32
18, 362, 23
18, 366, 43
18, 367, 55
18, 371, 41
18, 377, 39
18, 395, 51
18, 396, 25
18, 396, 30
19, 1, 32
19, 2, 18
19, 8, 50
19, 15, 62
19, 26, 23
19, 28, 49
19, 34, 1
19, 54, 54
19, 59, 3
19, 80, 10
19, 81, 16
19, 82, 11
19, 86, 29
19, 89, 57
19, 95, 12
19, 96, 18
19, 100, 40
19, 100, 50
19, 102, 13
19, 104, 34
19, 105, 43
19, 112, 5
19, 115, 34
19, 117, 22
19, 117, 45
19, 122, 16
19, 130, 39
19, 131, 7
19, 155, 44
19, 167, 23
19, 173, 49
19, 176, 20
19, 193, 39
19, 193, 40
19, 201, 41
19, 204, 64
19, 213, 18
19, 214, 57
19, 218, 25
19, 220, 13
19, 220, 32
19, 222, 18
19, 222, 35
19, 225, 5
19, 226, 50
19, 230, 39
19, 231, 10
19, 240, 43
19, 246, 29
19, 247, 10
19, 250, 62
19, 251, 3
19, 254, 23
19, 256, 12
19, 257, 12
19, 257, 31
19, 267, 45
19, 281, 34
19, 287, 44
19, 298, 1
19, 300, 32
19, 308, 1
19, 311, 18
19, 313, 16
19, 314, 44
19, 318, 57
19, 323, 7
19, 325, 41
19, 325, 49
19, 350, 3
19, 351, 5
19, 359, 10
19, 361, 31
19, 363, 43
19, 373, 50
19, 378, 45
19, 380, 49
19, 387, 32
19, 397, 22
19, 397, 35
19, 399, 44
