0, 0, 0
0, 1, 0
0, 2, 0
0, 3, 0
0, 4, 0
0, 5, 0
0, 6, 0
0, 7, 0
0, 8, 0
0, 9, 0
0, 10, 0
0, 11, 0
0, 12, 0
0, 13, 0
0, 14, 0
0, 15, 0
0, 16, 0
0, 17, 0
0, 18, 0
0, 19, 0
0, 20, 0
0, 21, 0
0, 22, 0
0, 23, 0
0, 24, 0
0, 25, 0
0, 26, 0
0, 27, 0
0, 28, 0
0, 29, 0
0, 30, 0
0, 31, 0
0, 32, 0
0, 33, 0
0, 34, 0
0, 35, 0
0, 36, 0
0, 37, 0
0, 38, 0
0, 39, 0
0, 40, 0
0, 41, 0
0, 42, 0
0, 43, 0
0, 44, 0
0, 45, 0
0, 46, 0
0, 47, 0
0, 48, 0
0, 49, 0
0, 50, 0
0, 51, 0
0, 52, 0
0, 53, 0
0, 54, 0
0, 55, 0
0, 56, 0
0, 57, 0
0, 58, 0
0, 59, 0
0, 60, 0
0, 61, 0
0, 62, 0
0, 63, 0
0, 64, 0
0, 65, 0
0, 66, 0
0, 67, 0
0, 68, 0
0, 69, 0
0, 70, 0
0, 71, 0
0, 72, 0
0, 73, 0
0, 74, 0
0, 75, 0
0, 76, 0
0, 77, 0
0, 78, 0
0, 79, 0
0, 80, 0
0, 81, 0
0, 82, 0
0, 83, 0
0, 84, 0
0, 85, 0
0, 86, 0
0, 87, 0
0, 88, 0
0, 89, 0
0, 90, 0
0, 91, 0
0, 92, 0
0, 93, 0
0, 94, 0
0, 95, 0
0, 96, 0
0, 97, 0
0, 98, 0
0, 99, 0
0, 100, 0
0, 101, 0
0, 102, 0
0, 103, 0
0, 104, 0
0, 105, 0
0, 106, 0
0, 107, 0
0, 108, 0
0, 109, 0
0, 110, 0
0, 111, 0
0, 112, 0
0, 113, 0
0, 114, 0
0, 115, 0
0, 116, 0
0, 117, 0
0, 118, 0
0, 119, 0
0, 120, 0
0, 121, 0
0, 122, 0
0, 123, 0
0, 124, 0
0, 125, 0
0, 126, 0
0, 127, 0
0, 128, 0
0, 129, 0
0, 130, 0
0, 131, 0
0, 132, 0
0, 133, 0
0, 134, 0
0, 135, 0
0, 136, 0
0, 137, 0
0, 138, 0
0, 139, 0
0, 140, 0
0, 141, 0
0, 142, 0
0, 143, 0
0, 144, 0
0, 145, 0
0, 146, 0
0, 147, 0
0, 148, 0
0, 149, 0
0, 150, 0
0, 151, 0
0, 152, 0
0, 153, 0
0, 154, 0
0, 155, 0
0, 156, 0
0, 157, 0
0, 158, 0
0, 159, 0
0, 160, 0
0, 161, 0
0, 162, 0
0, 163, 0
0, 164, 0
0, 165, 0
0, 166, 0
0, 167, 0
0, 168, 0
0, 169, 0
0, 170, 0
0, 171, 0
0, 172, 0
0, 173, 0
0, 174, 0
0, 175, 0
0, 176, 0
0, 177, 0
0, 178, 0
0, 179, 0
0, 180, 0
0, 181, 0
0, 182, 0
0, 183, 0
0, 184, 0
0, 185, 0
0, 186, 0
0, 187, 0
0, 188, 0
0, 189, 0
0, 190, 0
0, 191, 0
0, 192, 0
0, 193, 0
0, 194, 0
0, 195, 0
0, 196, 0
0, 197, 0
0, 198, 0
0, 199, 0
0, 200, 0
0, 201, 0
0, 202, 0
0, 203, 0
0, 204, 0
0, 205, 0
0, 206, 0
0, 207, 0
0, 208, 0
0, 209, 0
0, 210, 0
0, 211, 0
0, 212, 0
0, 213, 0
0, 214, 0
0, 215, 0
0, 216, 0
0, 217, 0
0, 218, 0
0, 219, 0
0, 220, 0
0, 221, 0
0, 222, 0
0, 223, 0
0, 224, 0
0, 225, 0
0, 226, 0
0, 227, 0
0, 228, 0
0, 229, 0
0, 230, 0
0, 231, 0
0, 232, 0
0, 233, 0
0, 234, 0
0, 235, 0
0, 236, 0
0, 237, 0
0, 238, 0
0, 239, 0
0, 240, 0
0, 241, 0
0, 242, 0
0, 243, 0
0, 244, 0
0, 245, 0
0, 246, 0
0, 247, 0
0, 248, 0
0, 249, 0
0, 250, 0
0, 251, 0
0, 252, 0
0, 253, 0
0, 254, 0
0, 255, 0
0, 256, 0
0, 257, 0
0, 258, 0
0, 259, 0
0, 260, 0
0, 261, 0
0, 262, 0
0, 263, 0
0, 264, 0
0, 265, 0
0, 266, 0
0, 267, 0
0, 268, 0
0, 269, 0
0, 270, 0
0, 271, 0
0, 272, 0
0, 273, 0
0, 274, 0
0, 275, 0
0, 276, 0
0, 277, 0
0, 278, 0
0, 279, 0
0, 280, 0
0, 281, 0
0, 282, 0
0, 283, 0
0, 284, 0
0, 285, 0
0, 286, 0
0, 287, 0
0, 288, 0
0, 289, 0
0, 290, 0
0, 291, 0
0, 292, 0
0, 293, 0
0, 294, 0
0, 295, 0
0, 296, 0
0, 297, 0
0, 298, 0
0, 299, 0
0, 300, 0
0, 301, 0
0, 302, 0
0, 303, 0
0, 304, 0
0, 305, 0
0, 306, 0
0, 307, 0
0, 308, 0
0, 309, 0
0, 310, 0
0, 311, 0
0, 312, 0
0, 313, 0
0, 314, 0
0, 315, 0
0, 316, 0
0, 317, 0
0, 318, 0
0, 319, 0
0, 320, 0
0, 321, 0
0, 322, 0
0, 323, 0
0, 324, 0
0, 325, 0
0, 326, 0
0, 327, 0
0, 328, 0
0, 329, 0
0, 330, 0
0, 331, 0
0, 332, 0
0, 333, 0
0, 334, 0
0, 335, 0
0, 336, 0
0, 337, 0
0, 338, 0
0, 339, 0
0, 340, 0
0, 341, 0
0, 342, 0
0, 343, 0
0, 344, 0
0, 345, 0
0, 346, 0
0, 347, 0
0, 348, 0
0, 349, 0
0, 350, 0
0, 351, 0
0, 352, 0
0, 353, 0
0, 354, 0
0, 355, 0
0, 356, 0
0, 357, 0
0, 358, 0
0, 359, 0
0, 360, 0
0, 361, 0
0, 362, 0
0, 363, 0
0, 364, 0
0, 365, 0
0, 366, 0
0, 367, 0
0, 368, 0
0, 369, 0
0, 370, 0
0, 371, 0
0, 372, 0
0, 373, 0
0, 374, 0
0, 375, 0
0, 376, 0
0, 377, 0
0, 378, 0
0, 379, 0
0, 380, 0
0, 381, 0
0, 382, 0
0, 383, 0
0, 384, 0
0, 385, 0
0, 386, 0
0, 387, 0
0, 388, 0
0, 389, 0
0, 390, 0
0, 391, 0
0, 392, 0
0, 393, 0
0, 394, 0
0, 395, 0
0, 396, 0
0, 397, 0
0, 398, 0
0, 399, 0
1, 0, 0
1, 1, 48
1, 2, 31
1, 3, 49
1, 4, 31
1, 5, 49
1, 6, 44
1, 7, 49
1, 8, 47
1, 9, 49
1, 10, 29
1, 11, 41
1, 12, 48
1, 13, 43
1, 14, 48
1, 15, 41
1, 16, 0
1, 17, 49
1, 18, 44
1, 19, 37
1, 20, 48
1, 21, 45
1, 22, 48
1, 23, 39
1, 24, 47
1, 25, 45
1, 26, 12
1, 27, 39
1, 28, 42
1, 29, 49
1, 30, 47
1, 31, 31
1, 32, 44
1, 33, 48
1, 34, 39
1, 35, 47
1, 36, 49
1, 37, 49
1, 38, 44
1, 39, 46
1, 40, 38
1, 41, 43
1, 42, 48
1, 43, 49
1, 44, 46
1, 45, 46
1, 46, 38
1, 47, 43
1, 48, 46
1, 49, 49
1, 50, 42
1, 51, 35
1, 52, 48
1, 53, 43
1, 54, 44
1, 55, 48
1, 56, 45
1, 57, 47
1, 58, 41
1, 59, 49
1, 60, 46
1, 61, 48
1, 62, 48
1, 63, 39
1, 64, 48
1, 65, 45
1, 66, 36
1, 67, 45
1, 68, 14
1, 69, 46
1, 70, 29
1, 71, 44
1, 72, 34
1, 73, 37
1, 74, 48
1, 75, 45
1, 76, 43
1, 77, 46
1, 78, 33
1, 79, 45
1, 80, 48
1, 81, 39
1, 82, 48
1, 83, 46
1, 84, 44
1, 85, 47
1, 86, 48
1, 87, 48
1, 88, 45
1, 89, 43
1, 90, 47
1, 91, 46
1, 92, 39
1, 93, 46
1, 94, 48
1, 95, 46
1, 96, 48
1, 97, 40
1, 98, 45
1, 99, 48
1, 100, 36
1, 101, 45
1, 102, 48
1, 103, 39
1, 104, 26
1, 105, 49
1, 106, 48
1, 107, 45
1, 108, 44
1, 109, 43
1, 110, 48
1, 111, 43
1, 112, 48
1, 113, 33
1, 114, 33
1, 115, 45
1, 116, 39
1, 117, 43
1, 118, 48
1, 119, 17
1, 120, 35
1, 121, 46
1, 122, 48
1, 123, 39
1, 124, 48
1, 125, 43
1, 126, 36
1, 127, 48
1, 128, 43
1, 129, 49
1, 130, 42
1, 131, 43
1, 132, 45
1, 133, 49
1, 134, 39
1, 135, 49
1, 136, 42
1, 137, 46
1, 138, 4
1, 139, 45
1, 140, 44
1, 141, 46
1, 142, 46
1, 143, 45
1, 144, 47
1, 145, 33
1, 146, 48
1, 147, 43
1, 148, 40
1, 149, 49
1, 150, 38
1, 151, 41
1, 152, 49
1, 153, 47
1, 154, 37
1, 155, 45
1, 156, 44
1, 157, 39
1, 158, 42
1, 159, 48
1, 160, 44
1, 161, 43
1, 162, 48
1, 163, 49
1, 164, 23
1, 165, 45
1, 166, 47
1, 167, 49
1, 168, 14
1, 169, 47
1, 170, 42
1, 171, 45
1, 172, 33
1, 173, 47
1, 174, 25
1, 175, 49
1, 176, 46
1, 177, 48
1, 178, 11
1, 179, 45
1, 180, 48
1, 181, 49
1, 182, 36
1, 183, 49
1, 184, 33
1, 185, 41
1, 186, 48
1, 187, 47
1, 188, 43
1, 189, 47
1, 190, 17
1, 191, 45
1, 192, 44
1, 193, 41
1, 194, 48
1, 195, 49
1, 196, 43
1, 197, 49
1, 198, 46
1, 199, 49
1, 200, 28
1, 201, 49
1, 202, 40
1, 203, 39
1, 204, 48
1, 205, 46
1, 206, 48
1, 207, 48
1, 208, 48
1, 209, 48
1, 210, 31
1, 211, 40
1, 212, 46
1, 213, 49
1, 214, 48
1, 215, 39
1, 216, 43
1, 217, 49
1, 218, 48
1, 219, 40
1, 220, 48
1, 221, 46
1, 222, 41
1, 223, 43
1, 224, 38
1, 225, 33
1, 226, 46
1, 227, 41
1, 228, 48
1, 229, 37
1, 230, 48
1, 231, 41
1, 232, 35
1, 233, 47
1, 234, 19
1, 235, 49
1, 236, 49
1, 237, 29
1, 238, 39
1, 239, 47
1, 240, 39
1, 241, 45
1, 242, 41
1, 243, 47
1, 244, 32
1, 245, 45
1, 246, 49
1, 247, 46
1, 248, 45
1, 249, 33
1, 250, 42
1, 251, 45
1, 252, 48
1, 253, 43
1, 254, 48
1, 255, 48
1, 256, 17
1, 257, 45
1, 258, 48
1, 259, 45
1, 260, 37
1, 261, 49
1, 262, 47
1, 263, 49
1, 264, 46
1, 265, 49
1, 266, 44
1, 267, 47
1, 268, 43
1, 269, 45
1, 270, 33
1, 271, 49
1, 272, 42
1, 273, 39
1, 274, 48
1, 275, 35
1, 276, 38
1, 277, 46
1, 278, 48
1, 279, 44
1, 280, 36
1, 281, 49
1, 282, 46
1, 283, 49
1, 284, 44
1, 285, 43
1, 286, 47
1, 287, 33
1, 288, 46
1, 289, 45
1, 290, 37
1, 291, 49
1, 292, 40
1, 293, 47
1, 294, 28
1, 295, 49
1, 296, 48
1, 297, 46
1, 298, 41
1, 299, 46
1, 300, 40
1, 301, 47
1, 302, 39
1, 303, 33
1, 304, 48
1, 305, 45
1, 306, 43
1, 307, 44
1, 308, 45
1, 309, 44
1, 310, 41
1, 311, 49
1, 312, 38
1, 313, 46
1, 314, 48
1, 315, 39
1, 316, 42
1, 317, 43
1, 318, 47
1, 319, 49
1, 320, 48
1, 321, 45
1, 322, 46
1, 323, 48
1, 324, 43
1, 325, 48
1, 326, 44
1, 327, 41
1, 328, 46
1, 329, 33
1, 330, 46
1, 331, 48
1, 332, 45
1, 333, 48
1, 334, 43
1, 335, 46
1, 336, 44
1, 337, 48
1, 338, 44
1, 339, 40
1, 340, 48
1, 341, 43
1, 342, 38
1, 343, 49
1, 344, 45
1, 345, 46
1, 346, 46
1, 347, 46
1, 348, 9
1, 349, 46
1, 350, 34
1, 351, 48
1, 352, 41
1, 353, 47
1, 354, 47
1, 355, 43
1, 356, 34
1, 357, 49
1, 358, 44
1, 359, 39
1, 360, 48
1, 361, 35
1, 362, 48
1, 363, 46
1, 364, 47
1, 365, 44
1, 366, 41
1, 367, 43
1, 368, 29
1, 369, 46
1, 370, 48
1, 371, 43
1, 372, 44
1, 373, 49
1, 374, 41
1, 375, 43
1, 376, 42
1, 377, 37
1, 378, 46
1, 379, 45
1, 380, 49
1, 381, 42
1, 382, 39
1, 383, 48
1, 384, 46
1, 385, 44
1, 386, 46
1, 387, 49
1, 388, 38
1, 389, 29
1, 390, 48
1, 391, 37
1, 392, 48
1, 393, 45
1, 394, 0
1, 395, 49
1, 396, 41
1, 397, 48
1, 398, 48
1, 399, 47
2, 0, 0
2, 1, 48
2, 2, 16
2, 3, 48
2, 4, 35
2, 5, 44
2, 6, 0
2, 7, 45
2, 8, 0
2, 9, 44
2, 10, 41
2, 11, 48
2, 12, 38
2, 13, 46
2, 14, 0
2, 15, 48
2, 16, 46
2, 17, 44
2, 18, 0
2, 19, 44
2, 20, 0
2, 21, 40
2, 22, 34
2, 23, 44
2, 24, 0
2, 25, 46
2, 26, 48
2, 27, 46
2, 28, 0
2, 29, 48
2, 30, 0
2, 31, 40
2, 32, 0
2, 33, 42
2, 34, 44
2, 35, 46
2, 36, 42
2, 37, 46
2, 38, 0
2, 39, 46
2, 40, 0
2, 41, 42
2, 42, 0
2, 43, 45
2, 44, 0
2, 45, 48
2, 46, 0
2, 47, 48
2, 48, 0
2, 49, 44
2, 50, 0
2, 51, 45
2, 52, 45
2, 53, 47
2, 54, 24
2, 55, 46
2, 56, 46
2, 57, 42
2, 58, 30
2, 59, 46
2, 60, 0
2, 61, 42
2, 62, 0
2, 63, 46
2, 64, 0
2, 65, 46
2, 66, 36
2, 67, 45
2, 68, 47
2, 69, 42
2, 70, 47
2, 71, 44
2, 72, 0
2, 73, 44
2, 74, 41
2, 75, 42
2, 76, 47
2, 77, 48
2, 78, 32
2, 79, 46
2, 80, 0
2, 81, 44
2, 82, 27
2, 83, 48
2, 84, 0
2, 85, 46
2, 86, 32
2, 87, 42
2, 88, 0
2, 89, 37
2, 90, 0
2, 91, 48
2, 92, 44
2, 93, 45
2, 94, 0
2, 95, 48
2, 96, 32
2, 97, 46
2, 98, 47
2, 99, 46
2, 100, 28
2, 101, 48
2, 102, 0
2, 103, 46
2, 104, 26
2, 105, 42
2, 106, 48
2, 107, 46
2, 108, 0
2, 109, 38
2, 110, 0
2, 111, 44
2, 112, 0
2, 113, 46
2, 114, 47
2, 115, 48
2, 116, 41
2, 117, 28
2, 118, 0
2, 119, 48
2, 120, 47
2, 121, 42
2, 122, 42
2, 123, 48
2, 124, 0
2, 125, 47
2, 126, 0
2, 127, 48
2, 128, 47
2, 129, 40
2, 130, 0
2, 131, 48
2, 132, 46
2, 133, 48
2, 134, 45
2, 135, 47
2, 136, 0
2, 137, 44
2, 138, 35
2, 139, 48
2, 140, 46
2, 141, 40
2, 142, 0
2, 143, 48
2, 144, 10
2, 145, 44
2, 146, 36
2, 147, 46
2, 148, 44
2, 149, 46
2, 150, 0
2, 151, 46
2, 152, 14
2, 153, 48
2, 154, 28
2, 155, 48
2, 156, 32
2, 157, 47
2, 158, 44
2, 159, 48
2, 160, 0
2, 161, 42
2, 162, 0
2, 163, 47
2, 164, 36
2, 165, 38
2, 166, 0
2, 167, 46
2, 168, 38
2, 169, 46
2, 170, 4
2, 171, 48
2, 172, 46
2, 173, 47
2, 174, 20
2, 175, 46
2, 176, 42
2, 177, 48
2, 178, 44
2, 179, 47
2, 180, 0
2, 181, 32
2, 182, 0
2, 183, 42
2, 184, 48
2, 185, 46
2, 186, 24
2, 187, 46
2, 188, 40
2, 189, 47
2, 190, 38
2, 191, 46
2, 192, 38
2, 193, 46
2, 194, 0
2, 195, 47
2, 196, 47
2, 197, 44
2, 198, 34
2, 199, 40
2, 200, 0
2, 201, 46
2, 202, 11
2, 203, 44
2, 204, 0
2, 205, 48
2, 206, 24
2, 207, 45
2, 208, 20
2, 209, 46
2, 210, 4
2, 211, 48
2, 212, 0
2, 213, 48
2, 214, 0
2, 215, 44
2, 216, 22
2, 217, 46
2, 218, 10
2, 219, 46
2, 220, 0
2, 221, 42
2, 222, 37
2, 223, 46
2, 224, 0
2, 225, 48
2, 226, 0
2, 227, 46
2, 228, 0
2, 229, 48
2, 230, 0
2, 231, 48
2, 232, 15
2, 233, 47
2, 234, 42
2, 235, 48
2, 236, 46
2, 237, 44
2, 238, 34
2, 239, 44
2, 240, 46
2, 241, 48
2, 242, 44
2, 243, 44
2, 244, 22
2, 245, 48
2, 246, 30
2, 247, 46
2, 248, 36
2, 249, 48
2, 250, 0
2, 251, 42
2, 252, 0
2, 253, 34
2, 254, 26
2, 255, 48
2, 256, 32
2, 257, 48
2, 258, 0
2, 259, 48
2, 260, 0
2, 261, 46
2, 262, 0
2, 263, 47
2, 264, 0
2, 265, 42
2, 266, 0
2, 267, 46
2, 268, 48
2, 269, 48
2, 270, 46
2, 271, 38
2, 272, 34
2, 273, 46
2, 274, 0
2, 275, 48
2, 276, 0
2, 277, 46
2, 278, 38
2, 279, 48
2, 280, 0
2, 281, 38
2, 282, 45
2, 283, 48
2, 284, 0
2, 285, 40
2, 286, 0
2, 287, 48
2, 288, 0
2, 289, 48
2, 290, 6
2, 291, 46
2, 292, 44
2, 293, 46
2, 294, 48
2, 295, 46
2, 296, 0
2, 297, 44
2, 298, 30
2, 299, 48
2, 300, 23
2, 301, 42
2, 302, 32
2, 303, 46
2, 304, 0
2, 305, 48
2, 306, 44
2, 307, 47
2, 308, 48
2, 309, 48
2, 310, 48
2, 311, 48
2, 312, 0
2, 313, 44
2, 314, 42
2, 315, 48
2, 316, 14
2, 317, 46
2, 318, 0
2, 319, 48
2, 320, 24
2, 321, 41
2, 322, 0
2, 323, 46
2, 324, 8
2, 325, 48
2, 326, 0
2, 327, 48
2, 328, 0
2, 329, 48
2, 330, 42
2, 331, 32
2, 332, 22
2, 333, 42
2, 334, 36
2, 335, 48
2, 336, 0
2, 337, 48
2, 338, 0
2, 339, 36
2, 340, 0
2, 341, 48
2, 342, 0
2, 343, 46
2, 344, 40
2, 345, 42
2, 346, 36
2, 347, 48
2, 348, 48
2, 349, 44
2, 350, 22
2, 351, 37
2, 352, 48
2, 353, 46
2, 354, 0
2, 355, 42
2, 356, 16
2, 357, 38
2, 358, 0
2, 359, 48
2, 360, 0
2, 361, 48
2, 362, 0
2, 363, 40
2, 364, 0
2, 365, 41
2, 366, 24
2, 367, 42
2, 368, 47
2, 369, 48
2, 370, 36
2, 371, 40
2, 372, 0
2, 373, 42
2, 374, 42
2, 375, 48
2, 376, 2
2, 377, 46
2, 378, 46
2, 379, 48
2, 380, 4
2, 381, 48
2, 382, 47
2, 383, 48
2, 384, 11
2, 385, 48
2, 386, 46
2, 387, 48
2, 388, 2
2, 389, 44
2, 390, 0
2, 391, 48
2, 392, 0
2, 393, 44
2, 394, 46
2, 395, 47
2, 396, 32
2, 397, 42
2, 398, 12
2, 399, 44
3, 0, 0
3, 1, 43
3, 2, 46
3, 3, 45
3, 4, 13
3, 5, 46
3, 6, 17
3, 7, 48
3, 8, 47
3, 9, 29
3, 10, 40
3, 11, 43
3, 12, 44
3, 13, 39
3, 14, 48
3, 15, 45
3, 16, 29
3, 17, 41
3, 18, 36
3, 19, 41
3, 20, 38
3, 21, 49
3, 22, 30
3, 23, 49
3, 24, 48
3, 25, 46
3, 26, 37
3, 27, 39
3, 28, 46
3, 29, 29
3, 30, 45
3, 31, 29
3, 32, 42
3, 33, 40
3, 34, 46
3, 35, 48
3, 36, 9
3, 37, 44
3, 38, 40
3, 39, 49
3, 40, 42
3, 41, 49
3, 42, 47
3, 43, 49
3, 44, 46
3, 45, 39
3, 46, 30
3, 47, 48
3, 48, 41
3, 49, 46
3, 50, 46
3, 51, 41
3, 52, 41
3, 53, 46
3, 54, 41
3, 55, 20
3, 56, 47
3, 57, 45
3, 58, 33
3, 59, 39
3, 60, 48
3, 61, 48
3, 62, 46
3, 63, 45
3, 64, 46
3, 65, 49
3, 66, 40
3, 67, 43
3, 68, 35
3, 69, 41
3, 70, 43
3, 71, 49
3, 72, 40
3, 73, 39
3, 74, 42
3, 75, 46
3, 76, 41
3, 77, 43
3, 78, 0
3, 79, 23
3, 80, 48
3, 81, 33
3, 82, 44
3, 83, 39
3, 84, 48
3, 85, 45
3, 86, 19
3, 87, 49
3, 88, 36
3, 89, 49
3, 90, 44
3, 91, 47
3, 92, 21
3, 93, 48
3, 94, 44
3, 95, 46
3, 96, 43
3, 97, 44
3, 98, 43
3, 99, 36
3, 100, 36
3, 101, 43
3, 102, 46
3, 103, 43
3, 104, 49
3, 105, 37
3, 106, 25
3, 107, 41
3, 108, 48
3, 109, 45
3, 110, 46
3, 111, 49
3, 112, 38
3, 113, 43
3, 114, 13
3, 115, 43
3, 116, 49
3, 117, 41
3, 118, 46
3, 119, 28
3, 120, 31
3, 121, 48
3, 122, 44
3, 123, 29
3, 124, 40
3, 125, 39
3, 126, 46
3, 127, 43
3, 128, 0
3, 129, 35
3, 130, 48
3, 131, 45
3, 132, 18
3, 133, 45
3, 134, 31
3, 135, 43
3, 136, 48
3, 137, 46
3, 138, 49
3, 139, 48
3, 140, 44
3, 141, 39
3, 142, 47
3, 143, 41
3, 144, 35
3, 145, 35
3, 146, 40
3, 147, 47
3, 148, 47
3, 149, 41
3, 150, 44
3, 151, 48
3, 152, 36
3, 153, 47
3, 154, 41
3, 155, 45
3, 156, 46
3, 157, 43
3, 158, 46
3, 159, 29
3, 160, 48
3, 161, 47
3, 162, 48
3, 163, 7
3, 164, 46
3, 165, 41
3, 166, 34
3, 167, 45
3, 168, 43
3, 169, 34
3, 170, 48
3, 171, 41
3, 172, 4
3, 173, 41
3, 174, 7
3, 175, 48
3, 176, 35
3, 177, 21
3, 178, 43
3, 179, 43
3, 180, 38
3, 181, 49
3, 182, 47
3, 183, 43
3, 184, 46
3, 185, 46
3, 186, 38
3, 187, 49
3, 188, 39
3, 189, 45
3, 190, 5
3, 191, 49
3, 192, 48
3, 193, 43
3, 194, 23
3, 195, 45
3, 196, 33
3, 197, 49
3, 198, 38
3, 199, 49
3, 200, 48
3, 201, 45
3, 202, 32
3, 203, 43
3, 204, 44
3, 205, 13
3, 206, 49
3, 207, 47
3, 208, 48
3, 209, 41
3, 210, 41
3, 211, 43
3, 212, 38
3, 213, 35
3, 214, 44
3, 215, 42
3, 216, 27
3, 217, 48
3, 218, 48
3, 219, 43
3, 220, 48
3, 221, 39
3, 222, 44
3, 223, 49
3, 224, 44
3, 225, 37
3, 226, 48
3, 227, 45
3, 228, 41
3, 229, 45
3, 230, 48
3, 231, 43
3, 232, 46
3, 233, 44
3, 234, 40
3, 235, 39
3, 236, 19
3, 237, 45
3, 238, 11
3, 239, 43
3, 240, 33
3, 241, 49
3, 242, 41
3, 243, 47
3, 244, 48
3, 245, 46
3, 246, 33
3, 247, 37
3, 248, 43
3, 249, 49
3, 250, 42
3, 251, 43
3, 252, 46
3, 253, 41
3, 254, 48
3, 255, 47
3, 256, 17
3, 257, 45
3, 258, 42
3, 259, 39
3, 260, 40
3, 261, 48
3, 262, 44
3, 263, 37
3, 264, 48
3, 265, 49
3, 266, 32
3, 267, 49
3, 268, 39
3, 269, 47
3, 270, 43
3, 271, 49
3, 272, 43
3, 273, 49
3, 274, 48
3, 275, 39
3, 276, 46
3, 277, 23
3, 278, 33
3, 279, 48
3, 280, 42
3, 281, 37
3, 282, 34
3, 283, 39
3, 284, 44
3, 285, 45
3, 286, 48
3, 287, 39
3, 288, 48
3, 289, 47
3, 290, 42
3, 291, 49
3, 292, 29
3, 293, 43
3, 294, 45
3, 295, 49
3, 296, 38
3, 297, 46
3, 298, 22
3, 299, 46
3, 300, 9
3, 301, 45
3, 302, 49
3, 303, 39
3, 304, 47
3, 305, 42
3, 306, 46
3, 307, 35
3, 308, 45
3, 309, 48
3, 310, 39
3, 311, 43
3, 312, 44
3, 313, 49
3, 314, 20
3, 315, 36
3, 316, 38
3, 317, 47
3, 318, 44
3, 319, 43
3, 320, 46
3, 321, 49
3, 322, 42
3, 323, 43
3, 324, 23
3, 325, 41
3, 326, 47
3, 327, 41
3, 328, 47
3, 329, 49
3, 330, 45
3, 331, 45
3, 332, 48
3, 333, 29
3, 334, 49
3, 335, 47
3, 336, 36
3, 337, 43
3, 338, 42
3, 339, 41
3, 340, 48
3, 341, 46
3, 342, 44
3, 343, 46
3, 344, 49
3, 345, 49
3, 346, 46
3, 347, 40
3, 348, 48
3, 349, 49
3, 350, 37
3, 351, 41
3, 352, 28
3, 353, 43
3, 354, 46
3, 355, 37
3, 356, 47
3, 357, 43
3, 358, 40
3, 359, 43
3, 360, 34
3, 361, 48
3, 362, 45
3, 363, 49
3, 364, 48
3, 365, 45
3, 366, 39
3, 367, 42
3, 368, 43
3, 369, 46
3, 370, 6
3, 371, 43
3, 372, 48
3, 373, 46
3, 374, 34
3, 375, 45
3, 376, 40
3, 377, 40
3, 378, 35
3, 379, 46
3, 380, 31
3, 381, 43
3, 382, 0
3, 383, 43
3, 384, 35
3, 385, 43
3, 386, 32
3, 387, 43
3, 388, 44
3, 389, 41
3, 390, 48
3, 391, 39
3, 392, 42
3, 393, 49
3, 394, 26
3, 395, 43
3, 396, 49
3, 397, 45
3, 398, 36
3, 399, 49
4, 0, 0
4, 1, 36
4, 2, 42
4, 3, 36
4, 4, 48
4, 5, 46
4, 6, 20
4, 7, 46
4, 8, 0
4, 9, 48
4, 10, 38
4, 11, 48
4, 12, 47
4, 13, 46
4, 14, 0
4, 15, 46
4, 16, 32
4, 17, 48
4, 18, 0
4, 19, 48
4, 20, 6
4, 21, 46
4, 22, 46
4, 23, 46
4, 24, 0
4, 25, 44
4, 26, 2
4, 27, 48
4, 28, 0
4, 29, 48
4, 30, 0
4, 31, 48
4, 32, 26
4, 33, 46
4, 34, 24
4, 35, 48
4, 36, 32
4, 37, 48
4, 38, 0
4, 39, 46
4, 40, 0
4, 41, 44
4, 42, 0
4, 43, 46
4, 44, 0
4, 45, 44
4, 46, 22
4, 47, 48
4, 48, 0
4, 49, 48
4, 50, 0
4, 51, 48
4, 52, 22
4, 53, 42
4, 54, 0
4, 55, 48
4, 56, 0
4, 57, 28
4, 58, 42
4, 59, 48
4, 60, 0
4, 61, 47
4, 62, 0
4, 63, 42
4, 64, 47
4, 65, 48
4, 66, 8
4, 67, 36
4, 68, 46
4, 69, 48
4, 70, 41
4, 71, 48
4, 72, 0
4, 73, 48
4, 74, 18
4, 75, 46
4, 76, 47
4, 77, 48
4, 78, 48
4, 79, 46
4, 80, 0
4, 81, 46
4, 82, 24
4, 83, 46
4, 84, 0
4, 85, 34
4, 86, 40
4, 87, 46
4, 88, 0
4, 89, 46
4, 90, 0
4, 91, 46
4, 92, 18
4, 93, 48
4, 94, 0
4, 95, 44
4, 96, 0
4, 97, 34
4, 98, 12
4, 99, 46
4, 100, 10
4, 101, 28
4, 102, 0
4, 103, 30
4, 104, 24
4, 105, 48
4, 106, 41
4, 107, 42
4, 108, 0
4, 109, 44
4, 110, 0
4, 111, 40
4, 112, 0
4, 113, 48
4, 114, 24
4, 115, 46
4, 116, 0
4, 117, 48
4, 118, 0
4, 119, 42
4, 120, 46
4, 121, 46
4, 122, 0
4, 123, 48
4, 124, 0
4, 125, 46
4, 126, 0
4, 127, 48
4, 128, 0
4, 129, 47
4, 130, 0
4, 131, 48
4, 132, 44
4, 133, 42
4, 134, 16
4, 135, 47
4, 136, 0
4, 137, 42
4, 138, 36
4, 139, 42
4, 140, 26
4, 141, 46
4, 142, 0
4, 143, 45
4, 144, 38
4, 145, 48
4, 146, 40
4, 147, 34
4, 148, 30
4, 149, 48
4, 150, 0
4, 151, 46
4, 152, 40
4, 153, 44
4, 154, 26
4, 155, 46
4, 156, 30
4, 157, 46
4, 158, 36
4, 159, 36
4, 160, 0
4, 161, 38
4, 162, 0
4, 163, 48
4, 164, 6
4, 165, 44
4, 166, 0
4, 167, 48
4, 168, 40
4, 169, 48
4, 170, 32
4, 171, 48
4, 172, 46
4, 173, 46
4, 174, 32
4, 175, 48
4, 176, 42
4, 177, 47
4, 178, 45
4, 179, 48
4, 180, 0
4, 181, 46
4, 182, 0
4, 183, 46
4, 184, 34
4, 185, 40
4, 186, 28
4, 187, 48
4, 188, 40
4, 189, 46
4, 190, 38
4, 191, 44
4, 192, 40
4, 193, 48
4, 194, 0
4, 195, 48
4, 196, 41
4, 197, 34
4, 198, 0
4, 199, 32
4, 200, 0
4, 201, 47
4, 202, 40
4, 203, 48
4, 204, 0
4, 205, 47
4, 206, 42
4, 207, 48
4, 208, 20
4, 209, 47
4, 210, 45
4, 211, 40
4, 212, 0
4, 213, 42
4, 214, 0
4, 215, 46
4, 216, 34
4, 217, 48
4, 218, 47
4, 219, 48
4, 220, 0
4, 221, 46
4, 222, 36
4, 223, 46
4, 224, 0
4, 225, 46
4, 226, 0
4, 227, 48
4, 228, 0
4, 229, 47
4, 230, 0
4, 231, 47
4, 232, 0
4, 233, 40
4, 234, 42
4, 235, 42
4, 236, 45
4, 237, 47
4, 238, 40
4, 239, 44
4, 240, 36
4, 241, 46
4, 242, 27
4, 243, 46
4, 244, 16
4, 245, 45
4, 246, 20
4, 247, 42
4, 248, 48
4, 249, 44
4, 250, 0
4, 251, 48
4, 252, 0
4, 253, 0
4, 254, 45
4, 255, 44
4, 256, 47
4, 257, 38
4, 258, 0
4, 259, 44
4, 260, 0
4, 261, 48
4, 262, 0
4, 263, 48
4, 264, 0
4, 265, 46
4, 266, 0
4, 267, 40
4, 268, 22
4, 269, 48
4, 270, 37
4, 271, 48
4, 272, 42
4, 273, 28
4, 274, 0
4, 275, 48
4, 276, 0
4, 277, 48
4, 278, 40
4, 279, 46
4, 280, 0
4, 281, 47
4, 282, 48
4, 283, 42
4, 284, 0
4, 285, 48
4, 286, 0
4, 287, 47
4, 288, 0
4, 289, 44
4, 290, 36
4, 291, 44
4, 292, 37
4, 293, 48
4, 294, 40
4, 295, 40
4, 296, 0
4, 297, 48
4, 298, 47
4, 299, 48
4, 300, 36
4, 301, 34
4, 302, 45
4, 303, 48
4, 304, 0
4, 305, 47
4, 306, 18
4, 307, 48
4, 308, 34
4, 309, 48
4, 310, 0
4, 311, 46
4, 312, 0
4, 313, 48
4, 314, 42
4, 315, 46
4, 316, 42
4, 317, 28
4, 318, 0
4, 319, 18
4, 320, 0
4, 321, 47
4, 322, 0
4, 323, 48
4, 324, 40
4, 325, 46
4, 326, 0
4, 327, 40
4, 328, 0
4, 329, 38
4, 330, 0
4, 331, 48
4, 332, 10
4, 333, 38
4, 334, 15
4, 335, 45
4, 336, 0
4, 337, 46
4, 338, 0
4, 339, 46
4, 340, 0
4, 341, 48
4, 342, 0
4, 343, 46
4, 344, 38
4, 345, 44
4, 346, 0
4, 347, 38
4, 348, 46
4, 349, 47
4, 350, 26
4, 351, 48
4, 352, 45
4, 353, 48
4, 354, 0
4, 355, 44
4, 356, 47
4, 357, 48
4, 358, 0
4, 359, 44
4, 360, 0
4, 361, 46
4, 362, 0
4, 363, 48
4, 364, 0
4, 365, 46
4, 366, 26
4, 367, 46
4, 368, 48
4, 369, 48
4, 370, 14
4, 371, 47
4, 372, 0
4, 373, 47
4, 374, 42
4, 375, 48
4, 376, 38
4, 377, 46
4, 378, 47
4, 379, 42
4, 380, 35
4, 381, 46
4, 382, 42
4, 383, 46
4, 384, 3
4, 385, 40
4, 386, 20
4, 387, 38
4, 388, 38
4, 389, 47
4, 390, 0
4, 391, 40
4, 392, 0
4, 393, 46
4, 394, 38
4, 395, 41
4, 396, 45
4, 397, 42
4, 398, 28
4, 399, 46
5, 0, 0
5, 1, 35
5, 2, 49
5, 3, 45
5, 4, 35
5, 5, 46
5, 6, 18
5, 7, 39
5, 8, 48
5, 9, 48
5, 10, 39
5, 11, 45
5, 12, 40
5, 13, 48
5, 14, 48
5, 15, 42
5, 16, 49
5, 17, 45
5, 18, 36
5, 19, 45
5, 20, 40
5, 21, 43
5, 22, 35
5, 23, 39
5, 24, 48
5, 25, 41
5, 26, 45
5, 27, 32
5, 28, 40
5, 29, 43
5, 30, 36
5, 31, 46
5, 32, 48
5, 33, 47
5, 34, 27
5, 35, 45
5, 36, 42
5, 37, 37
5, 38, 47
5, 39, 45
5, 40, 38
5, 41, 43
5, 42, 48
5, 43, 25
5, 44, 44
5, 45, 48
5, 46, 46
5, 47, 45
5, 48, 46
5, 49, 46
5, 50, 47
5, 51, 49
5, 52, 44
5, 53, 48
5, 54, 44
5, 55, 43
5, 56, 46
5, 57, 43
5, 58, 48
5, 59, 46
5, 60, 21
5, 61, 37
5, 62, 44
5, 63, 24
5, 64, 46
5, 65, 41
5, 66, 39
5, 67, 45
5, 68, 46
5, 69, 41
5, 70, 31
5, 71, 42
5, 72, 46
5, 73, 49
5, 74, 47
5, 75, 45
5, 76, 14
5, 77, 48
5, 78, 37
5, 79, 43
5, 80, 24
5, 81, 45
5, 82, 47
5, 83, 48
5, 84, 48
5, 85, 45
5, 86, 42
5, 87, 39
5, 88, 48
5, 89, 46
5, 90, 42
5, 91, 44
5, 92, 43
5, 93, 48
5, 94, 46
5, 95, 43
5, 96, 49
5, 97, 46
5, 98, 46
5, 99, 43
5, 100, 46
5, 101, 49
5, 102, 32
5, 103, 43
5, 104, 49
5, 105, 46
5, 106, 36
5, 107, 49
5, 108, 40
5, 109, 48
5, 110, 46
5, 111, 27
5, 112, 47
5, 113, 49
5, 114, 43
5, 115, 39
5, 116, 47
5, 117, 47
5, 118, 42
5, 119, 48
5, 120, 34
5, 121, 41
5, 122, 40
5, 123, 49
5, 124, 38
5, 125, 43
5, 126, 48
5, 127, 42
5, 128, 46
5, 129, 48
5, 130, 35
5, 131, 45
5, 132, 40
5, 133, 41
5, 134, 32
5, 135, 49
5, 136, 44
5, 137, 48
5, 138, 39
5, 139, 46
5, 140, 38
5, 141, 43
5, 142, 47
5, 143, 49
5, 144, 46
5, 145, 36
5, 146, 45
5, 147, 47
5, 148, 38
5, 149, 39
5, 150, 46
5, 151, 46
5, 152, 49
5, 153, 43
5, 154, 39
5, 155, 48
5, 156, 48
5, 157, 29
5, 158, 40
5, 159, 47
5, 160, 48
5, 161, 44
5, 162, 48
5, 163, 46
5, 164, 17
5, 165, 44
5, 166, 48
5, 167, 43
5, 168, 14
5, 169, 45
5, 170, 42
5, 171, 43
5, 172, 43
5, 173, 49
5, 174, 46
5, 175, 49
5, 176, 33
5, 177, 33
5, 178, 33
5, 179, 44
5, 180, 47
5, 181, 30
5, 182, 48
5, 183, 43
5, 184, 43
5, 185, 49
5, 186, 46
5, 187, 43
5, 188, 41
5, 189, 49
5, 190, 43
5, 191, 46
5, 192, 44
5, 193, 45
5, 194, 46
5, 195, 33
5, 196, 3
5, 197, 49
5, 198, 48
5, 199, 33
5, 200, 44
5, 201, 39
5, 202, 47
5, 203, 43
5, 204, 46
5, 205, 49
5, 206, 25
5, 207, 46
5, 208, 42
5, 209, 49
5, 210, 26
5, 211, 44
5, 212, 46
5, 213, 49
5, 214, 44
5, 215, 48
5, 216, 24
5, 217, 46
5, 218, 46
5, 219, 43
5, 220, 44
5, 221, 45
5, 222, 49
5, 223, 33
5, 224, 24
5, 225, 41
5, 226, 48
5, 227, 43
5, 228, 48
5, 229, 46
5, 230, 47
5, 231, 41
5, 232, 48
5, 233, 46
5, 234, 46
5, 235, 45
5, 236, 25
5, 237, 46
5, 238, 46
5, 239, 44
5, 240, 38
5, 241, 48
5, 242, 13
5, 243, 36
5, 244, 47
5, 245, 39
5, 246, 42
5, 247, 46
5, 248, 49
5, 249, 48
5, 250, 42
5, 251, 46
5, 252, 46
5, 253, 43
5, 254, 40
5, 255, 47
5, 256, 45
5, 257, 49
5, 258, 27
5, 259, 43
5, 260, 48
5, 261, 38
5, 262, 46
5, 263, 45
5, 264, 48
5, 265, 45
5, 266, 46
5, 267, 47
5, 268, 26
5, 269, 39
5, 270, 0
5, 271, 45
5, 272, 43
5, 273, 43
5, 274, 47
5, 275, 45
5, 276, 40
5, 277, 43
5, 278, 25
5, 279, 43
5, 280, 38
5, 281, 45
5, 282, 37
5, 283, 49
5, 284, 46
5, 285, 49
5, 286, 42
5, 287, 45
5, 288, 40
5, 289, 49
5, 290, 34
5, 291, 41
5, 292, 35
5, 293, 45
5, 294, 47
5, 295, 48
5, 296, 37
5, 297, 49
5, 298, 40
5, 299, 45
5, 300, 31
5, 301, 42
5, 302, 44
5, 303, 45
5, 304, 44
5, 305, 47
5, 306, 45
5, 307, 48
5, 308, 21
5, 309, 37
5, 310, 43
5, 311, 48
5, 312, 48
5, 313, 44
5, 314, 4
5, 315, 46
5, 316, 30
5, 317, 49
5, 318, 48
5, 319, 31
5, 320, 47
5, 321, 41
5, 322, 28
5, 323, 39
5, 324, 37
5, 325, 42
5, 326, 47
5, 327, 41
5, 328, 42
5, 329, 39
5, 330, 48
5, 331, 48
5, 332, 44
5, 333, 47
5, 334, 11
5, 335, 42
5, 336, 36
5, 337, 41
5, 338, 48
5, 339, 43
5, 340, 44
5, 341, 35
5, 342, 48
5, 343, 33
5, 344, 45
5, 345, 48
5, 346, 49
5, 347, 45
5, 348, 41
5, 349, 29
5, 350, 47
5, 351, 43
5, 352, 20
5, 353, 40
5, 354, 48
5, 355, 43
5, 356, 36
5, 357, 31
5, 358, 42
5, 359, 46
5, 360, 36
5, 361, 49
5, 362, 46
5, 363, 38
5, 364, 42
5, 365, 48
5, 366, 40
5, 367, 48
5, 368, 16
5, 369, 37
5, 370, 42
5, 371, 30
5, 372, 48
5, 373, 49
5, 374, 48
5, 375, 46
5, 376, 44
5, 377, 49
5, 378, 44
5, 379, 40
5, 380, 9
5, 381, 41
5, 382, 35
5, 383, 47
5, 384, 49
5, 385, 49
5, 386, 46
5, 387, 45
5, 388, 49
5, 389, 47
5, 390, 36
5, 391, 35
5, 392, 48
5, 393, 47
5, 394, 15
5, 395, 47
5, 396, 47
5, 397, 45
5, 398, 43
5, 399, 48
6, 0, 0
6, 1, 49
6, 2, 0
6, 3, 22
6, 4, 45
6, 5, 19
6, 6, 45
6, 7, 43
6, 8, 0
6, 9, 35
6, 10, 0
6, 11, 47
6, 12, 37
6, 13, 35
6, 14, 32
6, 15, 29
6, 16, 42
6, 17, 39
6, 18, 23
6, 19, 49
6, 20, 13
6, 21, 33
6, 22, 27
6, 23, 33
6, 24, 40
6, 25, 46
6, 26, 45
6, 27, 13
6, 28, 16
6, 29, 41
6, 30, 46
6, 31, 35
6, 32, 37
6, 33, 43
6, 34, 43
6, 35, 45
6, 36, 26
6, 37, 37
6, 38, 4
6, 39, 29
6, 40, 38
6, 41, 33
6, 42, 47
6, 43, 31
6, 44, 44
6, 45, 36
6, 46, 33
6, 47, 35
6, 48, 32
6, 49, 39
6, 50, 37
6, 51, 19
6, 52, 46
6, 53, 36
6, 54, 40
6, 55, 15
6, 56, 39
6, 57, 30
6, 58, 0
6, 59, 35
6, 60, 40
6, 61, 44
6, 62, 30
6, 63, 39
6, 64, 48
6, 65, 45
6, 66, 4
6, 67, 47
6, 68, 5
6, 69, 49
6, 70, 31
6, 71, 38
6, 72, 44
6, 73, 41
6, 74, 38
6, 75, 46
6, 76, 39
6, 77, 46
6, 78, 14
6, 79, 43
6, 80, 38
6, 81, 16
6, 82, 40
6, 83, 44
6, 84, 46
6, 85, 46
6, 86, 41
6, 87, 28
6, 88, 46
6, 89, 39
6, 90, 42
6, 91, 27
6, 92, 31
6, 93, 39
6, 94, 17
6, 95, 46
6, 96, 47
6, 97, 40
6, 98, 41
6, 99, 48
6, 100, 40
6, 101, 33
6, 102, 34
6, 103, 37
6, 104, 1
6, 105, 43
6, 106, 49
6, 107, 45
6, 108, 36
6, 109, 35
6, 110, 26
6, 111, 23
6, 112, 34
6, 113, 46
6, 114, 41
6, 115, 46
6, 116, 0
6, 117, 0
6, 118, 0
6, 119, 39
6, 120, 3
6, 121, 46
6, 122, 12
6, 123, 45
6, 124, 40
6, 125, 39
6, 126, 48
6, 127, 44
6, 128, 40
6, 129, 16
6, 130, 0
6, 131, 27
6, 132, 16
6, 133, 46
6, 134, 49
6, 135, 41
6, 136, 45
6, 137, 5
6, 138, 44
6, 139, 30
6, 140, 32
6, 141, 0
6, 142, 20
6, 143, 17
6, 144, 33
6, 145, 0
6, 146, 48
6, 147, 37
6, 148, 47
6, 149, 19
6, 150, 20
6, 151, 48
6, 152, 0
6, 153, 45
6, 154, 13
6, 155, 47
6, 156, 49
6, 157, 42
6, 158, 30
6, 159, 33
6, 160, 17
6, 161, 22
6, 162, 46
6, 163, 43
6, 164, 35
6, 165, 45
6, 166, 36
6, 167, 29
6, 168, 23
6, 169, 41
6, 170, 46
6, 171, 46
6, 172, 23
6, 173, 42
6, 174, 29
6, 175, 47
6, 176, 0
6, 177, 46
6, 178, 31
6, 179, 46
6, 180, 40
6, 181, 49
6, 182, 15
6, 183, 44
6, 184, 21
6, 185, 35
6, 186, 43
6, 187, 39
6, 188, 0
6, 189, 45
6, 190, 35
6, 191, 42
6, 192, 0
6, 193, 49
6, 194, 42
6, 195, 25
6, 196, 23
6, 197, 45
6, 198, 42
6, 199, 48
6, 200, 47
6, 201, 35
6, 202, 0
6, 203, 46
6, 204, 34
6, 205, 33
6, 206, 16
6, 207, 27
6, 208, 45
6, 209, 43
6, 210, 35
6, 211, 0
6, 212, 12
6, 213, 32
6, 214, 38
6, 215, 40
6, 216, 43
6, 217, 23
6, 218, 0
6, 219, 31
6, 220, 11
6, 221, 36
6, 222, 28
6, 223, 41
6, 224, 40
6, 225, 46
6, 226, 24
6, 227, 25
6, 228, 47
6, 229, 0
6, 230, 27
6, 231, 31
6, 232, 44
6, 233, 42
6, 234, 49
6, 235, 47
6, 236, 43
6, 237, 2
6, 238, 37
6, 239, 48
6, 240, 41
6, 241, 19
6, 242, 29
6, 243, 43
6, 244, 34
6, 245, 11
6, 246, 0
6, 247, 45
6, 248, 42
6, 249, 13
6, 250, 42
6, 251, 39
6, 252, 45
6, 253, 48
6, 254, 0
6, 255, 32
6, 256, 49
6, 257, 37
6, 258, 17
6, 259, 0
6, 260, 42
6, 261, 12
6, 262, 40
6, 263, 25
6, 264, 32
6, 265, 19
6, 266, 42
6, 267, 43
6, 268, 25
6, 269, 41
6, 270, 35
6, 271, 38
6, 272, 45
6, 273, 33
6, 274, 36
6, 275, 33
6, 276, 45
6, 277, 47
6, 278, 49
6, 279, 9
6, 280, 40
6, 281, 43
6, 282, 35
6, 283, 30
6, 284, 12
6, 285, 29
6, 286, 48
6, 287, 34
6, 288, 35
6, 289, 21
6, 290, 31
6, 291, 46
6, 292, 47
6, 293, 43
6, 294, 43
6, 295, 21
6, 296, 44
6, 297, 41
6, 298, 49
6, 299, 45
6, 300, 19
6, 301, 45
6, 302, 33
6, 303, 46
6, 304, 48
6, 305, 26
6, 306, 8
6, 307, 45
6, 308, 7
6, 309, 32
6, 310, 43
6, 311, 32
6, 312, 30
6, 313, 49
6, 314, 48
6, 315, 38
6, 316, 39
6, 317, 39
6, 318, 48
6, 319, 23
6, 320, 28
6, 321, 36
6, 322, 44
6, 323, 47
6, 324, 39
6, 325, 48
6, 326, 36
6, 327, 25
6, 328, 46
6, 329, 43
6, 330, 24
6, 331, 0
6, 332, 33
6, 333, 41
6, 334, 45
6, 335, 5
6, 336, 48
6, 337, 9
6, 338, 46
6, 339, 35
6, 340, 45
6, 341, 27
6, 342, 44
6, 343, 48
6, 344, 14
6, 345, 25
6, 346, 0
6, 347, 43
6, 348, 6
6, 349, 48
6, 350, 0
6, 351, 47
6, 352, 29
6, 353, 42
6, 354, 46
6, 355, 35
6, 356, 19
6, 357, 41
6, 358, 48
6, 359, 39
6, 360, 48
6, 361, 11
6, 362, 45
6, 363, 42
6, 364, 42
6, 365, 1
6, 366, 44
6, 367, 34
6, 368, 39
6, 369, 48
6, 370, 38
6, 371, 33
6, 372, 16
6, 373, 43
6, 374, 23
6, 375, 30
6, 376, 28
6, 377, 48
6, 378, 0
6, 379, 45
6, 380, 0
6, 381, 49
6, 382, 49
6, 383, 17
6, 384, 43
6, 385, 46
6, 386, 25
6, 387, 44
6, 388, 30
6, 389, 37
6, 390, 44
6, 391, 0
6, 392, 40
6, 393, 43
6, 394, 20
6, 395, 49
6, 396, 5
6, 397, 37
6, 398, 42
6, 399, 48
7, 0, 0
7, 1, 49
7, 2, 41
7, 3, 44
7, 4, 41
7, 5, 48
7, 6, 48
7, 7, 33
7, 8, 44
7, 9, 46
7, 10, 44
7, 11, 41
7, 12, 48
7, 13, 41
7, 14, 48
7, 15, 46
7, 16, 46
7, 17, 44
7, 18, 48
7, 19, 46
7, 20, 48
7, 21, 48
7, 22, 46
7, 23, 48
7, 24, 40
7, 25, 29
7, 26, 37
7, 27, 44
7, 28, 47
7, 29, 45
7, 30, 46
7, 31, 46
7, 32, 36
7, 33, 48
7, 34, 43
7, 35, 46
7, 36, 46
7, 37, 43
7, 38, 34
7, 39, 49
7, 40, 44
7, 41, 49
7, 42, 40
7, 43, 43
7, 44, 48
7, 45, 43
7, 46, 43
7, 47, 44
7, 48, 48
7, 49, 46
7, 50, 48
7, 51, 39
7, 52, 48
7, 53, 45
7, 54, 20
7, 55, 48
7, 56, 46
7, 57, 47
7, 58, 0
7, 59, 46
7, 60, 18
7, 61, 48
7, 62, 48
7, 63, 49
7, 64, 14
7, 65, 43
7, 66, 46
7, 67, 43
7, 68, 26
7, 69, 45
7, 70, 46
7, 71, 47
7, 72, 46
7, 73, 45
7, 74, 46
7, 75, 47
7, 76, 45
7, 77, 47
7, 78, 48
7, 79, 45
7, 80, 46
7, 81, 46
7, 82, 48
7, 83, 47
7, 84, 42
7, 85, 49
7, 86, 42
7, 87, 48
7, 88, 44
7, 89, 45
7, 90, 48
7, 91, 49
7, 92, 22
7, 93, 44
7, 94, 48
7, 95, 43
7, 96, 48
7, 97, 45
7, 98, 37
7, 99, 39
7, 100, 44
7, 101, 39
7, 102, 48
7, 103, 43
7, 104, 46
7, 105, 45
7, 106, 0
7, 107, 49
7, 108, 40
7, 109, 41
7, 110, 44
7, 111, 41
7, 112, 46
7, 113, 41
7, 114, 43
7, 115, 46
7, 116, 48
7, 117, 41
7, 118, 48
7, 119, 47
7, 120, 40
7, 121, 45
7, 122, 26
7, 123, 46
7, 124, 48
7, 125, 43
7, 126, 44
7, 127, 48
7, 128, 27
7, 129, 35
7, 130, 32
7, 131, 47
7, 132, 47
7, 133, 30
7, 134, 20
7, 135, 34
7, 136, 38
7, 137, 47
7, 138, 42
7, 139, 48
7, 140, 41
7, 141, 49
7, 142, 44
7, 143, 47
7, 144, 42
7, 145, 37
7, 146, 49
7, 147, 45
7, 148, 44
7, 149, 48
7, 150, 38
7, 151, 45
7, 152, 38
7, 153, 45
7, 154, 33
7, 155, 41
7, 156, 44
7, 157, 36
7, 158, 48
7, 159, 43
7, 160, 46
7, 161, 47
7, 162, 48
7, 163, 47
7, 164, 36
7, 165, 42
7, 166, 44
7, 167, 47
7, 168, 45
7, 169, 47
7, 170, 44
7, 171, 46
7, 172, 29
7, 173, 45
7, 174, 34
7, 175, 46
7, 176, 37
7, 177, 46
7, 178, 40
7, 179, 39
7, 180, 48
7, 181, 43
7, 182, 36
7, 183, 48
7, 184, 43
7, 185, 46
7, 186, 48
7, 187, 47
7, 188, 43
7, 189, 46
7, 190, 48
7, 191, 47
7, 192, 47
7, 193, 35
7, 194, 46
7, 195, 44
7, 196, 48
7, 197, 39
7, 198, 42
7, 199, 49
7, 200, 47
7, 201, 31
7, 202, 38
7, 203, 48
7, 204, 44
7, 205, 49
7, 206, 43
7, 207, 49
7, 208, 42
7, 209, 48
7, 210, 41
7, 211, 47
7, 212, 46
7, 213, 43
7, 214, 42
7, 215, 46
7, 216, 43
7, 217, 43
7, 218, 49
7, 219, 48
7, 220, 38
7, 221, 48
7, 222, 47
7, 223, 46
7, 224, 42
7, 225, 48
7, 226, 46
7, 227, 44
7, 228, 48
7, 229, 49
7, 230, 42
7, 231, 20
7, 232, 46
7, 233, 47
7, 234, 41
7, 235, 41
7, 236, 39
7, 237, 47
7, 238, 47
7, 239, 49
7, 240, 43
7, 241, 48
7, 242, 45
7, 243, 49
7, 244, 48
7, 245, 42
7, 246, 44
7, 247, 49
7, 248, 32
7, 249, 39
7, 250, 48
7, 251, 48
7, 252, 44
7, 253, 47
7, 254, 46
7, 255, 43
7, 256, 2
7, 257, 48
7, 258, 34
7, 259, 45
7, 260, 48
7, 261, 45
7, 262, 48
7, 263, 41
7, 264, 40
7, 265, 47
7, 266, 42
7, 267, 48
7, 268, 47
7, 269, 45
7, 270, 38
7, 271, 48
7, 272, 33
7, 273, 48
7, 274, 48
7, 275, 43
7, 276, 48
7, 277, 43
7, 278, 39
7, 279, 47
7, 280, 48
7, 281, 43
7, 282, 44
7, 283, 49
7, 284, 42
7, 285, 46
7, 286, 46
7, 287, 49
7, 288, 44
7, 289, 45
7, 290, 47
7, 291, 45
7, 292, 49
7, 293, 44
7, 294, 28
7, 295, 43
7, 296, 42
7, 297, 46
7, 298, 17
7, 299, 48
7, 300, 47
7, 301, 41
7, 302, 36
7, 303, 39
7, 304, 45
7, 305, 44
7, 306, 42
7, 307, 41
7, 308, 46
7, 309, 43
7, 310, 38
7, 311, 45
7, 312, 42
7, 313, 47
7, 314, 38
7, 315, 48
7, 316, 45
7, 317, 48
7, 318, 42
7, 319, 40
7, 320, 47
7, 321, 40
7, 322, 48
7, 323, 43
7, 324, 47
7, 325, 48
7, 326, 48
7, 327, 43
7, 328, 48
7, 329, 43
7, 330, 43
7, 331, 45
7, 332, 47
7, 333, 47
7, 334, 48
7, 335, 47
7, 336, 44
7, 337, 45
7, 338, 36
7, 339, 48
7, 340, 42
7, 341, 49
7, 342, 46
7, 343, 45
7, 344, 41
7, 345, 45
7, 346, 47
7, 347, 43
7, 348, 46
7, 349, 49
7, 350, 43
7, 351, 31
7, 352, 45
7, 353, 45
7, 354, 48
7, 355, 43
7, 356, 40
7, 357, 48
7, 358, 45
7, 359, 46
7, 360, 32
7, 361, 41
7, 362, 47
7, 363, 48
7, 364, 36
7, 365, 46
7, 366, 46
7, 367, 49
7, 368, 43
7, 369, 48
7, 370, 44
7, 371, 46
7, 372, 48
7, 373, 43
7, 374, 45
7, 375, 46
7, 376, 48
7, 377, 45
7, 378, 39
7, 379, 48
7, 380, 19
7, 381, 46
7, 382, 40
7, 383, 48
7, 384, 45
7, 385, 39
7, 386, 47
7, 387, 41
7, 388, 36
7, 389, 49
7, 390, 42
7, 391, 49
7, 392, 38
7, 393, 41
7, 394, 43
7, 395, 49
7, 396, 36
7, 397, 49
7, 398, 39
7, 399, 46
8, 0, 0
8, 1, 49
8, 2, 37
8, 3, 37
8, 4, 46
8, 5, 25
8, 6, 34
8, 7, 23
8, 8, 46
8, 9, 48
8, 10, 20
8, 11, 8
8, 12, 48
8, 13, 20
8, 14, 38
8, 15, 0
8, 16, 47
8, 17, 41
8, 18, 42
8, 19, 35
8, 20, 48
8, 21, 45
8, 22, 0
8, 23, 41
8, 24, 16
8, 25, 49
8, 26, 39
8, 27, 33
8, 28, 14
8, 29, 40
8, 30, 0
8, 31, 39
8, 32, 46
8, 33, 22
8, 34, 0
8, 35, 23
8, 36, 29
8, 37, 34
8, 38, 23
8, 39, 43
8, 40, 44
8, 41, 17
8, 42, 45
8, 43, 31
8, 44, 4
8, 45, 49
8, 46, 37
8, 47, 35
8, 48, 14
8, 49, 41
8, 50, 40
8, 51, 0
8, 52, 40
8, 53, 36
8, 54, 24
8, 55, 34
8, 56, 44
8, 57, 48
8, 58, 42
8, 59, 33
8, 60, 13
8, 61, 29
8, 62, 46
8, 63, 0
8, 64, 48
8, 65, 36
8, 66, 47
8, 67, 23
8, 68, 0
8, 69, 25
8, 70, 0
8, 71, 44
8, 72, 8
8, 73, 37
8, 74, 30
8, 75, 45
8, 76, 0
8, 77, 30
8, 78, 43
8, 79, 40
8, 80, 4
8, 81, 36
8, 82, 40
8, 83, 33
8, 84, 48
8, 85, 25
8, 86, 45
8, 87, 39
8, 88, 48
8, 89, 16
8, 90, 42
8, 91, 48
8, 92, 40
8, 93, 0
8, 94, 42
8, 95, 0
8, 96, 48
8, 97, 23
8, 98, 41
8, 99, 22
8, 100, 6
8, 101, 39
8, 102, 34
8, 103, 17
8, 104, 0
8, 105, 38
8, 106, 29
8, 107, 39
8, 108, 38
8, 109, 45
8, 110, 35
8, 111, 33
8, 112, 40
8, 113, 49
8, 114, 0
8, 115, 34
8, 116, 28
8, 117, 43
8, 118, 42
8, 119, 43
8, 120, 30
8, 121, 33
8, 122, 47
8, 123, 21
8, 124, 46
8, 125, 7
8, 126, 26
8, 127, 44
8, 128, 36
8, 129, 43
8, 130, 35
8, 131, 46
8, 132, 25
8, 133, 49
8, 134, 10
8, 135, 37
8, 136, 40
8, 137, 19
8, 138, 40
8, 139, 37
8, 140, 42
8, 141, 31
8, 142, 24
8, 143, 17
8, 144, 46
8, 145, 46
8, 146, 0
8, 147, 19
8, 148, 41
8, 149, 45
8, 150, 40
8, 151, 48
8, 152, 0
8, 153, 33
8, 154, 13
8, 155, 37
8, 156, 47
8, 157, 37
8, 158, 44
8, 159, 28
8, 160, 48
8, 161, 43
8, 162, 34
8, 163, 27
8, 164, 43
8, 165, 49
8, 166, 48
8, 167, 29
8, 168, 0
8, 169, 43
8, 170, 28
8, 171, 45
8, 172, 0
8, 173, 31
8, 174, 0
8, 175, 48
8, 176, 0
8, 177, 48
8, 178, 31
8, 179, 29
8, 180, 28
8, 181, 20
8, 182, 48
8, 183, 37
8, 184, 46
8, 185, 37
8, 186, 44
8, 187, 49
8, 188, 29
8, 189, 41
8, 190, 40
8, 191, 16
8, 192, 44
8, 193, 39
8, 194, 41
8, 195, 19
8, 196, 47
8, 197, 33
8, 198, 41
8, 199, 37
8, 200, 48
8, 201, 41
8, 202, 30
8, 203, 48
8, 204, 10
8, 205, 42
8, 206, 35
8, 207, 49
8, 208, 46
8, 209, 33
8, 210, 37
8, 211, 49
8, 212, 44
8, 213, 49
8, 214, 32
8, 215, 33
8, 216, 40
8, 217, 20
8, 218, 48
8, 219, 39
8, 220, 48
8, 221, 36
8, 222, 30
8, 223, 33
8, 224, 32
8, 225, 19
8, 226, 0
8, 227, 47
8, 228, 10
8, 229, 0
8, 230, 21
8, 231, 49
8, 232, 0
8, 233, 25
8, 234, 5
8, 235, 29
8, 236, 44
8, 237, 37
8, 238, 13
8, 239, 45
8, 240, 20
8, 241, 36
8, 242, 25
8, 243, 30
8, 244, 19
8, 245, 35
8, 246, 31
8, 247, 13
8, 248, 46
8, 249, 42
8, 250, 44
8, 251, 33
8, 252, 28
8, 253, 39
8, 254, 0
8, 255, 43
8, 256, 7
8, 257, 34
8, 258, 32
8, 259, 25
8, 260, 46
8, 261, 37
8, 262, 16
8, 263, 29
8, 264, 28
8, 265, 48
8, 266, 26
8, 267, 41
8, 268, 19
8, 269, 36
8, 270, 41
8, 271, 40
8, 272, 43
8, 273, 41
8, 274, 46
8, 275, 44
8, 276, 28
8, 277, 28
8, 278, 49
8, 279, 45
8, 280, 0
8, 281, 22
8, 282, 38
8, 283, 41
8, 284, 23
8, 285, 14
8, 286, 24
8, 287, 39
8, 288, 47
8, 289, 39
8, 290, 45
8, 291, 24
8, 292, 48
8, 293, 0
8, 294, 2
8, 295, 41
8, 296, 12
8, 297, 45
8, 298, 5
8, 299, 45
8, 300, 33
8, 301, 48
8, 302, 35
8, 303, 37
8, 304, 30
8, 305, 35
8, 306, 28
8, 307, 38
8, 308, 20
8, 309, 31
8, 310, 31
8, 311, 34
8, 312, 46
8, 313, 2
8, 314, 47
8, 315, 9
8, 316, 48
8, 317, 19
8, 318, 38
8, 319, 33
8, 320, 0
8, 321, 15
8, 322, 18
8, 323, 23
8, 324, 41
8, 325, 7
8, 326, 2
8, 327, 44
8, 328, 30
8, 329, 11
8, 330, 26
8, 331, 41
8, 332, 36
8, 333, 34
8, 334, 49
8, 335, 24
8, 336, 46
8, 337, 29
8, 338, 40
8, 339, 31
8, 340, 46
8, 341, 40
8, 342, 6
8, 343, 47
8, 344, 9
8, 345, 37
8, 346, 43
8, 347, 23
8, 348, 0
8, 349, 37
8, 350, 39
8, 351, 48
8, 352, 0
8, 353, 47
8, 354, 38
8, 355, 49
8, 356, 30
8, 357, 29
8, 358, 36
8, 359, 33
8, 360, 30
8, 361, 28
8, 362, 27
8, 363, 19
8, 364, 34
8, 365, 0
8, 366, 16
8, 367, 48
8, 368, 41
8, 369, 13
8, 370, 49
8, 371, 29
8, 372, 48
8, 373, 22
8, 374, 34
8, 375, 31
8, 376, 0
8, 377, 46
8, 378, 39
8, 379, 0
8, 380, 0
8, 381, 38
8, 382, 33
8, 383, 29
8, 384, 0
8, 385, 45
8, 386, 31
8, 387, 29
8, 388, 49
8, 389, 35
8, 390, 28
8, 391, 31
8, 392, 48
8, 393, 17
8, 394, 0
8, 395, 47
8, 396, 45
8, 397, 40
8, 398, 34
8, 399, 13
9, 0, 0
9, 1, 45
9, 2, 41
9, 3, 48
9, 4, 43
9, 5, 48
9, 6, 26
9, 7, 49
9, 8, 42
9, 9, 44
9, 10, 48
9, 11, 47
9, 12, 36
9, 13, 46
9, 14, 44
9, 15, 49
9, 16, 38
9, 17, 36
9, 18, 42
9, 19, 46
9, 20, 23
9, 21, 46
9, 22, 48
9, 23, 30
9, 24, 46
9, 25, 43
9, 26, 44
9, 27, 49
9, 28, 48
9, 29, 47
9, 30, 36
9, 31, 49
9, 32, 40
9, 33, 45
9, 34, 49
9, 35, 43
9, 36, 45
9, 37, 49
9, 38, 46
9, 39, 49
9, 40, 44
9, 41, 43
9, 42, 36
9, 43, 44
9, 44, 48
9, 45, 48
9, 46, 43
9, 47, 45
9, 48, 48
9, 49, 49
9, 50, 48
9, 51, 44
9, 52, 42
9, 53, 43
9, 54, 48
9, 55, 46
9, 56, 45
9, 57, 48
9, 58, 46
9, 59, 43
9, 60, 40
9, 61, 49
9, 62, 44
9, 63, 49
9, 64, 34
9, 65, 49
9, 66, 40
9, 67, 31
9, 68, 49
9, 69, 49
9, 70, 36
9, 71, 48
9, 72, 44
9, 73, 48
9, 74, 28
9, 75, 47
9, 76, 40
9, 77, 49
9, 78, 25
9, 79, 49
9, 80, 45
9, 81, 45
9, 82, 48
9, 83, 48
9, 84, 44
9, 85, 46
9, 86, 44
9, 87, 37
9, 88, 48
9, 89, 45
9, 90, 46
9, 91, 45
9, 92, 33
9, 93, 46
9, 94, 44
9, 95, 43
9, 96, 35
9, 97, 48
9, 98, 40
9, 99, 46
9, 100, 48
9, 101, 49
9, 102, 48
9, 103, 45
9, 104, 48
9, 105, 47
9, 106, 10
9, 107, 47
9, 108, 48
9, 109, 45
9, 110, 38
9, 111, 48
9, 112, 42
9, 113, 48
9, 114, 43
9, 115, 49
9, 116, 40
9, 117, 46
9, 118, 46
9, 119, 43
9, 120, 29
9, 121, 46
9, 122, 18
9, 123, 45
9, 124, 48
9, 125, 37
9, 126, 35
9, 127, 36
9, 128, 0
9, 129, 46
9, 130, 40
9, 131, 43
9, 132, 46
9, 133, 45
9, 134, 49
9, 135, 41
9, 136, 37
9, 137, 46
9, 138, 29
9, 139, 48
9, 140, 47
9, 141, 45
9, 142, 46
9, 143, 41
9, 144, 48
9, 145, 46
9, 146, 40
9, 147, 48
9, 148, 48
9, 149, 47
9, 150, 48
9, 151, 45
9, 152, 42
9, 153, 45
9, 154, 43
9, 155, 49
9, 156, 47
9, 157, 40
9, 158, 49
9, 159, 45
9, 160, 38
9, 161, 49
9, 162, 42
9, 163, 46
9, 164, 45
9, 165, 40
9, 166, 48
9, 167, 43
9, 168, 46
9, 169, 40
9, 170, 38
9, 171, 49
9, 172, 41
9, 173, 49
9, 174, 46
9, 175, 44
9, 176, 39
9, 177, 47
9, 178, 42
9, 179, 49
9, 180, 42
9, 181, 34
9, 182, 46
9, 183, 44
9, 184, 47
9, 185, 43
9, 186, 41
9, 187, 46
9, 188, 16
9, 189, 49
9, 190, 45
9, 191, 34
9, 192, 30
9, 193, 47
9, 194, 46
9, 195, 49
9, 196, 17
9, 197, 43
9, 198, 48
9, 199, 48
9, 200, 48
9, 201, 35
9, 202, 46
9, 203, 47
9, 204, 47
9, 205, 48
9, 206, 20
9, 207, 47
9, 208, 46
9, 209, 46
9, 210, 41
9, 211, 43
9, 212, 37
9, 213, 43
9, 214, 48
9, 215, 46
9, 216, 41
9, 217, 43
9, 218, 48
9, 219, 46
9, 220, 44
9, 221, 45
9, 222, 46
9, 223, 48
9, 224, 38
9, 225, 46
9, 226, 40
9, 227, 37
9, 228, 37
9, 229, 49
9, 230, 45
9, 231, 45
9, 232, 48
9, 233, 49
9, 234, 41
9, 235, 49
9, 236, 46
9, 237, 48
9, 238, 30
9, 239, 47
9, 240, 29
9, 241, 46
9, 242, 48
9, 243, 45
9, 244, 47
9, 245, 48
9, 246, 43
9, 247, 45
9, 248, 48
9, 249, 45
9, 250, 46
9, 251, 43
9, 252, 34
9, 253, 44
9, 254, 48
9, 255, 39
9, 256, 28
9, 257, 47
9, 258, 46
9, 259, 49
9, 260, 46
9, 261, 47
9, 262, 46
9, 263, 46
9, 264, 48
9, 265, 38
9, 266, 44
9, 267, 45
9, 268, 47
9, 269, 45
9, 270, 10
9, 271, 37
9, 272, 42
9, 273, 37
9, 274, 36
9, 275, 49
9, 276, 40
9, 277, 46
9, 278, 29
9, 279, 44
9, 280, 48
9, 281, 46
9, 282, 47
9, 283, 40
9, 284, 46
9, 285, 49
9, 286, 42
9, 287, 43
9, 288, 48
9, 289, 43
9, 290, 42
9, 291, 39
9, 292, 44
9, 293, 48
9, 294, 48
9, 295, 45
9, 296, 42
9, 297, 49
9, 298, 41
9, 299, 46
9, 300, 23
9, 301, 49
9, 302, 32
9, 303, 48
9, 304, 48
9, 305, 41
9, 306, 24
9, 307, 48
9, 308, 45
9, 309, 43
9, 310, 47
9, 311, 49
9, 312, 47
9, 313, 45
9, 314, 38
9, 315, 42
9, 316, 48
9, 317, 45
9, 318, 40
9, 319, 46
9, 320, 48
9, 321, 46
9, 322, 44
9, 323, 42
9, 324, 13
9, 325, 48
9, 326, 46
9, 327, 39
9, 328, 48
9, 329, 41
9, 330, 46
9, 331, 47
9, 332, 47
9, 333, 43
9, 334, 39
9, 335, 49
9, 336, 46
9, 337, 48
9, 338, 47
9, 339, 48
9, 340, 48
9, 341, 33
9, 342, 47
9, 343, 49
9, 344, 41
9, 345, 39
9, 346, 49
9, 347, 39
9, 348, 31
9, 349, 46
9, 350, 48
9, 351, 46
9, 352, 29
9, 353, 39
9, 354, 48
9, 355, 45
9, 356, 26
9, 357, 45
9, 358, 44
9, 359, 48
9, 360, 46
9, 361, 49
9, 362, 48
9, 363, 41
9, 364, 42
9, 365, 39
9, 366, 20
9, 367, 46
9, 368, 28
9, 369, 33
9, 370, 48
9, 371, 46
9, 372, 42
9, 373, 49
9, 374, 16
9, 375, 43
9, 376, 44
9, 377, 41
9, 378, 26
9, 379, 48
9, 380, 22
9, 381, 42
9, 382, 37
9, 383, 46
9, 384, 41
9, 385, 39
9, 386, 47
9, 387, 45
9, 388, 42
9, 389, 44
9, 390, 48
9, 391, 39
9, 392, 46
9, 393, 47
9, 394, 40
9, 395, 45
9, 396, 42
9, 397, 47
9, 398, 42
9, 399, 46
10, 0, 0
10, 1, 46
10, 2, 33
10, 3, 40
10, 4, 35
10, 5, 40
10, 6, 2
10, 7, 48
10, 8, 46
10, 9, 23
10, 10, 46
10, 11, 46
10, 12, 39
10, 13, 48
10, 14, 0
10, 15, 48
10, 16, 15
10, 17, 48
10, 18, 48
10, 19, 42
10, 20, 24
10, 21, 46
10, 22, 30
10, 23, 48
10, 24, 21
10, 25, 40
10, 26, 47
10, 27, 44
10, 28, 40
10, 29, 48
10, 30, 28
10, 31, 37
10, 32, 47
10, 33, 38
10, 34, 45
10, 35, 48
10, 36, 37
10, 37, 38
10, 38, 38
10, 39, 40
10, 40, 27
10, 41, 49
10, 42, 46
10, 43, 42
10, 44, 20
10, 45, 44
10, 46, 27
10, 47, 46
10, 48, 10
10, 49, 40
10, 50, 40
10, 51, 44
10, 52, 17
10, 53, 46
10, 54, 46
10, 55, 48
10, 56, 20
10, 57, 34
10, 58, 40
10, 59, 38
10, 60, 24
10, 61, 48
10, 62, 26
10, 63, 47
10, 64, 44
10, 65, 42
10, 66, 32
10, 67, 46
10, 68, 34
10, 69, 40
10, 70, 46
10, 71, 43
10, 72, 22
10, 73, 48
10, 74, 47
10, 75, 46
10, 76, 33
10, 77, 42
10, 78, 41
10, 79, 47
10, 80, 20
10, 81, 48
10, 82, 12
10, 83, 42
10, 84, 42
10, 85, 33
10, 86, 46
10, 87, 28
10, 88, 32
10, 89, 41
10, 90, 21
10, 91, 37
10, 92, 40
10, 93, 46
10, 94, 18
10, 95, 46
10, 96, 43
10, 97, 48
10, 98, 37
10, 99, 48
10, 100, 0
10, 101, 44
10, 102, 0
10, 103, 40
10, 104, 26
10, 105, 38
10, 106, 37
10, 107, 30
10, 108, 18
10, 109, 46
10, 110, 44
10, 111, 8
10, 112, 46
10, 113, 36
10, 114, 46
10, 115, 48
10, 116, 41
10, 117, 46
10, 118, 18
10, 119, 46
10, 120, 38
10, 121, 49
10, 122, 0
10, 123, 44
10, 124, 40
10, 125, 44
10, 126, 48
10, 127, 48
10, 128, 47
10, 129, 49
10, 130, 28
10, 131, 48
10, 132, 18
10, 133, 38
10, 134, 40
10, 135, 46
10, 136, 18
10, 137, 47
10, 138, 16
10, 139, 44
10, 140, 13
10, 141, 38
10, 142, 0
10, 143, 36
10, 144, 32
10, 145, 42
10, 146, 20
10, 147, 44
10, 148, 46
10, 149, 39
10, 150, 24
10, 151, 48
10, 152, 20
10, 153, 47
10, 154, 42
10, 155, 33
10, 156, 38
10, 157, 44
10, 158, 40
10, 159, 46
10, 160, 0
10, 161, 37
10, 162, 46
10, 163, 48
10, 164, 49
10, 165, 42
10, 166, 32
10, 167, 43
10, 168, 35
10, 169, 47
10, 170, 42
10, 171, 35
10, 172, 46
10, 173, 45
10, 174, 0
10, 175, 46
10, 176, 26
10, 177, 46
10, 178, 44
10, 179, 46
10, 180, 12
10, 181, 46
10, 182, 0
10, 183, 44
10, 184, 38
10, 185, 48
10, 186, 44
10, 187, 44
10, 188, 36
10, 189, 46
10, 190, 48
10, 191, 48
10, 192, 0
10, 193, 48
10, 194, 46
10, 195, 45
10, 196, 44
10, 197, 48
10, 198, 39
10, 199, 32
10, 200, 36
10, 201, 46
10, 202, 0
10, 203, 48
10, 204, 0
10, 205, 38
10, 206, 0
10, 207, 48
10, 208, 38
10, 209, 48
10, 210, 0
10, 211, 48
10, 212, 2
10, 213, 47
10, 214, 36
10, 215, 46
10, 216, 46
10, 217, 42
10, 218, 20
10, 219, 44
10, 220, 21
10, 221, 48
10, 222, 42
10, 223, 48
10, 224, 42
10, 225, 44
10, 226, 46
10, 227, 45
10, 228, 0
10, 229, 34
10, 230, 14
10, 231, 40
10, 232, 19
10, 233, 41
10, 234, 22
10, 235, 48
10, 236, 42
10, 237, 38
10, 238, 0
10, 239, 48
10, 240, 42
10, 241, 48
10, 242, 22
10, 243, 44
10, 244, 40
10, 245, 46
10, 246, 47
10, 247, 40
10, 248, 40
10, 249, 41
10, 250, 30
10, 251, 44
10, 252, 40
10, 253, 48
10, 254, 0
10, 255, 42
10, 256, 41
10, 257, 45
10, 258, 0
10, 259, 38
10, 260, 24
10, 261, 40
10, 262, 0
10, 263, 41
10, 264, 42
10, 265, 42
10, 266, 21
10, 267, 46
10, 268, 34
10, 269, 48
10, 270, 48
10, 271, 46
10, 272, 45
10, 273, 40
10, 274, 24
10, 275, 44
10, 276, 21
10, 277, 36
10, 278, 12
10, 279, 30
10, 280, 38
10, 281, 45
10, 282, 36
10, 283, 44
10, 284, 0
10, 285, 42
10, 286, 44
10, 287, 48
10, 288, 0
10, 289, 34
10, 290, 24
10, 291, 46
10, 292, 41
10, 293, 36
10, 294, 32
10, 295, 40
10, 296, 34
10, 297, 36
10, 298, 38
10, 299, 46
10, 300, 47
10, 301, 40
10, 302, 39
10, 303, 42
10, 304, 44
10, 305, 46
10, 306, 48
10, 307, 34
10, 308, 42
10, 309, 46
10, 310, 36
10, 311, 26
10, 312, 38
10, 313, 40
10, 314, 40
10, 315, 38
10, 316, 24
10, 317, 36
10, 318, 0
10, 319, 39
10, 320, 42
10, 321, 44
10, 322, 0
10, 323, 49
10, 324, 40
10, 325, 44
10, 326, 0
10, 327, 47
10, 328, 34
10, 329, 38
10, 330, 40
10, 331, 46
10, 332, 26
10, 333, 34
10, 334, 47
10, 335, 48
10, 336, 42
10, 337, 45
10, 338, 16
10, 339, 42
10, 340, 4
10, 341, 48
10, 342, 20
10, 343, 32
10, 344, 44
10, 345, 43
10, 346, 48
10, 347, 43
10, 348, 37
10, 349, 40
10, 350, 38
10, 351, 48
10, 352, 38
10, 353, 44
10, 354, 41
10, 355, 46
10, 356, 0
10, 357, 46
10, 358, 45
10, 359, 49
10, 360, 6
10, 361, 38
10, 362, 42
10, 363, 44
10, 364, 0
10, 365, 49
10, 366, 32
10, 367, 48
10, 368, 37
10, 369, 31
10, 370, 21
10, 371, 44
10, 372, 40
10, 373, 36
10, 374, 30
10, 375, 47
10, 376, 21
10, 377, 42
10, 378, 41
10, 379, 36
10, 380, 31
10, 381, 47
10, 382, 45
10, 383, 48
10, 384, 42
10, 385, 44
10, 386, 45
10, 387, 48
10, 388, 49
10, 389, 42
10, 390, 0
10, 391, 45
10, 392, 41
10, 393, 44
10, 394, 40
10, 395, 46
10, 396, 42
10, 397, 38
10, 398, 44
10, 399, 42
11, 0, 0
11, 1, 47
11, 2, 35
11, 3, 17
11, 4, 36
11, 5, 49
11, 6, 24
11, 7, 46
11, 8, 46
11, 9, 47
11, 10, 23
11, 11, 49
11, 12, 40
11, 13, 43
11, 14, 32
11, 15, 46
11, 16, 0
11, 17, 43
11, 18, 48
11, 19, 43
11, 20, 36
11, 21, 45
11, 22, 39
11, 23, 37
11, 24, 41
11, 25, 45
11, 26, 0
11, 27, 46
11, 28, 40
11, 29, 45
11, 30, 36
11, 31, 45
11, 32, 46
11, 33, 48
11, 34, 36
11, 35, 43
11, 36, 20
11, 37, 43
11, 38, 48
11, 39, 33
11, 40, 47
11, 41, 45
11, 42, 46
11, 43, 35
11, 44, 47
11, 45, 25
11, 46, 19
11, 47, 41
11, 48, 48
11, 49, 46
11, 50, 48
11, 51, 41
11, 52, 34
11, 53, 39
11, 54, 47
11, 55, 33
11, 56, 38
11, 57, 49
11, 58, 41
11, 59, 45
11, 60, 39
11, 61, 47
11, 62, 34
11, 63, 49
11, 64, 47
11, 65, 49
11, 66, 26
11, 67, 48
11, 68, 3
11, 69, 45
11, 70, 9
11, 71, 49
11, 72, 40
11, 73, 33
11, 74, 47
11, 75, 46
11, 76, 48
11, 77, 44
11, 78, 43
11, 79, 33
11, 80, 46
11, 81, 11
11, 82, 46
11, 83, 43
11, 84, 47
11, 85, 46
11, 86, 30
11, 87, 39
11, 88, 48
11, 89, 49
11, 90, 44
11, 91, 49
11, 92, 35
11, 93, 43
11, 94, 46
11, 95, 33
11, 96, 13
11, 97, 45
11, 98, 48
11, 99, 43
11, 100, 42
11, 101, 28
11, 102, 48
11, 103, 49
11, 104, 33
11, 105, 49
11, 106, 36
11, 107, 31
11, 108, 48
11, 109, 49
11, 110, 48
11, 111, 43
11, 112, 42
11, 113, 49
11, 114, 45
11, 115, 43
11, 116, 36
11, 117, 36
11, 118, 48
11, 119, 45
11, 120, 0
11, 121, 49
11, 122, 39
11, 123, 23
11, 124, 40
11, 125, 39
11, 126, 45
11, 127, 43
11, 128, 49
11, 129, 38
11, 130, 44
11, 131, 47
11, 132, 44
11, 133, 46
11, 134, 49
11, 135, 43
11, 136, 30
11, 137, 43
11, 138, 31
11, 139, 40
11, 140, 48
11, 141, 43
11, 142, 48
11, 143, 43
11, 144, 46
11, 145, 48
11, 146, 40
11, 147, 41
11, 148, 45
11, 149, 49
11, 150, 38
11, 151, 36
11, 152, 42
11, 153, 39
11, 154, 0
11, 155, 49
11, 156, 48
11, 157, 33
11, 158, 35
11, 159, 41
11, 160, 38
11, 161, 43
11, 162, 36
11, 163, 36
11, 164, 45
11, 165, 33
11, 166, 40
11, 167, 47
11, 168, 43
11, 169, 49
11, 170, 48
11, 171, 48
11, 172, 0
11, 173, 41
11, 174, 36
11, 175, 49
11, 176, 43
11, 177, 49
11, 178, 35
11, 179, 41
11, 180, 48
11, 181, 45
11, 182, 46
11, 183, 47
11, 184, 35
11, 185, 43
11, 186, 39
11, 187, 47
11, 188, 14
11, 189, 39
11, 190, 33
11, 191, 45
11, 192, 34
11, 193, 45
11, 194, 40
11, 195, 48
11, 196, 19
11, 197, 45
11, 198, 47
11, 199, 29
11, 200, 48
11, 201, 49
11, 202, 35
11, 203, 39
11, 204, 46
11, 205, 43
11, 206, 43
11, 207, 43
11, 208, 46
11, 209, 44
11, 210, 38
11, 211, 31
11, 212, 46
11, 213, 45
11, 214, 42
11, 215, 43
11, 216, 25
11, 217, 49
11, 218, 36
11, 219, 46
11, 220, 46
11, 221, 9
11, 222, 46
11, 223, 43
11, 224, 42
11, 225, 49
11, 226, 46
11, 227, 49
11, 228, 44
11, 229, 45
11, 230, 48
11, 231, 43
11, 232, 28
11, 233, 47
11, 234, 43
11, 235, 39
11, 236, 0
11, 237, 46
11, 238, 33
11, 239, 48
11, 240, 29
11, 241, 43
11, 242, 31
11, 243, 43
11, 244, 32
11, 245, 33
11, 246, 49
11, 247, 49
11, 248, 40
11, 249, 43
11, 250, 48
11, 251, 49
11, 252, 46
11, 253, 45
11, 254, 40
11, 255, 49
11, 256, 14
11, 257, 33
11, 258, 48
11, 259, 43
11, 260, 34
11, 261, 49
11, 262, 48
11, 263, 39
11, 264, 44
11, 265, 48
11, 266, 46
11, 267, 47
11, 268, 0
11, 269, 48
11, 270, 0
11, 271, 45
11, 272, 49
11, 273, 49
11, 274, 46
11, 275, 41
11, 276, 48
11, 277, 41
11, 278, 46
11, 279, 49
11, 280, 41
11, 281, 41
11, 282, 48
11, 283, 33
11, 284, 47
11, 285, 46
11, 286, 38
11, 287, 43
11, 288, 48
11, 289, 37
11, 290, 48
11, 291, 43
11, 292, 44
11, 293, 43
11, 294, 45
11, 295, 48
11, 296, 48
11, 297, 34
11, 298, 43
11, 299, 46
11, 300, 39
11, 301, 33
11, 302, 45
11, 303, 49
11, 304, 28
11, 305, 42
11, 306, 7
11, 307, 41
11, 308, 17
11, 309, 43
11, 310, 47
11, 311, 49
11, 312, 44
11, 313, 46
11, 314, 46
11, 315, 43
11, 316, 45
11, 317, 48
11, 318, 44
11, 319, 39
11, 320, 48
11, 321, 37
11, 322, 48
11, 323, 43
11, 324, 7
11, 325, 39
11, 326, 46
11, 327, 45
11, 328, 48
11, 329, 9
11, 330, 27
11, 331, 49
11, 332, 46
11, 333, 45
11, 334, 20
11, 335, 45
11, 336, 48
11, 337, 37
11, 338, 44
11, 339, 46
11, 340, 38
11, 341, 43
11, 342, 48
11, 343, 39
11, 344, 35
11, 345, 43
11, 346, 43
11, 347, 33
11, 348, 0
11, 349, 46
11, 350, 44
11, 351, 46
11, 352, 31
11, 353, 45
11, 354, 47
11, 355, 37
11, 356, 48
11, 357, 41
11, 358, 42
11, 359, 33
11, 360, 46
11, 361, 49
11, 362, 38
11, 363, 43
11, 364, 48
11, 365, 43
11, 366, 46
11, 367, 49
11, 368, 31
11, 369, 49
11, 370, 46
11, 371, 49
11, 372, 41
11, 373, 49
11, 374, 38
11, 375, 28
11, 376, 35
11, 377, 49
11, 378, 33
11, 379, 46
11, 380, 26
11, 381, 46
11, 382, 20
11, 383, 41
11, 384, 47
11, 385, 37
11, 386, 48
11, 387, 46
11, 388, 44
11, 389, 47
11, 390, 46
11, 391, 41
11, 392, 48
11, 393, 37
11, 394, 25
11, 395, 43
11, 396, 48
11, 397, 49
11, 398, 47
11, 399, 49
12, 0, 0
12, 1, 26
12, 2, 42
12, 3, 46
12, 4, 0
12, 5, 44
12, 6, 11
12, 7, 38
12, 8, 10
12, 9, 46
12, 10, 11
12, 11, 48
12, 12, 32
12, 13, 46
12, 14, 46
12, 15, 41
12, 16, 36
12, 17, 36
12, 18, 34
12, 19, 40
12, 20, 24
12, 21, 48
12, 22, 0
12, 23, 45
12, 24, 14
12, 25, 46
12, 26, 34
12, 27, 42
12, 28, 44
12, 29, 38
12, 30, 44
12, 31, 48
12, 32, 38
12, 33, 12
12, 34, 42
12, 35, 45
12, 36, 41
12, 37, 48
12, 38, 45
12, 39, 44
12, 40, 0
12, 41, 38
12, 42, 0
12, 43, 38
12, 44, 28
12, 45, 48
12, 46, 45
12, 47, 46
12, 48, 26
12, 49, 27
12, 50, 45
12, 51, 46
12, 52, 34
12, 53, 48
12, 54, 46
12, 55, 36
12, 56, 28
12, 57, 36
12, 58, 48
12, 59, 46
12, 60, 14
12, 61, 27
12, 62, 40
12, 63, 47
12, 64, 45
12, 65, 44
12, 66, 0
12, 67, 48
12, 68, 49
12, 69, 48
12, 70, 43
12, 71, 44
12, 72, 47
12, 73, 44
12, 74, 32
12, 75, 40
12, 76, 29
12, 77, 48
12, 78, 36
12, 79, 48
12, 80, 18
12, 81, 42
12, 82, 40
12, 83, 48
12, 84, 37
12, 85, 40
12, 86, 20
12, 87, 42
12, 88, 17
12, 89, 42
12, 90, 46
12, 91, 37
12, 92, 41
12, 93, 48
12, 94, 0
12, 95, 48
12, 96, 44
12, 97, 46
12, 98, 43
12, 99, 40
12, 100, 38
12, 101, 38
12, 102, 30
12, 103, 45
12, 104, 21
12, 105, 30
12, 106, 18
12, 107, 46
12, 108, 30
12, 109, 42
12, 110, 0
12, 111, 21
12, 112, 6
12, 113, 47
12, 114, 48
12, 115, 40
12, 116, 45
12, 117, 42
12, 118, 14
12, 119, 39
12, 120, 21
12, 121, 45
12, 122, 0
12, 123, 47
12, 124, 0
12, 125, 48
12, 126, 41
12, 127, 38
12, 128, 44
12, 129, 42
12, 130, 34
12, 131, 42
12, 132, 48
12, 133, 39
12, 134, 43
12, 135, 48
12, 136, 34
12, 137, 47
12, 138, 45
12, 139, 48
12, 140, 42
12, 141, 41
12, 142, 22
12, 143, 46
12, 144, 46
12, 145, 44
12, 146, 28
12, 147, 48
12, 148, 24
12, 149, 44
12, 150, 28
12, 151, 46
12, 152, 42
12, 153, 17
12, 154, 44
12, 155, 28
12, 156, 2
12, 157, 46
12, 158, 47
12, 159, 48
12, 160, 6
12, 161, 48
12, 162, 40
12, 163, 42
12, 164, 7
12, 165, 47
12, 166, 48
12, 167, 46
12, 168, 31
12, 169, 36
12, 170, 46
12, 171, 43
12, 172, 47
12, 173, 46
12, 174, 30
12, 175, 42
12, 176, 44
12, 177, 44
12, 178, 35
12, 179, 38
12, 180, 20
12, 181, 40
12, 182, 16
12, 183, 42
12, 184, 21
12, 185, 46
12, 186, 32
12, 187, 36
12, 188, 0
12, 189, 42
12, 190, 26
12, 191, 38
12, 192, 0
12, 193, 47
12, 194, 45
12, 195, 36
12, 196, 47
12, 197, 32
12, 198, 33
12, 199, 44
12, 200, 16
12, 201, 32
12, 202, 44
12, 203, 45
12, 204, 47
12, 205, 48
12, 206, 40
12, 207, 34
12, 208, 47
12, 209, 48
12, 210, 44
12, 211, 26
12, 212, 47
12, 213, 48
12, 214, 36
12, 215, 43
12, 216, 47
12, 217, 46
12, 218, 48
12, 219, 47
12, 220, 48
12, 221, 37
12, 222, 29
12, 223, 46
12, 224, 44
12, 225, 27
12, 226, 20
12, 227, 46
12, 228, 14
12, 229, 40
12, 230, 36
12, 231, 44
12, 232, 0
12, 233, 48
12, 234, 0
12, 235, 46
12, 236, 35
12, 237, 42
12, 238, 26
12, 239, 44
12, 240, 21
12, 241, 28
12, 242, 47
12, 243, 41
12, 244, 34
12, 245, 44
12, 246, 46
12, 247, 34
12, 248, 44
12, 249, 44
12, 250, 32
12, 251, 38
12, 252, 48
12, 253, 42
12, 254, 36
12, 255, 46
12, 256, 24
12, 257, 47
12, 258, 0
12, 259, 46
12, 260, 10
12, 261, 46
12, 262, 8
12, 263, 42
12, 264, 42
12, 265, 45
12, 266, 36
12, 267, 47
12, 268, 44
12, 269, 45
12, 270, 47
12, 271, 22
12, 272, 41
12, 273, 42
12, 274, 6
12, 275, 49
12, 276, 38
12, 277, 48
12, 278, 42
12, 279, 41
12, 280, 42
12, 281, 48
12, 282, 46
12, 283, 45
12, 284, 0
12, 285, 36
12, 286, 6
12, 287, 46
12, 288, 38
12, 289, 47
12, 290, 37
12, 291, 40
12, 292, 16
12, 293, 45
12, 294, 46
12, 295, 46
12, 296, 32
12, 297, 48
12, 298, 0
12, 299, 47
12, 300, 26
12, 301, 46
12, 302, 48
12, 303, 46
12, 304, 12
12, 305, 44
12, 306, 0
12, 307, 48
12, 308, 4
12, 309, 48
12, 310, 32
12, 311, 38
12, 312, 46
12, 313, 42
12, 314, 30
12, 315, 48
12, 316, 24
12, 317, 48
12, 318, 40
12, 319, 48
12, 320, 26
12, 321, 12
12, 322, 38
12, 323, 38
12, 324, 48
12, 325, 47
12, 326, 44
12, 327, 46
12, 328, 0
12, 329, 46
12, 330, 38
12, 331, 47
12, 332, 0
12, 333, 48
12, 334, 22
12, 335, 30
12, 336, 10
12, 337, 41
12, 338, 17
12, 339, 48
12, 340, 38
12, 341, 46
12, 342, 14
12, 343, 46
12, 344, 47
12, 345, 48
12, 346, 48
12, 347, 48
12, 348, 0
12, 349, 48
12, 350, 42
12, 351, 40
12, 352, 46
12, 353, 45
12, 354, 24
12, 355, 48
12, 356, 0
12, 357, 34
12, 358, 44
12, 359, 46
12, 360, 46
12, 361, 42
12, 362, 16
12, 363, 46
12, 364, 10
12, 365, 48
12, 366, 46
12, 367, 37
12, 368, 44
12, 369, 34
12, 370, 46
12, 371, 42
12, 372, 22
12, 373, 34
12, 374, 38
12, 375, 48
12, 376, 42
12, 377, 28
12, 378, 45
12, 379, 48
12, 380, 46
12, 381, 47
12, 382, 0
12, 383, 44
12, 384, 25
12, 385, 47
12, 386, 28
12, 387, 44
12, 388, 46
12, 389, 38
12, 390, 38
12, 391, 38
12, 392, 12
12, 393, 48
12, 394, 12
12, 395, 42
12, 396, 25
12, 397, 37
12, 398, 41
12, 399, 44
13, 0, 0
13, 1, 45
13, 2, 36
13, 3, 46
13, 4, 48
13, 5, 37
13, 6, 47
13, 7, 39
13, 8, 48
13, 9, 47
13, 10, 43
13, 11, 44
13, 12, 36
13, 13, 49
13, 14, 38
13, 15, 49
13, 16, 43
13, 17, 45
13, 18, 46
13, 19, 43
13, 20, 23
13, 21, 42
13, 22, 39
13, 23, 43
13, 24, 48
13, 25, 49
13, 26, 31
13, 27, 39
13, 28, 38
13, 29, 46
13, 30, 42
13, 31, 33
13, 32, 45
13, 33, 47
13, 34, 30
13, 35, 49
13, 36, 22
13, 37, 41
13, 38, 37
13, 39, 49
13, 40, 48
13, 41, 45
13, 42, 36
13, 43, 49
13, 44, 45
13, 45, 45
13, 46, 48
13, 47, 43
13, 48, 48
13, 49, 49
13, 50, 44
13, 51, 49
13, 52, 40
13, 53, 48
13, 54, 45
13, 55, 43
13, 56, 42
13, 57, 43
13, 58, 19
13, 59, 43
13, 60, 39
13, 61, 45
13, 62, 32
13, 63, 43
13, 64, 18
13, 65, 43
13, 66, 47
13, 67, 40
13, 68, 46
13, 69, 47
13, 70, 31
13, 71, 39
13, 72, 44
13, 73, 41
13, 74, 46
13, 75, 43
13, 76, 43
13, 77, 49
13, 78, 39
13, 79, 44
13, 80, 46
13, 81, 49
13, 82, 44
13, 83, 49
13, 84, 41
13, 85, 45
13, 86, 40
13, 87, 48
13, 88, 48
13, 89, 43
13, 90, 40
13, 91, 49
13, 92, 16
13, 93, 49
13, 94, 46
13, 95, 46
13, 96, 35
13, 97, 49
13, 98, 48
13, 99, 48
13, 100, 47
13, 101, 45
13, 102, 46
13, 103, 33
13, 104, 49
13, 105, 47
13, 106, 7
13, 107, 41
13, 108, 48
13, 109, 43
13, 110, 48
13, 111, 41
13, 112, 46
13, 113, 38
13, 114, 31
13, 115, 45
13, 116, 42
13, 117, 46
13, 118, 38
13, 119, 41
13, 120, 49
13, 121, 46
13, 122, 38
13, 123, 45
13, 124, 48
13, 125, 47
13, 126, 42
13, 127, 46
13, 128, 35
13, 129, 43
13, 130, 48
13, 131, 49
13, 132, 48
13, 133, 36
13, 134, 46
13, 135, 39
13, 136, 38
13, 137, 49
13, 138, 13
13, 139, 44
13, 140, 49
13, 141, 46
13, 142, 42
13, 143, 37
13, 144, 45
13, 145, 49
13, 146, 34
13, 147, 47
13, 148, 44
13, 149, 46
13, 150, 48
13, 151, 45
13, 152, 46
13, 153, 49
13, 154, 25
13, 155, 47
13, 156, 49
13, 157, 37
13, 158, 48
13, 159, 43
13, 160, 48
13, 161, 48
13, 162, 34
13, 163, 48
13, 164, 20
13, 165, 49
13, 166, 42
13, 167, 43
13, 168, 31
13, 169, 49
13, 170, 30
13, 171, 43
13, 172, 33
13, 173, 37
13, 174, 46
13, 175, 48
13, 176, 48
13, 177, 48
13, 178, 37
13, 179, 43
13, 180, 46
13, 181, 49
13, 182, 48
13, 183, 48
13, 184, 45
13, 185, 32
13, 186, 42
13, 187, 49
13, 188, 43
13, 189, 45
13, 190, 22
13, 191, 47
13, 192, 28
13, 193, 33
13, 194, 46
13, 195, 45
13, 196, 31
13, 197, 49
13, 198, 47
13, 199, 49
13, 200, 45
13, 201, 43
13, 202, 48
13, 203, 35
13, 204, 46
13, 205, 39
13, 206, 43
13, 207, 48
13, 208, 42
13, 209, 43
13, 210, 34
13, 211, 43
13, 212, 34
13, 213, 41
13, 214, 46
13, 215, 48
13, 216, 37
13, 217, 43
13, 218, 40
13, 219, 46
13, 220, 44
13, 221, 46
13, 222, 21
13, 223, 49
13, 224, 45
13, 225, 43
13, 226, 44
13, 227, 43
13, 228, 47
13, 229, 49
13, 230, 44
13, 231, 47
13, 232, 45
13, 233, 41
13, 234, 47
13, 235, 45
13, 236, 23
13, 237, 45
13, 238, 36
13, 239, 43
13, 240, 17
13, 241, 46
13, 242, 47
13, 243, 44
13, 244, 35
13, 245, 47
13, 246, 39
13, 247, 49
13, 248, 36
13, 249, 48
13, 250, 46
13, 251, 39
13, 252, 46
13, 253, 35
13, 254, 40
13, 255, 44
13, 256, 46
13, 257, 45
13, 258, 40
13, 259, 41
13, 260, 46
13, 261, 38
13, 262, 36
13, 263, 40
13, 264, 48
13, 265, 46
13, 266, 48
13, 267, 35
13, 268, 41
13, 269, 49
13, 270, 25
13, 271, 44
13, 272, 48
13, 273, 47
13, 274, 40
13, 275, 43
13, 276, 46
13, 277, 46
13, 278, 28
13, 279, 43
13, 280, 48
13, 281, 38
13, 282, 36
13, 283, 46
13, 284, 46
13, 285, 49
13, 286, 48
13, 287, 41
13, 288, 46
13, 289, 19
13, 290, 48
13, 291, 39
13, 292, 46
13, 293, 43
13, 294, 49
13, 295, 41
13, 296, 48
13, 297, 43
13, 298, 34
13, 299, 44
13, 300, 5
13, 301, 46
13, 302, 45
13, 303, 41
13, 304, 42
13, 305, 49
13, 306, 17
13, 307, 39
13, 308, 43
13, 309, 47
13, 310, 40
13, 311, 45
13, 312, 44
13, 313, 39
13, 314, 48
13, 315, 44
13, 316, 48
13, 317, 43
13, 318, 47
13, 319, 49
13, 320, 48
13, 321, 45
13, 322, 46
13, 323, 43
13, 324, 20
13, 325, 45
13, 326, 44
13, 327, 41
13, 328, 46
13, 329, 35
13, 330, 39
13, 331, 39
13, 332, 48
13, 333, 46
13, 334, 42
13, 335, 45
13, 336, 40
13, 337, 45
13, 338, 47
13, 339, 33
13, 340, 45
13, 341, 49
13, 342, 44
13, 343, 48
13, 344, 43
13, 345, 41
13, 346, 40
13, 347, 43
13, 348, 45
13, 349, 39
13, 350, 24
13, 351, 46
13, 352, 2
13, 353, 49
13, 354, 42
13, 355, 16
13, 356, 47
13, 357, 41
13, 358, 48
13, 359, 43
13, 360, 48
13, 361, 39
13, 362, 42
13, 363, 45
13, 364, 48
13, 365, 47
13, 366, 37
13, 367, 43
13, 368, 39
13, 369, 46
13, 370, 40
13, 371, 37
13, 372, 44
13, 373, 49
13, 374, 46
13, 375, 49
13, 376, 47
13, 377, 33
13, 378, 49
13, 379, 41
13, 380, 49
13, 381, 45
13, 382, 35
13, 383, 49
13, 384, 22
13, 385, 44
13, 386, 37
13, 387, 43
13, 388, 47
13, 389, 39
13, 390, 46
13, 391, 43
13, 392, 48
13, 393, 48
13, 394, 48
13, 395, 47
13, 396, 22
13, 397, 41
13, 398, 35
13, 399, 47
14, 0, 0
14, 1, 48
14, 2, 45
14, 3, 44
14, 4, 32
14, 5, 40
14, 6, 40
14, 7, 40
14, 8, 0
14, 9, 46
14, 10, 2
14, 11, 44
14, 12, 28
14, 13, 48
14, 14, 0
14, 15, 42
14, 16, 38
14, 17, 48
14, 18, 0
14, 19, 48
14, 20, 44
14, 21, 48
14, 22, 0
14, 23, 46
14, 24, 0
14, 25, 24
14, 26, 30
14, 27, 48
14, 28, 0
14, 29, 48
14, 30, 0
14, 31, 46
14, 32, 0
14, 33, 44
14, 34, 24
14, 35, 40
14, 36, 46
14, 37, 48
14, 38, 0
14, 39, 42
14, 40, 0
14, 41, 48
14, 42, 0
14, 43, 44
14, 44, 0
14, 45, 46
14, 46, 14
14, 47, 38
14, 48, 0
14, 49, 46
14, 50, 0
14, 51, 46
14, 52, 20
14, 53, 44
14, 54, 20
14, 55, 48
14, 56, 0
14, 57, 41
14, 58, 32
14, 59, 48
14, 60, 48
14, 61, 48
14, 62, 0
14, 63, 34
14, 64, 27
14, 65, 48
14, 66, 48
14, 67, 36
14, 68, 41
14, 69, 46
14, 70, 40
14, 71, 48
14, 72, 0
14, 73, 48
14, 74, 3
14, 75, 48
14, 76, 37
14, 77, 44
14, 78, 42
14, 79, 48
14, 80, 0
14, 81, 47
14, 82, 44
14, 83, 40
14, 84, 0
14, 85, 46
14, 86, 47
14, 87, 40
14, 88, 0
14, 89, 44
14, 90, 0
14, 91, 46
14, 92, 45
14, 93, 40
14, 94, 0
14, 95, 44
14, 96, 48
14, 97, 42
14, 98, 42
14, 99, 40
14, 100, 0
14, 101, 42
14, 102, 0
14, 103, 46
14, 104, 17
14, 105, 46
14, 106, 42
14, 107, 32
14, 108, 0
14, 109, 48
14, 110, 0
14, 111, 47
14, 112, 0
14, 113, 42
14, 114, 2
14, 115, 40
14, 116, 44
14, 117, 40
14, 118, 0
14, 119, 47
14, 120, 24
14, 121, 46
14, 122, 30
14, 123, 48
14, 124, 0
14, 125, 46
14, 126, 0
14, 127, 44
14, 128, 37
14, 129, 42
14, 130, 0
14, 131, 36
14, 132, 0
14, 133, 48
14, 134, 46
14, 135, 48
14, 136, 0
14, 137, 36
14, 138, 38
14, 139, 40
14, 140, 0
14, 141, 48
14, 142, 0
14, 143, 48
14, 144, 36
14, 145, 42
14, 146, 16
14, 147, 44
14, 148, 42
14, 149, 48
14, 150, 0
14, 151, 44
14, 152, 36
14, 153, 46
14, 154, 42
14, 155, 42
14, 156, 34
14, 157, 48
14, 158, 45
14, 159, 46
14, 160, 0
14, 161, 44
14, 162, 0
14, 163, 48
14, 164, 46
14, 165, 40
14, 166, 0
14, 167, 47
14, 168, 11
14, 169, 46
14, 170, 21
14, 171, 40
14, 172, 42
14, 173, 48
14, 174, 30
14, 175, 44
14, 176, 46
14, 177, 36
14, 178, 48
14, 179, 46
14, 180, 0
14, 181, 48
14, 182, 0
14, 183, 46
14, 184, 36
14, 185, 47
14, 186, 0
14, 187, 48
14, 188, 47
14, 189, 40
14, 190, 46
14, 191, 44
14, 192, 0
14, 193, 48
14, 194, 0
14, 195, 48
14, 196, 48
14, 197, 44
14, 198, 36
14, 199, 40
14, 200, 0
14, 201, 46
14, 202, 32
14, 203, 38
14, 204, 0
14, 205, 48
14, 206, 0
14, 207, 42
14, 208, 10
14, 209, 47
14, 210, 38
14, 211, 48
14, 212, 0
14, 213, 44
14, 214, 0
14, 215, 24
14, 216, 36
14, 217, 44
14, 218, 35
14, 219, 32
14, 220, 0
14, 221, 46
14, 222, 47
14, 223, 44
14, 224, 0
14, 225, 48
14, 226, 0
14, 227, 44
14, 228, 0
14, 229, 48
14, 230, 0
14, 231, 46
14, 232, 27
14, 233, 48
14, 234, 28
14, 235, 48
14, 236, 16
14, 237, 48
14, 238, 32
14, 239, 48
14, 240, 40
14, 241, 48
14, 242, 26
14, 243, 46
14, 244, 0
14, 245, 46
14, 246, 40
14, 247, 42
14, 248, 30
14, 249, 35
14, 250, 0
14, 251, 48
14, 252, 0
14, 253, 44
14, 254, 47
14, 255, 36
14, 256, 22
14, 257, 42
14, 258, 0
14, 259, 48
14, 260, 0
14, 261, 47
14, 262, 0
14, 263, 48
14, 264, 0
14, 265, 30
14, 266, 0
14, 267, 48
14, 268, 34
14, 269, 38
14, 270, 42
14, 271, 38
14, 272, 46
14, 273, 46
14, 274, 0
14, 275, 48
14, 276, 0
14, 277, 48
14, 278, 32
14, 279, 48
14, 280, 0
14, 281, 48
14, 282, 36
14, 283, 40
14, 284, 0
14, 285, 44
14, 286, 0
14, 287, 32
14, 288, 0
14, 289, 42
14, 290, 3
14, 291, 46
14, 292, 26
14, 293, 46
14, 294, 34
14, 295, 48
14, 296, 0
14, 297, 48
14, 298, 45
14, 299, 48
14, 300, 47
14, 301, 48
14, 302, 28
14, 303, 44
14, 304, 0
14, 305, 46
14, 306, 46
14, 307, 48
14, 308, 36
14, 309, 46
14, 310, 48
14, 311, 42
14, 312, 0
14, 313, 48
14, 314, 17
14, 315, 38
14, 316, 17
14, 317, 48
14, 318, 0
14, 319, 45
14, 320, 14
14, 321, 46
14, 322, 0
14, 323, 48
14, 324, 30
14, 325, 48
14, 326, 0
14, 327, 48
14, 328, 0
14, 329, 48
14, 330, 18
14, 331, 44
14, 332, 44
14, 333, 48
14, 334, 23
14, 335, 48
14, 336, 0
14, 337, 46
14, 338, 0
14, 339, 36
14, 340, 0
14, 341, 48
14, 342, 0
14, 343, 46
14, 344, 23
14, 345, 46
14, 346, 0
14, 347, 36
14, 348, 32
14, 349, 46
14, 350, 48
14, 351, 44
14, 352, 12
14, 353, 42
14, 354, 0
14, 355, 48
14, 356, 10
14, 357, 48
14, 358, 0
14, 359, 46
14, 360, 0
14, 361, 48
14, 362, 0
14, 363, 42
14, 364, 0
14, 365, 44
14, 366, 42
14, 367, 47
14, 368, 36
14, 369, 40
14, 370, 30
14, 371, 48
14, 372, 0
14, 373, 36
14, 374, 18
14, 375, 46
14, 376, 15
14, 377, 42
14, 378, 34
14, 379, 42
14, 380, 41
14, 381, 40
14, 382, 38
14, 383, 47
14, 384, 38
14, 385, 44
14, 386, 36
14, 387, 38
14, 388, 0
14, 389, 46
14, 390, 0
14, 391, 48
14, 392, 0
14, 393, 42
14, 394, 18
14, 395, 44
14, 396, 26
14, 397, 48
14, 398, 15
14, 399, 38
15, 0, 0
15, 1, 49
15, 2, 17
15, 3, 39
15, 4, 37
15, 5, 45
15, 6, 46
15, 7, 45
15, 8, 48
15, 9, 41
15, 10, 48
15, 11, 48
15, 12, 42
15, 13, 39
15, 14, 46
15, 15, 49
15, 16, 22
15, 17, 45
15, 18, 44
15, 19, 33
15, 20, 38
15, 21, 47
15, 22, 46
15, 23, 37
15, 24, 48
15, 25, 37
15, 26, 9
15, 27, 46
15, 28, 48
15, 29, 49
15, 30, 38
15, 31, 37
15, 32, 34
15, 33, 43
15, 34, 31
15, 35, 47
15, 36, 41
15, 37, 29
15, 38, 45
15, 39, 33
15, 40, 48
15, 41, 43
15, 42, 44
15, 43, 43
15, 44, 48
15, 45, 31
15, 46, 47
15, 47, 43
15, 48, 30
15, 49, 43
15, 50, 48
15, 51, 46
15, 52, 42
15, 53, 46
15, 54, 47
15, 55, 43
15, 56, 46
15, 57, 46
15, 58, 23
15, 59, 49
15, 60, 42
15, 61, 41
15, 62, 40
15, 63, 45
15, 64, 47
15, 65, 43
15, 66, 44
15, 67, 41
15, 68, 36
15, 69, 49
15, 70, 33
15, 71, 36
15, 72, 44
15, 73, 49
15, 74, 44
15, 75, 39
15, 76, 0
15, 77, 42
15, 78, 39
15, 79, 45
15, 80, 48
15, 81, 33
15, 82, 46
15, 83, 45
15, 84, 48
15, 85, 36
15, 86, 46
15, 87, 43
15, 88, 35
15, 89, 37
15, 90, 48
15, 91, 49
15, 92, 25
15, 93, 49
15, 94, 42
15, 95, 37
15, 96, 36
15, 97, 49
15, 98, 46
15, 99, 37
15, 100, 46
15, 101, 43
15, 102, 48
15, 103, 46
15, 104, 35
15, 105, 47
15, 106, 31
15, 107, 49
15, 108, 46
15, 109, 31
15, 110, 48
15, 111, 39
15, 112, 48
15, 113, 41
15, 114, 31
15, 115, 44
15, 116, 46
15, 117, 49
15, 118, 46
15, 119, 46
15, 120, 28
15, 121, 44
15, 122, 40
15, 123, 46
15, 124, 47
15, 125, 45
15, 126, 34
15, 127, 49
15, 128, 1
15, 129, 46
15, 130, 48
15, 131, 43
15, 132, 40
15, 133, 37
15, 134, 43
15, 135, 46
15, 136, 47
15, 137, 33
15, 138, 41
15, 139, 49
15, 140, 46
15, 141, 33
15, 142, 42
15, 143, 40
15, 144, 49
15, 145, 31
15, 146, 44
15, 147, 35
15, 148, 46
15, 149, 49
15, 150, 48
15, 151, 33
15, 152, 40
15, 153, 45
15, 154, 49
15, 155, 46
15, 156, 43
15, 157, 41
15, 158, 42
15, 159, 49
15, 160, 44
15, 161, 41
15, 162, 47
15, 163, 46
15, 164, 35
15, 165, 41
15, 166, 48
15, 167, 49
15, 168, 43
15, 169, 47
15, 170, 43
15, 171, 46
15, 172, 17
15, 173, 33
15, 174, 9
15, 175, 44
15, 176, 41
15, 177, 48
15, 178, 11
15, 179, 43
15, 180, 48
15, 181, 41
15, 182, 44
15, 183, 49
15, 184, 14
15, 185, 43
15, 186, 47
15, 187, 43
15, 188, 0
15, 189, 49
15, 190, 41
15, 191, 47
15, 192, 43
15, 193, 45
15, 194, 40
15, 195, 45
15, 196, 0
15, 197, 43
15, 198, 33
15, 199, 47
15, 200, 42
15, 201, 39
15, 202, 48
15, 203, 49
15, 204, 46
15, 205, 45
15, 206, 5
15, 207, 25
15, 208, 38
15, 209, 49
15, 210, 34
15, 211, 45
15, 212, 48
15, 213, 41
15, 214, 40
15, 215, 43
15, 216, 0
15, 217, 49
15, 218, 40
15, 219, 48
15, 220, 48
15, 221, 37
15, 222, 44
15, 223, 41
15, 224, 48
15, 225, 45
15, 226, 42
15, 227, 43
15, 228, 48
15, 229, 45
15, 230, 48
15, 231, 23
15, 232, 37
15, 233, 41
15, 234, 0
15, 235, 48
15, 236, 45
15, 237, 33
15, 238, 43
15, 239, 47
15, 240, 25
15, 241, 49
15, 242, 35
15, 243, 48
15, 244, 45
15, 245, 47
15, 246, 45
15, 247, 47
15, 248, 48
15, 249, 45
15, 250, 46
15, 251, 43
15, 252, 38
15, 253, 43
15, 254, 42
15, 255, 48
15, 256, 47
15, 257, 46
15, 258, 46
15, 259, 49
15, 260, 48
15, 261, 39
15, 262, 46
15, 263, 43
15, 264, 44
15, 265, 41
15, 266, 48
15, 267, 43
15, 268, 23
15, 269, 49
15, 270, 0
15, 271, 43
15, 272, 48
15, 273, 39
15, 274, 44
15, 275, 48
15, 276, 38
15, 277, 41
15, 278, 46
15, 279, 43
15, 280, 46
15, 281, 21
15, 282, 46
15, 283, 48
15, 284, 6
15, 285, 39
15, 286, 48
15, 287, 45
15, 288, 44
15, 289, 46
15, 290, 47
15, 291, 43
15, 292, 44
15, 293, 49
15, 294, 47
15, 295, 42
15, 296, 45
15, 297, 41
15, 298, 39
15, 299, 45
15, 300, 29
15, 301, 33
15, 302, 33
15, 303, 46
15, 304, 48
15, 305, 43
15, 306, 46
15, 307, 41
15, 308, 8
15, 309, 49
15, 310, 39
15, 311, 39
15, 312, 46
15, 313, 41
15, 314, 47
15, 315, 45
15, 316, 48
15, 317, 48
15, 318, 46
15, 319, 49
15, 320, 47
15, 321, 49
15, 322, 44
15, 323, 47
15, 324, 29
15, 325, 39
15, 326, 36
15, 327, 48
15, 328, 32
15, 329, 41
15, 330, 34
15, 331, 41
15, 332, 30
15, 333, 45
15, 334, 31
15, 335, 43
15, 336, 48
15, 337, 39
15, 338, 48
15, 339, 43
15, 340, 45
15, 341, 43
15, 342, 48
15, 343, 43
15, 344, 25
15, 345, 44
15, 346, 47
15, 347, 42
15, 348, 29
15, 349, 47
15, 350, 34
15, 351, 45
15, 352, 41
15, 353, 39
15, 354, 46
15, 355, 43
15, 356, 38
15, 357, 43
15, 358, 35
15, 359, 45
15, 360, 42
15, 361, 41
15, 362, 46
15, 363, 45
15, 364, 48
15, 365, 41
15, 366, 46
15, 367, 45
15, 368, 39
15, 369, 49
15, 370, 44
15, 371, 43
15, 372, 46
15, 373, 49
15, 374, 46
15, 375, 46
15, 376, 46
15, 377, 44
15, 378, 22
15, 379, 35
15, 380, 7
15, 381, 49
15, 382, 29
15, 383, 49
15, 384, 48
15, 385, 49
15, 386, 45
15, 387, 35
15, 388, 44
15, 389, 49
15, 390, 38
15, 391, 47
15, 392, 48
15, 393, 39
15, 394, 35
15, 395, 46
15, 396, 45
15, 397, 49
15, 398, 48
15, 399, 48
16, 0, 0
16, 1, 47
16, 2, 24
16, 3, 42
16, 4, 47
16, 5, 47
16, 6, 40
16, 7, 48
16, 8, 0
16, 9, 40
16, 10, 24
16, 11, 40
16, 12, 42
16, 13, 46
16, 14, 0
16, 15, 47
16, 16, 28
16, 17, 44
16, 18, 0
16, 19, 40
16, 20, 16
16, 21, 38
16, 22, 0
16, 23, 48
16, 24, 0
16, 25, 42
16, 26, 40
16, 27, 48
16, 28, 0
16, 29, 42
16, 30, 0
16, 31, 48
16, 32, 44
16, 33, 48
16, 34, 47
16, 35, 40
16, 36, 32
16, 37, 48
16, 38, 0
16, 39, 42
16, 40, 0
16, 41, 40
16, 42, 0
16, 43, 44
16, 44, 0
16, 45, 40
16, 46, 46
16, 47, 44
16, 48, 0
16, 49, 46
16, 50, 0
16, 51, 48
16, 52, 10
16, 53, 48
16, 54, 46
16, 55, 32
16, 56, 23
16, 57, 48
16, 58, 18
16, 59, 46
16, 60, 40
16, 61, 46
16, 62, 0
16, 63, 48
16, 64, 8
16, 65, 36
16, 66, 24
16, 67, 44
16, 68, 45
16, 69, 45
16, 70, 42
16, 71, 48
16, 72, 0
16, 73, 47
16, 74, 4
16, 75, 48
16, 76, 48
16, 77, 46
16, 78, 46
16, 79, 48
16, 80, 0
16, 81, 45
16, 82, 38
16, 83, 42
16, 84, 0
16, 85, 48
16, 86, 2
16, 87, 48
16, 88, 0
16, 89, 48
16, 90, 0
16, 91, 47
16, 92, 34
16, 93, 48
16, 94, 0
16, 95, 46
16, 96, 38
16, 97, 48
16, 98, 44
16, 99, 48
16, 100, 0
16, 101, 48
16, 102, 0
16, 103, 44
16, 104, 30
16, 105, 44
16, 106, 26
16, 107, 47
16, 108, 0
16, 109, 47
16, 110, 0
16, 111, 46
16, 112, 0
16, 113, 46
16, 114, 36
16, 115, 48
16, 116, 28
16, 117, 40
16, 118, 0
16, 119, 44
16, 120, 2
16, 121, 48
16, 122, 46
16, 123, 48
16, 124, 0
16, 125, 40
16, 126, 0
16, 127, 46
16, 128, 32
16, 129, 48
16, 130, 0
16, 131, 48
16, 132, 46
16, 133, 46
16, 134, 20
16, 135, 46
16, 136, 0
16, 137, 42
16, 138, 47
16, 139, 32
16, 140, 40
16, 141, 48
16, 142, 0
16, 143, 48
16, 144, 16
16, 145, 48
16, 146, 34
16, 147, 48
16, 148, 0
16, 149, 47
16, 150, 0
16, 151, 36
16, 152, 20
16, 153, 42
16, 154, 46
16, 155, 44
16, 156, 0
16, 157, 46
16, 158, 47
16, 159, 41
16, 160, 0
16, 161, 36
16, 162, 0
16, 163, 42
16, 164, 46
16, 165, 44
16, 166, 0
16, 167, 32
16, 168, 30
16, 169, 34
16, 170, 22
16, 171, 48
16, 172, 42
16, 173, 47
16, 174, 42
16, 175, 38
16, 176, 23
16, 177, 48
16, 178, 40
16, 179, 44
16, 180, 0
16, 181, 34
16, 182, 0
16, 183, 38
16, 184, 28
16, 185, 40
16, 186, 16
16, 187, 46
16, 188, 48
16, 189, 38
16, 190, 24
16, 191, 48
16, 192, 28
16, 193, 48
16, 194, 0
16, 195, 48
16, 196, 16
16, 197, 30
16, 198, 0
16, 199, 36
16, 200, 0
16, 201, 46
16, 202, 34
16, 203, 46
16, 204, 0
16, 205, 44
16, 206, 18
16, 207, 48
16, 208, 34
16, 209, 44
16, 210, 36
16, 211, 46
16, 212, 0
16, 213, 34
16, 214, 0
16, 215, 46
16, 216, 47
16, 217, 38
16, 218, 0
16, 219, 46
16, 220, 0
16, 221, 44
16, 222, 0
16, 223, 40
16, 224, 0
16, 225, 32
16, 226, 0
16, 227, 42
16, 228, 0
16, 229, 46
16, 230, 0
16, 231, 38
16, 232, 45
16, 233, 38
16, 234, 34
16, 235, 44
16, 236, 47
16, 237, 44
16, 238, 36
16, 239, 48
16, 240, 46
16, 241, 40
16, 242, 41
16, 243, 48
16, 244, 34
16, 245, 36
16, 246, 38
16, 247, 46
16, 248, 22
16, 249, 41
16, 250, 0
16, 251, 47
16, 252, 0
16, 253, 48
16, 254, 26
16, 255, 45
16, 256, 17
16, 257, 48
16, 258, 0
16, 259, 44
16, 260, 0
16, 261, 47
16, 262, 0
16, 263, 42
16, 264, 0
16, 265, 36
16, 266, 0
16, 267, 46
16, 268, 36
16, 269, 46
16, 270, 47
16, 271, 48
16, 272, 36
16, 273, 47
16, 274, 0
16, 275, 42
16, 276, 0
16, 277, 44
16, 278, 44
16, 279, 41
16, 280, 0
16, 281, 46
16, 282, 44
16, 283, 47
16, 284, 0
16, 285, 48
16, 286, 0
16, 287, 45
16, 288, 0
16, 289, 46
16, 290, 26
16, 291, 20
16, 292, 4
16, 293, 48
16, 294, 22
16, 295, 38
16, 296, 0
16, 297, 48
16, 298, 36
16, 299, 40
16, 300, 20
16, 301, 38
16, 302, 10
16, 303, 46
16, 304, 0
16, 305, 48
16, 306, 20
16, 307, 40
16, 308, 47
16, 309, 42
16, 310, 14
16, 311, 48
16, 312, 0
16, 313, 44
16, 314, 0
16, 315, 48
16, 316, 32
16, 317, 44
16, 318, 0
16, 319, 42
16, 320, 38
16, 321, 42
16, 322, 0
16, 323, 46
16, 324, 18
16, 325, 46
16, 326, 0
16, 327, 44
16, 328, 0
16, 329, 47
16, 330, 46
16, 331, 48
16, 332, 24
16, 333, 42
16, 334, 46
16, 335, 47
16, 336, 0
16, 337, 45
16, 338, 0
16, 339, 48
16, 340, 0
16, 341, 46
16, 342, 0
16, 343, 42
16, 344, 46
16, 345, 48
16, 346, 16
16, 347, 48
16, 348, 40
16, 349, 48
16, 350, 47
16, 351, 48
16, 352, 48
16, 353, 48
16, 354, 0
16, 355, 48
16, 356, 38
16, 357, 46
16, 358, 0
16, 359, 48
16, 360, 0
16, 361, 44
16, 362, 0
16, 363, 46
16, 364, 0
16, 365, 48
16, 366, 32
16, 367, 47
16, 368, 34
16, 369, 48
16, 370, 46
16, 371, 48
16, 372, 0
16, 373, 46
16, 374, 46
16, 375, 30
16, 376, 44
16, 377, 47
16, 378, 42
16, 379, 48
16, 380, 40
16, 381, 46
16, 382, 40
16, 383, 40
16, 384, 37
16, 385, 40
16, 386, 48
16, 387, 44
16, 388, 40
16, 389, 46
16, 390, 0
16, 391, 46
16, 392, 0
16, 393, 46
16, 394, 30
16, 395, 48
16, 396, 16
16, 397, 46
16, 398, 48
16, 399, 46
17, 0, 0
17, 1, 46
17, 2, 39
17, 3, 37
17, 4, 31
17, 5, 45
17, 6, 32
17, 7, 45
17, 8, 44
17, 9, 48
17, 10, 37
17, 11, 48
17, 12, 43
17, 13, 48
17, 14, 42
17, 15, 40
17, 16, 49
17, 17, 46
17, 18, 47
17, 19, 46
17, 20, 46
17, 21, 45
17, 22, 41
17, 23, 49
17, 24, 48
17, 25, 43
17, 26, 37
17, 27, 47
17, 28, 44
17, 29, 49
17, 30, 38
17, 31, 46
17, 32, 37
17, 33, 46
17, 34, 4
17, 35, 41
17, 36, 49
17, 37, 39
17, 38, 48
17, 39, 35
17, 40, 48
17, 41, 43
17, 42, 48
17, 43, 39
17, 44, 48
17, 45, 29
17, 46, 44
17, 47, 49
17, 48, 48
17, 49, 25
17, 50, 42
17, 51, 45
17, 52, 46
17, 53, 47
17, 54, 41
17, 55, 45
17, 56, 48
17, 57, 45
17, 58, 25
17, 59, 49
17, 60, 38
17, 61, 44
17, 62, 48
17, 63, 45
17, 64, 48
17, 65, 42
17, 66, 26
17, 67, 47
17, 68, 31
17, 69, 48
17, 70, 25
17, 71, 42
17, 72, 46
17, 73, 33
17, 74, 40
17, 75, 47
17, 76, 45
17, 77, 44
17, 78, 33
17, 79, 37
17, 80, 42
17, 81, 43
17, 82, 48
17, 83, 19
17, 84, 48
17, 85, 43
17, 86, 42
17, 87, 46
17, 88, 46
17, 89, 37
17, 90, 32
17, 91, 43
17, 92, 39
17, 93, 45
17, 94, 47
17, 95, 49
17, 96, 45
17, 97, 40
17, 98, 36
17, 99, 49
17, 100, 47
17, 101, 39
17, 102, 30
17, 103, 49
17, 104, 9
17, 105, 49
17, 106, 33
17, 107, 41
17, 108, 48
17, 109, 45
17, 110, 48
17, 111, 20
17, 112, 34
17, 113, 43
17, 114, 37
17, 115, 49
17, 116, 41
17, 117, 49
17, 118, 46
17, 119, 49
17, 120, 37
17, 121, 49
17, 122, 44
17, 123, 49
17, 124, 34
17, 125, 49
17, 126, 46
17, 127, 49
17, 128, 0
17, 129, 33
17, 130, 30
17, 131, 41
17, 132, 46
17, 133, 41
17, 134, 26
17, 135, 45
17, 136, 44
17, 137, 49
17, 138, 48
17, 139, 28
17, 140, 47
17, 141, 43
17, 142, 46
17, 143, 44
17, 144, 48
17, 145, 43
17, 146, 41
17, 147, 45
17, 148, 48
17, 149, 39
17, 150, 38
17, 151, 46
17, 152, 48
17, 153, 48
17, 154, 7
17, 155, 47
17, 156, 30
17, 157, 35
17, 158, 24
17, 159, 31
17, 160, 48
17, 161, 33
17, 162, 48
17, 163, 43
17, 164, 19
17, 165, 45
17, 166, 47
17, 167, 43
17, 168, 29
17, 169, 49
17, 170, 43
17, 171, 47
17, 172, 33
17, 173, 40
17, 174, 48
17, 175, 45
17, 176, 48
17, 177, 45
17, 178, 29
17, 179, 37
17, 180, 48
17, 181, 48
17, 182, 44
17, 183, 46
17, 184, 13
17, 185, 39
17, 186, 47
17, 187, 43
17, 188, 45
17, 189, 45
17, 190, 45
17, 191, 47
17, 192, 42
17, 193, 43
17, 194, 46
17, 195, 48
17, 196, 0
17, 197, 49
17, 198, 46
17, 199, 41
17, 200, 47
17, 201, 49
17, 202, 37
17, 203, 49
17, 204, 42
17, 205, 48
17, 206, 0
17, 207, 47
17, 208, 48
17, 209, 45
17, 210, 28
17, 211, 43
17, 212, 48
17, 213, 46
17, 214, 42
17, 215, 49
17, 216, 46
17, 217, 35
17, 218, 34
17, 219, 43
17, 220, 46
17, 221, 49
17, 222, 46
17, 223, 45
17, 224, 48
17, 225, 39
17, 226, 48
17, 227, 39
17, 228, 48
17, 229, 43
17, 230, 46
17, 231, 33
17, 232, 37
17, 233, 43
17, 234, 0
17, 235, 45
17, 236, 1
17, 237, 41
17, 238, 0
17, 239, 44
17, 240, 39
17, 241, 48
17, 242, 43
17, 243, 36
17, 244, 48
17, 245, 43
17, 246, 34
17, 247, 49
17, 248, 36
17, 249, 45
17, 250, 48
17, 251, 31
17, 252, 44
17, 253, 43
17, 254, 40
17, 255, 48
17, 256, 43
17, 257, 43
17, 258, 46
17, 259, 43
17, 260, 48
17, 261, 45
17, 262, 36
17, 263, 35
17, 264, 48
17, 265, 43
17, 266, 46
17, 267, 46
17, 268, 46
17, 269, 48
17, 270, 31
17, 271, 45
17, 272, 48
17, 273, 43
17, 274, 42
17, 275, 49
17, 276, 45
17, 277, 49
17, 278, 14
17, 279, 31
17, 280, 46
17, 281, 36
17, 282, 36
17, 283, 43
17, 284, 48
17, 285, 49
17, 286, 38
17, 287, 39
17, 288, 48
17, 289, 47
17, 290, 30
17, 291, 49
17, 292, 42
17, 293, 39
17, 294, 45
17, 295, 43
17, 296, 34
17, 297, 43
17, 298, 39
17, 299, 43
17, 300, 41
17, 301, 45
17, 302, 33
17, 303, 46
17, 304, 46
17, 305, 39
17, 306, 25
17, 307, 37
17, 308, 0
17, 309, 48
17, 310, 0
17, 311, 37
17, 312, 48
17, 313, 49
17, 314, 35
17, 315, 43
17, 316, 38
17, 317, 48
17, 318, 40
17, 319, 33
17, 320, 48
17, 321, 35
17, 322, 48
17, 323, 43
17, 324, 43
17, 325, 49
17, 326, 36
17, 327, 31
17, 328, 46
17, 329, 43
17, 330, 47
17, 331, 37
17, 332, 48
17, 333, 45
17, 334, 0
17, 335, 45
17, 336, 42
17, 337, 45
17, 338, 47
17, 339, 49
17, 340, 46
17, 341, 33
17, 342, 48
17, 343, 43
17, 344, 35
17, 345, 43
17, 346, 41
17, 347, 47
17, 348, 33
17, 349, 31
17, 350, 46
17, 351, 49
17, 352, 43
17, 353, 35
17, 354, 38
17, 355, 47
17, 356, 41
17, 357, 46
17, 358, 46
17, 359, 49
17, 360, 44
17, 361, 25
17, 362, 48
17, 363, 43
17, 364, 47
17, 365, 48
17, 366, 46
17, 367, 49
17, 368, 43
17, 369, 37
17, 370, 48
17, 371, 45
17, 372, 47
17, 373, 39
17, 374, 34
17, 375, 46
17, 376, 38
17, 377, 45
17, 378, 0
17, 379, 45
17, 380, 36
17, 381, 48
17, 382, 41
17, 383, 48
17, 384, 49
17, 385, 43
17, 386, 46
17, 387, 39
17, 388, 42
17, 389, 43
17, 390, 47
17, 391, 47
17, 392, 48
17, 393, 46
17, 394, 37
17, 395, 49
17, 396, 40
17, 397, 45
17, 398, 40
17, 399, 49
18, 0, 0
18, 1, 36
18, 2, 35
18, 3, 47
18, 4, 48
18, 5, 42
18, 6, 47
18, 7, 48
18, 8, 6
18, 9, 48
18, 10, 39
18, 11, 38
18, 12, 47
18, 13, 43
18, 14, 38
18, 15, 48
18, 16, 30
18, 17, 37
18, 18, 27
18, 19, 42
18, 20, 48
18, 21, 30
18, 22, 39
18, 23, 45
18, 24, 40
18, 25, 42
18, 26, 46
18, 27, 34
18, 28, 0
18, 29, 46
18, 30, 38
18, 31, 42
18, 32, 48
18, 33, 29
18, 34, 48
18, 35, 33
18, 36, 36
18, 37, 44
18, 38, 3
18, 39, 46
18, 40, 38
18, 41, 47
18, 42, 42
18, 43, 48
18, 44, 30
18, 45, 47
18, 46, 32
18, 47, 40
18, 48, 35
18, 49, 42
18, 50, 22
18, 51, 45
18, 52, 28
18, 53, 43
18, 54, 47
18, 55, 47
18, 56, 44
18, 57, 48
18, 58, 44
18, 59, 49
18, 60, 35
18, 61, 48
18, 62, 40
18, 63, 48
18, 64, 48
18, 65, 40
18, 66, 42
18, 67, 46
18, 68, 40
18, 69, 40
18, 70, 44
18, 71, 40
18, 72, 46
18, 73, 48
18, 74, 22
18, 75, 36
18, 76, 0
18, 77, 42
18, 78, 34
18, 79, 46
18, 80, 24
18, 81, 40
18, 82, 41
18, 83, 47
18, 84, 48
18, 85, 48
18, 86, 32
18, 87, 44
18, 88, 36
18, 89, 30
18, 90, 42
18, 91, 38
18, 92, 30
18, 93, 40
18, 94, 48
18, 95, 48
18, 96, 15
18, 97, 46
18, 98, 26
18, 99, 47
18, 100, 15
18, 101, 42
18, 102, 44
18, 103, 46
18, 104, 25
18, 105, 46
18, 106, 48
18, 107, 38
18, 108, 44
18, 109, 23
18, 110, 22
18, 111, 49
18, 112, 40
18, 113, 48
18, 114, 46
18, 115, 42
18, 116, 32
18, 117, 47
18, 118, 27
18, 119, 44
18, 120, 49
18, 121, 40
18, 122, 0
18, 123, 43
18, 124, 12
18, 125, 40
18, 126, 46
18, 127, 44
18, 128, 46
18, 129, 42
18, 130, 16
18, 131, 46
18, 132, 47
18, 133, 48
18, 134, 39
18, 135, 48
18, 136, 45
18, 137, 43
18, 138, 49
18, 139, 44
18, 140, 46
18, 141, 48
18, 142, 0
18, 143, 40
18, 144, 10
18, 145, 42
18, 146, 43
18, 147, 32
18, 148, 0
18, 149, 42
18, 150, 26
18, 151, 39
18, 152, 48
18, 153, 47
18, 154, 42
18, 155, 46
18, 156, 28
18, 157, 38
18, 158, 24
18, 159, 42
18, 160, 42
18, 161, 44
18, 162, 46
18, 163, 36
18, 164, 41
18, 165, 48
18, 166, 22
18, 167, 44
18, 168, 41
18, 169, 36
18, 170, 45
18, 171, 46
18, 172, 44
18, 173, 46
18, 174, 42
18, 175, 45
18, 176, 40
18, 177, 46
18, 178, 45
18, 179, 46
18, 180, 26
18, 181, 41
18, 182, 38
18, 183, 48
18, 184, 42
18, 185, 44
18, 186, 48
18, 187, 31
18, 188, 39
18, 189, 39
18, 190, 40
18, 191, 40
18, 192, 20
18, 193, 40
18, 194, 46
18, 195, 43
18, 196, 29
18, 197, 46
18, 198, 48
18, 199, 43
18, 200, 47
18, 201, 36
18, 202, 48
18, 203, 36
18, 204, 0
18, 205, 48
18, 206, 44
18, 207, 49
18, 208, 21
18, 209, 46
18, 210, 28
18, 211, 46
18, 212, 46
18, 213, 44
18, 214, 17
18, 215, 38
18, 216, 42
18, 217, 48
18, 218, 34
18, 219, 48
18, 220, 14
18, 221, 42
18, 222, 37
18, 223, 47
18, 224, 10
18, 225, 42
18, 226, 12
18, 227, 32
18, 228, 42
18, 229, 40
18, 230, 47
18, 231, 48
18, 232, 39
18, 233, 48
18, 234, 36
18, 235, 47
18, 236, 44
18, 237, 48
18, 238, 0
18, 239, 47
18, 240, 40
18, 241, 44
18, 242, 18
18, 243, 46
18, 244, 42
18, 245, 45
18, 246, 47
18, 247, 38
18, 248, 32
18, 249, 28
18, 250, 42
18, 251, 46
18, 252, 46
18, 253, 43
18, 254, 22
18, 255, 36
18, 256, 46
18, 257, 41
18, 258, 36
18, 259, 48
18, 260, 46
18, 261, 43
18, 262, 46
18, 263, 47
18, 264, 42
18, 265, 48
18, 266, 36
18, 267, 36
18, 268, 42
18, 269, 48
18, 270, 43
18, 271, 47
18, 272, 27
18, 273, 39
18, 274, 16
18, 275, 42
18, 276, 16
18, 277, 46
18, 278, 0
18, 279, 48
18, 280, 38
18, 281, 40
18, 282, 49
18, 283, 40
18, 284, 40
18, 285, 35
18, 286, 42
18, 287, 45
18, 288, 48
18, 289, 48
18, 290, 44
18, 291, 46
18, 292, 3
18, 293, 34
18, 294, 48
18, 295, 49
18, 296, 40
18, 297, 46
18, 298, 11
18, 299, 48
18, 300, 24
18, 301, 48
18, 302, 46
18, 303, 48
18, 304, 0
18, 305, 42
18, 306, 47
18, 307, 44
18, 308, 16
18, 309, 45
18, 310, 41
18, 311, 26
18, 312, 37
18, 313, 46
18, 314, 26
18, 315, 33
18, 316, 27
18, 317, 46
18, 318, 0
18, 319, 48
18, 320, 44
18, 321, 46
18, 322, 18
18, 323, 28
18, 324, 33
18, 325, 32
18, 326, 44
18, 327, 48
18, 328, 42
18, 329, 49
18, 330, 49
18, 331, 44
18, 332, 0
18, 333, 46
18, 334, 36
18, 335, 48
18, 336, 26
18, 337, 37
18, 338, 14
18, 339, 45
18, 340, 42
18, 341, 42
18, 342, 24
18, 343, 18
18, 344, 40
18, 345, 42
18, 346, 24
18, 347, 41
18, 348, 48
18, 349, 42
18, 350, 45
18, 351, 42
18, 352, 46
18, 353, 40
18, 354, 0
18, 355, 42
18, 356, 39
18, 357, 27
18, 358, 26
18, 359, 46
18, 360, 24
18, 361, 38
18, 362, 26
18, 363, 47
18, 364, 40
18, 365, 46
18, 366, 46
18, 367, 42
18, 368, 36
18, 369, 49
18, 370, 30
18, 371, 46
18, 372, 0
18, 373, 38
18, 374, 28
18, 375, 48
18, 376, 46
18, 377, 48
18, 378, 16
18, 379, 40
18, 380, 27
18, 381, 41
18, 382, 4
18, 383, 46
18, 384, 46
18, 385, 42
18, 386, 0
18, 387, 45
18, 388, 48
18, 389, 45
18, 390, 46
18, 391, 44
18, 392, 0
18, 393, 40
18, 394, 45
18, 395, 36
18, 396, 41
18, 397, 38
18, 398, 23
18, 399, 45
19, 0, 0
19, 1, 47
19, 2, 40
19, 3, 43
19, 4, 47
19, 5, 47
19, 6, 47
19, 7, 45
19, 8, 36
19, 9, 45
19, 10, 45
19, 11, 49
19, 12, 46
19, 13, 43
19, 14, 48
19, 15, 33
19, 16, 31
19, 17, 43
19, 18, 45
19, 19, 49
19, 20, 42
19, 21, 47
19, 22, 47
19, 23, 49
19, 24, 35
19, 25, 44
19, 26, 48
19, 27, 46
19, 28, 47
19, 29, 43
19, 30, 46
19, 31, 49
19, 32, 46
19, 33, 43
19, 34, 49
19, 35, 46
19, 36, 39
19, 37, 48
19, 38, 48
19, 39, 46
19, 40, 46
19, 41, 43
19, 42, 48
19, 43, 39
19, 44, 48
19, 45, 39
19, 46, 44
19, 47, 48
19, 48, 46
19, 49, 49
19, 50, 48
19, 51, 31
19, 52, 40
19, 53, 39
19, 54, 48
19, 55, 48
19, 56, 39
19, 57, 49
19, 58, 33
19, 59, 45
19, 60, 40
19, 61, 45
19, 62, 48
19, 63, 46
19, 64, 44
19, 65, 48
19, 66, 43
19, 67, 46
19, 68, 9
19, 69, 48
19, 70, 49
19, 71, 42
19, 72, 45
19, 73, 48
19, 74, 42
19, 75, 47
19, 76, 43
19, 77, 48
19, 78, 11
19, 79, 43
19, 80, 47
19, 81, 43
19, 82, 44
19, 83, 43
19, 84, 48
19, 85, 45
19, 86, 48
19, 87, 43
19, 88, 47
19, 89, 35
19, 90, 47
19, 91, 43
19, 92, 49
19, 93, 43
19, 94, 48
19, 95, 45
19, 96, 29
19, 97, 45
19, 98, 0
19, 99, 43
19, 100, 49
19, 101, 49
19, 102, 44
19, 103, 48
19, 104, 43
19, 105, 45
19, 106, 17
19, 107, 49
19, 108, 48
19, 109, 39
19, 110, 44
19, 111, 45
19, 112, 46
19, 113, 49
19, 114, 49
19, 115, 42
19, 116, 44
19, 117, 43
19, 118, 48
19, 119, 48
19, 120, 46
19, 121, 41
19, 122, 37
19, 123, 41
19, 124, 48
19, 125, 42
19, 126, 48
19, 127, 43
19, 128, 43
19, 129, 47
19, 130, 46
19, 131, 49
19, 132, 28
19, 133, 49
19, 134, 33
19, 135, 45
19, 136, 48
19, 137, 42
19, 138, 39
19, 139, 44
19, 140, 46
19, 141, 48
19, 142, 48
19, 143, 45
19, 144, 48
19, 145, 43
19, 146, 48
19, 147, 45
19, 148, 46
19, 149, 44
19, 150, 48
19, 151, 49
19, 152, 46
19, 153, 47
19, 154, 40
19, 155, 49
19, 156, 48
19, 157, 43
19, 158, 48
19, 159, 38
19, 160, 48
19, 161, 39
19, 162, 45
19, 163, 47
19, 164, 27
19, 165, 41
19, 166, 46
19, 167, 49
19, 168, 44
19, 169, 47
19, 170, 46
19, 171, 48
19, 172, 45
19, 173, 48
19, 174, 40
19, 175, 49
19, 176, 19
19, 177, 48
19, 178, 25
19, 179, 41
19, 180, 48
19, 181, 46
19, 182, 42
19, 183, 43
19, 184, 25
19, 185, 43
19, 186, 45
19, 187, 49
19, 188, 33
19, 189, 47
19, 190, 22
19, 191, 49
19, 192, 40
19, 193, 49
19, 194, 40
19, 195, 49
19, 196, 48
19, 197, 48
19, 198, 44
19, 199, 39
19, 200, 47
19, 201, 43
19, 202, 39
19, 203, 45
19, 204, 48
19, 205, 49
19, 206, 29
19, 207, 47
19, 208, 43
19, 209, 48
19, 210, 49
19, 211, 43
19, 212, 48
19, 213, 45
19, 214, 46
19, 215, 35
19, 216, 49
19, 217, 43
19, 218, 48
19, 219, 49
19, 220, 48
19, 221, 43
19, 222, 46
19, 223, 39
19, 224, 48
19, 225, 44
19, 226, 48
19, 227, 35
19, 228, 46
19, 229, 43
19, 230, 48
19, 231, 43
19, 232, 48
19, 233, 44
19, 234, 49
19, 235, 46
19, 236, 41
19, 237, 47
19, 238, 45
19, 239, 49
19, 240, 29
19, 241, 46
19, 242, 46
19, 243, 48
19, 244, 33
19, 245, 46
19, 246, 45
19, 247, 46
19, 248, 48
19, 249, 48
19, 250, 48
19, 251, 44
19, 252, 47
19, 253, 37
19, 254, 37
19, 255, 46
19, 256, 49
19, 257, 49
19, 258, 46
19, 259, 39
19, 260, 47
19, 261, 49
19, 262, 42
19, 263, 39
19, 264, 44
19, 265, 49
19, 266, 48
19, 267, 44
19, 268, 43
19, 269, 49
19, 270, 43
19, 271, 47
19, 272, 42
19, 273, 48
19, 274, 48
19, 275, 43
19, 276, 46
19, 277, 49
19, 278, 46
19, 279, 49
19, 280, 44
19, 281, 43
19, 282, 44
19, 283, 46
19, 284, 30
19, 285, 43
19, 286, 48
19, 287, 48
19, 288, 38
19, 289, 43
19, 290, 48
19, 291, 33
19, 292, 42
19, 293, 48
19, 294, 46
19, 295, 43
19, 296, 45
19, 297, 45
19, 298, 42
19, 299, 45
19, 300, 26
19, 301, 48
19, 302, 37
19, 303, 48
19, 304, 42
19, 305, 49
19, 306, 49
19, 307, 45
19, 308, 49
19, 309, 47
19, 310, 18
19, 311, 34
19, 312, 48
19, 313, 49
19, 314, 39
19, 315, 49
19, 316, 46
19, 317, 49
19, 318, 38
19, 319, 47
19, 320, 47
19, 321, 29
19, 322, 48
19, 323, 43
19, 324, 45
19, 325, 46
19, 326, 48
19, 327, 49
19, 328, 40
19, 329, 46
19, 330, 45
19, 331, 46
19, 332, 38
19, 333, 49
19, 334, 45
19, 335, 39
19, 336, 48
19, 337, 44
19, 338, 48
19, 339, 49
19, 340, 46
19, 341, 48
19, 342, 42
19, 343, 48
19, 344, 31
19, 345, 49
19, 346, 46
19, 347, 47
19, 348, 45
19, 349, 48
19, 350, 38
19, 351, 47
19, 352, 49
19, 353, 43
19, 354, 48
19, 355, 44
19, 356, 40
19, 357, 49
19, 358, 46
19, 359, 26
19, 360, 48
19, 361, 49
19, 362, 40
19, 363, 43
19, 364, 48
19, 365, 22
19, 366, 42
19, 367, 47
19, 368, 26
19, 369, 46
19, 370, 42
19, 371, 45
19, 372, 46
19, 373, 46
19, 374, 48
19, 375, 41
19, 376, 38
19, 377, 48
19, 378, 43
19, 379, 45
19, 380, 33
19, 381, 47
19, 382, 43
19, 383, 46
19, 384, 43
19, 385, 43
19, 386, 49
19, 387, 43
19, 388, 43
19, 389, 49
19, 390, 46
19, 391, 49
19, 392, 48
19, 393, 47
19, 394, 33
19, 395, 49
19, 396, 26
19, 397, 45
19, 398, 30
19, 399, 48
