1, 8, 11
1, 24, 33
1, 30, 16
1, 31, 39
1, 35, 30
1, 39, 25
1, 41, 2
1, 63, 11
1, 67, 50
1, 79, 11
1, 85, 45
1, 101, 8
1, 119, 36
1, 130, 53
1, 131, 44
1, 132, 20
1, 137, 45
1, 150, 16
1, 158, 50
1, 161, 45
1, 168, 11
1, 179, 44
1, 201, 39
1, 221, 25
1, 227, 53
1, 232, 16
1, 251, 39
1, 254, 25
1, 254, 66
1, 258, 36
1, 270, 45
1, 272, 20
1, 279, 37
1, 283, 53
1, 285, 50
1, 290, 25
1, 294, 44
1, 297, 2
1, 306, 16
1, 310, 30
1, 328, 50
1, 336, 8
1, 345, 2
1, 346, 11
1, 368, 44
1, 386, 33
1, 392, 25
1, 396, 66
1, 398, 20
1, 399, 50
2, 3, 48
2, 9, 7
2, 10, 19
2, 12, 47
2, 34, 38
2, 36, 24
2, 41, 47
2, 42, 3
2, 48, 37
2, 53, 51
2, 62, 30
2, 63, 40
2, 64, 29
2, 66, 31
2, 69, 36
2, 69, 58
2, 74, 42
2, 87, 27
2, 92, 20
2, 99, 41
2, 114, 24
2, 121, 47
2, 125, 19
2, 131, 11
2, 135, 13
2, 146, 46
2, 152, 29
2, 158, 7
2, 160, 36
2, 163, 19
2, 172, 40
2, 179, 15
2, 181, 41
2, 185, 58
2, 192, 36
2, 194, 13
2, 194, 36
2, 195, 24
2, 198, 48
2, 200, 20
2, 200, 29
2, 200, 30
2, 212, 58
2, 224, 38
2, 225, 40
2, 227, 27
2, 234, 15
2, 243, 31
2, 247, 11
2, 256, 51
2, 263, 47
2, 272, 15
2, 294, 46
2, 298, 3
2, 309, 37
2, 316, 47
2, 318, 29
2, 322, 69
2, 323, 13
2, 333, 20
2, 334, 48
2, 337, 41
2, 339, 7
2, 339, 46
2, 340, 19
2, 340, 31
2, 348, 24
2, 350, 15
2, 350, 58
2, 357, 38
2, 364, 11
2, 367, 30
2, 372, 3
2, 373, 20
2, 375, 34
2, 375, 46
2, 376, 40
2, 391, 48
3, 2, 10
3, 2, 40
3, 3, 55
3, 4, 23
3, 9, 58
3, 11, 61
3, 24, 50
3, 28, 32
3, 30, 2
3, 35, 33
3, 37, 40
3, 48, 36
3, 52, 44
3, 58, 22
3, 60, 26
3, 62, 24
3, 66, 52
3, 70, 31
3, 81, 38
3, 88, 36
3, 88, 42
3, 92, 2
3, 93, 23
3, 95, 33
3, 105, 40
3, 115, 55
3, 117, 15
3, 121, 6
3, 122, 2
3, 129, 22
3, 131, 30
3, 131, 50
3, 138, 39
3, 140, 34
3, 142, 12
3, 148, 8
3, 148, 38
3, 156, 24
3, 163, 58
3, 164, 23
3, 164, 42
3, 166, 31
3, 170, 36
3, 170, 44
3, 175, 50
3, 180, 2
3, 180, 47
3, 198, 12
3, 200, 64
3, 201, 47
3, 206, 26
3, 207, 55
3, 208, 52
3, 209, 15
3, 235, 40
3, 242, 61
3, 243, 44
3, 245, 24
3, 252, 22
3, 262, 52
3, 264, 32
3, 267, 31
3, 269, 42
3, 272, 39
3, 274, 55
3, 276, 36
3, 281, 30
3, 287, 24
3, 287, 50
3, 290, 38
3, 291, 15
3, 294, 31
3, 299, 10
3, 310, 31
3, 312, 58
3, 313, 2
3, 315, 8
3, 329, 50
3, 337, 22
3, 347, 47
3, 352, 52
3, 357, 24
3, 368, 33
3, 370, 56
3, 372, 32
3, 377, 12
3, 378, 6
3, 385, 42
3, 386, 39
3, 393, 34
3, 398, 24
4, 4, 37
4, 5, 35
4, 6, 23
4, 17, 31
4, 24, 54
4, 26, 26
4, 31, 25
4, 31, 40
4, 35, 27
4, 36, 61
4, 41, 5
4, 47, 16
4, 48, 25
4, 48, 28
4, 52, 18
4, 54, 9
4, 61, 38
4, 62, 15
4, 64, 15
4, 73, 13
4, 80, 13
4, 80, 48
4, 81, 26
4, 88, 8
4, 92, 28
4, 93, 5
4, 93, 21
4, 95, 52
4, 96, 11
4, 97, 54
4, 99, 39
4, 101, 48
4, 107, 3
4, 112, 43
4, 113, 16
4, 116, 36
4, 123, 19
4, 131, 38
4, 136, 1
4, 136, 53
4, 137, 32
4, 138, 15
4, 141, 5
4, 159, 25
4, 177, 35
4, 178, 60
4, 182, 40
4, 185, 14
4, 187, 47
4, 191, 18
4, 193, 45
4, 199, 21
4, 201, 23
4, 201, 34
4, 202, 42
4, 203, 16
4, 205, 5
4, 215, 11
4, 216, 13
4, 219, 37
4, 241, 35
4, 245, 43
4, 247, 8
4, 253, 19
4, 264, 3
4, 267, 5
4, 267, 54
4, 277, 43
4, 280, 25
4, 286, 28
4, 286, 31
4, 286, 60
4, 287, 39
4, 297, 18
4, 298, 23
4, 301, 36
4, 309, 43
4, 311, 61
4, 321, 1
4, 327, 35
4, 329, 8
4, 343, 5
4, 343, 21
4, 344, 39
4, 346, 14
4, 347, 40
4, 351, 48
4, 355, 45
4, 359, 47
4, 367, 31
4, 371, 34
4, 377, 42
4, 377, 43
4, 382, 15
4, 383, 27
4, 386, 32
4, 390, 35
4, 394, 60
4, 395, 8
5, 8, 2
5, 15, 33
5, 21, 18
5, 24, 50
5, 27, 41
5, 32, 47
5, 39, 6
5, 42, 46
5, 55, 38
5, 63, 17
5, 64, 15
5, 65, 25
5, 65, 29
5, 74, 59
5, 82, 13
5, 92, 12
5, 98, 18
5, 104, 27
5, 108, 43
5, 108, 54
5, 111, 20
5, 114, 31
5, 119, 2
5, 119, 23
5, 124, 18
5, 126, 41
5, 131, 17
5, 139, 54
5, 141, 38
5, 156, 33
5, 157, 7
5, 162, 29
5, 163, 59
5, 169, 6
5, 171, 15
5, 178, 43
5, 184, 13
5, 197, 41
5, 198, 50
5, 202, 20
5, 205, 27
5, 205, 50
5, 207, 31
5, 214, 25
5, 216, 31
5, 237, 20
5, 248, 47
5, 255, 41
5, 263, 17
5, 263, 54
5, 273, 18
5, 273, 23
5, 293, 54
5, 295, 46
5, 296, 31
5, 297, 29
5, 300, 12
5, 303, 15
5, 306, 22
5, 319, 38
5, 321, 17
5, 323, 27
5, 324, 12
5, 324, 20
5, 325, 25
5, 338, 33
5, 361, 59
5, 369, 54
5, 373, 15
5, 379, 12
5, 394, 47
5, 399, 50
6, 3, 29
6, 14, 2
6, 19, 14
6, 21, 36
6, 23, 56
6, 24, 53
6, 33, 23
6, 34, 50
6, 36, 11
6, 36, 47
6, 47, 2
6, 53, 23
6, 61, 7
6, 62, 27
6, 65, 41
6, 65, 45
6, 73, 56
6, 74, 43
6, 77, 52
6, 84, 48
6, 96, 44
6, 102, 46
6, 109, 34
6, 111, 14
6, 112, 41
6, 118, 27
6, 122, 54
6, 132, 7
6, 134, 29
6, 135, 17
6, 136, 16
6, 149, 56
6, 153, 36
6, 161, 37
6, 161, 48
6, 171, 23
6, 178, 53
6, 179, 50
6, 184, 43
6, 185, 14
6, 221, 29
6, 224, 25
6, 228, 46
6, 230, 54
6, 231, 52
6, 233, 2
6, 248, 11
6, 252, 2
6, 252, 17
6, 252, 27
6, 254, 36
6, 260, 41
6, 269, 53
6, 270, 34
6, 272, 56
6, 277, 4
6, 286, 16
6, 288, 14
6, 301, 80
6, 312, 34
6, 312, 51
6, 313, 56
6, 315, 23
6, 322, 41
6, 322, 50
6, 327, 48
6, 328, 36
6, 331, 53
6, 336, 37
6, 339, 44
6, 345, 29
6, 362, 17
6, 365, 46
6, 369, 11
6, 371, 43
6, 372, 41
6, 374, 27
6, 380, 37
6, 382, 4
6, 394, 25
7, 5, 59
7, 16, 15
7, 25, 4
7, 37, 2
7, 38, 23
7, 65, 47
7, 80, 25
7, 81, 8
7, 88, 24
7, 89, 3
7, 89, 28
7, 91, 26
7, 93, 12
7, 93, 57
7, 94, 15
7, 98, 57
7, 100, 8
7, 110, 46
7, 113, 54
7, 119, 34
7, 122, 6
7, 123, 4
7, 125, 20
7, 133, 2
7, 134, 9
7, 146, 58
7, 154, 15
7, 156, 4
7, 165, 48
7, 166, 46
7, 168, 22
7, 169, 38
7, 174, 58
7, 180, 50
7, 181, 20
7, 186, 59
7, 191, 62
7, 192, 6
7, 193, 26
7, 205, 50
7, 209, 23
7, 233, 24
7, 239, 47
7, 240, 3
7, 252, 6
7, 253, 57
7, 256, 8
7, 267, 34
7, 286, 28
7, 288, 6
7, 290, 14
7, 292, 50
7, 294, 59
7, 295, 2
7, 309, 62
7, 321, 46
7, 323, 6
7, 326, 24
7, 327, 58
7, 328, 59
7, 329, 22
7, 332, 15
7, 335, 4
7, 335, 57
7, 343, 3
7, 348, 20
7, 354, 26
7, 354, 38
7, 356, 48
7, 360, 2
7, 361, 22
7, 367, 34
7, 378, 25
7, 381, 14
7, 386, 28
7, 389, 24
7, 396, 47
8, 6, 8
8, 7, 31
8, 7, 47
8, 26, 12
8, 27, 35
8, 31, 51
8, 41, 25
8, 45, 56
8, 46, 26
8, 54, 49
8, 67, 39
8, 70, 17
8, 73, 50
8, 76, 2
8, 90, 35
8, 93, 33
8, 103, 22
8, 112, 14
8, 114, 53
8, 117, 9
8, 121, 39
8, 125, 15
8, 145, 10
8, 147, 17
8, 149, 31
8, 152, 12
8, 157, 50
8, 160, 47
8, 168, 25
8, 174, 35
8, 182, 37
8, 183, 28
8, 192, 27
8, 193, 22
8, 208, 43
8, 209, 47
8, 218, 51
8, 221, 8
8, 227, 52
8, 230, 39
8, 239, 35
8, 246, 39
8, 250, 31
8, 250, 35
8, 250, 56
8, 254, 26
8, 258, 2
8, 258, 22
8, 267, 62
8, 271, 14
8, 277, 7
8, 281, 50
8, 284, 17
8, 286, 47
8, 287, 43
8, 291, 33
8, 294, 12
8, 294, 21
8, 298, 2
8, 305, 27
8, 310, 15
8, 311, 8
8, 314, 37
8, 332, 31
8, 340, 10
8, 341, 47
8, 347, 33
8, 349, 35
8, 352, 12
8, 353, 53
8, 362, 2
8, 363, 62
8, 371, 39
8, 373, 8
8, 374, 50
8, 375, 50
8, 380, 12
8, 382, 15
8, 388, 21
8, 390, 35
8, 398, 43
9, 2, 30
9, 5, 3
9, 5, 47
9, 6, 45
9, 7, 40
9, 12, 16
9, 13, 1
9, 14, 23
9, 19, 2
9, 22, 54
9, 25, 50
9, 27, 19
9, 32, 41
9, 37, 26
9, 49, 55
9, 53, 33
9, 53, 39
9, 55, 20
9, 61, 58
9, 64, 60
9, 66, 12
9, 76, 15
9, 77, 37
9, 83, 27
9, 85, 40
9, 88, 18
9, 91, 10
9, 95, 29
9, 101, 23
9, 106, 2
9, 111, 50
9, 115, 45
9, 127, 47
9, 132, 3
9, 136, 30
9, 140, 36
9, 145, 37
9, 146, 3
9, 154, 20
9, 158, 45
9, 158, 54
9, 175, 47
9, 181, 41
9, 182, 23
9, 189, 60
9, 191, 16
9, 195, 12
9, 214, 15
9, 217, 23
9, 219, 55
9, 220, 19
9, 220, 33
9, 221, 40
9, 228, 10
9, 228, 40
9, 232, 37
9, 237, 45
9, 238, 26
9, 242, 20
9, 249, 54
9, 252, 1
9, 261, 41
9, 264, 29
9, 274, 2
9, 274, 26
9, 276, 36
9, 277, 30
9, 278, 29
9, 282, 54
9, 289, 7
9, 294, 23
9, 304, 54
9, 305, 36
9, 306, 40
9, 315, 36
9, 318, 18
9, 336, 27
9, 336, 53
9, 339, 50
9, 341, 3
9, 343, 19
9, 348, 41
9, 356, 12
9, 361, 10
9, 362, 47
9, 363, 45
9, 365, 40
9, 369, 19
9, 375, 60
9, 380, 33
9, 385, 11
9, 387, 2
9, 396, 36
9, 398, 26
10, 11, 57
10, 16, 21
10, 26, 29
10, 27, 45
10, 31, 48
10, 33, 31
10, 41, 23
10, 42, 25
10, 48, 17
10, 56, 37
10, 63, 42
10, 78, 11
10, 78, 17
10, 80, 4
10, 82, 26
10, 84, 39
10, 85, 48
10, 86, 13
10, 96, 33
10, 98, 53
10, 103, 45
10, 112, 7
10, 116, 42
10, 135, 31
10, 137, 42
10, 142, 25
10, 143, 43
10, 146, 35
10, 147, 46
10, 149, 4
10, 150, 57
10, 157, 19
10, 160, 23
10, 170, 21
10, 184, 43
10, 199, 31
10, 206, 29
10, 208, 17
10, 210, 39
10, 219, 45
10, 220, 25
10, 227, 37
10, 228, 13
10, 250, 23
10, 250, 43
10, 268, 53
10, 269, 15
10, 271, 42
10, 273, 57
10, 274, 7
10, 285, 2
10, 286, 53
10, 288, 11
10, 294, 21
10, 315, 7
10, 316, 42
10, 318, 26
10, 322, 33
10, 328, 19
10, 329, 17
10, 333, 21
10, 338, 45
10, 344, 11
10, 345, 15
10, 351, 39
10, 362, 53
10, 370, 48
10, 374, 29
10, 377, 19
10, 377, 43
10, 379, 13
10, 388, 57
10, 390, 25
10, 397, 4
11, 2, 6
11, 5, 18
11, 13, 12
11, 24, 24
11, 25, 34
11, 32, 39
11, 38, 10
11, 50, 62
11, 59, 13
11, 62, 12
11, 66, 43
11, 76, 43
11, 82, 22
11, 83, 30
11, 84, 6
11, 88, 34
11, 89, 60
11, 107, 47
11, 110, 6
11, 110, 8
11, 115, 39
11, 120, 13
11, 135, 10
11, 138, 30
11, 143, 6
11, 162, 12
11, 162, 52
11, 163, 26
11, 164, 29
11, 166, 18
11, 167, 10
11, 167, 34
11, 169, 13
11, 179, 24
11, 181, 17
11, 198, 60
11, 213, 62
11, 218, 60
11, 219, 43
11, 222, 47
11, 222, 54
11, 226, 13
11, 228, 43
11, 233, 33
11, 242, 30
11, 255, 24
11, 258, 17
11, 260, 49
11, 264, 8
11, 271, 6
11, 274, 24
11, 276, 6
11, 278, 34
11, 288, 39
11, 288, 60
11, 297, 12
11, 306, 22
11, 324, 29
11, 328, 6
11, 332, 33
11, 339, 43
11, 341, 30
11, 361, 26
11, 365, 32
11, 365, 60
11, 370, 43
11, 372, 29
11, 380, 24
11, 385, 43
11, 391, 34
11, 398, 18
11, 399, 47
12, 4, 26
12, 9, 13
12, 10, 48
12, 17, 56
12, 24, 3
12, 33, 5
12, 46, 2
12, 55, 9
12, 56, 2
12, 64, 32
12, 73, 16
12, 73, 52
12, 74, 7
12, 87, 5
12, 99, 59
12, 101, 51
12, 105, 18
12, 105, 42
12, 107, 40
12, 110, 25
12, 116, 48
12, 118, 26
12, 118, 47
12, 123, 24
12, 129, 48
12, 132, 53
12, 133, 26
12, 134, 46
12, 140, 5
12, 143, 3
12, 157, 49
12, 172, 39
12, 179, 45
12, 187, 5
12, 190, 15
12, 190, 53
12, 199, 9
12, 206, 42
12, 228, 59
12, 233, 44
12, 237, 7
12, 242, 16
12, 242, 37
12, 244, 26
12, 247, 9
12, 252, 18
12, 254, 45
12, 254, 61
12, 256, 25
12, 258, 51
12, 261, 46
12, 276, 5
12, 282, 46
12, 282, 49
12, 283, 42
12, 298, 3
12, 301, 25
12, 303, 37
12, 312, 59
12, 318, 48
12, 323, 24
12, 323, 52
12, 329, 53
12, 340, 5
12, 341, 40
12, 343, 47
12, 344, 46
12, 345, 32
12, 349, 48
12, 351, 15
12, 354, 56
12, 358, 13
12, 360, 30
12, 372, 9
12, 382, 39
12, 384, 16
12, 384, 26
12, 388, 49
12, 389, 7
12, 392, 56
12, 394, 1
12, 394, 59
12, 395, 3
12, 397, 46
13, 9, 6
13, 12, 33
13, 17, 12
13, 17, 52
13, 18, 26
13, 28, 17
13, 29, 28
13, 30, 41
13, 30, 55
13, 31, 11
13, 38, 34
13, 61, 14
13, 67, 57
13, 73, 37
13, 82, 7
13, 86, 10
13, 89, 21
13, 90, 25
13, 90, 31
13, 94, 5
13, 95, 1
13, 95, 36
13, 106, 3
13, 109, 6
13, 114, 37
13, 118, 55
13, 126, 34
13, 133, 41
13, 150, 12
13, 178, 21
13, 185, 32
13, 186, 26
13, 186, 57
13, 201, 46
13, 202, 21
13, 205, 33
13, 205, 57
13, 206, 34
13, 207, 3
13, 223, 12
13, 228, 55
13, 237, 14
13, 245, 11
13, 246, 52
13, 252, 30
13, 256, 34
13, 256, 36
13, 262, 44
13, 267, 33
13, 270, 46
13, 271, 21
13, 281, 24
13, 288, 41
13, 292, 15
13, 296, 21
13, 311, 31
13, 313, 1
13, 318, 28
13, 320, 21
13, 324, 10
13, 325, 7
13, 325, 32
13, 326, 26
13, 339, 25
13, 346, 33
13, 350, 46
13, 351, 34
13, 357, 29
13, 359, 37
13, 366, 6
13, 370, 17
13, 370, 55
13, 372, 1
13, 374, 56
13, 374, 57
13, 375, 11
13, 386, 3
13, 386, 14
13, 387, 58
13, 397, 21
13, 397, 36
14, 6, 51
14, 10, 32
14, 15, 58
14, 22, 14
14, 23, 49
14, 37, 12
14, 37, 27
14, 37, 46
14, 39, 1
14, 45, 54
14, 47, 39
14, 48, 15
14, 52, 2
14, 60, 25
14, 61, 49
14, 72, 20
14, 77, 42
14, 78, 61
14, 87, 24
14, 99, 3
14, 105, 39
14, 107, 29
14, 107, 32
14, 124, 45
14, 129, 42
14, 150, 51
14, 151, 15
14, 152, 61
14, 154, 5
14, 158, 14
14, 160, 49
14, 166, 18
14, 168, 39
14, 172, 27
14, 176, 1
14, 178, 15
14, 179, 25
14, 186, 29
14, 187, 54
14, 191, 38
14, 192, 46
14, 199, 32
14, 206, 32
14, 219, 61
14, 222, 24
14, 233, 20
14, 236, 49
14, 240, 45
14, 256, 12
14, 260, 58
14, 289, 14
14, 291, 15
14, 293, 34
14, 296, 54
14, 297, 2
14, 297, 18
14, 299, 24
14, 299, 51
14, 303, 3
14, 307, 5
14, 325, 42
14, 327, 1
14, 335, 28
14, 343, 61
14, 344, 39
14, 346, 18
14, 348, 49
14, 359, 14
14, 360, 54
14, 363, 29
14, 369, 46
14, 370, 25
14, 379, 38
14, 385, 27
15, 2, 49
15, 9, 16
15, 9, 41
15, 12, 7
15, 13, 19
15, 15, 48
15, 19, 43
15, 24, 33
15, 32, 4
15, 38, 10
15, 39, 34
15, 47, 35
15, 53, 8
15, 70, 32
15, 72, 30
15, 73, 46
15, 80, 10
15, 80, 43
15, 81, 37
15, 96, 23
15, 105, 33
15, 116, 26
15, 119, 49
15, 122, 4
15, 123, 1
15, 125, 4
15, 129, 4
15, 129, 20
15, 135, 37
15, 144, 29
15, 145, 15
15, 146, 11
15, 147, 16
15, 147, 41
15, 148, 38
15, 154, 43
15, 156, 48
15, 160, 46
15, 162, 33
15, 171, 7
15, 182, 32
15, 183, 19
15, 185, 39
15, 198, 43
15, 208, 39
15, 217, 35
15, 218, 8
15, 228, 16
15, 228, 37
15, 234, 26
15, 237, 48
15, 239, 9
15, 245, 41
15, 266, 10
15, 269, 34
15, 276, 47
15, 279, 46
15, 280, 55
15, 284, 20
15, 287, 38
15, 290, 49
15, 300, 23
15, 302, 43
15, 308, 20
15, 309, 38
15, 310, 4
15, 310, 30
15, 312, 35
15, 320, 4
15, 320, 22
15, 322, 8
15, 328, 55
15, 347, 11
15, 347, 32
15, 353, 1
15, 357, 41
15, 358, 26
15, 363, 39
15, 366, 20
15, 370, 7
15, 370, 33
15, 380, 48
15, 382, 29
15, 383, 10
15, 384, 4
15, 384, 15
15, 392, 37
16, 4, 39
16, 5, 14
16, 10, 27
16, 13, 45
16, 19, 34
16, 24, 22
16, 28, 32
16, 31, 26
16, 35, 10
16, 41, 15
16, 44, 24
16, 48, 58
16, 50, 6
16, 57, 15
16, 64, 31
16, 76, 14
16, 80, 31
16, 86, 2
16, 86, 45
16, 86, 53
16, 88, 55
16, 94, 28
16, 99, 52
16, 102, 10
16, 106, 24
16, 110, 56
16, 118, 57
16, 121, 49
16, 131, 6
16, 131, 45
16, 135, 39
16, 137, 33
16, 145, 21
16, 147, 58
16, 151, 26
16, 158, 49
16, 160, 24
16, 160, 34
16, 161, 42
16, 171, 22
16, 182, 22
16, 192, 45
16, 200, 27
16, 201, 44
16, 202, 21
16, 211, 26
16, 211, 32
16, 211, 56
16, 212, 18
16, 217, 53
16, 237, 52
16, 238, 39
16, 248, 42
16, 249, 28
16, 261, 45
16, 264, 30
16, 270, 39
16, 272, 57
16, 276, 42
16, 278, 24
16, 282, 34
16, 287, 13
16, 290, 33
16, 295, 33
16, 296, 31
16, 300, 6
16, 302, 10
16, 303, 26
16, 308, 21
16, 309, 49
16, 318, 2
16, 328, 33
16, 329, 15
16, 333, 22
16, 335, 28
16, 337, 53
16, 341, 44
16, 347, 53
16, 354, 58
16, 357, 56
16, 358, 33
16, 359, 52
16, 360, 32
16, 363, 6
16, 365, 2
16, 365, 39
16, 373, 21
16, 379, 52
16, 390, 18
16, 395, 42
16, 398, 28
16, 399, 31
17, 8, 31
17, 13, 18
17, 13, 62
17, 18, 12
17, 24, 10
17, 28, 34
17, 33, 2
17, 40, 40
17, 43, 46
17, 44, 42
17, 46, 9
17, 48, 49
17, 49, 39
17, 53, 6
17, 69, 57
17, 73, 16
17, 76, 22
17, 78, 2
17, 81, 38
17, 81, 47
17, 82, 60
17, 83, 56
17, 84, 43
17, 89, 34
17, 99, 8
17, 99, 42
17, 100, 19
17, 101, 23
17, 104, 4
17, 108, 41
17, 111, 12
17, 115, 51
17, 116, 28
17, 123, 6
17, 126, 53
17, 131, 37
17, 136, 46
17, 151, 57
17, 164, 22
17, 165, 25
17, 180, 23
17, 180, 51
17, 187, 39
17, 192, 31
17, 194, 16
17, 203, 62
17, 218, 15
17, 224, 60
17, 227, 19
17, 233, 38
17, 239, 16
17, 240, 10
17, 241, 41
17, 242, 2
17, 242, 18
17, 244, 12
17, 245, 59
17, 248, 25
17, 253, 49
17, 258, 19
17, 259, 34
17, 262, 23
17, 262, 53
17, 274, 6
17, 275, 42
17, 277, 47
17, 285, 9
17, 287, 62
17, 295, 43
17, 296, 15
17, 303, 28
17, 310, 9
17, 324, 10
17, 326, 46
17, 327, 11
17, 333, 8
17, 334, 39
17, 336, 37
17, 340, 18
17, 340, 42
17, 365, 41
17, 368, 56
17, 371, 38
17, 371, 44
17, 372, 49
17, 377, 9
17, 380, 19
17, 383, 51
17, 385, 12
17, 385, 57
17, 386, 4
17, 392, 42
17, 395, 18
17, 399, 43
18, 1, 5
18, 5, 33
18, 6, 49
18, 21, 45
18, 35, 55
18, 43, 10
18, 46, 3
18, 58, 30
18, 65, 58
18, 68, 47
18, 70, 40
18, 72, 53
18, 74, 25
18, 84, 1
18, 107, 2
18, 107, 49
18, 108, 43
18, 115, 15
18, 125, 13
18, 128, 12
18, 132, 45
18, 133, 55
18, 136, 5
18, 158, 35
18, 178, 30
18, 181, 19
18, 183, 18
18, 186, 47
18, 186, 55
18, 210, 58
18, 213, 30
18, 213, 33
18, 215, 25
18, 219, 3
18, 232, 40
18, 234, 44
18, 252, 1
18, 256, 15
18, 269, 18
18, 271, 10
18, 271, 35
18, 271, 61
18, 276, 53
18, 279, 33
18, 286, 13
18, 289, 2
18, 307, 19
18, 308, 45
18, 311, 25
18, 311, 47
18, 312, 5
18, 316, 2
18, 318, 33
18, 333, 43
18, 337, 49
18, 339, 15
18, 343, 61
18, 344, 35
18, 346, 47
18, 357, 2
18, 358, 3
18, 363, 58
18, 366, 12
18, 367, 44
19, 16, 31
19, 30, 18
19, 35, 32
19, 42, 23
19, 43, 58
19, 47, 28
19, 48, 10
19, 55, 48
19, 60, 15
19, 63, 25
19, 68, 21
19, 69, 45
19, 72, 4
19, 75, 18
19, 83, 27
19, 88, 62
19, 91, 31
19, 93, 59
19, 94, 36
19, 96, 43
19, 100, 61
19, 108, 5
19, 114, 32
19, 126, 23
19, 133, 15
19, 144, 24
19, 147, 12
19, 148, 41
19, 150, 28
19, 154, 50
19, 158, 28
19, 159, 34
19, 165, 15
19, 165, 55
19, 168, 19
19, 178, 59
19, 181, 15
19, 182, 40
19, 189, 10
19, 190, 62
19, 199, 48
19, 205, 11
19, 214, 18
19, 216, 10
19, 216, 45
19, 216, 50
19, 224, 18
19, 229, 27
19, 239, 9
19, 240, 31
19, 242, 4
19, 250, 32
19, 251, 34
19, 252, 20
19, 272, 10
19, 272, 61
19, 275, 31
19, 283, 12
19, 295, 15
19, 296, 25
19, 298, 50
19, 299, 62
19, 300, 27
19, 305, 21
19, 305, 48
19, 311, 18
19, 314, 5
19, 315, 5
19, 322, 45
19, 322, 55
19, 323, 28
19, 325, 41
19, 326, 54
19, 329, 27
19, 334, 11
19, 338, 20
19, 338, 36
19, 344, 19
19, 346, 40
19, 350, 13
19, 355, 9
19, 358, 24
19, 360, 27
19, 368, 50
19, 372, 4
19, 376, 20
19, 381, 62
19, 385, 40
19, 398, 10
