1, 2, 52
1, 6, 14
1, 13, 28
1, 17, 41
1, 23, 16
1, 32, 33
1, 37, 19
1, 42, 7
1, 43, 26
1, 51, 37
1, 60, 14
1, 72, 21
1, 75, 33
1, 80, 16
1, 87, 8
1, 89, 12
1, 89, 40
1, 94, 11
1, 102, 22
1, 105, 42
1, 112, 36
1, 115, 27
1, 127, 49
1, 128, 26
1, 137, 10
1, 139, 19
1, 142, 25
1, 143, 42
1, 146, 19
1, 146, 52
1, 147, 14
1, 148, 37
1, 158, 12
1, 162, 21
1, 180, 16
1, 180, 44
1, 187, 14
1, 187, 41
1, 195, 16
1, 200, 22
1, 200, 42
1, 213, 7
1, 218, 22
1, 223, 36
1, 225, 22
1, 227, 11
1, 227, 49
1, 237, 46
1, 240, 33
1, 247, 33
1, 252, 28
1, 255, 19
1, 257, 36
1, 259, 45
1, 261, 44
1, 268, 38
1, 271, 22
1, 275, 27
1, 283, 27
1, 288, 14
1, 289, 8
1, 293, 21
1, 298, 42
1, 299, 33
1, 303, 25
1, 313, 26
1, 321, 12
1, 322, 52
1, 326, 37
1, 334, 40
1, 336, 19
1, 345, 16
1, 348, 10
1, 356, 11
1, 359, 26
1, 362, 47
1, 363, 33
1, 371, 27
1, 374, 44
1, 376, 32
1, 381, 16
1, 391, 27
1, 391, 46
1, 394, 26
1, 395, 28
1, 397, 22
1, 398, 49
2, 4, 27
2, 4, 53
2, 17, 58
2, 34, 35
2, 39, 2
2, 44, 44
2, 46, 46
2, 53, 18
2, 63, 32
2, 64, 28
2, 72, 29
2, 75, 31
2, 77, 52
2, 78, 41
2, 78, 44
2, 87, 28
2, 88, 53
2, 89, 34
2, 91, 12
2, 94, 55
2, 96, 18
2, 103, 9
2, 104, 45
2, 110, 3
2, 113, 27
2, 122, 22
2, 123, 50
2, 125, 2
2, 137, 27
2, 137, 34
2, 156, 17
2, 158, 47
2, 161, 37
2, 165, 35
2, 172, 58
2, 174, 41
2, 182, 44
2, 185, 3
2, 191, 37
2, 195, 22
2, 199, 46
2, 205, 31
2, 205, 52
2, 211, 58
2, 223, 41
2, 225, 16
2, 240, 37
2, 241, 45
2, 263, 50
2, 264, 18
2, 266, 53
2, 270, 12
2, 273, 45
2, 284, 29
2, 289, 55
2, 291, 17
2, 291, 27
2, 294, 32
2, 308, 34
2, 309, 47
2, 319, 16
2, 329, 28
2, 335, 46
2, 338, 3
2, 342, 52
2, 348, 50
2, 351, 37
2, 351, 55
2, 352, 12
2, 355, 47
2, 362, 58
2, 365, 17
2, 367, 45
2, 370, 35
2, 372, 2
2, 389, 41
3, 1, 46
3, 2, 35
3, 5, 20
3, 9, 14
3, 12, 2
3, 17, 37
3, 18, 54
3, 24, 8
3, 32, 24
3, 34, 5
3, 42, 36
3, 44, 23
3, 44, 61
3, 45, 20
3, 46, 2
3, 60, 54
3, 64, 15
3, 65, 56
3, 66, 37
3, 71, 13
3, 72, 58
3, 76, 25
3, 79, 49
3, 89, 6
3, 102, 42
3, 105, 5
3, 111, 35
3, 122, 8
3, 127, 14
3, 130, 46
3, 148, 50
3, 150, 8
3, 159, 56
3, 160, 23
3, 173, 54
3, 179, 42
3, 184, 13
3, 184, 37
3, 191, 36
3, 200, 24
3, 202, 15
3, 213, 20
3, 226, 37
3, 229, 36
3, 233, 25
3, 246, 42
3, 247, 50
3, 247, 61
3, 252, 14
3, 260, 68
3, 278, 20
3, 283, 20
3, 286, 49
3, 289, 24
3, 292, 35
3, 294, 27
3, 297, 2
3, 297, 5
3, 305, 58
3, 307, 6
3, 307, 54
3, 310, 1
3, 316, 13
3, 330, 56
3, 333, 8
3, 340, 35
3, 348, 25
3, 354, 46
3, 356, 24
3, 358, 20
3, 373, 46
3, 379, 15
3, 382, 31
3, 391, 36
3, 393, 58
4, 12, 60
4, 15, 26
4, 16, 13
4, 16, 52
4, 28, 27
4, 29, 35
4, 30, 28
4, 34, 11
4, 37, 5
4, 40, 29
4, 41, 40
4, 47, 41
4, 50, 14
4, 51, 38
4, 55, 21
4, 57, 28
4, 57, 33
4, 71, 53
4, 74, 8
4, 74, 56
4, 81, 36
4, 84, 14
4, 92, 21
4, 92, 29
4, 98, 4
4, 107, 8
4, 107, 11
4, 111, 52
4, 113, 52
4, 116, 17
4, 116, 18
4, 125, 18
4, 127, 23
4, 129, 49
4, 133, 14
4, 133, 47
4, 140, 3
4, 140, 51
4, 146, 46
4, 151, 32
4, 156, 47
4, 164, 33
4, 165, 26
4, 170, 53
4, 182, 35
4, 186, 17
4, 192, 21
4, 193, 60
4, 198, 9
4, 199, 41
4, 199, 62
4, 200, 50
4, 201, 5
4, 203, 27
4, 206, 38
4, 209, 45
4, 223, 46
4, 224, 47
4, 225, 46
4, 231, 28
4, 235, 46
4, 243, 30
4, 244, 29
4, 252, 41
4, 255, 18
4, 257, 9
4, 257, 53
4, 264, 33
4, 269, 4
4, 273, 4
4, 273, 33
4, 273, 36
4, 279, 52
4, 288, 53
4, 288, 56
4, 289, 32
4, 293, 49
4, 296, 47
4, 301, 46
4, 302, 35
4, 303, 46
4, 305, 21
4, 306, 62
4, 313, 3
4, 320, 17
4, 320, 63
4, 330, 23
4, 332, 26
4, 334, 29
4, 334, 56
4, 335, 33
4, 338, 5
4, 343, 8
4, 348, 46
4, 351, 47
4, 359, 14
4, 361, 53
4, 369, 27
4, 371, 40
4, 373, 41
4, 376, 50
4, 377, 35
4, 387, 50
4, 397, 33
5, 2, 22
5, 2, 27
5, 14, 12
5, 17, 41
5, 20, 13
5, 22, 34
5, 23, 6
5, 26, 23
5, 32, 38
5, 39, 30
5, 48, 17
5, 48, 29
5, 51, 55
5, 52, 49
5, 69, 41
5, 70, 60
5, 72, 11
5, 77, 34
5, 77, 44
5, 82, 27
5, 83, 6
5, 87, 12
5, 88, 27
5, 96, 23
5, 98, 20
5, 99, 48
5, 106, 37
5, 110, 11
5, 111, 17
5, 119, 6
5, 126, 6
5, 127, 37
5, 138, 45
5, 143, 22
5, 147, 9
5, 147, 23
5, 150, 30
5, 154, 12
5, 155, 34
5, 164, 55
5, 165, 32
5, 166, 49
5, 166, 52
5, 170, 44
5, 174, 13
5, 174, 22
5, 176, 51
5, 178, 13
5, 186, 34
5, 188, 38
5, 190, 34
5, 203, 29
5, 204, 23
5, 207, 55
5, 216, 12
5, 224, 9
5, 230, 6
5, 231, 20
5, 236, 48
5, 242, 23
5, 245, 10
5, 261, 41
5, 267, 44
5, 276, 51
5, 279, 30
5, 279, 42
5, 282, 17
5, 287, 27
5, 287, 29
5, 290, 29
5, 292, 59
5, 296, 3
5, 299, 11
5, 305, 11
5, 312, 22
5, 315, 32
5, 316, 41
5, 319, 12
5, 321, 55
5, 322, 17
5, 323, 9
5, 325, 48
5, 327, 10
5, 330, 34
5, 341, 6
5, 342, 23
5, 342, 60
5, 343, 45
5, 348, 44
5, 351, 29
5, 352, 13
5, 357, 37
5, 365, 13
5, 376, 5
5, 376, 23
5, 385, 42
5, 391, 20
5, 393, 34
5, 396, 9
5, 398, 51
6, 19, 1
6, 22, 49
6, 24, 12
6, 26, 44
6, 29, 36
6, 29, 47
6, 33, 41
6, 33, 46
6, 34, 22
6, 34, 41
6, 50, 17
6, 59, 28
6, 60, 31
6, 72, 45
6, 77, 19
6, 79, 17
6, 89, 54
6, 96, 31
6, 98, 10
6, 98, 25
6, 100, 38
6, 108, 47
6, 109, 18
6, 113, 6
6, 113, 40
6, 113, 41
6, 120, 36
6, 124, 49
6, 125, 12
6, 125, 42
6, 128, 23
6, 144, 1
6, 146, 38
6, 150, 5
6, 164, 41
6, 178, 28
6, 180, 46
6, 185, 45
6, 190, 10
6, 200, 47
6, 202, 19
6, 203, 49
6, 208, 13
6, 211, 28
6, 215, 38
6, 223, 30
6, 233, 54
6, 237, 27
6, 238, 47
6, 245, 12
6, 246, 44
6, 247, 1
6, 247, 40
6, 248, 18
6, 258, 23
6, 258, 42
6, 267, 14
6, 270, 49
6, 273, 31
6, 274, 17
6, 274, 28
6, 281, 47
6, 284, 42
6, 285, 38
6, 288, 10
6, 288, 31
6, 298, 25
6, 331, 36
6, 336, 46
6, 340, 27
6, 342, 19
6, 345, 25
6, 351, 40
6, 353, 5
6, 359, 49
6, 361, 1
6, 370, 9
6, 372, 42
6, 375, 36
6, 379, 10
6, 379, 30
6, 383, 19
6, 387, 12
6, 388, 13
6, 398, 47
7, 1, 44
7, 2, 27
7, 2, 33
7, 5, 44
7, 7, 20
7, 7, 32
7, 15, 5
7, 17, 9
7, 17, 16
7, 25, 4
7, 26, 51
7, 26, 54
7, 36, 43
7, 39, 18
7, 39, 52
7, 40, 13
7, 49, 6
7, 56, 9
7, 57, 35
7, 66, 43
7, 67, 5
7, 71, 40
7, 85, 8
7, 90, 59
7, 91, 44
7, 94, 3
7, 95, 29
7, 96, 53
7, 102, 41
7, 103, 42
7, 105, 22
7, 108, 20
7, 108, 23
7, 111, 56
7, 116, 2
7, 117, 51
7, 122, 30
7, 145, 9
7, 146, 6
7, 146, 43
7, 158, 45
7, 162, 26
7, 163, 9
7, 177, 43
7, 178, 54
7, 185, 15
7, 189, 45
7, 192, 29
7, 194, 26
7, 194, 27
7, 197, 20
7, 203, 13
7, 207, 51
7, 214, 26
7, 224, 42
7, 229, 27
7, 238, 35
7, 242, 2
7, 242, 51
7, 247, 35
7, 248, 4
7, 257, 22
7, 267, 51
7, 269, 40
7, 270, 17
7, 274, 3
7, 276, 63
7, 277, 9
7, 282, 13
7, 285, 5
7, 287, 13
7, 288, 44
7, 289, 30
7, 293, 17
7, 297, 40
7, 299, 52
7, 300, 16
7, 302, 71
7, 304, 3
7, 309, 5
7, 309, 23
7, 309, 35
7, 312, 43
7, 314, 54
7, 319, 9
7, 325, 32
7, 327, 16
7, 327, 56
7, 328, 15
7, 329, 20
7, 329, 26
7, 330, 4
7, 330, 51
7, 340, 45
7, 347, 17
7, 360, 22
7, 362, 9
7, 362, 61
7, 363, 59
7, 370, 29
7, 377, 52
7, 385, 42
7, 388, 6
7, 398, 30
8, 3, 56
8, 6, 2
8, 25, 33
8, 27, 25
8, 29, 17
8, 37, 2
8, 45, 50
8, 58, 23
8, 62, 39
8, 67, 17
8, 67, 54
8, 68, 2
8, 77, 47
8, 86, 42
8, 90, 27
8, 100, 28
8, 106, 34
8, 108, 24
8, 112, 7
8, 113, 33
8, 119, 26
8, 120, 25
8, 121, 36
8, 125, 40
8, 135, 17
8, 135, 26
8, 136, 41
8, 138, 12
8, 148, 56
8, 149, 14
8, 161, 16
8, 161, 57
8, 163, 17
8, 164, 55
8, 170, 25
8, 177, 34
8, 180, 23
8, 198, 62
8, 201, 33
8, 205, 39
8, 213, 27
8, 215, 47
8, 220, 50
8, 225, 34
8, 226, 47
8, 230, 42
8, 236, 28
8, 236, 42
8, 242, 36
8, 247, 14
8, 248, 3
8, 248, 57
8, 254, 2
8, 255, 7
8, 267, 27
8, 269, 12
8, 269, 27
8, 274, 34
8, 276, 54
8, 279, 28
8, 285, 42
8, 301, 7
8, 301, 34
8, 305, 36
8, 307, 17
8, 312, 39
8, 318, 71
8, 320, 25
8, 320, 40
8, 322, 50
8, 323, 41
8, 324, 54
8, 333, 57
8, 346, 25
8, 350, 16
8, 352, 14
8, 358, 45
8, 368, 47
8, 372, 55
8, 379, 15
8, 379, 17
8, 389, 3
8, 391, 28
8, 397, 39
8, 397, 62
8, 398, 16
9, 8, 32
9, 10, 17
9, 10, 51
9, 11, 53
9, 12, 42
9, 12, 55
9, 15, 18
9, 24, 30
9, 30, 48
9, 36, 37
9, 36, 49
9, 39, 6
9, 41, 47
9, 42, 22
9, 47, 27
9, 49, 53
9, 55, 3
9, 56, 5
9, 59, 33
9, 68, 42
9, 72, 19
9, 72, 22
9, 88, 51
9, 94, 18
9, 100, 10
9, 104, 6
9, 109, 48
9, 130, 47
9, 131, 17
9, 132, 53
9, 134, 10
9, 136, 8
9, 140, 24
9, 142, 27
9, 142, 30
9, 143, 5
9, 143, 19
9, 145, 2
9, 145, 58
9, 146, 37
9, 152, 48
9, 158, 32
9, 160, 46
9, 168, 15
9, 168, 38
9, 171, 12
9, 179, 16
9, 183, 15
9, 184, 49
9, 189, 19
9, 196, 61
9, 197, 32
9, 200, 33
9, 202, 37
9, 203, 30
9, 214, 53
9, 216, 46
9, 218, 19
9, 243, 48
9, 244, 25
9, 253, 53
9, 260, 29
9, 262, 51
9, 264, 32
9, 266, 23
9, 267, 8
9, 268, 3
9, 276, 27
9, 283, 5
9, 283, 30
9, 287, 55
9, 288, 42
9, 292, 18
9, 292, 22
9, 304, 24
9, 304, 49
9, 305, 48
9, 309, 37
9, 312, 12
9, 313, 51
9, 316, 16
9, 337, 38
9, 339, 46
9, 340, 5
9, 341, 30
9, 343, 15
9, 349, 42
9, 353, 33
9, 357, 53
9, 358, 48
9, 361, 3
9, 361, 32
9, 362, 15
9, 370, 27
9, 374, 12
9, 376, 2
9, 376, 51
9, 380, 61
9, 385, 19
9, 389, 22
9, 393, 25
9, 394, 18
9, 396, 25
9, 399, 6
10, 1, 9
10, 3, 11
10, 10, 3
10, 13, 34
10, 23, 20
10, 26, 29
10, 27, 11
10, 27, 23
10, 28, 3
10, 29, 29
10, 33, 40
10, 51, 62
10, 53, 18
10, 55, 43
10, 59, 50
10, 60, 10
10, 61, 7
10, 63, 25
10, 64, 36
10, 64, 39
10, 67, 15
10, 73, 52
10, 75, 60
10, 76, 56
10, 77, 28
10, 78, 14
10, 82, 9
10, 85, 11
10, 103, 34
10, 113, 22
10, 117, 45
10, 118, 37
10, 130, 44
10, 133, 9
10, 136, 10
10, 156, 18
10, 158, 47
10, 161, 50
10, 163, 26
10, 167, 22
10, 167, 40
10, 170, 43
10, 172, 20
10, 183, 22
10, 183, 28
10, 190, 21
10, 203, 60
10, 216, 17
10, 216, 39
10, 217, 23
10, 217, 52
10, 221, 62
10, 222, 14
10, 224, 40
10, 224, 50
10, 226, 25
10, 235, 56
10, 236, 15
10, 237, 14
10, 242, 36
10, 244, 29
10, 245, 9
10, 251, 60
10, 270, 43
10, 272, 40
10, 276, 45
10, 283, 60
10, 285, 22
10, 289, 3
10, 293, 20
10, 299, 23
10, 307, 24
10, 320, 39
10, 323, 22
10, 332, 7
10, 332, 25
10, 334, 45
10, 344, 28
10, 349, 40
10, 352, 14
10, 354, 9
10, 363, 56
10, 365, 25
10, 368, 9
10, 371, 18
10, 371, 23
10, 373, 50
10, 382, 20
10, 383, 60
10, 385, 44
10, 388, 47
10, 393, 39
10, 395, 29
11, 2, 15
11, 2, 42
11, 2, 52
11, 11, 43
11, 21, 49
11, 23, 14
11, 23, 34
11, 47, 7
11, 54, 28
11, 57, 15
11, 60, 4
11, 60, 26
11, 63, 55
11, 66, 32
11, 68, 31
11, 70, 18
11, 78, 3
11, 78, 46
11, 81, 16
11, 83, 56
11, 88, 33
11, 89, 21
11, 96, 55
11, 100, 11
11, 102, 14
11, 105, 22
11, 108, 38
11, 112, 10
11, 114, 8
11, 116, 49
11, 124, 40
11, 125, 42
11, 127, 3
11, 134, 9
11, 134, 52
11, 138, 18
11, 143, 36
11, 146, 14
11, 148, 28
11, 154, 11
11, 155, 34
11, 158, 53
11, 159, 23
11, 181, 43
11, 191, 24
11, 200, 27
11, 201, 7
11, 205, 32
11, 205, 34
11, 207, 33
11, 214, 22
11, 214, 58
11, 226, 34
11, 231, 23
11, 233, 11
11, 236, 43
11, 242, 52
11, 253, 9
11, 256, 53
11, 269, 3
11, 269, 46
11, 274, 9
11, 274, 56
11, 275, 7
11, 276, 31
11, 285, 32
11, 289, 50
11, 289, 55
11, 297, 49
11, 311, 15
11, 315, 27
11, 320, 18
11, 321, 34
11, 327, 36
11, 328, 4
11, 329, 23
11, 340, 8
11, 342, 14
11, 342, 40
11, 347, 11
11, 352, 55
11, 353, 28
11, 354, 42
11, 369, 56
11, 372, 43
11, 373, 38
11, 375, 28
11, 375, 46
11, 380, 49
11, 391, 58
11, 392, 50
11, 393, 22
11, 394, 3
11, 398, 36
12, 12, 9
12, 12, 28
12, 17, 17
12, 19, 18
12, 19, 24
12, 19, 35
12, 22, 32
12, 22, 47
12, 28, 35
12, 32, 9
12, 32, 43
12, 33, 39
12, 39, 7
12, 40, 14
12, 43, 7
12, 43, 13
12, 49, 20
12, 58, 6
12, 68, 36
12, 73, 25
12, 86, 8
12, 88, 7
12, 97, 35
12, 104, 52
12, 108, 49
12, 110, 43
12, 118, 8
12, 121, 8
12, 125, 7
12, 128, 42
12, 130, 6
12, 130, 24
12, 137, 42
12, 141, 32
12, 143, 3
12, 146, 4
12, 150, 57
12, 169, 12
12, 173, 48
12, 174, 52
12, 177, 20
12, 177, 28
12, 187, 39
12, 191, 38
12, 196, 14
12, 213, 13
12, 224, 36
12, 260, 24
12, 262, 32
12, 263, 39
12, 265, 7
12, 272, 52
12, 274, 12
12, 277, 28
12, 284, 57
12, 286, 34
12, 291, 12
12, 293, 14
12, 298, 52
12, 299, 32
12, 301, 47
12, 302, 3
12, 303, 20
12, 304, 39
12, 304, 43
12, 314, 2
12, 314, 58
12, 317, 49
12, 323, 36
12, 327, 6
12, 329, 52
12, 331, 17
12, 352, 36
12, 362, 39
12, 363, 48
12, 367, 38
12, 371, 4
12, 374, 8
12, 374, 53
12, 380, 32
12, 382, 36
12, 387, 2
12, 388, 42
12, 388, 52
12, 393, 7
12, 393, 14
12, 393, 20
13, 8, 46
13, 11, 21
13, 12, 2
13, 14, 37
13, 25, 2
13, 25, 28
13, 25, 51
13, 31, 38
13, 32, 26
13, 35, 11
13, 46, 31
13, 51, 39
13, 57, 43
13, 61, 12
13, 62, 23
13, 62, 37
13, 69, 41
13, 69, 55
13, 72, 40
13, 75, 16
13, 76, 36
13, 79, 8
13, 90, 33
13, 92, 35
13, 98, 26
13, 98, 33
13, 103, 2
13, 109, 3
13, 109, 17
13, 114, 4
13, 116, 54
13, 133, 10
13, 142, 43
13, 151, 23
13, 153, 43
13, 153, 46
13, 154, 2
13, 157, 38
13, 167, 37
13, 173, 16
13, 186, 25
13, 188, 54
13, 189, 35
13, 193, 55
13, 197, 46
13, 201, 41
13, 217, 51
13, 220, 11
13, 227, 54
13, 229, 43
13, 230, 36
13, 239, 31
13, 241, 40
13, 244, 3
13, 246, 12
13, 246, 26
13, 257, 17
13, 259, 46
13, 261, 51
13, 263, 26
13, 266, 32
13, 278, 46
13, 280, 4
13, 283, 23
13, 283, 33
13, 283, 38
13, 285, 39
13, 291, 8
13, 292, 10
13, 296, 38
13, 298, 26
13, 302, 35
13, 305, 24
13, 310, 4
13, 310, 11
13, 316, 23
13, 338, 33
13, 342, 12
13, 344, 24
13, 344, 54
13, 350, 28
13, 352, 38
13, 356, 46
13, 375, 25
13, 375, 41
13, 381, 40
13, 382, 8
13, 383, 2
13, 384, 43
13, 388, 51
13, 398, 21
13, 399, 3
13, 399, 36
14, 6, 3
14, 7, 17
14, 9, 46
14, 11, 43
14, 13, 45
14, 14, 58
14, 20, 49
14, 22, 54
14, 25, 13
14, 28, 38
14, 35, 24
14, 41, 6
14, 44, 38
14, 45, 41
14, 53, 18
14, 55, 1
14, 58, 32
14, 67, 15
14, 67, 19
14, 70, 4
14, 73, 41
14, 74, 61
14, 83, 38
14, 85, 5
14, 87, 22
14, 88, 13
14, 88, 43
14, 94, 25
14, 95, 3
14, 99, 48
14, 105, 29
14, 106, 53
14, 109, 10
14, 119, 4
14, 120, 54
14, 123, 32
14, 124, 46
14, 126, 25
14, 126, 45
14, 127, 6
14, 127, 35
14, 136, 6
14, 140, 54
14, 145, 61
14, 153, 17
14, 154, 45
14, 160, 50
14, 163, 15
14, 167, 29
14, 168, 52
14, 175, 26
14, 176, 15
14, 182, 1
14, 189, 28
14, 195, 8
14, 195, 43
14, 199, 24
14, 202, 49
14, 212, 18
14, 214, 61
14, 220, 48
14, 241, 19
14, 250, 43
14, 256, 22
14, 256, 58
14, 257, 38
14, 262, 29
14, 266, 44
14, 271, 49
14, 277, 15
14, 278, 54
14, 289, 26
14, 291, 32
14, 293, 13
14, 302, 38
14, 303, 1
14, 304, 4
14, 320, 54
14, 330, 6
14, 338, 35
14, 338, 45
14, 339, 22
14, 340, 19
14, 340, 43
14, 346, 24
14, 348, 61
14, 350, 58
14, 352, 5
14, 357, 48
14, 361, 53
14, 362, 5
14, 362, 38
14, 363, 29
14, 363, 54
14, 365, 6
14, 370, 7
14, 372, 13
14, 373, 44
14, 374, 1
14, 377, 52
14, 381, 43
14, 387, 8
14, 388, 15
15, 2, 45
15, 3, 31
15, 13, 11
15, 14, 32
15, 15, 44
15, 17, 25
15, 20, 4
15, 22, 47
15, 27, 23
15, 33, 24
15, 34, 2
15, 35, 1
15, 48, 13
15, 49, 42
15, 50, 22
15, 51, 18
15, 54, 26
15, 66, 57
15, 80, 8
15, 82, 27
15, 84, 47
15, 88, 30
15, 103, 11
15, 105, 2
15, 107, 17
15, 110, 26
15, 113, 6
15, 113, 9
15, 123, 35
15, 132, 1
15, 136, 38
15, 137, 46
15, 139, 23
15, 143, 10
15, 151, 33
15, 152, 11
15, 154, 57
15, 157, 31
15, 157, 44
15, 159, 32
15, 160, 32
15, 170, 6
15, 177, 18
15, 188, 45
15, 191, 35
15, 204, 17
15, 204, 20
15, 205, 38
15, 209, 42
15, 210, 42
15, 212, 30
15, 216, 57
15, 220, 13
15, 238, 24
15, 240, 45
15, 244, 1
15, 252, 22
15, 257, 4
15, 265, 10
15, 268, 17
15, 269, 4
15, 280, 13
15, 280, 57
15, 284, 18
15, 285, 11
15, 292, 12
15, 296, 47
15, 300, 27
15, 305, 4
15, 305, 17
15, 307, 9
15, 307, 23
15, 310, 2
15, 312, 30
15, 318, 26
15, 319, 44
15, 321, 26
15, 327, 20
15, 330, 35
15, 343, 33
15, 348, 46
15, 360, 26
15, 363, 6
15, 364, 32
15, 366, 35
15, 370, 20
15, 370, 31
15, 371, 22
15, 383, 31
15, 384, 2
15, 385, 18
15, 385, 65
15, 386, 57
15, 396, 45
16, 3, 39
16, 11, 21
16, 14, 14
16, 21, 31
16, 21, 47
16, 36, 31
16, 39, 11
16, 40, 51
16, 50, 56
16, 67, 27
16, 68, 24
16, 68, 58
16, 70, 5
16, 70, 55
16, 73, 33
16, 76, 38
16, 77, 50
16, 81, 8
16, 84, 51
16, 87, 36
16, 89, 23
16, 97, 27
16, 97, 42
16, 97, 49
16, 98, 37
16, 99, 51
16, 101, 5
16, 104, 8
16, 114, 43
16, 121, 35
16, 124, 3
16, 129, 38
16, 133, 21
16, 140, 16
16, 141, 32
16, 152, 27
16, 154, 50
16, 156, 9
16, 156, 48
16, 167, 43
16, 170, 26
16, 171, 20
16, 172, 40
16, 174, 51
16, 181, 35
16, 181, 47
16, 191, 31
16, 195, 23
16, 206, 58
16, 207, 39
16, 209, 20
16, 217, 36
16, 220, 7
16, 220, 17
16, 229, 56
16, 234, 37
16, 236, 14
16, 238, 9
16, 246, 21
16, 250, 11
16, 251, 47
16, 254, 35
16, 254, 39
16, 259, 16
16, 260, 20
16, 267, 36
16, 272, 8
16, 275, 11
16, 279, 50
16, 287, 42
16, 292, 35
16, 295, 51
16, 298, 5
16, 305, 27
16, 307, 49
16, 317, 33
16, 319, 21
16, 325, 24
16, 328, 40
16, 332, 43
16, 336, 32
16, 337, 17
16, 337, 23
16, 339, 7
16, 339, 20
16, 339, 48
16, 342, 16
16, 342, 48
16, 345, 55
16, 352, 5
16, 355, 9
16, 355, 26
16, 355, 33
16, 360, 36
16, 364, 31
16, 371, 38
16, 373, 17
16, 375, 3
16, 380, 31
16, 387, 27
16, 395, 35
17, 2, 4
17, 7, 16
17, 9, 11
17, 22, 29
17, 23, 24
17, 33, 18
17, 33, 19
17, 37, 59
17, 38, 55
17, 41, 13
17, 42, 5
17, 44, 25
17, 45, 18
17, 48, 17
17, 52, 12
17, 53, 4
17, 57, 3
17, 58, 45
17, 60, 9
17, 60, 37
17, 62, 44
17, 64, 34
17, 69, 46
17, 70, 48
17, 78, 14
17, 84, 58
17, 85, 52
17, 88, 4
17, 96, 50
17, 98, 38
17, 102, 7
17, 106, 9
17, 106, 29
17, 106, 41
17, 111, 22
17, 118, 16
17, 119, 46
17, 121, 46
17, 122, 16
17, 122, 51
17, 123, 3
17, 127, 27
17, 132, 18
17, 132, 25
17, 133, 49
17, 137, 5
17, 137, 40
17, 146, 52
17, 148, 41
17, 151, 50
17, 163, 24
17, 167, 11
17, 168, 50
17, 168, 52
17, 174, 41
17, 177, 27
17, 177, 57
17, 183, 22
17, 193, 25
17, 193, 55
17, 195, 13
17, 201, 40
17, 201, 61
17, 202, 29
17, 205, 7
17, 209, 34
17, 216, 43
17, 218, 49
17, 241, 19
17, 243, 25
17, 249, 12
17, 249, 48
17, 251, 50
17, 257, 17
17, 261, 17
17, 261, 19
17, 263, 51
17, 266, 22
17, 268, 59
17, 269, 61
17, 272, 2
17, 273, 41
17, 273, 46
17, 276, 38
17, 294, 9
17, 298, 13
17, 300, 14
17, 309, 4
17, 310, 50
17, 316, 52
17, 323, 34
17, 325, 27
17, 325, 47
17, 326, 11
17, 326, 29
17, 332, 24
17, 348, 45
17, 353, 2
17, 353, 61
17, 354, 51
17, 359, 3
17, 359, 55
17, 361, 25
17, 362, 58
17, 365, 9
17, 375, 41
17, 376, 5
17, 376, 34
17, 388, 13
17, 395, 24
17, 395, 40
18, 7, 26
18, 7, 48
18, 14, 15
18, 14, 28
18, 21, 31
18, 27, 43
18, 31, 2
18, 35, 18
18, 35, 59
18, 37, 48
18, 41, 35
18, 55, 20
18, 72, 26
18, 75, 20
18, 80, 31
18, 81, 2
18, 88, 28
18, 94, 34
18, 97, 20
18, 102, 42
18, 113, 45
18, 119, 15
18, 125, 26
18, 125, 54
18, 147, 28
18, 153, 45
18, 158, 38
18, 158, 51
18, 162, 26
18, 165, 42
18, 172, 39
18, 181, 59
18, 185, 18
18, 188, 39
18, 189, 42
18, 192, 43
18, 197, 28
18, 200, 48
18, 202, 31
18, 210, 15
18, 214, 26
18, 216, 31
18, 218, 10
18, 225, 5
18, 227, 20
18, 229, 42
18, 231, 49
18, 234, 38
18, 235, 26
18, 236, 51
18, 238, 49
18, 240, 39
18, 245, 59
18, 246, 28
18, 246, 35
18, 248, 15
18, 251, 2
18, 265, 16
18, 279, 34
18, 281, 34
18, 281, 38
18, 287, 43
18, 296, 26
18, 297, 42
18, 299, 18
18, 315, 2
18, 316, 5
18, 319, 54
18, 323, 43
18, 324, 15
18, 328, 28
18, 329, 48
18, 333, 38
18, 335, 16
18, 337, 5
18, 356, 31
18, 369, 18
18, 376, 49
18, 380, 51
18, 394, 19
18, 395, 10
18, 395, 34
18, 395, 45
18, 399, 35
19, 3, 32
19, 3, 42
19, 24, 62
19, 38, 33
19, 46, 8
19, 46, 49
19, 52, 11
19, 56, 54
19, 57, 46
19, 66, 19
19, 68, 21
19, 72, 29
19, 72, 42
19, 73, 24
19, 74, 35
19, 77, 62
19, 84, 57
19, 92, 55
19, 93, 18
19, 98, 13
19, 105, 46
19, 116, 11
19, 116, 45
19, 118, 32
19, 127, 7
19, 132, 2
19, 133, 46
19, 135, 36
19, 135, 42
19, 152, 13
19, 155, 21
19, 156, 43
19, 162, 33
19, 167, 24
19, 169, 19
19, 179, 16
19, 186, 40
19, 191, 21
19, 208, 54
19, 211, 44
19, 213, 62
19, 214, 29
19, 224, 33
19, 233, 18
19, 235, 8
19, 236, 42
19, 239, 47
19, 245, 45
19, 250, 11
19, 258, 32
19, 258, 49
19, 263, 55
19, 267, 39
19, 274, 13
19, 278, 49
19, 279, 62
19, 280, 32
19, 295, 57
19, 303, 31
19, 303, 32
19, 305, 16
19, 308, 13
19, 308, 36
19, 310, 19
19, 317, 33
19, 324, 7
19, 331, 13
19, 336, 24
19, 336, 35
19, 337, 2
19, 340, 36
19, 342, 47
19, 343, 2
19, 343, 45
19, 355, 11
19, 359, 18
19, 359, 43
19, 363, 31
19, 364, 32
19, 366, 54
19, 370, 46
19, 374, 49
19, 380, 19
19, 381, 21
19, 381, 40
19, 388, 16
19, 396, 12
