1, 3, 30
1, 3, 54
1, 4, 39
1, 4, 44
1, 4, 49
1, 5, 5
1, 5, 16
1, 5, 23
1, 6, 10
1, 6, 12
1, 10, 4
1, 10, 34
1, 11, 29
1, 11, 39
1, 12, 45
1, 13, 33
1, 14, 14
1, 15, 36
1, 16, 16
1, 16, 29
1, 16, 33
1, 18, 6
1, 19, 1
1, 19, 9
1, 19, 19
1, 19, 49
1, 22, 30
1, 22, 36
1, 24, 12
1, 24, 20
1, 24, 41
1, 26, 8
1, 27, 32
1, 28, 27
1, 29, 42
1, 30, 38
1, 30, 43
1, 31, 36
1, 33, 8
1, 37, 2
1, 37, 47
1, 39, 25
1, 40, 13
1, 43, 30
1, 47, 18
1, 48, 31
1, 49, 23
1, 52, 6
1, 52, 50
1, 54, 38
1, 55, 10
1, 56, 9
1, 57, 22
1, 58, 17
1, 60, 29
1, 61, 28
1, 62, 8
1, 64, 9
1, 65, 3
1, 68, 48
1, 69, 21
1, 71, 10
1, 71, 35
1, 76, 4
1, 77, 37
1, 79, 45
1, 80, 20
1, 80, 37
1, 81, 51
1, 82, 22
1, 82, 34
1, 82, 40
1, 84, 26
1, 85, 33
1, 88, 12
1, 89, 16
1, 89, 55
1, 91, 21
1, 92, 8
1, 92, 12
1, 93, 44
1, 95, 23
1, 96, 1
1, 97, 6
1, 97, 19
1, 98, 14
1, 100, 8
1, 101, 24
1, 101, 42
1, 101, 43
1, 102, 34
1, 103, 12
1, 104, 9
1, 104, 23
1, 105, 9
1, 106, 24
1, 106, 44
1, 107, 54
1, 108, 45
1, 110, 11
1, 111, 15
1, 111, 30
1, 112, 41
1, 113, 37
1, 114, 48
1, 117, 29
1, 120, 3
1, 122, 11
1, 124, 39
1, 125, 27
1, 126, 7
1, 128, 10
1, 131, 32
1, 132, 31
1, 133, 36
1, 134, 13
1, 134, 25
1, 135, 2
1, 135, 46
1, 135, 48
1, 135, 54
1, 137, 5
1, 137, 40
1, 139, 35
1, 139, 38
1, 140, 52
1, 141, 18
1, 141, 30
1, 141, 33
1, 144, 17
1, 145, 20
1, 146, 6
1, 147, 42
1, 148, 20
1, 149, 32
1, 149, 47
1, 153, 22
1, 154, 14
1, 154, 35
1, 155, 27
1, 156, 20
1, 160, 46
1, 161, 24
1, 163, 49
1, 164, 4
1, 165, 7
1, 167, 12
1, 169, 30
1, 174, 9
1, 176, 39
1, 177, 1
1, 178, 41
1, 179, 55
1, 180, 37
1, 181, 13
1, 181, 32
1, 182, 35
1, 183, 21
1, 186, 43
1, 187, 17
1, 188, 40
1, 191, 16
1, 191, 26
1, 191, 36
1, 193, 6
1, 193, 10
1, 193, 23
1, 193, 40
1, 193, 47
1, 194, 35
1, 195, 51
1, 197, 1
1, 197, 12
1, 197, 19
1, 197, 20
1, 197, 25
1, 197, 28
1, 197, 38
1, 200, 4
1, 200, 16
1, 203, 26
1, 205, 34
1, 205, 36
1, 206, 17
1, 207, 8
1, 207, 42
1, 208, 48
1, 209, 15
1, 210, 22
1, 210, 27
1, 213, 39
1, 216, 37
1, 219, 11
1, 222, 7
1, 222, 54
1, 223, 2
1, 223, 18
1, 223, 44
1, 224, 50
1, 224, 53
1, 225, 50
1, 226, 11
1, 226, 24
1, 228, 3
1, 228, 5
1, 228, 13
1, 233, 21
1, 233, 29
1, 238, 26
1, 243, 31
1, 246, 6
1, 250, 48
1, 252, 32
1, 253, 45
1, 253, 49
1, 255, 6
1, 255, 23
1, 255, 33
1, 255, 47
1, 258, 4
1, 259, 52
1, 262, 16
1, 263, 23
1, 264, 9
1, 264, 30
1, 264, 33
1, 264, 50
1, 265, 25
1, 269, 21
1, 269, 41
1, 269, 46
1, 270, 9
1, 271, 7
1, 271, 12
1, 271, 38
1, 273, 18
1, 274, 28
1, 276, 2
1, 276, 37
1, 277, 19
1, 279, 39
1, 280, 27
1, 282, 3
1, 282, 22
1, 283, 50
1, 284, 40
1, 284, 42
1, 286, 29
1, 286, 35
1, 287, 27
1, 288, 42
1, 288, 54
1, 288, 55
1, 291, 51
1, 292, 6
1, 293, 1
1, 295, 14
1, 295, 18
1, 295, 30
1, 296, 11
1, 297, 25
1, 297, 40
1, 298, 15
1, 298, 44
1, 298, 46
1, 300, 23
1, 303, 4
1, 304, 38
1, 308, 28
1, 309, 52
1, 310, 24
1, 311, 34
1, 312, 16
1, 314, 7
1, 314, 23
1, 315, 39
1, 315, 53
1, 318, 31
1, 319, 2
1, 319, 17
1, 320, 59
1, 322, 36
1, 323, 8
1, 324, 35
1, 326, 26
1, 328, 16
1, 330, 27
1, 334, 20
1, 334, 32
1, 336, 2
1, 337, 39
1, 337, 42
1, 343, 41
1, 346, 41
1, 348, 11
1, 349, 22
1, 349, 52
1, 351, 27
1, 351, 45
1, 354, 3
1, 356, 4
1, 356, 17
1, 356, 22
1, 356, 39
1, 357, 49
1, 358, 19
1, 360, 27
1, 362, 33
1, 363, 13
1, 363, 23
1, 365, 20
1, 366, 12
1, 367, 14
1, 368, 2
1, 369, 18
1, 371, 41
1, 374, 2
1, 374, 38
1, 375, 9
1, 378, 30
1, 379, 8
1, 380, 36
1, 381, 31
1, 381, 50
1, 382, 21
1, 383, 41
1, 383, 45
1, 384, 47
1, 387, 7
1, 388, 8
1, 388, 26
1, 389, 5
1, 390, 27
1, 393, 53
1, 394, 28
1, 395, 6
1, 395, 12
1, 395, 55
1, 396, 16
1, 397, 51
1, 399, 31
2, 1, 2
2, 1, 48
2, 3, 22
2, 3, 51
2, 4, 9
2, 5, 6
2, 5, 40
2, 8, 40
2, 10, 16
2, 11, 15
2, 11, 26
2, 11, 29
2, 13, 31
2, 14, 13
2, 14, 26
2, 15, 3
2, 15, 47
2, 15, 53
2, 16, 26
2, 17, 55
2, 18, 44
2, 21, 35
2, 21, 41
2, 22, 31
2, 22, 42
2, 24, 17
2, 25, 20
2, 26, 33
2, 27, 12
2, 27, 15
2, 27, 38
2, 28, 35
2, 30, 1
2, 30, 14
2, 30, 17
2, 32, 53
2, 33, 4
2, 33, 22
2, 34, 24
2, 34, 31
2, 34, 43
2, 34, 46
2, 35, 29
2, 36, 13
2, 36, 31
2, 36, 32
2, 36, 43
2, 37, 44
2, 37, 49
2, 39, 12
2, 39, 52
2, 41, 7
2, 41, 31
2, 42, 1
2, 42, 25
2, 43, 45
2, 44, 20
2, 46, 39
2, 47, 54
2, 48, 21
2, 50, 15
2, 54, 2
2, 56, 2
2, 56, 35
2, 57, 51
2, 57, 55
2, 58, 36
2, 58, 41
2, 60, 17
2, 61, 19
2, 61, 29
2, 61, 53
2, 62, 23
2, 62, 51
2, 63, 22
2, 65, 16
2, 66, 9
2, 69, 26
2, 69, 35
2, 70, 6
2, 70, 22
2, 70, 32
2, 71, 4
2, 71, 5
2, 71, 40
2, 71, 44
2, 73, 8
2, 74, 3
2, 74, 9
2, 74, 34
2, 75, 21
2, 77, 41
2, 79, 4
2, 79, 41
2, 79, 48
2, 80, 45
2, 82, 16
2, 87, 24
2, 87, 46
2, 88, 18
2, 88, 28
2, 88, 34
2, 89, 3
2, 90, 23
2, 93, 24
2, 93, 38
2, 94, 12
2, 97, 9
2, 97, 11
2, 99, 31
2, 99, 35
2, 100, 17
2, 101, 5
2, 102, 7
2, 102, 10
2, 102, 19
2, 102, 28
2, 104, 18
2, 105, 42
2, 107, 3
2, 107, 31
2, 110, 42
2, 112, 9
2, 113, 43
2, 113, 49
2, 114, 6
2, 115, 2
2, 115, 13
2, 115, 50
2, 118, 22
2, 119, 13
2, 119, 37
2, 119, 41
2, 119, 44
2, 120, 2
2, 120, 12
2, 120, 32
2, 121, 19
2, 121, 38
2, 121, 46
2, 122, 25
2, 122, 36
2, 125, 20
2, 126, 44
2, 127, 31
2, 128, 20
2, 128, 35
2, 128, 47
2, 129, 7
2, 129, 48
2, 130, 13
2, 131, 34
2, 133, 22
2, 134, 15
2, 134, 20
2, 134, 30
2, 137, 6
2, 137, 47
2, 138, 11
2, 138, 54
2, 139, 24
2, 139, 39
2, 139, 40
2, 139, 41
2, 140, 25
2, 141, 4
2, 141, 10
2, 142, 31
2, 144, 15
2, 144, 31
2, 144, 45
2, 144, 52
2, 145, 5
2, 145, 39
2, 146, 1
2, 147, 48
2, 148, 6
2, 149, 3
2, 149, 24
2, 149, 26
2, 151, 17
2, 152, 33
2, 153, 12
2, 153, 35
2, 154, 1
2, 154, 28
2, 154, 37
2, 155, 3
2, 155, 48
2, 156, 36
2, 156, 43
2, 156, 48
2, 158, 26
2, 159, 9
2, 159, 18
2, 159, 29
2, 159, 40
2, 160, 50
2, 161, 30
2, 163, 37
2, 163, 41
2, 163, 45
2, 164, 1
2, 164, 2
2, 164, 46
2, 166, 24
2, 166, 42
2, 167, 14
2, 167, 21
2, 167, 34
2, 167, 55
2, 169, 36
2, 171, 42
2, 172, 49
2, 173, 12
2, 173, 49
2, 174, 7
2, 175, 29
2, 176, 36
2, 176, 41
2, 177, 16
2, 178, 25
2, 178, 43
2, 179, 4
2, 179, 24
2, 182, 14
2, 183, 5
2, 183, 6
2, 183, 43
2, 184, 30
2, 185, 2
2, 186, 10
2, 186, 23
2, 187, 23
2, 189, 36
2, 190, 38
2, 192, 6
2, 193, 1
2, 193, 11
2, 193, 33
2, 194, 8
2, 194, 34
2, 195, 20
2, 196, 13
2, 197, 32
2, 198, 7
2, 200, 26
2, 201, 3
2, 201, 42
2, 202, 13
2, 203, 37
2, 205, 39
2, 207, 4
2, 207, 46
2, 208, 24
2, 208, 40
2, 208, 52
2, 209, 1
2, 209, 10
2, 209, 18
2, 210, 27
2, 210, 44
2, 212, 24
2, 214, 19
2, 217, 51
2, 219, 28
2, 220, 35
2, 221, 38
2, 222, 17
2, 223, 31
2, 224, 8
2, 224, 18
2, 225, 36
2, 226, 15
2, 226, 23
2, 227, 48
2, 229, 10
2, 229, 17
2, 230, 51
2, 233, 49
2, 234, 11
2, 234, 21
2, 235, 37
2, 236, 19
2, 236, 25
2, 236, 47
2, 237, 32
2, 237, 42
2, 237, 50
2, 238, 12
2, 240, 7
2, 240, 9
2, 241, 16
2, 242, 14
2, 242, 54
2, 243, 2
2, 243, 28
2, 244, 5
2, 245, 41
2, 246, 39
2, 247, 22
2, 247, 24
2, 247, 28
2, 249, 23
2, 249, 41
2, 250, 53
2, 251, 20
2, 251, 30
2, 252, 6
2, 252, 20
2, 252, 37
2, 252, 38
2, 254, 1
2, 255, 8
2, 256, 17
2, 256, 19
2, 258, 30
2, 259, 31
2, 261, 3
2, 261, 9
2, 262, 45
2, 264, 11
2, 264, 55
2, 265, 15
2, 265, 43
2, 266, 11
2, 269, 36
2, 271, 10
2, 271, 18
2, 272, 27
2, 273, 30
2, 273, 35
2, 273, 48
2, 275, 31
2, 277, 6
2, 277, 18
2, 277, 34
2, 278, 41
2, 279, 33
2, 279, 44
2, 279, 52
2, 281, 2
2, 281, 18
2, 281, 20
2, 281, 26
2, 281, 31
2, 282, 16
2, 282, 32
2, 282, 47
2, 283, 13
2, 283, 43
2, 284, 30
2, 286, 23
2, 287, 7
2, 289, 21
2, 289, 38
2, 290, 29
2, 291, 4
2, 291, 45
2, 292, 39
2, 294, 14
2, 294, 31
2, 295, 8
2, 296, 3
2, 296, 40
2, 297, 11
2, 297, 39
2, 300, 5
2, 300, 19
2, 300, 20
2, 302, 14
2, 302, 31
2, 305, 14
2, 305, 44
2, 307, 15
2, 307, 47
2, 308, 17
2, 308, 28
2, 308, 32
2, 308, 37
2, 309, 40
2, 309, 45
2, 310, 7
2, 310, 8
2, 310, 28
2, 311, 10
2, 311, 46
2, 311, 53
2, 314, 22
2, 314, 30
2, 314, 35
2, 316, 3
2, 316, 6
2, 316, 36
2, 318, 30
2, 319, 49
2, 322, 12
2, 322, 36
2, 323, 2
2, 324, 1
2, 324, 5
2, 324, 13
2, 324, 23
2, 325, 29
2, 326, 14
2, 326, 35
2, 327, 25
2, 327, 32
2, 328, 11
2, 329, 41
2, 332, 45
2, 333, 17
2, 333, 51
2, 337, 1
2, 337, 6
2, 337, 11
2, 337, 47
2, 338, 20
2, 338, 42
2, 339, 27
2, 340, 39
2, 340, 50
2, 341, 4
2, 341, 13
2, 342, 8
2, 343, 52
2, 344, 31
2, 345, 37
2, 348, 1
2, 348, 34
2, 349, 34
2, 351, 19
2, 351, 34
2, 353, 39
2, 354, 2
2, 354, 32
2, 355, 24
2, 355, 48
2, 357, 4
2, 358, 45
2, 359, 24
2, 359, 44
2, 360, 18
2, 362, 40
2, 363, 2
2, 364, 25
2, 364, 29
2, 365, 8
2, 366, 20
2, 367, 34
2, 368, 46
2, 370, 3
2, 370, 4
2, 370, 31
2, 370, 37
2, 371, 43
2, 371, 45
2, 372, 36
2, 374, 13
2, 374, 29
2, 376, 16
2, 376, 26
2, 378, 23
2, 380, 21
2, 381, 39
2, 381, 51
2, 382, 32
2, 383, 18
2, 385, 1
2, 386, 20
2, 386, 40
2, 387, 30
2, 388, 10
2, 388, 22
2, 388, 34
2, 389, 9
2, 391, 6
2, 391, 42
2, 392, 27
2, 393, 6
2, 394, 8
2, 395, 2
2, 395, 34
2, 396, 38
2, 397, 35
2, 398, 39
2, 398, 50
2, 399, 14
2, 399, 28
2, 399, 37
3, 1, 12
3, 3, 7
3, 7, 12
3, 7, 23
3, 9, 11
3, 9, 27
3, 14, 3
3, 15, 19
3, 15, 21
3, 17, 49
3, 18, 39
3, 19, 2
3, 19, 4
3, 19, 53
3, 23, 30
3, 24, 50
3, 25, 4
3, 25, 29
3, 27, 43
3, 27, 50
3, 28, 23
3, 28, 51
3, 29, 1
3, 33, 8
3, 33, 44
3, 34, 18
3, 34, 37
3, 38, 24
3, 38, 30
3, 40, 15
3, 41, 12
3, 41, 22
3, 42, 29
3, 44, 41
3, 45, 28
3, 45, 42
3, 46, 5
3, 46, 38
3, 47, 25
3, 50, 17
3, 50, 47
3, 51, 39
3, 52, 26
3, 52, 37
3, 53, 22
3, 53, 44
3, 54, 8
3, 54, 34
3, 58, 10
3, 58, 36
3, 58, 46
3, 63, 39
3, 64, 50
3, 65, 32
3, 66, 19
3, 66, 43
3, 67, 23
3, 68, 45
3, 70, 16
3, 71, 21
3, 71, 34
3, 72, 2
3, 72, 32
3, 73, 13
3, 77, 17
3, 79, 27
3, 81, 9
3, 82, 21
3, 82, 33
3, 84, 27
3, 85, 23
3, 86, 10
3, 87, 40
3, 89, 50
3, 91, 14
3, 91, 31
3, 91, 38
3, 92, 18
3, 96, 16
3, 96, 25
3, 97, 36
3, 98, 14
3, 98, 33
3, 100, 39
3, 102, 49
3, 103, 41
3, 106, 31
3, 107, 7
3, 108, 29
3, 108, 48
3, 109, 25
3, 112, 16
3, 113, 4
3, 114, 1
3, 114, 14
3, 114, 24
3, 115, 8
3, 115, 28
3, 116, 40
3, 117, 20
3, 118, 6
3, 118, 28
3, 118, 35
3, 118, 51
3, 120, 18
3, 120, 46
3, 121, 32
3, 122, 17
3, 123, 22
3, 125, 33
3, 128, 35
3, 128, 52
3, 129, 12
3, 130, 30
3, 131, 43
3, 134, 15
3, 134, 23
3, 135, 32
3, 136, 46
3, 137, 16
3, 139, 24
3, 139, 45
3, 141, 20
3, 141, 37
3, 141, 44
3, 141, 45
3, 142, 55
3, 144, 4
3, 144, 50
3, 144, 54
3, 145, 16
3, 145, 34
3, 149, 3
3, 149, 13
3, 150, 20
3, 153, 53
3, 154, 42
3, 156, 15
3, 156, 34
3, 157, 21
3, 157, 36
3, 157, 38
3, 158, 11
3, 159, 36
3, 160, 4
3, 162, 31
3, 163, 22
3, 163, 52
3, 164, 26
3, 165, 8
3, 167, 2
3, 169, 10
3, 169, 33
3, 171, 5
3, 173, 25
3, 174, 18
3, 174, 25
3, 177, 41
3, 179, 43
3, 182, 9
3, 188, 17
3, 188, 24
3, 189, 6
3, 191, 30
3, 191, 44
3, 192, 24
3, 193, 4
3, 195, 28
3, 196, 47
3, 197, 3
3, 197, 9
3, 197, 19
3, 198, 49
3, 199, 14
3, 199, 40
3, 200, 20
3, 200, 37
3, 200, 44
3, 202, 11
3, 203, 29
3, 203, 35
3, 203, 55
3, 204, 42
3, 205, 30
3, 207, 26
3, 208, 13
3, 209, 46
3, 210, 1
3, 213, 22
3, 215, 2
3, 216, 7
3, 216, 10
3, 216, 32
3, 217, 12
3, 217, 27
3, 217, 45
3, 219, 48
3, 221, 9
3, 221, 41
3, 223, 33
3, 224, 40
3, 225, 1
3, 225, 10
3, 226, 38
3, 229, 23
3, 230, 16
3, 230, 36
3, 231, 8
3, 231, 21
3, 231, 45
3, 234, 53
3, 235, 3
3, 235, 16
3, 235, 32
3, 236, 11
3, 237, 4
3, 237, 34
3, 239, 37
3, 240, 35
3, 240, 51
3, 244, 52
3, 245, 14
3, 245, 27
3, 245, 31
3, 247, 36
3, 247, 44
3, 248, 19
3, 249, 5
3, 249, 30
3, 249, 39
3, 249, 45
3, 251, 39
3, 251, 43
3, 252, 5
3, 253, 17
3, 253, 52
3, 255, 13
3, 258, 28
3, 261, 46
3, 262, 18
3, 265, 34
3, 265, 50
3, 266, 39
3, 266, 44
3, 266, 46
3, 268, 2
3, 268, 29
3, 270, 25
3, 273, 54
3, 277, 27
3, 278, 30
3, 279, 47
3, 280, 12
3, 280, 23
3, 281, 6
3, 282, 2
3, 282, 41
3, 284, 48
3, 287, 7
3, 287, 9
3, 290, 10
3, 290, 20
3, 290, 40
3, 290, 47
3, 290, 49
3, 291, 28
3, 292, 19
3, 292, 47
3, 292, 53
3, 292, 55
3, 294, 9
3, 294, 13
3, 298, 54
3, 299, 20
3, 299, 42
3, 302, 32
3, 302, 48
3, 303, 30
3, 305, 10
3, 305, 15
3, 305, 37
3, 308, 43
3, 309, 22
3, 309, 32
3, 309, 41
3, 309, 50
3, 310, 8
3, 311, 4
3, 311, 16
3, 313, 5
3, 313, 6
3, 313, 36
3, 313, 46
3, 316, 24
3, 322, 16
3, 324, 18
3, 325, 51
3, 328, 1
3, 328, 30
3, 328, 31
3, 328, 46
3, 330, 35
3, 333, 4
3, 333, 38
3, 334, 21
3, 334, 33
3, 334, 36
3, 339, 26
3, 341, 3
3, 342, 2
3, 342, 25
3, 342, 45
3, 344, 8
3, 344, 15
3, 345, 26
3, 348, 20
3, 348, 39
3, 349, 1
3, 350, 7
3, 350, 10
3, 350, 52
3, 350, 55
3, 352, 3
3, 352, 28
3, 353, 8
3, 353, 34
3, 354, 13
3, 354, 40
3, 357, 30
3, 357, 38
3, 362, 48
3, 365, 42
3, 367, 32
3, 368, 3
3, 370, 41
3, 372, 23
3, 372, 27
3, 372, 32
3, 374, 44
3, 374, 50
3, 375, 23
3, 375, 33
3, 376, 19
3, 376, 53
3, 377, 14
3, 378, 9
3, 379, 18
3, 380, 32
3, 382, 6
3, 385, 1
3, 385, 20
3, 385, 42
3, 388, 7
3, 388, 9
3, 390, 4
3, 392, 25
3, 392, 39
3, 392, 44
3, 394, 12
3, 394, 25
3, 394, 26
3, 395, 33
3, 396, 31
3, 397, 21
4, 1, 42
4, 2, 2
4, 2, 40
4, 3, 17
4, 4, 11
4, 4, 41
4, 5, 14
4, 5, 37
4, 6, 26
4, 9, 15
4, 10, 23
4, 11, 31
4, 11, 33
4, 11, 47
4, 12, 44
4, 16, 42
4, 18, 18
4, 19, 21
4, 20, 30
4, 21, 50
4, 23, 9
4, 23, 50
4, 24, 26
4, 25, 25
4, 27, 21
4, 28, 10
4, 28, 14
4, 30, 15
4, 31, 29
4, 32, 38
4, 33, 1
4, 33, 15
4, 33, 25
4, 34, 7
4, 35, 3
4, 35, 48
4, 36, 5
4, 37, 37
4, 38, 20
4, 39, 44
4, 41, 46
4, 42, 9
4, 42, 19
4, 43, 46
4, 45, 31
4, 45, 40
4, 49, 48
4, 51, 54
4, 52, 31
4, 53, 23
4, 53, 44
4, 54, 6
4, 54, 28
4, 55, 2
4, 58, 37
4, 58, 44
4, 58, 54
4, 61, 7
4, 61, 39
4, 61, 47
4, 62, 16
4, 62, 46
4, 64, 47
4, 65, 57
4, 68, 9
4, 69, 8
4, 69, 12
4, 69, 49
4, 70, 38
4, 71, 4
4, 71, 28
4, 72, 1
4, 73, 13
4, 73, 17
4, 73, 22
4, 73, 34
4, 74, 28
4, 77, 42
4, 79, 18
4, 80, 11
4, 80, 20
4, 80, 34
4, 80, 37
4, 81, 26
4, 83, 6
4, 83, 17
4, 83, 32
4, 83, 50
4, 84, 38
4, 85, 56
4, 86, 2
4, 87, 17
4, 87, 39
4, 87, 43
4, 88, 5
4, 89, 7
4, 89, 51
4, 90, 51
4, 91, 28
4, 93, 2
4, 94, 19
4, 94, 29
4, 95, 17
4, 95, 52
4, 97, 15
4, 97, 50
4, 98, 6
4, 98, 21
4, 98, 25
4, 98, 43
4, 100, 24
4, 101, 9
4, 101, 26
4, 101, 41
4, 102, 3
4, 102, 27
4, 102, 33
4, 103, 8
4, 103, 31
4, 104, 37
4, 105, 13
4, 106, 17
4, 106, 24
4, 107, 52
4, 109, 22
4, 113, 26
4, 114, 17
4, 114, 28
4, 114, 33
4, 115, 6
4, 115, 26
4, 116, 25
4, 118, 47
4, 120, 15
4, 120, 36
4, 123, 30
4, 124, 18
4, 124, 46
4, 126, 14
4, 129, 43
4, 130, 16
4, 130, 19
4, 130, 21
4, 130, 45
4, 132, 18
4, 132, 26
4, 132, 42
4, 133, 6
4, 134, 1
4, 135, 45
4, 136, 2
4, 136, 32
4, 136, 38
4, 139, 23
4, 142, 1
4, 143, 40
4, 143, 54
4, 144, 13
4, 145, 11
4, 146, 8
4, 147, 24
4, 149, 23
4, 149, 29
4, 151, 30
4, 152, 12
4, 152, 35
4, 152, 40
4, 155, 2
4, 155, 27
4, 155, 31
4, 156, 51
4, 157, 4
4, 157, 36
4, 158, 23
4, 158, 44
4, 158, 48
4, 159, 27
4, 161, 6
4, 162, 12
4, 162, 42
4, 164, 3
4, 164, 48
4, 167, 29
4, 167, 42
4, 168, 18
4, 168, 34
4, 168, 54
4, 170, 16
4, 170, 34
4, 172, 27
4, 172, 42
4, 172, 52
4, 173, 39
4, 173, 55
4, 175, 3
4, 175, 20
4, 175, 32
4, 176, 18
4, 177, 33
4, 177, 49
4, 177, 52
4, 178, 32
4, 179, 2
4, 181, 1
4, 182, 10
4, 182, 17
4, 182, 41
4, 182, 44
4, 183, 15
4, 184, 28
4, 185, 31
4, 186, 7
4, 186, 14
4, 186, 50
4, 187, 3
4, 187, 26
4, 187, 34
4, 188, 10
4, 192, 18
4, 192, 47
4, 194, 22
4, 195, 16
4, 198, 26
4, 201, 31
4, 201, 50
4, 202, 12
4, 202, 39
4, 203, 19
4, 204, 23
4, 205, 4
4, 206, 46
4, 207, 33
4, 208, 8
4, 208, 56
4, 209, 24
4, 210, 8
4, 210, 29
4, 211, 49
4, 212, 37
4, 212, 50
4, 213, 2
4, 214, 30
4, 214, 39
4, 215, 51
4, 217, 20
4, 217, 39
4, 217, 45
4, 218, 8
4, 220, 15
4, 221, 54
4, 222, 4
4, 222, 6
4, 222, 10
4, 222, 44
4, 224, 27
4, 224, 45
4, 226, 41
4, 228, 15
4, 231, 23
4, 232, 2
4, 232, 52
4, 234, 35
4, 235, 13
4, 237, 12
4, 237, 29
4, 239, 6
4, 239, 18
4, 239, 22
4, 239, 41
4, 240, 4
4, 240, 32
4, 240, 38
4, 241, 11
4, 242, 5
4, 243, 49
4, 244, 12
4, 245, 21
4, 246, 7
4, 246, 15
4, 246, 35
4, 246, 40
4, 247, 10
4, 248, 37
4, 249, 24
4, 250, 31
4, 251, 13
4, 251, 20
4, 252, 7
4, 253, 43
4, 254, 8
4, 255, 1
4, 255, 12
4, 255, 36
4, 256, 4
4, 258, 10
4, 259, 27
4, 260, 37
4, 260, 46
4, 262, 7
4, 262, 49
4, 263, 3
4, 263, 32
4, 264, 25
4, 264, 31
4, 264, 38
4, 265, 40
4, 266, 26
4, 266, 28
4, 267, 24
4, 269, 34
4, 271, 33
4, 271, 38
4, 273, 14
4, 273, 47
4, 273, 56
4, 276, 1
4, 276, 25
4, 277, 8
4, 277, 44
4, 278, 23
4, 280, 36
4, 280, 54
4, 282, 13
4, 282, 16
4, 282, 22
4, 282, 44
4, 284, 15
4, 284, 25
4, 284, 42
4, 287, 45
4, 288, 20
4, 288, 30
4, 289, 12
4, 289, 16
4, 290, 1
4, 290, 46
4, 294, 28
4, 294, 37
4, 295, 48
4, 299, 22
4, 300, 16
4, 300, 22
4, 303, 25
4, 303, 30
4, 303, 32
4, 304, 13
4, 305, 22
4, 305, 43
4, 308, 35
4, 310, 3
4, 310, 51
4, 312, 46
4, 316, 18
4, 316, 39
4, 317, 17
4, 317, 34
4, 318, 41
4, 319, 12
4, 320, 13
4, 320, 39
4, 321, 6
4, 322, 31
4, 322, 38
4, 324, 17
4, 324, 22
4, 325, 27
4, 325, 48
4, 326, 44
4, 328, 3
4, 328, 20
4, 329, 5
4, 329, 43
4, 331, 1
4, 333, 10
4, 334, 28
4, 337, 4
4, 338, 2
4, 338, 22
4, 338, 44
4, 340, 17
4, 342, 35
4, 343, 19
4, 343, 33
4, 343, 34
4, 344, 7
4, 344, 15
4, 344, 41
4, 345, 33
4, 347, 11
4, 347, 37
4, 348, 24
4, 349, 8
4, 351, 7
4, 352, 4
4, 352, 12
4, 353, 7
4, 354, 11
4, 354, 20
4, 355, 14
4, 355, 44
4, 357, 40
4, 359, 15
4, 360, 8
4, 360, 50
4, 361, 36
4, 362, 38
4, 363, 25
4, 363, 32
4, 363, 45
4, 364, 38
4, 364, 43
4, 366, 35
4, 367, 7
4, 367, 33
4, 368, 27
4, 372, 41
4, 373, 1
4, 375, 12
4, 375, 16
4, 376, 3
4, 378, 26
4, 379, 33
4, 380, 2
4, 380, 23
4, 380, 35
4, 381, 30
4, 381, 49
4, 382, 32
4, 382, 48
4, 384, 13
4, 386, 31
4, 388, 11
4, 389, 31
4, 391, 44
4, 391, 46
4, 392, 17
4, 394, 3
4, 394, 31
4, 394, 35
4, 396, 13
4, 396, 24
4, 397, 11
4, 397, 46
4, 398, 36
4, 399, 17
5, 1, 10
5, 4, 23
5, 6, 34
5, 8, 4
5, 8, 42
5, 8, 49
5, 10, 14
5, 10, 54
5, 13, 6
5, 13, 34
5, 14, 8
5, 17, 3
5, 19, 42
5, 20, 35
5, 21, 24
5, 24, 39
5, 27, 5
5, 27, 48
5, 29, 41
5, 31, 19
5, 31, 22
5, 33, 37
5, 34, 9
5, 34, 19
5, 35, 23
5, 35, 26
5, 37, 36
5, 38, 18
5, 39, 1
5, 41, 38
5, 42, 13
5, 42, 35
5, 44, 28
5, 45, 53
5, 46, 19
5, 47, 23
5, 47, 41
5, 48, 12
5, 49, 50
5, 53, 8
5, 54, 12
5, 55, 3
5, 55, 25
5, 57, 9
5, 58, 21
5, 62, 3
5, 62, 4
5, 62, 14
5, 62, 27
5, 62, 39
5, 63, 34
5, 64, 29
5, 65, 17
5, 65, 38
5, 67, 12
5, 67, 42
5, 68, 40
5, 69, 33
5, 71, 31
5, 72, 37
5, 73, 23
5, 74, 35
5, 76, 28
5, 77, 41
5, 78, 14
5, 81, 16
5, 81, 24
5, 81, 27
5, 83, 47
5, 84, 10
5, 88, 23
5, 89, 35
5, 93, 6
5, 93, 34
5, 93, 54
5, 95, 26
5, 96, 51
5, 97, 10
5, 97, 39
5, 97, 46
5, 97, 49
5, 98, 32
5, 99, 2
5, 99, 37
5, 100, 18
5, 100, 21
5, 101, 43
5, 102, 22
5, 104, 15
5, 104, 20
5, 104, 49
5, 105, 19
5, 105, 52
5, 109, 42
5, 111, 20
5, 111, 44
5, 112, 17
5, 117, 14
5, 118, 36
5, 119, 25
5, 120, 1
5, 125, 31
5, 125, 45
5, 128, 51
5, 129, 9
5, 129, 34
5, 130, 28
5, 130, 38
5, 132, 3
5, 134, 8
5, 134, 13
5, 134, 27
5, 134, 32
5, 136, 11
5, 137, 24
5, 139, 8
5, 139, 26
5, 143, 23
5, 145, 36
5, 148, 5
5, 148, 31
5, 149, 14
5, 151, 42
5, 152, 1
5, 153, 24
5, 153, 31
5, 153, 33
5, 154, 8
5, 157, 22
5, 157, 25
5, 158, 16
5, 159, 26
5, 160, 48
5, 161, 50
5, 162, 15
5, 162, 29
5, 163, 7
5, 164, 44
5, 166, 12
5, 166, 29
5, 171, 14
5, 173, 43
5, 174, 35
5, 175, 40
5, 176, 4
5, 176, 47
5, 179, 54
5, 181, 54
5, 182, 31
5, 183, 30
5, 184, 39
5, 185, 25
5, 185, 32
5, 185, 36
5, 187, 5
5, 187, 37
5, 187, 46
5, 188, 43
5, 189, 10
5, 191, 8
5, 192, 26
5, 193, 17
5, 193, 53
5, 196, 18
5, 197, 33
5, 197, 41
5, 198, 21
5, 199, 40
5, 199, 48
5, 200, 42
5, 203, 16
5, 204, 15
5, 204, 39
5, 205, 18
5, 205, 52
5, 207, 21
5, 209, 2
5, 209, 30
5, 211, 48
5, 212, 25
5, 215, 1
5, 215, 50
5, 217, 7
5, 220, 27
5, 220, 34
5, 221, 23
5, 222, 35
5, 223, 20
5, 224, 1
5, 224, 31
5, 225, 24
5, 226, 36
5, 228, 26
5, 229, 13
5, 229, 19
5, 230, 27
5, 231, 3
5, 232, 49
5, 233, 12
5, 233, 36
5, 233, 45
5, 234, 17
5, 234, 33
5, 237, 16
5, 238, 6
5, 239, 43
5, 241, 31
5, 241, 46
5, 244, 30
5, 245, 38
5, 245, 51
5, 247, 9
5, 247, 52
5, 248, 14
5, 248, 28
5, 249, 21
5, 249, 24
5, 250, 47
5, 252, 41
5, 253, 8
5, 253, 23
5, 254, 22
5, 256, 10
5, 256, 23
5, 262, 29
5, 263, 15
5, 264, 4
5, 265, 17
5, 266, 43
5, 267, 2
5, 268, 1
5, 268, 45
5, 268, 51
5, 269, 29
5, 270, 11
5, 272, 27
5, 273, 12
5, 273, 18
5, 273, 20
5, 274, 32
5, 275, 19
5, 276, 48
5, 277, 9
5, 277, 28
5, 278, 37
5, 279, 14
5, 281, 54
5, 282, 18
5, 288, 40
5, 291, 26
5, 291, 37
5, 295, 10
5, 298, 31
5, 298, 35
5, 299, 24
5, 299, 29
5, 299, 42
5, 300, 2
5, 300, 44
5, 302, 5
5, 302, 8
5, 302, 33
5, 302, 39
5, 306, 19
5, 307, 14
5, 307, 44
5, 309, 11
5, 309, 29
5, 313, 42
5, 314, 29
5, 315, 21
5, 316, 1
5, 321, 13
5, 321, 26
5, 321, 50
5, 322, 20
5, 322, 40
5, 324, 30
5, 325, 28
5, 325, 47
5, 326, 20
5, 328, 22
5, 328, 29
5, 328, 48
5, 329, 11
5, 329, 27
5, 329, 36
5, 329, 56
5, 330, 15
5, 331, 2
5, 333, 38
5, 333, 53
5, 335, 17
5, 336, 7
5, 340, 39
5, 340, 43
5, 343, 19
5, 344, 16
5, 344, 27
5, 344, 56
5, 345, 28
5, 345, 49
5, 346, 6
5, 346, 16
5, 346, 23
5, 348, 35
5, 348, 43
5, 351, 4
5, 351, 18
5, 352, 9
5, 352, 15
5, 352, 53
5, 354, 36
5, 354, 43
5, 357, 12
5, 358, 7
5, 360, 31
5, 360, 41
5, 361, 20
5, 361, 42
5, 362, 31
5, 363, 11
5, 363, 37
5, 365, 33
5, 366, 6
5, 367, 16
5, 367, 45
5, 368, 23
5, 368, 44
5, 368, 46
5, 369, 1
5, 371, 31
5, 371, 52
5, 373, 30
5, 375, 51
5, 376, 46
5, 379, 45
5, 380, 10
5, 380, 17
5, 383, 26
5, 383, 41
5, 384, 12
5, 384, 20
5, 385, 16
5, 386, 35
5, 388, 1
5, 388, 2
5, 388, 34
5, 390, 13
5, 391, 50
5, 392, 13
5, 392, 44
5, 396, 51
5, 397, 19
5, 399, 28
6, 1, 7
6, 1, 51
6, 2, 26
6, 3, 36
6, 4, 3
6, 4, 46
6, 4, 49
6, 6, 18
6, 7, 16
6, 7, 41
6, 8, 4
6, 9, 21
6, 13, 37
6, 16, 20
6, 20, 14
6, 21, 31
6, 22, 9
6, 23, 2
6, 23, 30
6, 23, 47
6, 25, 41
6, 26, 5
6, 26, 28
6, 26, 48
6, 30, 13
6, 30, 38
6, 31, 2
6, 31, 3
6, 31, 29
6, 33, 10
6, 36, 29
6, 37, 8
6, 37, 41
6, 38, 11
6, 38, 42
6, 39, 23
6, 40, 17
6, 41, 17
6, 42, 17
6, 42, 19
6, 42, 40
6, 45, 2
6, 45, 52
6, 46, 3
6, 46, 6
6, 46, 34
6, 47, 21
6, 47, 22
6, 47, 32
6, 47, 50
6, 48, 41
6, 49, 7
6, 49, 12
6, 49, 15
6, 49, 29
6, 51, 44
6, 52, 39
6, 53, 32
6, 56, 45
6, 58, 6
6, 58, 23
6, 59, 33
6, 61, 31
6, 62, 8
6, 62, 19
6, 63, 25
6, 63, 30
6, 64, 12
6, 65, 43
6, 66, 13
6, 66, 38
6, 67, 26
6, 68, 1
6, 68, 51
6, 69, 21
6, 69, 27
6, 69, 30
6, 70, 28
6, 71, 5
6, 71, 21
6, 72, 49
6, 73, 22
6, 73, 50
6, 73, 56
6, 75, 46
6, 76, 34
6, 76, 38
6, 79, 45
6, 81, 36
6, 83, 10
6, 83, 23
6, 85, 9
6, 87, 6
6, 87, 27
6, 91, 23
6, 92, 3
6, 92, 35
6, 94, 4
6, 94, 32
6, 95, 32
6, 96, 22
6, 97, 14
6, 98, 7
6, 100, 10
6, 100, 29
6, 100, 39
6, 101, 43
6, 102, 37
6, 102, 45
6, 104, 50
6, 105, 23
6, 106, 9
6, 106, 17
6, 106, 41
6, 107, 37
6, 108, 5
6, 109, 28
6, 110, 8
6, 110, 20
6, 110, 21
6, 110, 33
6, 110, 44
6, 111, 19
6, 111, 48
6, 112, 31
6, 112, 40
6, 112, 47
6, 114, 52
6, 115, 5
6, 115, 7
6, 115, 20
6, 116, 27
6, 117, 34
6, 118, 44
6, 120, 1
6, 120, 43
6, 121, 12
6, 122, 16
6, 125, 40
6, 127, 13
6, 129, 14
6, 131, 8
6, 131, 24
6, 132, 8
6, 132, 11
6, 132, 38
6, 133, 10
6, 133, 48
6, 134, 26
6, 137, 1
6, 137, 6
6, 137, 11
6, 137, 18
6, 137, 23
6, 137, 26
6, 138, 34
6, 139, 13
6, 139, 15
6, 139, 17
6, 141, 18
6, 142, 52
6, 143, 6
6, 144, 2
6, 145, 54
6, 147, 10
6, 149, 25
6, 150, 22
6, 151, 35
6, 152, 29
6, 152, 53
6, 153, 40
6, 155, 52
6, 156, 19
6, 156, 35
6, 159, 3
6, 159, 26
6, 161, 21
6, 162, 37
6, 163, 30
6, 164, 7
6, 165, 16
6, 165, 45
6, 166, 14
6, 166, 39
6, 168, 27
6, 169, 32
6, 170, 34
6, 171, 25
6, 171, 42
6, 172, 5
6, 172, 51
6, 173, 55
6, 174, 9
6, 176, 16
6, 176, 28
6, 177, 4
6, 178, 9
6, 178, 29
6, 181, 12
6, 181, 22
6, 181, 33
6, 182, 24
6, 183, 22
6, 184, 16
6, 184, 45
6, 185, 18
6, 186, 33
6, 187, 35
6, 188, 1
6, 188, 31
6, 188, 36
6, 189, 43
6, 190, 8
6, 190, 26
6, 190, 44
6, 191, 49
6, 192, 37
6, 192, 49
6, 194, 3
6, 195, 26
6, 197, 3
6, 197, 37
6, 198, 35
6, 198, 46
6, 199, 50
6, 200, 5
6, 200, 29
6, 200, 43
6, 200, 44
6, 202, 14
6, 202, 20
6, 203, 8
6, 203, 14
6, 204, 41
6, 205, 1
6, 206, 55
6, 207, 28
6, 208, 10
6, 208, 41
6, 210, 13
6, 211, 30
6, 211, 38
6, 212, 7
6, 212, 15
6, 213, 15
6, 213, 17
6, 213, 32
6, 214, 14
6, 216, 7
6, 216, 30
6, 217, 2
6, 217, 11
6, 217, 31
6, 218, 19
6, 221, 26
6, 221, 54
6, 223, 6
6, 223, 40
6, 223, 47
6, 225, 6
6, 228, 21
6, 230, 48
6, 232, 23
6, 235, 23
6, 235, 38
6, 237, 3
6, 237, 9
6, 237, 56
6, 240, 38
6, 240, 47
6, 241, 15
6, 241, 46
6, 242, 46
6, 243, 17
6, 243, 18
6, 244, 22
6, 244, 56
6, 245, 10
6, 245, 25
6, 245, 31
6, 245, 53
6, 246, 22
6, 247, 21
6, 247, 42
6, 251, 19
6, 252, 24
6, 255, 19
6, 255, 36
6, 255, 48
6, 256, 20
6, 260, 53
6, 262, 5
6, 262, 15
6, 262, 25
6, 264, 16
6, 264, 32
6, 264, 43
6, 265, 13
6, 265, 28
6, 266, 16
6, 266, 22
6, 268, 7
6, 270, 26
6, 271, 26
6, 275, 39
6, 275, 41
6, 276, 4
6, 277, 21
6, 277, 22
6, 277, 35
6, 278, 4
6, 279, 15
6, 281, 9
6, 281, 28
6, 281, 31
6, 283, 40
6, 284, 2
6, 284, 26
6, 284, 45
6, 285, 1
6, 286, 10
6, 286, 33
6, 287, 8
6, 287, 32
6, 287, 34
6, 288, 20
6, 288, 27
6, 288, 35
6, 290, 5
6, 292, 24
6, 292, 48
6, 294, 11
6, 294, 34
6, 294, 36
6, 294, 40
6, 296, 11
6, 296, 19
6, 297, 1
6, 297, 27
6, 298, 50
6, 299, 8
6, 299, 44
6, 300, 30
6, 302, 28
6, 302, 29
6, 303, 19
6, 303, 53
6, 307, 3
6, 307, 32
6, 308, 14
6, 308, 31
6, 308, 36
6, 309, 17
6, 309, 25
6, 310, 38
6, 310, 52
6, 311, 44
6, 314, 27
6, 314, 43
6, 315, 37
6, 315, 40
6, 315, 43
6, 316, 27
6, 316, 54
6, 317, 12
6, 318, 40
6, 319, 6
6, 319, 11
6, 319, 14
6, 319, 39
6, 320, 9
6, 320, 56
6, 322, 24
6, 323, 13
6, 324, 10
6, 324, 47
6, 325, 33
6, 325, 50
6, 325, 51
6, 326, 44
6, 327, 19
6, 330, 11
6, 330, 30
6, 330, 32
6, 333, 6
6, 333, 9
6, 333, 30
6, 333, 47
6, 333, 55
6, 334, 16
6, 334, 52
6, 335, 12
6, 336, 1
6, 336, 23
6, 337, 8
6, 337, 16
6, 337, 48
6, 338, 28
6, 339, 18
6, 346, 24
6, 347, 5
6, 350, 14
6, 350, 40
6, 350, 43
6, 351, 20
6, 351, 41
6, 351, 47
6, 352, 1
6, 353, 17
6, 356, 4
6, 356, 34
6, 356, 54
6, 357, 34
6, 359, 33
6, 359, 42
6, 359, 46
6, 360, 21
6, 360, 36
6, 361, 22
6, 362, 40
6, 362, 48
6, 362, 49
6, 363, 1
6, 363, 15
6, 363, 18
6, 364, 3
6, 364, 22
6, 364, 44
6, 364, 50
6, 365, 7
6, 365, 35
6, 368, 26
6, 370, 36
6, 371, 27
6, 371, 31
6, 372, 14
6, 373, 10
6, 373, 39
6, 374, 32
6, 377, 6
6, 378, 7
6, 379, 11
6, 379, 27
6, 379, 32
6, 379, 56
6, 380, 43
6, 381, 2
6, 381, 15
6, 381, 42
6, 382, 14
6, 384, 38
6, 385, 30
6, 385, 44
6, 386, 11
6, 386, 26
6, 387, 31
6, 388, 5
6, 388, 48
6, 389, 15
6, 389, 37
6, 390, 3
6, 390, 16
6, 390, 36
6, 390, 46
6, 391, 20
6, 391, 28
6, 392, 45
6, 393, 2
6, 393, 12
6, 394, 24
6, 395, 19
6, 398, 37
7, 1, 21
7, 3, 14
7, 5, 23
7, 9, 7
7, 9, 33
7, 9, 55
7, 10, 25
7, 12, 20
7, 14, 4
7, 14, 36
7, 16, 12
7, 19, 39
7, 20, 12
7, 20, 16
7, 20, 44
7, 21, 51
7, 24, 33
7, 25, 2
7, 27, 36
7, 27, 41
7, 29, 11
7, 29, 47
7, 30, 35
7, 30, 39
7, 30, 40
7, 30, 49
7, 31, 33
7, 32, 16
7, 32, 36
7, 33, 7
7, 33, 13
7, 34, 8
7, 35, 8
7, 37, 18
7, 38, 19
7, 39, 23
7, 39, 34
7, 40, 12
7, 40, 26
7, 40, 36
7, 41, 28
7, 44, 46
7, 45, 32
7, 46, 22
7, 46, 41
7, 47, 17
7, 47, 20
7, 47, 45
7, 52, 20
7, 52, 27
7, 55, 5
7, 55, 49
7, 57, 12
7, 57, 21
7, 57, 42
7, 57, 48
7, 58, 20
7, 58, 30
7, 60, 40
7, 61, 26
7, 63, 39
7, 63, 43
7, 64, 46
7, 66, 26
7, 71, 24
7, 71, 54
7, 72, 1
7, 72, 15
7, 73, 14
7, 74, 22
7, 75, 35
7, 76, 7
7, 76, 14
7, 77, 9
7, 77, 29
7, 77, 43
7, 77, 52
7, 78, 14
7, 81, 7
7, 81, 31
7, 81, 37
7, 81, 41
7, 82, 1
7, 82, 33
7, 82, 43
7, 84, 1
7, 84, 47
7, 85, 9
7, 85, 38
7, 87, 46
7, 90, 23
7, 92, 4
7, 93, 39
7, 95, 20
7, 95, 33
7, 96, 6
7, 96, 8
7, 97, 44
7, 98, 32
7, 98, 46
7, 101, 3
7, 102, 3
7, 103, 26
7, 104, 1
7, 105, 28
7, 106, 9
7, 106, 25
7, 106, 48
7, 107, 13
7, 108, 11
7, 109, 20
7, 109, 33
7, 110, 18
7, 110, 24
7, 110, 42
7, 110, 48
7, 113, 5
7, 114, 2
7, 116, 3
7, 117, 2
7, 117, 45
7, 119, 38
7, 121, 16
7, 121, 20
7, 121, 42
7, 122, 12
7, 123, 13
7, 123, 15
7, 123, 30
7, 124, 17
7, 124, 19
7, 124, 40
7, 125, 10
7, 126, 8
7, 126, 21
7, 130, 7
7, 131, 37
7, 133, 22
7, 133, 32
7, 136, 41
7, 136, 51
7, 138, 29
7, 139, 12
7, 140, 29
7, 141, 19
7, 142, 46
7, 143, 1
7, 144, 34
7, 144, 49
7, 148, 36
7, 148, 43
7, 148, 50
7, 148, 52
7, 150, 6
7, 151, 2
7, 151, 14
7, 155, 9
7, 156, 31
7, 159, 15
7, 161, 35
7, 163, 28
7, 165, 20
7, 169, 47
7, 171, 24
7, 171, 39
7, 172, 27
7, 173, 14
7, 175, 13
7, 176, 27
7, 177, 38
7, 179, 19
7, 179, 48
7, 180, 43
7, 180, 55
7, 181, 22
7, 181, 45
7, 184, 26
7, 185, 20
7, 186, 5
7, 186, 33
7, 187, 36
7, 190, 5
7, 190, 33
7, 190, 34
7, 191, 16
7, 196, 5
7, 196, 13
7, 196, 27
7, 197, 25
7, 199, 11
7, 201, 29
7, 202, 8
7, 203, 23
7, 203, 45
7, 205, 49
7, 206, 4
7, 207, 8
7, 208, 42
7, 208, 44
7, 212, 18
7, 213, 24
7, 218, 1
7, 220, 7
7, 220, 27
7, 220, 33
7, 223, 37
7, 225, 32
7, 225, 40
7, 226, 21
7, 226, 28
7, 229, 12
7, 229, 41
7, 230, 9
7, 230, 48
7, 231, 2
7, 231, 17
7, 235, 22
7, 240, 7
7, 240, 10
7, 241, 4
7, 241, 38
7, 243, 4
7, 243, 23
7, 244, 36
7, 245, 39
7, 247, 8
7, 247, 54
7, 248, 30
7, 249, 19
7, 249, 20
7, 249, 34
7, 251, 15
7, 251, 25
7, 252, 34
7, 252, 46
7, 253, 15
7, 255, 14
7, 255, 49
7, 255, 51
7, 256, 8
7, 256, 45
7, 257, 24
7, 257, 29
7, 258, 14
7, 260, 11
7, 260, 13
7, 261, 21
7, 261, 42
7, 262, 6
7, 266, 26
7, 266, 31
7, 266, 32
7, 268, 10
7, 268, 23
7, 268, 37
7, 269, 6
7, 269, 50
7, 270, 32
7, 273, 21
7, 275, 26
7, 283, 41
7, 284, 7
7, 284, 47
7, 287, 20
7, 290, 29
7, 291, 30
7, 291, 43
7, 292, 22
7, 294, 1
7, 294, 3
7, 295, 14
7, 296, 8
7, 297, 5
7, 297, 36
7, 298, 14
7, 298, 33
7, 298, 53
7, 299, 27
7, 300, 31
7, 301, 31
7, 301, 47
7, 303, 11
7, 303, 41
7, 306, 45
7, 307, 9
7, 307, 18
7, 307, 21
7, 308, 17
7, 308, 20
7, 311, 12
7, 312, 13
7, 312, 35
7, 317, 37
7, 318, 2
7, 319, 10
7, 319, 33
7, 320, 16
7, 321, 30
7, 323, 11
7, 326, 25
7, 326, 37
7, 326, 48
7, 328, 15
7, 328, 36
7, 328, 55
7, 329, 20
7, 329, 32
7, 329, 46
7, 331, 49
7, 332, 14
7, 332, 28
7, 333, 2
7, 333, 40
7, 333, 42
7, 334, 8
7, 335, 19
7, 335, 39
7, 337, 15
7, 337, 45
7, 338, 42
7, 339, 5
7, 339, 31
7, 339, 32
7, 339, 33
7, 341, 4
7, 342, 38
7, 344, 12
7, 344, 26
7, 344, 51
7, 345, 6
7, 349, 34
7, 350, 1
7, 353, 46
7, 354, 12
7, 354, 24
7, 354, 48
7, 355, 2
7, 355, 51
7, 357, 56
7, 359, 17
7, 361, 3
7, 361, 14
7, 361, 50
7, 366, 5
7, 366, 7
7, 367, 23
7, 369, 18
7, 369, 20
7, 371, 31
7, 372, 44
7, 374, 30
7, 374, 32
7, 375, 4
7, 375, 36
7, 377, 52
7, 380, 5
7, 383, 10
7, 383, 30
7, 386, 10
7, 386, 48
7, 387, 16
7, 390, 47
7, 392, 48
7, 394, 35
7, 396, 11
7, 398, 15
7, 398, 16
7, 398, 41
7, 398, 46
7, 399, 6
7, 399, 42
8, 1, 35
8, 1, 46
8, 1, 49
8, 2, 24
8, 2, 37
8, 3, 9
8, 4, 16
8, 6, 2
8, 8, 52
8, 10, 29
8, 12, 9
8, 13, 16
8, 13, 33
8, 14, 41
8, 16, 24
8, 17, 14
8, 18, 18
8, 18, 39
8, 20, 34
8, 20, 36
8, 23, 27
8, 23, 53
8, 24, 14
8, 25, 23
8, 25, 28
8, 26, 11
8, 27, 30
8, 28, 1
8, 28, 10
8, 28, 19
8, 28, 43
8, 29, 38
8, 30, 4
8, 33, 36
8, 39, 48
8, 40, 29
8, 41, 23
8, 42, 17
8, 43, 6
8, 44, 2
8, 44, 5
8, 44, 17
8, 45, 18
8, 46, 45
8, 47, 50
8, 48, 47
8, 49, 25
8, 50, 16
8, 56, 11
8, 56, 43
8, 60, 3
8, 60, 52
8, 61, 46
8, 61, 51
8, 68, 33
8, 68, 45
8, 68, 46
8, 69, 4
8, 69, 38
8, 70, 9
8, 71, 22
8, 71, 28
8, 73, 47
8, 75, 14
8, 82, 13
8, 82, 31
8, 82, 39
8, 83, 13
8, 83, 14
8, 84, 23
8, 84, 53
8, 85, 6
8, 86, 22
8, 86, 44
8, 86, 45
8, 89, 20
8, 89, 40
8, 90, 21
8, 90, 30
8, 91, 1
8, 91, 19
8, 91, 48
8, 97, 7
8, 97, 10
8, 97, 36
8, 98, 2
8, 98, 39
8, 99, 28
8, 99, 35
8, 100, 14
8, 101, 7
8, 102, 47
8, 103, 34
8, 104, 16
8, 107, 11
8, 107, 38
8, 107, 54
8, 109, 28
8, 109, 49
8, 109, 52
8, 110, 8
8, 111, 27
8, 113, 48
8, 114, 5
8, 114, 29
8, 114, 37
8, 114, 41
8, 115, 41
8, 116, 50
8, 121, 40
8, 122, 4
8, 123, 14
8, 123, 49
8, 124, 12
8, 125, 19
8, 125, 24
8, 125, 25
8, 125, 31
8, 127, 22
8, 127, 34
8, 127, 43
8, 128, 28
8, 129, 29
8, 130, 54
8, 131, 2
8, 132, 35
8, 133, 37
8, 135, 6
8, 135, 43
8, 137, 36
8, 140, 42
8, 141, 50
8, 142, 26
8, 142, 37
8, 143, 15
8, 144, 51
8, 145, 18
8, 147, 26
8, 149, 4
8, 149, 39
8, 150, 9
8, 150, 22
8, 152, 34
8, 153, 46
8, 155, 11
8, 155, 23
8, 156, 7
8, 156, 17
8, 156, 23
8, 157, 14
8, 157, 16
8, 158, 18
8, 158, 39
8, 161, 30
8, 161, 33
8, 162, 19
8, 162, 27
8, 162, 38
8, 162, 52
8, 164, 18
8, 164, 38
8, 169, 32
8, 170, 19
8, 170, 20
8, 171, 51
8, 173, 3
8, 173, 35
8, 176, 6
8, 178, 25
8, 179, 8
8, 181, 47
8, 183, 31
8, 184, 9
8, 184, 17
8, 185, 3
8, 185, 11
8, 186, 15
8, 186, 24
8, 188, 2
8, 189, 5
8, 190, 36
8, 192, 40
8, 193, 19
8, 193, 38
8, 194, 10
8, 195, 32
8, 196, 21
8, 196, 41
8, 197, 15
8, 197, 48
8, 198, 13
8, 198, 48
8, 199, 40
8, 200, 19
8, 200, 27
8, 200, 45
8, 201, 37
8, 204, 26
8, 207, 16
8, 207, 28
8, 209, 45
8, 210, 2
8, 210, 5
8, 210, 9
8, 210, 13
8, 210, 27
8, 211, 1
8, 211, 26
8, 213, 12
8, 213, 34
8, 216, 15
8, 216, 25
8, 216, 44
8, 218, 43
8, 219, 14
8, 220, 8
8, 221, 47
8, 222, 33
8, 222, 34
8, 223, 13
8, 224, 51
8, 227, 40
8, 228, 6
8, 228, 29
8, 228, 49
8, 231, 18
8, 232, 23
8, 232, 31
8, 232, 33
8, 232, 42
8, 234, 19
8, 235, 7
8, 235, 35
8, 236, 7
8, 237, 24
8, 239, 26
8, 239, 37
8, 239, 39
8, 240, 8
8, 241, 38
8, 243, 27
8, 243, 31
8, 245, 22
8, 247, 23
8, 249, 1
8, 249, 4
8, 251, 13
8, 251, 21
8, 252, 22
8, 253, 3
8, 254, 26
8, 255, 37
8, 256, 41
8, 257, 2
8, 257, 8
8, 259, 4
8, 259, 20
8, 261, 12
8, 261, 52
8, 263, 49
8, 264, 29
8, 265, 21
8, 265, 25
8, 266, 51
8, 267, 42
8, 269, 27
8, 271, 53
8, 273, 3
8, 273, 11
8, 274, 20
8, 274, 42
8, 275, 30
8, 276, 16
8, 278, 11
8, 278, 15
8, 278, 16
8, 279, 50
8, 280, 39
8, 281, 35
8, 282, 10
8, 287, 30
8, 288, 27
8, 288, 45
8, 289, 6
8, 290, 2
8, 290, 31
8, 290, 46
8, 291, 19
8, 293, 7
8, 293, 18
8, 294, 7
8, 295, 34
8, 296, 29
8, 297, 3
8, 297, 6
8, 298, 47
8, 299, 19
8, 300, 26
8, 300, 38
8, 300, 42
8, 301, 25
8, 302, 25
8, 302, 35
8, 303, 6
8, 304, 46
8, 305, 14
8, 305, 27
8, 307, 51
8, 307, 54
8, 308, 39
8, 309, 38
8, 310, 5
8, 314, 32
8, 316, 1
8, 316, 19
8, 317, 12
8, 317, 21
8, 319, 9
8, 319, 45
8, 320, 16
8, 320, 48
8, 321, 11
8, 321, 36
8, 322, 8
8, 324, 19
8, 324, 37
8, 325, 37
8, 329, 2
8, 329, 24
8, 331, 13
8, 334, 21
8, 335, 17
8, 335, 23
8, 335, 50
8, 336, 11
8, 338, 47
8, 339, 22
8, 340, 3
8, 340, 19
8, 340, 21
8, 340, 27
8, 341, 14
8, 341, 25
8, 341, 30
8, 341, 44
8, 342, 41
8, 342, 46
8, 344, 44
8, 344, 50
8, 347, 18
8, 348, 23
8, 349, 9
8, 351, 39
8, 351, 52
8, 352, 23
8, 353, 20
8, 353, 37
8, 353, 38
8, 354, 10
8, 354, 40
8, 354, 49
8, 356, 4
8, 356, 29
8, 358, 10
8, 359, 7
8, 360, 31
8, 360, 39
8, 365, 8
8, 365, 50
8, 366, 9
8, 366, 12
8, 368, 7
8, 369, 41
8, 370, 4
8, 370, 15
8, 370, 48
8, 371, 24
8, 371, 35
8, 372, 47
8, 373, 21
8, 374, 26
8, 375, 19
8, 375, 22
8, 376, 1
8, 377, 17
8, 378, 6
8, 378, 9
8, 378, 38
8, 378, 42
8, 379, 15
8, 379, 19
8, 380, 35
8, 380, 36
8, 381, 22
8, 383, 3
8, 383, 17
8, 383, 26
8, 384, 28
8, 385, 2
8, 385, 5
8, 385, 21
8, 387, 9
8, 388, 26
8, 390, 11
8, 390, 30
8, 390, 33
8, 392, 39
8, 393, 25
8, 394, 17
8, 394, 50
8, 395, 11
8, 396, 19
8, 396, 32
8, 397, 30
8, 397, 46
8, 397, 52
8, 398, 44
8, 399, 31
9, 2, 26
9, 2, 47
9, 3, 27
9, 4, 7
9, 5, 35
9, 5, 38
9, 8, 32
9, 10, 10
9, 10, 19
9, 10, 40
9, 11, 30
9, 12, 6
9, 12, 14
9, 12, 51
9, 14, 24
9, 14, 41
9, 14, 50
9, 15, 15
9, 17, 14
9, 20, 28
9, 21, 11
9, 21, 21
9, 21, 26
9, 21, 42
9, 22, 39
9, 23, 29
9, 23, 30
9, 26, 35
9, 27, 2
9, 27, 10
9, 27, 13
9, 27, 29
9, 28, 15
9, 29, 26
9, 30, 13
9, 30, 22
9, 32, 22
9, 32, 27
9, 32, 34
9, 32, 36
9, 34, 41
9, 35, 46
9, 37, 1
9, 37, 4
9, 37, 43
9, 39, 14
9, 39, 36
9, 40, 17
9, 45, 39
9, 45, 44
9, 46, 45
9, 47, 31
9, 49, 8
9, 50, 40
9, 51, 6
9, 52, 25
9, 52, 40
9, 54, 11
9, 54, 48
9, 55, 13
9, 55, 16
9, 55, 19
9, 55, 25
9, 56, 42
9, 57, 10
9, 57, 23
9, 57, 49
9, 58, 19
9, 58, 46
9, 59, 7
9, 59, 12
9, 60, 32
9, 62, 3
9, 62, 54
9, 63, 7
9, 63, 19
9, 63, 33
9, 63, 40
9, 63, 47
9, 64, 10
9, 65, 9
9, 65, 13
9, 66, 28
9, 68, 1
9, 68, 3
9, 68, 52
9, 74, 40
9, 75, 18
9, 76, 20
9, 76, 45
9, 77, 12
9, 78, 2
9, 78, 6
9, 78, 27
9, 79, 8
9, 81, 21
9, 81, 24
9, 81, 43
9, 83, 32
9, 83, 38
9, 85, 37
9, 86, 46
9, 89, 35
9, 91, 26
9, 92, 35
9, 93, 15
9, 94, 19
9, 94, 30
9, 95, 40
9, 96, 39
9, 102, 27
9, 102, 54
9, 104, 6
9, 105, 24
9, 106, 41
9, 107, 37
9, 111, 41
9, 112, 4
9, 112, 11
9, 113, 24
9, 113, 47
9, 113, 55
9, 114, 43
9, 116, 3
9, 117, 20
9, 119, 5
9, 120, 15
9, 120, 42
9, 122, 7
9, 122, 30
9, 123, 6
9, 124, 19
9, 125, 1
9, 125, 9
9, 125, 17
9, 125, 22
9, 126, 5
9, 127, 48
9, 128, 14
9, 129, 36
9, 129, 40
9, 131, 50
9, 133, 28
9, 134, 18
9, 134, 19
9, 135, 10
9, 138, 7
9, 138, 14
9, 139, 31
9, 140, 5
9, 140, 34
9, 141, 23
9, 141, 35
9, 142, 13
9, 142, 24
9, 143, 21
9, 144, 37
9, 145, 13
9, 145, 29
9, 145, 32
9, 146, 44
9, 148, 15
9, 148, 46
9, 148, 50
9, 152, 22
9, 152, 34
9, 152, 53
9, 153, 29
9, 154, 43
9, 154, 50
9, 155, 22
9, 156, 25
9, 158, 35
9, 159, 12
9, 159, 26
9, 159, 50
9, 160, 40
9, 161, 9
9, 161, 27
9, 161, 45
9, 162, 40
9, 163, 33
9, 166, 52
9, 167, 38
9, 168, 4
9, 169, 2
9, 169, 42
9, 170, 16
9, 171, 24
9, 172, 31
9, 172, 43
9, 173, 1
9, 174, 48
9, 175, 1
9, 175, 35
9, 175, 47
9, 176, 23
9, 176, 45
9, 177, 38
9, 178, 2
9, 179, 20
9, 181, 15
9, 181, 20
9, 184, 23
9, 184, 49
9, 185, 1
9, 185, 8
9, 185, 20
9, 186, 42
9, 188, 42
9, 189, 23
9, 190, 4
9, 190, 14
9, 190, 27
9, 191, 10
9, 195, 29
9, 197, 32
9, 199, 36
9, 201, 15
9, 201, 41
9, 202, 3
9, 202, 6
9, 204, 27
9, 205, 18
9, 206, 21
9, 206, 30
9, 207, 11
9, 207, 41
9, 207, 54
9, 208, 24
9, 210, 8
9, 210, 35
9, 212, 4
9, 212, 44
9, 212, 47
9, 213, 42
9, 214, 55
9, 215, 17
9, 216, 20
9, 217, 23
9, 217, 39
9, 217, 49
9, 220, 10
9, 220, 13
9, 220, 44
9, 221, 14
9, 222, 48
9, 225, 12
9, 225, 43
9, 226, 34
9, 229, 16
9, 229, 18
9, 230, 1
9, 232, 37
9, 235, 20
9, 237, 28
9, 237, 46
9, 238, 2
9, 239, 25
9, 239, 54
9, 240, 49
9, 241, 12
9, 241, 15
9, 242, 5
9, 242, 27
9, 242, 40
9, 242, 50
9, 243, 26
9, 244, 7
9, 244, 11
9, 246, 7
9, 249, 13
9, 249, 31
9, 249, 52
9, 250, 48
9, 251, 9
9, 251, 40
9, 255, 29
9, 257, 13
9, 260, 4
9, 260, 27
9, 260, 39
9, 262, 40
9, 263, 16
9, 263, 26
9, 265, 25
9, 268, 7
9, 268, 56
9, 269, 33
9, 269, 44
9, 270, 36
9, 271, 38
9, 272, 37
9, 273, 46
9, 273, 50
9, 274, 19
9, 274, 41
9, 276, 43
9, 277, 11
9, 278, 3
9, 278, 39
9, 279, 3
9, 279, 19
9, 279, 20
9, 280, 2
9, 280, 42
9, 280, 47
9, 281, 4
9, 281, 18
9, 282, 34
9, 284, 8
9, 284, 25
9, 284, 38
9, 286, 53
9, 287, 33
9, 289, 8
9, 289, 11
9, 289, 24
9, 290, 24
9, 290, 35
9, 291, 21
9, 291, 40
9, 292, 10
9, 294, 36
9, 295, 22
9, 296, 32
9, 297, 45
9, 305, 42
9, 306, 15
9, 307, 31
9, 308, 6
9, 308, 49
9, 309, 16
9, 309, 34
9, 310, 14
9, 310, 21
9, 310, 23
9, 311, 35
9, 312, 17
9, 313, 26
9, 313, 51
9, 317, 14
9, 317, 26
9, 317, 41
9, 321, 39
9, 322, 35
9, 325, 21
9, 325, 26
9, 326, 6
9, 326, 18
9, 327, 39
9, 327, 40
9, 329, 12
9, 330, 30
9, 331, 11
9, 331, 22
9, 331, 23
9, 332, 18
9, 332, 26
9, 332, 34
9, 333, 31
9, 334, 49
9, 337, 1
9, 337, 5
9, 337, 23
9, 337, 37
9, 337, 48
9, 338, 33
9, 339, 11
9, 339, 25
9, 340, 3
9, 340, 27
9, 341, 10
9, 341, 20
9, 342, 1
9, 342, 54
9, 343, 15
9, 343, 32
9, 344, 31
9, 345, 16
9, 346, 9
9, 346, 12
9, 346, 13
9, 346, 38
9, 346, 41
9, 348, 47
9, 350, 5
9, 351, 42
9, 352, 30
9, 352, 45
9, 354, 5
9, 354, 29
9, 355, 55
9, 356, 8
9, 359, 16
9, 359, 48
9, 360, 1
9, 360, 31
9, 360, 33
9, 361, 4
9, 361, 21
9, 361, 43
9, 364, 12
9, 364, 15
9, 364, 23
9, 364, 56
9, 366, 20
9, 367, 10
9, 368, 14
9, 370, 17
9, 370, 36
9, 370, 44
9, 370, 52
9, 372, 39
9, 374, 8
9, 374, 20
9, 374, 22
9, 376, 26
9, 378, 40
9, 379, 34
9, 380, 11
9, 380, 18
9, 380, 33
9, 381, 37
9, 382, 20
9, 384, 12
9, 384, 40
9, 384, 52
9, 386, 39
9, 387, 3
9, 388, 8
9, 388, 42
9, 389, 5
9, 389, 34
9, 394, 5
9, 396, 5
9, 397, 11
9, 398, 3
9, 398, 28
9, 398, 50
9, 399, 25
9, 399, 37
10, 2, 10
10, 3, 15
10, 3, 45
10, 5, 23
10, 6, 13
10, 6, 27
10, 6, 43
10, 7, 37
10, 9, 29
10, 10, 1
10, 11, 44
10, 12, 4
10, 12, 34
10, 12, 42
10, 13, 35
10, 13, 38
10, 14, 4
10, 15, 10
10, 15, 41
10, 18, 14
10, 18, 53
10, 21, 11
10, 21, 45
10, 21, 50
10, 26, 27
10, 28, 49
10, 32, 12
10, 33, 30
10, 33, 46
10, 34, 24
10, 35, 41
10, 37, 17
10, 37, 39
10, 38, 31
10, 39, 50
10, 40, 36
10, 41, 28
10, 42, 35
10, 43, 6
10, 44, 2
10, 44, 9
10, 46, 36
10, 50, 31
10, 50, 40
10, 51, 22
10, 53, 44
10, 54, 28
10, 55, 8
10, 55, 33
10, 57, 34
10, 58, 43
10, 60, 15
10, 60, 17
10, 60, 27
10, 61, 39
10, 63, 4
10, 64, 38
10, 65, 25
10, 67, 36
10, 68, 14
10, 71, 14
10, 71, 20
10, 72, 26
10, 73, 2
10, 74, 39
10, 75, 18
10, 75, 54
10, 76, 13
10, 77, 16
10, 78, 20
10, 79, 22
10, 79, 24
10, 79, 30
10, 79, 47
10, 81, 43
10, 81, 55
10, 82, 9
10, 82, 51
10, 85, 40
10, 87, 17
10, 87, 46
10, 90, 23
10, 91, 11
10, 91, 12
10, 92, 26
10, 92, 45
10, 96, 18
10, 96, 42
10, 97, 47
10, 98, 21
10, 99, 1
10, 100, 52
10, 104, 34
10, 105, 29
10, 105, 31
10, 108, 9
10, 109, 28
10, 110, 20
10, 110, 36
10, 110, 41
10, 114, 34
10, 115, 10
10, 115, 34
10, 115, 53
10, 116, 49
10, 118, 17
10, 120, 5
10, 120, 32
10, 120, 44
10, 121, 2
10, 122, 14
10, 123, 7
10, 123, 48
10, 124, 48
10, 125, 4
10, 126, 31
10, 127, 3
10, 128, 32
10, 128, 50
10, 130, 37
10, 134, 37
10, 135, 25
10, 135, 28
10, 136, 5
10, 136, 6
10, 137, 54
10, 138, 46
10, 139, 22
10, 139, 25
10, 140, 35
10, 141, 53
10, 142, 30
10, 144, 39
10, 145, 27
10, 148, 19
10, 150, 8
10, 150, 26
10, 151, 19
10, 151, 35
10, 152, 26
10, 153, 7
10, 153, 20
10, 154, 46
10, 156, 11
10, 157, 28
10, 158, 2
10, 159, 40
10, 161, 39
10, 162, 24
10, 162, 35
10, 165, 20
10, 165, 28
10, 166, 22
10, 167, 24
10, 169, 45
10, 170, 10
10, 171, 16
10, 172, 15
10, 173, 29
10, 176, 3
10, 176, 43
10, 177, 32
10, 178, 1
10, 178, 33
10, 179, 21
10, 180, 2
10, 180, 18
10, 180, 24
10, 181, 52
10, 183, 38
10, 184, 42
10, 185, 29
10, 186, 8
10, 186, 12
10, 188, 36
10, 189, 4
10, 190, 17
10, 191, 32
10, 192, 18
10, 193, 34
10, 193, 55
10, 195, 7
10, 195, 23
10, 195, 49
10, 199, 35
10, 201, 1
10, 201, 6
10, 201, 11
10, 201, 13
10, 206, 23
10, 210, 33
10, 211, 13
10, 211, 44
10, 212, 27
10, 214, 47
10, 216, 5
10, 220, 12
10, 220, 29
10, 221, 34
10, 223, 26
10, 223, 48
10, 223, 50
10, 224, 30
10, 225, 14
10, 225, 21
10, 226, 3
10, 227, 10
10, 228, 53
10, 229, 31
10, 229, 43
10, 232, 15
10, 232, 31
10, 234, 20
10, 236, 41
10, 237, 37
10, 237, 39
10, 239, 11
10, 241, 16
10, 241, 19
10, 243, 6
10, 244, 34
10, 244, 44
10, 244, 51
10, 246, 28
10, 246, 36
10, 246, 40
10, 249, 22
10, 251, 23
10, 251, 40
10, 252, 1
10, 253, 9
10, 256, 48
10, 257, 22
10, 258, 5
10, 259, 35
10, 261, 11
10, 261, 17
10, 263, 38
10, 264, 39
10, 265, 37
10, 266, 2
10, 267, 7
10, 267, 45
10, 268, 49
10, 269, 4
10, 269, 42
10, 270, 24
10, 274, 8
10, 277, 34
10, 278, 17
10, 281, 7
10, 281, 46
10, 282, 22
10, 283, 12
10, 287, 46
10, 288, 20
10, 288, 21
10, 291, 19
10, 293, 4
10, 293, 37
10, 293, 49
10, 294, 16
10, 294, 25
10, 294, 27
10, 298, 9
10, 300, 14
10, 301, 32
10, 301, 33
10, 301, 49
10, 303, 2
10, 304, 13
10, 305, 43
10, 305, 47
10, 309, 30
10, 311, 11
10, 312, 1
10, 314, 20
10, 315, 36
10, 316, 54
10, 317, 10
10, 317, 18
10, 317, 47
10, 318, 3
10, 318, 29
10, 318, 31
10, 319, 35
10, 319, 36
10, 321, 31
10, 321, 42
10, 322, 8
10, 326, 3
10, 326, 40
10, 326, 45
10, 326, 52
10, 327, 32
10, 328, 3
10, 328, 16
10, 329, 11
10, 329, 30
10, 331, 28
10, 331, 32
10, 331, 51
10, 336, 33
10, 337, 7
10, 337, 12
10, 337, 28
10, 338, 17
10, 340, 48
10, 344, 16
10, 345, 34
10, 346, 36
10, 350, 39
10, 350, 41
10, 354, 1
10, 355, 20
10, 357, 26
10, 358, 6
10, 359, 20
10, 360, 29
10, 361, 25
10, 363, 46
10, 366, 19
10, 366, 31
10, 366, 41
10, 368, 26
10, 369, 4
10, 371, 40
10, 371, 47
10, 373, 22
10, 374, 19
10, 374, 37
10, 376, 45
10, 378, 7
10, 378, 19
10, 382, 38
10, 383, 23
10, 384, 29
10, 385, 42
10, 385, 50
10, 386, 4
10, 388, 1
10, 388, 6
10, 389, 11
10, 391, 7
10, 391, 24
10, 391, 27
10, 392, 4
10, 392, 7
10, 392, 10
10, 395, 47
10, 398, 49
11, 1, 22
11, 1, 27
11, 4, 5
11, 4, 46
11, 4, 51
11, 6, 19
11, 6, 33
11, 6, 48
11, 7, 14
11, 8, 3
11, 8, 12
11, 8, 30
11, 8, 36
11, 11, 20
11, 11, 21
11, 12, 37
11, 13, 45
11, 15, 16
11, 15, 49
11, 16, 24
11, 17, 9
11, 17, 13
11, 19, 24
11, 22, 29
11, 23, 28
11, 24, 12
11, 24, 17
11, 26, 39
11, 26, 41
11, 28, 42
11, 30, 37
11, 30, 53
11, 31, 22
11, 32, 9
11, 33, 18
11, 35, 18
11, 36, 31
11, 36, 33
11, 36, 52
11, 38, 1
11, 38, 23
11, 38, 38
11, 39, 4
11, 39, 9
11, 39, 21
11, 42, 8
11, 42, 31
11, 43, 41
11, 44, 51
11, 45, 22
11, 47, 7
11, 49, 13
11, 51, 4
11, 54, 18
11, 54, 47
11, 55, 3
11, 55, 8
11, 55, 19
11, 56, 2
11, 58, 22
11, 58, 30
11, 58, 38
11, 59, 32
11, 59, 40
11, 60, 49
11, 62, 25
11, 62, 36
11, 63, 4
11, 63, 29
11, 63, 32
11, 65, 12
11, 66, 23
11, 66, 28
11, 67, 39
11, 68, 7
11, 69, 3
11, 69, 9
11, 70, 17
11, 72, 24
11, 73, 39
11, 75, 29
11, 76, 13
11, 76, 14
11, 76, 46
11, 78, 8
11, 80, 10
11, 82, 6
11, 82, 22
11, 83, 4
11, 83, 13
11, 83, 16
11, 83, 33
11, 83, 36
11, 84, 12
11, 84, 13
11, 84, 20
11, 85, 7
11, 85, 52
11, 85, 53
11, 86, 45
11, 86, 54
11, 87, 11
11, 87, 15
11, 87, 39
11, 90, 8
11, 91, 52
11, 92, 37
11, 94, 50
11, 96, 32
11, 98, 18
11, 98, 26
11, 98, 34
11, 99, 26
11, 100, 23
11, 100, 31
11, 100, 42
11, 102, 3
11, 104, 5
11, 105, 48
11, 108, 4
11, 110, 34
11, 111, 16
11, 112, 9
11, 113, 1
11, 113, 30
11, 113, 41
11, 116, 2
11, 116, 29
11, 117, 35
11, 117, 45
11, 118, 19
11, 118, 33
11, 119, 47
11, 121, 38
11, 122, 1
11, 122, 10
11, 122, 47
11, 122, 51
11, 123, 20
11, 125, 2
11, 125, 36
11, 126, 43
11, 128, 6
11, 128, 30
11, 129, 25
11, 131, 22
11, 132, 26
11, 132, 33
11, 132, 48
11, 136, 24
11, 137, 3
11, 137, 28
11, 137, 48
11, 138, 17
11, 141, 37
11, 143, 3
11, 144, 7
11, 148, 29
11, 148, 53
11, 150, 12
11, 151, 45
11, 154, 15
11, 154, 17
11, 156, 6
11, 157, 45
11, 158, 39
11, 158, 49
11, 160, 4
11, 160, 16
11, 161, 14
11, 161, 25
11, 162, 18
11, 162, 49
11, 166, 14
11, 166, 19
11, 166, 26
11, 166, 44
11, 167, 36
11, 167, 40
11, 167, 47
11, 168, 48
11, 168, 52
11, 169, 32
11, 170, 34
11, 170, 35
11, 171, 13
11, 171, 44
11, 173, 53
11, 174, 17
11, 175, 2
11, 175, 22
11, 175, 24
11, 176, 4
11, 176, 39
11, 176, 51
11, 177, 8
11, 178, 7
11, 178, 13
11, 178, 47
11, 180, 50
11, 182, 33
11, 183, 17
11, 186, 10
11, 188, 9
11, 188, 26
11, 189, 5
11, 190, 25
11, 190, 32
11, 191, 31
11, 191, 50
11, 192, 11
11, 195, 35
11, 195, 48
11, 197, 23
11, 197, 40
11, 197, 42
11, 197, 44
11, 198, 7
11, 198, 53
11, 199, 11
11, 200, 14
11, 200, 27
11, 200, 28
11, 200, 33
11, 201, 4
11, 202, 8
11, 203, 24
11, 203, 37
11, 203, 43
11, 204, 4
11, 206, 16
11, 206, 35
11, 208, 38
11, 209, 22
11, 209, 26
11, 209, 34
11, 213, 6
11, 213, 13
11, 216, 26
11, 217, 19
11, 217, 20
11, 218, 28
11, 218, 29
11, 219, 2
11, 221, 1
11, 221, 14
11, 222, 3
11, 222, 18
11, 222, 45
11, 225, 6
11, 225, 22
11, 225, 41
11, 225, 46
11, 226, 7
11, 226, 31
11, 228, 1
11, 228, 21
11, 229, 35
11, 230, 52
11, 231, 13
11, 231, 45
11, 232, 23
11, 232, 38
11, 235, 8
11, 235, 27
11, 235, 32
11, 235, 46
11, 236, 13
11, 237, 22
11, 237, 25
11, 238, 6
11, 240, 16
11, 242, 5
11, 242, 30
11, 246, 40
11, 246, 48
11, 247, 42
11, 247, 45
11, 248, 11
11, 249, 25
11, 250, 4
11, 250, 43
11, 250, 52
11, 251, 31
11, 251, 49
11, 252, 39
11, 253, 54
11, 254, 37
11, 255, 12
11, 256, 33
11, 256, 50
11, 257, 3
11, 257, 32
11, 261, 21
11, 261, 36
11, 262, 1
11, 262, 15
11, 263, 10
11, 263, 27
11, 263, 28
11, 263, 50
11, 264, 31
11, 264, 36
11, 266, 6
11, 269, 21
11, 269, 30
11, 270, 9
11, 270, 47
11, 272, 38
11, 273, 16
11, 273, 17
11, 273, 47
11, 274, 23
11, 274, 34
11, 275, 40
11, 276, 7
11, 276, 41
11, 277, 1
11, 277, 23
11, 278, 44
11, 279, 10
11, 281, 18
11, 282, 25
11, 284, 29
11, 286, 28
11, 287, 33
11, 288, 29
11, 288, 45
11, 288, 51
11, 289, 3
11, 289, 43
11, 289, 45
11, 290, 16
11, 290, 43
11, 296, 42
11, 297, 7
11, 298, 6
11, 299, 31
11, 300, 26
11, 300, 38
11, 301, 30
11, 302, 2
11, 303, 2
11, 303, 9
11, 306, 22
11, 307, 8
11, 307, 20
11, 308, 38
11, 309, 7
11, 309, 16
11, 309, 40
11, 310, 5
11, 310, 18
11, 310, 26
11, 311, 10
11, 311, 49
11, 312, 21
11, 314, 3
11, 314, 7
11, 314, 32
11, 315, 22
11, 317, 2
11, 318, 24
11, 319, 10
11, 320, 49
11, 320, 53
11, 321, 38
11, 322, 1
11, 323, 9
11, 323, 35
11, 323, 37
11, 324, 5
11, 324, 24
11, 327, 19
11, 328, 8
11, 330, 16
11, 330, 17
11, 331, 46
11, 332, 2
11, 333, 47
11, 334, 19
11, 335, 42
11, 336, 13
11, 337, 11
11, 338, 25
11, 341, 32
11, 341, 41
11, 344, 30
11, 346, 47
11, 348, 2
11, 348, 22
11, 348, 40
11, 349, 33
11, 350, 29
11, 350, 32
11, 351, 6
11, 351, 36
11, 352, 29
11, 352, 30
11, 352, 33
11, 353, 38
11, 354, 46
11, 355, 43
11, 358, 17
11, 359, 13
11, 359, 14
11, 359, 34
11, 360, 52
11, 364, 4
11, 364, 21
11, 365, 17
11, 365, 50
11, 366, 23
11, 366, 42
11, 367, 7
11, 368, 30
11, 370, 24
11, 373, 9
11, 377, 19
11, 379, 5
11, 380, 33
11, 380, 39
11, 382, 6
11, 382, 9
11, 382, 39
11, 385, 16
11, 387, 44
11, 388, 26
11, 388, 49
11, 388, 51
11, 392, 10
11, 392, 35
11, 392, 45
11, 393, 2
11, 393, 14
11, 394, 30
11, 394, 40
11, 395, 47
11, 396, 15
11, 397, 48
11, 398, 16
11, 398, 31
11, 398, 37
11, 399, 21
12, 1, 43
12, 5, 3
12, 9, 15
12, 9, 45
12, 9, 53
12, 10, 29
12, 12, 8
12, 12, 21
12, 12, 46
12, 13, 26
12, 13, 35
12, 13, 37
12, 14, 32
12, 15, 10
12, 15, 20
12, 16, 17
12, 17, 13
12, 18, 1
12, 18, 37
12, 19, 6
12, 19, 21
12, 20, 24
12, 20, 33
12, 22, 5
12, 24, 8
12, 25, 44
12, 29, 33
12, 32, 15
12, 32, 30
12, 33, 5
12, 36, 14
12, 37, 31
12, 38, 10
12, 38, 21
12, 38, 49
12, 39, 20
12, 40, 18
12, 41, 8
12, 42, 46
12, 43, 24
12, 43, 38
12, 44, 11
12, 44, 14
12, 44, 16
12, 45, 13
12, 46, 29
12, 47, 35
12, 48, 42
12, 50, 5
12, 50, 17
12, 50, 48
12, 51, 4
12, 52, 1
12, 53, 37
12, 55, 46
12, 56, 52
12, 58, 1
12, 59, 39
12, 61, 11
12, 61, 41
12, 63, 2
12, 65, 9
12, 66, 6
12, 68, 26
12, 69, 19
12, 69, 39
12, 69, 45
12, 70, 29
12, 72, 50
12, 73, 32
12, 73, 41
12, 74, 24
12, 75, 5
12, 76, 23
12, 79, 34
12, 80, 12
12, 81, 18
12, 82, 55
12, 84, 2
12, 84, 42
12, 85, 1
12, 86, 7
12, 86, 35
12, 87, 32
12, 87, 34
12, 87, 51
12, 89, 25
12, 92, 41
12, 93, 37
12, 94, 16
12, 95, 9
12, 95, 48
12, 98, 21
12, 99, 24
12, 100, 11
12, 100, 28
12, 100, 40
12, 101, 46
12, 101, 53
12, 102, 27
12, 104, 19
12, 105, 35
12, 106, 1
12, 107, 3
12, 108, 43
12, 108, 44
12, 110, 15
12, 112, 14
12, 112, 19
12, 112, 38
12, 115, 45
12, 117, 15
12, 118, 10
12, 118, 17
12, 121, 19
12, 122, 26
12, 123, 36
12, 126, 33
12, 127, 6
12, 128, 15
12, 128, 49
12, 130, 53
12, 131, 22
12, 132, 33
12, 137, 29
12, 139, 4
12, 139, 45
12, 141, 12
12, 142, 23
12, 148, 18
12, 149, 8
12, 149, 30
12, 149, 39
12, 151, 12
12, 152, 31
12, 154, 5
12, 154, 32
12, 155, 38
12, 156, 17
12, 156, 27
12, 157, 44
12, 157, 48
12, 157, 52
12, 158, 32
12, 160, 34
12, 161, 14
12, 161, 24
12, 162, 2
12, 164, 7
12, 165, 42
12, 168, 21
12, 168, 46
12, 170, 5
12, 172, 40
12, 173, 33
12, 174, 13
12, 177, 21
12, 177, 35
12, 178, 22
12, 180, 25
12, 180, 37
12, 181, 11
12, 181, 47
12, 182, 30
12, 183, 13
12, 184, 19
12, 185, 35
12, 185, 38
12, 187, 23
12, 189, 20
12, 190, 41
12, 190, 45
12, 190, 53
12, 191, 19
12, 192, 14
12, 192, 28
12, 193, 45
12, 194, 9
12, 195, 6
12, 198, 16
12, 198, 34
12, 198, 43
12, 200, 3
12, 201, 36
12, 201, 51
12, 203, 13
12, 205, 38
12, 205, 50
12, 206, 26
12, 207, 10
12, 208, 1
12, 210, 32
12, 211, 3
12, 211, 29
12, 213, 35
12, 213, 46
12, 214, 17
12, 216, 24
12, 217, 14
12, 217, 32
12, 217, 55
12, 218, 53
12, 219, 15
12, 219, 29
12, 219, 48
12, 220, 8
12, 224, 21
12, 224, 49
12, 225, 11
12, 227, 54
12, 228, 41
12, 229, 18
12, 229, 45
12, 229, 52
12, 231, 31
12, 233, 28
12, 235, 27
12, 235, 54
12, 236, 23
12, 238, 17
12, 239, 10
12, 241, 44
12, 243, 7
12, 243, 18
12, 243, 25
12, 243, 32
12, 244, 27
12, 247, 39
12, 248, 5
12, 249, 12
12, 250, 34
12, 250, 40
12, 251, 22
12, 253, 2
12, 255, 11
12, 258, 40
12, 258, 50
12, 260, 38
12, 262, 14
12, 263, 1
12, 265, 8
12, 266, 30
12, 267, 8
12, 267, 41
12, 268, 37
12, 269, 11
12, 269, 16
12, 270, 16
12, 271, 4
12, 271, 35
12, 272, 21
12, 272, 46
12, 273, 9
12, 273, 33
12, 274, 28
12, 275, 38
12, 277, 20
12, 278, 27
12, 278, 29
12, 279, 23
12, 282, 42
12, 282, 52
12, 283, 39
12, 284, 24
12, 285, 43
12, 289, 12
12, 289, 48
12, 290, 13
12, 290, 22
12, 292, 6
12, 293, 31
12, 295, 37
12, 296, 3
12, 296, 14
12, 296, 47
12, 297, 25
12, 297, 40
12, 297, 47
12, 298, 16
12, 298, 21
12, 304, 44
12, 305, 26
12, 305, 32
12, 306, 23
12, 307, 30
12, 311, 6
12, 311, 42
12, 311, 45
12, 313, 35
12, 313, 38
12, 315, 30
12, 316, 41
12, 317, 17
12, 318, 51
12, 319, 2
12, 319, 28
12, 321, 36
12, 322, 20
12, 324, 10
12, 324, 18
12, 326, 31
12, 329, 5
12, 329, 50
12, 330, 1
12, 331, 33
12, 333, 39
12, 334, 2
12, 336, 40
12, 337, 30
12, 337, 36
12, 338, 19
12, 339, 5
12, 339, 33
12, 339, 34
12, 340, 8
12, 341, 49
12, 342, 16
12, 342, 27
12, 343, 5
12, 343, 46
12, 344, 10
12, 345, 30
12, 346, 44
12, 347, 12
12, 347, 24
12, 348, 3
12, 348, 39
12, 349, 9
12, 349, 11
12, 349, 14
12, 350, 23
12, 351, 24
12, 352, 8
12, 352, 39
12, 356, 27
12, 359, 30
12, 360, 7
12, 360, 14
12, 363, 40
12, 365, 5
12, 366, 12
12, 366, 26
12, 368, 4
12, 368, 6
12, 368, 31
12, 369, 32
12, 369, 33
12, 372, 13
12, 373, 19
12, 373, 47
12, 375, 45
12, 375, 50
12, 376, 5
12, 380, 19
12, 380, 36
12, 380, 40
12, 381, 53
12, 383, 21
12, 383, 54
12, 384, 46
12, 385, 1
12, 385, 23
12, 385, 36
12, 388, 25
12, 389, 55
12, 390, 4
12, 391, 13
12, 391, 41
12, 391, 48
12, 392, 16
12, 394, 19
12, 395, 1
12, 395, 31
12, 395, 39
12, 395, 49
12, 399, 30
12, 399, 32
13, 2, 48
13, 3, 5
13, 3, 42
13, 4, 11
13, 5, 10
13, 5, 16
13, 6, 2
13, 7, 34
13, 7, 47
13, 8, 20
13, 10, 18
13, 10, 49
13, 11, 12
13, 11, 39
13, 12, 4
13, 15, 25
13, 15, 31
13, 15, 39
13, 15, 50
13, 21, 35
13, 22, 10
13, 22, 47
13, 22, 51
13, 23, 16
13, 25, 19
13, 27, 26
13, 31, 1
13, 33, 35
13, 34, 17
13, 34, 20
13, 34, 41
13, 35, 22
13, 36, 18
13, 37, 37
13, 38, 33
13, 38, 42
13, 40, 11
13, 40, 14
13, 42, 1
13, 44, 48
13, 45, 25
13, 47, 2
13, 47, 18
13, 47, 40
13, 47, 46
13, 49, 6
13, 49, 47
13, 50, 17
13, 51, 5
13, 51, 24
13, 52, 10
13, 53, 38
13, 54, 3
13, 54, 9
13, 55, 11
13, 55, 48
13, 56, 5
13, 56, 21
13, 56, 40
13, 57, 32
13, 59, 41
13, 62, 22
13, 64, 14
13, 64, 18
13, 65, 49
13, 66, 36
13, 67, 41
13, 68, 24
13, 70, 2
13, 70, 18
13, 70, 34
13, 73, 4
13, 73, 9
13, 73, 31
13, 73, 42
13, 74, 7
13, 74, 37
13, 74, 44
13, 75, 26
13, 75, 45
13, 76, 10
13, 76, 32
13, 77, 4
13, 77, 25
13, 79, 32
13, 79, 39
13, 81, 4
13, 82, 4
13, 84, 56
13, 85, 35
13, 86, 37
13, 87, 1
13, 87, 47
13, 89, 19
13, 91, 20
13, 91, 24
13, 92, 2
13, 95, 31
13, 96, 32
13, 97, 36
13, 98, 46
13, 98, 50
13, 99, 29
13, 99, 37
13, 101, 44
13, 102, 12
13, 102, 47
13, 103, 35
13, 104, 6
13, 105, 23
13, 105, 48
13, 106, 22
13, 108, 20
13, 109, 7
13, 110, 12
13, 111, 11
13, 112, 42
13, 114, 23
13, 114, 30
13, 118, 3
13, 120, 5
13, 120, 53
13, 121, 42
13, 122, 11
13, 123, 7
13, 123, 17
13, 123, 34
13, 124, 27
13, 125, 28
13, 125, 48
13, 126, 9
13, 126, 34
13, 127, 34
13, 127, 46
13, 129, 19
13, 130, 10
13, 130, 32
13, 130, 41
13, 131, 15
13, 131, 45
13, 133, 10
13, 134, 8
13, 134, 27
13, 135, 1
13, 135, 12
13, 135, 25
13, 137, 8
13, 139, 2
13, 140, 38
13, 140, 40
13, 141, 16
13, 142, 24
13, 144, 26
13, 144, 43
13, 145, 16
13, 146, 17
13, 146, 44
13, 147, 41
13, 148, 11
13, 151, 49
13, 153, 21
13, 154, 31
13, 154, 51
13, 155, 25
13, 156, 44
13, 158, 6
13, 158, 33
13, 159, 4
13, 161, 49
13, 162, 14
13, 162, 46
13, 163, 51
13, 164, 7
13, 167, 7
13, 167, 36
13, 168, 24
13, 168, 37
13, 169, 21
13, 171, 29
13, 172, 36
13, 173, 45
13, 175, 9
13, 175, 18
13, 177, 6
13, 177, 12
13, 177, 38
13, 179, 35
13, 180, 31
13, 182, 39
13, 183, 30
13, 183, 50
13, 185, 37
13, 186, 17
13, 186, 55
13, 188, 12
13, 189, 44
13, 189, 47
13, 192, 2
13, 192, 52
13, 193, 10
13, 194, 11
13, 194, 20
13, 194, 40
13, 196, 2
13, 196, 17
13, 197, 46
13, 198, 38
13, 198, 42
13, 199, 3
13, 199, 7
13, 199, 41
13, 200, 18
13, 201, 13
13, 201, 30
13, 201, 34
13, 202, 5
13, 202, 36
13, 202, 42
13, 203, 61
13, 205, 40
13, 206, 35
13, 207, 37
13, 208, 28
13, 211, 2
13, 211, 43
13, 212, 41
13, 213, 30
13, 213, 33
13, 213, 40
13, 214, 39
13, 214, 42
13, 216, 23
13, 217, 6
13, 219, 9
13, 220, 4
13, 220, 37
13, 221, 13
13, 222, 25
13, 222, 44
13, 222, 45
13, 223, 16
13, 226, 34
13, 226, 49
13, 227, 36
13, 228, 27
13, 229, 3
13, 229, 35
13, 229, 42
13, 229, 48
13, 230, 24
13, 231, 14
13, 231, 27
13, 232, 21
13, 235, 1
13, 236, 3
13, 237, 22
13, 237, 26
13, 237, 38
13, 238, 15
13, 240, 7
13, 240, 32
13, 240, 46
13, 241, 45
13, 242, 46
13, 244, 9
13, 245, 19
13, 245, 29
13, 248, 30
13, 249, 16
13, 249, 20
13, 249, 53
13, 250, 31
13, 251, 6
13, 252, 11
13, 253, 4
13, 254, 11
13, 254, 29
13, 255, 16
13, 256, 19
13, 258, 31
13, 258, 51
13, 259, 18
13, 260, 23
13, 262, 26
13, 263, 24
13, 263, 36
13, 263, 52
13, 264, 48
13, 266, 41
13, 269, 2
13, 270, 15
13, 270, 25
13, 271, 20
13, 272, 8
13, 272, 37
13, 273, 14
13, 273, 18
13, 276, 10
13, 276, 28
13, 277, 32
13, 278, 40
13, 279, 12
13, 279, 43
13, 280, 7
13, 280, 31
13, 281, 47
13, 281, 50
13, 284, 16
13, 284, 19
13, 284, 30
13, 284, 35
13, 284, 39
13, 285, 49
13, 286, 23
13, 287, 10
13, 289, 1
13, 289, 9
13, 289, 17
13, 289, 27
13, 289, 31
13, 292, 6
13, 292, 34
13, 292, 49
13, 294, 9
13, 297, 33
13, 298, 24
13, 298, 45
13, 299, 46
13, 304, 23
13, 304, 34
13, 308, 28
13, 311, 6
13, 311, 30
13, 312, 8
13, 312, 38
13, 312, 51
13, 313, 13
13, 314, 20
13, 314, 28
13, 314, 33
13, 315, 31
13, 317, 49
13, 319, 42
13, 323, 26
13, 324, 3
13, 324, 16
13, 324, 40
13, 325, 11
13, 325, 18
13, 326, 45
13, 327, 21
13, 327, 25
13, 329, 1
13, 329, 44
13, 331, 42
13, 332, 43
13, 334, 9
13, 334, 42
13, 335, 16
13, 335, 25
13, 335, 35
13, 336, 11
13, 338, 5
13, 338, 54
13, 339, 16
13, 339, 23
13, 340, 29
13, 341, 28
13, 341, 39
13, 342, 2
13, 343, 10
13, 343, 22
13, 343, 24
13, 344, 48
13, 345, 4
13, 346, 50
13, 349, 3
13, 354, 7
13, 354, 12
13, 354, 24
13, 355, 2
13, 356, 37
13, 356, 38
13, 357, 2
13, 357, 26
13, 358, 30
13, 359, 36
13, 359, 52
13, 362, 11
13, 363, 25
13, 363, 31
13, 363, 40
13, 364, 6
13, 364, 52
13, 365, 8
13, 365, 29
13, 366, 53
13, 367, 1
13, 367, 51
13, 368, 8
13, 369, 1
13, 369, 20
13, 369, 42
13, 369, 48
13, 371, 13
13, 372, 14
13, 374, 33
13, 375, 16
13, 378, 55
13, 380, 9
13, 380, 30
13, 381, 9
13, 382, 25
13, 382, 32
13, 383, 19
13, 385, 32
13, 386, 20
13, 386, 32
13, 386, 37
13, 387, 56
13, 388, 15
13, 388, 27
13, 388, 38
13, 390, 35
13, 391, 13
13, 391, 34
13, 392, 25
13, 392, 31
13, 396, 21
13, 396, 24
13, 396, 32
13, 397, 5
13, 399, 2
13, 399, 38
14, 1, 1
14, 1, 5
14, 1, 18
14, 1, 23
14, 1, 48
14, 2, 15
14, 2, 38
14, 2, 46
14, 5, 32
14, 6, 43
14, 7, 20
14, 8, 5
14, 8, 13
14, 8, 39
14, 9, 14
14, 10, 4
14, 10, 8
14, 10, 42
14, 12, 31
14, 13, 2
14, 14, 6
14, 14, 36
14, 16, 34
14, 17, 21
14, 17, 38
14, 19, 7
14, 21, 2
14, 21, 20
14, 22, 19
14, 24, 31
14, 27, 11
14, 28, 52
14, 28, 54
14, 29, 27
14, 29, 50
14, 30, 1
14, 30, 44
14, 33, 12
14, 34, 39
14, 38, 10
14, 38, 24
14, 38, 30
14, 38, 47
14, 39, 36
14, 41, 7
14, 43, 20
14, 44, 11
14, 44, 45
14, 45, 26
14, 47, 49
14, 48, 9
14, 49, 10
14, 49, 30
14, 50, 39
14, 51, 17
14, 52, 1
14, 52, 2
14, 55, 28
14, 55, 35
14, 58, 39
14, 58, 43
14, 61, 5
14, 62, 21
14, 63, 6
14, 64, 37
14, 65, 33
14, 65, 51
14, 66, 25
14, 66, 28
14, 67, 15
14, 67, 44
14, 68, 23
14, 72, 48
14, 74, 8
14, 75, 32
14, 76, 8
14, 76, 16
14, 76, 52
14, 77, 41
14, 80, 40
14, 80, 46
14, 83, 9
14, 83, 17
14, 83, 48
14, 84, 31
14, 85, 45
14, 86, 11
14, 86, 18
14, 87, 5
14, 87, 48
14, 89, 15
14, 89, 29
14, 89, 46
14, 90, 13
14, 90, 29
14, 91, 37
14, 91, 45
14, 94, 16
14, 95, 7
14, 97, 26
14, 98, 53
14, 98, 54
14, 99, 42
14, 102, 20
14, 103, 31
14, 104, 4
14, 106, 5
14, 107, 10
14, 107, 27
14, 108, 14
14, 108, 50
14, 111, 41
14, 112, 33
14, 117, 49
14, 119, 25
14, 120, 38
14, 123, 4
14, 123, 53
14, 124, 33
14, 124, 44
14, 127, 28
14, 127, 44
14, 129, 6
14, 132, 49
14, 133, 29
14, 133, 36
14, 135, 24
14, 137, 5
14, 137, 9
14, 137, 22
14, 137, 30
14, 137, 47
14, 138, 31
14, 138, 43
14, 139, 8
14, 139, 41
14, 141, 6
14, 141, 46
14, 142, 32
14, 142, 52
14, 143, 3
14, 143, 15
14, 143, 20
14, 143, 42
14, 144, 15
14, 146, 19
14, 147, 35
14, 148, 34
14, 150, 17
14, 151, 39
14, 151, 43
14, 152, 12
14, 156, 8
14, 156, 18
14, 156, 23
14, 160, 16
14, 160, 21
14, 160, 26
14, 162, 26
14, 162, 40
14, 166, 29
14, 167, 31
14, 171, 40
14, 172, 4
14, 173, 13
14, 173, 27
14, 173, 45
14, 174, 31
14, 176, 13
14, 176, 51
14, 180, 7
14, 180, 35
14, 180, 50
14, 181, 2
14, 182, 10
14, 182, 48
14, 183, 6
14, 183, 25
14, 184, 8
14, 184, 12
14, 185, 37
14, 187, 1
14, 188, 6
14, 188, 28
14, 191, 33
14, 192, 2
14, 192, 38
14, 195, 5
14, 195, 45
14, 196, 33
14, 198, 11
14, 199, 35
14, 201, 6
14, 201, 22
14, 201, 27
14, 203, 1
14, 203, 7
14, 203, 18
14, 203, 20
14, 203, 41
14, 207, 9
14, 208, 42
14, 209, 3
14, 209, 37
14, 210, 9
14, 210, 24
14, 212, 49
14, 216, 40
14, 219, 21
14, 220, 40
14, 222, 32
14, 226, 16
14, 226, 40
14, 230, 4
14, 232, 26
14, 233, 15
14, 233, 30
14, 234, 10
14, 234, 35
14, 236, 43
14, 236, 47
14, 237, 4
14, 238, 14
14, 238, 43
14, 241, 19
14, 241, 26
14, 241, 49
14, 242, 8
14, 242, 44
14, 243, 34
14, 244, 19
14, 246, 11
14, 246, 41
14, 247, 2
14, 247, 13
14, 247, 22
14, 248, 4
14, 248, 37
14, 249, 36
14, 249, 46
14, 249, 53
14, 250, 50
14, 250, 52
14, 251, 6
14, 251, 15
14, 251, 26
14, 253, 28
14, 255, 7
14, 255, 27
14, 255, 48
14, 256, 25
14, 256, 48
14, 257, 5
14, 257, 27
14, 258, 46
14, 260, 24
14, 262, 14
14, 263, 2
14, 263, 31
14, 264, 23
14, 267, 26
14, 268, 17
14, 268, 33
14, 269, 39
14, 270, 2
14, 270, 13
14, 270, 43
14, 272, 29
14, 273, 7
14, 275, 4
14, 275, 54
14, 276, 41
14, 279, 16
14, 282, 9
14, 286, 38
14, 286, 39
14, 288, 42
14, 289, 45
14, 290, 2
14, 291, 19
14, 292, 5
14, 292, 22
14, 293, 8
14, 293, 12
14, 296, 6
14, 296, 30
14, 297, 11
14, 297, 24
14, 300, 21
14, 300, 24
14, 301, 18
14, 303, 29
14, 304, 54
14, 305, 40
14, 306, 7
14, 307, 46
14, 310, 32
14, 311, 2
14, 311, 15
14, 311, 31
14, 315, 14
14, 315, 32
14, 315, 39
14, 318, 41
14, 319, 4
14, 319, 18
14, 319, 50
14, 321, 12
14, 321, 20
14, 322, 5
14, 323, 34
14, 325, 49
14, 328, 17
14, 330, 44
14, 331, 3
14, 331, 29
14, 332, 33
14, 333, 4
14, 334, 8
14, 337, 13
14, 340, 51
14, 341, 42
14, 343, 21
14, 344, 4
14, 344, 11
14, 345, 16
14, 346, 23
14, 347, 16
14, 348, 23
14, 348, 28
14, 349, 45
14, 350, 45
14, 351, 36
14, 352, 7
14, 355, 37
14, 357, 21
14, 358, 10
14, 358, 30
14, 359, 25
14, 360, 18
14, 361, 8
14, 363, 23
14, 363, 48
14, 364, 44
14, 365, 40
14, 365, 44
14, 367, 45
14, 368, 40
14, 368, 44
14, 369, 22
14, 370, 18
14, 371, 42
14, 373, 32
14, 373, 38
14, 375, 49
14, 376, 17
14, 378, 15
14, 378, 39
14, 379, 6
14, 380, 3
14, 380, 19
14, 381, 47
14, 382, 12
14, 383, 4
14, 383, 16
14, 383, 35
14, 383, 46
14, 384, 39
14, 385, 13
14, 385, 33
14, 386, 49
14, 387, 41
14, 389, 35
14, 390, 28
14, 391, 13
14, 394, 34
14, 395, 24
14, 397, 3
14, 397, 4
14, 397, 39
14, 399, 8
15, 5, 26
15, 5, 33
15, 6, 2
15, 6, 41
15, 7, 31
15, 8, 23
15, 9, 50
15, 11, 13
15, 11, 22
15, 12, 34
15, 13, 39
15, 16, 26
15, 16, 27
15, 16, 46
15, 17, 18
15, 17, 44
15, 17, 48
15, 18, 36
15, 19, 38
15, 20, 19
15, 20, 32
15, 24, 25
15, 24, 35
15, 26, 27
15, 27, 37
15, 28, 9
15, 28, 41
15, 30, 33
15, 30, 44
15, 32, 13
15, 33, 24
15, 33, 52
15, 34, 25
15, 35, 54
15, 37, 23
15, 38, 19
15, 38, 44
15, 40, 17
15, 40, 42
15, 41, 21
15, 42, 31
15, 42, 40
15, 44, 10
15, 44, 11
15, 44, 45
15, 45, 23
15, 45, 26
15, 47, 12
15, 47, 18
15, 51, 47
15, 53, 15
15, 55, 50
15, 56, 4
15, 56, 26
15, 57, 40
15, 58, 22
15, 58, 28
15, 58, 30
15, 59, 10
15, 59, 35
15, 60, 15
15, 60, 51
15, 61, 12
15, 62, 48
15, 62, 53
15, 63, 1
15, 63, 44
15, 65, 16
15, 65, 32
15, 67, 5
15, 69, 23
15, 73, 24
15, 73, 31
15, 74, 40
15, 77, 42
15, 78, 29
15, 79, 25
15, 79, 36
15, 79, 49
15, 80, 11
15, 80, 33
15, 82, 8
15, 82, 46
15, 83, 30
15, 85, 16
15, 85, 31
15, 88, 24
15, 88, 39
15, 90, 40
15, 91, 3
15, 91, 27
15, 92, 19
15, 92, 22
15, 93, 7
15, 93, 48
15, 95, 28
15, 95, 33
15, 98, 6
15, 98, 38
15, 98, 49
15, 99, 2
15, 101, 13
15, 101, 14
15, 102, 21
15, 103, 43
15, 104, 32
15, 104, 40
15, 106, 17
15, 106, 52
15, 108, 30
15, 111, 2
15, 111, 45
15, 112, 9
15, 112, 10
15, 113, 26
15, 113, 34
15, 114, 50
15, 115, 34
15, 115, 39
15, 116, 12
15, 118, 3
15, 118, 4
15, 118, 21
15, 119, 10
15, 119, 16
15, 120, 20
15, 122, 8
15, 122, 44
15, 126, 23
15, 128, 49
15, 130, 46
15, 130, 50
15, 133, 54
15, 134, 42
15, 135, 29
15, 136, 12
15, 136, 35
15, 137, 17
15, 137, 25
15, 139, 8
15, 141, 1
15, 141, 37
15, 142, 46
15, 143, 21
15, 144, 6
15, 145, 44
15, 146, 36
15, 146, 49
15, 147, 14
15, 149, 28
15, 150, 18
15, 152, 4
15, 152, 20
15, 152, 27
15, 153, 51
15, 154, 13
15, 154, 26
15, 156, 13
15, 157, 1
15, 159, 17
15, 160, 40
15, 161, 2
15, 161, 5
15, 162, 53
15, 163, 30
15, 164, 39
15, 165, 48
15, 166, 31
15, 167, 6
15, 168, 3
15, 168, 20
15, 168, 41
15, 169, 12
15, 170, 22
15, 171, 27
15, 171, 38
15, 172, 16
15, 173, 11
15, 175, 2
15, 176, 15
15, 176, 53
15, 177, 19
15, 177, 37
15, 178, 10
15, 179, 34
15, 180, 24
15, 180, 30
15, 184, 22
15, 184, 35
15, 185, 7
15, 185, 47
15, 186, 10
15, 187, 42
15, 188, 24
15, 189, 18
15, 191, 47
15, 193, 50
15, 196, 28
15, 197, 43
15, 197, 52
15, 198, 17
15, 198, 44
15, 198, 48
15, 200, 41
15, 204, 8
15, 204, 20
15, 205, 3
15, 205, 25
15, 206, 23
15, 208, 14
15, 209, 8
15, 210, 52
15, 211, 24
15, 213, 33
15, 215, 21
15, 216, 2
15, 216, 5
15, 216, 49
15, 219, 10
15, 219, 50
15, 220, 44
15, 221, 1
15, 221, 18
15, 221, 31
15, 221, 39
15, 221, 40
15, 222, 20
15, 223, 43
15, 225, 9
15, 225, 50
15, 226, 42
15, 228, 30
15, 230, 10
15, 231, 46
15, 231, 54
15, 233, 5
15, 234, 21
15, 234, 22
15, 235, 18
15, 235, 32
15, 237, 53
15, 238, 4
15, 238, 26
15, 238, 34
15, 244, 13
15, 244, 16
15, 244, 29
15, 245, 1
15, 247, 11
15, 247, 16
15, 247, 36
15, 248, 4
15, 249, 5
15, 249, 8
15, 249, 30
15, 249, 48
15, 250, 8
15, 251, 23
15, 252, 6
15, 252, 19
15, 252, 45
15, 253, 29
15, 254, 12
15, 259, 49
15, 261, 8
15, 262, 13
15, 262, 38
15, 263, 34
15, 265, 39
15, 270, 52
15, 272, 37
15, 273, 53
15, 274, 24
15, 275, 14
15, 275, 33
15, 276, 3
15, 276, 9
15, 276, 26
15, 277, 50
15, 279, 2
15, 282, 13
15, 283, 26
15, 283, 44
15, 284, 2
15, 285, 52
15, 286, 5
15, 287, 51
15, 288, 16
15, 288, 31
15, 288, 47
15, 290, 7
15, 290, 8
15, 290, 25
15, 292, 40
15, 293, 15
15, 294, 39
15, 295, 18
15, 295, 39
15, 299, 35
15, 300, 1
15, 300, 46
15, 304, 30
15, 306, 7
15, 308, 39
15, 310, 11
15, 311, 2
15, 311, 35
15, 311, 41
15, 312, 19
15, 315, 28
15, 316, 35
15, 318, 32
15, 319, 24
15, 321, 20
15, 322, 10
15, 328, 14
15, 328, 48
15, 329, 28
15, 329, 33
15, 332, 20
15, 335, 4
15, 335, 51
15, 336, 16
15, 337, 36
15, 338, 27
15, 340, 54
15, 341, 11
15, 342, 6
15, 342, 15
15, 342, 22
15, 344, 13
15, 345, 29
15, 345, 42
15, 345, 45
15, 346, 7
15, 346, 31
15, 348, 11
15, 348, 27
15, 350, 5
15, 350, 52
15, 352, 9
15, 352, 47
15, 352, 49
15, 353, 22
15, 354, 29
15, 356, 17
15, 356, 41
15, 356, 46
15, 358, 8
15, 358, 39
15, 360, 39
15, 361, 25
15, 361, 34
15, 364, 2
15, 364, 36
15, 368, 1
15, 368, 14
15, 368, 46
15, 369, 53
15, 371, 31
15, 372, 12
15, 372, 24
15, 372, 44
15, 372, 46
15, 373, 19
15, 373, 24
15, 373, 36
15, 374, 42
15, 375, 10
15, 376, 16
15, 378, 29
15, 379, 26
15, 380, 13
15, 381, 25
15, 383, 20
15, 385, 3
15, 385, 35
15, 386, 44
15, 387, 7
15, 389, 22
15, 390, 45
15, 390, 46
15, 391, 2
15, 393, 5
15, 394, 17
15, 394, 50
15, 396, 42
15, 397, 11
15, 397, 49
15, 398, 46
16, 1, 21
16, 1, 56
16, 2, 9
16, 3, 49
16, 4, 10
16, 4, 20
16, 4, 37
16, 5, 5
16, 6, 39
16, 6, 54
16, 7, 11
16, 11, 21
16, 11, 25
16, 12, 48
16, 13, 28
16, 14, 40
16, 14, 49
16, 15, 35
16, 17, 12
16, 17, 20
16, 18, 26
16, 19, 50
16, 20, 13
16, 20, 17
16, 21, 18
16, 23, 14
16, 24, 15
16, 24, 49
16, 25, 4
16, 26, 23
16, 26, 30
16, 28, 15
16, 28, 34
16, 29, 9
16, 30, 38
16, 31, 22
16, 32, 19
16, 34, 15
16, 34, 41
16, 36, 5
16, 36, 27
16, 37, 10
16, 38, 3
16, 40, 46
16, 41, 2
16, 44, 40
16, 45, 30
16, 46, 8
16, 46, 32
16, 47, 11
16, 48, 28
16, 48, 31
16, 48, 36
16, 51, 44
16, 52, 12
16, 52, 27
16, 55, 7
16, 56, 43
16, 57, 28
16, 60, 1
16, 60, 13
16, 60, 18
16, 61, 3
16, 61, 7
16, 62, 38
16, 63, 48
16, 65, 12
16, 65, 14
16, 66, 31
16, 67, 44
16, 68, 13
16, 68, 25
16, 69, 40
16, 71, 12
16, 71, 26
16, 72, 19
16, 72, 36
16, 73, 45
16, 74, 7
16, 74, 10
16, 75, 49
16, 77, 17
16, 77, 31
16, 78, 25
16, 80, 28
16, 80, 29
16, 81, 40
16, 82, 47
16, 85, 20
16, 85, 40
16, 87, 51
16, 88, 3
16, 88, 32
16, 91, 1
16, 91, 53
16, 92, 45
16, 94, 33
16, 94, 38
16, 95, 23
16, 97, 5
16, 98, 36
16, 99, 6
16, 99, 31
16, 100, 11
16, 100, 14
16, 100, 25
16, 101, 3
16, 102, 22
16, 103, 4
16, 105, 41
16, 106, 2
16, 107, 22
16, 107, 42
16, 108, 12
16, 108, 16
16, 108, 32
16, 110, 34
16, 111, 4
16, 111, 24
16, 113, 12
16, 114, 50
16, 116, 3
16, 116, 44
16, 118, 10
16, 119, 15
16, 120, 2
16, 120, 17
16, 121, 46
16, 122, 30
16, 122, 39
16, 124, 49
16, 126, 43
16, 128, 6
16, 128, 34
16, 128, 48
16, 129, 4
16, 130, 27
16, 131, 4
16, 131, 28
16, 133, 2
16, 133, 44
16, 134, 9
16, 134, 14
16, 134, 15
16, 134, 32
16, 134, 35
16, 134, 39
16, 136, 3
16, 138, 31
16, 138, 35
16, 138, 51
16, 139, 10
16, 140, 18
16, 140, 27
16, 140, 39
16, 141, 9
16, 144, 51
16, 145, 41
16, 146, 2
16, 146, 37
16, 148, 23
16, 148, 29
16, 148, 33
16, 149, 5
16, 149, 50
16, 150, 21
16, 150, 37
16, 151, 40
16, 153, 30
16, 153, 41
16, 154, 7
16, 154, 22
16, 155, 6
16, 156, 12
16, 156, 49
16, 158, 32
16, 160, 20
16, 160, 31
16, 161, 7
16, 162, 8
16, 162, 52
16, 163, 19
16, 163, 29
16, 165, 41
16, 165, 48
16, 166, 10
16, 166, 18
16, 166, 35
16, 167, 50
16, 168, 39
16, 169, 25
16, 170, 13
16, 170, 38
16, 171, 22
16, 171, 23
16, 171, 54
16, 174, 14
16, 174, 23
16, 174, 46
16, 176, 3
16, 176, 24
16, 177, 26
16, 178, 16
16, 178, 30
16, 178, 45
16, 179, 19
16, 179, 44
16, 180, 35
16, 182, 18
16, 183, 8
16, 183, 33
16, 184, 32
16, 184, 42
16, 185, 28
16, 186, 36
16, 187, 36
16, 188, 44
16, 188, 45
16, 189, 43
16, 191, 3
16, 191, 5
16, 192, 11
16, 193, 2
16, 194, 28
16, 195, 21
16, 195, 37
16, 196, 4
16, 196, 15
16, 197, 26
16, 199, 19
16, 199, 25
16, 199, 26
16, 204, 38
16, 204, 46
16, 207, 9
16, 207, 48
16, 208, 44
16, 209, 47
16, 210, 10
16, 210, 18
16, 212, 41
16, 213, 28
16, 213, 42
16, 215, 4
16, 215, 40
16, 215, 43
16, 216, 30
16, 216, 32
16, 217, 14
16, 217, 23
16, 217, 52
16, 219, 29
16, 220, 12
16, 220, 19
16, 221, 54
16, 222, 8
16, 222, 40
16, 225, 2
16, 225, 41
16, 226, 16
16, 226, 18
16, 226, 20
16, 228, 29
16, 228, 50
16, 229, 9
16, 230, 14
16, 231, 44
16, 233, 8
16, 233, 37
16, 234, 29
16, 234, 35
16, 235, 6
16, 236, 53
16, 237, 49
16, 237, 54
16, 239, 23
16, 240, 18
16, 241, 28
16, 242, 5
16, 243, 1
16, 244, 13
16, 245, 39
16, 246, 7
16, 246, 27
16, 246, 46
16, 247, 11
16, 250, 24
16, 250, 53
16, 251, 49
16, 252, 16
16, 254, 29
16, 255, 36
16, 259, 14
16, 260, 6
16, 260, 10
16, 260, 40
16, 260, 51
16, 261, 22
16, 263, 15
16, 263, 20
16, 263, 31
16, 263, 48
16, 264, 17
16, 265, 11
16, 266, 3
16, 266, 48
16, 268, 35
16, 268, 47
16, 271, 4
16, 271, 41
16, 272, 7
16, 274, 28
16, 274, 45
16, 275, 19
16, 275, 25
16, 276, 13
16, 277, 26
16, 277, 44
16, 279, 5
16, 281, 3
16, 281, 39
16, 282, 4
16, 282, 50
16, 284, 26
16, 286, 34
16, 287, 2
16, 288, 17
16, 288, 43
16, 292, 16
16, 292, 26
16, 293, 1
16, 293, 36
16, 294, 24
16, 294, 55
16, 295, 12
16, 295, 25
16, 295, 26
16, 298, 22
16, 299, 5
16, 300, 13
16, 300, 25
16, 302, 11
16, 302, 20
16, 302, 54
16, 304, 5
16, 305, 37
16, 307, 4
16, 307, 14
16, 309, 46
16, 310, 51
16, 311, 1
16, 311, 9
16, 311, 36
16, 312, 28
16, 312, 31
16, 312, 38
16, 313, 50
16, 314, 17
16, 314, 48
16, 316, 40
16, 318, 8
16, 319, 10
16, 320, 11
16, 320, 30
16, 320, 53
16, 322, 41
16, 324, 7
16, 324, 19
16, 327, 15
16, 327, 29
16, 331, 10
16, 331, 34
16, 331, 53
16, 332, 27
16, 333, 3
16, 333, 43
16, 334, 6
16, 334, 27
16, 334, 42
16, 336, 50
16, 337, 8
16, 337, 22
16, 337, 43
16, 337, 45
16, 339, 23
16, 339, 33
16, 339, 38
16, 340, 2
16, 340, 12
16, 342, 37
16, 342, 45
16, 343, 2
16, 343, 16
16, 343, 51
16, 344, 25
16, 345, 39
16, 346, 46
16, 348, 19
16, 348, 43
16, 351, 34
16, 353, 39
16, 355, 27
16, 356, 41
16, 359, 18
16, 361, 17
16, 361, 26
16, 362, 29
16, 362, 38
16, 362, 52
16, 363, 24
16, 366, 8
16, 367, 6
16, 368, 25
16, 368, 34
16, 369, 20
16, 370, 5
16, 370, 25
16, 371, 41
16, 373, 6
16, 373, 34
16, 374, 37
16, 374, 41
16, 375, 32
16, 375, 47
16, 376, 24
16, 376, 38
16, 377, 21
16, 377, 42
16, 380, 11
16, 380, 45
16, 382, 48
16, 382, 49
16, 382, 53
16, 383, 54
16, 384, 7
16, 384, 56
16, 385, 7
16, 385, 11
16, 385, 13
16, 386, 31
16, 386, 47
16, 387, 14
16, 387, 16
16, 389, 10
16, 389, 13
16, 390, 33
16, 390, 48
16, 393, 15
16, 393, 28
16, 394, 40
16, 396, 25
16, 396, 36
16, 398, 3
16, 398, 36
16, 398, 51
16, 399, 11
17, 1, 6
17, 2, 27
17, 3, 32
17, 3, 42
17, 4, 2
17, 4, 33
17, 5, 7
17, 8, 5
17, 8, 11
17, 9, 15
17, 9, 38
17, 11, 3
17, 11, 26
17, 11, 46
17, 13, 8
17, 14, 4
17, 14, 5
17, 14, 12
17, 15, 2
17, 15, 53
17, 16, 35
17, 18, 30
17, 19, 29
17, 20, 46
17, 21, 45
17, 23, 3
17, 23, 29
17, 24, 16
17, 25, 24
17, 25, 48
17, 27, 20
17, 28, 9
17, 28, 19
17, 28, 20
17, 28, 37
17, 29, 29
17, 30, 40
17, 31, 17
17, 32, 18
17, 32, 36
17, 33, 27
17, 34, 39
17, 39, 37
17, 42, 34
17, 43, 14
17, 43, 51
17, 44, 23
17, 45, 18
17, 45, 49
17, 46, 26
17, 47, 4
17, 47, 31
17, 48, 18
17, 51, 20
17, 51, 46
17, 52, 20
17, 52, 22
17, 54, 53
17, 55, 8
17, 56, 26
17, 56, 32
17, 58, 40
17, 59, 36
17, 60, 3
17, 60, 26
17, 63, 21
17, 63, 30
17, 65, 51
17, 66, 7
17, 68, 1
17, 68, 6
17, 70, 27
17, 70, 52
17, 71, 7
17, 71, 15
17, 73, 9
17, 73, 19
17, 75, 33
17, 75, 41
17, 76, 40
17, 77, 2
17, 77, 5
17, 77, 12
17, 77, 35
17, 77, 47
17, 77, 50
17, 79, 2
17, 80, 31
17, 81, 11
17, 82, 44
17, 83, 15
17, 83, 29
17, 84, 7
17, 85, 19
17, 85, 36
17, 85, 38
17, 86, 37
17, 89, 9
17, 89, 23
17, 90, 28
17, 91, 10
17, 93, 8
17, 93, 17
17, 94, 4
17, 94, 17
17, 95, 16
17, 95, 39
17, 98, 14
17, 98, 16
17, 98, 23
17, 99, 39
17, 100, 24
17, 102, 10
17, 102, 42
17, 103, 49
17, 104, 43
17, 105, 29
17, 106, 9
17, 106, 47
17, 108, 38
17, 110, 12
17, 111, 26
17, 111, 38
17, 111, 50
17, 112, 27
17, 113, 32
17, 116, 13
17, 118, 51
17, 119, 35
17, 121, 25
17, 122, 1
17, 123, 48
17, 125, 27
17, 125, 49
17, 128, 17
17, 128, 20
17, 128, 24
17, 128, 38
17, 130, 11
17, 130, 15
17, 130, 18
17, 130, 33
17, 131, 23
17, 132, 8
17, 132, 44
17, 134, 3
17, 136, 15
17, 138, 40
17, 139, 41
17, 144, 6
17, 144, 20
17, 144, 33
17, 144, 53
17, 146, 28
17, 147, 1
17, 147, 16
17, 151, 32
17, 152, 3
17, 153, 22
17, 153, 39
17, 155, 45
17, 156, 16
17, 157, 28
17, 158, 33
17, 158, 48
17, 160, 25
17, 160, 37
17, 161, 5
17, 161, 36
17, 161, 47
17, 162, 18
17, 162, 34
17, 165, 44
17, 168, 30
17, 169, 4
17, 169, 22
17, 169, 43
17, 171, 21
17, 171, 46
17, 172, 25
17, 174, 7
17, 177, 40
17, 177, 53
17, 178, 31
17, 181, 22
17, 182, 9
17, 182, 12
17, 183, 9
17, 183, 39
17, 184, 35
17, 186, 50
17, 187, 8
17, 187, 47
17, 188, 32
17, 188, 49
17, 189, 29
17, 190, 18
17, 190, 51
17, 191, 14
17, 192, 22
17, 192, 29
17, 194, 13
17, 194, 42
17, 195, 19
17, 196, 30
17, 196, 36
17, 198, 10
17, 198, 28
17, 201, 27
17, 202, 22
17, 202, 29
17, 203, 31
17, 204, 9
17, 204, 41
17, 205, 18
17, 205, 44
17, 205, 45
17, 206, 6
17, 206, 14
17, 207, 2
17, 208, 11
17, 208, 35
17, 209, 21
17, 210, 24
17, 211, 28
17, 211, 48
17, 212, 12
17, 212, 14
17, 214, 16
17, 214, 17
17, 214, 33
17, 217, 2
17, 217, 22
17, 217, 46
17, 217, 51
17, 220, 8
17, 222, 33
17, 222, 52
17, 223, 10
17, 225, 29
17, 227, 33
17, 230, 34
17, 231, 22
17, 231, 40
17, 231, 45
17, 232, 6
17, 232, 16
17, 234, 7
17, 234, 26
17, 234, 35
17, 236, 23
17, 236, 45
17, 238, 43
17, 239, 4
17, 239, 39
17, 239, 46
17, 241, 20
17, 242, 14
17, 242, 39
17, 242, 42
17, 244, 50
17, 247, 5
17, 247, 19
17, 247, 51
17, 251, 12
17, 251, 14
17, 251, 47
17, 253, 45
17, 254, 48
17, 255, 10
17, 255, 32
17, 255, 40
17, 256, 5
17, 256, 24
17, 257, 18
17, 257, 34
17, 257, 38
17, 257, 50
17, 258, 36
17, 259, 28
17, 260, 37
17, 261, 1
17, 262, 10
17, 262, 15
17, 262, 18
17, 263, 24
17, 263, 45
17, 264, 9
17, 266, 8
17, 267, 19
17, 267, 27
17, 267, 31
17, 268, 20
17, 271, 30
17, 271, 38
17, 273, 13
17, 273, 17
17, 275, 4
17, 275, 47
17, 276, 7
17, 276, 31
17, 276, 32
17, 282, 36
17, 282, 47
17, 282, 53
17, 283, 3
17, 283, 11
17, 283, 21
17, 285, 25
17, 286, 53
17, 290, 8
17, 290, 13
17, 291, 49
17, 292, 14
17, 292, 44
17, 293, 41
17, 294, 2
17, 295, 10
17, 295, 51
17, 296, 1
17, 296, 29
17, 296, 36
17, 297, 5
17, 298, 5
17, 299, 3
17, 299, 18
17, 300, 35
17, 301, 28
17, 301, 36
17, 302, 23
17, 302, 51
17, 303, 42
17, 304, 22
17, 305, 10
17, 305, 22
17, 307, 9
17, 307, 16
17, 308, 42
17, 312, 12
17, 312, 25
17, 313, 3
17, 314, 16
17, 314, 34
17, 316, 24
17, 316, 28
17, 316, 34
17, 317, 4
17, 317, 49
17, 319, 20
17, 319, 22
17, 321, 3
17, 321, 4
17, 323, 39
17, 324, 40
17, 325, 21
17, 326, 1
17, 326, 52
17, 327, 7
17, 327, 27
17, 327, 32
17, 327, 43
17, 328, 45
17, 329, 6
17, 329, 27
17, 330, 46
17, 332, 33
17, 333, 3
17, 333, 4
17, 334, 8
17, 334, 10
17, 334, 16
17, 334, 37
17, 337, 10
17, 337, 35
17, 338, 17
17, 340, 53
17, 341, 37
17, 345, 21
17, 346, 12
17, 346, 18
17, 346, 23
17, 346, 37
17, 346, 45
17, 348, 2
17, 349, 3
17, 350, 11
17, 350, 41
17, 351, 36
17, 351, 52
17, 352, 14
17, 352, 28
17, 352, 38
17, 353, 19
17, 354, 26
17, 356, 16
17, 357, 53
17, 358, 1
17, 358, 14
17, 358, 48
17, 360, 11
17, 362, 36
17, 363, 53
17, 364, 5
17, 364, 25
17, 365, 5
17, 365, 38
17, 365, 44
17, 366, 13
17, 367, 47
17, 367, 49
17, 368, 11
17, 371, 36
17, 374, 15
17, 375, 42
17, 376, 29
17, 378, 11
17, 379, 6
17, 380, 22
17, 380, 29
17, 382, 1
17, 382, 10
17, 382, 22
17, 382, 23
17, 382, 34
17, 383, 33
17, 384, 6
17, 384, 17
17, 384, 36
17, 385, 37
17, 385, 39
17, 386, 8
17, 388, 21
17, 389, 3
17, 389, 27
17, 389, 51
17, 390, 6
17, 390, 44
17, 390, 53
17, 392, 44
17, 393, 31
17, 395, 26
17, 396, 7
17, 396, 43
17, 398, 16
17, 399, 19
17, 399, 42
18, 1, 5
18, 1, 7
18, 6, 8
18, 6, 39
18, 9, 21
18, 12, 41
18, 12, 48
18, 13, 32
18, 15, 10
18, 17, 20
18, 20, 14
18, 20, 15
18, 21, 17
18, 22, 47
18, 24, 27
18, 25, 27
18, 27, 53
18, 28, 45
18, 29, 5
18, 29, 32
18, 30, 5
18, 30, 14
18, 30, 44
18, 31, 9
18, 32, 36
18, 32, 38
18, 33, 1
18, 33, 27
18, 34, 35
18, 35, 10
18, 36, 12
18, 37, 31
18, 37, 34
18, 38, 20
18, 41, 46
18, 42, 14
18, 42, 23
18, 43, 1
18, 44, 6
18, 44, 15
18, 44, 49
18, 45, 31
18, 46, 5
18, 47, 40
18, 49, 42
18, 50, 30
18, 51, 30
18, 51, 45
18, 52, 41
18, 54, 21
18, 54, 26
18, 55, 32
18, 56, 29
18, 57, 28
18, 58, 16
18, 58, 32
18, 58, 48
18, 60, 19
18, 64, 17
18, 65, 37
18, 67, 2
18, 68, 16
18, 68, 25
18, 68, 51
18, 70, 35
18, 71, 44
18, 72, 10
18, 72, 13
18, 72, 27
18, 72, 39
18, 74, 4
18, 74, 27
18, 75, 2
18, 79, 43
18, 82, 20
18, 82, 48
18, 83, 8
18, 83, 18
18, 87, 23
18, 87, 52
18, 88, 2
18, 89, 10
18, 89, 32
18, 90, 24
18, 93, 16
18, 93, 31
18, 95, 19
18, 97, 32
18, 98, 48
18, 100, 42
18, 104, 18
18, 104, 31
18, 104, 38
18, 106, 1
18, 106, 7
18, 106, 15
18, 106, 26
18, 107, 28
18, 108, 50
18, 109, 21
18, 110, 48
18, 111, 5
18, 111, 27
18, 112, 45
18, 113, 25
18, 114, 2
18, 114, 10
18, 114, 26
18, 114, 30
18, 115, 21
18, 115, 40
18, 117, 2
18, 117, 3
18, 118, 1
18, 118, 21
18, 118, 24
18, 120, 33
18, 120, 36
18, 120, 51
18, 120, 54
18, 121, 7
18, 121, 53
18, 122, 37
18, 125, 15
18, 126, 46
18, 129, 9
18, 135, 16
18, 137, 34
18, 137, 40
18, 138, 46
18, 139, 38
18, 140, 14
18, 141, 18
18, 143, 5
18, 143, 44
18, 144, 11
18, 145, 10
18, 146, 8
18, 146, 12
18, 147, 20
18, 148, 31
18, 149, 4
18, 150, 20
18, 152, 9
18, 152, 49
18, 153, 1
18, 153, 41
18, 155, 12
18, 155, 16
18, 155, 45
18, 156, 39
18, 159, 37
18, 160, 11
18, 161, 42
18, 162, 32
18, 166, 13
18, 167, 23
18, 167, 46
18, 168, 29
18, 168, 54
18, 169, 30
18, 170, 8
18, 170, 25
18, 172, 2
18, 173, 19
18, 173, 36
18, 173, 50
18, 176, 17
18, 176, 41
18, 178, 39
18, 178, 43
18, 178, 48
18, 179, 6
18, 181, 15
18, 181, 47
18, 182, 36
18, 186, 22
18, 187, 26
18, 187, 31
18, 188, 24
18, 190, 7
18, 190, 28
18, 191, 11
18, 193, 35
18, 193, 37
18, 194, 12
18, 196, 21
18, 197, 1
18, 198, 15
18, 198, 32
18, 200, 1
18, 200, 32
18, 200, 45
18, 201, 35
18, 201, 40
18, 204, 51
18, 206, 18
18, 207, 6
18, 210, 37
18, 211, 8
18, 211, 23
18, 211, 49
18, 212, 4
18, 213, 5
18, 213, 42
18, 214, 26
18, 214, 47
18, 219, 3
18, 220, 16
18, 220, 26
18, 221, 42
18, 223, 42
18, 224, 20
18, 225, 43
18, 228, 4
18, 228, 33
18, 229, 27
18, 230, 3
18, 230, 17
18, 231, 38
18, 232, 24
18, 236, 16
18, 237, 30
18, 240, 9
18, 240, 31
18, 240, 45
18, 241, 48
18, 243, 36
18, 244, 3
18, 244, 4
18, 244, 19
18, 244, 41
18, 245, 44
18, 245, 50
18, 246, 31
18, 247, 11
18, 250, 34
18, 251, 37
18, 252, 8
18, 252, 14
18, 253, 4
18, 254, 54
18, 255, 29
18, 258, 5
18, 258, 17
18, 260, 22
18, 260, 34
18, 261, 1
18, 264, 4
18, 264, 28
18, 268, 17
18, 268, 36
18, 269, 2
18, 269, 35
18, 269, 48
18, 270, 7
18, 271, 10
18, 275, 46
18, 276, 39
18, 278, 45
18, 279, 3
18, 280, 21
18, 282, 4
18, 286, 7
18, 286, 24
18, 287, 25
18, 288, 44
18, 293, 40
18, 296, 37
18, 297, 32
18, 299, 51
18, 300, 24
18, 300, 27
18, 300, 55
18, 302, 12
18, 302, 52
18, 303, 45
18, 304, 6
18, 306, 23
18, 306, 35
18, 307, 12
18, 307, 20
18, 307, 42
18, 307, 49
18, 311, 6
18, 312, 5
18, 314, 20
18, 314, 28
18, 314, 33
18, 314, 35
18, 319, 1
18, 321, 26
18, 321, 53
18, 322, 40
18, 323, 15
18, 324, 9
18, 324, 21
18, 326, 39
18, 327, 11
18, 327, 41
18, 333, 29
18, 334, 31
18, 335, 33
18, 335, 37
18, 338, 46
18, 340, 28
18, 340, 41
18, 340, 50
18, 341, 2
18, 343, 43
18, 345, 32
18, 346, 13
18, 346, 16
18, 348, 22
18, 351, 34
18, 352, 8
18, 352, 27
18, 353, 3
18, 354, 38
18, 356, 19
18, 356, 37
18, 357, 16
18, 359, 27
18, 361, 5
18, 362, 12
18, 362, 47
18, 363, 4
18, 363, 32
18, 364, 42
18, 367, 32
18, 368, 17
18, 368, 19
18, 369, 35
18, 369, 37
18, 370, 30
18, 371, 8
18, 371, 49
18, 373, 19
18, 376, 20
18, 377, 25
18, 377, 45
18, 380, 23
18, 380, 41
18, 382, 14
18, 383, 10
18, 385, 8
18, 385, 48
18, 386, 24
18, 388, 30
18, 388, 31
18, 389, 2
18, 389, 18
18, 391, 15
18, 391, 26
18, 392, 32
18, 393, 5
18, 393, 21
18, 393, 29
18, 396, 39
18, 397, 33
18, 397, 34
19, 1, 28
19, 2, 6
19, 2, 46
19, 5, 14
19, 5, 51
19, 6, 31
19, 6, 41
19, 7, 30
19, 12, 19
19, 12, 41
19, 13, 26
19, 17, 5
19, 17, 8
19, 18, 40
19, 19, 7
19, 19, 35
19, 20, 44
19, 24, 1
19, 27, 3
19, 27, 16
19, 30, 36
19, 30, 49
19, 30, 50
19, 30, 51
19, 31, 1
19, 31, 42
19, 35, 3
19, 36, 23
19, 36, 27
19, 36, 43
19, 39, 24
19, 40, 6
19, 41, 38
19, 42, 7
19, 42, 11
19, 43, 50
19, 44, 9
19, 45, 9
19, 45, 33
19, 47, 30
19, 48, 40
19, 48, 45
19, 49, 17
19, 49, 26
19, 50, 4
19, 51, 26
19, 52, 6
19, 53, 22
19, 53, 32
19, 53, 46
19, 57, 39
19, 57, 47
19, 58, 10
19, 59, 20
19, 59, 26
19, 59, 57
19, 60, 25
19, 62, 40
19, 64, 13
19, 65, 27
19, 65, 36
19, 68, 8
19, 68, 12
19, 68, 24
19, 70, 21
19, 70, 42
19, 71, 10
19, 73, 14
19, 74, 53
19, 77, 20
19, 77, 23
19, 77, 30
19, 77, 54
19, 79, 17
19, 82, 4
19, 83, 25
19, 85, 29
19, 88, 2
19, 88, 17
19, 88, 36
19, 89, 8
19, 89, 12
19, 89, 28
19, 90, 35
19, 90, 39
19, 90, 46
19, 91, 5
19, 91, 10
19, 91, 27
19, 91, 31
19, 91, 52
19, 92, 48
19, 93, 37
19, 94, 39
19, 96, 24
19, 96, 32
19, 99, 3
19, 99, 25
19, 99, 34
19, 100, 44
19, 101, 33
19, 103, 8
19, 103, 55
19, 106, 14
19, 108, 15
19, 109, 19
19, 109, 34
19, 110, 5
19, 110, 49
19, 111, 3
19, 112, 22
19, 114, 49
19, 115, 48
19, 118, 18
19, 118, 25
19, 118, 35
19, 120, 16
19, 120, 34
19, 122, 12
19, 123, 55
19, 125, 16
19, 125, 38
19, 127, 1
19, 127, 41
19, 130, 10
19, 130, 43
19, 133, 20
19, 133, 21
19, 134, 30
19, 134, 45
19, 135, 14
19, 135, 39
19, 138, 28
19, 139, 50
19, 140, 32
19, 142, 36
19, 143, 8
19, 144, 47
19, 145, 22
19, 145, 50
19, 146, 16
19, 146, 33
19, 146, 54
19, 147, 23
19, 148, 2
19, 148, 24
19, 150, 31
19, 150, 42
19, 150, 51
19, 152, 25
19, 152, 44
19, 154, 28
19, 154, 41
19, 155, 51
19, 157, 14
19, 157, 49
19, 158, 24
19, 163, 46
19, 164, 4
19, 164, 9
19, 164, 44
19, 165, 20
19, 165, 40
19, 166, 8
19, 166, 15
19, 166, 57
19, 168, 11
19, 168, 21
19, 170, 17
19, 170, 18
19, 175, 55
19, 176, 6
19, 176, 13
19, 176, 29
19, 178, 27
19, 181, 36
19, 181, 52
19, 182, 26
19, 182, 42
19, 184, 3
19, 184, 20
19, 184, 24
19, 186, 12
19, 186, 37
19, 187, 3
19, 187, 41
19, 188, 7
19, 189, 9
19, 190, 18
19, 191, 26
19, 193, 11
19, 197, 19
19, 197, 31
19, 197, 36
19, 199, 38
19, 199, 39
19, 200, 25
19, 201, 5
19, 202, 53
19, 203, 26
19, 204, 10
19, 206, 6
19, 207, 16
19, 207, 34
19, 208, 21
19, 208, 32
19, 209, 23
19, 210, 22
19, 213, 29
19, 213, 44
19, 214, 48
19, 216, 37
19, 216, 46
19, 217, 1
19, 217, 39
19, 218, 12
19, 222, 41
19, 222, 51
19, 223, 27
19, 225, 2
19, 225, 4
19, 225, 15
19, 226, 2
19, 226, 6
19, 227, 11
19, 228, 23
19, 230, 30
19, 232, 24
19, 232, 43
19, 233, 5
19, 235, 9
19, 235, 24
19, 235, 33
19, 236, 1
19, 238, 27
19, 240, 18
19, 241, 7
19, 241, 25
19, 243, 27
19, 245, 39
19, 246, 44
19, 247, 35
19, 249, 3
19, 249, 28
19, 251, 40
19, 251, 45
19, 252, 2
19, 253, 34
19, 254, 22
19, 255, 17
19, 255, 45
19, 258, 30
19, 258, 40
19, 258, 45
19, 259, 9
19, 260, 28
19, 260, 47
19, 262, 17
19, 264, 47
19, 265, 22
19, 266, 16
19, 266, 22
19, 267, 14
19, 268, 26
19, 268, 51
19, 271, 20
19, 272, 32
19, 273, 8
19, 273, 18
19, 274, 13
19, 274, 24
19, 275, 19
19, 277, 49
19, 278, 18
19, 278, 20
19, 279, 42
19, 280, 36
19, 280, 54
19, 281, 4
19, 282, 7
19, 282, 33
19, 282, 41
19, 283, 18
19, 284, 50
19, 285, 12
19, 286, 10
19, 286, 16
19, 286, 29
19, 286, 38
19, 287, 32
19, 287, 44
19, 289, 21
19, 290, 37
19, 290, 40
19, 292, 6
19, 292, 11
19, 295, 23
19, 295, 31
19, 298, 46
19, 298, 49
19, 299, 28
19, 299, 29
19, 300, 25
19, 303, 26
19, 304, 51
19, 306, 35
19, 308, 5
19, 308, 12
19, 308, 39
19, 310, 2
19, 310, 22
19, 314, 4
19, 314, 30
19, 317, 21
19, 317, 37
19, 318, 27
19, 318, 47
19, 319, 17
19, 321, 12
19, 322, 7
19, 322, 34
19, 324, 13
19, 324, 15
19, 325, 23
19, 328, 15
19, 328, 19
19, 329, 52
19, 329, 55
19, 331, 20
19, 332, 9
19, 333, 1
19, 333, 9
19, 333, 22
19, 335, 9
19, 337, 17
19, 337, 31
19, 341, 30
19, 342, 24
19, 342, 39
19, 346, 18
19, 349, 33
19, 350, 42
19, 350, 48
19, 350, 51
19, 351, 6
19, 355, 14
19, 355, 55
19, 356, 12
19, 356, 35
19, 356, 45
19, 356, 54
19, 358, 49
19, 360, 5
19, 360, 36
19, 361, 3
19, 361, 25
19, 361, 34
19, 361, 46
19, 362, 1
19, 362, 7
19, 362, 32
19, 364, 19
19, 364, 28
19, 367, 15
19, 367, 31
19, 368, 16
19, 369, 53
19, 371, 8
19, 371, 37
19, 371, 43
19, 373, 5
19, 374, 16
19, 374, 49
19, 375, 48
19, 376, 3
19, 376, 20
19, 376, 24
19, 376, 53
19, 377, 54
19, 378, 11
19, 379, 29
19, 380, 41
19, 380, 48
19, 385, 47
19, 385, 53
19, 389, 42
19, 392, 2
19, 392, 25
19, 394, 24
19, 395, 9
19, 395, 44
19, 395, 46
19, 396, 26
19, 396, 51
19, 397, 14
19, 397, 30
19, 399, 6
19, 399, 12
