1, 1, 46
1, 4, 47
1, 11, 40
1, 17, 29
1, 22, 21
1, 23, 35
1, 23, 44
1, 25, 34
1, 25, 51
1, 30, 14
1, 31, 9
1, 32, 19
1, 34, 51
1, 35, 48
1, 41, 30
1, 43, 45
1, 47, 17
1, 48, 35
1, 48, 39
1, 49, 24
1, 54, 52
1, 55, 15
1, 65, 23
1, 69, 37
1, 70, 28
1, 79, 29
1, 86, 32
1, 86, 43
1, 87, 6
1, 90, 7
1, 99, 3
1, 100, 5
1, 101, 41
1, 101, 50
1, 104, 22
1, 105, 26
1, 105, 46
1, 109, 2
1, 111, 10
1, 113, 24
1, 113, 52
1, 114, 31
1, 119, 38
1, 121, 48
1, 132, 25
1, 133, 33
1, 134, 17
1, 136, 13
1, 137, 44
1, 139, 49
1, 141, 10
1, 145, 20
1, 149, 34
1, 153, 5
1, 154, 34
1, 154, 46
1, 158, 54
1, 161, 35
1, 166, 42
1, 170, 51
1, 171, 7
1, 174, 23
1, 176, 27
1, 176, 47
1, 178, 41
1, 181, 47
1, 184, 13
1, 186, 37
1, 186, 40
1, 187, 3
1, 189, 17
1, 190, 13
1, 191, 46
1, 194, 31
1, 200, 15
1, 201, 45
1, 201, 53
1, 202, 4
1, 202, 36
1, 202, 42
1, 203, 38
1, 203, 41
1, 203, 44
1, 204, 19
1, 204, 24
1, 206, 43
1, 209, 5
1, 214, 37
1, 216, 39
1, 216, 54
1, 218, 10
1, 219, 52
1, 221, 21
1, 223, 35
1, 225, 46
1, 226, 14
1, 228, 35
1, 228, 50
1, 229, 8
1, 233, 30
1, 233, 60
1, 236, 5
1, 236, 26
1, 237, 7
1, 240, 19
1, 242, 34
1, 253, 25
1, 256, 29
1, 256, 46
1, 262, 6
1, 264, 34
1, 266, 22
1, 266, 29
1, 267, 17
1, 268, 51
1, 273, 4
1, 273, 21
1, 275, 53
1, 276, 27
1, 277, 29
1, 278, 36
1, 281, 28
1, 282, 19
1, 286, 17
1, 291, 2
1, 305, 10
1, 306, 34
1, 309, 39
1, 311, 49
1, 312, 17
1, 312, 35
1, 315, 20
1, 315, 47
1, 315, 54
1, 316, 43
1, 317, 27
1, 320, 4
1, 322, 52
1, 324, 31
1, 324, 40
1, 326, 22
1, 334, 19
1, 336, 36
1, 337, 24
1, 337, 28
1, 338, 3
1, 342, 7
1, 344, 42
1, 350, 19
1, 352, 40
1, 353, 2
1, 355, 30
1, 355, 41
1, 357, 14
1, 357, 21
1, 357, 39
1, 360, 37
1, 366, 29
1, 366, 38
1, 376, 9
1, 377, 34
1, 378, 31
1, 379, 46
1, 380, 35
1, 381, 15
1, 385, 7
1, 387, 54
1, 390, 5
1, 393, 25
1, 399, 6
2, 2, 6
2, 2, 20
2, 2, 37
2, 4, 32
2, 4, 49
2, 11, 27
2, 12, 25
2, 12, 45
2, 13, 1
2, 18, 37
2, 19, 25
2, 20, 31
2, 21, 8
2, 22, 51
2, 25, 45
2, 27, 19
2, 30, 42
2, 30, 48
2, 31, 46
2, 33, 14
2, 34, 36
2, 39, 11
2, 39, 12
2, 40, 28
2, 43, 5
2, 44, 3
2, 44, 13
2, 44, 37
2, 44, 58
2, 48, 27
2, 49, 16
2, 51, 38
2, 53, 29
2, 54, 35
2, 57, 17
2, 58, 2
2, 58, 45
2, 59, 11
2, 60, 4
2, 61, 26
2, 62, 42
2, 63, 9
2, 64, 30
2, 65, 12
2, 72, 18
2, 77, 44
2, 84, 2
2, 84, 51
2, 85, 10
2, 85, 24
2, 88, 14
2, 88, 55
2, 91, 21
2, 92, 34
2, 92, 48
2, 94, 9
2, 96, 25
2, 97, 31
2, 97, 39
2, 99, 36
2, 102, 2
2, 104, 17
2, 104, 22
2, 105, 18
2, 106, 45
2, 109, 19
2, 109, 50
2, 111, 9
2, 113, 3
2, 114, 17
2, 114, 47
2, 115, 15
2, 115, 26
2, 115, 41
2, 119, 54
2, 125, 49
2, 126, 34
2, 127, 6
2, 128, 37
2, 129, 18
2, 133, 31
2, 134, 3
2, 135, 7
2, 135, 46
2, 137, 7
2, 141, 55
2, 142, 1
2, 143, 6
2, 144, 32
2, 145, 39
2, 146, 8
2, 149, 26
2, 150, 5
2, 150, 20
2, 151, 32
2, 151, 42
2, 153, 43
2, 156, 28
2, 157, 13
2, 159, 17
2, 161, 35
2, 162, 2
2, 163, 39
2, 166, 29
2, 168, 22
2, 170, 35
2, 173, 35
2, 174, 44
2, 176, 1
2, 180, 42
2, 185, 24
2, 185, 36
2, 186, 32
2, 187, 33
2, 191, 4
2, 194, 13
2, 196, 38
2, 201, 19
2, 202, 51
2, 203, 13
2, 203, 49
2, 207, 44
2, 210, 15
2, 210, 25
2, 210, 58
2, 211, 48
2, 213, 21
2, 213, 29
2, 214, 21
2, 216, 11
2, 225, 9
2, 226, 20
2, 226, 28
2, 226, 35
2, 229, 2
2, 230, 14
2, 233, 8
2, 233, 19
2, 236, 55
2, 237, 36
2, 243, 12
2, 243, 22
2, 244, 1
2, 244, 37
2, 248, 10
2, 248, 41
2, 248, 51
2, 249, 12
2, 254, 5
2, 255, 31
2, 257, 18
2, 259, 21
2, 261, 44
2, 263, 54
2, 265, 42
2, 266, 3
2, 266, 45
2, 270, 28
2, 270, 30
2, 271, 2
2, 277, 3
2, 277, 47
2, 278, 19
2, 279, 45
2, 280, 26
2, 281, 45
2, 282, 6
2, 282, 7
2, 282, 26
2, 294, 19
2, 296, 20
2, 296, 37
2, 297, 33
2, 299, 22
2, 301, 2
2, 305, 32
2, 306, 39
2, 307, 13
2, 307, 37
2, 308, 33
2, 308, 38
2, 308, 50
2, 310, 21
2, 310, 24
2, 314, 38
2, 315, 8
2, 316, 29
2, 318, 7
2, 318, 30
2, 323, 34
2, 323, 49
2, 327, 17
2, 328, 12
2, 329, 14
2, 329, 55
2, 333, 35
2, 336, 5
2, 336, 16
2, 336, 42
2, 337, 4
2, 337, 22
2, 339, 11
2, 340, 5
2, 340, 18
2, 340, 22
2, 341, 9
2, 341, 30
2, 344, 31
2, 346, 41
2, 348, 27
2, 352, 54
2, 357, 49
2, 358, 26
2, 358, 50
2, 359, 9
2, 359, 42
2, 360, 17
2, 362, 7
2, 363, 24
2, 364, 23
2, 364, 38
2, 364, 55
2, 365, 33
2, 366, 51
2, 367, 2
2, 369, 46
2, 375, 34
2, 377, 45
2, 377, 51
2, 381, 36
2, 382, 47
2, 383, 34
2, 385, 28
2, 386, 14
2, 388, 12
2, 388, 21
2, 388, 34
2, 390, 37
2, 391, 49
2, 392, 30
2, 393, 22
2, 396, 2
3, 2, 45
3, 5, 18
3, 7, 8
3, 7, 45
3, 14, 25
3, 16, 2
3, 16, 30
3, 17, 17
3, 18, 55
3, 20, 21
3, 21, 50
3, 25, 14
3, 27, 14
3, 32, 10
3, 33, 27
3, 34, 41
3, 36, 5
3, 39, 49
3, 43, 4
3, 44, 16
3, 48, 11
3, 52, 42
3, 52, 43
3, 55, 53
3, 57, 12
3, 65, 13
3, 65, 42
3, 67, 56
3, 69, 37
3, 69, 41
3, 70, 51
3, 71, 12
3, 73, 1
3, 73, 9
3, 73, 18
3, 74, 49
3, 76, 38
3, 78, 39
3, 78, 47
3, 79, 3
3, 81, 9
3, 86, 18
3, 93, 34
3, 95, 29
3, 98, 31
3, 101, 54
3, 102, 19
3, 102, 34
3, 105, 20
3, 105, 48
3, 106, 28
3, 107, 5
3, 112, 2
3, 112, 45
3, 116, 17
3, 117, 46
3, 119, 8
3, 120, 7
3, 120, 21
3, 125, 12
3, 125, 21
3, 127, 32
3, 128, 14
3, 133, 37
3, 136, 25
3, 137, 30
3, 145, 10
3, 146, 51
3, 151, 9
3, 151, 50
3, 157, 15
3, 159, 45
3, 159, 56
3, 165, 24
3, 167, 31
3, 168, 33
3, 169, 9
3, 169, 10
3, 170, 21
3, 171, 5
3, 171, 18
3, 171, 40
3, 171, 56
3, 172, 12
3, 172, 30
3, 173, 33
3, 177, 51
3, 178, 35
3, 178, 49
3, 183, 27
3, 185, 13
3, 185, 14
3, 190, 43
3, 191, 3
3, 191, 11
3, 192, 53
3, 193, 31
3, 198, 57
3, 199, 17
3, 199, 41
3, 200, 5
3, 200, 49
3, 207, 7
3, 208, 38
3, 208, 53
3, 209, 29
3, 209, 55
3, 211, 4
3, 216, 2
3, 216, 47
3, 218, 7
3, 221, 15
3, 221, 33
3, 224, 15
3, 225, 50
3, 229, 34
3, 230, 47
3, 236, 3
3, 237, 2
3, 240, 6
3, 240, 15
3, 240, 25
3, 243, 6
3, 246, 18
3, 248, 19
3, 250, 35
3, 253, 1
3, 254, 16
3, 254, 54
3, 256, 8
3, 256, 14
3, 258, 43
3, 259, 17
3, 271, 4
3, 277, 20
3, 278, 31
3, 280, 41
3, 281, 30
3, 283, 42
3, 284, 33
3, 284, 53
3, 288, 16
3, 289, 18
3, 290, 28
3, 290, 48
3, 292, 5
3, 293, 37
3, 294, 27
3, 297, 39
3, 300, 9
3, 300, 50
3, 301, 18
3, 301, 40
3, 303, 21
3, 310, 6
3, 311, 29
3, 312, 14
3, 313, 27
3, 315, 42
3, 318, 24
3, 319, 15
3, 327, 40
3, 329, 43
3, 331, 10
3, 336, 6
3, 340, 57
3, 341, 12
3, 341, 53
3, 347, 32
3, 348, 49
3, 349, 35
3, 350, 24
3, 352, 33
3, 353, 34
3, 355, 56
3, 356, 51
3, 359, 3
3, 359, 8
3, 362, 46
3, 363, 31
3, 366, 2
3, 367, 18
3, 371, 30
3, 373, 50
3, 376, 7
3, 376, 17
3, 376, 35
3, 378, 1
3, 381, 4
3, 382, 3
3, 384, 17
3, 389, 47
3, 390, 11
3, 392, 41
3, 395, 4
3, 397, 29
3, 399, 31
4, 2, 18
4, 5, 9
4, 6, 22
4, 8, 3
4, 10, 40
4, 12, 4
4, 12, 14
4, 12, 53
4, 15, 12
4, 16, 10
4, 20, 35
4, 21, 19
4, 24, 16
4, 26, 43
4, 28, 24
4, 31, 2
4, 38, 38
4, 39, 42
4, 40, 26
4, 41, 41
4, 43, 6
4, 46, 37
4, 47, 25
4, 49, 44
4, 51, 27
4, 54, 34
4, 55, 14
4, 55, 49
4, 57, 8
4, 57, 21
4, 58, 56
4, 59, 24
4, 59, 39
4, 63, 18
4, 65, 33
4, 72, 19
4, 75, 23
4, 77, 53
4, 79, 33
4, 80, 53
4, 86, 4
4, 86, 25
4, 86, 46
4, 88, 50
4, 89, 12
4, 92, 17
4, 92, 21
4, 94, 49
4, 98, 11
4, 100, 15
4, 106, 8
4, 106, 9
4, 108, 40
4, 114, 21
4, 116, 37
4, 117, 47
4, 120, 19
4, 126, 28
4, 128, 26
4, 128, 37
4, 130, 8
4, 130, 16
4, 133, 43
4, 134, 24
4, 134, 55
4, 137, 45
4, 139, 26
4, 140, 37
4, 141, 7
4, 143, 22
4, 143, 42
4, 144, 16
4, 149, 39
4, 151, 26
4, 152, 16
4, 153, 32
4, 155, 10
4, 157, 23
4, 159, 24
4, 159, 47
4, 160, 2
4, 160, 38
4, 161, 4
4, 161, 18
4, 161, 19
4, 163, 30
4, 165, 11
4, 165, 45
4, 165, 49
4, 168, 9
4, 171, 5
4, 172, 2
4, 177, 10
4, 178, 3
4, 178, 23
4, 180, 50
4, 182, 27
4, 185, 20
4, 186, 8
4, 189, 19
4, 190, 22
4, 191, 33
4, 191, 59
4, 192, 14
4, 193, 30
4, 195, 19
4, 200, 27
4, 200, 34
4, 202, 35
4, 209, 9
4, 209, 15
4, 211, 41
4, 212, 4
4, 214, 25
4, 215, 12
4, 217, 44
4, 220, 27
4, 221, 21
4, 225, 37
4, 226, 43
4, 229, 6
4, 229, 15
4, 234, 46
4, 235, 43
4, 236, 23
4, 238, 31
4, 238, 50
4, 240, 11
4, 246, 25
4, 246, 35
4, 247, 7
4, 249, 19
4, 250, 5
4, 252, 26
4, 252, 38
4, 257, 41
4, 261, 13
4, 261, 50
4, 267, 12
4, 268, 28
4, 269, 20
4, 270, 40
4, 278, 17
4, 280, 16
4, 283, 26
4, 286, 32
4, 288, 38
4, 288, 55
4, 290, 30
4, 292, 25
4, 293, 7
4, 294, 25
4, 294, 40
4, 295, 26
4, 296, 15
4, 298, 6
4, 298, 8
4, 302, 3
4, 302, 49
4, 302, 56
4, 304, 4
4, 308, 2
4, 309, 9
4, 309, 33
4, 309, 37
4, 313, 43
4, 314, 19
4, 315, 21
4, 315, 59
4, 316, 14
4, 317, 20
4, 320, 26
4, 334, 7
4, 337, 22
4, 338, 11
4, 339, 16
4, 349, 9
4, 358, 42
4, 364, 16
4, 364, 30
4, 365, 35
4, 365, 38
4, 367, 27
4, 369, 26
4, 370, 5
4, 370, 18
4, 372, 5
4, 376, 45
4, 377, 59
4, 378, 25
4, 378, 31
4, 379, 12
4, 389, 15
4, 392, 46
4, 393, 50
4, 395, 23
4, 398, 28
5, 2, 5
5, 2, 17
5, 3, 5
5, 4, 35
5, 4, 55
5, 5, 30
5, 7, 38
5, 9, 8
5, 9, 34
5, 9, 35
5, 11, 28
5, 15, 15
5, 19, 3
5, 24, 27
5, 26, 33
5, 27, 56
5, 28, 46
5, 29, 49
5, 33, 14
5, 33, 32
5, 37, 51
5, 40, 31
5, 41, 14
5, 41, 18
5, 41, 32
5, 43, 20
5, 44, 57
5, 45, 22
5, 47, 17
5, 53, 9
5, 54, 21
5, 56, 36
5, 56, 54
5, 57, 39
5, 61, 16
5, 61, 51
5, 69, 28
5, 70, 24
5, 75, 39
5, 77, 14
5, 77, 25
5, 78, 22
5, 79, 33
5, 79, 34
5, 82, 20
5, 84, 51
5, 86, 35
5, 89, 1
5, 92, 10
5, 92, 24
5, 92, 38
5, 93, 40
5, 96, 11
5, 96, 50
5, 97, 6
5, 98, 55
5, 99, 6
5, 103, 2
5, 103, 23
5, 113, 27
5, 114, 8
5, 114, 41
5, 117, 52
5, 118, 32
5, 121, 16
5, 121, 34
5, 122, 15
5, 122, 22
5, 122, 48
5, 125, 40
5, 128, 46
5, 132, 13
5, 135, 27
5, 135, 41
5, 137, 43
5, 138, 13
5, 138, 20
5, 142, 32
5, 144, 24
5, 147, 4
5, 147, 49
5, 149, 51
5, 151, 17
5, 154, 42
5, 154, 57
5, 155, 28
5, 157, 9
5, 159, 45
5, 160, 54
5, 162, 21
5, 165, 33
5, 166, 36
5, 166, 50
5, 168, 11
5, 168, 45
5, 168, 56
5, 170, 14
5, 171, 30
5, 172, 39
5, 175, 18
5, 175, 28
5, 179, 15
5, 180, 19
5, 181, 35
5, 185, 57
5, 188, 1
5, 190, 3
5, 190, 10
5, 190, 54
5, 191, 38
5, 192, 28
5, 194, 49
5, 198, 41
5, 203, 41
5, 205, 22
5, 209, 2
5, 211, 1
5, 213, 10
5, 218, 5
5, 218, 48
5, 219, 54
5, 221, 16
5, 221, 21
5, 221, 44
5, 222, 50
5, 223, 54
5, 224, 16
5, 224, 47
5, 229, 25
5, 229, 51
5, 230, 46
5, 232, 27
5, 234, 7
5, 240, 45
5, 241, 43
5, 244, 47
5, 250, 36
5, 250, 45
5, 252, 24
5, 254, 5
5, 254, 21
5, 254, 40
5, 255, 20
5, 255, 49
5, 256, 55
5, 258, 13
5, 258, 39
5, 259, 17
5, 259, 52
5, 260, 32
5, 260, 34
5, 268, 22
5, 268, 24
5, 268, 42
5, 268, 52
5, 271, 13
5, 275, 23
5, 277, 30
5, 280, 40
5, 281, 34
5, 282, 8
5, 286, 19
5, 289, 2
5, 290, 54
5, 292, 31
5, 294, 15
5, 295, 16
5, 296, 11
5, 296, 56
5, 297, 11
5, 298, 18
5, 298, 49
5, 303, 29
5, 305, 24
5, 306, 14
5, 308, 20
5, 310, 25
5, 312, 5
5, 316, 43
5, 317, 36
5, 318, 4
5, 318, 51
5, 319, 14
5, 319, 35
5, 320, 56
5, 321, 10
5, 323, 2
5, 323, 19
5, 326, 52
5, 328, 41
5, 330, 35
5, 330, 37
5, 331, 27
5, 332, 14
5, 333, 36
5, 334, 20
5, 334, 23
5, 334, 47
5, 336, 39
5, 340, 8
5, 342, 7
5, 342, 22
5, 345, 36
5, 346, 24
5, 347, 6
5, 347, 38
5, 347, 40
5, 350, 33
5, 351, 5
5, 355, 50
5, 356, 10
5, 357, 1
5, 357, 47
5, 363, 21
5, 363, 29
5, 364, 16
5, 368, 18
5, 368, 23
5, 368, 39
5, 368, 48
5, 369, 28
5, 370, 22
5, 370, 55
5, 373, 13
5, 374, 17
5, 381, 57
5, 382, 22
5, 383, 13
5, 383, 52
5, 384, 37
5, 385, 3
5, 386, 5
5, 387, 11
5, 388, 45
5, 392, 25
5, 394, 15
5, 395, 2
5, 395, 35
5, 396, 25
5, 397, 36
5, 399, 48
6, 2, 5
6, 2, 54
6, 3, 51
6, 10, 39
6, 11, 17
6, 11, 35
6, 12, 28
6, 14, 19
6, 17, 22
6, 19, 14
6, 20, 34
6, 23, 3
6, 24, 44
6, 27, 26
6, 28, 6
6, 33, 21
6, 34, 3
6, 34, 8
6, 34, 49
6, 38, 8
6, 38, 15
6, 39, 27
6, 41, 10
6, 42, 49
6, 47, 1
6, 47, 45
6, 49, 52
6, 53, 54
6, 58, 7
6, 60, 38
6, 61, 51
6, 63, 55
6, 64, 11
6, 64, 28
6, 65, 27
6, 66, 23
6, 69, 22
6, 70, 41
6, 71, 30
6, 74, 7
6, 78, 58
6, 79, 3
6, 79, 37
6, 79, 48
6, 80, 47
6, 85, 31
6, 89, 24
6, 90, 22
6, 92, 20
6, 92, 26
6, 93, 37
6, 94, 5
6, 94, 47
6, 95, 10
6, 96, 6
6, 96, 56
6, 97, 36
6, 99, 9
6, 101, 17
6, 104, 41
6, 105, 34
6, 106, 8
6, 106, 17
6, 112, 22
6, 113, 35
6, 122, 33
6, 122, 39
6, 125, 5
6, 125, 37
6, 126, 41
6, 127, 21
6, 129, 31
6, 134, 13
6, 135, 40
6, 138, 29
6, 138, 51
6, 143, 10
6, 151, 19
6, 151, 23
6, 154, 11
6, 154, 38
6, 155, 29
6, 155, 37
6, 161, 49
6, 162, 32
6, 163, 11
6, 164, 44
6, 165, 42
6, 171, 1
6, 172, 39
6, 174, 30
6, 177, 14
6, 177, 54
6, 180, 19
6, 181, 49
6, 181, 58
6, 182, 45
6, 183, 22
6, 183, 47
6, 185, 9
6, 185, 21
6, 185, 44
6, 186, 35
6, 189, 7
6, 191, 35
6, 195, 6
6, 195, 20
6, 196, 7
6, 196, 15
6, 197, 2
6, 198, 28
6, 201, 14
6, 208, 36
6, 209, 5
6, 212, 51
6, 213, 7
6, 217, 13
6, 219, 52
6, 220, 7
6, 220, 17
6, 222, 3
6, 230, 24
6, 235, 27
6, 235, 30
6, 238, 31
6, 241, 24
6, 243, 8
6, 243, 51
6, 254, 13
6, 254, 26
6, 256, 17
6, 259, 7
6, 260, 48
6, 271, 23
6, 271, 55
6, 272, 19
6, 276, 10
6, 277, 47
6, 278, 10
6, 280, 11
6, 280, 49
6, 281, 1
6, 282, 19
6, 284, 3
6, 286, 38
6, 288, 36
6, 290, 5
6, 294, 30
6, 294, 33
6, 297, 54
6, 298, 20
6, 298, 42
6, 301, 29
6, 303, 6
6, 311, 15
6, 311, 39
6, 311, 40
6, 315, 37
6, 315, 44
6, 316, 55
6, 317, 22
6, 326, 21
6, 326, 26
6, 326, 36
6, 328, 14
6, 329, 35
6, 335, 16
6, 335, 28
6, 335, 49
6, 336, 7
6, 341, 52
6, 346, 16
6, 346, 58
6, 347, 6
6, 352, 55
6, 353, 2
6, 353, 31
6, 353, 53
6, 355, 8
6, 357, 21
6, 358, 13
6, 362, 5
6, 365, 26
6, 365, 44
6, 365, 61
6, 369, 56
6, 370, 1
6, 372, 41
6, 381, 24
6, 381, 37
6, 382, 2
6, 386, 28
6, 386, 39
6, 389, 47
6, 390, 23
6, 397, 51
6, 398, 30
6, 399, 22
7, 5, 3
7, 7, 16
7, 7, 22
7, 7, 26
7, 10, 44
7, 11, 34
7, 12, 40
7, 16, 36
7, 16, 44
7, 18, 11
7, 19, 46
7, 26, 13
7, 26, 37
7, 27, 15
7, 27, 35
7, 32, 38
7, 33, 2
7, 33, 20
7, 35, 27
7, 37, 32
7, 40, 14
7, 43, 34
7, 43, 41
7, 44, 9
7, 45, 7
7, 46, 47
7, 46, 51
7, 48, 5
7, 48, 13
7, 49, 29
7, 49, 34
7, 50, 44
7, 56, 49
7, 58, 31
7, 60, 32
7, 60, 36
7, 60, 39
7, 61, 2
7, 62, 14
7, 62, 44
7, 69, 40
7, 70, 9
7, 70, 41
7, 72, 17
7, 74, 32
7, 75, 37
7, 76, 19
7, 77, 46
7, 79, 52
7, 82, 18
7, 84, 15
7, 85, 7
7, 88, 54
7, 90, 16
7, 90, 39
7, 96, 46
7, 97, 9
7, 97, 33
7, 98, 43
7, 101, 22
7, 104, 25
7, 105, 20
7, 105, 48
7, 107, 12
7, 109, 35
7, 111, 3
7, 115, 42
7, 117, 38
7, 121, 34
7, 121, 47
7, 122, 36
7, 123, 20
7, 123, 55
7, 127, 19
7, 128, 16
7, 130, 30
7, 132, 36
7, 134, 4
7, 134, 49
7, 134, 51
7, 136, 48
7, 139, 18
7, 141, 35
7, 143, 18
7, 143, 40
7, 144, 11
7, 144, 21
7, 144, 30
7, 144, 49
7, 146, 9
7, 146, 22
7, 147, 13
7, 148, 42
7, 149, 54
7, 151, 2
7, 151, 17
7, 152, 31
7, 157, 54
7, 159, 31
7, 167, 21
7, 168, 27
7, 170, 26
7, 172, 53
7, 176, 24
7, 179, 28
7, 181, 12
7, 181, 32
7, 183, 42
7, 188, 14
7, 188, 35
7, 193, 39
7, 197, 29
7, 197, 44
7, 200, 5
7, 202, 3
7, 202, 41
7, 203, 14
7, 205, 2
7, 209, 17
7, 210, 38
7, 212, 31
7, 212, 34
7, 214, 52
7, 216, 15
7, 216, 26
7, 216, 48
7, 218, 51
7, 222, 25
7, 226, 33
7, 227, 7
7, 227, 12
7, 228, 39
7, 228, 46
7, 229, 41
7, 230, 38
7, 233, 7
7, 234, 3
7, 234, 16
7, 236, 21
7, 237, 2
7, 238, 20
7, 240, 37
7, 240, 43
7, 240, 46
7, 241, 19
7, 241, 40
7, 244, 6
7, 246, 52
7, 247, 9
7, 247, 42
7, 247, 44
7, 248, 40
7, 248, 51
7, 249, 50
7, 251, 52
7, 252, 34
7, 254, 36
7, 257, 31
7, 259, 19
7, 260, 29
7, 262, 49
7, 263, 26
7, 264, 54
7, 264, 55
7, 265, 11
7, 265, 22
7, 270, 7
7, 271, 40
7, 272, 17
7, 273, 53
7, 274, 18
7, 278, 35
7, 280, 27
7, 281, 30
7, 282, 13
7, 284, 54
7, 287, 49
7, 294, 47
7, 295, 2
7, 295, 4
7, 295, 27
7, 295, 40
7, 304, 16
7, 309, 1
7, 310, 12
7, 310, 55
7, 311, 36
7, 312, 39
7, 312, 47
7, 313, 53
7, 314, 32
7, 315, 7
7, 319, 54
7, 322, 9
7, 325, 12
7, 327, 34
7, 328, 18
7, 329, 42
7, 330, 29
7, 333, 50
7, 336, 28
7, 339, 12
7, 339, 15
7, 343, 2
7, 345, 51
7, 351, 26
7, 354, 4
7, 354, 40
7, 355, 39
7, 355, 41
7, 356, 3
7, 356, 44
7, 356, 48
7, 357, 24
7, 360, 15
7, 362, 48
7, 365, 43
7, 367, 32
7, 367, 34
7, 371, 5
7, 371, 19
7, 373, 28
7, 374, 1
7, 374, 31
7, 374, 36
7, 375, 22
7, 377, 35
7, 379, 6
7, 379, 28
7, 379, 33
7, 380, 29
7, 382, 14
7, 382, 47
7, 386, 25
7, 388, 52
7, 389, 12
7, 389, 49
7, 392, 9
7, 393, 37
7, 395, 40
7, 396, 6
7, 397, 21
7, 398, 38
8, 7, 18
8, 7, 32
8, 7, 45
8, 8, 19
8, 14, 12
8, 14, 23
8, 15, 44
8, 18, 46
8, 19, 21
8, 23, 8
8, 23, 49
8, 24, 43
8, 27, 31
8, 27, 52
8, 28, 47
8, 35, 3
8, 37, 7
8, 41, 12
8, 44, 1
8, 47, 17
8, 48, 5
8, 49, 36
8, 51, 38
8, 54, 22
8, 55, 15
8, 58, 44
8, 62, 35
8, 65, 47
8, 70, 6
8, 70, 25
8, 70, 48
8, 73, 10
8, 73, 20
8, 73, 56
8, 74, 4
8, 77, 22
8, 80, 37
8, 81, 13
8, 81, 55
8, 84, 3
8, 84, 11
8, 85, 41
8, 87, 41
8, 88, 29
8, 89, 20
8, 89, 40
8, 91, 4
8, 91, 13
8, 94, 41
8, 96, 13
8, 97, 41
8, 98, 46
8, 99, 37
8, 105, 14
8, 106, 18
8, 109, 50
8, 120, 7
8, 123, 41
8, 124, 1
8, 127, 31
8, 130, 47
8, 131, 24
8, 134, 23
8, 135, 28
8, 136, 24
8, 137, 21
8, 138, 51
8, 139, 26
8, 139, 32
8, 142, 40
8, 145, 17
8, 145, 38
8, 146, 5
8, 147, 43
8, 147, 49
8, 149, 30
8, 152, 51
8, 156, 22
8, 159, 25
8, 163, 3
8, 165, 7
8, 166, 41
8, 169, 48
8, 170, 10
8, 173, 33
8, 173, 39
8, 176, 8
8, 181, 13
8, 181, 20
8, 183, 17
8, 184, 50
8, 190, 27
8, 193, 23
8, 194, 12
8, 194, 21
8, 197, 45
8, 201, 56
8, 202, 29
8, 203, 12
8, 204, 6
8, 205, 46
8, 208, 19
8, 208, 22
8, 210, 8
8, 210, 52
8, 211, 36
8, 217, 37
8, 221, 15
8, 224, 3
8, 224, 35
8, 226, 3
8, 238, 33
8, 240, 47
8, 241, 18
8, 244, 1
8, 244, 48
8, 248, 44
8, 249, 11
8, 256, 12
8, 257, 19
8, 258, 40
8, 259, 14
8, 259, 43
8, 261, 19
8, 263, 32
8, 268, 16
8, 268, 35
8, 269, 51
8, 272, 33
8, 274, 37
8, 274, 39
8, 275, 29
8, 280, 11
8, 281, 4
8, 284, 22
8, 286, 25
8, 286, 55
8, 288, 7
8, 289, 1
8, 290, 5
8, 293, 10
8, 296, 41
8, 298, 21
8, 298, 49
8, 299, 17
8, 300, 3
8, 303, 32
8, 303, 38
8, 304, 8
8, 306, 16
8, 307, 29
8, 309, 13
8, 311, 20
8, 311, 56
8, 312, 24
8, 315, 68
8, 319, 28
8, 326, 32
8, 328, 36
8, 332, 12
8, 332, 39
8, 332, 52
8, 336, 18
8, 342, 23
8, 343, 24
8, 344, 6
8, 345, 31
8, 348, 46
8, 352, 35
8, 352, 43
8, 353, 32
8, 355, 10
8, 360, 26
8, 373, 45
8, 376, 47
8, 379, 8
8, 382, 25
8, 391, 32
8, 393, 19
8, 393, 23
8, 393, 48
8, 395, 27
8, 396, 14
8, 397, 46
8, 397, 56
8, 398, 16
8, 399, 29
9, 3, 20
9, 6, 21
9, 9, 12
9, 9, 34
9, 10, 5
9, 10, 27
9, 10, 35
9, 10, 56
9, 14, 50
9, 19, 34
9, 19, 56
9, 21, 25
9, 22, 29
9, 26, 5
9, 27, 48
9, 31, 23
9, 35, 14
9, 35, 38
9, 36, 6
9, 39, 28
9, 39, 42
9, 41, 11
9, 42, 24
9, 42, 42
9, 43, 5
9, 43, 36
9, 44, 31
9, 45, 35
9, 49, 1
9, 49, 54
9, 50, 26
9, 55, 12
9, 56, 22
9, 59, 51
9, 61, 22
9, 61, 28
9, 62, 14
9, 63, 18
9, 64, 11
9, 65, 29
9, 68, 43
9, 70, 9
9, 71, 4
9, 73, 43
9, 74, 48
9, 78, 16
9, 78, 28
9, 80, 1
9, 80, 31
9, 82, 10
9, 83, 21
9, 94, 50
9, 95, 29
9, 95, 44
9, 95, 50
9, 97, 40
9, 101, 49
9, 104, 9
9, 104, 37
9, 104, 40
9, 104, 48
9, 106, 50
9, 107, 15
9, 107, 28
9, 107, 30
9, 107, 42
9, 108, 20
9, 111, 5
9, 111, 14
9, 113, 12
9, 117, 2
9, 118, 6
9, 120, 46
9, 126, 23
9, 127, 39
9, 128, 31
9, 129, 36
9, 131, 6
9, 133, 15
9, 133, 53
9, 137, 35
9, 140, 27
9, 146, 34
9, 147, 7
9, 147, 54
9, 149, 16
9, 151, 41
9, 152, 56
9, 154, 37
9, 154, 44
9, 155, 4
9, 157, 25
9, 157, 49
9, 158, 18
9, 162, 25
9, 164, 29
9, 168, 36
9, 169, 11
9, 171, 43
9, 172, 16
9, 172, 21
9, 174, 38
9, 177, 35
9, 179, 26
9, 181, 3
9, 183, 12
9, 183, 48
9, 184, 30
9, 185, 4
9, 185, 12
9, 186, 11
9, 186, 22
9, 187, 18
9, 188, 38
9, 188, 45
9, 189, 37
9, 190, 29
9, 190, 33
9, 192, 26
9, 193, 29
9, 198, 5
9, 199, 10
9, 202, 6
9, 206, 22
9, 208, 21
9, 209, 14
9, 209, 17
9, 209, 28
9, 209, 41
9, 210, 51
9, 211, 38
9, 212, 1
9, 213, 19
9, 217, 56
9, 221, 3
9, 221, 24
9, 221, 49
9, 223, 10
9, 223, 43
9, 234, 1
9, 235, 24
9, 235, 40
9, 241, 51
9, 243, 42
9, 244, 22
9, 245, 44
9, 245, 48
9, 246, 26
9, 247, 6
9, 248, 51
9, 249, 28
9, 250, 27
9, 251, 18
9, 252, 27
9, 252, 34
9, 252, 50
9, 256, 52
9, 257, 54
9, 259, 24
9, 260, 19
9, 266, 9
9, 267, 2
9, 276, 39
9, 277, 46
9, 277, 49
9, 283, 9
9, 289, 7
9, 289, 45
9, 290, 11
9, 292, 20
9, 292, 22
9, 292, 44
9, 293, 38
9, 294, 14
9, 298, 39
9, 299, 39
9, 300, 10
9, 300, 25
9, 301, 23
9, 302, 15
9, 303, 29
9, 303, 46
9, 304, 7
9, 310, 53
9, 311, 14
9, 312, 4
9, 313, 35
9, 315, 5
9, 315, 41
9, 316, 25
9, 325, 52
9, 328, 22
9, 334, 3
9, 335, 16
9, 335, 52
9, 336, 36
9, 338, 12
9, 341, 46
9, 342, 2
9, 343, 5
9, 343, 49
9, 345, 26
9, 345, 37
9, 346, 15
9, 347, 1
9, 347, 18
9, 348, 49
9, 349, 23
9, 351, 28
9, 353, 24
9, 354, 31
9, 355, 26
9, 355, 39
9, 356, 43
9, 357, 22
9, 357, 56
9, 359, 28
9, 363, 25
9, 364, 31
9, 365, 27
9, 367, 36
9, 368, 56
9, 371, 44
9, 374, 30
9, 374, 36
9, 376, 48
9, 380, 23
9, 380, 46
9, 383, 9
9, 384, 1
9, 385, 2
9, 385, 38
9, 389, 46
9, 390, 21
9, 390, 38
9, 392, 43
9, 394, 17
9, 394, 52
9, 395, 9
9, 396, 4
9, 398, 51
9, 399, 25
10, 3, 10
10, 8, 27
10, 8, 52
10, 10, 3
10, 10, 58
10, 11, 27
10, 11, 48
10, 13, 34
10, 15, 14
10, 18, 47
10, 21, 23
10, 23, 2
10, 23, 32
10, 25, 20
10, 25, 30
10, 25, 35
10, 27, 46
10, 30, 21
10, 31, 37
10, 32, 5
10, 35, 30
10, 36, 20
10, 38, 19
10, 39, 9
10, 42, 1
10, 43, 23
10, 45, 40
10, 49, 22
10, 51, 25
10, 52, 6
10, 56, 52
10, 57, 1
10, 57, 31
10, 57, 53
10, 61, 43
10, 63, 13
10, 63, 26
10, 66, 35
10, 68, 16
10, 70, 14
10, 72, 37
10, 78, 25
10, 79, 8
10, 79, 42
10, 80, 19
10, 87, 29
10, 91, 47
10, 94, 41
10, 97, 29
10, 97, 34
10, 98, 17
10, 99, 38
10, 104, 32
10, 109, 14
10, 113, 8
10, 118, 21
10, 118, 24
10, 119, 23
10, 119, 54
10, 120, 28
10, 130, 8
10, 130, 13
10, 130, 17
10, 131, 51
10, 135, 35
10, 138, 55
10, 139, 13
10, 142, 40
10, 147, 22
10, 150, 6
10, 154, 51
10, 158, 44
10, 160, 36
10, 163, 12
10, 165, 4
10, 168, 2
10, 169, 39
10, 170, 7
10, 170, 48
10, 173, 5
10, 176, 14
10, 179, 53
10, 182, 10
10, 185, 3
10, 185, 13
10, 185, 27
10, 185, 31
10, 185, 52
10, 186, 46
10, 188, 9
10, 189, 28
10, 189, 30
10, 193, 50
10, 194, 2
10, 200, 19
10, 200, 20
10, 200, 29
10, 201, 30
10, 201, 39
10, 203, 45
10, 208, 47
10, 209, 27
10, 211, 34
10, 213, 31
10, 215, 45
10, 216, 41
10, 218, 9
10, 221, 32
10, 225, 18
10, 229, 50
10, 230, 52
10, 232, 12
10, 233, 16
10, 234, 19
10, 234, 23
10, 234, 35
10, 241, 26
10, 244, 2
10, 248, 4
10, 250, 13
10, 254, 40
10, 256, 8
10, 263, 38
10, 263, 50
10, 271, 36
10, 272, 40
10, 273, 54
10, 277, 13
10, 277, 42
10, 281, 37
10, 283, 32
10, 287, 12
10, 288, 38
10, 290, 39
10, 291, 44
10, 292, 35
10, 294, 14
10, 294, 34
10, 294, 45
10, 294, 48
10, 296, 19
10, 297, 30
10, 298, 58
10, 300, 16
10, 300, 46
10, 303, 25
10, 303, 28
10, 305, 17
10, 308, 35
10, 309, 6
10, 312, 27
10, 315, 10
10, 315, 55
10, 320, 38
10, 325, 21
10, 326, 7
10, 326, 40
10, 327, 45
10, 331, 7
10, 334, 52
10, 338, 18
10, 343, 16
10, 343, 47
10, 345, 39
10, 347, 53
10, 349, 9
10, 349, 31
10, 350, 6
10, 354, 4
10, 354, 26
10, 357, 2
10, 357, 50
10, 360, 37
10, 367, 17
10, 369, 14
10, 373, 39
10, 374, 8
10, 375, 24
10, 377, 19
10, 377, 28
10, 379, 36
10, 383, 43
10, 384, 45
10, 386, 23
10, 394, 21
10, 394, 48
10, 396, 30
10, 399, 13
11, 1, 11
11, 2, 42
11, 8, 29
11, 8, 32
11, 11, 2
11, 11, 6
11, 11, 45
11, 13, 36
11, 17, 19
11, 19, 21
11, 20, 52
11, 21, 26
11, 21, 51
11, 23, 25
11, 26, 3
11, 30, 10
11, 33, 15
11, 34, 22
11, 37, 47
11, 39, 29
11, 41, 17
11, 41, 42
11, 46, 5
11, 48, 13
11, 51, 35
11, 51, 53
11, 56, 31
11, 61, 7
11, 62, 7
11, 62, 53
11, 63, 26
11, 63, 36
11, 63, 46
11, 64, 1
11, 65, 34
11, 67, 23
11, 68, 38
11, 71, 29
11, 76, 2
11, 76, 39
11, 79, 5
11, 79, 19
11, 81, 6
11, 81, 31
11, 82, 14
11, 83, 36
11, 85, 50
11, 85, 52
11, 86, 8
11, 86, 32
11, 92, 44
11, 95, 16
11, 97, 9
11, 99, 29
11, 100, 2
11, 101, 39
11, 103, 21
11, 104, 4
11, 106, 34
11, 106, 42
11, 108, 38
11, 109, 22
11, 111, 29
11, 113, 32
11, 113, 51
11, 114, 49
11, 115, 50
11, 119, 1
11, 119, 45
11, 123, 11
11, 123, 31
11, 125, 51
11, 128, 43
11, 129, 47
11, 135, 47
11, 136, 24
11, 138, 23
11, 138, 24
11, 138, 37
11, 138, 52
11, 140, 25
11, 140, 42
11, 147, 13
11, 147, 44
11, 149, 1
11, 150, 1
11, 150, 18
11, 151, 44
11, 152, 7
11, 153, 19
11, 153, 39
11, 155, 37
11, 157, 38
11, 159, 3
11, 159, 22
11, 160, 28
11, 160, 53
11, 162, 4
11, 164, 17
11, 164, 20
11, 164, 49
11, 165, 28
11, 170, 9
11, 173, 52
11, 175, 35
11, 183, 2
11, 185, 48
11, 188, 54
11, 190, 15
11, 192, 26
11, 193, 35
11, 193, 36
11, 193, 39
11, 195, 8
11, 199, 5
11, 199, 16
11, 199, 21
11, 199, 32
11, 200, 6
11, 204, 15
11, 205, 43
11, 208, 51
11, 209, 23
11, 211, 32
11, 214, 19
11, 215, 31
11, 215, 38
11, 216, 22
11, 217, 39
11, 217, 45
11, 220, 54
11, 223, 26
11, 224, 10
11, 225, 54
11, 227, 14
11, 228, 11
11, 232, 50
11, 233, 53
11, 237, 11
11, 240, 42
11, 243, 25
11, 248, 19
11, 248, 29
11, 251, 52
11, 254, 2
11, 255, 1
11, 256, 26
11, 257, 27
11, 259, 8
11, 259, 50
11, 267, 34
11, 268, 6
11, 268, 44
11, 270, 18
11, 271, 21
11, 271, 28
11, 271, 32
11, 274, 11
11, 274, 43
11, 274, 52
11, 276, 29
11, 277, 47
11, 278, 36
11, 280, 34
11, 280, 53
11, 281, 17
11, 283, 54
11, 284, 15
11, 285, 22
11, 289, 40
11, 291, 9
11, 291, 10
11, 291, 46
11, 291, 49
11, 292, 16
11, 293, 42
11, 294, 18
11, 295, 16
11, 297, 35
11, 298, 5
11, 298, 47
11, 299, 41
11, 300, 35
11, 302, 7
11, 303, 24
11, 304, 34
11, 304, 42
11, 305, 7
11, 305, 19
11, 310, 45
11, 311, 3
11, 311, 51
11, 319, 25
11, 319, 37
11, 322, 14
11, 323, 45
11, 327, 29
11, 328, 27
11, 328, 54
11, 336, 23
11, 338, 27
11, 340, 14
11, 340, 38
11, 340, 54
11, 346, 2
11, 346, 21
11, 350, 44
11, 354, 42
11, 354, 51
11, 355, 34
11, 356, 6
11, 356, 18
11, 357, 41
11, 358, 28
11, 365, 13
11, 365, 46
11, 366, 22
11, 368, 29
11, 370, 39
11, 376, 38
11, 378, 25
11, 384, 13
11, 389, 47
11, 392, 9
11, 396, 23
11, 397, 8
11, 397, 24
12, 6, 12
12, 6, 15
12, 9, 24
12, 9, 36
12, 10, 34
12, 12, 29
12, 16, 10
12, 18, 17
12, 18, 53
12, 22, 35
12, 23, 1
12, 23, 11
12, 31, 17
12, 31, 24
12, 38, 9
12, 39, 6
12, 41, 34
12, 43, 52
12, 47, 25
12, 49, 16
12, 51, 21
12, 54, 2
12, 56, 57
12, 57, 19
12, 60, 18
12, 61, 5
12, 61, 26
12, 61, 29
12, 63, 3
12, 64, 3
12, 67, 45
12, 68, 48
12, 69, 4
12, 69, 13
12, 71, 33
12, 72, 8
12, 76, 23
12, 76, 30
12, 76, 43
12, 84, 14
12, 85, 44
12, 86, 57
12, 87, 34
12, 90, 13
12, 92, 38
12, 93, 18
12, 93, 42
12, 94, 10
12, 95, 58
12, 99, 29
12, 99, 52
12, 103, 51
12, 106, 6
12, 107, 47
12, 109, 15
12, 109, 24
12, 110, 41
12, 113, 5
12, 113, 26
12, 118, 7
12, 118, 19
12, 118, 36
12, 119, 32
12, 121, 46
12, 121, 51
12, 125, 9
12, 128, 1
12, 128, 12
12, 128, 42
12, 128, 50
12, 135, 2
12, 138, 12
12, 139, 45
12, 140, 17
12, 141, 22
12, 143, 58
12, 146, 37
12, 148, 49
12, 149, 4
12, 149, 16
12, 149, 32
12, 150, 30
12, 151, 26
12, 154, 4
12, 154, 14
12, 154, 33
12, 156, 44
12, 160, 46
12, 162, 17
12, 166, 39
12, 167, 39
12, 168, 41
12, 171, 54
12, 172, 38
12, 174, 20
12, 176, 52
12, 177, 19
12, 179, 46
12, 180, 11
12, 187, 48
12, 189, 15
12, 195, 10
12, 197, 8
12, 197, 21
12, 197, 56
12, 199, 43
12, 201, 31
12, 202, 26
12, 203, 23
12, 207, 22
12, 209, 36
12, 210, 25
12, 212, 35
12, 214, 47
12, 216, 45
12, 218, 1
12, 218, 11
12, 218, 32
12, 220, 49
12, 221, 24
12, 222, 51
12, 223, 18
12, 223, 51
12, 225, 46
12, 227, 37
12, 229, 16
12, 230, 13
12, 230, 34
12, 231, 26
12, 232, 29
12, 234, 58
12, 235, 36
12, 237, 4
12, 238, 3
12, 238, 31
12, 240, 19
12, 241, 9
12, 241, 11
12, 241, 52
12, 243, 30
12, 246, 37
12, 248, 6
12, 248, 34
12, 248, 57
12, 251, 3
12, 251, 23
12, 253, 25
12, 257, 19
12, 257, 54
12, 258, 13
12, 258, 34
12, 262, 10
12, 262, 41
12, 266, 5
12, 268, 14
12, 268, 42
12, 273, 35
12, 278, 7
12, 283, 48
12, 286, 43
12, 287, 2
12, 292, 16
12, 292, 49
12, 293, 24
12, 294, 50
12, 296, 41
12, 297, 8
12, 298, 26
12, 300, 44
12, 301, 5
12, 307, 39
12, 308, 12
12, 308, 43
12, 309, 35
12, 310, 50
12, 311, 1
12, 314, 13
12, 316, 21
12, 316, 22
12, 316, 53
12, 318, 51
12, 320, 45
12, 320, 57
12, 321, 8
12, 321, 10
12, 321, 20
12, 322, 38
12, 330, 23
12, 330, 33
12, 332, 33
12, 339, 46
12, 340, 18
12, 340, 45
12, 341, 16
12, 343, 36
12, 344, 31
12, 351, 41
12, 355, 7
12, 355, 12
12, 356, 14
12, 357, 26
12, 358, 11
12, 359, 34
12, 362, 22
12, 365, 35
12, 366, 1
12, 366, 24
12, 366, 47
12, 371, 17
12, 372, 3
12, 374, 21
12, 376, 45
12, 377, 58
12, 381, 9
12, 381, 51
12, 381, 54
12, 382, 50
12, 382, 56
12, 383, 12
12, 386, 38
12, 387, 43
12, 388, 34
12, 390, 37
12, 397, 48
12, 398, 16
13, 2, 15
13, 3, 37
13, 7, 20
13, 7, 42
13, 15, 6
13, 15, 9
13, 15, 32
13, 15, 34
13, 16, 13
13, 16, 38
13, 17, 45
13, 20, 31
13, 21, 10
13, 22, 37
13, 25, 29
13, 29, 32
13, 30, 16
13, 30, 23
13, 31, 2
13, 34, 28
13, 36, 28
13, 37, 25
13, 39, 39
13, 40, 53
13, 42, 27
13, 43, 14
13, 46, 29
13, 48, 47
13, 50, 21
13, 53, 48
13, 56, 35
13, 59, 3
13, 60, 46
13, 63, 39
13, 65, 1
13, 65, 29
13, 68, 24
13, 69, 2
13, 70, 43
13, 72, 8
13, 72, 40
13, 75, 12
13, 76, 15
13, 78, 4
13, 80, 5
13, 82, 2
13, 84, 18
13, 86, 34
13, 87, 11
13, 91, 27
13, 95, 36
13, 96, 12
13, 97, 9
13, 100, 47
13, 101, 2
13, 106, 2
13, 109, 13
13, 109, 50
13, 119, 8
13, 119, 26
13, 122, 45
13, 123, 3
13, 126, 11
13, 126, 53
13, 127, 23
13, 133, 38
13, 135, 6
13, 135, 14
13, 135, 25
13, 136, 27
13, 137, 34
13, 138, 14
13, 141, 32
13, 143, 1
13, 143, 16
13, 144, 3
13, 144, 29
13, 145, 29
13, 145, 35
13, 147, 7
13, 150, 40
13, 151, 48
13, 156, 20
13, 157, 1
13, 159, 26
13, 162, 17
13, 162, 21
13, 164, 43
13, 166, 37
13, 168, 2
13, 168, 22
13, 171, 47
13, 174, 4
13, 174, 24
13, 178, 12
13, 178, 28
13, 178, 40
13, 180, 5
13, 181, 30
13, 182, 37
13, 183, 25
13, 184, 15
13, 189, 43
13, 190, 25
13, 194, 5
13, 195, 29
13, 196, 20
13, 197, 10
13, 198, 40
13, 201, 55
13, 203, 3
13, 203, 48
13, 205, 9
13, 211, 15
13, 211, 31
13, 213, 5
13, 214, 39
13, 216, 7
13, 218, 50
13, 222, 4
13, 223, 12
13, 229, 21
13, 234, 16
13, 236, 8
13, 236, 23
13, 238, 32
13, 239, 22
13, 239, 35
13, 240, 6
13, 243, 7
13, 246, 37
13, 246, 39
13, 247, 21
13, 249, 3
13, 249, 14
13, 249, 18
13, 251, 24
13, 253, 26
13, 255, 13
13, 255, 53
13, 259, 38
13, 261, 1
13, 262, 24
13, 262, 39
13, 262, 48
13, 263, 29
13, 265, 37
13, 266, 45
13, 267, 32
13, 277, 47
13, 278, 4
13, 278, 27
13, 278, 53
13, 282, 15
13, 283, 46
13, 284, 28
13, 284, 50
13, 289, 20
13, 295, 7
13, 295, 28
13, 297, 32
13, 298, 50
13, 299, 31
13, 302, 55
13, 312, 11
13, 312, 53
13, 316, 16
13, 317, 6
13, 322, 5
13, 327, 28
13, 330, 12
13, 332, 9
13, 337, 10
13, 340, 47
13, 347, 39
13, 348, 37
13, 352, 23
13, 356, 40
13, 357, 8
13, 357, 34
13, 357, 53
13, 360, 11
13, 362, 38
13, 367, 7
13, 367, 21
13, 373, 46
13, 374, 30
13, 375, 2
13, 377, 31
13, 379, 47
13, 381, 29
13, 382, 34
13, 386, 28
13, 387, 25
13, 389, 45
13, 391, 10
13, 394, 25
13, 396, 7
13, 398, 22
14, 1, 35
14, 4, 43
14, 6, 28
14, 7, 2
14, 8, 27
14, 8, 29
14, 10, 49
14, 11, 19
14, 11, 30
14, 13, 26
14, 14, 2
14, 14, 17
14, 15, 7
14, 15, 41
14, 16, 30
14, 17, 54
14, 19, 40
14, 20, 23
14, 23, 14
14, 24, 22
14, 25, 26
14, 30, 47
14, 31, 9
14, 32, 6
14, 32, 8
14, 32, 53
14, 34, 45
14, 37, 5
14, 37, 53
14, 42, 32
14, 44, 5
14, 45, 39
14, 46, 8
14, 51, 44
14, 56, 9
14, 56, 22
14, 56, 30
14, 63, 54
14, 68, 20
14, 69, 21
14, 71, 2
14, 71, 10
14, 72, 49
14, 73, 29
14, 74, 3
14, 76, 40
14, 79, 33
14, 80, 1
14, 80, 56
14, 85, 11
14, 85, 35
14, 85, 42
14, 87, 24
14, 91, 7
14, 93, 17
14, 93, 28
14, 96, 2
14, 97, 33
14, 97, 45
14, 100, 16
14, 100, 38
14, 100, 52
14, 104, 27
14, 105, 37
14, 106, 41
14, 107, 8
14, 107, 34
14, 107, 36
14, 111, 5
14, 117, 46
14, 121, 51
14, 124, 19
14, 124, 31
14, 127, 23
14, 131, 39
14, 131, 52
14, 132, 6
14, 135, 47
14, 136, 23
14, 136, 44
14, 143, 43
14, 147, 1
14, 148, 35
14, 151, 8
14, 151, 40
14, 153, 56
14, 154, 57
14, 155, 49
14, 157, 42
14, 163, 36
14, 165, 5
14, 165, 47
14, 169, 30
14, 169, 37
14, 169, 53
14, 175, 52
14, 176, 21
14, 178, 22
14, 178, 46
14, 179, 32
14, 184, 2
14, 186, 27
14, 188, 32
14, 188, 42
14, 188, 45
14, 189, 20
14, 189, 46
14, 190, 42
14, 192, 29
14, 193, 16
14, 194, 14
14, 196, 1
14, 199, 11
14, 201, 49
14, 207, 7
14, 207, 24
14, 208, 9
14, 209, 51
14, 210, 39
14, 210, 46
14, 211, 56
14, 211, 62
14, 212, 10
14, 214, 9
14, 215, 19
14, 216, 23
14, 216, 33
14, 218, 47
14, 222, 28
14, 223, 2
14, 224, 6
14, 225, 30
14, 225, 43
14, 231, 2
14, 233, 19
14, 236, 44
14, 237, 34
14, 241, 14
14, 242, 40
14, 243, 11
14, 244, 37
14, 245, 49
14, 247, 22
14, 248, 6
14, 250, 17
14, 250, 26
14, 251, 10
14, 251, 16
14, 251, 42
14, 252, 36
14, 252, 54
14, 253, 31
14, 255, 7
14, 257, 4
14, 261, 38
14, 264, 29
14, 265, 28
14, 268, 19
14, 270, 32
14, 274, 11
14, 274, 20
14, 277, 9
14, 278, 41
14, 283, 57
14, 284, 38
14, 286, 8
14, 293, 10
14, 295, 6
14, 297, 33
14, 298, 5
14, 302, 39
14, 302, 43
14, 302, 49
14, 303, 32
14, 304, 3
14, 306, 45
14, 310, 4
14, 312, 7
14, 312, 21
14, 314, 35
14, 314, 53
14, 318, 37
14, 319, 26
14, 322, 29
14, 323, 53
14, 325, 46
14, 327, 19
14, 328, 30
14, 331, 1
14, 331, 22
14, 333, 27
14, 334, 38
14, 336, 32
14, 337, 2
14, 337, 6
14, 337, 54
14, 340, 62
14, 342, 3
14, 342, 27
14, 343, 42
14, 348, 11
14, 348, 31
14, 348, 36
14, 351, 52
14, 352, 20
14, 355, 44
14, 357, 22
14, 358, 30
14, 360, 6
14, 360, 56
14, 362, 43
14, 362, 57
14, 363, 16
14, 367, 9
14, 367, 28
14, 368, 17
14, 370, 34
14, 371, 51
14, 372, 40
14, 374, 10
14, 374, 31
14, 374, 56
14, 377, 17
14, 382, 21
14, 385, 41
14, 389, 14
14, 389, 39
14, 391, 39
14, 392, 1
14, 393, 4
14, 393, 49
14, 394, 3
14, 395, 60
14, 396, 35
14, 396, 38
15, 2, 31
15, 3, 8
15, 3, 58
15, 6, 33
15, 6, 50
15, 11, 11
15, 11, 27
15, 12, 9
15, 12, 33
15, 14, 24
15, 15, 19
15, 16, 4
15, 17, 5
15, 18, 2
15, 19, 14
15, 19, 17
15, 21, 39
15, 23, 3
15, 27, 21
15, 28, 21
15, 28, 40
15, 31, 42
15, 32, 26
15, 33, 20
15, 36, 16
15, 40, 23
15, 41, 37
15, 46, 13
15, 47, 6
15, 55, 9
15, 60, 9
15, 61, 8
15, 61, 36
15, 63, 17
15, 64, 22
15, 67, 51
15, 72, 18
15, 73, 26
15, 73, 29
15, 74, 1
15, 74, 46
15, 76, 23
15, 76, 30
15, 79, 15
15, 79, 58
15, 82, 47
15, 84, 55
15, 88, 10
15, 90, 28
15, 91, 48
15, 93, 38
15, 95, 39
15, 96, 40
15, 98, 35
15, 98, 54
15, 100, 27
15, 100, 51
15, 104, 21
15, 106, 53
15, 109, 29
15, 109, 45
15, 109, 57
15, 113, 8
15, 114, 5
15, 116, 16
15, 117, 13
15, 120, 41
15, 122, 31
15, 122, 41
15, 122, 52
15, 125, 1
15, 126, 18
15, 130, 13
15, 132, 27
15, 132, 40
15, 134, 1
15, 134, 4
15, 139, 11
15, 141, 14
15, 141, 37
15, 144, 6
15, 147, 37
15, 149, 20
15, 151, 32
15, 152, 35
15, 154, 15
15, 157, 50
15, 161, 6
15, 161, 11
15, 164, 26
15, 169, 17
15, 173, 25
15, 175, 12
15, 175, 33
15, 177, 5
15, 177, 17
15, 181, 19
15, 181, 34
15, 183, 52
15, 186, 28
15, 186, 32
15, 197, 29
15, 197, 41
15, 198, 46
15, 199, 13
15, 202, 16
15, 204, 2
15, 206, 39
15, 207, 30
15, 211, 36
15, 211, 50
15, 212, 22
15, 213, 47
15, 214, 11
15, 215, 9
15, 215, 20
15, 217, 42
15, 218, 5
15, 219, 34
15, 220, 16
15, 222, 15
15, 223, 23
15, 225, 9
15, 233, 22
15, 234, 24
15, 238, 39
15, 241, 27
15, 242, 10
15, 242, 38
15, 243, 41
15, 246, 8
15, 246, 58
15, 248, 11
15, 249, 55
15, 253, 21
15, 255, 49
15, 257, 11
15, 259, 12
15, 260, 46
15, 262, 26
15, 262, 50
15, 267, 18
15, 268, 51
15, 269, 6
15, 270, 4
15, 270, 14
15, 272, 13
15, 272, 31
15, 272, 45
15, 274, 53
15, 276, 27
15, 281, 25
15, 283, 37
15, 284, 23
15, 288, 1
15, 293, 17
15, 298, 18
15, 301, 19
15, 304, 5
15, 304, 43
15, 304, 48
15, 309, 28
15, 313, 8
15, 314, 22
15, 317, 16
15, 317, 35
15, 318, 8
15, 318, 33
15, 319, 30
15, 320, 32
15, 328, 50
15, 333, 34
15, 336, 3
15, 336, 20
15, 338, 26
15, 338, 37
15, 340, 47
15, 343, 10
15, 343, 42
15, 346, 6
15, 346, 22
15, 346, 30
15, 350, 18
15, 350, 19
15, 352, 50
15, 352, 55
15, 353, 47
15, 355, 28
15, 355, 31
15, 355, 39
15, 356, 2
15, 356, 25
15, 366, 14
15, 366, 21
15, 367, 23
15, 368, 34
15, 368, 52
15, 369, 36
15, 370, 5
15, 371, 57
15, 373, 55
15, 379, 22
15, 380, 53
15, 381, 15
15, 382, 27
15, 384, 9
15, 384, 34
15, 384, 35
15, 386, 11
15, 389, 49
15, 390, 42
15, 392, 41
15, 397, 37
15, 398, 8
16, 4, 46
16, 4, 51
16, 6, 31
16, 8, 32
16, 13, 19
16, 16, 5
16, 17, 39
16, 18, 19
16, 18, 55
16, 19, 30
16, 23, 1
16, 23, 37
16, 24, 28
16, 24, 31
16, 25, 47
16, 26, 13
16, 33, 4
16, 33, 11
16, 34, 37
16, 36, 7
16, 40, 6
16, 40, 14
16, 47, 36
16, 48, 19
16, 48, 22
16, 55, 40
16, 56, 52
16, 58, 16
16, 60, 4
16, 61, 6
16, 62, 22
16, 64, 8
16, 64, 58
16, 68, 32
16, 71, 53
16, 74, 39
16, 75, 35
16, 75, 49
16, 76, 12
16, 76, 20
16, 76, 29
16, 80, 44
16, 81, 44
16, 84, 5
16, 84, 9
16, 87, 38
16, 90, 40
16, 94, 19
16, 94, 23
16, 96, 32
16, 99, 16
16, 99, 22
16, 100, 24
16, 103, 2
16, 107, 27
16, 110, 46
16, 111, 23
16, 113, 49
16, 114, 11
16, 114, 13
16, 114, 21
16, 117, 28
16, 122, 5
16, 123, 46
16, 125, 7
16, 127, 22
16, 128, 42
16, 131, 32
16, 134, 33
16, 137, 48
16, 138, 5
16, 141, 51
16, 142, 20
16, 144, 14
16, 146, 14
16, 148, 31
16, 148, 47
16, 149, 6
16, 152, 26
16, 152, 30
16, 158, 3
16, 158, 54
16, 158, 57
16, 159, 51
16, 165, 53
16, 167, 15
16, 168, 41
16, 169, 31
16, 169, 34
16, 171, 8
16, 171, 55
16, 178, 48
16, 179, 4
16, 180, 52
16, 181, 4
16, 183, 44
16, 184, 29
16, 186, 21
16, 186, 37
16, 194, 5
16, 194, 38
16, 196, 11
16, 197, 53
16, 198, 24
16, 199, 35
16, 199, 56
16, 202, 14
16, 204, 1
16, 208, 30
16, 209, 47
16, 211, 44
16, 218, 10
16, 218, 25
16, 221, 36
16, 221, 39
16, 222, 43
16, 223, 22
16, 225, 21
16, 226, 27
16, 226, 46
16, 228, 42
16, 228, 52
16, 229, 42
16, 231, 2
16, 231, 16
16, 231, 58
16, 232, 33
16, 232, 36
16, 235, 17
16, 236, 6
16, 236, 14
16, 236, 21
16, 239, 23
16, 241, 49
16, 247, 19
16, 250, 13
16, 251, 6
16, 251, 40
16, 252, 12
16, 259, 36
16, 259, 54
16, 262, 41
16, 264, 32
16, 265, 8
16, 266, 7
16, 267, 47
16, 267, 53
16, 268, 47
16, 270, 39
16, 271, 30
16, 275, 5
16, 275, 20
16, 276, 38
16, 277, 4
16, 277, 22
16, 279, 18
16, 281, 57
16, 282, 34
16, 284, 28
16, 288, 26
16, 291, 36
16, 292, 27
16, 292, 51
16, 292, 55
16, 295, 16
16, 297, 56
16, 300, 48
16, 301, 31
16, 305, 19
16, 307, 46
16, 308, 42
16, 309, 12
16, 312, 3
16, 314, 9
16, 317, 44
16, 319, 39
16, 320, 21
16, 323, 35
16, 325, 18
16, 325, 22
16, 330, 14
16, 331, 41
16, 333, 25
16, 338, 17
16, 341, 14
16, 342, 27
16, 348, 1
16, 348, 4
16, 348, 47
16, 349, 18
16, 350, 41
16, 351, 44
16, 354, 3
16, 354, 46
16, 356, 47
16, 356, 51
16, 360, 30
16, 361, 20
16, 362, 2
16, 362, 34
16, 363, 42
16, 366, 46
16, 369, 33
16, 370, 15
16, 371, 44
16, 375, 19
16, 375, 48
16, 375, 54
16, 382, 7
16, 384, 16
16, 385, 36
16, 385, 52
16, 387, 23
16, 394, 28
16, 394, 35
17, 3, 36
17, 3, 42
17, 5, 10
17, 8, 46
17, 9, 32
17, 11, 4
17, 15, 4
17, 17, 25
17, 21, 33
17, 24, 35
17, 25, 12
17, 27, 50
17, 29, 30
17, 30, 2
17, 32, 21
17, 36, 14
17, 37, 22
17, 38, 58
17, 42, 19
17, 42, 40
17, 43, 9
17, 44, 7
17, 45, 6
17, 46, 35
17, 47, 18
17, 48, 27
17, 49, 42
17, 49, 58
17, 50, 29
17, 50, 53
17, 52, 18
17, 54, 1
17, 56, 26
17, 57, 24
17, 57, 37
17, 58, 43
17, 61, 29
17, 61, 54
17, 64, 13
17, 66, 48
17, 67, 30
17, 69, 17
17, 76, 32
17, 76, 41
17, 77, 23
17, 78, 26
17, 83, 40
17, 84, 5
17, 84, 35
17, 90, 4
17, 91, 32
17, 93, 24
17, 96, 13
17, 98, 12
17, 101, 12
17, 101, 22
17, 102, 18
17, 104, 12
17, 106, 21
17, 107, 40
17, 109, 34
17, 111, 37
17, 113, 21
17, 114, 25
17, 116, 8
17, 117, 33
17, 120, 14
17, 121, 14
17, 122, 6
17, 124, 2
17, 124, 10
17, 125, 10
17, 126, 58
17, 128, 19
17, 128, 20
17, 129, 9
17, 131, 5
17, 131, 26
17, 132, 46
17, 133, 11
17, 133, 43
17, 135, 15
17, 138, 29
17, 138, 51
17, 144, 48
17, 146, 12
17, 147, 37
17, 147, 39
17, 152, 18
17, 152, 44
17, 153, 4
17, 153, 19
17, 154, 16
17, 154, 37
17, 156, 30
17, 157, 25
17, 159, 56
17, 163, 42
17, 164, 17
17, 165, 21
17, 166, 36
17, 168, 2
17, 168, 58
17, 170, 23
17, 171, 44
17, 172, 13
17, 174, 23
17, 175, 34
17, 177, 14
17, 178, 26
17, 178, 27
17, 180, 46
17, 181, 57
17, 182, 42
17, 183, 8
17, 185, 40
17, 186, 17
17, 186, 50
17, 194, 1
17, 195, 11
17, 195, 35
17, 197, 41
17, 198, 5
17, 198, 7
17, 199, 43
17, 201, 18
17, 203, 2
17, 204, 22
17, 204, 54
17, 205, 31
17, 206, 24
17, 209, 29
17, 212, 48
17, 214, 34
17, 215, 53
17, 217, 30
17, 219, 11
17, 219, 19
17, 220, 50
17, 221, 18
17, 222, 47
17, 224, 34
17, 226, 32
17, 227, 24
17, 229, 4
17, 231, 43
17, 231, 51
17, 233, 34
17, 237, 20
17, 240, 41
17, 243, 21
17, 246, 35
17, 246, 40
17, 248, 50
17, 250, 6
17, 251, 50
17, 253, 8
17, 254, 37
17, 255, 15
17, 262, 30
17, 263, 12
17, 264, 33
17, 266, 10
17, 272, 29
17, 273, 56
17, 274, 22
17, 277, 12
17, 277, 31
17, 283, 46
17, 286, 16
17, 288, 23
17, 289, 1
17, 289, 39
17, 291, 58
17, 293, 50
17, 294, 41
17, 295, 26
17, 296, 22
17, 299, 9
17, 299, 13
17, 300, 5
17, 300, 7
17, 304, 42
17, 305, 18
17, 306, 16
17, 309, 14
17, 309, 51
17, 309, 56
17, 311, 4
17, 312, 21
17, 312, 27
17, 314, 48
17, 315, 46
17, 319, 14
17, 321, 54
17, 323, 43
17, 325, 51
17, 328, 19
17, 329, 11
17, 329, 31
17, 330, 24
17, 331, 12
17, 332, 48
17, 333, 14
17, 334, 6
17, 335, 44
17, 336, 51
17, 337, 2
17, 339, 20
17, 341, 40
17, 345, 53
17, 346, 12
17, 348, 9
17, 348, 34
17, 350, 48
17, 354, 42
17, 356, 25
17, 356, 57
17, 360, 7
17, 362, 32
17, 364, 25
17, 364, 41
17, 365, 31
17, 367, 31
17, 373, 25
17, 375, 8
17, 375, 23
17, 375, 42
17, 376, 15
17, 378, 1
17, 379, 29
17, 390, 26
17, 393, 11
17, 396, 40
17, 399, 10
18, 7, 6
18, 7, 42
18, 8, 39
18, 11, 44
18, 12, 6
18, 12, 55
18, 13, 2
18, 18, 27
18, 25, 51
18, 28, 4
18, 28, 38
18, 29, 12
18, 29, 45
18, 30, 17
18, 31, 3
18, 32, 17
18, 33, 14
18, 34, 33
18, 34, 35
18, 34, 39
18, 37, 24
18, 38, 5
18, 43, 39
18, 44, 11
18, 44, 18
18, 46, 37
18, 49, 22
18, 52, 41
18, 57, 36
18, 58, 16
18, 59, 37
18, 60, 9
18, 61, 13
18, 61, 29
18, 63, 4
18, 63, 44
18, 64, 38
18, 65, 24
18, 67, 2
18, 73, 51
18, 76, 8
18, 76, 15
18, 77, 38
18, 80, 23
18, 80, 32
18, 85, 46
18, 88, 19
18, 89, 7
18, 92, 47
18, 93, 27
18, 95, 31
18, 97, 39
18, 99, 43
18, 102, 35
18, 107, 12
18, 107, 36
18, 109, 10
18, 110, 49
18, 111, 3
18, 113, 6
18, 118, 42
18, 121, 53
18, 122, 48
18, 126, 37
18, 127, 4
18, 131, 17
18, 134, 33
18, 135, 18
18, 135, 52
18, 139, 3
18, 142, 26
18, 142, 45
18, 146, 7
18, 146, 53
18, 152, 9
18, 155, 41
18, 159, 9
18, 159, 31
18, 162, 13
18, 166, 21
18, 170, 46
18, 174, 54
18, 180, 55
18, 181, 2
18, 182, 24
18, 183, 10
18, 183, 29
18, 185, 12
18, 185, 27
18, 185, 35
18, 187, 5
18, 187, 42
18, 191, 15
18, 196, 17
18, 197, 38
18, 198, 3
18, 199, 19
18, 199, 22
18, 203, 33
18, 204, 23
18, 204, 38
18, 209, 27
18, 210, 37
18, 210, 46
18, 210, 54
18, 210, 56
18, 211, 2
18, 213, 8
18, 214, 37
18, 215, 45
18, 216, 29
18, 219, 42
18, 226, 11
18, 228, 4
18, 229, 28
18, 231, 32
18, 231, 41
18, 234, 24
18, 238, 7
18, 248, 44
18, 251, 30
18, 255, 2
18, 255, 49
18, 257, 22
18, 268, 26
18, 268, 37
18, 272, 3
18, 273, 16
18, 274, 6
18, 274, 52
18, 277, 27
18, 280, 23
18, 280, 39
18, 282, 36
18, 283, 44
18, 285, 48
18, 286, 35
18, 289, 21
18, 292, 6
18, 292, 49
18, 293, 38
18, 294, 47
18, 297, 42
18, 300, 5
18, 300, 55
18, 301, 9
18, 308, 28
18, 309, 15
18, 309, 39
18, 309, 43
18, 310, 31
18, 310, 46
18, 320, 30
18, 322, 12
18, 325, 53
18, 327, 35
18, 328, 22
18, 329, 24
18, 329, 36
18, 329, 45
18, 332, 49
18, 333, 8
18, 333, 27
18, 334, 17
18, 336, 51
18, 340, 29
18, 341, 56
18, 344, 18
18, 344, 37
18, 352, 10
18, 352, 39
18, 353, 49
18, 357, 11
18, 359, 4
18, 362, 16
18, 362, 46
18, 363, 2
18, 366, 48
18, 373, 45
18, 380, 39
18, 384, 15
18, 385, 3
18, 385, 12
18, 387, 6
18, 388, 49
18, 390, 44
18, 391, 2
18, 392, 41
18, 395, 6
18, 397, 26
18, 399, 19
19, 2, 21
19, 2, 33
19, 3, 34
19, 5, 46
19, 7, 23
19, 11, 27
19, 14, 46
19, 20, 8
19, 28, 49
19, 30, 7
19, 30, 43
19, 31, 52
19, 32, 16
19, 32, 40
19, 33, 32
19, 36, 31
19, 42, 50
19, 48, 38
19, 50, 5
19, 53, 32
19, 54, 6
19, 54, 38
19, 57, 21
19, 60, 24
19, 63, 34
19, 64, 22
19, 64, 36
19, 67, 14
19, 70, 19
19, 70, 25
19, 70, 41
19, 72, 35
19, 73, 2
19, 73, 28
19, 74, 7
19, 74, 13
19, 76, 45
19, 76, 55
19, 80, 16
19, 83, 26
19, 85, 11
19, 85, 17
19, 86, 33
19, 90, 10
19, 91, 2
19, 91, 9
19, 92, 14
19, 92, 37
19, 93, 29
19, 97, 56
19, 100, 11
19, 102, 32
19, 103, 51
19, 104, 6
19, 109, 12
19, 110, 26
19, 114, 13
19, 116, 18
19, 119, 30
19, 122, 4
19, 122, 15
19, 123, 41
19, 123, 48
19, 125, 41
19, 127, 29
19, 132, 19
19, 136, 21
19, 136, 40
19, 137, 50
19, 138, 47
19, 139, 44
19, 141, 33
19, 143, 22
19, 146, 23
19, 147, 33
19, 147, 35
19, 148, 54
19, 151, 8
19, 153, 12
19, 154, 23
19, 155, 3
19, 157, 18
19, 161, 20
19, 161, 43
19, 161, 46
19, 162, 4
19, 168, 48
19, 168, 49
19, 170, 7
19, 171, 27
19, 171, 34
19, 173, 52
19, 175, 1
19, 175, 22
19, 175, 31
19, 178, 7
19, 178, 43
19, 180, 21
19, 183, 31
19, 184, 38
19, 186, 52
19, 188, 9
19, 189, 7
19, 192, 24
19, 193, 45
19, 196, 24
19, 196, 27
19, 199, 25
19, 202, 29
19, 205, 50
19, 210, 39
19, 211, 1
19, 213, 16
19, 214, 6
19, 215, 14
19, 217, 55
19, 220, 8
19, 222, 20
19, 223, 17
19, 225, 37
19, 226, 21
19, 228, 24
19, 229, 50
19, 232, 12
19, 234, 5
19, 236, 12
19, 236, 22
19, 238, 56
19, 240, 9
19, 242, 30
19, 243, 19
19, 243, 26
19, 243, 28
19, 244, 39
19, 245, 11
19, 247, 51
19, 248, 36
19, 250, 32
19, 253, 13
19, 254, 20
19, 258, 16
19, 259, 2
19, 260, 37
19, 261, 38
19, 263, 26
19, 263, 56
19, 264, 22
19, 265, 49
19, 265, 52
19, 266, 41
19, 268, 14
19, 268, 40
19, 269, 18
19, 272, 18
19, 274, 3
19, 274, 5
19, 274, 44
19, 275, 1
19, 277, 8
19, 277, 52
19, 279, 27
19, 281, 33
19, 284, 54
19, 285, 35
19, 291, 41
19, 294, 15
19, 294, 28
19, 295, 45
19, 296, 1
19, 296, 19
19, 298, 7
19, 298, 25
19, 309, 37
19, 312, 22
19, 314, 34
19, 315, 6
19, 315, 39
19, 317, 28
19, 324, 43
19, 325, 2
19, 325, 31
19, 326, 24
19, 331, 23
19, 338, 16
19, 340, 7
19, 341, 9
19, 342, 1
19, 342, 23
19, 344, 14
19, 345, 47
19, 349, 29
19, 353, 7
19, 353, 50
19, 354, 49
19, 364, 25
19, 364, 32
19, 367, 44
19, 367, 49
19, 368, 27
19, 368, 30
19, 369, 52
19, 370, 12
19, 371, 6
19, 371, 17
19, 372, 11
19, 372, 34
19, 375, 29
19, 377, 33
19, 382, 2
19, 382, 47
19, 383, 18
19, 384, 4
19, 387, 21
19, 389, 31
19, 390, 20
19, 392, 6
19, 393, 3
19, 395, 32
19, 396, 6
19, 397, 52
19, 398, 15
