0, 0, 0
0, 1, 0
0, 2, 0
0, 3, 0
0, 4, 0
0, 5, 0
0, 6, 0
0, 7, 0
0, 8, 0
0, 9, 0
0, 10, 0
0, 11, 0
0, 12, 0
0, 13, 0
0, 14, 0
0, 15, 0
0, 16, 0
0, 17, 0
0, 18, 0
0, 19, 0
0, 20, 0
0, 21, 0
0, 22, 0
0, 23, 0
0, 24, 0
0, 25, 0
0, 26, 0
0, 27, 0
0, 28, 0
0, 29, 0
0, 30, 0
0, 31, 0
0, 32, 0
0, 33, 0
0, 34, 0
0, 35, 0
0, 36, 0
0, 37, 0
0, 38, 0
0, 39, 0
0, 40, 0
0, 41, 0
0, 42, 0
0, 43, 0
0, 44, 0
0, 45, 0
0, 46, 0
0, 47, 0
0, 48, 0
0, 49, 0
0, 50, 0
0, 51, 0
0, 52, 0
0, 53, 0
0, 54, 0
0, 55, 0
0, 56, 0
0, 57, 0
0, 58, 0
0, 59, 0
0, 60, 0
0, 61, 0
0, 62, 0
0, 63, 0
0, 64, 0
0, 65, 0
0, 66, 0
0, 67, 0
0, 68, 0
0, 69, 0
0, 70, 0
0, 71, 0
0, 72, 0
0, 73, 0
0, 74, 0
0, 75, 0
0, 76, 0
0, 77, 0
0, 78, 0
0, 79, 0
0, 80, 0
0, 81, 0
0, 82, 0
0, 83, 0
0, 84, 0
0, 85, 0
0, 86, 0
0, 87, 0
0, 88, 0
0, 89, 0
0, 90, 0
0, 91, 0
0, 92, 0
0, 93, 0
0, 94, 0
0, 95, 0
0, 96, 0
0, 97, 0
0, 98, 0
0, 99, 0
0, 100, 0
0, 101, 0
0, 102, 0
0, 103, 0
0, 104, 0
0, 105, 0
0, 106, 0
0, 107, 0
0, 108, 0
0, 109, 0
0, 110, 0
0, 111, 0
0, 112, 0
0, 113, 0
0, 114, 0
0, 115, 0
0, 116, 0
0, 117, 0
0, 118, 0
0, 119, 0
0, 120, 0
0, 121, 0
0, 122, 0
0, 123, 0
0, 124, 0
0, 125, 0
0, 126, 0
0, 127, 0
0, 128, 0
0, 129, 0
0, 130, 0
0, 131, 0
0, 132, 0
0, 133, 0
0, 134, 0
0, 135, 0
0, 136, 0
0, 137, 0
0, 138, 0
0, 139, 0
0, 140, 0
0, 141, 0
0, 142, 0
0, 143, 0
0, 144, 0
0, 145, 0
0, 146, 0
0, 147, 0
0, 148, 0
0, 149, 0
0, 150, 0
0, 151, 0
0, 152, 0
0, 153, 0
0, 154, 0
0, 155, 0
0, 156, 0
0, 157, 0
0, 158, 0
0, 159, 0
0, 160, 0
0, 161, 0
0, 162, 0
0, 163, 0
0, 164, 0
0, 165, 0
0, 166, 0
0, 167, 0
0, 168, 0
0, 169, 0
0, 170, 0
0, 171, 0
0, 172, 0
0, 173, 0
0, 174, 0
0, 175, 0
0, 176, 0
0, 177, 0
0, 178, 0
0, 179, 0
0, 180, 0
0, 181, 0
0, 182, 0
0, 183, 0
0, 184, 0
0, 185, 0
0, 186, 0
0, 187, 0
0, 188, 0
0, 189, 0
0, 190, 0
0, 191, 0
0, 192, 0
0, 193, 0
0, 194, 0
0, 195, 0
0, 196, 0
0, 197, 0
0, 198, 0
0, 199, 0
0, 200, 0
0, 201, 0
0, 202, 0
0, 203, 0
0, 204, 0
0, 205, 0
0, 206, 0
0, 207, 0
0, 208, 0
0, 209, 0
0, 210, 0
0, 211, 0
0, 212, 0
0, 213, 0
0, 214, 0
0, 215, 0
0, 216, 0
0, 217, 0
0, 218, 0
0, 219, 0
0, 220, 0
0, 221, 0
0, 222, 0
0, 223, 0
0, 224, 0
0, 225, 0
0, 226, 0
0, 227, 0
0, 228, 0
0, 229, 0
0, 230, 0
0, 231, 0
0, 232, 0
0, 233, 0
0, 234, 0
0, 235, 0
0, 236, 0
0, 237, 0
0, 238, 0
0, 239, 0
0, 240, 0
0, 241, 0
0, 242, 0
0, 243, 0
0, 244, 0
0, 245, 0
0, 246, 0
0, 247, 0
0, 248, 0
0, 249, 0
0, 250, 0
0, 251, 0
0, 252, 0
0, 253, 0
0, 254, 0
0, 255, 0
0, 256, 0
0, 257, 0
0, 258, 0
0, 259, 0
0, 260, 0
0, 261, 0
0, 262, 0
0, 263, 0
0, 264, 0
0, 265, 0
0, 266, 0
0, 267, 0
0, 268, 0
0, 269, 0
0, 270, 0
0, 271, 0
0, 272, 0
0, 273, 0
0, 274, 0
0, 275, 0
0, 276, 0
0, 277, 0
0, 278, 0
0, 279, 0
0, 280, 0
0, 281, 0
0, 282, 0
0, 283, 0
0, 284, 0
0, 285, 0
0, 286, 0
0, 287, 0
0, 288, 0
0, 289, 0
0, 290, 0
0, 291, 0
0, 292, 0
0, 293, 0
0, 294, 0
0, 295, 0
0, 296, 0
0, 297, 0
0, 298, 0
0, 299, 0
0, 300, 0
0, 301, 0
0, 302, 0
0, 303, 0
0, 304, 0
0, 305, 0
0, 306, 0
0, 307, 0
0, 308, 0
0, 309, 0
0, 310, 0
0, 311, 0
0, 312, 0
0, 313, 0
0, 314, 0
0, 315, 0
0, 316, 0
0, 317, 0
0, 318, 0
0, 319, 0
0, 320, 0
0, 321, 0
0, 322, 0
0, 323, 0
0, 324, 0
0, 325, 0
0, 326, 0
0, 327, 0
0, 328, 0
0, 329, 0
0, 330, 0
0, 331, 0
0, 332, 0
0, 333, 0
0, 334, 0
0, 335, 0
0, 336, 0
0, 337, 0
0, 338, 0
0, 339, 0
0, 340, 0
0, 341, 0
0, 342, 0
0, 343, 0
0, 344, 0
0, 345, 0
0, 346, 0
0, 347, 0
0, 348, 0
0, 349, 0
0, 350, 0
0, 351, 0
0, 352, 0
0, 353, 0
0, 354, 0
0, 355, 0
0, 356, 0
0, 357, 0
0, 358, 0
0, 359, 0
0, 360, 0
0, 361, 0
0, 362, 0
0, 363, 0
0, 364, 0
0, 365, 0
0, 366, 0
0, 367, 0
0, 368, 0
0, 369, 0
0, 370, 0
0, 371, 0
0, 372, 0
0, 373, 0
0, 374, 0
0, 375, 0
0, 376, 0
0, 377, 0
0, 378, 0
0, 379, 0
0, 380, 0
0, 381, 0
0, 382, 0
0, 383, 0
0, 384, 0
0, 385, 0
0, 386, 0
0, 387, 0
0, 388, 0
0, 389, 0
0, 390, 0
0, 391, 0
0, 392, 0
0, 393, 0
0, 394, 0
0, 395, 0
0, 396, 0
0, 397, 0
0, 398, 0
0, 399, 0
1, 0, 0
1, 1, 0
1, 2, 0
1, 3, 0
1, 4, 0
1, 5, 28
1, 6, 51
1, 7, 0
1, 8, 3
1, 9, 0
1, 10, 0
1, 11, 0
1, 12, 20
1, 13, 0
1, 14, 0
1, 15, 0
1, 16, 0
1, 17, 0
1, 18, 23
1, 19, 0
1, 20, 0
1, 21, 0
1, 22, 16
1, 23, 0
1, 24, 14
1, 25, 0
1, 26, 0
1, 27, 8
1, 28, 0
1, 29, 0
1, 30, 0
1, 31, 0
1, 32, 33
1, 33, 0
1, 34, 0
1, 35, 25
1, 36, 0
1, 37, 45
1, 38, 0
1, 39, 0
1, 40, 0
1, 41, 0
1, 42, 0
1, 43, 0
1, 44, 0
1, 45, 0
1, 46, 0
1, 47, 38
1, 48, 0
1, 49, 0
1, 50, 0
1, 51, 0
1, 52, 0
1, 53, 0
1, 54, 0
1, 55, 0
1, 56, 0
1, 57, 0
1, 58, 0
1, 59, 0
1, 60, 53
1, 61, 0
1, 62, 0
1, 63, 0
1, 64, 0
1, 65, 0
1, 66, 0
1, 67, 0
1, 68, 0
1, 69, 0
1, 70, 0
1, 71, 40
1, 72, 0
1, 73, 2
1, 74, 0
1, 75, 0
1, 76, 0
1, 77, 27
1, 78, 0
1, 79, 0
1, 80, 0
1, 81, 0
1, 82, 0
1, 83, 0
1, 84, 52
1, 85, 0
1, 86, 0
1, 87, 0
1, 88, 0
1, 89, 51
1, 90, 22
1, 91, 50
1, 92, 0
1, 93, 0
1, 94, 46
1, 95, 0
1, 96, 0
1, 97, 0
1, 98, 0
1, 99, 9
1, 100, 0
1, 101, 18
1, 102, 0
1, 103, 47
1, 104, 42
1, 105, 0
1, 106, 0
1, 107, 0
1, 108, 0
1, 109, 0
1, 110, 1
1, 111, 2
1, 112, 0
1, 113, 0
1, 114, 0
1, 115, 16
1, 116, 0
1, 117, 45
1, 118, 6
1, 119, 0
1, 120, 0
1, 121, 10
1, 122, 0
1, 123, 0
1, 124, 0
1, 125, 10
1, 126, 0
1, 127, 0
1, 128, 0
1, 129, 0
1, 130, 0
1, 131, 31
1, 132, 39
1, 133, 0
1, 134, 0
1, 135, 0
1, 136, 0
1, 137, 0
1, 138, 0
1, 139, 0
1, 140, 8
1, 141, 0
1, 142, 33
1, 143, 0
1, 144, 0
1, 145, 0
1, 146, 25
1, 147, 0
1, 148, 0
1, 149, 0
1, 150, 0
1, 151, 38
1, 152, 0
1, 153, 0
1, 154, 16
1, 155, 0
1, 156, 0
1, 157, 0
1, 158, 0
1, 159, 0
1, 160, 0
1, 161, 0
1, 162, 52
1, 163, 0
1, 164, 0
1, 165, 0
1, 166, 0
1, 167, 48
1, 168, 24
1, 169, 0
1, 170, 51
1, 171, 0
1, 172, 0
1, 173, 0
1, 174, 34
1, 175, 0
1, 176, 0
1, 177, 45
1, 178, 0
1, 179, 0
1, 180, 0
1, 181, 0
1, 182, 19
1, 183, 47
1, 184, 0
1, 185, 0
1, 186, 0
1, 187, 46
1, 188, 0
1, 189, 0
1, 190, 0
1, 191, 0
1, 192, 0
1, 193, 0
1, 194, 32
1, 195, 0
1, 196, 0
1, 197, 40
1, 198, 18
1, 199, 0
1, 200, 0
1, 201, 30
1, 202, 23
1, 203, 0
1, 204, 0
1, 205, 0
1, 206, 26
1, 207, 27
1, 208, 0
1, 209, 0
1, 210, 0
1, 211, 0
1, 212, 0
1, 213, 14
1, 214, 28
1, 215, 0
1, 216, 3
1, 217, 43
1, 218, 0
1, 219, 31
1, 220, 0
1, 221, 42
1, 222, 0
1, 223, 0
1, 224, 0
1, 225, 0
1, 226, 0
1, 227, 45
1, 228, 20
1, 229, 0
1, 230, 50
1, 231, 0
1, 232, 0
1, 233, 7
1, 234, 0
1, 235, 53
1, 236, 0
1, 237, 0
1, 238, 32
1, 239, 0
1, 240, 0
1, 241, 0
1, 242, 13
1, 243, 0
1, 244, 4
1, 245, 0
1, 246, 0
1, 247, 0
1, 248, 0
1, 249, 0
1, 250, 1
1, 251, 0
1, 252, 0
1, 253, 0
1, 254, 3
1, 255, 12
1, 256, 0
1, 257, 0
1, 258, 48
1, 259, 0
1, 260, 0
1, 261, 0
1, 262, 33
1, 263, 0
1, 264, 0
1, 265, 0
1, 266, 0
1, 267, 51
1, 268, 0
1, 269, 0
1, 270, 0
1, 271, 0
1, 272, 0
1, 273, 46
1, 274, 0
1, 275, 0
1, 276, 52
1, 277, 0
1, 278, 0
1, 279, 9
1, 280, 0
1, 281, 0
1, 282, 0
1, 283, 0
1, 284, 0
1, 285, 0
1, 286, 0
1, 287, 19
1, 288, 2
1, 289, 47
1, 290, 0
1, 291, 0
1, 292, 50
1, 293, 0
1, 294, 25
1, 295, 40
1, 296, 0
1, 297, 0
1, 298, 0
1, 299, 0
1, 300, 32
1, 301, 0
1, 302, 0
1, 303, 0
1, 304, 0
1, 305, 0
1, 306, 20
1, 307, 23
1, 308, 0
1, 309, 0
1, 310, 0
1, 311, 18
1, 312, 0
1, 313, 0
1, 314, 6
1, 315, 0
1, 316, 0
1, 317, 28
1, 318, 0
1, 319, 0
1, 320, 0
1, 321, 0
1, 322, 0
1, 323, 33
1, 324, 0
1, 325, 0
1, 326, 16
1, 327, 0
1, 328, 27
1, 329, 42
1, 330, 0
1, 331, 0
1, 332, 14
1, 333, 0
1, 334, 30
1, 335, 0
1, 336, 28
1, 337, 4
1, 338, 0
1, 339, 0
1, 340, 0
1, 341, 0
1, 342, 0
1, 343, 12
1, 344, 8
1, 345, 39
1, 346, 0
1, 347, 0
1, 348, 0
1, 349, 0
1, 350, 0
1, 351, 0
1, 352, 0
1, 353, 45
1, 354, 0
1, 355, 0
1, 356, 0
1, 357, 0
1, 358, 0
1, 359, 0
1, 360, 0
1, 361, 7
1, 362, 47
1, 363, 0
1, 364, 0
1, 365, 0
1, 366, 0
1, 367, 0
1, 368, 0
1, 369, 38
1, 370, 24
1, 371, 0
1, 372, 0
1, 373, 4
1, 374, 0
1, 375, 0
1, 376, 47
1, 377, 34
1, 378, 0
1, 379, 0
1, 380, 0
1, 381, 0
1, 382, 0
1, 383, 0
1, 384, 0
1, 385, 51
1, 386, 0
1, 387, 0
1, 388, 0
1, 389, 0
1, 390, 43
1, 391, 0
1, 392, 26
1, 393, 0
1, 394, 0
1, 395, 0
1, 396, 25
1, 397, 0
1, 398, 0
1, 399, 0
2, 0, 0
2, 1, 0
2, 2, 0
2, 3, 0
2, 4, 0
2, 5, 0
2, 6, 0
2, 7, 38
2, 8, 0
2, 9, 0
2, 10, 0
2, 11, 0
2, 12, 43
2, 13, 27
2, 14, 44
2, 15, 0
2, 16, 29
2, 17, 0
2, 18, 48
2, 19, 26
2, 20, 0
2, 21, 24
2, 22, 0
2, 23, 36
2, 24, 0
2, 25, 43
2, 26, 0
2, 27, 0
2, 28, 0
2, 29, 0
2, 30, 0
2, 31, 0
2, 32, 0
2, 33, 0
2, 34, 0
2, 35, 0
2, 36, 44
2, 37, 0
2, 38, 0
2, 39, 0
2, 40, 51
2, 41, 58
2, 42, 5
2, 43, 8
2, 44, 0
2, 45, 7
2, 46, 0
2, 47, 0
2, 48, 12
2, 49, 0
2, 50, 0
2, 51, 0
2, 52, 30
2, 53, 22
2, 54, 39
2, 55, 0
2, 56, 0
2, 57, 0
2, 58, 4
2, 59, 54
2, 60, 0
2, 61, 18
2, 62, 35
2, 63, 0
2, 64, 0
2, 65, 0
2, 66, 0
2, 67, 21
2, 68, 17
2, 69, 0
2, 70, 6
2, 71, 0
2, 72, 0
2, 73, 0
2, 74, 59
2, 75, 0
2, 76, 52
2, 77, 14
2, 78, 0
2, 79, 38
2, 80, 0
2, 81, 0
2, 82, 0
2, 83, 0
2, 84, 0
2, 85, 0
2, 86, 0
2, 87, 55
2, 88, 0
2, 89, 0
2, 90, 0
2, 91, 7
2, 92, 53
2, 93, 0
2, 94, 23
2, 95, 0
2, 96, 0
2, 97, 44
2, 98, 15
2, 99, 0
2, 100, 0
2, 101, 7
2, 102, 0
2, 103, 0
2, 104, 0
2, 105, 46
2, 106, 0
2, 107, 14
2, 108, 0
2, 109, 0
2, 110, 0
2, 111, 0
2, 112, 0
2, 113, 50
2, 114, 0
2, 115, 38
2, 116, 28
2, 117, 29
2, 118, 0
2, 119, 0
2, 120, 0
2, 121, 0
2, 122, 0
2, 123, 0
2, 124, 0
2, 125, 21
2, 126, 0
2, 127, 0
2, 128, 49
2, 129, 0
2, 130, 0
2, 131, 0
2, 132, 0
2, 133, 54
2, 134, 0
2, 135, 0
2, 136, 44
2, 137, 0
2, 138, 31
2, 139, 0
2, 140, 22
2, 141, 10
2, 142, 0
2, 143, 48
2, 144, 6
2, 145, 52
2, 146, 0
2, 147, 8
2, 148, 0
2, 149, 0
2, 150, 0
2, 151, 40
2, 152, 0
2, 153, 33
2, 154, 20
2, 155, 0
2, 156, 36
2, 157, 29
2, 158, 0
2, 159, 21
2, 160, 0
2, 161, 43
2, 162, 56
2, 163, 0
2, 164, 0
2, 165, 0
2, 166, 0
2, 167, 0
2, 168, 4
2, 169, 0
2, 170, 0
2, 171, 18
2, 172, 0
2, 173, 0
2, 174, 0
2, 175, 0
2, 176, 52
2, 177, 0
2, 178, 0
2, 179, 0
2, 180, 0
2, 181, 0
2, 182, 0
2, 183, 0
2, 184, 0
2, 185, 9
2, 186, 19
2, 187, 0
2, 188, 0
2, 189, 0
2, 190, 0
2, 191, 0
2, 192, 0
2, 193, 38
2, 194, 0
2, 195, 7
2, 196, 0
2, 197, 15
2, 198, 21
2, 199, 8
2, 200, 58
2, 201, 43
2, 202, 37
2, 203, 0
2, 204, 52
2, 205, 0
2, 206, 0
2, 207, 53
2, 208, 0
2, 209, 11
2, 210, 0
2, 211, 0
2, 212, 2
2, 213, 0
2, 214, 0
2, 215, 0
2, 216, 24
2, 217, 51
2, 218, 0
2, 219, 39
2, 220, 0
2, 221, 0
2, 222, 0
2, 223, 48
2, 224, 44
2, 225, 0
2, 226, 35
2, 227, 0
2, 228, 0
2, 229, 27
2, 230, 46
2, 231, 4
2, 232, 38
2, 233, 0
2, 234, 0
2, 235, 10
2, 236, 0
2, 237, 12
2, 238, 50
2, 239, 0
2, 240, 0
2, 241, 0
2, 242, 0
2, 243, 0
2, 244, 0
2, 245, 29
2, 246, 20
2, 247, 0
2, 248, 0
2, 249, 0
2, 250, 0
2, 251, 0
2, 252, 3
2, 253, 40
2, 254, 0
2, 255, 0
2, 256, 0
2, 257, 0
2, 258, 0
2, 259, 0
2, 260, 0
2, 261, 0
2, 262, 0
2, 263, 4
2, 264, 0
2, 265, 0
2, 266, 0
2, 267, 0
2, 268, 55
2, 269, 39
2, 270, 0
2, 271, 23
2, 272, 14
2, 273, 0
2, 274, 0
2, 275, 0
2, 276, 30
2, 277, 37
2, 278, 0
2, 279, 0
2, 280, 0
2, 281, 0
2, 282, 19
2, 283, 55
2, 284, 0
2, 285, 44
2, 286, 9
2, 287, 15
2, 288, 31
2, 289, 0
2, 290, 0
2, 291, 36
2, 292, 0
2, 293, 0
2, 294, 24
2, 295, 0
2, 296, 0
2, 297, 0
2, 298, 40
2, 299, 0
2, 300, 22
2, 301, 0
2, 302, 0
2, 303, 0
2, 304, 17
2, 305, 0
2, 306, 10
2, 307, 46
2, 308, 0
2, 309, 29
2, 310, 0
2, 311, 8
2, 312, 53
2, 313, 0
2, 314, 41
2, 315, 41
2, 316, 0
2, 317, 20
2, 318, 0
2, 319, 0
2, 320, 9
2, 321, 52
2, 322, 0
2, 323, 0
2, 324, 0
2, 325, 0
2, 326, 18
2, 327, 0
2, 328, 0
2, 329, 0
2, 330, 0
2, 331, 51
2, 332, 0
2, 333, 5
2, 334, 34
2, 335, 0
2, 336, 11
2, 337, 0
2, 338, 31
2, 339, 0
2, 340, 26
2, 341, 0
2, 342, 28
2, 343, 0
2, 344, 39
2, 345, 0
2, 346, 0
2, 347, 0
2, 348, 6
2, 349, 0
2, 350, 8
2, 351, 0
2, 352, 0
2, 353, 31
2, 354, 0
2, 355, 0
2, 356, 0
2, 357, 19
2, 358, 0
2, 359, 46
2, 360, 0
2, 361, 27
2, 362, 0
2, 363, 0
2, 364, 24
2, 365, 0
2, 366, 0
2, 367, 4
2, 368, 0
2, 369, 0
2, 370, 0
2, 371, 0
2, 372, 0
2, 373, 0
2, 374, 0
2, 375, 0
2, 376, 0
2, 377, 12
2, 378, 0
2, 379, 0
2, 380, 0
2, 381, 0
2, 382, 38
2, 383, 48
2, 384, 0
2, 385, 0
2, 386, 0
2, 387, 0
2, 388, 0
2, 389, 2
2, 390, 20
2, 391, 53
2, 392, 30
2, 393, 0
2, 394, 0
2, 395, 0
2, 396, 0
2, 397, 0
2, 398, 0
2, 399, 26
3, 0, 0
3, 1, 0
3, 2, 0
3, 3, 0
3, 4, 0
3, 5, 7
3, 6, 12
3, 7, 35
3, 8, 0
3, 9, 0
3, 10, 16
3, 11, 3
3, 12, 0
3, 13, 0
3, 14, 0
3, 15, 0
3, 16, 0
3, 17, 58
3, 18, 0
3, 19, 0
3, 20, 45
3, 21, 0
3, 22, 5
3, 23, 0
3, 24, 0
3, 25, 0
3, 26, 0
3, 27, 0
3, 28, 39
3, 29, 0
3, 30, 31
3, 31, 0
3, 32, 0
3, 33, 15
3, 34, 2
3, 35, 0
3, 36, 0
3, 37, 11
3, 38, 0
3, 39, 0
3, 40, 0
3, 41, 0
3, 42, 0
3, 43, 0
3, 44, 29
3, 45, 0
3, 46, 0
3, 47, 45
3, 48, 46
3, 49, 0
3, 50, 0
3, 51, 0
3, 52, 0
3, 53, 30
3, 54, 41
3, 55, 0
3, 56, 44
3, 57, 51
3, 58, 0
3, 59, 37
3, 60, 0
3, 61, 0
3, 62, 0
3, 63, 0
3, 64, 28
3, 65, 19
3, 66, 16
3, 67, 0
3, 68, 0
3, 69, 0
3, 70, 39
3, 71, 34
3, 72, 0
3, 73, 0
3, 74, 0
3, 75, 0
3, 76, 0
3, 77, 42
3, 78, 0
3, 79, 0
3, 80, 0
3, 81, 0
3, 82, 0
3, 83, 0
3, 84, 42
3, 85, 0
3, 86, 47
3, 87, 0
3, 88, 0
3, 89, 0
3, 90, 25
3, 91, 0
3, 92, 39
3, 93, 0
3, 94, 22
3, 95, 0
3, 96, 5
3, 97, 0
3, 98, 0
3, 99, 0
3, 100, 0
3, 101, 52
3, 102, 8
3, 103, 24
3, 104, 48
3, 105, 0
3, 106, 0
3, 107, 0
3, 108, 0
3, 109, 0
3, 110, 0
3, 111, 0
3, 112, 7
3, 113, 0
3, 114, 0
3, 115, 0
3, 116, 0
3, 117, 0
3, 118, 0
3, 119, 19
3, 120, 0
3, 121, 20
3, 122, 0
3, 123, 0
3, 124, 51
3, 125, 0
3, 126, 0
3, 127, 0
3, 128, 15
3, 129, 21
3, 130, 6
3, 131, 0
3, 132, 27
3, 133, 31
3, 134, 37
3, 135, 1
3, 136, 0
3, 137, 0
3, 138, 0
3, 139, 0
3, 140, 12
3, 141, 0
3, 142, 0
3, 143, 0
3, 144, 0
3, 145, 13
3, 146, 0
3, 147, 0
3, 148, 0
3, 149, 0
3, 150, 0
3, 151, 0
3, 152, 0
3, 153, 0
3, 154, 31
3, 155, 0
3, 156, 0
3, 157, 0
3, 158, 0
3, 159, 0
3, 160, 0
3, 161, 0
3, 162, 0
3, 163, 2
3, 164, 0
3, 165, 52
3, 166, 0
3, 167, 40
3, 168, 0
3, 169, 0
3, 170, 34
3, 171, 8
3, 172, 58
3, 173, 0
3, 174, 18
3, 175, 37
3, 176, 29
3, 177, 41
3, 178, 0
3, 179, 47
3, 180, 0
3, 181, 0
3, 182, 0
3, 183, 43
3, 184, 27
3, 185, 0
3, 186, 0
3, 187, 0
3, 188, 11
3, 189, 0
3, 190, 0
3, 191, 0
3, 192, 0
3, 193, 0
3, 194, 30
3, 195, 0
3, 196, 0
3, 197, 0
3, 198, 45
3, 199, 0
3, 200, 0
3, 201, 20
3, 202, 46
3, 203, 0
3, 204, 0
3, 205, 0
3, 206, 39
3, 207, 58
3, 208, 0
3, 209, 0
3, 210, 42
3, 211, 0
3, 212, 0
3, 213, 17
3, 214, 24
3, 215, 0
3, 216, 0
3, 217, 0
3, 218, 15
3, 219, 0
3, 220, 48
3, 221, 0
3, 222, 0
3, 223, 0
3, 224, 0
3, 225, 0
3, 226, 0
3, 227, 0
3, 228, 0
3, 229, 0
3, 230, 0
3, 231, 0
3, 232, 0
3, 233, 0
3, 234, 0
3, 235, 1
3, 236, 0
3, 237, 26
3, 238, 5
3, 239, 25
3, 240, 11
3, 241, 0
3, 242, 0
3, 243, 0
3, 244, 0
3, 245, 0
3, 246, 0
3, 247, 6
3, 248, 0
3, 249, 0
3, 250, 49
3, 251, 0
3, 252, 0
3, 253, 24
3, 254, 7
3, 255, 0
3, 256, 42
3, 257, 0
3, 258, 37
3, 259, 0
3, 260, 0
3, 261, 0
3, 262, 41
3, 263, 19
3, 264, 0
3, 265, 51
3, 266, 0
3, 267, 0
3, 268, 0
3, 269, 0
3, 270, 22
3, 271, 0
3, 272, 27
3, 273, 16
3, 274, 0
3, 275, 0
3, 276, 0
3, 277, 0
3, 278, 0
3, 279, 27
3, 280, 5
3, 281, 0
3, 282, 28
3, 283, 0
3, 284, 34
3, 285, 21
3, 286, 31
3, 287, 0
3, 288, 35
3, 289, 7
3, 290, 0
3, 291, 0
3, 292, 43
3, 293, 0
3, 294, 0
3, 295, 3
3, 296, 0
3, 297, 0
3, 298, 0
3, 299, 0
3, 300, 0
3, 301, 0
3, 302, 2
3, 303, 0
3, 304, 0
3, 305, 0
3, 306, 0
3, 307, 18
3, 308, 12
3, 309, 0
3, 310, 0
3, 311, 0
3, 312, 0
3, 313, 0
3, 314, 3
3, 315, 0
3, 316, 0
3, 317, 52
3, 318, 0
3, 319, 0
3, 320, 0
3, 321, 0
3, 322, 0
3, 323, 39
3, 324, 1
3, 325, 10
3, 326, 20
3, 327, 0
3, 328, 55
3, 329, 0
3, 330, 0
3, 331, 44
3, 332, 0
3, 333, 0
3, 334, 0
3, 335, 21
3, 336, 0
3, 337, 37
3, 338, 58
3, 339, 0
3, 340, 0
3, 341, 25
3, 342, 0
3, 343, 0
3, 344, 0
3, 345, 0
3, 346, 0
3, 347, 0
3, 348, 0
3, 349, 0
3, 350, 47
3, 351, 0
3, 352, 0
3, 353, 0
3, 354, 0
3, 355, 48
3, 356, 45
3, 357, 0
3, 358, 52
3, 359, 32
3, 360, 51
3, 361, 53
3, 362, 0
3, 363, 0
3, 364, 0
3, 365, 0
3, 366, 0
3, 367, 0
3, 368, 31
3, 369, 12
3, 370, 49
3, 371, 43
3, 372, 0
3, 373, 0
3, 374, 0
3, 375, 49
3, 376, 52
3, 377, 58
3, 378, 0
3, 379, 0
3, 380, 0
3, 381, 0
3, 382, 0
3, 383, 19
3, 384, 44
3, 385, 0
3, 386, 0
3, 387, 12
3, 388, 0
3, 389, 33
3, 390, 48
3, 391, 0
3, 392, 0
3, 393, 0
3, 394, 0
3, 395, 0
3, 396, 35
3, 397, 30
3, 398, 0
3, 399, 0
4, 0, 0
4, 1, 54
4, 2, 0
4, 3, 0
4, 4, 0
4, 5, 39
4, 6, 22
4, 7, 0
4, 8, 23
4, 9, 0
4, 10, 26
4, 11, 0
4, 12, 36
4, 13, 0
4, 14, 0
4, 15, 0
4, 16, 0
4, 17, 0
4, 18, 0
4, 19, 0
4, 20, 0
4, 21, 0
4, 22, 0
4, 23, 0
4, 24, 0
4, 25, 0
4, 26, 46
4, 27, 0
4, 28, 0
4, 29, 23
4, 30, 0
4, 31, 0
4, 32, 0
4, 33, 43
4, 34, 51
4, 35, 28
4, 36, 0
4, 37, 7
4, 38, 0
4, 39, 43
4, 40, 0
4, 41, 0
4, 42, 0
4, 43, 0
4, 44, 21
4, 45, 0
4, 46, 0
4, 47, 40
4, 48, 7
4, 49, 0
4, 50, 0
4, 51, 0
4, 52, 0
4, 53, 15
4, 54, 14
4, 55, 10
4, 56, 0
4, 57, 0
4, 58, 0
4, 59, 0
4, 60, 0
4, 61, 0
4, 62, 0
4, 63, 0
4, 64, 0
4, 65, 0
4, 66, 0
4, 67, 46
4, 68, 0
4, 69, 26
4, 70, 0
4, 71, 0
4, 72, 0
4, 73, 0
4, 74, 0
4, 75, 0
4, 76, 0
4, 77, 33
4, 78, 0
4, 79, 53
4, 80, 0
4, 81, 0
4, 82, 0
4, 83, 0
4, 84, 12
4, 85, 0
4, 86, 0
4, 87, 0
4, 88, 0
4, 89, 16
4, 90, 0
4, 91, 3
4, 92, 30
4, 93, 0
4, 94, 0
4, 95, 0
4, 96, 0
4, 97, 0
4, 98, 34
4, 99, 0
4, 100, 5
4, 101, 0
4, 102, 0
4, 103, 0
4, 104, 0
4, 105, 0
4, 106, 0
4, 107, 0
4, 108, 0
4, 109, 0
4, 110, 0
4, 111, 0
4, 112, 42
4, 113, 0
4, 114, 45
4, 115, 0
4, 116, 0
4, 117, 0
4, 118, 0
4, 119, 3
4, 120, 0
4, 121, 18
4, 122, 40
4, 123, 0
4, 124, 0
4, 125, 39
4, 126, 0
4, 127, 0
4, 128, 0
4, 129, 22
4, 130, 1
4, 131, 0
4, 132, 0
4, 133, 0
4, 134, 23
4, 135, 0
4, 136, 28
4, 137, 0
4, 138, 49
4, 139, 0
4, 140, 0
4, 141, 0
4, 142, 0
4, 143, 0
4, 144, 0
4, 145, 0
4, 146, 0
4, 147, 0
4, 148, 17
4, 149, 0
4, 150, 36
4, 151, 0
4, 152, 0
4, 153, 0
4, 154, 0
4, 155, 43
4, 156, 0
4, 157, 0
4, 158, 0
4, 159, 37
4, 160, 0
4, 161, 0
4, 162, 0
4, 163, 44
4, 164, 22
4, 165, 0
4, 166, 0
4, 167, 0
4, 168, 0
4, 169, 10
4, 170, 0
4, 171, 0
4, 172, 0
4, 173, 28
4, 174, 0
4, 175, 5
4, 176, 0
4, 177, 0
4, 178, 0
4, 179, 39
4, 180, 51
4, 181, 0
4, 182, 0
4, 183, 46
4, 184, 23
4, 185, 33
4, 186, 0
4, 187, 1
4, 188, 25
4, 189, 0
4, 190, 0
4, 191, 0
4, 192, 0
4, 193, 59
4, 194, 0
4, 195, 0
4, 196, 0
4, 197, 39
4, 198, 0
4, 199, 0
4, 200, 0
4, 201, 0
4, 202, 0
4, 203, 0
4, 204, 14
4, 205, 0
4, 206, 0
4, 207, 27
4, 208, 0
4, 209, 0
4, 210, 47
4, 211, 0
4, 212, 0
4, 213, 0
4, 214, 46
4, 215, 0
4, 216, 0
4, 217, 0
4, 218, 50
4, 219, 0
4, 220, 0
4, 221, 0
4, 222, 20
4, 223, 0
4, 224, 15
4, 225, 0
4, 226, 55
4, 227, 0
4, 228, 0
4, 229, 0
4, 230, 0
4, 231, 0
4, 232, 0
4, 233, 54
4, 234, 3
4, 235, 0
4, 236, 42
4, 237, 0
4, 238, 0
4, 239, 0
4, 240, 0
4, 241, 45
4, 242, 0
4, 243, 38
4, 244, 0
4, 245, 0
4, 246, 0
4, 247, 23
4, 248, 0
4, 249, 0
4, 250, 6
4, 251, 0
4, 252, 18
4, 253, 0
4, 254, 0
4, 255, 0
4, 256, 0
4, 257, 0
4, 258, 0
4, 259, 0
4, 260, 0
4, 261, 0
4, 262, 0
4, 263, 0
4, 264, 0
4, 265, 0
4, 266, 0
4, 267, 44
4, 268, 0
4, 269, 0
4, 270, 30
4, 271, 0
4, 272, 0
4, 273, 22
4, 274, 0
4, 275, 20
4, 276, 0
4, 277, 0
4, 278, 28
4, 279, 43
4, 280, 0
4, 281, 0
4, 282, 26
4, 283, 0
4, 284, 29
4, 285, 0
4, 286, 25
4, 287, 0
4, 288, 0
4, 289, 34
4, 290, 0
4, 291, 0
4, 292, 0
4, 293, 0
4, 294, 0
4, 295, 0
4, 296, 0
4, 297, 0
4, 298, 0
4, 299, 16
4, 300, 10
4, 301, 0
4, 302, 0
4, 303, 0
4, 304, 36
4, 305, 0
4, 306, 44
4, 307, 59
4, 308, 0
4, 309, 27
4, 310, 22
4, 311, 0
4, 312, 0
4, 313, 0
4, 314, 0
4, 315, 0
4, 316, 38
4, 317, 12
4, 318, 14
4, 319, 54
4, 320, 0
4, 321, 18
4, 322, 53
4, 323, 0
4, 324, 0
4, 325, 0
4, 326, 0
4, 327, 0
4, 328, 13
4, 329, 0
4, 330, 7
4, 331, 0
4, 332, 0
4, 333, 0
4, 334, 0
4, 335, 0
4, 336, 0
4, 337, 37
4, 338, 25
4, 339, 0
4, 340, 50
4, 341, 0
4, 342, 0
4, 343, 0
4, 344, 44
4, 345, 17
4, 346, 1
4, 347, 26
4, 348, 0
4, 349, 0
4, 350, 0
4, 351, 51
4, 352, 0
4, 353, 20
4, 354, 0
4, 355, 0
4, 356, 26
4, 357, 0
4, 358, 0
4, 359, 0
4, 360, 0
4, 361, 0
4, 362, 0
4, 363, 30
4, 364, 0
4, 365, 0
4, 366, 0
4, 367, 0
4, 368, 0
4, 369, 0
4, 370, 0
4, 371, 40
4, 372, 0
4, 373, 0
4, 374, 37
4, 375, 42
4, 376, 0
4, 377, 0
4, 378, 0
4, 379, 0
4, 380, 0
4, 381, 29
4, 382, 0
4, 383, 0
4, 384, 28
4, 385, 0
4, 386, 0
4, 387, 0
4, 388, 0
4, 389, 5
4, 390, 0
4, 391, 0
4, 392, 0
4, 393, 0
4, 394, 0
4, 395, 0
4, 396, 25
4, 397, 0
4, 398, 50
4, 399, 6
5, 0, 0
5, 1, 0
5, 2, 0
5, 3, 0
5, 4, 1
5, 5, 53
5, 6, 20
5, 7, 29
5, 8, 0
5, 9, 52
5, 10, 34
5, 11, 0
5, 12, 0
5, 13, 0
5, 14, 45
5, 15, 0
5, 16, 0
5, 17, 0
5, 18, 29
5, 19, 39
5, 20, 0
5, 21, 41
5, 22, 49
5, 23, 3
5, 24, 0
5, 25, 0
5, 26, 0
5, 27, 0
5, 28, 0
5, 29, 0
5, 30, 36
5, 31, 0
5, 32, 0
5, 33, 0
5, 34, 50
5, 35, 0
5, 36, 0
5, 37, 0
5, 38, 0
5, 39, 13
5, 40, 0
5, 41, 23
5, 42, 0
5, 43, 0
5, 44, 6
5, 45, 48
5, 46, 12
5, 47, 0
5, 48, 0
5, 49, 0
5, 50, 17
5, 51, 0
5, 52, 0
5, 53, 0
5, 54, 0
5, 55, 0
5, 56, 53
5, 57, 19
5, 58, 0
5, 59, 34
5, 60, 0
5, 61, 9
5, 62, 56
5, 63, 8
5, 64, 9
5, 65, 0
5, 66, 0
5, 67, 0
5, 68, 0
5, 69, 0
5, 70, 0
5, 71, 45
5, 72, 0
5, 73, 0
5, 74, 54
5, 75, 0
5, 76, 0
5, 77, 0
5, 78, 0
5, 79, 0
5, 80, 0
5, 81, 0
5, 82, 34
5, 83, 36
5, 84, 0
5, 85, 0
5, 86, 0
5, 87, 0
5, 88, 31
5, 89, 5
5, 90, 0
5, 91, 6
5, 92, 0
5, 93, 27
5, 94, 0
5, 95, 0
5, 96, 26
5, 97, 0
5, 98, 14
5, 99, 0
5, 100, 54
5, 101, 35
5, 102, 0
5, 103, 0
5, 104, 0
5, 105, 0
5, 106, 0
5, 107, 0
5, 108, 36
5, 109, 4
5, 110, 0
5, 111, 0
5, 112, 0
5, 113, 0
5, 114, 0
5, 115, 26
5, 116, 0
5, 117, 12
5, 118, 0
5, 119, 0
5, 120, 41
5, 121, 0
5, 122, 0
5, 123, 0
5, 124, 0
5, 125, 0
5, 126, 40
5, 127, 50
5, 128, 13
5, 129, 0
5, 130, 19
5, 131, 0
5, 132, 0
5, 133, 0
5, 134, 7
5, 135, 0
5, 136, 22
5, 137, 0
5, 138, 0
5, 139, 35
5, 140, 0
5, 141, 0
5, 142, 17
5, 143, 0
5, 144, 19
5, 145, 20
5, 146, 11
5, 147, 0
5, 148, 0
5, 149, 0
5, 150, 0
5, 151, 52
5, 152, 53
5, 153, 0
5, 154, 39
5, 155, 0
5, 156, 41
5, 157, 9
5, 158, 11
5, 159, 22
5, 160, 49
5, 161, 0
5, 162, 57
5, 163, 0
5, 164, 53
5, 165, 51
5, 166, 0
5, 167, 0
5, 168, 42
5, 169, 56
5, 170, 28
5, 171, 0
5, 172, 3
5, 173, 0
5, 174, 0
5, 175, 0
5, 176, 34
5, 177, 0
5, 178, 0
5, 179, 0
5, 180, 23
5, 181, 48
5, 182, 0
5, 183, 0
5, 184, 0
5, 185, 20
5, 186, 0
5, 187, 5
5, 188, 0
5, 189, 32
5, 190, 0
5, 191, 16
5, 192, 0
5, 193, 0
5, 194, 0
5, 195, 0
5, 196, 36
5, 197, 47
5, 198, 0
5, 199, 9
5, 200, 0
5, 201, 0
5, 202, 31
5, 203, 0
5, 204, 0
5, 205, 12
5, 206, 0
5, 207, 0
5, 208, 0
5, 209, 37
5, 210, 0
5, 211, 0
5, 212, 45
5, 213, 0
5, 214, 0
5, 215, 0
5, 216, 0
5, 217, 56
5, 218, 8
5, 219, 20
5, 220, 0
5, 221, 0
5, 222, 49
5, 223, 0
5, 224, 17
5, 225, 0
5, 226, 0
5, 227, 1
5, 228, 0
5, 229, 0
5, 230, 50
5, 231, 48
5, 232, 26
5, 233, 0
5, 234, 0
5, 235, 0
5, 236, 47
5, 237, 0
5, 238, 0
5, 239, 0
5, 240, 0
5, 241, 0
5, 242, 0
5, 243, 0
5, 244, 3
5, 245, 35
5, 246, 39
5, 247, 0
5, 248, 54
5, 249, 44
5, 250, 0
5, 251, 0
5, 252, 36
5, 253, 0
5, 254, 0
5, 255, 0
5, 256, 0
5, 257, 0
5, 258, 27
5, 259, 0
5, 260, 0
5, 261, 0
5, 262, 47
5, 263, 0
5, 264, 0
5, 265, 0
5, 266, 6
5, 267, 3
5, 268, 0
5, 269, 0
5, 270, 0
5, 271, 39
5, 272, 54
5, 273, 0
5, 274, 0
5, 275, 42
5, 276, 0
5, 277, 0
5, 278, 0
5, 279, 0
5, 280, 32
5, 281, 0
5, 282, 0
5, 283, 0
5, 284, 0
5, 285, 0
5, 286, 34
5, 287, 0
5, 288, 0
5, 289, 0
5, 290, 0
5, 291, 0
5, 292, 0
5, 293, 24
5, 294, 0
5, 295, 19
5, 296, 54
5, 297, 0
5, 298, 1
5, 299, 36
5, 300, 13
5, 301, 45
5, 302, 0
5, 303, 0
5, 304, 0
5, 305, 0
5, 306, 0
5, 307, 0
5, 308, 5
5, 309, 0
5, 310, 0
5, 311, 0
5, 312, 57
5, 313, 0
5, 314, 0
5, 315, 0
5, 316, 0
5, 317, 0
5, 318, 68
5, 319, 0
5, 320, 0
5, 321, 36
5, 322, 0
5, 323, 0
5, 324, 27
5, 325, 0
5, 326, 0
5, 327, 0
5, 328, 52
5, 329, 44
5, 330, 0
5, 331, 41
5, 332, 0
5, 333, 17
5, 334, 42
5, 335, 0
5, 336, 49
5, 337, 0
5, 338, 0
5, 339, 0
5, 340, 11
5, 341, 0
5, 342, 0
5, 343, 0
5, 344, 16
5, 345, 0
5, 346, 28
5, 347, 0
5, 348, 0
5, 349, 0
5, 350, 44
5, 351, 47
5, 352, 56
5, 353, 22
5, 354, 0
5, 355, 0
5, 356, 0
5, 357, 37
5, 358, 5
5, 359, 38
5, 360, 0
5, 361, 54
5, 362, 0
5, 363, 0
5, 364, 0
5, 365, 32
5, 366, 34
5, 367, 0
5, 368, 0
5, 369, 1
5, 370, 0
5, 371, 26
5, 372, 0
5, 373, 10
5, 374, 0
5, 375, 0
5, 376, 0
5, 377, 7
5, 378, 0
5, 379, 26
5, 380, 0
5, 381, 24
5, 382, 53
5, 383, 0
5, 384, 0
5, 385, 0
5, 386, 0
5, 387, 0
5, 388, 0
5, 389, 0
5, 390, 0
5, 391, 0
5, 392, 0
5, 393, 8
5, 394, 1
5, 395, 0
5, 396, 0
5, 397, 1
5, 398, 0
5, 399, 0
6, 0, 0
6, 1, 0
6, 2, 4
6, 3, 0
6, 4, 0
6, 5, 18
6, 6, 0
6, 7, 0
6, 8, 47
6, 9, 0
6, 10, 42
6, 11, 0
6, 12, 0
6, 13, 29
6, 14, 0
6, 15, 0
6, 16, 0
6, 17, 0
6, 18, 0
6, 19, 0
6, 20, 46
6, 21, 0
6, 22, 0
6, 23, 33
6, 24, 0
6, 25, 36
6, 26, 0
6, 27, 0
6, 28, 0
6, 29, 0
6, 30, 0
6, 31, 19
6, 32, 0
6, 33, 0
6, 34, 0
6, 35, 0
6, 36, 0
6, 37, 12
6, 38, 0
6, 39, 11
6, 40, 0
6, 41, 0
6, 42, 37
6, 43, 0
6, 44, 0
6, 45, 48
6, 46, 0
6, 47, 36
6, 48, 7
6, 49, 53
6, 50, 0
6, 51, 39
6, 52, 58
6, 53, 53
6, 54, 0
6, 55, 0
6, 56, 0
6, 57, 0
6, 58, 0
6, 59, 0
6, 60, 2
6, 61, 0
6, 62, 0
6, 63, 31
6, 64, 0
6, 65, 0
6, 66, 0
6, 67, 0
6, 68, 24
6, 69, 52
6, 70, 0
6, 71, 24
6, 72, 21
6, 73, 4
6, 74, 0
6, 75, 34
6, 76, 0
6, 77, 0
6, 78, 34
6, 79, 0
6, 80, 0
6, 81, 12
6, 82, 0
6, 83, 0
6, 84, 0
6, 85, 0
6, 86, 17
6, 87, 3
6, 88, 0
6, 89, 26
6, 90, 0
6, 91, 0
6, 92, 44
6, 93, 0
6, 94, 0
6, 95, 13
6, 96, 0
6, 97, 0
6, 98, 0
6, 99, 22
6, 100, 0
6, 101, 32
6, 102, 0
6, 103, 0
6, 104, 0
6, 105, 0
6, 106, 0
6, 107, 47
6, 108, 0
6, 109, 0
6, 110, 0
6, 111, 0
6, 112, 0
6, 113, 0
6, 114, 0
6, 115, 0
6, 116, 5
6, 117, 0
6, 118, 0
6, 119, 0
6, 120, 0
6, 121, 0
6, 122, 0
6, 123, 33
6, 124, 0
6, 125, 0
6, 126, 0
6, 127, 0
6, 128, 0
6, 129, 0
6, 130, 0
6, 131, 0
6, 132, 0
6, 133, 23
6, 134, 0
6, 135, 0
6, 136, 4
6, 137, 0
6, 138, 0
6, 139, 0
6, 140, 0
6, 141, 0
6, 142, 0
6, 143, 52
6, 144, 0
6, 145, 0
6, 146, 34
6, 147, 45
6, 148, 42
6, 149, 12
6, 150, 0
6, 151, 40
6, 152, 48
6, 153, 0
6, 154, 0
6, 155, 0
6, 156, 0
6, 157, 0
6, 158, 0
6, 159, 0
6, 160, 0
6, 161, 0
6, 162, 44
6, 163, 0
6, 164, 0
6, 165, 14
6, 166, 0
6, 167, 0
6, 168, 0
6, 169, 34
6, 170, 0
6, 171, 0
6, 172, 34
6, 173, 0
6, 174, 0
6, 175, 48
6, 176, 0
6, 177, 0
6, 178, 0
6, 179, 24
6, 180, 0
6, 181, 0
6, 182, 0
6, 183, 35
6, 184, 0
6, 185, 42
6, 186, 0
6, 187, 48
6, 188, 9
6, 189, 16
6, 190, 31
6, 191, 55
6, 192, 25
6, 193, 0
6, 194, 53
6, 195, 0
6, 196, 0
6, 197, 0
6, 198, 0
6, 199, 0
6, 200, 0
6, 201, 0
6, 202, 0
6, 203, 0
6, 204, 56
6, 205, 0
6, 206, 33
6, 207, 0
6, 208, 0
6, 209, 0
6, 210, 0
6, 211, 0
6, 212, 0
6, 213, 0
6, 214, 0
6, 215, 22
6, 216, 0
6, 217, 0
6, 218, 0
6, 219, 40
6, 220, 33
6, 221, 55
6, 222, 17
6, 223, 0
6, 224, 0
6, 225, 10
6, 226, 0
6, 227, 0
6, 228, 15
6, 229, 5
6, 230, 53
6, 231, 0
6, 232, 43
6, 233, 31
6, 234, 44
6, 235, 0
6, 236, 0
6, 237, 11
6, 238, 39
6, 239, 0
6, 240, 0
6, 241, 0
6, 242, 0
6, 243, 46
6, 244, 0
6, 245, 0
6, 246, 0
6, 247, 0
6, 248, 0
6, 249, 0
6, 250, 3
6, 251, 0
6, 252, 0
6, 253, 4
6, 254, 0
6, 255, 0
6, 256, 58
6, 257, 0
6, 258, 0
6, 259, 0
6, 260, 20
6, 261, 0
6, 262, 0
6, 263, 19
6, 264, 17
6, 265, 0
6, 266, 0
6, 267, 60
6, 268, 0
6, 269, 21
6, 270, 2
6, 271, 0
6, 272, 25
6, 273, 0
6, 274, 0
6, 275, 0
6, 276, 0
6, 277, 10
6, 278, 0
6, 279, 0
6, 280, 0
6, 281, 0
6, 282, 0
6, 283, 18
6, 284, 0
6, 285, 0
6, 286, 0
6, 287, 0
6, 288, 0
6, 289, 0
6, 290, 32
6, 291, 0
6, 292, 0
6, 293, 0
6, 294, 32
6, 295, 0
6, 296, 0
6, 297, 0
6, 298, 0
6, 299, 31
6, 300, 0
6, 301, 0
6, 302, 22
6, 303, 40
6, 304, 18
6, 305, 36
6, 306, 0
6, 307, 24
6, 308, 0
6, 309, 15
6, 310, 37
6, 311, 0
6, 312, 0
6, 313, 0
6, 314, 53
6, 315, 0
6, 316, 0
6, 317, 0
6, 318, 0
6, 319, 0
6, 320, 0
6, 321, 23
6, 322, 0
6, 323, 0
6, 324, 0
6, 325, 0
6, 326, 0
6, 327, 0
6, 328, 0
6, 329, 33
6, 330, 0
6, 331, 29
6, 332, 0
6, 333, 0
6, 334, 0
6, 335, 4
6, 336, 35
6, 337, 0
6, 338, 0
6, 339, 1
6, 340, 55
6, 341, 28
6, 342, 0
6, 343, 0
6, 344, 0
6, 345, 17
6, 346, 0
6, 347, 0
6, 348, 7
6, 349, 16
6, 350, 40
6, 351, 0
6, 352, 0
6, 353, 0
6, 354, 0
6, 355, 0
6, 356, 0
6, 357, 0
6, 358, 28
6, 359, 0
6, 360, 0
6, 361, 0
6, 362, 0
6, 363, 0
6, 364, 0
6, 365, 32
6, 366, 43
6, 367, 0
6, 368, 0
6, 369, 20
6, 370, 0
6, 371, 0
6, 372, 0
6, 373, 21
6, 374, 0
6, 375, 0
6, 376, 0
6, 377, 4
6, 378, 0
6, 379, 0
6, 380, 0
6, 381, 0
6, 382, 0
6, 383, 29
6, 384, 0
6, 385, 10
6, 386, 0
6, 387, 0
6, 388, 0
6, 389, 39
6, 390, 0
6, 391, 0
6, 392, 48
6, 393, 0
6, 394, 0
6, 395, 5
6, 396, 23
6, 397, 53
6, 398, 45
6, 399, 0
7, 0, 0
7, 1, 0
7, 2, 0
7, 3, 0
7, 4, 29
7, 5, 28
7, 6, 0
7, 7, 0
7, 8, 0
7, 9, 0
7, 10, 0
7, 11, 0
7, 12, 31
7, 13, 39
7, 14, 0
7, 15, 44
7, 16, 0
7, 17, 0
7, 18, 0
7, 19, 0
7, 20, 0
7, 21, 0
7, 22, 7
7, 23, 0
7, 24, 0
7, 25, 0
7, 26, 0
7, 27, 0
7, 28, 0
7, 29, 30
7, 30, 37
7, 31, 0
7, 32, 25
7, 33, 22
7, 34, 0
7, 35, 14
7, 36, 2
7, 37, 50
7, 38, 0
7, 39, 0
7, 40, 0
7, 41, 1
7, 42, 58
7, 43, 43
7, 44, 37
7, 45, 7
7, 46, 0
7, 47, 0
7, 48, 0
7, 49, 0
7, 50, 0
7, 51, 0
7, 52, 45
7, 53, 54
7, 54, 0
7, 55, 0
7, 56, 0
7, 57, 0
7, 58, 0
7, 59, 0
7, 60, 0
7, 61, 40
7, 62, 0
7, 63, 42
7, 64, 0
7, 65, 0
7, 66, 0
7, 67, 34
7, 68, 0
7, 69, 0
7, 70, 11
7, 71, 0
7, 72, 0
7, 73, 0
7, 74, 18
7, 75, 0
7, 76, 10
7, 77, 47
7, 78, 0
7, 79, 0
7, 80, 0
7, 81, 0
7, 82, 21
7, 83, 0
7, 84, 0
7, 85, 2
7, 86, 0
7, 87, 31
7, 88, 0
7, 89, 0
7, 90, 38
7, 91, 0
7, 92, 0
7, 93, 9
7, 94, 52
7, 95, 0
7, 96, 0
7, 97, 0
7, 98, 0
7, 99, 0
7, 100, 0
7, 101, 0
7, 102, 0
7, 103, 0
7, 104, 0
7, 105, 0
7, 106, 12
7, 107, 0
7, 108, 0
7, 109, 0
7, 110, 26
7, 111, 0
7, 112, 7
7, 113, 37
7, 114, 0
7, 115, 40
7, 116, 50
7, 117, 38
7, 118, 0
7, 119, 0
7, 120, 0
7, 121, 0
7, 122, 0
7, 123, 46
7, 124, 0
7, 125, 0
7, 126, 0
7, 127, 0
7, 128, 25
7, 129, 0
7, 130, 0
7, 131, 0
7, 132, 0
7, 133, 0
7, 134, 0
7, 135, 0
7, 136, 44
7, 137, 29
7, 138, 54
7, 139, 0
7, 140, 55
7, 141, 0
7, 142, 0
7, 143, 35
7, 144, 47
7, 145, 14
7, 146, 0
7, 147, 0
7, 148, 0
7, 149, 0
7, 150, 0
7, 151, 33
7, 152, 0
7, 153, 0
7, 154, 0
7, 155, 18
7, 156, 53
7, 157, 20
7, 158, 0
7, 159, 29
7, 160, 11
7, 161, 0
7, 162, 0
7, 163, 46
7, 164, 0
7, 165, 12
7, 166, 0
7, 167, 46
7, 168, 37
7, 169, 0
7, 170, 24
7, 171, 49
7, 172, 5
7, 173, 0
7, 174, 1
7, 175, 52
7, 176, 0
7, 177, 0
7, 178, 0
7, 179, 0
7, 180, 0
7, 181, 0
7, 182, 58
7, 183, 0
7, 184, 0
7, 185, 38
7, 186, 0
7, 187, 0
7, 188, 45
7, 189, 0
7, 190, 0
7, 191, 0
7, 192, 0
7, 193, 0
7, 194, 0
7, 195, 30
7, 196, 0
7, 197, 0
7, 198, 43
7, 199, 2
7, 200, 0
7, 201, 48
7, 202, 0
7, 203, 0
7, 204, 0
7, 205, 0
7, 206, 0
7, 207, 0
7, 208, 0
7, 209, 0
7, 210, 25
7, 211, 0
7, 212, 52
7, 213, 0
7, 214, 45
7, 215, 0
7, 216, 0
7, 217, 34
7, 218, 40
7, 219, 0
7, 220, 0
7, 221, 15
7, 222, 0
7, 223, 0
7, 224, 2
7, 225, 0
7, 226, 0
7, 227, 0
7, 228, 0
7, 229, 18
7, 230, 0
7, 231, 0
7, 232, 22
7, 233, 38
7, 234, 40
7, 235, 14
7, 236, 0
7, 237, 54
7, 238, 0
7, 239, 2
7, 240, 15
7, 241, 30
7, 242, 34
7, 243, 50
7, 244, 0
7, 245, 11
7, 246, 26
7, 247, 0
7, 248, 28
7, 249, 0
7, 250, 39
7, 251, 31
7, 252, 0
7, 253, 58
7, 254, 0
7, 255, 0
7, 256, 0
7, 257, 34
7, 258, 0
7, 259, 40
7, 260, 54
7, 261, 0
7, 262, 0
7, 263, 0
7, 264, 0
7, 265, 0
7, 266, 0
7, 267, 0
7, 268, 0
7, 269, 0
7, 270, 17
7, 271, 56
7, 272, 0
7, 273, 50
7, 274, 0
7, 275, 0
7, 276, 0
7, 277, 55
7, 278, 40
7, 279, 14
7, 280, 5
7, 281, 0
7, 282, 0
7, 283, 0
7, 284, 0
7, 285, 0
7, 286, 43
7, 287, 0
7, 288, 20
7, 289, 0
7, 290, 0
7, 291, 52
7, 292, 0
7, 293, 9
7, 294, 15
7, 295, 0
7, 296, 47
7, 297, 0
7, 298, 0
7, 299, 0
7, 300, 0
7, 301, 0
7, 302, 49
7, 303, 0
7, 304, 0
7, 305, 42
7, 306, 0
7, 307, 33
7, 308, 0
7, 309, 0
7, 310, 0
7, 311, 0
7, 312, 0
7, 313, 10
7, 314, 0
7, 315, 0
7, 316, 0
7, 317, 0
7, 318, 0
7, 319, 0
7, 320, 0
7, 321, 0
7, 322, 49
7, 323, 0
7, 324, 37
7, 325, 0
7, 326, 0
7, 327, 0
7, 328, 0
7, 329, 0
7, 330, 39
7, 331, 0
7, 332, 0
7, 333, 22
7, 334, 0
7, 335, 0
7, 336, 0
7, 337, 0
7, 338, 0
7, 339, 46
7, 340, 0
7, 341, 0
7, 342, 0
7, 343, 0
7, 344, 0
7, 345, 0
7, 346, 18
7, 347, 2
7, 348, 0
7, 349, 0
7, 350, 54
7, 351, 53
7, 352, 0
7, 353, 0
7, 354, 39
7, 355, 28
7, 356, 0
7, 357, 0
7, 358, 0
7, 359, 0
7, 360, 42
7, 361, 0
7, 362, 0
7, 363, 34
7, 364, 0
7, 365, 47
7, 366, 35
7, 367, 29
7, 368, 0
7, 369, 0
7, 370, 30
7, 371, 0
7, 372, 26
7, 373, 0
7, 374, 11
7, 375, 0
7, 376, 0
7, 377, 38
7, 378, 0
7, 379, 46
7, 380, 14
7, 381, 47
7, 382, 0
7, 383, 0
7, 384, 0
7, 385, 4
7, 386, 56
7, 387, 24
7, 388, 0
7, 389, 42
7, 390, 0
7, 391, 49
7, 392, 0
7, 393, 45
7, 394, 0
7, 395, 0
7, 396, 0
7, 397, 0
7, 398, 21
7, 399, 50
8, 0, 0
8, 1, 0
8, 2, 43
8, 3, 0
8, 4, 0
8, 5, 0
8, 6, 0
8, 7, 0
8, 8, 33
8, 9, 0
8, 10, 0
8, 11, 33
8, 12, 34
8, 13, 58
8, 14, 0
8, 15, 0
8, 16, 0
8, 17, 0
8, 18, 0
8, 19, 0
8, 20, 0
8, 21, 57
8, 22, 29
8, 23, 0
8, 24, 29
8, 25, 0
8, 26, 0
8, 27, 18
8, 28, 51
8, 29, 0
8, 30, 8
8, 31, 0
8, 32, 0
8, 33, 7
8, 34, 41
8, 35, 0
8, 36, 54
8, 37, 0
8, 38, 0
8, 39, 38
8, 40, 19
8, 41, 0
8, 42, 0
8, 43, 0
8, 44, 0
8, 45, 21
8, 46, 0
8, 47, 0
8, 48, 0
8, 49, 0
8, 50, 0
8, 51, 17
8, 52, 0
8, 53, 0
8, 54, 0
8, 55, 0
8, 56, 0
8, 57, 0
8, 58, 37
8, 59, 0
8, 60, 49
8, 61, 0
8, 62, 22
8, 63, 0
8, 64, 0
8, 65, 0
8, 66, 0
8, 67, 0
8, 68, 0
8, 69, 0
8, 70, 25
8, 71, 0
8, 72, 0
8, 73, 0
8, 74, 0
8, 75, 48
8, 76, 50
8, 77, 8
8, 78, 51
8, 79, 36
8, 80, 0
8, 81, 0
8, 82, 0
8, 83, 0
8, 84, 0
8, 85, 0
8, 86, 0
8, 87, 7
8, 88, 0
8, 89, 0
8, 90, 33
8, 91, 0
8, 92, 6
8, 93, 0
8, 94, 0
8, 95, 43
8, 96, 53
8, 97, 12
8, 98, 47
8, 99, 0
8, 100, 49
8, 101, 0
8, 102, 0
8, 103, 0
8, 104, 46
8, 105, 0
8, 106, 0
8, 107, 0
8, 108, 0
8, 109, 18
8, 110, 0
8, 111, 0
8, 112, 0
8, 113, 0
8, 114, 0
8, 115, 0
8, 116, 0
8, 117, 53
8, 118, 0
8, 119, 34
8, 120, 0
8, 121, 0
8, 122, 0
8, 123, 29
8, 124, 0
8, 125, 0
8, 126, 0
8, 127, 0
8, 128, 0
8, 129, 0
8, 130, 0
8, 131, 32
8, 132, 0
8, 133, 0
8, 134, 15
8, 135, 36
8, 136, 0
8, 137, 0
8, 138, 54
8, 139, 22
8, 140, 23
8, 141, 0
8, 142, 18
8, 143, 57
8, 144, 0
8, 145, 34
8, 146, 0
8, 147, 28
8, 148, 13
8, 149, 2
8, 150, 41
8, 151, 17
8, 152, 0
8, 153, 0
8, 154, 0
8, 155, 33
8, 156, 0
8, 157, 43
8, 158, 0
8, 159, 0
8, 160, 0
8, 161, 0
8, 162, 27
8, 163, 0
8, 164, 18
8, 165, 7
8, 166, 0
8, 167, 0
8, 168, 0
8, 169, 43
8, 170, 29
8, 171, 0
8, 172, 0
8, 173, 0
8, 174, 0
8, 175, 25
8, 176, 20
8, 177, 0
8, 178, 0
8, 179, 0
8, 180, 62
8, 181, 0
8, 182, 4
8, 183, 12
8, 184, 15
8, 185, 0
8, 186, 0
8, 187, 0
8, 188, 0
8, 189, 0
8, 190, 47
8, 191, 0
8, 192, 0
8, 193, 0
8, 194, 0
8, 195, 0
8, 196, 0
8, 197, 48
8, 198, 0
8, 199, 27
8, 200, 0
8, 201, 0
8, 202, 0
8, 203, 0
8, 204, 0
8, 205, 0
8, 206, 21
8, 207, 46
8, 208, 0
8, 209, 28
8, 210, 0
8, 211, 0
8, 212, 49
8, 213, 0
8, 214, 47
8, 215, 0
8, 216, 23
8, 217, 0
8, 218, 0
8, 219, 37
8, 220, 40
8, 221, 0
8, 222, 0
8, 223, 0
8, 224, 1
8, 225, 0
8, 226, 0
8, 227, 58
8, 228, 0
8, 229, 0
8, 230, 0
8, 231, 0
8, 232, 49
8, 233, 51
8, 234, 0
8, 235, 41
8, 236, 0
8, 237, 0
8, 238, 0
8, 239, 0
8, 240, 0
8, 241, 0
8, 242, 0
8, 243, 0
8, 244, 0
8, 245, 43
8, 246, 32
8, 247, 53
8, 248, 0
8, 249, 43
8, 250, 0
8, 251, 0
8, 252, 0
8, 253, 54
8, 254, 0
8, 255, 0
8, 256, 0
8, 257, 0
8, 258, 0
8, 259, 0
8, 260, 0
8, 261, 29
8, 262, 0
8, 263, 0
8, 264, 0
8, 265, 0
8, 266, 0
8, 267, 0
8, 268, 0
8, 269, 24
8, 270, 22
8, 271, 0
8, 272, 31
8, 273, 0
8, 274, 34
8, 275, 0
8, 276, 8
8, 277, 0
8, 278, 31
8, 279, 0
8, 280, 27
8, 281, 0
8, 282, 0
8, 283, 0
8, 284, 0
8, 285, 0
8, 286, 0
8, 287, 0
8, 288, 0
8, 289, 12
8, 290, 0
8, 291, 0
8, 292, 0
8, 293, 0
8, 294, 20
8, 295, 0
8, 296, 35
8, 297, 0
8, 298, 0
8, 299, 33
8, 300, 0
8, 301, 0
8, 302, 0
8, 303, 0
8, 304, 0
8, 305, 52
8, 306, 23
8, 307, 0
8, 308, 0
8, 309, 57
8, 310, 0
8, 311, 48
8, 312, 2
8, 313, 0
8, 314, 36
8, 315, 0
8, 316, 0
8, 317, 0
8, 318, 40
8, 319, 51
8, 320, 41
8, 321, 0
8, 322, 0
8, 323, 0
8, 324, 12
8, 325, 0
8, 326, 0
8, 327, 0
8, 328, 54
8, 329, 25
8, 330, 0
8, 331, 0
8, 332, 0
8, 333, 0
8, 334, 0
8, 335, 0
8, 336, 0
8, 337, 0
8, 338, 0
8, 339, 0
8, 340, 0
8, 341, 0
8, 342, 0
8, 343, 28
8, 344, 0
8, 345, 0
8, 346, 0
8, 347, 24
8, 348, 58
8, 349, 23
8, 350, 0
8, 351, 0
8, 352, 49
8, 353, 29
8, 354, 0
8, 355, 4
8, 356, 0
8, 357, 0
8, 358, 0
8, 359, 0
8, 360, 0
8, 361, 54
8, 362, 0
8, 363, 0
8, 364, 0
8, 365, 0
8, 366, 0
8, 367, 62
8, 368, 0
8, 369, 0
8, 370, 0
8, 371, 0
8, 372, 0
8, 373, 43
8, 374, 0
8, 375, 0
8, 376, 0
8, 377, 10
8, 378, 0
8, 379, 34
8, 380, 0
8, 381, 0
8, 382, 0
8, 383, 0
8, 384, 0
8, 385, 0
8, 386, 47
8, 387, 0
8, 388, 0
8, 389, 0
8, 390, 0
8, 391, 0
8, 392, 0
8, 393, 7
8, 394, 54
8, 395, 21
8, 396, 0
8, 397, 35
8, 398, 32
8, 399, 24
9, 0, 0
9, 1, 0
9, 2, 0
9, 3, 0
9, 4, 0
9, 5, 0
9, 6, 24
9, 7, 5
9, 8, 1
9, 9, 0
9, 10, 51
9, 11, 0
9, 12, 0
9, 13, 7
9, 14, 23
9, 15, 26
9, 16, 0
9, 17, 0
9, 18, 30
9, 19, 4
9, 20, 39
9, 21, 0
9, 22, 8
9, 23, 58
9, 24, 0
9, 25, 0
9, 26, 0
9, 27, 0
9, 28, 0
9, 29, 0
9, 30, 0
9, 31, 19
9, 32, 0
9, 33, 0
9, 34, 0
9, 35, 0
9, 36, 0
9, 37, 23
9, 38, 36
9, 39, 0
9, 40, 7
9, 41, 0
9, 42, 0
9, 43, 0
9, 44, 57
9, 45, 0
9, 46, 0
9, 47, 10
9, 48, 33
9, 49, 0
9, 50, 13
9, 51, 0
9, 52, 0
9, 53, 33
9, 54, 0
9, 55, 7
9, 56, 0
9, 57, 0
9, 58, 2
9, 59, 17
9, 60, 50
9, 61, 0
9, 62, 0
9, 63, 0
9, 64, 10
9, 65, 35
9, 66, 0
9, 67, 52
9, 68, 18
9, 69, 11
9, 70, 41
9, 71, 0
9, 72, 49
9, 73, 46
9, 74, 0
9, 75, 0
9, 76, 43
9, 77, 20
9, 78, 0
9, 79, 0
9, 80, 0
9, 81, 3
9, 82, 0
9, 83, 0
9, 84, 51
9, 85, 0
9, 86, 0
9, 87, 0
9, 88, 0
9, 89, 19
9, 90, 0
9, 91, 0
9, 92, 38
9, 93, 56
9, 94, 0
9, 95, 0
9, 96, 0
9, 97, 30
9, 98, 45
9, 99, 0
9, 100, 0
9, 101, 0
9, 102, 0
9, 103, 0
9, 104, 0
9, 105, 0
9, 106, 0
9, 107, 44
9, 108, 32
9, 109, 28
9, 110, 0
9, 111, 39
9, 112, 0
9, 113, 0
9, 114, 0
9, 115, 0
9, 116, 0
9, 117, 7
9, 118, 13
9, 119, 0
9, 120, 0
9, 121, 51
9, 122, 26
9, 123, 0
9, 124, 9
9, 125, 25
9, 126, 0
9, 127, 31
9, 128, 2
9, 129, 19
9, 130, 0
9, 131, 47
9, 132, 0
9, 133, 39
9, 134, 0
9, 135, 0
9, 136, 0
9, 137, 0
9, 138, 0
9, 139, 0
9, 140, 50
9, 141, 0
9, 142, 37
9, 143, 0
9, 144, 0
9, 145, 0
9, 146, 52
9, 147, 1
9, 148, 51
9, 149, 0
9, 150, 48
9, 151, 0
9, 152, 0
9, 153, 32
9, 154, 53
9, 155, 0
9, 156, 0
9, 157, 0
9, 158, 0
9, 159, 0
9, 160, 1
9, 161, 0
9, 162, 0
9, 163, 39
9, 164, 0
9, 165, 0
9, 166, 7
9, 167, 0
9, 168, 0
9, 169, 0
9, 170, 0
9, 171, 0
9, 172, 0
9, 173, 0
9, 174, 0
9, 175, 11
9, 176, 0
9, 177, 23
9, 178, 0
9, 179, 41
9, 180, 16
9, 181, 0
9, 182, 0
9, 183, 36
9, 184, 26
9, 185, 0
9, 186, 0
9, 187, 49
9, 188, 0
9, 189, 0
9, 190, 0
9, 191, 4
9, 192, 35
9, 193, 28
9, 194, 0
9, 195, 5
9, 196, 0
9, 197, 0
9, 198, 0
9, 199, 0
9, 200, 0
9, 201, 0
9, 202, 0
9, 203, 46
9, 204, 12
9, 205, 23
9, 206, 53
9, 207, 33
9, 208, 0
9, 209, 0
9, 210, 0
9, 211, 55
9, 212, 0
9, 213, 0
9, 214, 0
9, 215, 18
9, 216, 0
9, 217, 0
9, 218, 0
9, 219, 0
9, 220, 0
9, 221, 0
9, 222, 14
9, 223, 0
9, 224, 31
9, 225, 33
9, 226, 0
9, 227, 0
9, 228, 0
9, 229, 5
9, 230, 2
9, 231, 0
9, 232, 16
9, 233, 0
9, 234, 0
9, 235, 25
9, 236, 30
9, 237, 0
9, 238, 0
9, 239, 0
9, 240, 0
9, 241, 0
9, 242, 0
9, 243, 0
9, 244, 0
9, 245, 0
9, 246, 0
9, 247, 0
9, 248, 19
9, 249, 0
9, 250, 56
9, 251, 22
9, 252, 0
9, 253, 0
9, 254, 0
9, 255, 0
9, 256, 0
9, 257, 28
9, 258, 0
9, 259, 0
9, 260, 0
9, 261, 0
9, 262, 0
9, 263, 0
9, 264, 0
9, 265, 8
9, 266, 0
9, 267, 13
9, 268, 0
9, 269, 48
9, 270, 46
9, 271, 0
9, 272, 0
9, 273, 0
9, 274, 0
9, 275, 0
9, 276, 37
9, 277, 41
9, 278, 0
9, 279, 0
9, 280, 41
9, 281, 0
9, 282, 0
9, 283, 22
9, 284, 0
9, 285, 38
9, 286, 44
9, 287, 51
9, 288, 7
9, 289, 30
9, 290, 0
9, 291, 0
9, 292, 48
9, 293, 0
9, 294, 35
9, 295, 46
9, 296, 23
9, 297, 51
9, 298, 0
9, 299, 17
9, 300, 0
9, 301, 43
9, 302, 0
9, 303, 0
9, 304, 4
9, 305, 0
9, 306, 0
9, 307, 0
9, 308, 0
9, 309, 35
9, 310, 55
9, 311, 0
9, 312, 0
9, 313, 0
9, 314, 0
9, 315, 12
9, 316, 0
9, 317, 23
9, 318, 0
9, 319, 0
9, 320, 0
9, 321, 0
9, 322, 0
9, 323, 0
9, 324, 0
9, 325, 57
9, 326, 0
9, 327, 36
9, 328, 0
9, 329, 0
9, 330, 0
9, 331, 0
9, 332, 0
9, 333, 47
9, 334, 0
9, 335, 19
9, 336, 8
9, 337, 0
9, 338, 0
9, 339, 0
9, 340, 0
9, 341, 0
9, 342, 0
9, 343, 2
9, 344, 0
9, 345, 2
9, 346, 7
9, 347, 28
9, 348, 0
9, 349, 0
9, 350, 0
9, 351, 0
9, 352, 0
9, 353, 0
9, 354, 0
9, 355, 0
9, 356, 0
9, 357, 0
9, 358, 7
9, 359, 25
9, 360, 0
9, 361, 0
9, 362, 0
9, 363, 0
9, 364, 44
9, 365, 0
9, 366, 29
9, 367, 36
9, 368, 0
9, 369, 0
9, 370, 46
9, 371, 0
9, 372, 32
9, 373, 0
9, 374, 22
9, 375, 55
9, 376, 23
9, 377, 18
9, 378, 0
9, 379, 31
9, 380, 0
9, 381, 0
9, 382, 0
9, 383, 0
9, 384, 38
9, 385, 53
9, 386, 0
9, 387, 0
9, 388, 0
9, 389, 0
9, 390, 8
9, 391, 0
9, 392, 20
9, 393, 37
9, 394, 0
9, 395, 0
9, 396, 41
9, 397, 0
9, 398, 0
9, 399, 0
10, 0, 0
10, 1, 0
10, 2, 0
10, 3, 0
10, 4, 0
10, 5, 15
10, 6, 41
10, 7, 16
10, 8, 0
10, 9, 58
10, 10, 0
10, 11, 0
10, 12, 0
10, 13, 0
10, 14, 35
10, 15, 0
10, 16, 0
10, 17, 27
10, 18, 0
10, 19, 0
10, 20, 0
10, 21, 0
10, 22, 0
10, 23, 0
10, 24, 33
10, 25, 29
10, 26, 0
10, 27, 14
10, 28, 24
10, 29, 0
10, 30, 0
10, 31, 47
10, 32, 45
10, 33, 28
10, 34, 0
10, 35, 0
10, 36, 0
10, 37, 0
10, 38, 0
10, 39, 37
10, 40, 21
10, 41, 33
10, 42, 0
10, 43, 0
10, 44, 20
10, 45, 8
10, 46, 0
10, 47, 0
10, 48, 0
10, 49, 0
10, 50, 0
10, 51, 0
10, 52, 0
10, 53, 0
10, 54, 40
10, 55, 0
10, 56, 0
10, 57, 23
10, 58, 2
10, 59, 0
10, 60, 0
10, 61, 0
10, 62, 0
10, 63, 0
10, 64, 25
10, 65, 0
10, 66, 0
10, 67, 27
10, 68, 44
10, 69, 0
10, 70, 0
10, 71, 0
10, 72, 0
10, 73, 0
10, 74, 0
10, 75, 0
10, 76, 0
10, 77, 58
10, 78, 0
10, 79, 0
10, 80, 36
10, 81, 54
10, 82, 0
10, 83, 30
10, 84, 0
10, 85, 0
10, 86, 0
10, 87, 38
10, 88, 0
10, 89, 43
10, 90, 0
10, 91, 13
10, 92, 0
10, 93, 0
10, 94, 0
10, 95, 0
10, 96, 29
10, 97, 0
10, 98, 34
10, 99, 0
10, 100, 0
10, 101, 0
10, 102, 0
10, 103, 41
10, 104, 0
10, 105, 0
10, 106, 0
10, 107, 0
10, 108, 0
10, 109, 12
10, 110, 47
10, 111, 32
10, 112, 0
10, 113, 0
10, 114, 0
10, 115, 0
10, 116, 47
10, 117, 0
10, 118, 0
10, 119, 24
10, 120, 0
10, 121, 0
10, 122, 0
10, 123, 0
10, 124, 0
10, 125, 0
10, 126, 0
10, 127, 0
10, 128, 0
10, 129, 0
10, 130, 0
10, 131, 0
10, 132, 0
10, 133, 0
10, 134, 0
10, 135, 3
10, 136, 0
10, 137, 38
10, 138, 29
10, 139, 55
10, 140, 0
10, 141, 31
10, 142, 21
10, 143, 0
10, 144, 0
10, 145, 27
10, 146, 54
10, 147, 58
10, 148, 0
10, 149, 0
10, 150, 0
10, 151, 0
10, 152, 54
10, 153, 14
10, 154, 33
10, 155, 0
10, 156, 41
10, 157, 0
10, 158, 0
10, 159, 0
10, 160, 20
10, 161, 0
10, 162, 0
10, 163, 21
10, 164, 44
10, 165, 0
10, 166, 0
10, 167, 0
10, 168, 45
10, 169, 17
10, 170, 0
10, 171, 0
10, 172, 40
10, 173, 0
10, 174, 37
10, 175, 0
10, 176, 0
10, 177, 0
10, 178, 0
10, 179, 0
10, 180, 0
10, 181, 40
10, 182, 0
10, 183, 0
10, 184, 0
10, 185, 0
10, 186, 25
10, 187, 36
10, 188, 0
10, 189, 0
10, 190, 42
10, 191, 0
10, 192, 0
10, 193, 28
10, 194, 18
10, 195, 51
10, 196, 0
10, 197, 34
10, 198, 0
10, 199, 0
10, 200, 15
10, 201, 0
10, 202, 0
10, 203, 0
10, 204, 36
10, 205, 0
10, 206, 0
10, 207, 24
10, 208, 12
10, 209, 0
10, 210, 0
10, 211, 9
10, 212, 15
10, 213, 0
10, 214, 0
10, 215, 0
10, 216, 0
10, 217, 0
10, 218, 0
10, 219, 30
10, 220, 0
10, 221, 19
10, 222, 0
10, 223, 32
10, 224, 35
10, 225, 0
10, 226, 0
10, 227, 16
10, 228, 0
10, 229, 0
10, 230, 46
10, 231, 0
10, 232, 0
10, 233, 13
10, 234, 0
10, 235, 0
10, 236, 0
10, 237, 0
10, 238, 0
10, 239, 0
10, 240, 0
10, 241, 0
10, 242, 54
10, 243, 0
10, 244, 0
10, 245, 40
10, 246, 27
10, 247, 21
10, 248, 0
10, 249, 0
10, 250, 0
10, 251, 28
10, 252, 0
10, 253, 0
10, 254, 0
10, 255, 41
10, 256, 50
10, 257, 0
10, 258, 0
10, 259, 0
10, 260, 0
10, 261, 0
10, 262, 0
10, 263, 0
10, 264, 55
10, 265, 0
10, 266, 0
10, 267, 45
10, 268, 0
10, 269, 0
10, 270, 0
10, 271, 0
10, 272, 33
10, 273, 0
10, 274, 0
10, 275, 23
10, 276, 0
10, 277, 0
10, 278, 0
10, 279, 0
10, 280, 0
10, 281, 29
10, 282, 2
10, 283, 0
10, 284, 0
10, 285, 0
10, 286, 0
10, 287, 0
10, 288, 6
10, 289, 0
10, 290, 0
10, 291, 0
10, 292, 0
10, 293, 0
10, 294, 0
10, 295, 7
10, 296, 58
10, 297, 0
10, 298, 0
10, 299, 0
10, 300, 0
10, 301, 0
10, 302, 0
10, 303, 0
10, 304, 0
10, 305, 0
10, 306, 13
10, 307, 0
10, 308, 0
10, 309, 32
10, 310, 0
10, 311, 0
10, 312, 0
10, 313, 34
10, 314, 51
10, 315, 0
10, 316, 0
10, 317, 0
10, 318, 0
10, 319, 0
10, 320, 25
10, 321, 17
10, 322, 3
10, 323, 0
10, 324, 0
10, 325, 0
10, 326, 0
10, 327, 42
10, 328, 0
10, 329, 33
10, 330, 0
10, 331, 0
10, 332, 0
10, 333, 0
10, 334, 44
10, 335, 51
10, 336, 0
10, 337, 0
10, 338, 46
10, 339, 14
10, 340, 0
10, 341, 0
10, 342, 27
10, 343, 0
10, 344, 19
10, 345, 3
10, 346, 54
10, 347, 0
10, 348, 0
10, 349, 0
10, 350, 0
10, 351, 50
10, 352, 0
10, 353, 0
10, 354, 0
10, 355, 6
10, 356, 0
10, 357, 37
10, 358, 0
10, 359, 29
10, 360, 0
10, 361, 0
10, 362, 0
10, 363, 0
10, 364, 30
10, 365, 33
10, 366, 43
10, 367, 0
10, 368, 0
10, 369, 16
10, 370, 0
10, 371, 0
10, 372, 9
10, 373, 36
10, 374, 0
10, 375, 27
10, 376, 45
10, 377, 0
10, 378, 0
10, 379, 0
10, 380, 8
10, 381, 0
10, 382, 0
10, 383, 20
10, 384, 0
10, 385, 0
10, 386, 0
10, 387, 40
10, 388, 0
10, 389, 23
10, 390, 0
10, 391, 41
10, 392, 0
10, 393, 0
10, 394, 0
10, 395, 0
10, 396, 30
10, 397, 15
10, 398, 12
10, 399, 0
11, 0, 0
11, 1, 0
11, 2, 50
11, 3, 1
11, 4, 53
11, 5, 0
11, 6, 21
11, 7, 0
11, 8, 0
11, 9, 16
11, 10, 0
11, 11, 0
11, 12, 35
11, 13, 0
11, 14, 0
11, 15, 0
11, 16, 0
11, 17, 0
11, 18, 0
11, 19, 36
11, 20, 37
11, 21, 0
11, 22, 0
11, 23, 0
11, 24, 3
11, 25, 0
11, 26, 0
11, 27, 20
11, 28, 0
11, 29, 0
11, 30, 0
11, 31, 0
11, 32, 0
11, 33, 0
11, 34, 0
11, 35, 0
11, 36, 0
11, 37, 0
11, 38, 0
11, 39, 0
11, 40, 0
11, 41, 31
11, 42, 11
11, 43, 0
11, 44, 0
11, 45, 0
11, 46, 0
11, 47, 0
11, 48, 17
11, 49, 0
11, 50, 14
11, 51, 51
11, 52, 0
11, 53, 0
11, 54, 0
11, 55, 0
11, 56, 0
11, 57, 0
11, 58, 33
11, 59, 0
11, 60, 0
11, 61, 0
11, 62, 0
11, 63, 57
11, 64, 12
11, 65, 0
11, 66, 46
11, 67, 0
11, 68, 0
11, 69, 0
11, 70, 33
11, 71, 0
11, 72, 0
11, 73, 39
11, 74, 0
11, 75, 0
11, 76, 0
11, 77, 0
11, 78, 0
11, 79, 53
11, 80, 0
11, 81, 0
11, 82, 0
11, 83, 47
11, 84, 0
11, 85, 0
11, 86, 0
11, 87, 43
11, 88, 0
11, 89, 0
11, 90, 0
11, 91, 6
11, 92, 0
11, 93, 0
11, 94, 5
11, 95, 0
11, 96, 0
11, 97, 0
11, 98, 0
11, 99, 9
11, 100, 21
11, 101, 5
11, 102, 0
11, 103, 0
11, 104, 53
11, 105, 7
11, 106, 23
11, 107, 57
11, 108, 0
11, 109, 0
11, 110, 0
11, 111, 0
11, 112, 21
11, 113, 49
11, 114, 0
11, 115, 0
11, 116, 17
11, 117, 0
11, 118, 0
11, 119, 15
11, 120, 0
11, 121, 0
11, 122, 0
11, 123, 0
11, 124, 51
11, 125, 0
11, 126, 0
11, 127, 22
11, 128, 50
11, 129, 20
11, 130, 0
11, 131, 44
11, 132, 46
11, 133, 0
11, 134, 0
11, 135, 0
11, 136, 0
11, 137, 17
11, 138, 0
11, 139, 0
11, 140, 42
11, 141, 35
11, 142, 41
11, 143, 0
11, 144, 1
11, 145, 45
11, 146, 0
11, 147, 0
11, 148, 0
11, 149, 0
11, 150, 0
11, 151, 31
11, 152, 44
11, 153, 0
11, 154, 0
11, 155, 0
11, 156, 0
11, 157, 0
11, 158, 16
11, 159, 37
11, 160, 6
11, 161, 0
11, 162, 52
11, 163, 0
11, 164, 0
11, 165, 0
11, 166, 0
11, 167, 0
11, 168, 0
11, 169, 0
11, 170, 0
11, 171, 0
11, 172, 0
11, 173, 9
11, 174, 23
11, 175, 0
11, 176, 31
11, 177, 0
11, 178, 0
11, 179, 5
11, 180, 0
11, 181, 0
11, 182, 0
11, 183, 8
11, 184, 0
11, 185, 20
11, 186, 0
11, 187, 24
11, 188, 0
11, 189, 0
11, 190, 0
11, 191, 14
11, 192, 0
11, 193, 37
11, 194, 0
11, 195, 0
11, 196, 0
11, 197, 0
11, 198, 0
11, 199, 33
11, 200, 0
11, 201, 0
11, 202, 0
11, 203, 47
11, 204, 0
11, 205, 0
11, 206, 0
11, 207, 22
11, 208, 0
11, 209, 53
11, 210, 27
11, 211, 2
11, 212, 0
11, 213, 41
11, 214, 0
11, 215, 35
11, 216, 0
11, 217, 7
11, 218, 0
11, 219, 0
11, 220, 0
11, 221, 50
11, 222, 0
11, 223, 0
11, 224, 0
11, 225, 0
11, 226, 0
11, 227, 0
11, 228, 0
11, 229, 26
11, 230, 11
11, 231, 0
11, 232, 0
11, 233, 21
11, 234, 0
11, 235, 0
11, 236, 0
11, 237, 0
11, 238, 0
11, 239, 9
11, 240, 41
11, 241, 46
11, 242, 0
11, 243, 0
11, 244, 0
11, 245, 52
11, 246, 3
11, 247, 21
11, 248, 0
11, 249, 62
11, 250, 38
11, 251, 6
11, 252, 15
11, 253, 0
11, 254, 0
11, 255, 29
11, 256, 0
11, 257, 0
11, 258, 0
11, 259, 0
11, 260, 0
11, 261, 26
11, 262, 28
11, 263, 0
11, 264, 43
11, 265, 24
11, 266, 0
11, 267, 44
11, 268, 0
11, 269, 9
11, 270, 0
11, 271, 48
11, 272, 0
11, 273, 39
11, 274, 0
11, 275, 0
11, 276, 45
11, 277, 49
11, 278, 0
11, 279, 0
11, 280, 0
11, 281, 0
11, 282, 57
11, 283, 42
11, 284, 0
11, 285, 0
11, 286, 24
11, 287, 0
11, 288, 20
11, 289, 0
11, 290, 33
11, 291, 0
11, 292, 0
11, 293, 45
11, 294, 47
11, 295, 0
11, 296, 0
11, 297, 51
11, 298, 41
11, 299, 0
11, 300, 16
11, 301, 0
11, 302, 0
11, 303, 0
11, 304, 0
11, 305, 27
11, 306, 38
11, 307, 17
11, 308, 0
11, 309, 0
11, 310, 0
11, 311, 5
11, 312, 0
11, 313, 0
11, 314, 0
11, 315, 0
11, 316, 0
11, 317, 0
11, 318, 0
11, 319, 0
11, 320, 0
11, 321, 0
11, 322, 21
11, 323, 0
11, 324, 0
11, 325, 0
11, 326, 2
11, 327, 0
11, 328, 0
11, 329, 11
11, 330, 53
11, 331, 18
11, 332, 0
11, 333, 0
11, 334, 0
11, 335, 42
11, 336, 0
11, 337, 2
11, 338, 0
11, 339, 0
11, 340, 0
11, 341, 0
11, 342, 0
11, 343, 0
11, 344, 0
11, 345, 0
11, 346, 23
11, 347, 12
11, 348, 33
11, 349, 37
11, 350, 29
11, 351, 0
11, 352, 0
11, 353, 0
11, 354, 0
11, 355, 31
11, 356, 0
11, 357, 0
11, 358, 46
11, 359, 0
11, 360, 0
11, 361, 18
11, 362, 28
11, 363, 0
11, 364, 0
11, 365, 0
11, 366, 0
11, 367, 0
11, 368, 38
11, 369, 0
11, 370, 0
11, 371, 17
11, 372, 6
11, 373, 0
11, 374, 20
11, 375, 0
11, 376, 38
11, 377, 0
11, 378, 0
11, 379, 0
11, 380, 0
11, 381, 0
11, 382, 52
11, 383, 26
11, 384, 0
11, 385, 6
11, 386, 0
11, 387, 0
11, 388, 39
11, 389, 0
11, 390, 0
11, 391, 0
11, 392, 28
11, 393, 0
11, 394, 45
11, 395, 0
11, 396, 0
11, 397, 0
11, 398, 0
11, 399, 0
12, 0, 0
12, 1, 0
12, 2, 0
12, 3, 0
12, 4, 31
12, 5, 17
12, 6, 0
12, 7, 0
12, 8, 0
12, 9, 51
12, 10, 0
12, 11, 0
12, 12, 0
12, 13, 39
12, 14, 0
12, 15, 0
12, 16, 0
12, 17, 19
12, 18, 0
12, 19, 0
12, 20, 0
12, 21, 34
12, 22, 0
12, 23, 0
12, 24, 0
12, 25, 0
12, 26, 0
12, 27, 0
12, 28, 15
12, 29, 0
12, 30, 0
12, 31, 0
12, 32, 0
12, 33, 0
12, 34, 27
12, 35, 48
12, 36, 42
12, 37, 0
12, 38, 23
12, 39, 0
12, 40, 0
12, 41, 50
12, 42, 35
12, 43, 0
12, 44, 0
12, 45, 0
12, 46, 0
12, 47, 24
12, 48, 0
12, 49, 48
12, 50, 56
12, 51, 0
12, 52, 0
12, 53, 26
12, 54, 0
12, 55, 0
12, 56, 0
12, 57, 0
12, 58, 0
12, 59, 30
12, 60, 0
12, 61, 29
12, 62, 0
12, 63, 41
12, 64, 0
12, 65, 47
12, 66, 0
12, 67, 0
12, 68, 39
12, 69, 11
12, 70, 1
12, 71, 0
12, 72, 0
12, 73, 21
12, 74, 0
12, 75, 0
12, 76, 0
12, 77, 46
12, 78, 0
12, 79, 5
12, 80, 0
12, 81, 12
12, 82, 0
12, 83, 53
12, 84, 0
12, 85, 0
12, 86, 0
12, 87, 19
12, 88, 0
12, 89, 0
12, 90, 0
12, 91, 32
12, 92, 40
12, 93, 0
12, 94, 50
12, 95, 0
12, 96, 45
12, 97, 25
12, 98, 0
12, 99, 47
12, 100, 31
12, 101, 0
12, 102, 0
12, 103, 0
12, 104, 0
12, 105, 0
12, 106, 0
12, 107, 49
12, 108, 0
12, 109, 0
12, 110, 0
12, 111, 37
12, 112, 42
12, 113, 0
12, 114, 0
12, 115, 18
12, 116, 0
12, 117, 0
12, 118, 37
12, 119, 0
12, 120, 7
12, 121, 10
12, 122, 0
12, 123, 0
12, 124, 0
12, 125, 27
12, 126, 0
12, 127, 0
12, 128, 0
12, 129, 0
12, 130, 0
12, 131, 0
12, 132, 0
12, 133, 0
12, 134, 0
12, 135, 33
12, 136, 41
12, 137, 0
12, 138, 23
12, 139, 15
12, 140, 38
12, 141, 0
12, 142, 0
12, 143, 0
12, 144, 19
12, 145, 0
12, 146, 0
12, 147, 0
12, 148, 0
12, 149, 32
12, 150, 0
12, 151, 6
12, 152, 0
12, 153, 0
12, 154, 53
12, 155, 0
12, 156, 0
12, 157, 0
12, 158, 0
12, 159, 0
12, 160, 49
12, 161, 0
12, 162, 21
12, 163, 4
12, 164, 0
12, 165, 40
12, 166, 18
12, 167, 0
12, 168, 0
12, 169, 0
12, 170, 12
12, 171, 0
12, 172, 19
12, 173, 0
12, 174, 0
12, 175, 38
12, 176, 34
12, 177, 11
12, 178, 0
12, 179, 0
12, 180, 0
12, 181, 0
12, 182, 46
12, 183, 29
12, 184, 0
12, 185, 10
12, 186, 42
12, 187, 0
12, 188, 15
12, 189, 14
12, 190, 0
12, 191, 0
12, 192, 0
12, 193, 20
12, 194, 41
12, 195, 5
12, 196, 21
12, 197, 0
12, 198, 48
12, 199, 0
12, 200, 0
12, 201, 56
12, 202, 0
12, 203, 20
12, 204, 27
12, 205, 0
12, 206, 14
12, 207, 36
12, 208, 0
12, 209, 45
12, 210, 0
12, 211, 30
12, 212, 0
12, 213, 0
12, 214, 0
12, 215, 0
12, 216, 42
12, 217, 0
12, 218, 0
12, 219, 33
12, 220, 27
12, 221, 0
12, 222, 0
12, 223, 0
12, 224, 0
12, 225, 53
12, 226, 0
12, 227, 0
12, 228, 0
12, 229, 0
12, 230, 50
12, 231, 0
12, 232, 56
12, 233, 0
12, 234, 24
12, 235, 0
12, 236, 0
12, 237, 0
12, 238, 0
12, 239, 0
12, 240, 0
12, 241, 0
12, 242, 50
12, 243, 42
12, 244, 0
12, 245, 0
12, 246, 41
12, 247, 0
12, 248, 0
12, 249, 31
12, 250, 0
12, 251, 23
12, 252, 0
12, 253, 0
12, 254, 53
12, 255, 0
12, 256, 0
12, 257, 0
12, 258, 38
12, 259, 0
12, 260, 0
12, 261, 33
12, 262, 35
12, 263, 0
12, 264, 0
12, 265, 0
12, 266, 0
12, 267, 0
12, 268, 0
12, 269, 0
12, 270, 4
12, 271, 0
12, 272, 1
12, 273, 0
12, 274, 0
12, 275, 0
12, 276, 0
12, 277, 0
12, 278, 5
12, 279, 0
12, 280, 11
12, 281, 40
12, 282, 54
12, 283, 36
12, 284, 0
12, 285, 0
12, 286, 0
12, 287, 0
12, 288, 0
12, 289, 39
12, 290, 0
12, 291, 0
12, 292, 17
12, 293, 0
12, 294, 37
12, 295, 0
12, 296, 33
12, 297, 0
12, 298, 0
12, 299, 0
12, 300, 18
12, 301, 0
12, 302, 0
12, 303, 0
12, 304, 32
12, 305, 0
12, 306, 22
12, 307, 47
12, 308, 37
12, 309, 0
12, 310, 36
12, 311, 50
12, 312, 7
12, 313, 34
12, 314, 0
12, 315, 0
12, 316, 22
12, 317, 0
12, 318, 0
12, 319, 30
12, 320, 0
12, 321, 7
12, 322, 0
12, 323, 0
12, 324, 45
12, 325, 0
12, 326, 0
12, 327, 0
12, 328, 26
12, 329, 49
12, 330, 56
12, 331, 0
12, 332, 0
12, 333, 4
12, 334, 0
12, 335, 0
12, 336, 0
12, 337, 0
12, 338, 0
12, 339, 0
12, 340, 0
12, 341, 20
12, 342, 47
12, 343, 49
12, 344, 10
12, 345, 0
12, 346, 0
12, 347, 20
12, 348, 0
12, 349, 0
12, 350, 0
12, 351, 0
12, 352, 0
12, 353, 0
12, 354, 0
12, 355, 0
12, 356, 0
12, 357, 0
12, 358, 0
12, 359, 0
12, 360, 17
12, 361, 53
12, 362, 0
12, 363, 33
12, 364, 0
12, 365, 15
12, 366, 0
12, 367, 0
12, 368, 0
12, 369, 0
12, 370, 0
12, 371, 0
12, 372, 6
12, 373, 30
12, 374, 34
12, 375, 37
12, 376, 0
12, 377, 33
12, 378, 0
12, 379, 37
12, 380, 56
12, 381, 12
12, 382, 45
12, 383, 0
12, 384, 0
12, 385, 23
12, 386, 0
12, 387, 0
12, 388, 0
12, 389, 0
12, 390, 0
12, 391, 0
12, 392, 52
12, 393, 0
12, 394, 0
12, 395, 0
12, 396, 0
12, 397, 0
12, 398, 46
12, 399, 0
13, 0, 0
13, 1, 0
13, 2, 0
13, 3, 0
13, 4, 0
13, 5, 0
13, 6, 26
13, 7, 0
13, 8, 0
13, 9, 0
13, 10, 27
13, 11, 0
13, 12, 55
13, 13, 6
13, 14, 48
13, 15, 0
13, 16, 0
13, 17, 0
13, 18, 0
13, 19, 0
13, 20, 0
13, 21, 19
13, 22, 0
13, 23, 44
13, 24, 0
13, 25, 0
13, 26, 8
13, 27, 45
13, 28, 36
13, 29, 0
13, 30, 0
13, 31, 38
13, 32, 0
13, 33, 49
13, 34, 0
13, 35, 10
13, 36, 1
13, 37, 0
13, 38, 0
13, 39, 0
13, 40, 0
13, 41, 0
13, 42, 0
13, 43, 0
13, 44, 11
13, 45, 0
13, 46, 0
13, 47, 23
13, 48, 0
13, 49, 0
13, 50, 48
13, 51, 0
13, 52, 47
13, 53, 0
13, 54, 0
13, 55, 0
13, 56, 0
13, 57, 0
13, 58, 0
13, 59, 0
13, 60, 0
13, 61, 0
13, 62, 16
13, 63, 0
13, 64, 0
13, 65, 0
13, 66, 0
13, 67, 5
13, 68, 0
13, 69, 34
13, 70, 21
13, 71, 50
13, 72, 0
13, 73, 17
13, 74, 0
13, 75, 0
13, 76, 0
13, 77, 14
13, 78, 0
13, 79, 0
13, 80, 0
13, 81, 0
13, 82, 0
13, 83, 0
13, 84, 0
13, 85, 0
13, 86, 0
13, 87, 0
13, 88, 0
13, 89, 0
13, 90, 23
13, 91, 0
13, 92, 0
13, 93, 0
13, 94, 54
13, 95, 0
13, 96, 0
13, 97, 0
13, 98, 0
13, 99, 38
13, 100, 0
13, 101, 0
13, 102, 0
13, 103, 0
13, 104, 0
13, 105, 0
13, 106, 33
13, 107, 3
13, 108, 26
13, 109, 0
13, 110, 13
13, 111, 0
13, 112, 0
13, 113, 44
13, 114, 0
13, 115, 0
13, 116, 11
13, 117, 0
13, 118, 0
13, 119, 0
13, 120, 0
13, 121, 30
13, 122, 0
13, 123, 0
13, 124, 49
13, 125, 0
13, 126, 0
13, 127, 0
13, 128, 0
13, 129, 6
13, 130, 0
13, 131, 2
13, 132, 36
13, 133, 0
13, 134, 12
13, 135, 54
13, 136, 0
13, 137, 8
13, 138, 55
13, 139, 0
13, 140, 0
13, 141, 0
13, 142, 0
13, 143, 27
13, 144, 35
13, 145, 0
13, 146, 0
13, 147, 0
13, 148, 0
13, 149, 16
13, 150, 48
13, 151, 0
13, 152, 0
13, 153, 0
13, 154, 0
13, 155, 0
13, 156, 0
13, 157, 0
13, 158, 0
13, 159, 0
13, 160, 49
13, 161, 0
13, 162, 0
13, 163, 0
13, 164, 17
13, 165, 0
13, 166, 0
13, 167, 21
13, 168, 0
13, 169, 0
13, 170, 0
13, 171, 0
13, 172, 0
13, 173, 29
13, 174, 54
13, 175, 5
13, 176, 0
13, 177, 45
13, 178, 0
13, 179, 24
13, 180, 0
13, 181, 50
13, 182, 0
13, 183, 0
13, 184, 3
13, 185, 18
13, 186, 0
13, 187, 0
13, 188, 0
13, 189, 0
13, 190, 0
13, 191, 0
13, 192, 0
13, 193, 34
13, 194, 0
13, 195, 0
13, 196, 11
13, 197, 0
13, 198, 0
13, 199, 55
13, 200, 33
13, 201, 0
13, 202, 0
13, 203, 0
13, 204, 0
13, 205, 42
13, 206, 0
13, 207, 0
13, 208, 0
13, 209, 37
13, 210, 0
13, 211, 0
13, 212, 0
13, 213, 0
13, 214, 0
13, 215, 0
13, 216, 13
13, 217, 35
13, 218, 21
13, 219, 23
13, 220, 0
13, 221, 0
13, 222, 0
13, 223, 0
13, 224, 0
13, 225, 0
13, 226, 26
13, 227, 44
13, 228, 0
13, 229, 0
13, 230, 0
13, 231, 0
13, 232, 0
13, 233, 12
13, 234, 0
13, 235, 58
13, 236, 0
13, 237, 0
13, 238, 0
13, 239, 21
13, 240, 1
13, 241, 30
13, 242, 0
13, 243, 0
13, 244, 16
13, 245, 0
13, 246, 0
13, 247, 0
13, 248, 39
13, 249, 0
13, 250, 7
13, 251, 0
13, 252, 35
13, 253, 6
13, 254, 16
13, 255, 8
13, 256, 0
13, 257, 0
13, 258, 7
13, 259, 0
13, 260, 0
13, 261, 0
13, 262, 14
13, 263, 10
13, 264, 14
13, 265, 0
13, 266, 0
13, 267, 0
13, 268, 0
13, 269, 0
13, 270, 0
13, 271, 0
13, 272, 36
13, 273, 0
13, 274, 0
13, 275, 0
13, 276, 0
13, 277, 0
13, 278, 50
13, 279, 19
13, 280, 27
13, 281, 0
13, 282, 0
13, 283, 0
13, 284, 49
13, 285, 11
13, 286, 0
13, 287, 6
13, 288, 0
13, 289, 0
13, 290, 0
13, 291, 0
13, 292, 0
13, 293, 48
13, 294, 0
13, 295, 4
13, 296, 55
13, 297, 0
13, 298, 0
13, 299, 0
13, 300, 0
13, 301, 0
13, 302, 0
13, 303, 28
13, 304, 45
13, 305, 0
13, 306, 0
13, 307, 18
13, 308, 0
13, 309, 0
13, 310, 0
13, 311, 0
13, 312, 0
13, 313, 0
13, 314, 0
13, 315, 17
13, 316, 0
13, 317, 38
13, 318, 0
13, 319, 0
13, 320, 0
13, 321, 32
13, 322, 29
13, 323, 28
13, 324, 0
13, 325, 0
13, 326, 55
13, 327, 0
13, 328, 0
13, 329, 51
13, 330, 0
13, 331, 37
13, 332, 0
13, 333, 32
13, 334, 0
13, 335, 0
13, 336, 0
13, 337, 0
13, 338, 8
13, 339, 0
13, 340, 1
13, 341, 0
13, 342, 37
13, 343, 0
13, 344, 0
13, 345, 49
13, 346, 0
13, 347, 0
13, 348, 0
13, 349, 0
13, 350, 0
13, 351, 32
13, 352, 0
13, 353, 7
13, 354, 0
13, 355, 58
13, 356, 0
13, 357, 42
13, 358, 0
13, 359, 12
13, 360, 0
13, 361, 0
13, 362, 0
13, 363, 0
13, 364, 0
13, 365, 0
13, 366, 0
13, 367, 23
13, 368, 42
13, 369, 0
13, 370, 50
13, 371, 26
13, 372, 45
13, 373, 0
13, 374, 0
13, 375, 0
13, 376, 0
13, 377, 0
13, 378, 46
13, 379, 3
13, 380, 0
13, 381, 16
13, 382, 0
13, 383, 30
13, 384, 37
13, 385, 0
13, 386, 0
13, 387, 0
13, 388, 0
13, 389, 45
13, 390, 0
13, 391, 6
13, 392, 35
13, 393, 0
13, 394, 0
13, 395, 0
13, 396, 0
13, 397, 0
13, 398, 0
13, 399, 12
14, 0, 0
14, 1, 8
14, 2, 0
14, 3, 44
14, 4, 33
14, 5, 0
14, 6, 0
14, 7, 0
14, 8, 34
14, 9, 0
14, 10, 14
14, 11, 47
14, 12, 2
14, 13, 0
14, 14, 32
14, 15, 0
14, 16, 0
14, 17, 0
14, 18, 40
14, 19, 5
14, 20, 0
14, 21, 0
14, 22, 0
14, 23, 0
14, 24, 0
14, 25, 43
14, 26, 0
14, 27, 0
14, 28, 8
14, 29, 0
14, 30, 4
14, 31, 0
14, 32, 23
14, 33, 6
14, 34, 0
14, 35, 0
14, 36, 54
14, 37, 7
14, 38, 33
14, 39, 0
14, 40, 0
14, 41, 0
14, 42, 0
14, 43, 8
14, 44, 30
14, 45, 41
14, 46, 44
14, 47, 0
14, 48, 0
14, 49, 0
14, 50, 0
14, 51, 0
14, 52, 0
14, 53, 55
14, 54, 0
14, 55, 5
14, 56, 24
14, 57, 0
14, 58, 16
14, 59, 0
14, 60, 31
14, 61, 56
14, 62, 28
14, 63, 0
14, 64, 0
14, 65, 11
14, 66, 0
14, 67, 18
14, 68, 0
14, 69, 0
14, 70, 29
14, 71, 0
14, 72, 42
14, 73, 23
14, 74, 0
14, 75, 0
14, 76, 0
14, 77, 0
14, 78, 30
14, 79, 0
14, 80, 0
14, 81, 48
14, 82, 0
14, 83, 59
14, 84, 0
14, 85, 4
14, 86, 0
14, 87, 0
14, 88, 0
14, 89, 0
14, 90, 37
14, 91, 23
14, 92, 0
14, 93, 0
14, 94, 0
14, 95, 0
14, 96, 15
14, 97, 51
14, 98, 15
14, 99, 0
14, 100, 32
14, 101, 19
14, 102, 0
14, 103, 58
14, 104, 3
14, 105, 52
14, 106, 0
14, 107, 0
14, 108, 0
14, 109, 0
14, 110, 0
14, 111, 47
14, 112, 35
14, 113, 0
14, 114, 0
14, 115, 0
14, 116, 7
14, 117, 0
14, 118, 0
14, 119, 0
14, 120, 0
14, 121, 0
14, 122, 5
14, 123, 0
14, 124, 45
14, 125, 0
14, 126, 20
14, 127, 0
14, 128, 0
14, 129, 24
14, 130, 0
14, 131, 40
14, 132, 4
14, 133, 19
14, 134, 0
14, 135, 0
14, 136, 0
14, 137, 0
14, 138, 0
14, 139, 28
14, 140, 0
14, 141, 0
14, 142, 8
14, 143, 0
14, 144, 0
14, 145, 0
14, 146, 0
14, 147, 7
14, 148, 0
14, 149, 24
14, 150, 0
14, 151, 0
14, 152, 0
14, 153, 0
14, 154, 0
14, 155, 55
14, 156, 22
14, 157, 0
14, 158, 42
14, 159, 3
14, 160, 0
14, 161, 0
14, 162, 0
14, 163, 0
14, 164, 0
14, 165, 0
14, 166, 0
14, 167, 22
14, 168, 29
14, 169, 41
14, 170, 54
14, 171, 15
14, 172, 0
14, 173, 0
14, 174, 0
14, 175, 0
14, 176, 0
14, 177, 33
14, 178, 0
14, 179, 0
14, 180, 0
14, 181, 14
14, 182, 0
14, 183, 0
14, 184, 0
14, 185, 0
14, 186, 0
14, 187, 0
14, 188, 42
14, 189, 0
14, 190, 0
14, 191, 38
14, 192, 0
14, 193, 0
14, 194, 4
14, 195, 0
14, 196, 43
14, 197, 0
14, 198, 0
14, 199, 2
14, 200, 0
14, 201, 21
14, 202, 0
14, 203, 58
14, 204, 0
14, 205, 18
14, 206, 41
14, 207, 62
14, 208, 0
14, 209, 13
14, 210, 34
14, 211, 8
14, 212, 0
14, 213, 16
14, 214, 56
14, 215, 48
14, 216, 53
14, 217, 0
14, 218, 9
14, 219, 0
14, 220, 0
14, 221, 4
14, 222, 0
14, 223, 0
14, 224, 52
14, 225, 0
14, 226, 0
14, 227, 0
14, 228, 0
14, 229, 0
14, 230, 49
14, 231, 0
14, 232, 0
14, 233, 0
14, 234, 0
14, 235, 9
14, 236, 6
14, 237, 0
14, 238, 0
14, 239, 51
14, 240, 31
14, 241, 7
14, 242, 34
14, 243, 0
14, 244, 3
14, 245, 35
14, 246, 0
14, 247, 0
14, 248, 0
14, 249, 0
14, 250, 0
14, 251, 0
14, 252, 0
14, 253, 13
14, 254, 13
14, 255, 0
14, 256, 0
14, 257, 22
14, 258, 0
14, 259, 39
14, 260, 0
14, 261, 51
14, 262, 24
14, 263, 0
14, 264, 30
14, 265, 0
14, 266, 24
14, 267, 0
14, 268, 0
14, 269, 0
14, 270, 0
14, 271, 35
14, 272, 0
14, 273, 11
14, 274, 0
14, 275, 18
14, 276, 3
14, 277, 0
14, 278, 40
14, 279, 0
14, 280, 28
14, 281, 0
14, 282, 38
14, 283, 0
14, 284, 0
14, 285, 0
14, 286, 17
14, 287, 0
14, 288, 0
14, 289, 0
14, 290, 58
14, 291, 0
14, 292, 44
14, 293, 0
14, 294, 0
14, 295, 45
14, 296, 0
14, 297, 55
14, 298, 0
14, 299, 0
14, 300, 0
14, 301, 0
14, 302, 0
14, 303, 0
14, 304, 33
14, 305, 0
14, 306, 0
14, 307, 29
14, 308, 48
14, 309, 0
14, 310, 0
14, 311, 0
14, 312, 0
14, 313, 22
14, 314, 0
14, 315, 0
14, 316, 54
14, 317, 36
14, 318, 0
14, 319, 19
14, 320, 0
14, 321, 0
14, 322, 0
14, 323, 0
14, 324, 0
14, 325, 0
14, 326, 23
14, 327, 0
14, 328, 0
14, 329, 52
14, 330, 34
14, 331, 0
14, 332, 24
14, 333, 28
14, 334, 0
14, 335, 0
14, 336, 0
14, 337, 0
14, 338, 62
14, 339, 16
14, 340, 54
14, 341, 0
14, 342, 0
14, 343, 21
14, 344, 0
14, 345, 8
14, 346, 0
14, 347, 0
14, 348, 24
14, 349, 0
14, 350, 0
14, 351, 0
14, 352, 49
14, 353, 0
14, 354, 0
14, 355, 59
14, 356, 0
14, 357, 0
14, 358, 28
14, 359, 0
14, 360, 0
14, 361, 0
14, 362, 13
14, 363, 0
14, 364, 0
14, 365, 0
14, 366, 0
14, 367, 17
14, 368, 30
14, 369, 40
14, 370, 0
14, 371, 32
14, 372, 57
14, 373, 0
14, 374, 39
14, 375, 0
14, 376, 56
14, 377, 45
14, 378, 0
14, 379, 0
14, 380, 59
14, 381, 0
14, 382, 0
14, 383, 0
14, 384, 0
14, 385, 0
14, 386, 0
14, 387, 0
14, 388, 0
14, 389, 43
14, 390, 0
14, 391, 0
14, 392, 48
14, 393, 9
14, 394, 0
14, 395, 0
14, 396, 1
14, 397, 55
14, 398, 35
14, 399, 0
15, 0, 0
15, 1, 41
15, 2, 0
15, 3, 0
15, 4, 0
15, 5, 0
15, 6, 0
15, 7, 55
15, 8, 0
15, 9, 0
15, 10, 0
15, 11, 0
15, 12, 22
15, 13, 0
15, 14, 0
15, 15, 0
15, 16, 0
15, 17, 8
15, 18, 15
15, 19, 0
15, 20, 0
15, 21, 0
15, 22, 0
15, 23, 0
15, 24, 49
15, 25, 24
15, 26, 50
15, 27, 0
15, 28, 34
15, 29, 0
15, 30, 25
15, 31, 0
15, 32, 0
15, 33, 51
15, 34, 0
15, 35, 29
15, 36, 0
15, 37, 0
15, 38, 0
15, 39, 0
15, 40, 38
15, 41, 0
15, 42, 0
15, 43, 0
15, 44, 0
15, 45, 0
15, 46, 36
15, 47, 0
15, 48, 0
15, 49, 33
15, 50, 0
15, 51, 0
15, 52, 0
15, 53, 30
15, 54, 0
15, 55, 0
15, 56, 0
15, 57, 0
15, 58, 26
15, 59, 32
15, 60, 0
15, 61, 0
15, 62, 21
15, 63, 0
15, 64, 40
15, 65, 22
15, 66, 0
15, 67, 0
15, 68, 0
15, 69, 55
15, 70, 31
15, 71, 0
15, 72, 0
15, 73, 48
15, 74, 0
15, 75, 0
15, 76, 0
15, 77, 57
15, 78, 40
15, 79, 0
15, 80, 0
15, 81, 0
15, 82, 0
15, 83, 0
15, 84, 15
15, 85, 27
15, 86, 0
15, 87, 0
15, 88, 43
15, 89, 19
15, 90, 18
15, 91, 0
15, 92, 0
15, 93, 13
15, 94, 2
15, 95, 0
15, 96, 0
15, 97, 59
15, 98, 24
15, 99, 16
15, 100, 49
15, 101, 0
15, 102, 6
15, 103, 41
15, 104, 0
15, 105, 34
15, 106, 12
15, 107, 0
15, 108, 0
15, 109, 0
15, 110, 0
15, 111, 0
15, 112, 0
15, 113, 0
15, 114, 0
15, 115, 0
15, 116, 0
15, 117, 0
15, 118, 0
15, 119, 0
15, 120, 0
15, 121, 3
15, 122, 0
15, 123, 0
15, 124, 47
15, 125, 2
15, 126, 0
15, 127, 0
15, 128, 0
15, 129, 0
15, 130, 0
15, 131, 0
15, 132, 0
15, 133, 54
15, 134, 33
15, 135, 9
15, 136, 0
15, 137, 0
15, 138, 52
15, 139, 0
15, 140, 0
15, 141, 0
15, 142, 0
15, 143, 0
15, 144, 49
15, 145, 0
15, 146, 0
15, 147, 0
15, 148, 6
15, 149, 45
15, 150, 0
15, 151, 0
15, 152, 0
15, 153, 0
15, 154, 0
15, 155, 28
15, 156, 44
15, 157, 0
15, 158, 0
15, 159, 0
15, 160, 0
15, 161, 51
15, 162, 0
15, 163, 44
15, 164, 0
15, 165, 0
15, 166, 0
15, 167, 0
15, 168, 15
15, 169, 24
15, 170, 0
15, 171, 37
15, 172, 0
15, 173, 0
15, 174, 0
15, 175, 0
15, 176, 0
15, 177, 14
15, 178, 53
15, 179, 0
15, 180, 0
15, 181, 0
15, 182, 0
15, 183, 0
15, 184, 54
15, 185, 5
15, 186, 0
15, 187, 29
15, 188, 26
15, 189, 0
15, 190, 0
15, 191, 0
15, 192, 32
15, 193, 0
15, 194, 0
15, 195, 0
15, 196, 41
15, 197, 0
15, 198, 0
15, 199, 15
15, 200, 0
15, 201, 7
15, 202, 0
15, 203, 25
15, 204, 0
15, 205, 0
15, 206, 38
15, 207, 0
15, 208, 0
15, 209, 11
15, 210, 50
15, 211, 9
15, 212, 0
15, 213, 49
15, 214, 0
15, 215, 0
15, 216, 40
15, 217, 36
15, 218, 0
15, 219, 0
15, 220, 29
15, 221, 0
15, 222, 11
15, 223, 0
15, 224, 0
15, 225, 0
15, 226, 48
15, 227, 0
15, 228, 0
15, 229, 0
15, 230, 0
15, 231, 28
15, 232, 25
15, 233, 0
15, 234, 0
15, 235, 0
15, 236, 0
15, 237, 0
15, 238, 22
15, 239, 18
15, 240, 0
15, 241, 0
15, 242, 0
15, 243, 0
15, 244, 51
15, 245, 0
15, 246, 0
15, 247, 0
15, 248, 34
15, 249, 55
15, 250, 0
15, 251, 0
15, 252, 7
15, 253, 0
15, 254, 0
15, 255, 51
15, 256, 16
15, 257, 10
15, 258, 43
15, 259, 0
15, 260, 0
15, 261, 0
15, 262, 0
15, 263, 27
15, 264, 31
15, 265, 0
15, 266, 0
15, 267, 54
15, 268, 28
15, 269, 0
15, 270, 0
15, 271, 0
15, 272, 0
15, 273, 0
15, 274, 0
15, 275, 0
15, 276, 33
15, 277, 0
15, 278, 0
15, 279, 47
15, 280, 0
15, 281, 57
15, 282, 53
15, 283, 0
15, 284, 0
15, 285, 0
15, 286, 51
15, 287, 0
15, 288, 0
15, 289, 0
15, 290, 0
15, 291, 26
15, 292, 0
15, 293, 0
15, 294, 53
15, 295, 0
15, 296, 0
15, 297, 9
15, 298, 0
15, 299, 0
15, 300, 0
15, 301, 0
15, 302, 0
15, 303, 0
15, 304, 55
15, 305, 0
15, 306, 0
15, 307, 59
15, 308, 0
15, 309, 0
15, 310, 37
15, 311, 0
15, 312, 51
15, 313, 0
15, 314, 0
15, 315, 16
15, 316, 38
15, 317, 0
15, 318, 0
15, 319, 0
15, 320, 0
15, 321, 55
15, 322, 0
15, 323, 0
15, 324, 0
15, 325, 0
15, 326, 0
15, 327, 0
15, 328, 11
15, 329, 0
15, 330, 0
15, 331, 0
15, 332, 0
15, 333, 0
15, 334, 0
15, 335, 0
15, 336, 0
15, 337, 16
15, 338, 28
15, 339, 0
15, 340, 50
15, 341, 0
15, 342, 29
15, 343, 0
15, 344, 0
15, 345, 41
15, 346, 0
15, 347, 16
15, 348, 0
15, 349, 0
15, 350, 25
15, 351, 0
15, 352, 40
15, 353, 45
15, 354, 32
15, 355, 24
15, 356, 0
15, 357, 36
15, 358, 38
15, 359, 0
15, 360, 0
15, 361, 1
15, 362, 0
15, 363, 0
15, 364, 0
15, 365, 0
15, 366, 0
15, 367, 0
15, 368, 0
15, 369, 0
15, 370, 40
15, 371, 0
15, 372, 0
15, 373, 0
15, 374, 2
15, 375, 0
15, 376, 0
15, 377, 0
15, 378, 31
15, 379, 26
15, 380, 0
15, 381, 0
15, 382, 0
15, 383, 0
15, 384, 0
15, 385, 0
15, 386, 0
15, 387, 0
15, 388, 27
15, 389, 0
15, 390, 47
15, 391, 0
15, 392, 15
15, 393, 0
15, 394, 0
15, 395, 0
15, 396, 0
15, 397, 0
15, 398, 10
15, 399, 0
16, 0, 0
16, 1, 38
16, 2, 0
16, 3, 47
16, 4, 0
16, 5, 20
16, 6, 0
16, 7, 0
16, 8, 15
16, 9, 0
16, 10, 44
16, 11, 46
16, 12, 16
16, 13, 0
16, 14, 27
16, 15, 0
16, 16, 0
16, 17, 56
16, 18, 0
16, 19, 28
16, 20, 20
16, 21, 36
16, 22, 31
16, 23, 0
16, 24, 0
16, 25, 0
16, 26, 0
16, 27, 0
16, 28, 23
16, 29, 0
16, 30, 0
16, 31, 0
16, 32, 0
16, 33, 37
16, 34, 0
16, 35, 0
16, 36, 0
16, 37, 0
16, 38, 21
16, 39, 0
16, 40, 0
16, 41, 0
16, 42, 51
16, 43, 10
16, 44, 37
16, 45, 0
16, 46, 0
16, 47, 42
16, 48, 25
16, 49, 0
16, 50, 0
16, 51, 0
16, 52, 43
16, 53, 0
16, 54, 0
16, 55, 0
16, 56, 45
16, 57, 0
16, 58, 0
16, 59, 0
16, 60, 0
16, 61, 35
16, 62, 27
16, 63, 56
16, 64, 0
16, 65, 0
16, 66, 41
16, 67, 0
16, 68, 53
16, 69, 37
16, 70, 0
16, 71, 0
16, 72, 0
16, 73, 0
16, 74, 0
16, 75, 0
16, 76, 0
16, 77, 31
16, 78, 0
16, 79, 0
16, 80, 27
16, 81, 16
16, 82, 29
16, 83, 0
16, 84, 52
16, 85, 0
16, 86, 0
16, 87, 0
16, 88, 10
16, 89, 0
16, 90, 0
16, 91, 0
16, 92, 0
16, 93, 0
16, 94, 0
16, 95, 0
16, 96, 0
16, 97, 37
16, 98, 0
16, 99, 0
16, 100, 38
16, 101, 0
16, 102, 0
16, 103, 0
16, 104, 48
16, 105, 0
16, 106, 0
16, 107, 0
16, 108, 44
16, 109, 32
16, 110, 0
16, 111, 0
16, 112, 26
16, 113, 0
16, 114, 47
16, 115, 0
16, 116, 0
16, 117, 4
16, 118, 0
16, 119, 0
16, 120, 30
16, 121, 0
16, 122, 20
16, 123, 0
16, 124, 0
16, 125, 0
16, 126, 46
16, 127, 0
16, 128, 0
16, 129, 35
16, 130, 17
16, 131, 41
16, 132, 24
16, 133, 0
16, 134, 41
16, 135, 0
16, 136, 29
16, 137, 0
16, 138, 25
16, 139, 0
16, 140, 0
16, 141, 0
16, 142, 0
16, 143, 0
16, 144, 0
16, 145, 18
16, 146, 39
16, 147, 0
16, 148, 14
16, 149, 0
16, 150, 0
16, 151, 40
16, 152, 0
16, 153, 16
16, 154, 8
16, 155, 0
16, 156, 0
16, 157, 0
16, 158, 8
16, 159, 45
16, 160, 0
16, 161, 0
16, 162, 0
16, 163, 0
16, 164, 0
16, 165, 0
16, 166, 33
16, 167, 0
16, 168, 0
16, 169, 1
16, 170, 0
16, 171, 0
16, 172, 0
16, 173, 0
16, 174, 0
16, 175, 0
16, 176, 0
16, 177, 0
16, 178, 44
16, 179, 2
16, 180, 0
16, 181, 27
16, 182, 42
16, 183, 0
16, 184, 0
16, 185, 0
16, 186, 0
16, 187, 13
16, 188, 0
16, 189, 24
16, 190, 0
16, 191, 0
16, 192, 0
16, 193, 0
16, 194, 16
16, 195, 0
16, 196, 39
16, 197, 0
16, 198, 0
16, 199, 0
16, 200, 0
16, 201, 30
16, 202, 17
16, 203, 0
16, 204, 0
16, 205, 1
16, 206, 0
16, 207, 35
16, 208, 56
16, 209, 0
16, 210, 0
16, 211, 0
16, 212, 21
16, 213, 49
16, 214, 43
16, 215, 0
16, 216, 52
16, 217, 0
16, 218, 11
16, 219, 0
16, 220, 0
16, 221, 36
16, 222, 0
16, 223, 28
16, 224, 0
16, 225, 46
16, 226, 44
16, 227, 0
16, 228, 21
16, 229, 0
16, 230, 0
16, 231, 12
16, 232, 37
16, 233, 10
16, 234, 51
16, 235, 37
16, 236, 0
16, 237, 0
16, 238, 0
16, 239, 0
16, 240, 22
16, 241, 0
16, 242, 0
16, 243, 0
16, 244, 27
16, 245, 26
16, 246, 0
16, 247, 0
16, 248, 0
16, 249, 0
16, 250, 0
16, 251, 0
16, 252, 0
16, 253, 53
16, 254, 0
16, 255, 3
16, 256, 0
16, 257, 0
16, 258, 0
16, 259, 11
16, 260, 0
16, 261, 49
16, 262, 0
16, 263, 41
16, 264, 0
16, 265, 0
16, 266, 0
16, 267, 47
16, 268, 0
16, 269, 0
16, 270, 38
16, 271, 25
16, 272, 0
16, 273, 0
16, 274, 48
16, 275, 30
16, 276, 0
16, 277, 0
16, 278, 0
16, 279, 0
16, 280, 0
16, 281, 0
16, 282, 0
16, 283, 40
16, 284, 2
16, 285, 0
16, 286, 0
16, 287, 20
16, 288, 33
16, 289, 45
16, 290, 46
16, 291, 0
16, 292, 0
16, 293, 47
16, 294, 0
16, 295, 0
16, 296, 8
16, 297, 0
16, 298, 0
16, 299, 0
16, 300, 0
16, 301, 26
16, 302, 0
16, 303, 42
16, 304, 0
16, 305, 11
16, 306, 31
16, 307, 36
16, 308, 0
16, 309, 0
16, 310, 0
16, 311, 0
16, 312, 0
16, 313, 40
16, 314, 49
16, 315, 28
16, 316, 0
16, 317, 0
16, 318, 0
16, 319, 45
16, 320, 0
16, 321, 42
16, 322, 0
16, 323, 0
16, 324, 0
16, 325, 0
16, 326, 0
16, 327, 0
16, 328, 0
16, 329, 41
16, 330, 26
16, 331, 0
16, 332, 0
16, 333, 0
16, 334, 23
16, 335, 0
16, 336, 0
16, 337, 19
16, 338, 0
16, 339, 0
16, 340, 37
16, 341, 0
16, 342, 0
16, 343, 0
16, 344, 0
16, 345, 0
16, 346, 0
16, 347, 0
16, 348, 0
16, 349, 13
16, 350, 0
16, 351, 0
16, 352, 0
16, 353, 0
16, 354, 0
16, 355, 47
16, 356, 48
16, 357, 0
16, 358, 43
16, 359, 1
16, 360, 3
16, 361, 0
16, 362, 0
16, 363, 0
16, 364, 0
16, 365, 0
16, 366, 17
16, 367, 35
16, 368, 0
16, 369, 0
16, 370, 2
16, 371, 0
16, 372, 0
16, 373, 52
16, 374, 0
16, 375, 0
16, 376, 0
16, 377, 53
16, 378, 16
16, 379, 0
16, 380, 0
16, 381, 0
16, 382, 0
16, 383, 0
16, 384, 0
16, 385, 0
16, 386, 38
16, 387, 45
16, 388, 30
16, 389, 0
16, 390, 0
16, 391, 0
16, 392, 0
16, 393, 0
16, 394, 0
16, 395, 0
16, 396, 20
16, 397, 0
16, 398, 0
16, 399, 0
17, 0, 0
17, 1, 0
17, 2, 0
17, 3, 0
17, 4, 52
17, 5, 0
17, 6, 40
17, 7, 8
17, 8, 24
17, 9, 0
17, 10, 58
17, 11, 24
17, 12, 0
17, 13, 31
17, 14, 39
17, 15, 0
17, 16, 26
17, 17, 50
17, 18, 0
17, 19, 0
17, 20, 43
17, 21, 16
17, 22, 0
17, 23, 0
17, 24, 0
17, 25, 0
17, 26, 0
17, 27, 0
17, 28, 0
17, 29, 18
17, 30, 46
17, 31, 36
17, 32, 0
17, 33, 0
17, 34, 0
17, 35, 0
17, 36, 0
17, 37, 48
17, 38, 36
17, 39, 2
17, 40, 0
17, 41, 40
17, 42, 19
17, 43, 0
17, 44, 28
17, 45, 0
17, 46, 27
17, 47, 0
17, 48, 0
17, 49, 17
17, 50, 0
17, 51, 39
17, 52, 0
17, 53, 0
17, 54, 7
17, 55, 0
17, 56, 0
17, 57, 14
17, 58, 21
17, 59, 38
17, 60, 0
17, 61, 44
17, 62, 0
17, 63, 0
17, 64, 0
17, 65, 25
17, 66, 0
17, 67, 0
17, 68, 0
17, 69, 0
17, 70, 0
17, 71, 0
17, 72, 0
17, 73, 23
17, 74, 0
17, 75, 0
17, 76, 0
17, 77, 0
17, 78, 0
17, 79, 0
17, 80, 13
17, 81, 2
17, 82, 0
17, 83, 0
17, 84, 8
17, 85, 0
17, 86, 0
17, 87, 0
17, 88, 19
17, 89, 0
17, 90, 0
17, 91, 33
17, 92, 0
17, 93, 8
17, 94, 0
17, 95, 11
17, 96, 0
17, 97, 9
17, 98, 0
17, 99, 0
17, 100, 0
17, 101, 16
17, 102, 0
17, 103, 0
17, 104, 0
17, 105, 19
17, 106, 0
17, 107, 52
17, 108, 0
17, 109, 0
17, 110, 0
17, 111, 0
17, 112, 0
17, 113, 0
17, 114, 33
17, 115, 0
17, 116, 0
17, 117, 43
17, 118, 0
17, 119, 0
17, 120, 54
17, 121, 41
17, 122, 14
17, 123, 52
17, 124, 40
17, 125, 0
17, 126, 0
17, 127, 13
17, 128, 0
17, 129, 0
17, 130, 0
17, 131, 0
17, 132, 0
17, 133, 0
17, 134, 5
17, 135, 0
17, 136, 0
17, 137, 0
17, 138, 47
17, 139, 5
17, 140, 16
17, 141, 0
17, 142, 0
17, 143, 0
17, 144, 41
17, 145, 0
17, 146, 0
17, 147, 0
17, 148, 15
17, 149, 0
17, 150, 39
17, 151, 13
17, 152, 50
17, 153, 0
17, 154, 0
17, 155, 0
17, 156, 53
17, 157, 48
17, 158, 0
17, 159, 0
17, 160, 44
17, 161, 17
17, 162, 0
17, 163, 0
17, 164, 0
17, 165, 47
17, 166, 0
17, 167, 0
17, 168, 21
17, 169, 0
17, 170, 0
17, 171, 4
17, 172, 7
17, 173, 0
17, 174, 0
17, 175, 0
17, 176, 9
17, 177, 0
17, 178, 0
17, 179, 0
17, 180, 54
17, 181, 0
17, 182, 0
17, 183, 21
17, 184, 0
17, 185, 0
17, 186, 0
17, 187, 0
17, 188, 0
17, 189, 0
17, 190, 23
17, 191, 0
17, 192, 52
17, 193, 14
17, 194, 0
17, 195, 36
17, 196, 25
17, 197, 0
17, 198, 0
17, 199, 40
17, 200, 0
17, 201, 35
17, 202, 0
17, 203, 0
17, 204, 0
17, 205, 0
17, 206, 0
17, 207, 50
17, 208, 0
17, 209, 0
17, 210, 0
17, 211, 0
17, 212, 0
17, 213, 0
17, 214, 0
17, 215, 0
17, 216, 27
17, 217, 0
17, 218, 0
17, 219, 0
17, 220, 0
17, 221, 0
17, 222, 0
17, 223, 0
17, 224, 0
17, 225, 41
17, 226, 0
17, 227, 0
17, 228, 46
17, 229, 56
17, 230, 8
17, 231, 0
17, 232, 0
17, 233, 0
17, 234, 7
17, 235, 0
17, 236, 43
17, 237, 0
17, 238, 0
17, 239, 6
17, 240, 0
17, 241, 0
17, 242, 38
17, 243, 5
17, 244, 0
17, 245, 0
17, 246, 0
17, 247, 0
17, 248, 0
17, 249, 0
17, 250, 0
17, 251, 0
17, 252, 0
17, 253, 0
17, 254, 0
17, 255, 27
17, 256, 0
17, 257, 29
17, 258, 0
17, 259, 0
17, 260, 0
17, 261, 35
17, 262, 0
17, 263, 50
17, 264, 0
17, 265, 0
17, 266, 0
17, 267, 0
17, 268, 0
17, 269, 0
17, 270, 0
17, 271, 28
17, 272, 11
17, 273, 0
17, 274, 53
17, 275, 19
17, 276, 0
17, 277, 18
17, 278, 25
17, 279, 0
17, 280, 18
17, 281, 0
17, 282, 56
17, 283, 33
17, 284, 47
17, 285, 0
17, 286, 0
17, 287, 48
17, 288, 0
17, 289, 56
17, 290, 23
17, 291, 0
17, 292, 9
17, 293, 0
17, 294, 40
17, 295, 0
17, 296, 0
17, 297, 0
17, 298, 0
17, 299, 0
17, 300, 16
17, 301, 0
17, 302, 0
17, 303, 0
17, 304, 0
17, 305, 0
17, 306, 0
17, 307, 0
17, 308, 0
17, 309, 33
17, 310, 0
17, 311, 43
17, 312, 17
17, 313, 0
17, 314, 41
17, 315, 3
17, 316, 0
17, 317, 0
17, 318, 0
17, 319, 0
17, 320, 0
17, 321, 35
17, 322, 10
17, 323, 53
17, 324, 0
17, 325, 0
17, 326, 48
17, 327, 0
17, 328, 0
17, 329, 0
17, 330, 0
17, 331, 0
17, 332, 0
17, 333, 16
17, 334, 0
17, 335, 0
17, 336, 0
17, 337, 0
17, 338, 0
17, 339, 8
17, 340, 0
17, 341, 24
17, 342, 0
17, 343, 0
17, 344, 44
17, 345, 53
17, 346, 0
17, 347, 47
17, 348, 0
17, 349, 0
17, 350, 13
17, 351, 2
17, 352, 52
17, 353, 0
17, 354, 58
17, 355, 53
17, 356, 0
17, 357, 0
17, 358, 8
17, 359, 31
17, 360, 0
17, 361, 0
17, 362, 54
17, 363, 27
17, 364, 0
17, 365, 0
17, 366, 0
17, 367, 0
17, 368, 39
17, 369, 56
17, 370, 32
17, 371, 0
17, 372, 0
17, 373, 0
17, 374, 0
17, 375, 0
17, 376, 44
17, 377, 0
17, 378, 0
17, 379, 0
17, 380, 0
17, 381, 50
17, 382, 0
17, 383, 0
17, 384, 0
17, 385, 23
17, 386, 0
17, 387, 6
17, 388, 0
17, 389, 51
17, 390, 0
17, 391, 0
17, 392, 33
17, 393, 9
17, 394, 0
17, 395, 0
17, 396, 0
17, 397, 0
17, 398, 0
17, 399, 0
18, 0, 0
18, 1, 26
18, 2, 0
18, 3, 0
18, 4, 0
18, 5, 0
18, 6, 0
18, 7, 0
18, 8, 0
18, 9, 0
18, 10, 0
18, 11, 0
18, 12, 0
18, 13, 31
18, 14, 5
18, 15, 0
18, 16, 0
18, 17, 0
18, 18, 54
18, 19, 18
18, 20, 0
18, 21, 0
18, 22, 22
18, 23, 0
18, 24, 33
18, 25, 0
18, 26, 0
18, 27, 0
18, 28, 0
18, 29, 14
18, 30, 0
18, 31, 52
18, 32, 38
18, 33, 33
18, 34, 0
18, 35, 43
18, 36, 0
18, 37, 25
18, 38, 14
18, 39, 26
18, 40, 0
18, 41, 33
18, 42, 0
18, 43, 0
18, 44, 0
18, 45, 0
18, 46, 0
18, 47, 0
18, 48, 0
18, 49, 0
18, 50, 0
18, 51, 0
18, 52, 7
18, 53, 1
18, 54, 2
18, 55, 0
18, 56, 11
18, 57, 0
18, 58, 0
18, 59, 0
18, 60, 0
18, 61, 13
18, 62, 47
18, 63, 0
18, 64, 0
18, 65, 0
18, 66, 25
18, 67, 0
18, 68, 44
18, 69, 0
18, 70, 0
18, 71, 23
18, 72, 41
18, 73, 53
18, 74, 0
18, 75, 45
18, 76, 2
18, 77, 0
18, 78, 0
18, 79, 0
18, 80, 2
18, 81, 22
18, 82, 40
18, 83, 50
18, 84, 38
18, 85, 0
18, 86, 25
18, 87, 0
18, 88, 0
18, 89, 28
18, 90, 12
18, 91, 0
18, 92, 57
18, 93, 0
18, 94, 53
18, 95, 0
18, 96, 0
18, 97, 29
18, 98, 0
18, 99, 0
18, 100, 0
18, 101, 0
18, 102, 0
18, 103, 0
18, 104, 0
18, 105, 0
18, 106, 51
18, 107, 21
18, 108, 0
18, 109, 9
18, 110, 0
18, 111, 0
18, 112, 51
18, 113, 0
18, 114, 30
18, 115, 0
18, 116, 0
18, 117, 0
18, 118, 0
18, 119, 0
18, 120, 0
18, 121, 4
18, 122, 0
18, 123, 0
18, 124, 0
18, 125, 57
18, 126, 0
18, 127, 0
18, 128, 0
18, 129, 0
18, 130, 0
18, 131, 0
18, 132, 0
18, 133, 23
18, 134, 38
18, 135, 0
18, 136, 0
18, 137, 0
18, 138, 0
18, 139, 0
18, 140, 0
18, 141, 8
18, 142, 0
18, 143, 0
18, 144, 0
18, 145, 45
18, 146, 0
18, 147, 0
18, 148, 0
18, 149, 0
18, 150, 54
18, 151, 33
18, 152, 0
18, 153, 0
18, 154, 47
18, 155, 0
18, 156, 9
18, 157, 41
18, 158, 0
18, 159, 33
18, 160, 0
18, 161, 0
18, 162, 52
18, 163, 5
18, 164, 0
18, 165, 7
18, 166, 34
18, 167, 3
18, 168, 0
18, 169, 0
18, 170, 0
18, 171, 0
18, 172, 50
18, 173, 0
18, 174, 0
18, 175, 0
18, 176, 47
18, 177, 0
18, 178, 0
18, 179, 0
18, 180, 51
18, 181, 0
18, 182, 31
18, 183, 0
18, 184, 46
18, 185, 0
18, 186, 41
18, 187, 11
18, 188, 4
18, 189, 0
18, 190, 0
18, 191, 0
18, 192, 0
18, 193, 0
18, 194, 45
18, 195, 2
18, 196, 0
18, 197, 37
18, 198, 0
18, 199, 44
18, 200, 3
18, 201, 0
18, 202, 26
18, 203, 15
18, 204, 0
18, 205, 0
18, 206, 0
18, 207, 0
18, 208, 40
18, 209, 0
18, 210, 0
18, 211, 0
18, 212, 57
18, 213, 31
18, 214, 0
18, 215, 24
18, 216, 0
18, 217, 45
18, 218, 11
18, 219, 0
18, 220, 49
18, 221, 0
18, 222, 18
18, 223, 10
18, 224, 0
18, 225, 0
18, 226, 20
18, 227, 0
18, 228, 0
18, 229, 37
18, 230, 0
18, 231, 24
18, 232, 0
18, 233, 0
18, 234, 0
18, 235, 0
18, 236, 23
18, 237, 20
18, 238, 0
18, 239, 0
18, 240, 0
18, 241, 0
18, 242, 0
18, 243, 1
18, 244, 22
18, 245, 0
18, 246, 0
18, 247, 0
18, 248, 13
18, 249, 0
18, 250, 0
18, 251, 50
18, 252, 43
18, 253, 53
18, 254, 0
18, 255, 0
18, 256, 0
18, 257, 0
18, 258, 0
18, 259, 24
18, 260, 0
18, 261, 0
18, 262, 0
18, 263, 40
18, 264, 0
18, 265, 0
18, 266, 0
18, 267, 0
18, 268, 0
18, 269, 0
18, 270, 0
18, 271, 0
18, 272, 0
18, 273, 54
18, 274, 47
18, 275, 0
18, 276, 0
18, 277, 0
18, 278, 15
18, 279, 8
18, 280, 33
18, 281, 0
18, 282, 0
18, 283, 0
18, 284, 0
18, 285, 0
18, 286, 47
18, 287, 0
18, 288, 0
18, 289, 0
18, 290, 0
18, 291, 15
18, 292, 0
18, 293, 0
18, 294, 0
18, 295, 0
18, 296, 0
18, 297, 52
18, 298, 29
18, 299, 0
18, 300, 34
18, 301, 0
18, 302, 0
18, 303, 0
18, 304, 8
18, 305, 0
18, 306, 3
18, 307, 0
18, 308, 0
18, 309, 50
18, 310, 0
18, 311, 30
18, 312, 0
18, 313, 0
18, 314, 0
18, 315, 47
18, 316, 13
18, 317, 0
18, 318, 0
18, 319, 0
18, 320, 32
18, 321, 0
18, 322, 0
18, 323, 0
18, 324, 0
18, 325, 0
18, 326, 0
18, 327, 51
18, 328, 45
18, 329, 7
18, 330, 0
18, 331, 0
18, 332, 55
18, 333, 49
18, 334, 14
18, 335, 41
18, 336, 0
18, 337, 0
18, 338, 0
18, 339, 0
18, 340, 0
18, 341, 0
18, 342, 0
18, 343, 22
18, 344, 20
18, 345, 25
18, 346, 0
18, 347, 30
18, 348, 0
18, 349, 11
18, 350, 0
18, 351, 0
18, 352, 0
18, 353, 0
18, 354, 0
18, 355, 1
18, 356, 0
18, 357, 57
18, 358, 0
18, 359, 0
18, 360, 54
18, 361, 11
18, 362, 0
18, 363, 43
18, 364, 0
18, 365, 28
18, 366, 0
18, 367, 2
18, 368, 0
18, 369, 0
18, 370, 0
18, 371, 52
18, 372, 31
18, 373, 47
18, 374, 31
18, 375, 0
18, 376, 0
18, 377, 0
18, 378, 18
18, 379, 0
18, 380, 0
18, 381, 0
18, 382, 0
18, 383, 3
18, 384, 0
18, 385, 29
18, 386, 0
18, 387, 0
18, 388, 0
18, 389, 4
18, 390, 0
18, 391, 0
18, 392, 0
18, 393, 23
18, 394, 0
18, 395, 0
18, 396, 0
18, 397, 0
18, 398, 15
18, 399, 9
19, 0, 0
19, 1, 0
19, 2, 0
19, 3, 0
19, 4, 0
19, 5, 0
19, 6, 47
19, 7, 34
19, 8, 0
19, 9, 0
19, 10, 0
19, 11, 0
19, 12, 40
19, 13, 0
19, 14, 0
19, 15, 0
19, 16, 0
19, 17, 0
19, 18, 0
19, 19, 28
19, 20, 0
19, 21, 0
19, 22, 25
19, 23, 0
19, 24, 0
19, 25, 0
19, 26, 0
19, 27, 0
19, 28, 0
19, 29, 41
19, 30, 52
19, 31, 0
19, 32, 0
19, 33, 41
19, 34, 0
19, 35, 57
19, 36, 0
19, 37, 0
19, 38, 0
19, 39, 3
19, 40, 44
19, 41, 0
19, 42, 0
19, 43, 0
19, 44, 0
19, 45, 0
19, 46, 0
19, 47, 20
19, 48, 0
19, 49, 0
19, 50, 0
19, 51, 0
19, 52, 21
19, 53, 53
19, 54, 0
19, 55, 0
19, 56, 42
19, 57, 0
19, 58, 55
19, 59, 23
19, 60, 0
19, 61, 0
19, 62, 25
19, 63, 0
19, 64, 0
19, 65, 0
19, 66, 36
19, 67, 0
19, 68, 32
19, 69, 20
19, 70, 0
19, 71, 14
19, 72, 56
19, 73, 0
19, 74, 31
19, 75, 56
19, 76, 0
19, 77, 0
19, 78, 0
19, 79, 0
19, 80, 0
19, 81, 27
19, 82, 46
19, 83, 0
19, 84, 5
19, 85, 0
19, 86, 28
19, 87, 0
19, 88, 0
19, 89, 0
19, 90, 0
19, 91, 0
19, 92, 44
19, 93, 0
19, 94, 0
19, 95, 34
19, 96, 0
19, 97, 0
19, 98, 0
19, 99, 0
19, 100, 0
19, 101, 0
19, 102, 0
19, 103, 0
19, 104, 0
19, 105, 14
19, 106, 54
19, 107, 41
19, 108, 0
19, 109, 6
19, 110, 0
19, 111, 0
19, 112, 35
19, 113, 0
19, 114, 0
19, 115, 0
19, 116, 25
19, 117, 0
19, 118, 0
19, 119, 18
19, 120, 0
19, 121, 0
19, 122, 0
19, 123, 1
19, 124, 0
19, 125, 0
19, 126, 20
19, 127, 1
19, 128, 0
19, 129, 0
19, 130, 0
19, 131, 0
19, 132, 3
19, 133, 0
19, 134, 0
19, 135, 0
19, 136, 0
19, 137, 0
19, 138, 0
19, 139, 13
19, 140, 0
19, 141, 0
19, 142, 0
19, 143, 0
19, 144, 42
19, 145, 22
19, 146, 44
19, 147, 0
19, 148, 0
19, 149, 0
19, 150, 0
19, 151, 9
19, 152, 52
19, 153, 0
19, 154, 0
19, 155, 7
19, 156, 35
19, 157, 17
19, 158, 0
19, 159, 0
19, 160, 0
19, 161, 31
19, 162, 23
19, 163, 0
19, 164, 0
19, 165, 41
19, 166, 0
19, 167, 47
19, 168, 0
19, 169, 0
19, 170, 0
19, 171, 28
19, 172, 0
19, 173, 56
19, 174, 49
19, 175, 32
19, 176, 0
19, 177, 0
19, 178, 27
19, 179, 0
19, 180, 0
19, 181, 0
19, 182, 32
19, 183, 0
19, 184, 42
19, 185, 0
19, 186, 0
19, 187, 0
19, 188, 0
19, 189, 0
19, 190, 0
19, 191, 0
19, 192, 45
19, 193, 0
19, 194, 0
19, 195, 32
19, 196, 0
19, 197, 0
19, 198, 7
19, 199, 0
19, 200, 0
19, 201, 0
19, 202, 0
19, 203, 0
19, 204, 0
19, 205, 38
19, 206, 0
19, 207, 0
19, 208, 21
19, 209, 0
19, 210, 0
19, 211, 0
19, 212, 0
19, 213, 0
19, 214, 0
19, 215, 0
19, 216, 47
19, 217, 0
19, 218, 5
19, 219, 0
19, 220, 0
19, 221, 41
19, 222, 0
19, 223, 0
19, 224, 0
19, 225, 0
19, 226, 0
19, 227, 0
19, 228, 0
19, 229, 0
19, 230, 21
19, 231, 0
19, 232, 25
19, 233, 0
19, 234, 0
19, 235, 0
19, 236, 18
19, 237, 28
19, 238, 0
19, 239, 11
19, 240, 0
19, 241, 39
19, 242, 0
19, 243, 0
19, 244, 0
19, 245, 0
19, 246, 0
19, 247, 23
19, 248, 0
19, 249, 0
19, 250, 31
19, 251, 17
19, 252, 0
19, 253, 0
19, 254, 27
19, 255, 53
19, 256, 54
19, 257, 0
19, 258, 0
19, 259, 0
19, 260, 0
19, 261, 0
19, 262, 0
19, 263, 0
19, 264, 11
19, 265, 0
19, 266, 0
19, 267, 0
19, 268, 0
19, 269, 0
19, 270, 6
19, 271, 0
19, 272, 0
19, 273, 0
19, 274, 0
19, 275, 3
19, 276, 0
19, 277, 46
19, 278, 49
19, 279, 55
19, 280, 0
19, 281, 0
19, 282, 0
19, 283, 0
19, 284, 0
19, 285, 42
19, 286, 1
19, 287, 0
19, 288, 36
19, 289, 0
19, 290, 0
19, 291, 0
19, 292, 0
19, 293, 0
19, 294, 0
19, 295, 0
19, 296, 0
19, 297, 0
19, 298, 21
19, 299, 0
19, 300, 16
19, 301, 0
19, 302, 17
19, 303, 0
19, 304, 32
19, 305, 27
19, 306, 0
19, 307, 0
19, 308, 47
19, 309, 16
19, 310, 0
19, 311, 0
19, 312, 0
19, 313, 0
19, 314, 38
19, 315, 22
19, 316, 0
19, 317, 42
19, 318, 0
19, 319, 0
19, 320, 0
19, 321, 13
19, 322, 0
19, 323, 0
19, 324, 34
19, 325, 9
19, 326, 0
19, 327, 0
19, 328, 0
19, 329, 0
19, 330, 0
19, 331, 0
19, 332, 0
19, 333, 0
19, 334, 0
19, 335, 0
19, 336, 0
19, 337, 0
19, 338, 0
19, 339, 0
19, 340, 0
19, 341, 0
19, 342, 14
19, 343, 0
19, 344, 1
19, 345, 0
19, 346, 0
19, 347, 0
19, 348, 0
19, 349, 0
19, 350, 28
19, 351, 0
19, 352, 0
19, 353, 0
19, 354, 0
19, 355, 45
19, 356, 0
19, 357, 0
19, 358, 0
19, 359, 0
19, 360, 16
19, 361, 0
19, 362, 41
19, 363, 0
19, 364, 0
19, 365, 0
19, 366, 0
19, 367, 0
19, 368, 0
19, 369, 42
19, 370, 0
19, 371, 49
19, 372, 0
19, 373, 0
19, 374, 0
19, 375, 0
19, 376, 0
19, 377, 0
19, 378, 0
19, 379, 0
19, 380, 0
19, 381, 0
19, 382, 0
19, 383, 0
19, 384, 18
19, 385, 0
19, 386, 39
19, 387, 5
19, 388, 0
19, 389, 0
19, 390, 0
19, 391, 0
19, 392, 4
19, 393, 0
19, 394, 0
19, 395, 0
19, 396, 0
19, 397, 0
19, 398, 0
19, 399, 38
