0, 0, 0
0, 1, 0
0, 2, 0
0, 3, 0
0, 4, 0
0, 5, 0
0, 6, 0
0, 7, 0
0, 8, 0
0, 9, 0
0, 10, 0
0, 11, 0
0, 12, 0
0, 13, 0
0, 14, 0
0, 15, 0
0, 16, 0
0, 17, 0
0, 18, 0
0, 19, 0
0, 20, 0
0, 21, 0
0, 22, 0
0, 23, 0
0, 24, 0
0, 25, 0
0, 26, 0
0, 27, 0
0, 28, 0
0, 29, 0
0, 30, 0
0, 31, 0
0, 32, 0
0, 33, 0
0, 34, 0
0, 35, 0
0, 36, 0
0, 37, 0
0, 38, 0
0, 39, 0
0, 40, 0
0, 41, 0
0, 42, 0
0, 43, 0
0, 44, 0
0, 45, 0
0, 46, 0
0, 47, 0
0, 48, 0
0, 49, 0
0, 50, 0
0, 51, 0
0, 52, 0
0, 53, 0
0, 54, 0
0, 55, 0
0, 56, 0
0, 57, 0
0, 58, 0
0, 59, 0
0, 60, 0
0, 61, 0
0, 62, 0
0, 63, 0
0, 64, 0
0, 65, 0
0, 66, 0
0, 67, 0
0, 68, 0
0, 69, 0
0, 70, 0
0, 71, 0
0, 72, 0
0, 73, 0
0, 74, 0
0, 75, 0
0, 76, 0
0, 77, 0
0, 78, 0
0, 79, 0
0, 80, 0
0, 81, 0
0, 82, 0
0, 83, 0
0, 84, 0
0, 85, 0
0, 86, 0
0, 87, 0
0, 88, 0
0, 89, 0
0, 90, 0
0, 91, 0
0, 92, 0
0, 93, 0
0, 94, 0
0, 95, 0
0, 96, 0
0, 97, 0
0, 98, 0
0, 99, 0
0, 100, 0
0, 101, 0
0, 102, 0
0, 103, 0
0, 104, 0
0, 105, 0
0, 106, 0
0, 107, 0
0, 108, 0
0, 109, 0
0, 110, 0
0, 111, 0
0, 112, 0
0, 113, 0
0, 114, 0
0, 115, 0
0, 116, 0
0, 117, 0
0, 118, 0
0, 119, 0
0, 120, 0
0, 121, 0
0, 122, 0
0, 123, 0
0, 124, 0
0, 125, 0
0, 126, 0
0, 127, 0
0, 128, 0
0, 129, 0
0, 130, 0
0, 131, 0
0, 132, 0
0, 133, 0
0, 134, 0
0, 135, 0
0, 136, 0
0, 137, 0
0, 138, 0
0, 139, 0
0, 140, 0
0, 141, 0
0, 142, 0
0, 143, 0
0, 144, 0
0, 145, 0
0, 146, 0
0, 147, 0
0, 148, 0
0, 149, 0
0, 150, 0
0, 151, 0
0, 152, 0
0, 153, 0
0, 154, 0
0, 155, 0
0, 156, 0
0, 157, 0
0, 158, 0
0, 159, 0
0, 160, 0
0, 161, 0
0, 162, 0
0, 163, 0
0, 164, 0
0, 165, 0
0, 166, 0
0, 167, 0
0, 168, 0
0, 169, 0
0, 170, 0
0, 171, 0
0, 172, 0
0, 173, 0
0, 174, 0
0, 175, 0
0, 176, 0
0, 177, 0
0, 178, 0
0, 179, 0
0, 180, 0
0, 181, 0
0, 182, 0
0, 183, 0
0, 184, 0
0, 185, 0
0, 186, 0
0, 187, 0
0, 188, 0
0, 189, 0
0, 190, 0
0, 191, 0
0, 192, 0
0, 193, 0
0, 194, 0
0, 195, 0
0, 196, 0
0, 197, 0
0, 198, 0
0, 199, 0
0, 200, 0
0, 201, 0
0, 202, 0
0, 203, 0
0, 204, 0
0, 205, 0
0, 206, 0
0, 207, 0
0, 208, 0
0, 209, 0
0, 210, 0
0, 211, 0
0, 212, 0
0, 213, 0
0, 214, 0
0, 215, 0
0, 216, 0
0, 217, 0
0, 218, 0
0, 219, 0
0, 220, 0
0, 221, 0
0, 222, 0
0, 223, 0
0, 224, 0
0, 225, 0
0, 226, 0
0, 227, 0
0, 228, 0
0, 229, 0
0, 230, 0
0, 231, 0
0, 232, 0
0, 233, 0
0, 234, 0
0, 235, 0
0, 236, 0
0, 237, 0
0, 238, 0
0, 239, 0
0, 240, 0
0, 241, 0
0, 242, 0
0, 243, 0
0, 244, 0
0, 245, 0
0, 246, 0
0, 247, 0
0, 248, 0
0, 249, 0
0, 250, 0
0, 251, 0
0, 252, 0
0, 253, 0
0, 254, 0
0, 255, 0
0, 256, 0
0, 257, 0
0, 258, 0
0, 259, 0
0, 260, 0
0, 261, 0
0, 262, 0
0, 263, 0
0, 264, 0
0, 265, 0
0, 266, 0
0, 267, 0
0, 268, 0
0, 269, 0
0, 270, 0
0, 271, 0
0, 272, 0
0, 273, 0
0, 274, 0
0, 275, 0
0, 276, 0
0, 277, 0
0, 278, 0
0, 279, 0
0, 280, 0
0, 281, 0
0, 282, 0
0, 283, 0
0, 284, 0
0, 285, 0
0, 286, 0
0, 287, 0
0, 288, 0
0, 289, 0
0, 290, 0
0, 291, 0
0, 292, 0
0, 293, 0
0, 294, 0
0, 295, 0
0, 296, 0
0, 297, 0
0, 298, 0
0, 299, 0
0, 300, 0
0, 301, 0
0, 302, 0
0, 303, 0
0, 304, 0
0, 305, 0
0, 306, 0
0, 307, 0
0, 308, 0
0, 309, 0
0, 310, 0
0, 311, 0
0, 312, 0
0, 313, 0
0, 314, 0
0, 315, 0
0, 316, 0
0, 317, 0
0, 318, 0
0, 319, 0
0, 320, 0
0, 321, 0
0, 322, 0
0, 323, 0
0, 324, 0
0, 325, 0
0, 326, 0
0, 327, 0
0, 328, 0
0, 329, 0
0, 330, 0
0, 331, 0
0, 332, 0
0, 333, 0
0, 334, 0
0, 335, 0
0, 336, 0
0, 337, 0
0, 338, 0
0, 339, 0
0, 340, 0
0, 341, 0
0, 342, 0
0, 343, 0
0, 344, 0
0, 345, 0
0, 346, 0
0, 347, 0
0, 348, 0
0, 349, 0
0, 350, 0
0, 351, 0
0, 352, 0
0, 353, 0
0, 354, 0
0, 355, 0
0, 356, 0
0, 357, 0
0, 358, 0
0, 359, 0
0, 360, 0
0, 361, 0
0, 362, 0
0, 363, 0
0, 364, 0
0, 365, 0
0, 366, 0
0, 367, 0
0, 368, 0
0, 369, 0
0, 370, 0
0, 371, 0
0, 372, 0
0, 373, 0
0, 374, 0
0, 375, 0
0, 376, 0
0, 377, 0
0, 378, 0
0, 379, 0
0, 380, 0
0, 381, 0
0, 382, 0
0, 383, 0
0, 384, 0
0, 385, 0
0, 386, 0
0, 387, 0
0, 388, 0
0, 389, 0
0, 390, 0
0, 391, 0
0, 392, 0
0, 393, 0
0, 394, 0
0, 395, 0
0, 396, 0
0, 397, 0
0, 398, 0
0, 399, 0
1, 0, 0
1, 1, 0
1, 2, 0
1, 3, 0
1, 4, 51
1, 5, 27
1, 6, 38
1, 7, 0
1, 8, 0
1, 9, 0
1, 10, 0
1, 11, 0
1, 12, 0
1, 13, 0
1, 14, 0
1, 15, 0
1, 16, 11
1, 17, 0
1, 18, 0
1, 19, 0
1, 20, 0
1, 21, 0
1, 22, 0
1, 23, 2
1, 24, 0
1, 25, 7
1, 26, 0
1, 27, 0
1, 28, 0
1, 29, 0
1, 30, 0
1, 31, 0
1, 32, 0
1, 33, 0
1, 34, 25
1, 35, 0
1, 36, 0
1, 37, 0
1, 38, 0
1, 39, 0
1, 40, 0
1, 41, 0
1, 42, 49
1, 43, 0
1, 44, 0
1, 45, 32
1, 46, 0
1, 47, 0
1, 48, 47
1, 49, 0
1, 50, 0
1, 51, 0
1, 52, 38
1, 53, 0
1, 54, 0
1, 55, 0
1, 56, 30
1, 57, 28
1, 58, 0
1, 59, 0
1, 60, 23
1, 61, 0
1, 62, 0
1, 63, 0
1, 64, 15
1, 65, 0
1, 66, 0
1, 67, 0
1, 68, 0
1, 69, 0
1, 70, 27
1, 71, 0
1, 72, 0
1, 73, 0
1, 74, 0
1, 75, 19
1, 76, 0
1, 77, 34
1, 78, 0
1, 79, 51
1, 80, 0
1, 81, 0
1, 82, 49
1, 83, 0
1, 84, 0
1, 85, 0
1, 86, 0
1, 87, 0
1, 88, 0
1, 89, 0
1, 90, 0
1, 91, 0
1, 92, 0
1, 93, 2
1, 94, 0
1, 95, 0
1, 96, 25
1, 97, 0
1, 98, 0
1, 99, 2
1, 100, 0
1, 101, 0
1, 102, 0
1, 103, 0
1, 104, 41
1, 105, 0
1, 106, 43
1, 107, 49
1, 108, 0
1, 109, 0
1, 110, 3
1, 111, 0
1, 112, 0
1, 113, 0
1, 114, 0
1, 115, 0
1, 116, 18
1, 117, 47
1, 118, 0
1, 119, 30
1, 120, 28
1, 121, 0
1, 122, 0
1, 123, 25
1, 124, 0
1, 125, 0
1, 126, 0
1, 127, 0
1, 128, 0
1, 129, 0
1, 130, 0
1, 131, 0
1, 132, 0
1, 133, 0
1, 134, 0
1, 135, 0
1, 136, 0
1, 137, 25
1, 138, 0
1, 139, 0
1, 140, 53
1, 141, 11
1, 142, 0
1, 143, 0
1, 144, 0
1, 145, 9
1, 146, 14
1, 147, 0
1, 148, 13
1, 149, 0
1, 150, 0
1, 151, 0
1, 152, 0
1, 153, 0
1, 154, 48
1, 155, 0
1, 156, 0
1, 157, 0
1, 158, 0
1, 159, 0
1, 160, 0
1, 161, 0
1, 162, 0
1, 163, 0
1, 164, 0
1, 165, 43
1, 166, 38
1, 167, 0
1, 168, 0
1, 169, 0
1, 170, 0
1, 171, 0
1, 172, 0
1, 173, 0
1, 174, 61
1, 175, 0
1, 176, 0
1, 177, 0
1, 178, 0
1, 179, 0
1, 180, 0
1, 181, 0
1, 182, 0
1, 183, 0
1, 184, 18
1, 185, 0
1, 186, 41
1, 187, 0
1, 188, 0
1, 189, 0
1, 190, 0
1, 191, 0
1, 192, 0
1, 193, 15
1, 194, 0
1, 195, 0
1, 196, 0
1, 197, 0
1, 198, 0
1, 199, 0
1, 200, 15
1, 201, 0
1, 202, 51
1, 203, 0
1, 204, 0
1, 205, 0
1, 206, 0
1, 207, 0
1, 208, 7
1, 209, 0
1, 210, 0
1, 211, 0
1, 212, 0
1, 213, 0
1, 214, 0
1, 215, 0
1, 216, 0
1, 217, 0
1, 218, 0
1, 219, 0
1, 220, 0
1, 221, 0
1, 222, 0
1, 223, 7
1, 224, 0
1, 225, 25
1, 226, 0
1, 227, 48
1, 228, 0
1, 229, 0
1, 230, 0
1, 231, 0
1, 232, 32
1, 233, 0
1, 234, 11
1, 235, 10
1, 236, 0
1, 237, 0
1, 238, 0
1, 239, 0
1, 240, 0
1, 241, 0
1, 242, 38
1, 243, 0
1, 244, 27
1, 245, 0
1, 246, 0
1, 247, 0
1, 248, 0
1, 249, 0
1, 250, 0
1, 251, 0
1, 252, 43
1, 253, 0
1, 254, 0
1, 255, 0
1, 256, 0
1, 257, 0
1, 258, 0
1, 259, 0
1, 260, 0
1, 261, 0
1, 262, 0
1, 263, 0
1, 264, 0
1, 265, 19
1, 266, 0
1, 267, 0
1, 268, 0
1, 269, 0
1, 270, 0
1, 271, 0
1, 272, 0
1, 273, 0
1, 274, 0
1, 275, 0
1, 276, 0
1, 277, 0
1, 278, 23
1, 279, 0
1, 280, 0
1, 281, 14
1, 282, 0
1, 283, 0
1, 284, 0
1, 285, 0
1, 286, 0
1, 287, 34
1, 288, 0
1, 289, 0
1, 290, 28
1, 291, 0
1, 292, 0
1, 293, 0
1, 294, 3
1, 295, 0
1, 296, 0
1, 297, 0
1, 298, 0
1, 299, 0
1, 300, 0
1, 301, 0
1, 302, 7
1, 303, 38
1, 304, 25
1, 305, 0
1, 306, 0
1, 307, 32
1, 308, 0
1, 309, 0
1, 310, 0
1, 311, 49
1, 312, 0
1, 313, 0
1, 314, 0
1, 315, 0
1, 316, 0
1, 317, 0
1, 318, 0
1, 319, 0
1, 320, 0
1, 321, 0
1, 322, 53
1, 323, 0
1, 324, 0
1, 325, 0
1, 326, 30
1, 327, 0
1, 328, 0
1, 329, 27
1, 330, 0
1, 331, 0
1, 332, 0
1, 333, 0
1, 334, 23
1, 335, 9
1, 336, 0
1, 337, 7
1, 338, 0
1, 339, 0
1, 340, 0
1, 341, 0
1, 342, 0
1, 343, 0
1, 344, 0
1, 345, 0
1, 346, 0
1, 347, 0
1, 348, 5
1, 349, 0
1, 350, 0
1, 351, 0
1, 352, 43
1, 353, 41
1, 354, 0
1, 355, 0
1, 356, 0
1, 357, 18
1, 358, 0
1, 359, 0
1, 360, 0
1, 361, 48
1, 362, 0
1, 363, 0
1, 364, 0
1, 365, 0
1, 366, 0
1, 367, 0
1, 368, 0
1, 369, 0
1, 370, 0
1, 371, 0
1, 372, 0
1, 373, 0
1, 374, 0
1, 375, 0
1, 376, 0
1, 377, 0
1, 378, 0
1, 379, 0
1, 380, 0
1, 381, 0
1, 382, 0
1, 383, 0
1, 384, 0
1, 385, 28
1, 386, 0
1, 387, 0
1, 388, 0
1, 389, 0
1, 390, 0
1, 391, 0
1, 392, 0
1, 393, 0
1, 394, 0
1, 395, 0
1, 396, 0
1, 397, 0
1, 398, 0
1, 399, 0
2, 0, 0
2, 1, 0
2, 2, 0
2, 3, 0
2, 4, 11
2, 5, 0
2, 6, 0
2, 7, 42
2, 8, 0
2, 9, 0
2, 10, 0
2, 11, 40
2, 12, 0
2, 13, 0
2, 14, 32
2, 15, 0
2, 16, 58
2, 17, 0
2, 18, 0
2, 19, 0
2, 20, 0
2, 21, 0
2, 22, 0
2, 23, 0
2, 24, 0
2, 25, 0
2, 26, 22
2, 27, 0
2, 28, 0
2, 29, 0
2, 30, 35
2, 31, 0
2, 32, 25
2, 33, 0
2, 34, 0
2, 35, 0
2, 36, 0
2, 37, 0
2, 38, 37
2, 39, 0
2, 40, 3
2, 41, 15
2, 42, 0
2, 43, 0
2, 44, 0
2, 45, 0
2, 46, 0
2, 47, 0
2, 48, 0
2, 49, 19
2, 50, 0
2, 51, 0
2, 52, 0
2, 53, 0
2, 54, 0
2, 55, 0
2, 56, 0
2, 57, 33
2, 58, 0
2, 59, 17
2, 60, 0
2, 61, 0
2, 62, 0
2, 63, 32
2, 64, 0
2, 65, 29
2, 66, 58
2, 67, 0
2, 68, 41
2, 69, 0
2, 70, 0
2, 71, 0
2, 72, 0
2, 73, 46
2, 74, 0
2, 75, 0
2, 76, 0
2, 77, 0
2, 78, 0
2, 79, 0
2, 80, 0
2, 81, 0
2, 82, 0
2, 83, 0
2, 84, 0
2, 85, 32
2, 86, 10
2, 87, 0
2, 88, 28
2, 89, 0
2, 90, 0
2, 91, 54
2, 92, 0
2, 93, 16
2, 94, 55
2, 95, 0
2, 96, 0
2, 97, 17
2, 98, 0
2, 99, 0
2, 100, 0
2, 101, 0
2, 102, 0
2, 103, 0
2, 104, 0
2, 105, 0
2, 106, 0
2, 107, 16
2, 108, 0
2, 109, 0
2, 110, 0
2, 111, 0
2, 112, 0
2, 113, 0
2, 114, 0
2, 115, 0
2, 116, 0
2, 117, 21
2, 118, 0
2, 119, 0
2, 120, 0
2, 121, 0
2, 122, 0
2, 123, 0
2, 124, 3
2, 125, 0
2, 126, 0
2, 127, 0
2, 128, 0
2, 129, 0
2, 130, 0
2, 131, 0
2, 132, 14
2, 133, 0
2, 134, 0
2, 135, 0
2, 136, 0
2, 137, 12
2, 138, 0
2, 139, 0
2, 140, 3
2, 141, 0
2, 142, 0
2, 143, 33
2, 144, 0
2, 145, 25
2, 146, 0
2, 147, 0
2, 148, 0
2, 149, 0
2, 150, 37
2, 151, 11
2, 152, 0
2, 153, 0
2, 154, 15
2, 155, 46
2, 156, 0
2, 157, 13
2, 158, 0
2, 159, 25
2, 160, 0
2, 161, 0
2, 162, 0
2, 163, 0
2, 164, 0
2, 165, 0
2, 166, 0
2, 167, 35
2, 168, 0
2, 169, 0
2, 170, 0
2, 171, 34
2, 172, 0
2, 173, 40
2, 174, 0
2, 175, 54
2, 176, 0
2, 177, 47
2, 178, 0
2, 179, 0
2, 180, 0
2, 181, 0
2, 182, 0
2, 183, 0
2, 184, 42
2, 185, 14
2, 186, 0
2, 187, 0
2, 188, 19
2, 189, 34
2, 190, 0
2, 191, 0
2, 192, 0
2, 193, 0
2, 194, 0
2, 195, 0
2, 196, 0
2, 197, 0
2, 198, 0
2, 199, 40
2, 200, 0
2, 201, 16
2, 202, 0
2, 203, 0
2, 204, 0
2, 205, 29
2, 206, 0
2, 207, 16
2, 208, 0
2, 209, 39
2, 210, 0
2, 211, 0
2, 212, 0
2, 213, 28
2, 214, 22
2, 215, 0
2, 216, 0
2, 217, 46
2, 218, 0
2, 219, 0
2, 220, 0
2, 221, 37
2, 222, 15
2, 223, 0
2, 224, 0
2, 225, 0
2, 226, 47
2, 227, 0
2, 228, 0
2, 229, 0
2, 230, 0
2, 231, 0
2, 232, 0
2, 233, 0
2, 234, 0
2, 235, 34
2, 236, 0
2, 237, 0
2, 238, 0
2, 239, 0
2, 240, 0
2, 241, 0
2, 242, 40
2, 243, 0
2, 244, 0
2, 245, 17
2, 246, 0
2, 247, 0
2, 248, 0
2, 249, 0
2, 250, 35
2, 251, 0
2, 252, 49
2, 253, 13
2, 254, 0
2, 255, 0
2, 256, 34
2, 257, 41
2, 258, 58
2, 259, 0
2, 260, 0
2, 261, 0
2, 262, 19
2, 263, 0
2, 264, 0
2, 265, 0
2, 266, 0
2, 267, 0
2, 268, 0
2, 269, 0
2, 270, 0
2, 271, 39
2, 272, 0
2, 273, 0
2, 274, 0
2, 275, 16
2, 276, 0
2, 277, 0
2, 278, 25
2, 279, 0
2, 280, 0
2, 281, 0
2, 282, 0
2, 283, 0
2, 284, 31
2, 285, 0
2, 286, 33
2, 287, 0
2, 288, 0
2, 289, 0
2, 290, 32
2, 291, 55
2, 292, 45
2, 293, 0
2, 294, 0
2, 295, 0
2, 296, 0
2, 297, 17
2, 298, 0
2, 299, 0
2, 300, 0
2, 301, 0
2, 302, 0
2, 303, 0
2, 304, 0
2, 305, 0
2, 306, 0
2, 307, 58
2, 308, 0
2, 309, 0
2, 310, 0
2, 311, 0
2, 312, 0
2, 313, 0
2, 314, 0
2, 315, 0
2, 316, 0
2, 317, 0
2, 318, 0
2, 319, 0
2, 320, 0
2, 321, 0
2, 322, 0
2, 323, 37
2, 324, 28
2, 325, 0
2, 326, 0
2, 327, 0
2, 328, 0
2, 329, 0
2, 330, 0
2, 331, 0
2, 332, 0
2, 333, 0
2, 334, 0
2, 335, 0
2, 336, 0
2, 337, 0
2, 338, 3
2, 339, 0
2, 340, 0
2, 341, 15
2, 342, 21
2, 343, 0
2, 344, 0
2, 345, 0
2, 346, 29
2, 347, 0
2, 348, 17
2, 349, 0
2, 350, 32
2, 351, 0
2, 352, 0
2, 353, 0
2, 354, 54
2, 355, 0
2, 356, 0
2, 357, 0
2, 358, 0
2, 359, 0
2, 360, 0
2, 361, 0
2, 362, 0
2, 363, 0
2, 364, 0
2, 365, 0
2, 366, 42
2, 367, 0
2, 368, 0
2, 369, 0
2, 370, 13
2, 371, 34
2, 372, 0
2, 373, 45
2, 374, 0
2, 375, 0
2, 376, 0
2, 377, 0
2, 378, 0
2, 379, 0
2, 380, 14
2, 381, 0
2, 382, 35
2, 383, 0
2, 384, 49
2, 385, 12
2, 386, 32
2, 387, 0
2, 388, 31
2, 389, 0
2, 390, 0
2, 391, 0
2, 392, 11
2, 393, 0
2, 394, 0
2, 395, 17
2, 396, 0
2, 397, 0
2, 398, 0
2, 399, 0
3, 0, 0
3, 1, 26
3, 2, 0
3, 3, 0
3, 4, 31
3, 5, 0
3, 6, 0
3, 7, 0
3, 8, 0
3, 9, 0
3, 10, 0
3, 11, 0
3, 12, 60
3, 13, 10
3, 14, 41
3, 15, 0
3, 16, 0
3, 17, 23
3, 18, 0
3, 19, 0
3, 20, 0
3, 21, 52
3, 22, 0
3, 23, 46
3, 24, 0
3, 25, 12
3, 26, 15
3, 27, 0
3, 28, 0
3, 29, 57
3, 30, 0
3, 31, 0
3, 32, 0
3, 33, 0
3, 34, 35
3, 35, 0
3, 36, 0
3, 37, 0
3, 38, 0
3, 39, 44
3, 40, 13
3, 41, 4
3, 42, 0
3, 43, 0
3, 44, 0
3, 45, 0
3, 46, 0
3, 47, 61
3, 48, 33
3, 49, 0
3, 50, 0
3, 51, 0
3, 52, 0
3, 53, 0
3, 54, 0
3, 55, 0
3, 56, 0
3, 57, 12
3, 58, 0
3, 59, 0
3, 60, 46
3, 61, 0
3, 62, 51
3, 63, 0
3, 64, 0
3, 65, 0
3, 66, 0
3, 67, 19
3, 68, 0
3, 69, 0
3, 70, 59
3, 71, 0
3, 72, 0
3, 73, 0
3, 74, 0
3, 75, 0
3, 76, 0
3, 77, 0
3, 78, 10
3, 79, 0
3, 80, 5
3, 81, 0
3, 82, 0
3, 83, 0
3, 84, 0
3, 85, 0
3, 86, 21
3, 87, 0
3, 88, 0
3, 89, 0
3, 90, 43
3, 91, 0
3, 92, 0
3, 93, 0
3, 94, 0
3, 95, 0
3, 96, 0
3, 97, 0
3, 98, 0
3, 99, 39
3, 100, 0
3, 101, 0
3, 102, 0
3, 103, 0
3, 104, 0
3, 105, 32
3, 106, 0
3, 107, 0
3, 108, 0
3, 109, 0
3, 110, 35
3, 111, 0
3, 112, 0
3, 113, 0
3, 114, 0
3, 115, 2
3, 116, 0
3, 117, 13
3, 118, 0
3, 119, 7
3, 120, 0
3, 121, 0
3, 122, 39
3, 123, 0
3, 124, 0
3, 125, 0
3, 126, 0
3, 127, 24
3, 128, 50
3, 129, 26
3, 130, 45
3, 131, 0
3, 132, 0
3, 133, 42
3, 134, 0
3, 135, 33
3, 136, 22
3, 137, 0
3, 138, 0
3, 139, 0
3, 140, 0
3, 141, 0
3, 142, 0
3, 143, 0
3, 144, 52
3, 145, 47
3, 146, 0
3, 147, 0
3, 148, 0
3, 149, 0
3, 150, 0
3, 151, 15
3, 152, 21
3, 153, 0
3, 154, 35
3, 155, 56
3, 156, 0
3, 157, 0
3, 158, 0
3, 159, 0
3, 160, 0
3, 161, 0
3, 162, 0
3, 163, 0
3, 164, 0
3, 165, 0
3, 166, 0
3, 167, 0
3, 168, 0
3, 169, 0
3, 170, 53
3, 171, 0
3, 172, 0
3, 173, 0
3, 174, 0
3, 175, 0
3, 176, 46
3, 177, 0
3, 178, 0
3, 179, 0
3, 180, 0
3, 181, 0
3, 182, 0
3, 183, 36
3, 184, 0
3, 185, 4
3, 186, 0
3, 187, 44
3, 188, 0
3, 189, 60
3, 190, 0
3, 191, 0
3, 192, 0
3, 193, 0
3, 194, 0
3, 195, 0
3, 196, 0
3, 197, 0
3, 198, 0
3, 199, 20
3, 200, 0
3, 201, 0
3, 202, 0
3, 203, 61
3, 204, 0
3, 205, 0
3, 206, 0
3, 207, 0
3, 208, 0
3, 209, 0
3, 210, 0
3, 211, 0
3, 212, 0
3, 213, 12
3, 214, 57
3, 215, 0
3, 216, 0
3, 217, 0
3, 218, 39
3, 219, 0
3, 220, 0
3, 221, 0
3, 222, 0
3, 223, 0
3, 224, 50
3, 225, 0
3, 226, 0
3, 227, 0
3, 228, 0
3, 229, 0
3, 230, 0
3, 231, 0
3, 232, 26
3, 233, 0
3, 234, 0
3, 235, 0
3, 236, 0
3, 237, 0
3, 238, 45
3, 239, 23
3, 240, 0
3, 241, 0
3, 242, 0
3, 243, 29
3, 244, 0
3, 245, 0
3, 246, 0
3, 247, 44
3, 248, 0
3, 249, 0
3, 250, 7
3, 251, 0
3, 252, 0
3, 253, 0
3, 254, 0
3, 255, 0
3, 256, 0
3, 257, 0
3, 258, 0
3, 259, 0
3, 260, 0
3, 261, 0
3, 262, 0
3, 263, 43
3, 264, 0
3, 265, 52
3, 266, 15
3, 267, 0
3, 268, 0
3, 269, 47
3, 270, 32
3, 271, 0
3, 272, 22
3, 273, 0
3, 274, 0
3, 275, 0
3, 276, 20
3, 277, 51
3, 278, 0
3, 279, 0
3, 280, 0
3, 281, 0
3, 282, 52
3, 283, 0
3, 284, 0
3, 285, 5
3, 286, 0
3, 287, 0
3, 288, 0
3, 289, 45
3, 290, 0
3, 291, 41
3, 292, 4
3, 293, 0
3, 294, 0
3, 295, 0
3, 296, 0
3, 297, 0
3, 298, 0
3, 299, 0
3, 300, 0
3, 301, 42
3, 302, 60
3, 303, 0
3, 304, 0
3, 305, 46
3, 306, 0
3, 307, 0
3, 308, 0
3, 309, 0
3, 310, 0
3, 311, 0
3, 312, 0
3, 313, 0
3, 314, 0
3, 315, 59
3, 316, 0
3, 317, 0
3, 318, 0
3, 319, 0
3, 320, 0
3, 321, 0
3, 322, 0
3, 323, 33
3, 324, 0
3, 325, 0
3, 326, 0
3, 327, 0
3, 328, 0
3, 329, 39
3, 330, 0
3, 331, 0
3, 332, 0
3, 333, 54
3, 334, 0
3, 335, 0
3, 336, 0
3, 337, 2
3, 338, 0
3, 339, 31
3, 340, 0
3, 341, 20
3, 342, 0
3, 343, 0
3, 344, 53
3, 345, 0
3, 346, 0
3, 347, 61
3, 348, 10
3, 349, 0
3, 350, 0
3, 351, 0
3, 352, 0
3, 353, 0
3, 354, 0
3, 355, 0
3, 356, 56
3, 357, 0
3, 358, 0
3, 359, 0
3, 360, 0
3, 361, 50
3, 362, 0
3, 363, 0
3, 364, 47
3, 365, 0
3, 366, 0
3, 367, 0
3, 368, 0
3, 369, 0
3, 370, 0
3, 371, 0
3, 372, 0
3, 373, 0
3, 374, 0
3, 375, 0
3, 376, 0
3, 377, 0
3, 378, 0
3, 379, 43
3, 380, 15
3, 381, 0
3, 382, 0
3, 383, 0
3, 384, 57
3, 385, 0
3, 386, 0
3, 387, 21
3, 388, 41
3, 389, 0
3, 390, 0
3, 391, 0
3, 392, 0
3, 393, 49
3, 394, 0
3, 395, 0
3, 396, 0
3, 397, 29
3, 398, 0
3, 399, 26
4, 0, 0
4, 1, 9
4, 2, 0
4, 3, 34
4, 4, 0
4, 5, 0
4, 6, 23
4, 7, 0
4, 8, 6
4, 9, 0
4, 10, 0
4, 11, 0
4, 12, 0
4, 13, 0
4, 14, 0
4, 15, 0
4, 16, 0
4, 17, 0
4, 18, 36
4, 19, 0
4, 20, 0
4, 21, 0
4, 22, 0
4, 23, 41
4, 24, 23
4, 25, 0
4, 26, 0
4, 27, 0
4, 28, 0
4, 29, 0
4, 30, 0
4, 31, 0
4, 32, 0
4, 33, 0
4, 34, 0
4, 35, 0
4, 36, 0
4, 37, 0
4, 38, 0
4, 39, 0
4, 40, 39
4, 41, 0
4, 42, 18
4, 43, 0
4, 44, 0
4, 45, 0
4, 46, 0
4, 47, 15
4, 48, 0
4, 49, 0
4, 50, 0
4, 51, 0
4, 52, 0
4, 53, 0
4, 54, 5
4, 55, 0
4, 56, 0
4, 57, 0
4, 58, 0
4, 59, 0
4, 60, 0
4, 61, 0
4, 62, 0
4, 63, 33
4, 64, 0
4, 65, 54
4, 66, 0
4, 67, 0
4, 68, 0
4, 69, 0
4, 70, 0
4, 71, 0
4, 72, 0
4, 73, 50
4, 74, 41
4, 75, 0
4, 76, 0
4, 77, 0
4, 78, 0
4, 79, 0
4, 80, 31
4, 81, 0
4, 82, 0
4, 83, 0
4, 84, 0
4, 85, 0
4, 86, 0
4, 87, 0
4, 88, 0
4, 89, 0
4, 90, 0
4, 91, 0
4, 92, 0
4, 93, 0
4, 94, 0
4, 95, 0
4, 96, 0
4, 97, 0
4, 98, 0
4, 99, 0
4, 100, 0
4, 101, 4
4, 102, 0
4, 103, 0
4, 104, 46
4, 105, 0
4, 106, 0
4, 107, 0
4, 108, 0
4, 109, 7
4, 110, 0
4, 111, 0
4, 112, 54
4, 113, 0
4, 114, 0
4, 115, 0
4, 116, 0
4, 117, 0
4, 118, 0
4, 119, 33
4, 120, 0
4, 121, 0
4, 122, 0
4, 123, 0
4, 124, 0
4, 125, 0
4, 126, 0
4, 127, 0
4, 128, 0
4, 129, 0
4, 130, 0
4, 131, 0
4, 132, 0
4, 133, 0
4, 134, 36
4, 135, 37
4, 136, 0
4, 137, 0
4, 138, 0
4, 139, 0
4, 140, 5
4, 141, 0
4, 142, 0
4, 143, 14
4, 144, 0
4, 145, 0
4, 146, 0
4, 147, 0
4, 148, 0
4, 149, 0
4, 150, 0
4, 151, 0
4, 152, 0
4, 153, 0
4, 154, 0
4, 155, 0
4, 156, 0
4, 157, 0
4, 158, 34
4, 159, 0
4, 160, 0
4, 161, 23
4, 162, 0
4, 163, 0
4, 164, 0
4, 165, 20
4, 166, 0
4, 167, 0
4, 168, 0
4, 169, 50
4, 170, 0
4, 171, 44
4, 172, 0
4, 173, 0
4, 174, 0
4, 175, 8
4, 176, 0
4, 177, 0
4, 178, 0
4, 179, 22
4, 180, 0
4, 181, 0
4, 182, 0
4, 183, 0
4, 184, 0
4, 185, 0
4, 186, 0
4, 187, 0
4, 188, 29
4, 189, 46
4, 190, 0
4, 191, 0
4, 192, 15
4, 193, 0
4, 194, 0
4, 195, 0
4, 196, 0
4, 197, 33
4, 198, 0
4, 199, 0
4, 200, 0
4, 201, 0
4, 202, 0
4, 203, 0
4, 204, 0
4, 205, 0
4, 206, 36
4, 207, 0
4, 208, 39
4, 209, 0
4, 210, 0
4, 211, 23
4, 212, 20
4, 213, 0
4, 214, 0
4, 215, 0
4, 216, 41
4, 217, 0
4, 218, 0
4, 219, 37
4, 220, 0
4, 221, 0
4, 222, 0
4, 223, 0
4, 224, 0
4, 225, 20
4, 226, 0
4, 227, 0
4, 228, 0
4, 229, 0
4, 230, 12
4, 231, 0
4, 232, 0
4, 233, 0
4, 234, 0
4, 235, 54
4, 236, 0
4, 237, 0
4, 238, 0
4, 239, 0
4, 240, 0
4, 241, 0
4, 242, 0
4, 243, 0
4, 244, 0
4, 245, 0
4, 246, 54
4, 247, 0
4, 248, 0
4, 249, 0
4, 250, 0
4, 251, 0
4, 252, 0
4, 253, 0
4, 254, 0
4, 255, 0
4, 256, 0
4, 257, 29
4, 258, 14
4, 259, 0
4, 260, 44
4, 261, 0
4, 262, 0
4, 263, 0
4, 264, 0
4, 265, 68
4, 266, 52
4, 267, 0
4, 268, 23
4, 269, 9
4, 270, 0
4, 271, 34
4, 272, 0
4, 273, 0
4, 274, 0
4, 275, 0
4, 276, 0
4, 277, 0
4, 278, 34
4, 279, 37
4, 280, 0
4, 281, 0
4, 282, 50
4, 283, 0
4, 284, 0
4, 285, 0
4, 286, 0
4, 287, 0
4, 288, 29
4, 289, 0
4, 290, 0
4, 291, 0
4, 292, 18
4, 293, 5
4, 294, 0
4, 295, 0
4, 296, 0
4, 297, 0
4, 298, 0
4, 299, 15
4, 300, 0
4, 301, 0
4, 302, 36
4, 303, 0
4, 304, 6
4, 305, 0
4, 306, 0
4, 307, 0
4, 308, 0
4, 309, 0
4, 310, 24
4, 311, 0
4, 312, 0
4, 313, 0
4, 314, 0
4, 315, 52
4, 316, 0
4, 317, 0
4, 318, 0
4, 319, 0
4, 320, 0
4, 321, 0
4, 322, 0
4, 323, 0
4, 324, 0
4, 325, 0
4, 326, 0
4, 327, 0
4, 328, 0
4, 329, 0
4, 330, 0
4, 331, 0
4, 332, 0
4, 333, 0
4, 334, 0
4, 335, 0
4, 336, 0
4, 337, 0
4, 338, 0
4, 339, 20
4, 340, 0
4, 341, 46
4, 342, 0
4, 343, 0
4, 344, 0
4, 345, 50
4, 346, 0
4, 347, 0
4, 348, 4
4, 349, 0
4, 350, 0
4, 351, 0
4, 352, 0
4, 353, 0
4, 354, 0
4, 355, 19
4, 356, 0
4, 357, 0
4, 358, 0
4, 359, 0
4, 360, 33
4, 361, 14
4, 362, 31
4, 363, 0
4, 364, 0
4, 365, 0
4, 366, 0
4, 367, 0
4, 368, 14
4, 369, 0
4, 370, 0
4, 371, 0
4, 372, 0
4, 373, 24
4, 374, 36
4, 375, 0
4, 376, 44
4, 377, 0
4, 378, 0
4, 379, 0
4, 380, 0
4, 381, 0
4, 382, 0
4, 383, 0
4, 384, 0
4, 385, 0
4, 386, 49
4, 387, 5
4, 388, 0
4, 389, 0
4, 390, 0
4, 391, 0
4, 392, 0
4, 393, 0
4, 394, 0
4, 395, 0
4, 396, 0
4, 397, 0
4, 398, 29
4, 399, 34
5, 0, 0
5, 1, 0
5, 2, 0
5, 3, 0
5, 4, 0
5, 5, 0
5, 6, 50
5, 7, 0
5, 8, 54
5, 9, 0
5, 10, 0
5, 11, 0
5, 12, 0
5, 13, 0
5, 14, 0
5, 15, 0
5, 16, 0
5, 17, 0
5, 18, 6
5, 19, 0
5, 20, 0
5, 21, 0
5, 22, 0
5, 23, 49
5, 24, 0
5, 25, 56
5, 26, 29
5, 27, 0
5, 28, 42
5, 29, 0
5, 30, 37
5, 31, 0
5, 32, 0
5, 33, 0
5, 34, 25
5, 35, 37
5, 36, 21
5, 37, 0
5, 38, 0
5, 39, 0
5, 40, 0
5, 41, 0
5, 42, 0
5, 43, 40
5, 44, 0
5, 45, 0
5, 46, 0
5, 47, 0
5, 48, 23
5, 49, 0
5, 50, 0
5, 51, 53
5, 52, 0
5, 53, 0
5, 54, 0
5, 55, 0
5, 56, 0
5, 57, 0
5, 58, 0
5, 59, 0
5, 60, 44
5, 61, 0
5, 62, 13
5, 63, 0
5, 64, 0
5, 65, 59
5, 66, 0
5, 67, 0
5, 68, 0
5, 69, 0
5, 70, 0
5, 71, 0
5, 72, 0
5, 73, 0
5, 74, 3
5, 75, 0
5, 76, 0
5, 77, 0
5, 78, 16
5, 79, 24
5, 80, 0
5, 81, 0
5, 82, 0
5, 83, 0
5, 84, 0
5, 85, 44
5, 86, 11
5, 87, 50
5, 88, 14
5, 89, 0
5, 90, 0
5, 91, 0
5, 92, 49
5, 93, 28
5, 94, 0
5, 95, 0
5, 96, 32
5, 97, 0
5, 98, 0
5, 99, 0
5, 100, 20
5, 101, 44
5, 102, 0
5, 103, 0
5, 104, 0
5, 105, 45
5, 106, 0
5, 107, 0
5, 108, 0
5, 109, 0
5, 110, 0
5, 111, 19
5, 112, 0
5, 113, 0
5, 114, 0
5, 115, 38
5, 116, 0
5, 117, 0
5, 118, 0
5, 119, 0
5, 120, 0
5, 121, 6
5, 122, 0
5, 123, 0
5, 124, 0
5, 125, 0
5, 126, 47
5, 127, 0
5, 128, 0
5, 129, 0
5, 130, 0
5, 131, 0
5, 132, 0
5, 133, 37
5, 134, 0
5, 135, 28
5, 136, 0
5, 137, 0
5, 138, 0
5, 139, 27
5, 140, 0
5, 141, 0
5, 142, 0
5, 143, 0
5, 144, 0
5, 145, 6
5, 146, 0
5, 147, 0
5, 148, 0
5, 149, 0
5, 150, 0
5, 151, 0
5, 152, 0
5, 153, 0
5, 154, 0
5, 155, 0
5, 156, 0
5, 157, 11
5, 158, 0
5, 159, 16
5, 160, 0
5, 161, 50
5, 162, 0
5, 163, 56
5, 164, 0
5, 165, 0
5, 166, 40
5, 167, 25
5, 168, 53
5, 169, 0
5, 170, 56
5, 171, 0
5, 172, 0
5, 173, 0
5, 174, 0
5, 175, 0
5, 176, 0
5, 177, 53
5, 178, 0
5, 179, 38
5, 180, 0
5, 181, 42
5, 182, 0
5, 183, 0
5, 184, 0
5, 185, 0
5, 186, 0
5, 187, 0
5, 188, 0
5, 189, 0
5, 190, 23
5, 191, 54
5, 192, 47
5, 193, 0
5, 194, 0
5, 195, 0
5, 196, 0
5, 197, 0
5, 198, 0
5, 199, 0
5, 200, 0
5, 201, 0
5, 202, 47
5, 203, 0
5, 204, 0
5, 205, 56
5, 206, 0
5, 207, 40
5, 208, 29
5, 209, 0
5, 210, 0
5, 211, 0
5, 212, 0
5, 213, 40
5, 214, 0
5, 215, 0
5, 216, 0
5, 217, 16
5, 218, 44
5, 219, 0
5, 220, 48
5, 221, 0
5, 222, 0
5, 223, 0
5, 224, 0
5, 225, 0
5, 226, 0
5, 227, 0
5, 228, 0
5, 229, 0
5, 230, 0
5, 231, 27
5, 232, 0
5, 233, 0
5, 234, 0
5, 235, 0
5, 236, 0
5, 237, 0
5, 238, 0
5, 239, 37
5, 240, 0
5, 241, 0
5, 242, 0
5, 243, 3
5, 244, 0
5, 245, 0
5, 246, 0
5, 247, 21
5, 248, 0
5, 249, 0
5, 250, 0
5, 251, 0
5, 252, 0
5, 253, 17
5, 254, 0
5, 255, 0
5, 256, 0
5, 257, 0
5, 258, 49
5, 259, 0
5, 260, 0
5, 261, 0
5, 262, 32
5, 263, 0
5, 264, 0
5, 265, 0
5, 266, 0
5, 267, 0
5, 268, 0
5, 269, 50
5, 270, 0
5, 271, 0
5, 272, 0
5, 273, 0
5, 274, 0
5, 275, 19
5, 276, 0
5, 277, 0
5, 278, 0
5, 279, 0
5, 280, 0
5, 281, 0
5, 282, 0
5, 283, 0
5, 284, 0
5, 285, 0
5, 286, 0
5, 287, 0
5, 288, 25
5, 289, 0
5, 290, 0
5, 291, 47
5, 292, 0
5, 293, 19
5, 294, 0
5, 295, 13
5, 296, 0
5, 297, 0
5, 298, 16
5, 299, 44
5, 300, 49
5, 301, 0
5, 302, 38
5, 303, 0
5, 304, 20
5, 305, 0
5, 306, 0
5, 307, 0
5, 308, 0
5, 309, 0
5, 310, 6
5, 311, 11
5, 312, 27
5, 313, 23
5, 314, 0
5, 315, 14
5, 316, 50
5, 317, 0
5, 318, 0
5, 319, 0
5, 320, 0
5, 321, 0
5, 322, 14
5, 323, 0
5, 324, 0
5, 325, 56
5, 326, 0
5, 327, 0
5, 328, 42
5, 329, 0
5, 330, 0
5, 331, 54
5, 332, 0
5, 333, 0
5, 334, 0
5, 335, 0
5, 336, 0
5, 337, 47
5, 338, 0
5, 339, 0
5, 340, 50
5, 341, 28
5, 342, 0
5, 343, 0
5, 344, 0
5, 345, 35
5, 346, 19
5, 347, 0
5, 348, 40
5, 349, 37
5, 350, 0
5, 351, 0
5, 352, 0
5, 353, 0
5, 354, 0
5, 355, 0
5, 356, 59
5, 357, 0
5, 358, 0
5, 359, 0
5, 360, 0
5, 361, 0
5, 362, 17
5, 363, 0
5, 364, 53
5, 365, 0
5, 366, 0
5, 367, 25
5, 368, 0
5, 369, 0
5, 370, 3
5, 371, 0
5, 372, 0
5, 373, 0
5, 374, 38
5, 375, 0
5, 376, 0
5, 377, 0
5, 378, 0
5, 379, 0
5, 380, 0
5, 381, 0
5, 382, 48
5, 383, 0
5, 384, 0
5, 385, 0
5, 386, 0
5, 387, 0
5, 388, 0
5, 389, 0
5, 390, 0
5, 391, 0
5, 392, 0
5, 393, 49
5, 394, 6
5, 395, 0
5, 396, 0
5, 397, 0
5, 398, 0
5, 399, 0
6, 0, 0
6, 1, 8
6, 2, 0
6, 3, 0
6, 4, 0
6, 5, 0
6, 6, 0
6, 7, 0
6, 8, 0
6, 9, 22
6, 10, 0
6, 11, 0
6, 12, 0
6, 13, 39
6, 14, 0
6, 15, 18
6, 16, 29
6, 17, 0
6, 18, 11
6, 19, 0
6, 20, 48
6, 21, 0
6, 22, 14
6, 23, 0
6, 24, 0
6, 25, 0
6, 26, 0
6, 27, 0
6, 28, 1
6, 29, 0
6, 30, 0
6, 31, 48
6, 32, 37
6, 33, 38
6, 34, 0
6, 35, 0
6, 36, 10
6, 37, 0
6, 38, 0
6, 39, 0
6, 40, 12
6, 41, 0
6, 42, 0
6, 43, 7
6, 44, 37
6, 45, 0
6, 46, 0
6, 47, 0
6, 48, 0
6, 49, 0
6, 50, 0
6, 51, 0
6, 52, 0
6, 53, 0
6, 54, 0
6, 55, 0
6, 56, 0
6, 57, 0
6, 58, 0
6, 59, 0
6, 60, 0
6, 61, 0
6, 62, 0
6, 63, 0
6, 64, 32
6, 65, 0
6, 66, 0
6, 67, 0
6, 68, 0
6, 69, 0
6, 70, 0
6, 71, 0
6, 72, 0
6, 73, 0
6, 74, 0
6, 75, 54
6, 76, 0
6, 77, 11
6, 78, 0
6, 79, 0
6, 80, 44
6, 81, 0
6, 82, 0
6, 83, 0
6, 84, 9
6, 85, 0
6, 86, 0
6, 87, 0
6, 88, 0
6, 89, 42
6, 90, 0
6, 91, 14
6, 92, 5
6, 93, 0
6, 94, 0
6, 95, 0
6, 96, 18
6, 97, 0
6, 98, 0
6, 99, 0
6, 100, 0
6, 101, 0
6, 102, 0
6, 103, 0
6, 104, 12
6, 105, 0
6, 106, 38
6, 107, 0
6, 108, 0
6, 109, 0
6, 110, 8
6, 111, 45
6, 112, 0
6, 113, 0
6, 114, 25
6, 115, 46
6, 116, 0
6, 117, 18
6, 118, 0
6, 119, 0
6, 120, 0
6, 121, 0
6, 122, 0
6, 123, 0
6, 124, 0
6, 125, 0
6, 126, 29
6, 127, 20
6, 128, 0
6, 129, 0
6, 130, 0
6, 131, 0
6, 132, 0
6, 133, 0
6, 134, 0
6, 135, 0
6, 136, 0
6, 137, 0
6, 138, 0
6, 139, 50
6, 140, 0
6, 141, 0
6, 142, 21
6, 143, 0
6, 144, 0
6, 145, 39
6, 146, 0
6, 147, 0
6, 148, 0
6, 149, 0
6, 150, 0
6, 151, 0
6, 152, 47
6, 153, 43
6, 154, 26
6, 155, 0
6, 156, 0
6, 157, 0
6, 158, 0
6, 159, 32
6, 160, 44
6, 161, 37
6, 162, 0
6, 163, 0
6, 164, 0
6, 165, 0
6, 166, 0
6, 167, 0
6, 168, 0
6, 169, 0
6, 170, 0
6, 171, 0
6, 172, 0
6, 173, 0
6, 174, 0
6, 175, 0
6, 176, 11
6, 177, 51
6, 178, 0
6, 179, 0
6, 180, 34
6, 181, 0
6, 182, 0
6, 183, 0
6, 184, 0
6, 185, 0
6, 186, 0
6, 187, 0
6, 188, 0
6, 189, 0
6, 190, 0
6, 191, 0
6, 192, 0
6, 193, 0
6, 194, 38
6, 195, 0
6, 196, 0
6, 197, 0
6, 198, 0
6, 199, 0
6, 200, 0
6, 201, 0
6, 202, 0
6, 203, 0
6, 204, 40
6, 205, 0
6, 206, 0
6, 207, 48
6, 208, 0
6, 209, 0
6, 210, 31
6, 211, 22
6, 212, 0
6, 213, 0
6, 214, 0
6, 215, 0
6, 216, 0
6, 217, 0
6, 218, 38
6, 219, 0
6, 220, 12
6, 221, 42
6, 222, 0
6, 223, 0
6, 224, 20
6, 225, 0
6, 226, 35
6, 227, 0
6, 228, 50
6, 229, 46
6, 230, 0
6, 231, 46
6, 232, 47
6, 233, 0
6, 234, 0
6, 235, 0
6, 236, 18
6, 237, 0
6, 238, 44
6, 239, 25
6, 240, 0
6, 241, 0
6, 242, 0
6, 243, 0
6, 244, 44
6, 245, 0
6, 246, 10
6, 247, 0
6, 248, 29
6, 249, 0
6, 250, 0
6, 251, 0
6, 252, 0
6, 253, 0
6, 254, 0
6, 255, 0
6, 256, 0
6, 257, 0
6, 258, 0
6, 259, 0
6, 260, 0
6, 261, 0
6, 262, 0
6, 263, 0
6, 264, 0
6, 265, 7
6, 266, 0
6, 267, 0
6, 268, 5
6, 269, 0
6, 270, 14
6, 271, 0
6, 272, 0
6, 273, 0
6, 274, 0
6, 275, 0
6, 276, 40
6, 277, 9
6, 278, 0
6, 279, 0
6, 280, 0
6, 281, 0
6, 282, 0
6, 283, 0
6, 284, 0
6, 285, 0
6, 286, 0
6, 287, 0
6, 288, 0
6, 289, 32
6, 290, 0
6, 291, 0
6, 292, 0
6, 293, 0
6, 294, 0
6, 295, 0
6, 296, 0
6, 297, 0
6, 298, 0
6, 299, 0
6, 300, 0
6, 301, 42
6, 302, 0
6, 303, 0
6, 304, 0
6, 305, 0
6, 306, 0
6, 307, 0
6, 308, 9
6, 309, 54
6, 310, 34
6, 311, 0
6, 312, 0
6, 313, 0
6, 314, 0
6, 315, 0
6, 316, 12
6, 317, 0
6, 318, 0
6, 319, 0
6, 320, 0
6, 321, 0
6, 322, 67
6, 323, 0
6, 324, 43
6, 325, 0
6, 326, 8
6, 327, 0
6, 328, 33
6, 329, 0
6, 330, 0
6, 331, 37
6, 332, 0
6, 333, 4
6, 334, 0
6, 335, 0
6, 336, 0
6, 337, 47
6, 338, 0
6, 339, 0
6, 340, 0
6, 341, 0
6, 342, 0
6, 343, 0
6, 344, 0
6, 345, 0
6, 346, 0
6, 347, 22
6, 348, 39
6, 349, 7
6, 350, 0
6, 351, 0
6, 352, 0
6, 353, 2
6, 354, 0
6, 355, 0
6, 356, 31
6, 357, 51
6, 358, 0
6, 359, 46
6, 360, 0
6, 361, 0
6, 362, 35
6, 363, 0
6, 364, 32
6, 365, 0
6, 366, 0
6, 367, 0
6, 368, 0
6, 369, 4
6, 370, 40
6, 371, 50
6, 372, 0
6, 373, 0
6, 374, 0
6, 375, 0
6, 376, 42
6, 377, 0
6, 378, 0
6, 379, 0
6, 380, 0
6, 381, 11
6, 382, 0
6, 383, 0
6, 384, 0
6, 385, 21
6, 386, 0
6, 387, 9
6, 388, 0
6, 389, 0
6, 390, 0
6, 391, 45
6, 392, 0
6, 393, 61
6, 394, 44
6, 395, 25
6, 396, 0
6, 397, 0
6, 398, 0
6, 399, 0
7, 0, 0
7, 1, 0
7, 2, 19
7, 3, 0
7, 4, 0
7, 5, 54
7, 6, 0
7, 7, 0
7, 8, 47
7, 9, 0
7, 10, 0
7, 11, 0
7, 12, 0
7, 13, 0
7, 14, 44
7, 15, 0
7, 16, 29
7, 17, 0
7, 18, 4
7, 19, 0
7, 20, 0
7, 21, 0
7, 22, 0
7, 23, 30
7, 24, 0
7, 25, 0
7, 26, 48
7, 27, 0
7, 28, 0
7, 29, 0
7, 30, 0
7, 31, 2
7, 32, 0
7, 33, 43
7, 34, 7
7, 35, 0
7, 36, 0
7, 37, 0
7, 38, 0
7, 39, 33
7, 40, 0
7, 41, 0
7, 42, 0
7, 43, 0
7, 44, 0
7, 45, 57
7, 46, 0
7, 47, 0
7, 48, 0
7, 49, 0
7, 50, 0
7, 51, 0
7, 52, 0
7, 53, 0
7, 54, 0
7, 55, 0
7, 56, 8
7, 57, 23
7, 58, 0
7, 59, 0
7, 60, 16
7, 61, 0
7, 62, 13
7, 63, 0
7, 64, 0
7, 65, 0
7, 66, 0
7, 67, 1
7, 68, 27
7, 69, 0
7, 70, 0
7, 71, 0
7, 72, 0
7, 73, 0
7, 74, 0
7, 75, 0
7, 76, 0
7, 77, 21
7, 78, 0
7, 79, 0
7, 80, 0
7, 81, 0
7, 82, 35
7, 83, 39
7, 84, 0
7, 85, 0
7, 86, 12
7, 87, 59
7, 88, 0
7, 89, 0
7, 90, 18
7, 91, 0
7, 92, 0
7, 93, 10
7, 94, 0
7, 95, 0
7, 96, 0
7, 97, 0
7, 98, 0
7, 99, 0
7, 100, 0
7, 101, 0
7, 102, 0
7, 103, 33
7, 104, 0
7, 105, 0
7, 106, 19
7, 107, 0
7, 108, 23
7, 109, 9
7, 110, 53
7, 111, 0
7, 112, 0
7, 113, 50
7, 114, 11
7, 115, 0
7, 116, 0
7, 117, 0
7, 118, 0
7, 119, 0
7, 120, 0
7, 121, 0
7, 122, 0
7, 123, 0
7, 124, 0
7, 125, 0
7, 126, 0
7, 127, 0
7, 128, 47
7, 129, 41
7, 130, 0
7, 131, 53
7, 132, 0
7, 133, 0
7, 134, 0
7, 135, 0
7, 136, 43
7, 137, 4
7, 138, 40
7, 139, 0
7, 140, 9
7, 141, 0
7, 142, 50
7, 143, 0
7, 144, 0
7, 145, 42
7, 146, 0
7, 147, 0
7, 148, 0
7, 149, 0
7, 150, 48
7, 151, 0
7, 152, 0
7, 153, 0
7, 154, 0
7, 155, 0
7, 156, 0
7, 157, 6
7, 158, 31
7, 159, 0
7, 160, 0
7, 161, 0
7, 162, 0
7, 163, 0
7, 164, 16
7, 165, 0
7, 166, 0
7, 167, 0
7, 168, 0
7, 169, 0
7, 170, 0
7, 171, 0
7, 172, 0
7, 173, 0
7, 174, 0
7, 175, 0
7, 176, 0
7, 177, 0
7, 178, 0
7, 179, 0
7, 180, 0
7, 181, 0
7, 182, 0
7, 183, 0
7, 184, 0
7, 185, 0
7, 186, 0
7, 187, 29
7, 188, 0
7, 189, 0
7, 190, 47
7, 191, 0
7, 192, 19
7, 193, 0
7, 194, 0
7, 195, 28
7, 196, 0
7, 197, 57
7, 198, 0
7, 199, 0
7, 200, 0
7, 201, 0
7, 202, 0
7, 203, 0
7, 204, 0
7, 205, 0
7, 206, 0
7, 207, 0
7, 208, 0
7, 209, 0
7, 210, 51
7, 211, 0
7, 212, 0
7, 213, 0
7, 214, 0
7, 215, 0
7, 216, 0
7, 217, 0
7, 218, 0
7, 219, 0
7, 220, 0
7, 221, 0
7, 222, 0
7, 223, 0
7, 224, 0
7, 225, 0
7, 226, 0
7, 227, 35
7, 228, 0
7, 229, 0
7, 230, 0
7, 231, 0
7, 232, 0
7, 233, 11
7, 234, 0
7, 235, 44
7, 236, 0
7, 237, 0
7, 238, 0
7, 239, 0
7, 240, 0
7, 241, 0
7, 242, 0
7, 243, 0
7, 244, 0
7, 245, 0
7, 246, 39
7, 247, 0
7, 248, 0
7, 249, 2
7, 250, 0
7, 251, 0
7, 252, 42
7, 253, 0
7, 254, 0
7, 255, 0
7, 256, 0
7, 257, 0
7, 258, 0
7, 259, 0
7, 260, 0
7, 261, 0
7, 262, 0
7, 263, 13
7, 264, 43
7, 265, 0
7, 266, 0
7, 267, 0
7, 268, 0
7, 269, 0
7, 270, 0
7, 271, 0
7, 272, 0
7, 273, 23
7, 274, 18
7, 275, 7
7, 276, 41
7, 277, 0
7, 278, 0
7, 279, 0
7, 280, 0
7, 281, 0
7, 282, 0
7, 283, 0
7, 284, 0
7, 285, 0
7, 286, 0
7, 287, 0
7, 288, 10
7, 289, 0
7, 290, 30
7, 291, 0
7, 292, 0
7, 293, 0
7, 294, 57
7, 295, 0
7, 296, 0
7, 297, 53
7, 298, 0
7, 299, 0
7, 300, 0
7, 301, 0
7, 302, 0
7, 303, 0
7, 304, 40
7, 305, 0
7, 306, 0
7, 307, 0
7, 308, 50
7, 309, 21
7, 310, 0
7, 311, 0
7, 312, 0
7, 313, 36
7, 314, 50
7, 315, 0
7, 316, 18
7, 317, 42
7, 318, 0
7, 319, 0
7, 320, 16
7, 321, 0
7, 322, 0
7, 323, 0
7, 324, 0
7, 325, 0
7, 326, 51
7, 327, 0
7, 328, 4
7, 329, 0
7, 330, 13
7, 331, 0
7, 332, 0
7, 333, 0
7, 334, 0
7, 335, 0
7, 336, 0
7, 337, 32
7, 338, 27
7, 339, 0
7, 340, 0
7, 341, 0
7, 342, 0
7, 343, 0
7, 344, 0
7, 345, 19
7, 346, 0
7, 347, 0
7, 348, 0
7, 349, 0
7, 350, 0
7, 351, 0
7, 352, 0
7, 353, 0
7, 354, 0
7, 355, 0
7, 356, 0
7, 357, 41
7, 358, 0
7, 359, 0
7, 360, 11
7, 361, 0
7, 362, 59
7, 363, 0
7, 364, 0
7, 365, 0
7, 366, 0
7, 367, 35
7, 368, 0
7, 369, 47
7, 370, 4
7, 371, 0
7, 372, 0
7, 373, 0
7, 374, 0
7, 375, 0
7, 376, 0
7, 377, 0
7, 378, 0
7, 379, 21
7, 380, 0
7, 381, 30
7, 382, 0
7, 383, 0
7, 384, 50
7, 385, 0
7, 386, 0
7, 387, 0
7, 388, 0
7, 389, 0
7, 390, 8
7, 391, 7
7, 392, 29
7, 393, 51
7, 394, 2
7, 395, 0
7, 396, 0
7, 397, 0
7, 398, 0
7, 399, 0
8, 0, 0
8, 1, 0
8, 2, 28
8, 3, 0
8, 4, 0
8, 5, 0
8, 6, 45
8, 7, 0
8, 8, 56
8, 9, 0
8, 10, 0
8, 11, 0
8, 12, 0
8, 13, 0
8, 14, 7
8, 15, 0
8, 16, 55
8, 17, 0
8, 18, 0
8, 19, 0
8, 20, 0
8, 21, 0
8, 22, 0
8, 23, 0
8, 24, 0
8, 25, 0
8, 26, 0
8, 27, 45
8, 28, 0
8, 29, 0
8, 30, 0
8, 31, 0
8, 32, 0
8, 33, 48
8, 34, 0
8, 35, 0
8, 36, 22
8, 37, 0
8, 38, 0
8, 39, 0
8, 40, 0
8, 41, 0
8, 42, 0
8, 43, 0
8, 44, 50
8, 45, 17
8, 46, 5
8, 47, 0
8, 48, 0
8, 49, 0
8, 50, 33
8, 51, 0
8, 52, 0
8, 53, 0
8, 54, 0
8, 55, 0
8, 56, 0
8, 57, 0
8, 58, 0
8, 59, 0
8, 60, 0
8, 61, 0
8, 62, 0
8, 63, 0
8, 64, 42
8, 65, 52
8, 66, 0
8, 67, 40
8, 68, 0
8, 69, 43
8, 70, 0
8, 71, 0
8, 72, 0
8, 73, 34
8, 74, 0
8, 75, 0
8, 76, 57
8, 77, 0
8, 78, 0
8, 79, 0
8, 80, 0
8, 81, 0
8, 82, 0
8, 83, 0
8, 84, 0
8, 85, 0
8, 86, 0
8, 87, 0
8, 88, 0
8, 89, 0
8, 90, 0
8, 91, 0
8, 92, 28
8, 93, 0
8, 94, 0
8, 95, 0
8, 96, 0
8, 97, 0
8, 98, 0
8, 99, 0
8, 100, 0
8, 101, 36
8, 102, 0
8, 103, 37
8, 104, 0
8, 105, 0
8, 106, 0
8, 107, 0
8, 108, 0
8, 109, 7
8, 110, 0
8, 111, 0
8, 112, 0
8, 113, 24
8, 114, 0
8, 115, 0
8, 116, 0
8, 117, 0
8, 118, 0
8, 119, 26
8, 120, 22
8, 121, 0
8, 122, 0
8, 123, 0
8, 124, 0
8, 125, 0
8, 126, 0
8, 127, 0
8, 128, 0
8, 129, 0
8, 130, 0
8, 131, 9
8, 132, 0
8, 133, 0
8, 134, 20
8, 135, 0
8, 136, 39
8, 137, 0
8, 138, 0
8, 139, 13
8, 140, 46
8, 141, 0
8, 142, 0
8, 143, 0
8, 144, 13
8, 145, 38
8, 146, 0
8, 147, 56
8, 148, 0
8, 149, 0
8, 150, 0
8, 151, 0
8, 152, 0
8, 153, 0
8, 154, 0
8, 155, 0
8, 156, 54
8, 157, 0
8, 158, 0
8, 159, 0
8, 160, 0
8, 161, 0
8, 162, 0
8, 163, 0
8, 164, 0
8, 165, 0
8, 166, 0
8, 167, 0
8, 168, 0
8, 169, 0
8, 170, 0
8, 171, 0
8, 172, 0
8, 173, 22
8, 174, 0
8, 175, 0
8, 176, 0
8, 177, 0
8, 178, 43
8, 179, 16
8, 180, 0
8, 181, 0
8, 182, 0
8, 183, 0
8, 184, 0
8, 185, 0
8, 186, 0
8, 187, 0
8, 188, 0
8, 189, 0
8, 190, 0
8, 191, 48
8, 192, 0
8, 193, 34
8, 194, 0
8, 195, 0
8, 196, 0
8, 197, 0
8, 198, 0
8, 199, 0
8, 200, 0
8, 201, 0
8, 202, 62
8, 203, 0
8, 204, 0
8, 205, 0
8, 206, 0
8, 207, 33
8, 208, 36
8, 209, 0
8, 210, 0
8, 211, 0
8, 212, 0
8, 213, 0
8, 214, 0
8, 215, 0
8, 216, 20
8, 217, 46
8, 218, 0
8, 219, 0
8, 220, 0
8, 221, 0
8, 222, 0
8, 223, 0
8, 224, 0
8, 225, 0
8, 226, 0
8, 227, 0
8, 228, 30
8, 229, 0
8, 230, 0
8, 231, 0
8, 232, 0
8, 233, 0
8, 234, 55
8, 235, 24
8, 236, 37
8, 237, 0
8, 238, 50
8, 239, 28
8, 240, 0
8, 241, 0
8, 242, 50
8, 243, 0
8, 244, 0
8, 245, 40
8, 246, 0
8, 247, 1
8, 248, 0
8, 249, 52
8, 250, 37
8, 251, 62
8, 252, 0
8, 253, 0
8, 254, 0
8, 255, 26
8, 256, 0
8, 257, 0
8, 258, 0
8, 259, 0
8, 260, 0
8, 261, 0
8, 262, 0
8, 263, 0
8, 264, 0
8, 265, 52
8, 266, 0
8, 267, 0
8, 268, 5
8, 269, 0
8, 270, 0
8, 271, 0
8, 272, 0
8, 273, 0
8, 274, 0
8, 275, 0
8, 276, 0
8, 277, 20
8, 278, 0
8, 279, 28
8, 280, 0
8, 281, 0
8, 282, 0
8, 283, 53
8, 284, 0
8, 285, 0
8, 286, 0
8, 287, 0
8, 288, 13
8, 289, 46
8, 290, 0
8, 291, 0
8, 292, 0
8, 293, 0
8, 294, 0
8, 295, 0
8, 296, 0
8, 297, 57
8, 298, 0
8, 299, 0
8, 300, 0
8, 301, 43
8, 302, 0
8, 303, 50
8, 304, 0
8, 305, 0
8, 306, 0
8, 307, 0
8, 308, 0
8, 309, 0
8, 310, 26
8, 311, 0
8, 312, 48
8, 313, 0
8, 314, 0
8, 315, 1
8, 316, 56
8, 317, 48
8, 318, 9
8, 319, 0
8, 320, 0
8, 321, 0
8, 322, 0
8, 323, 0
8, 324, 0
8, 325, 0
8, 326, 0
8, 327, 0
8, 328, 0
8, 329, 0
8, 330, 53
8, 331, 0
8, 332, 7
8, 333, 52
8, 334, 0
8, 335, 0
8, 336, 39
8, 337, 0
8, 338, 0
8, 339, 0
8, 340, 0
8, 341, 0
8, 342, 0
8, 343, 0
8, 344, 0
8, 345, 0
8, 346, 62
8, 347, 52
8, 348, 0
8, 349, 34
8, 350, 0
8, 351, 0
8, 352, 0
8, 353, 0
8, 354, 0
8, 355, 0
8, 356, 0
8, 357, 0
8, 358, 48
8, 359, 0
8, 360, 54
8, 361, 24
8, 362, 0
8, 363, 0
8, 364, 0
8, 365, 55
8, 366, 0
8, 367, 0
8, 368, 0
8, 369, 0
8, 370, 0
8, 371, 0
8, 372, 0
8, 373, 0
8, 374, 0
8, 375, 50
8, 376, 28
8, 377, 0
8, 378, 0
8, 379, 0
8, 380, 0
8, 381, 0
8, 382, 37
8, 383, 0
8, 384, 0
8, 385, 55
8, 386, 0
8, 387, 0
8, 388, 53
8, 389, 0
8, 390, 20
8, 391, 43
8, 392, 0
8, 393, 0
8, 394, 22
8, 395, 0
8, 396, 0
8, 397, 0
8, 398, 0
8, 399, 24
9, 0, 0
9, 1, 0
9, 2, 12
9, 3, 0
9, 4, 0
9, 5, 0
9, 6, 0
9, 7, 0
9, 8, 0
9, 9, 0
9, 10, 0
9, 11, 16
9, 12, 0
9, 13, 6
9, 14, 0
9, 15, 0
9, 16, 0
9, 17, 0
9, 18, 0
9, 19, 0
9, 20, 38
9, 21, 49
9, 22, 0
9, 23, 15
9, 24, 0
9, 25, 56
9, 26, 0
9, 27, 0
9, 28, 31
9, 29, 0
9, 30, 0
9, 31, 31
9, 32, 46
9, 33, 0
9, 34, 0
9, 35, 0
9, 36, 0
9, 37, 0
9, 38, 0
9, 39, 0
9, 40, 0
9, 41, 0
9, 42, 0
9, 43, 0
9, 44, 0
9, 45, 0
9, 46, 0
9, 47, 0
9, 48, 5
9, 49, 0
9, 50, 50
9, 51, 0
9, 52, 0
9, 53, 0
9, 54, 0
9, 55, 0
9, 56, 0
9, 57, 0
9, 58, 0
9, 59, 25
9, 60, 35
9, 61, 0
9, 62, 0
9, 63, 0
9, 64, 0
9, 65, 14
9, 66, 43
9, 67, 0
9, 68, 0
9, 69, 0
9, 70, 0
9, 71, 0
9, 72, 0
9, 73, 0
9, 74, 0
9, 75, 0
9, 76, 0
9, 77, 0
9, 78, 34
9, 79, 0
9, 80, 0
9, 81, 44
9, 82, 0
9, 83, 0
9, 84, 0
9, 85, 0
9, 86, 6
9, 87, 0
9, 88, 0
9, 89, 0
9, 90, 0
9, 91, 0
9, 92, 0
9, 93, 0
9, 94, 0
9, 95, 0
9, 96, 35
9, 97, 0
9, 98, 27
9, 99, 55
9, 100, 0
9, 101, 18
9, 102, 0
9, 103, 0
9, 104, 0
9, 105, 0
9, 106, 45
9, 107, 0
9, 108, 38
9, 109, 0
9, 110, 0
9, 111, 0
9, 112, 0
9, 113, 0
9, 114, 0
9, 115, 0
9, 116, 0
9, 117, 40
9, 118, 0
9, 119, 0
9, 120, 53
9, 121, 0
9, 122, 0
9, 123, 0
9, 124, 0
9, 125, 0
9, 126, 0
9, 127, 0
9, 128, 0
9, 129, 0
9, 130, 0
9, 131, 0
9, 132, 0
9, 133, 0
9, 134, 0
9, 135, 20
9, 136, 41
9, 137, 0
9, 138, 0
9, 139, 0
9, 140, 22
9, 141, 0
9, 142, 0
9, 143, 0
9, 144, 46
9, 145, 0
9, 146, 17
9, 147, 0
9, 148, 0
9, 149, 0
9, 150, 0
9, 151, 0
9, 152, 0
9, 153, 0
9, 154, 0
9, 155, 0
9, 156, 0
9, 157, 0
9, 158, 43
9, 159, 0
9, 160, 0
9, 161, 15
9, 162, 0
9, 163, 0
9, 164, 0
9, 165, 25
9, 166, 0
9, 167, 0
9, 168, 0
9, 169, 0
9, 170, 0
9, 171, 0
9, 172, 47
9, 173, 0
9, 174, 0
9, 175, 0
9, 176, 0
9, 177, 0
9, 178, 0
9, 179, 14
9, 180, 0
9, 181, 31
9, 182, 0
9, 183, 0
9, 184, 0
9, 185, 0
9, 186, 0
9, 187, 0
9, 188, 0
9, 189, 19
9, 190, 0
9, 191, 0
9, 192, 0
9, 193, 61
9, 194, 0
9, 195, 0
9, 196, 0
9, 197, 0
9, 198, 0
9, 199, 0
9, 200, 0
9, 201, 0
9, 202, 0
9, 203, 12
9, 204, 0
9, 205, 0
9, 206, 0
9, 207, 49
9, 208, 0
9, 209, 0
9, 210, 0
9, 211, 0
9, 212, 0
9, 213, 0
9, 214, 0
9, 215, 0
9, 216, 0
9, 217, 0
9, 218, 0
9, 219, 0
9, 220, 0
9, 221, 16
9, 222, 44
9, 223, 53
9, 224, 0
9, 225, 0
9, 226, 31
9, 227, 0
9, 228, 0
9, 229, 0
9, 230, 0
9, 231, 0
9, 232, 0
9, 233, 0
9, 234, 0
9, 235, 0
9, 236, 0
9, 237, 43
9, 238, 0
9, 239, 0
9, 240, 0
9, 241, 0
9, 242, 0
9, 243, 0
9, 244, 20
9, 245, 0
9, 246, 0
9, 247, 0
9, 248, 0
9, 249, 0
9, 250, 0
9, 251, 0
9, 252, 0
9, 253, 0
9, 254, 0
9, 255, 0
9, 256, 53
9, 257, 56
9, 258, 0
9, 259, 0
9, 260, 0
9, 261, 0
9, 262, 5
9, 263, 0
9, 264, 0
9, 265, 0
9, 266, 0
9, 267, 35
9, 268, 0
9, 269, 0
9, 270, 55
9, 271, 0
9, 272, 0
9, 273, 0
9, 274, 0
9, 275, 0
9, 276, 0
9, 277, 0
9, 278, 0
9, 279, 0
9, 280, 34
9, 281, 0
9, 282, 0
9, 283, 6
9, 284, 0
9, 285, 27
9, 286, 0
9, 287, 0
9, 288, 0
9, 289, 45
9, 290, 0
9, 291, 0
9, 292, 0
9, 293, 25
9, 294, 0
9, 295, 0
9, 296, 0
9, 297, 0
9, 298, 31
9, 299, 0
9, 300, 0
9, 301, 0
9, 302, 0
9, 303, 0
9, 304, 0
9, 305, 40
9, 306, 22
9, 307, 44
9, 308, 0
9, 309, 0
9, 310, 0
9, 311, 19
9, 312, 0
9, 313, 0
9, 314, 0
9, 315, 0
9, 316, 0
9, 317, 0
9, 318, 0
9, 319, 0
9, 320, 38
9, 321, 0
9, 322, 0
9, 323, 15
9, 324, 0
9, 325, 0
9, 326, 17
9, 327, 0
9, 328, 0
9, 329, 0
9, 330, 0
9, 331, 0
9, 332, 46
9, 333, 0
9, 334, 50
9, 335, 47
9, 336, 0
9, 337, 0
9, 338, 0
9, 339, 44
9, 340, 0
9, 341, 0
9, 342, 0
9, 343, 0
9, 344, 0
9, 345, 47
9, 346, 0
9, 347, 0
9, 348, 0
9, 349, 0
9, 350, 0
9, 351, 0
9, 352, 0
9, 353, 0
9, 354, 0
9, 355, 0
9, 356, 0
9, 357, 0
9, 358, 0
9, 359, 0
9, 360, 0
9, 361, 0
9, 362, 34
9, 363, 0
9, 364, 0
9, 365, 18
9, 366, 0
9, 367, 0
9, 368, 0
9, 369, 6
9, 370, 0
9, 371, 49
9, 372, 0
9, 373, 0
9, 374, 0
9, 375, 43
9, 376, 0
9, 377, 0
9, 378, 0
9, 379, 25
9, 380, 61
9, 381, 44
9, 382, 0
9, 383, 14
9, 384, 0
9, 385, 0
9, 386, 0
9, 387, 0
9, 388, 0
9, 389, 0
9, 390, 0
9, 391, 0
9, 392, 0
9, 393, 35
9, 394, 14
9, 395, 47
9, 396, 20
9, 397, 0
9, 398, 16
9, 399, 0
10, 0, 0
10, 1, 0
10, 2, 0
10, 3, 0
10, 4, 0
10, 5, 0
10, 6, 0
10, 7, 0
10, 8, 0
10, 9, 0
10, 10, 0
10, 11, 0
10, 12, 0
10, 13, 0
10, 14, 0
10, 15, 52
10, 16, 0
10, 17, 8
10, 18, 18
10, 19, 0
10, 20, 0
10, 21, 0
10, 22, 0
10, 23, 0
10, 24, 29
10, 25, 0
10, 26, 0
10, 27, 7
10, 28, 0
10, 29, 15
10, 30, 0
10, 31, 0
10, 32, 28
10, 33, 22
10, 34, 0
10, 35, 25
10, 36, 0
10, 37, 0
10, 38, 0
10, 39, 0
10, 40, 0
10, 41, 0
10, 42, 0
10, 43, 0
10, 44, 0
10, 45, 0
10, 46, 0
10, 47, 0
10, 48, 35
10, 49, 9
10, 50, 10
10, 51, 0
10, 52, 60
10, 53, 0
10, 54, 0
10, 55, 49
10, 56, 0
10, 57, 32
10, 58, 0
10, 59, 0
10, 60, 0
10, 61, 0
10, 62, 0
10, 63, 0
10, 64, 0
10, 65, 56
10, 66, 47
10, 67, 0
10, 68, 0
10, 69, 21
10, 70, 17
10, 71, 37
10, 72, 0
10, 73, 0
10, 74, 0
10, 75, 31
10, 76, 0
10, 77, 0
10, 78, 15
10, 79, 0
10, 80, 0
10, 81, 0
10, 82, 0
10, 83, 0
10, 84, 0
10, 85, 0
10, 86, 52
10, 87, 22
10, 88, 0
10, 89, 0
10, 90, 0
10, 91, 0
10, 92, 0
10, 93, 0
10, 94, 0
10, 95, 0
10, 96, 0
10, 97, 0
10, 98, 0
10, 99, 7
10, 100, 0
10, 101, 0
10, 102, 0
10, 103, 19
10, 104, 35
10, 105, 0
10, 106, 0
10, 107, 24
10, 108, 0
10, 109, 0
10, 110, 0
10, 111, 0
10, 112, 0
10, 113, 45
10, 114, 0
10, 115, 0
10, 116, 10
10, 117, 26
10, 118, 0
10, 119, 0
10, 120, 0
10, 121, 0
10, 122, 0
10, 123, 0
10, 124, 0
10, 125, 7
10, 126, 0
10, 127, 0
10, 128, 0
10, 129, 0
10, 130, 0
10, 131, 0
10, 132, 0
10, 133, 22
10, 134, 0
10, 135, 0
10, 136, 0
10, 137, 0
10, 138, 0
10, 139, 0
10, 140, 0
10, 141, 0
10, 142, 9
10, 143, 0
10, 144, 0
10, 145, 0
10, 146, 0
10, 147, 0
10, 148, 58
10, 149, 0
10, 150, 0
10, 151, 0
10, 152, 26
10, 153, 0
10, 154, 0
10, 155, 37
10, 156, 0
10, 157, 0
10, 158, 0
10, 159, 0
10, 160, 0
10, 161, 0
10, 162, 0
10, 163, 0
10, 164, 24
10, 165, 35
10, 166, 0
10, 167, 0
10, 168, 60
10, 169, 0
10, 170, 0
10, 171, 22
10, 172, 0
10, 173, 0
10, 174, 0
10, 175, 28
10, 176, 0
10, 177, 0
10, 178, 0
10, 179, 0
10, 180, 49
10, 181, 0
10, 182, 23
10, 183, 0
10, 184, 0
10, 185, 0
10, 186, 14
10, 187, 28
10, 188, 0
10, 189, 0
10, 190, 0
10, 191, 27
10, 192, 0
10, 193, 0
10, 194, 0
10, 195, 0
10, 196, 0
10, 197, 35
10, 198, 0
10, 199, 47
10, 200, 0
10, 201, 0
10, 202, 0
10, 203, 0
10, 204, 0
10, 205, 0
10, 206, 0
10, 207, 0
10, 208, 0
10, 209, 0
10, 210, 0
10, 211, 0
10, 212, 0
10, 213, 15
10, 214, 0
10, 215, 0
10, 216, 56
10, 217, 50
10, 218, 30
10, 219, 0
10, 220, 0
10, 221, 0
10, 222, 0
10, 223, 58
10, 224, 0
10, 225, 0
10, 226, 0
10, 227, 0
10, 228, 0
10, 229, 0
10, 230, 0
10, 231, 0
10, 232, 0
10, 233, 0
10, 234, 0
10, 235, 31
10, 236, 0
10, 237, 0
10, 238, 14
10, 239, 0
10, 240, 0
10, 241, 0
10, 242, 0
10, 243, 31
10, 244, 0
10, 245, 0
10, 246, 0
10, 247, 0
10, 248, 0
10, 249, 0
10, 250, 0
10, 251, 0
10, 252, 0
10, 253, 0
10, 254, 0
10, 255, 0
10, 256, 8
10, 257, 0
10, 258, 0
10, 259, 0
10, 260, 0
10, 261, 0
10, 262, 0
10, 263, 0
10, 264, 0
10, 265, 18
10, 266, 0
10, 267, 0
10, 268, 0
10, 269, 0
10, 270, 0
10, 271, 26
10, 272, 0
10, 273, 0
10, 274, 30
10, 275, 60
10, 276, 0
10, 277, 0
10, 278, 0
10, 279, 45
10, 280, 0
10, 281, 0
10, 282, 29
10, 283, 0
10, 284, 56
10, 285, 0
10, 286, 19
10, 287, 21
10, 288, 0
10, 289, 37
10, 290, 0
10, 291, 0
10, 292, 0
10, 293, 0
10, 294, 27
10, 295, 0
10, 296, 32
10, 297, 0
10, 298, 52
10, 299, 0
10, 300, 46
10, 301, 19
10, 302, 0
10, 303, 0
10, 304, 0
10, 305, 0
10, 306, 0
10, 307, 23
10, 308, 0
10, 309, 0
10, 310, 0
10, 311, 0
10, 312, 0
10, 313, 0
10, 314, 35
10, 315, 0
10, 316, 0
10, 317, 0
10, 318, 0
10, 319, 0
10, 320, 0
10, 321, 17
10, 322, 0
10, 323, 0
10, 324, 0
10, 325, 39
10, 326, 0
10, 327, 0
10, 328, 0
10, 329, 0
10, 330, 24
10, 331, 7
10, 332, 24
10, 333, 0
10, 334, 0
10, 335, 0
10, 336, 0
10, 337, 0
10, 338, 0
10, 339, 0
10, 340, 0
10, 341, 56
10, 342, 0
10, 343, 5
10, 344, 0
10, 345, 0
10, 346, 0
10, 347, 26
10, 348, 0
10, 349, 0
10, 350, 0
10, 351, 0
10, 352, 0
10, 353, 0
10, 354, 0
10, 355, 41
10, 356, 0
10, 357, 0
10, 358, 0
10, 359, 0
10, 360, 0
10, 361, 3
10, 362, 0
10, 363, 0
10, 364, 0
10, 365, 0
10, 366, 0
10, 367, 0
10, 368, 0
10, 369, 0
10, 370, 9
10, 371, 0
10, 372, 0
10, 373, 0
10, 374, 0
10, 375, 0
10, 376, 15
10, 377, 0
10, 378, 18
10, 379, 22
10, 380, 31
10, 381, 0
10, 382, 0
10, 383, 0
10, 384, 0
10, 385, 0
10, 386, 19
10, 387, 0
10, 388, 0
10, 389, 58
10, 390, 0
10, 391, 0
10, 392, 0
10, 393, 0
10, 394, 27
10, 395, 0
10, 396, 0
10, 397, 0
10, 398, 0
10, 399, 5
11, 0, 0
11, 1, 42
11, 2, 31
11, 3, 11
11, 4, 0
11, 5, 1
11, 6, 0
11, 7, 0
11, 8, 0
11, 9, 0
11, 10, 0
11, 11, 0
11, 12, 0
11, 13, 48
11, 14, 0
11, 15, 0
11, 16, 0
11, 17, 0
11, 18, 0
11, 19, 0
11, 20, 34
11, 21, 0
11, 22, 0
11, 23, 50
11, 24, 25
11, 25, 0
11, 26, 2
11, 27, 27
11, 28, 0
11, 29, 0
11, 30, 0
11, 31, 0
11, 32, 0
11, 33, 0
11, 34, 0
11, 35, 0
11, 36, 0
11, 37, 45
11, 38, 9
11, 39, 12
11, 40, 0
11, 41, 19
11, 42, 0
11, 43, 0
11, 44, 0
11, 45, 0
11, 46, 0
11, 47, 0
11, 48, 0
11, 49, 0
11, 50, 0
11, 51, 0
11, 52, 0
11, 53, 0
11, 54, 16
11, 55, 0
11, 56, 0
11, 57, 0
11, 58, 0
11, 59, 0
11, 60, 54
11, 61, 34
11, 62, 0
11, 63, 37
11, 64, 6
11, 65, 36
11, 66, 0
11, 67, 0
11, 68, 19
11, 69, 0
11, 70, 0
11, 71, 0
11, 72, 0
11, 73, 38
11, 74, 13
11, 75, 0
11, 76, 44
11, 77, 0
11, 78, 0
11, 79, 0
11, 80, 59
11, 81, 0
11, 82, 11
11, 83, 0
11, 84, 0
11, 85, 0
11, 86, 0
11, 87, 0
11, 88, 0
11, 89, 0
11, 90, 0
11, 91, 0
11, 92, 0
11, 93, 0
11, 94, 2
11, 95, 0
11, 96, 0
11, 97, 0
11, 98, 0
11, 99, 0
11, 100, 0
11, 101, 0
11, 102, 0
11, 103, 48
11, 104, 0
11, 105, 0
11, 106, 0
11, 107, 0
11, 108, 0
11, 109, 53
11, 110, 0
11, 111, 25
11, 112, 0
11, 113, 0
11, 114, 0
11, 115, 56
11, 116, 6
11, 117, 0
11, 118, 50
11, 119, 0
11, 120, 9
11, 121, 0
11, 122, 48
11, 123, 3
11, 124, 0
11, 125, 15
11, 126, 1
11, 127, 0
11, 128, 0
11, 129, 0
11, 130, 0
11, 131, 0
11, 132, 0
11, 133, 0
11, 134, 0
11, 135, 0
11, 136, 0
11, 137, 0
11, 138, 0
11, 139, 0
11, 140, 0
11, 141, 0
11, 142, 6
11, 143, 14
11, 144, 0
11, 145, 33
11, 146, 0
11, 147, 0
11, 148, 0
11, 149, 28
11, 150, 0
11, 151, 0
11, 152, 54
11, 153, 0
11, 154, 0
11, 155, 0
11, 156, 18
11, 157, 0
11, 158, 0
11, 159, 0
11, 160, 0
11, 161, 0
11, 162, 51
11, 163, 0
11, 164, 0
11, 165, 0
11, 166, 44
11, 167, 21
11, 168, 0
11, 169, 0
11, 170, 0
11, 171, 0
11, 172, 52
11, 173, 0
11, 174, 0
11, 175, 0
11, 176, 0
11, 177, 0
11, 178, 16
11, 179, 0
11, 180, 48
11, 181, 37
11, 182, 36
11, 183, 0
11, 184, 0
11, 185, 0
11, 186, 38
11, 187, 0
11, 188, 19
11, 189, 0
11, 190, 0
11, 191, 0
11, 192, 0
11, 193, 0
11, 194, 0
11, 195, 0
11, 196, 0
11, 197, 0
11, 198, 0
11, 199, 40
11, 200, 0
11, 201, 0
11, 202, 0
11, 203, 0
11, 204, 0
11, 205, 33
11, 206, 0
11, 207, 0
11, 208, 0
11, 209, 0
11, 210, 0
11, 211, 42
11, 212, 0
11, 213, 0
11, 214, 0
11, 215, 0
11, 216, 0
11, 217, 59
11, 218, 0
11, 219, 42
11, 220, 0
11, 221, 0
11, 222, 0
11, 223, 0
11, 224, 27
11, 225, 15
11, 226, 0
11, 227, 0
11, 228, 0
11, 229, 0
11, 230, 0
11, 231, 0
11, 232, 0
11, 233, 37
11, 234, 0
11, 235, 19
11, 236, 0
11, 237, 0
11, 238, 0
11, 239, 0
11, 240, 0
11, 241, 0
11, 242, 0
11, 243, 18
11, 244, 0
11, 245, 0
11, 246, 0
11, 247, 0
11, 248, 0
11, 249, 0
11, 250, 0
11, 251, 0
11, 252, 0
11, 253, 0
11, 254, 0
11, 255, 0
11, 256, 0
11, 257, 0
11, 258, 0
11, 259, 0
11, 260, 0
11, 261, 0
11, 262, 0
11, 263, 21
11, 264, 0
11, 265, 0
11, 266, 0
11, 267, 0
11, 268, 0
11, 269, 11
11, 270, 0
11, 271, 34
11, 272, 0
11, 273, 40
11, 274, 12
11, 275, 0
11, 276, 0
11, 277, 9
11, 278, 0
11, 279, 0
11, 280, 27
11, 281, 0
11, 282, 28
11, 283, 0
11, 284, 0
11, 285, 53
11, 286, 0
11, 287, 0
11, 288, 51
11, 289, 31
11, 290, 36
11, 291, 0
11, 292, 0
11, 293, 0
11, 294, 0
11, 295, 0
11, 296, 0
11, 297, 0
11, 298, 0
11, 299, 0
11, 300, 0
11, 301, 0
11, 302, 0
11, 303, 25
11, 304, 0
11, 305, 0
11, 306, 0
11, 307, 0
11, 308, 0
11, 309, 0
11, 310, 0
11, 311, 0
11, 312, 0
11, 313, 0
11, 314, 27
11, 315, 0
11, 316, 0
11, 317, 0
11, 318, 0
11, 319, 0
11, 320, 0
11, 321, 0
11, 322, 0
11, 323, 14
11, 324, 0
11, 325, 0
11, 326, 15
11, 327, 8
11, 328, 0
11, 329, 0
11, 330, 0
11, 331, 21
11, 332, 0
11, 333, 0
11, 334, 0
11, 335, 0
11, 336, 0
11, 337, 0
11, 338, 1
11, 339, 0
11, 340, 0
11, 341, 33
11, 342, 0
11, 343, 0
11, 344, 0
11, 345, 0
11, 346, 0
11, 347, 0
11, 348, 0
11, 349, 54
11, 350, 0
11, 351, 0
11, 352, 0
11, 353, 0
11, 354, 0
11, 355, 0
11, 356, 0
11, 357, 0
11, 358, 40
11, 359, 0
11, 360, 0
11, 361, 0
11, 362, 16
11, 363, 0
11, 364, 0
11, 365, 38
11, 366, 48
11, 367, 0
11, 368, 21
11, 369, 0
11, 370, 0
11, 371, 36
11, 372, 0
11, 373, 53
11, 374, 0
11, 375, 45
11, 376, 0
11, 377, 19
11, 378, 0
11, 379, 28
11, 380, 52
11, 381, 0
11, 382, 0
11, 383, 0
11, 384, 0
11, 385, 0
11, 386, 42
11, 387, 0
11, 388, 0
11, 389, 0
11, 390, 0
11, 391, 0
11, 392, 0
11, 393, 0
11, 394, 0
11, 395, 34
11, 396, 0
11, 397, 6
11, 398, 0
11, 399, 0
12, 0, 0
12, 1, 0
12, 2, 0
12, 3, 0
12, 4, 0
12, 5, 0
12, 6, 0
12, 7, 0
12, 8, 14
12, 9, 0
12, 10, 0
12, 11, 0
12, 12, 0
12, 13, 0
12, 14, 0
12, 15, 0
12, 16, 0
12, 17, 0
12, 18, 0
12, 19, 0
12, 20, 0
12, 21, 0
12, 22, 0
12, 23, 0
12, 24, 0
12, 25, 0
12, 26, 0
12, 27, 0
12, 28, 0
12, 29, 0
12, 30, 0
12, 31, 0
12, 32, 0
12, 33, 34
12, 34, 0
12, 35, 0
12, 36, 0
12, 37, 0
12, 38, 0
12, 39, 0
12, 40, 0
12, 41, 0
12, 42, 13
12, 43, 0
12, 44, 0
12, 45, 33
12, 46, 0
12, 47, 0
12, 48, 0
12, 49, 0
12, 50, 0
12, 51, 53
12, 52, 0
12, 53, 0
12, 54, 12
12, 55, 0
12, 56, 0
12, 57, 0
12, 58, 0
12, 59, 6
12, 60, 0
12, 61, 0
12, 62, 0
12, 63, 0
12, 64, 0
12, 65, 29
12, 66, 32
12, 67, 0
12, 68, 0
12, 69, 0
12, 70, 0
12, 71, 24
12, 72, 0
12, 73, 0
12, 74, 60
12, 75, 0
12, 76, 0
12, 77, 0
12, 78, 3
12, 79, 0
12, 80, 0
12, 81, 52
12, 82, 0
12, 83, 0
12, 84, 0
12, 85, 0
12, 86, 0
12, 87, 56
12, 88, 27
12, 89, 0
12, 90, 11
12, 91, 0
12, 92, 0
12, 93, 0
12, 94, 50
12, 95, 2
12, 96, 0
12, 97, 0
12, 98, 0
12, 99, 0
12, 100, 31
12, 101, 0
12, 102, 0
12, 103, 0
12, 104, 0
12, 105, 0
12, 106, 0
12, 107, 0
12, 108, 0
12, 109, 0
12, 110, 0
12, 111, 0
12, 112, 0
12, 113, 0
12, 114, 0
12, 115, 26
12, 116, 0
12, 117, 0
12, 118, 0
12, 119, 0
12, 120, 54
12, 121, 0
12, 122, 0
12, 123, 0
12, 124, 0
12, 125, 0
12, 126, 33
12, 127, 0
12, 128, 0
12, 129, 0
12, 130, 0
12, 131, 22
12, 132, 0
12, 133, 39
12, 134, 0
12, 135, 0
12, 136, 0
12, 137, 0
12, 138, 0
12, 139, 0
12, 140, 0
12, 141, 0
12, 142, 0
12, 143, 0
12, 144, 0
12, 145, 0
12, 146, 0
12, 147, 0
12, 148, 0
12, 149, 0
12, 150, 0
12, 151, 39
12, 152, 0
12, 153, 0
12, 154, 29
12, 155, 0
12, 156, 0
12, 157, 0
12, 158, 0
12, 159, 0
12, 160, 0
12, 161, 0
12, 162, 0
12, 163, 0
12, 164, 0
12, 165, 0
12, 166, 0
12, 167, 0
12, 168, 0
12, 169, 0
12, 170, 0
12, 171, 32
12, 172, 0
12, 173, 13
12, 174, 0
12, 175, 0
12, 176, 0
12, 177, 0
12, 178, 12
12, 179, 0
12, 180, 0
12, 181, 46
12, 182, 0
12, 183, 0
12, 184, 0
12, 185, 0
12, 186, 0
12, 187, 0
12, 188, 0
12, 189, 0
12, 190, 0
12, 191, 0
12, 192, 0
12, 193, 0
12, 194, 0
12, 195, 0
12, 196, 0
12, 197, 0
12, 198, 0
12, 199, 0
12, 200, 0
12, 201, 0
12, 202, 0
12, 203, 0
12, 204, 0
12, 205, 0
12, 206, 27
12, 207, 29
12, 208, 0
12, 209, 0
12, 210, 39
12, 211, 20
12, 212, 0
12, 213, 0
12, 214, 0
12, 215, 0
12, 216, 0
12, 217, 0
12, 218, 0
12, 219, 30
12, 220, 0
12, 221, 0
12, 222, 0
12, 223, 0
12, 224, 0
12, 225, 0
12, 226, 0
12, 227, 39
12, 228, 0
12, 229, 0
12, 230, 0
12, 231, 0
12, 232, 0
12, 233, 0
12, 234, 0
12, 235, 32
12, 236, 0
12, 237, 0
12, 238, 11
12, 239, 0
12, 240, 0
12, 241, 0
12, 242, 0
12, 243, 0
12, 244, 0
12, 245, 0
12, 246, 0
12, 247, 0
12, 248, 0
12, 249, 0
12, 250, 0
12, 251, 0
12, 252, 0
12, 253, 0
12, 254, 0
12, 255, 0
12, 256, 0
12, 257, 14
12, 258, 0
12, 259, 0
12, 260, 0
12, 261, 0
12, 262, 0
12, 263, 31
12, 264, 53
12, 265, 0
12, 266, 0
12, 267, 0
12, 268, 0
12, 269, 53
12, 270, 0
12, 271, 0
12, 272, 56
12, 273, 29
12, 274, 0
12, 275, 0
12, 276, 0
12, 277, 0
12, 278, 0
12, 279, 0
12, 280, 0
12, 281, 22
12, 282, 0
12, 283, 60
12, 284, 0
12, 285, 0
12, 286, 0
12, 287, 24
12, 288, 0
12, 289, 0
12, 290, 0
12, 291, 15
12, 292, 0
12, 293, 0
12, 294, 27
12, 295, 50
12, 296, 33
12, 297, 12
12, 298, 0
12, 299, 0
12, 300, 0
12, 301, 0
12, 302, 0
12, 303, 0
12, 304, 0
12, 305, 2
12, 306, 0
12, 307, 0
12, 308, 0
12, 309, 0
12, 310, 0
12, 311, 0
12, 312, 0
12, 313, 0
12, 314, 0
12, 315, 0
12, 316, 39
12, 317, 0
12, 318, 0
12, 319, 0
12, 320, 0
12, 321, 0
12, 322, 0
12, 323, 0
12, 324, 0
12, 325, 0
12, 326, 0
12, 327, 0
12, 328, 0
12, 329, 0
12, 330, 0
12, 331, 32
12, 332, 0
12, 333, 0
12, 334, 0
12, 335, 20
12, 336, 0
12, 337, 0
12, 338, 0
12, 339, 0
12, 340, 0
12, 341, 0
12, 342, 0
12, 343, 0
12, 344, 3
12, 345, 0
12, 346, 0
12, 347, 0
12, 348, 0
12, 349, 0
12, 350, 0
12, 351, 0
12, 352, 0
12, 353, 0
12, 354, 0
12, 355, 30
12, 356, 0
12, 357, 56
12, 358, 0
12, 359, 30
12, 360, 0
12, 361, 22
12, 362, 0
12, 363, 46
12, 364, 0
12, 365, 0
12, 366, 0
12, 367, 0
12, 368, 33
12, 369, 0
12, 370, 0
12, 371, 0
12, 372, 0
12, 373, 0
12, 374, 0
12, 375, 0
12, 376, 0
12, 377, 0
12, 378, 0
12, 379, 0
12, 380, 60
12, 381, 0
12, 382, 0
12, 383, 0
12, 384, 0
12, 385, 0
12, 386, 0
12, 387, 0
12, 388, 0
12, 389, 0
12, 390, 0
12, 391, 0
12, 392, 54
12, 393, 0
12, 394, 0
12, 395, 0
12, 396, 0
12, 397, 3
12, 398, 0
12, 399, 20
13, 0, 0
13, 1, 0
13, 2, 0
13, 3, 28
13, 4, 0
13, 5, 0
13, 6, 47
13, 7, 0
13, 8, 37
13, 9, 46
13, 10, 0
13, 11, 0
13, 12, 0
13, 13, 0
13, 14, 2
13, 15, 0
13, 16, 0
13, 17, 0
13, 18, 0
13, 19, 0
13, 20, 0
13, 21, 0
13, 22, 0
13, 23, 0
13, 24, 0
13, 25, 0
13, 26, 43
13, 27, 0
13, 28, 0
13, 29, 0
13, 30, 0
13, 31, 0
13, 32, 8
13, 33, 0
13, 34, 42
13, 35, 40
13, 36, 0
13, 37, 0
13, 38, 0
13, 39, 0
13, 40, 0
13, 41, 0
13, 42, 0
13, 43, 0
13, 44, 0
13, 45, 0
13, 46, 0
13, 47, 51
13, 48, 0
13, 49, 0
13, 50, 0
13, 51, 0
13, 52, 0
13, 53, 26
13, 54, 3
13, 55, 0
13, 56, 0
13, 57, 0
13, 58, 0
13, 59, 12
13, 60, 0
13, 61, 0
13, 62, 0
13, 63, 3
13, 64, 0
13, 65, 0
13, 66, 0
13, 67, 0
13, 68, 0
13, 69, 0
13, 70, 0
13, 71, 0
13, 72, 33
13, 73, 36
13, 74, 0
13, 75, 39
13, 76, 0
13, 77, 0
13, 78, 0
13, 79, 0
13, 80, 0
13, 81, 0
13, 82, 0
13, 83, 0
13, 84, 0
13, 85, 0
13, 86, 0
13, 87, 0
13, 88, 0
13, 89, 0
13, 90, 23
13, 91, 0
13, 92, 36
13, 93, 0
13, 94, 18
13, 95, 0
13, 96, 0
13, 97, 1
13, 98, 0
13, 99, 0
13, 100, 8
13, 101, 0
13, 102, 40
13, 103, 48
13, 104, 0
13, 105, 4
13, 106, 0
13, 107, 10
13, 108, 0
13, 109, 0
13, 110, 0
13, 111, 0
13, 112, 0
13, 113, 42
13, 114, 0
13, 115, 0
13, 116, 0
13, 117, 0
13, 118, 0
13, 119, 0
13, 120, 0
13, 121, 0
13, 122, 5
13, 123, 0
13, 124, 22
13, 125, 26
13, 126, 0
13, 127, 11
13, 128, 0
13, 129, 46
13, 130, 53
13, 131, 0
13, 132, 45
13, 133, 0
13, 134, 0
13, 135, 0
13, 136, 0
13, 137, 0
13, 138, 0
13, 139, 28
13, 140, 0
13, 141, 0
13, 142, 55
13, 143, 0
13, 144, 0
13, 145, 53
13, 146, 0
13, 147, 0
13, 148, 51
13, 149, 0
13, 150, 22
13, 151, 0
13, 152, 0
13, 153, 0
13, 154, 0
13, 155, 0
13, 156, 43
13, 157, 0
13, 158, 0
13, 159, 0
13, 160, 0
13, 161, 54
13, 162, 0
13, 163, 0
13, 164, 0
13, 165, 0
13, 166, 0
13, 167, 0
13, 168, 40
13, 169, 0
13, 170, 0
13, 171, 0
13, 172, 0
13, 173, 0
13, 174, 0
13, 175, 24
13, 176, 0
13, 177, 0
13, 178, 0
13, 179, 0
13, 180, 0
13, 181, 0
13, 182, 0
13, 183, 0
13, 184, 0
13, 185, 0
13, 186, 26
13, 187, 0
13, 188, 0
13, 189, 0
13, 190, 0
13, 191, 0
13, 192, 43
13, 193, 0
13, 194, 47
13, 195, 0
13, 196, 0
13, 197, 48
13, 198, 0
13, 199, 38
13, 200, 0
13, 201, 0
13, 202, 0
13, 203, 0
13, 204, 0
13, 205, 0
13, 206, 0
13, 207, 0
13, 208, 51
13, 209, 0
13, 210, 0
13, 211, 0
13, 212, 0
13, 213, 0
13, 214, 0
13, 215, 0
13, 216, 0
13, 217, 0
13, 218, 0
13, 219, 0
13, 220, 0
13, 221, 0
13, 222, 0
13, 223, 37
13, 224, 0
13, 225, 0
13, 226, 0
13, 227, 0
13, 228, 0
13, 229, 0
13, 230, 0
13, 231, 0
13, 232, 0
13, 233, 0
13, 234, 0
13, 235, 0
13, 236, 0
13, 237, 0
13, 238, 0
13, 239, 0
13, 240, 55
13, 241, 0
13, 242, 42
13, 243, 0
13, 244, 26
13, 245, 0
13, 246, 0
13, 247, 4
13, 248, 0
13, 249, 0
13, 250, 5
13, 251, 0
13, 252, 0
13, 253, 0
13, 254, 0
13, 255, 45
13, 256, 0
13, 257, 0
13, 258, 11
13, 259, 51
13, 260, 0
13, 261, 0
13, 262, 2
13, 263, 0
13, 264, 0
13, 265, 0
13, 266, 0
13, 267, 33
13, 268, 0
13, 269, 0
13, 270, 0
13, 271, 0
13, 272, 0
13, 273, 0
13, 274, 0
13, 275, 0
13, 276, 40
13, 277, 0
13, 278, 0
13, 279, 0
13, 280, 0
13, 281, 0
13, 282, 59
13, 283, 0
13, 284, 39
13, 285, 43
13, 286, 0
13, 287, 0
13, 288, 0
13, 289, 0
13, 290, 0
13, 291, 0
13, 292, 0
13, 293, 0
13, 294, 0
13, 295, 0
13, 296, 0
13, 297, 0
13, 298, 0
13, 299, 0
13, 300, 0
13, 301, 0
13, 302, 23
13, 303, 0
13, 304, 0
13, 305, 0
13, 306, 69
13, 307, 37
13, 308, 0
13, 309, 47
13, 310, 0
13, 311, 0
13, 312, 0
13, 313, 22
13, 314, 0
13, 315, 54
13, 316, 3
13, 317, 0
13, 318, 0
13, 319, 0
13, 320, 0
13, 321, 0
13, 322, 0
13, 323, 43
13, 324, 0
13, 325, 10
13, 326, 38
13, 327, 5
13, 328, 0
13, 329, 0
13, 330, 0
13, 331, 53
13, 332, 0
13, 333, 0
13, 334, 0
13, 335, 0
13, 336, 0
13, 337, 0
13, 338, 24
13, 339, 0
13, 340, 36
13, 341, 0
13, 342, 0
13, 343, 0
13, 344, 0
13, 345, 0
13, 346, 18
13, 347, 0
13, 348, 0
13, 349, 39
13, 350, 0
13, 351, 0
13, 352, 0
13, 353, 11
13, 354, 0
13, 355, 0
13, 356, 0
13, 357, 48
13, 358, 0
13, 359, 0
13, 360, 26
13, 361, 0
13, 362, 0
13, 363, 0
13, 364, 1
13, 365, 38
13, 366, 2
13, 367, 0
13, 368, 55
13, 369, 0
13, 370, 0
13, 371, 0
13, 372, 0
13, 373, 0
13, 374, 0
13, 375, 54
13, 376, 37
13, 377, 12
13, 378, 0
13, 379, 0
13, 380, 43
13, 381, 10
13, 382, 39
13, 383, 40
13, 384, 0
13, 385, 0
13, 386, 0
13, 387, 49
13, 388, 0
13, 389, 0
13, 390, 47
13, 391, 4
13, 392, 0
13, 393, 18
13, 394, 36
13, 395, 2
13, 396, 0
13, 397, 0
13, 398, 0
13, 399, 0
14, 0, 0
14, 1, 15
14, 2, 0
14, 3, 31
14, 4, 0
14, 5, 0
14, 6, 0
14, 7, 9
14, 8, 0
14, 9, 0
14, 10, 58
14, 11, 0
14, 12, 0
14, 13, 13
14, 14, 18
14, 15, 0
14, 16, 0
14, 17, 0
14, 18, 0
14, 19, 19
14, 20, 0
14, 21, 0
14, 22, 0
14, 23, 0
14, 24, 0
14, 25, 46
14, 26, 0
14, 27, 0
14, 28, 6
14, 29, 0
14, 30, 0
14, 31, 0
14, 32, 0
14, 33, 0
14, 34, 33
14, 35, 0
14, 36, 24
14, 37, 31
14, 38, 0
14, 39, 0
14, 40, 53
14, 41, 0
14, 42, 0
14, 43, 17
14, 44, 0
14, 45, 0
14, 46, 0
14, 47, 44
14, 48, 0
14, 49, 0
14, 50, 22
14, 51, 19
14, 52, 0
14, 53, 23
14, 54, 0
14, 55, 0
14, 56, 0
14, 57, 0
14, 58, 46
14, 59, 0
14, 60, 29
14, 61, 51
14, 62, 0
14, 63, 9
14, 64, 0
14, 65, 0
14, 66, 7
14, 67, 0
14, 68, 0
14, 69, 0
14, 70, 0
14, 71, 0
14, 72, 0
14, 73, 52
14, 74, 0
14, 75, 2
14, 76, 0
14, 77, 0
14, 78, 0
14, 79, 21
14, 80, 0
14, 81, 0
14, 82, 0
14, 83, 0
14, 84, 0
14, 85, 0
14, 86, 0
14, 87, 0
14, 88, 42
14, 89, 0
14, 90, 47
14, 91, 0
14, 92, 0
14, 93, 55
14, 94, 0
14, 95, 0
14, 96, 54
14, 97, 0
14, 98, 0
14, 99, 0
14, 100, 50
14, 101, 0
14, 102, 0
14, 103, 31
14, 104, 0
14, 105, 0
14, 106, 0
14, 107, 29
14, 108, 0
14, 109, 0
14, 110, 0
14, 111, 15
14, 112, 0
14, 113, 1
14, 114, 0
14, 115, 45
14, 116, 0
14, 117, 0
14, 118, 0
14, 119, 0
14, 120, 0
14, 121, 0
14, 122, 29
14, 123, 4
14, 124, 0
14, 125, 0
14, 126, 12
14, 127, 0
14, 128, 0
14, 129, 53
14, 130, 40
14, 131, 0
14, 132, 2
14, 133, 0
14, 134, 0
14, 135, 0
14, 136, 0
14, 137, 0
14, 138, 53
14, 139, 9
14, 140, 0
14, 141, 0
14, 142, 0
14, 143, 0
14, 144, 27
14, 145, 0
14, 146, 31
14, 147, 0
14, 148, 0
14, 149, 0
14, 150, 0
14, 151, 0
14, 152, 0
14, 153, 0
14, 154, 0
14, 155, 55
14, 156, 31
14, 157, 12
14, 158, 11
14, 159, 0
14, 160, 19
14, 161, 0
14, 162, 0
14, 163, 0
14, 164, 17
14, 165, 46
14, 166, 50
14, 167, 0
14, 168, 0
14, 169, 7
14, 170, 0
14, 171, 52
14, 172, 0
14, 173, 0
14, 174, 0
14, 175, 0
14, 176, 38
14, 177, 0
14, 178, 0
14, 179, 0
14, 180, 0
14, 181, 0
14, 182, 19
14, 183, 42
14, 184, 13
14, 185, 0
14, 186, 0
14, 187, 44
14, 188, 0
14, 189, 0
14, 190, 0
14, 191, 23
14, 192, 0
14, 193, 0
14, 194, 0
14, 195, 26
14, 196, 51
14, 197, 0
14, 198, 0
14, 199, 0
14, 200, 0
14, 201, 0
14, 202, 0
14, 203, 0
14, 204, 0
14, 205, 0
14, 206, 0
14, 207, 0
14, 208, 0
14, 209, 31
14, 210, 0
14, 211, 0
14, 212, 0
14, 213, 0
14, 214, 0
14, 215, 0
14, 216, 62
14, 217, 0
14, 218, 0
14, 219, 10
14, 220, 0
14, 221, 0
14, 222, 0
14, 223, 0
14, 224, 39
14, 225, 54
14, 226, 0
14, 227, 22
14, 228, 0
14, 229, 53
14, 230, 0
14, 231, 0
14, 232, 0
14, 233, 0
14, 234, 0
14, 235, 45
14, 236, 0
14, 237, 0
14, 238, 0
14, 239, 0
14, 240, 0
14, 241, 29
14, 242, 0
14, 243, 0
14, 244, 0
14, 245, 0
14, 246, 0
14, 247, 0
14, 248, 0
14, 249, 0
14, 250, 0
14, 251, 0
14, 252, 0
14, 253, 42
14, 254, 0
14, 255, 58
14, 256, 15
14, 257, 0
14, 258, 23
14, 259, 31
14, 260, 0
14, 261, 0
14, 262, 33
14, 263, 0
14, 264, 0
14, 265, 0
14, 266, 0
14, 267, 0
14, 268, 0
14, 269, 46
14, 270, 24
14, 271, 0
14, 272, 0
14, 273, 0
14, 274, 0
14, 275, 0
14, 276, 0
14, 277, 44
14, 278, 0
14, 279, 0
14, 280, 0
14, 281, 0
14, 282, 0
14, 283, 0
14, 284, 0
14, 285, 0
14, 286, 0
14, 287, 18
14, 288, 52
14, 289, 0
14, 290, 0
14, 291, 0
14, 292, 0
14, 293, 51
14, 294, 15
14, 295, 19
14, 296, 0
14, 297, 0
14, 298, 0
14, 299, 0
14, 300, 12
14, 301, 12
14, 302, 0
14, 303, 0
14, 304, 0
14, 305, 17
14, 306, 0
14, 307, 0
14, 308, 0
14, 309, 0
14, 310, 0
14, 311, 0
14, 312, 0
14, 313, 0
14, 314, 0
14, 315, 0
14, 316, 0
14, 317, 0
14, 318, 26
14, 319, 21
14, 320, 40
14, 321, 4
14, 322, 0
14, 323, 0
14, 324, 0
14, 325, 0
14, 326, 47
14, 327, 0
14, 328, 0
14, 329, 0
14, 330, 7
14, 331, 0
14, 332, 0
14, 333, 0
14, 334, 0
14, 335, 11
14, 336, 0
14, 337, 22
14, 338, 0
14, 339, 0
14, 340, 0
14, 341, 0
14, 342, 27
14, 343, 0
14, 344, 45
14, 345, 2
14, 346, 45
14, 347, 0
14, 348, 0
14, 349, 0
14, 350, 62
14, 351, 0
14, 352, 0
14, 353, 39
14, 354, 53
14, 355, 0
14, 356, 29
14, 357, 46
14, 358, 0
14, 359, 0
14, 360, 0
14, 361, 0
14, 362, 54
14, 363, 0
14, 364, 0
14, 365, 0
14, 366, 0
14, 367, 0
14, 368, 0
14, 369, 0
14, 370, 0
14, 371, 0
14, 372, 0
14, 373, 47
14, 374, 0
14, 375, 42
14, 376, 15
14, 377, 0
14, 378, 0
14, 379, 0
14, 380, 0
14, 381, 0
14, 382, 0
14, 383, 0
14, 384, 0
14, 385, 1
14, 386, 0
14, 387, 0
14, 388, 0
14, 389, 0
14, 390, 0
14, 391, 0
14, 392, 0
14, 393, 0
14, 394, 0
14, 395, 0
14, 396, 0
14, 397, 0
14, 398, 0
14, 399, 0
15, 0, 0
15, 1, 0
15, 2, 0
15, 3, 39
15, 4, 0
15, 5, 0
15, 6, 0
15, 7, 0
15, 8, 0
15, 9, 0
15, 10, 0
15, 11, 47
15, 12, 0
15, 13, 0
15, 14, 33
15, 15, 0
15, 16, 26
15, 17, 0
15, 18, 0
15, 19, 0
15, 20, 0
15, 21, 23
15, 22, 0
15, 23, 29
15, 24, 0
15, 25, 34
15, 26, 0
15, 27, 0
15, 28, 48
15, 29, 0
15, 30, 0
15, 31, 10
15, 32, 0
15, 33, 1
15, 34, 17
15, 35, 0
15, 36, 0
15, 37, 11
15, 38, 22
15, 39, 0
15, 40, 0
15, 41, 0
15, 42, 0
15, 43, 0
15, 44, 0
15, 45, 0
15, 46, 0
15, 47, 0
15, 48, 0
15, 49, 0
15, 50, 0
15, 51, 0
15, 52, 0
15, 53, 0
15, 54, 0
15, 55, 0
15, 56, 0
15, 57, 0
15, 58, 0
15, 59, 0
15, 60, 0
15, 61, 0
15, 62, 0
15, 63, 0
15, 64, 0
15, 65, 46
15, 66, 56
15, 67, 0
15, 68, 0
15, 69, 0
15, 70, 11
15, 71, 0
15, 72, 0
15, 73, 0
15, 74, 0
15, 75, 0
15, 76, 0
15, 77, 0
15, 78, 0
15, 79, 47
15, 80, 0
15, 81, 0
15, 82, 0
15, 83, 7
15, 84, 0
15, 85, 0
15, 86, 31
15, 87, 0
15, 88, 0
15, 89, 0
15, 90, 0
15, 91, 0
15, 92, 26
15, 93, 0
15, 94, 0
15, 95, 0
15, 96, 0
15, 97, 0
15, 98, 0
15, 99, 0
15, 100, 0
15, 101, 0
15, 102, 1
15, 103, 22
15, 104, 55
15, 105, 0
15, 106, 13
15, 107, 0
15, 108, 0
15, 109, 0
15, 110, 0
15, 111, 0
15, 112, 0
15, 113, 0
15, 114, 0
15, 115, 0
15, 116, 20
15, 117, 0
15, 118, 0
15, 119, 0
15, 120, 0
15, 121, 0
15, 122, 0
15, 123, 0
15, 124, 0
15, 125, 0
15, 126, 36
15, 127, 0
15, 128, 6
15, 129, 0
15, 130, 23
15, 131, 0
15, 132, 48
15, 133, 37
15, 134, 4
15, 135, 1
15, 136, 0
15, 137, 0
15, 138, 11
15, 139, 34
15, 140, 0
15, 141, 0
15, 142, 0
15, 143, 0
15, 144, 0
15, 145, 0
15, 146, 0
15, 147, 0
15, 148, 0
15, 149, 0
15, 150, 49
15, 151, 0
15, 152, 0
15, 153, 0
15, 154, 0
15, 155, 38
15, 156, 0
15, 157, 0
15, 158, 47
15, 159, 0
15, 160, 0
15, 161, 0
15, 162, 0
15, 163, 0
15, 164, 0
15, 165, 32
15, 166, 0
15, 167, 53
15, 168, 0
15, 169, 0
15, 170, 0
15, 171, 0
15, 172, 0
15, 173, 17
15, 174, 0
15, 175, 29
15, 176, 0
15, 177, 0
15, 178, 0
15, 179, 0
15, 180, 0
15, 181, 0
15, 182, 38
15, 183, 0
15, 184, 0
15, 185, 0
15, 186, 0
15, 187, 0
15, 188, 33
15, 189, 24
15, 190, 36
15, 191, 26
15, 192, 0
15, 193, 0
15, 194, 0
15, 195, 0
15, 196, 0
15, 197, 0
15, 198, 0
15, 199, 0
15, 200, 0
15, 201, 0
15, 202, 0
15, 203, 0
15, 204, 0
15, 205, 0
15, 206, 0
15, 207, 0
15, 208, 0
15, 209, 0
15, 210, 0
15, 211, 11
15, 212, 0
15, 213, 0
15, 214, 0
15, 215, 0
15, 216, 0
15, 217, 0
15, 218, 0
15, 219, 38
15, 220, 0
15, 221, 0
15, 222, 0
15, 223, 48
15, 224, 0
15, 225, 0
15, 226, 0
15, 227, 56
15, 228, 22
15, 229, 0
15, 230, 0
15, 231, 16
15, 232, 0
15, 233, 0
15, 234, 0
15, 235, 0
15, 236, 0
15, 237, 0
15, 238, 0
15, 239, 0
15, 240, 0
15, 241, 0
15, 242, 0
15, 243, 33
15, 244, 0
15, 245, 0
15, 246, 18
15, 247, 0
15, 248, 23
15, 249, 0
15, 250, 0
15, 251, 0
15, 252, 0
15, 253, 0
15, 254, 0
15, 255, 0
15, 256, 39
15, 257, 0
15, 258, 53
15, 259, 11
15, 260, 34
15, 261, 0
15, 262, 0
15, 263, 0
15, 264, 0
15, 265, 0
15, 266, 0
15, 267, 0
15, 268, 0
15, 269, 0
15, 270, 0
15, 271, 20
15, 272, 0
15, 273, 0
15, 274, 0
15, 275, 0
15, 276, 0
15, 277, 16
15, 278, 5
15, 279, 21
15, 280, 0
15, 281, 0
15, 282, 47
15, 283, 0
15, 284, 0
15, 285, 0
15, 286, 0
15, 287, 0
15, 288, 0
15, 289, 0
15, 290, 0
15, 291, 0
15, 292, 0
15, 293, 0
15, 294, 0
15, 295, 56
15, 296, 0
15, 297, 0
15, 298, 0
15, 299, 0
15, 300, 4
15, 301, 0
15, 302, 0
15, 303, 0
15, 304, 0
15, 305, 37
15, 306, 10
15, 307, 0
15, 308, 0
15, 309, 0
15, 310, 0
15, 311, 0
15, 312, 0
15, 313, 33
15, 314, 0
15, 315, 0
15, 316, 0
15, 317, 0
15, 318, 13
15, 319, 0
15, 320, 24
15, 321, 55
15, 322, 0
15, 323, 0
15, 324, 6
15, 325, 46
15, 326, 0
15, 327, 22
15, 328, 0
15, 329, 0
15, 330, 0
15, 331, 0
15, 332, 32
15, 333, 0
15, 334, 0
15, 335, 39
15, 336, 0
15, 337, 0
15, 338, 0
15, 339, 0
15, 340, 0
15, 341, 0
15, 342, 0
15, 343, 0
15, 344, 0
15, 345, 20
15, 346, 0
15, 347, 0
15, 348, 16
15, 349, 47
15, 350, 0
15, 351, 0
15, 352, 0
15, 353, 0
15, 354, 0
15, 355, 0
15, 356, 0
15, 357, 11
15, 358, 0
15, 359, 29
15, 360, 34
15, 361, 55
15, 362, 38
15, 363, 0
15, 364, 0
15, 365, 0
15, 366, 23
15, 367, 11
15, 368, 0
15, 369, 0
15, 370, 0
15, 371, 0
15, 372, 0
15, 373, 0
15, 374, 0
15, 375, 55
15, 376, 0
15, 377, 0
15, 378, 53
15, 379, 0
15, 380, 0
15, 381, 0
15, 382, 0
15, 383, 0
15, 384, 0
15, 385, 0
15, 386, 0
15, 387, 0
15, 388, 0
15, 389, 0
15, 390, 18
15, 391, 0
15, 392, 0
15, 393, 0
15, 394, 0
15, 395, 0
15, 396, 37
15, 397, 0
15, 398, 0
15, 399, 0
16, 0, 0
16, 1, 0
16, 2, 17
16, 3, 0
16, 4, 0
16, 5, 0
16, 6, 3
16, 7, 0
16, 8, 0
16, 9, 27
16, 10, 44
16, 11, 0
16, 12, 0
16, 13, 0
16, 14, 0
16, 15, 0
16, 16, 0
16, 17, 0
16, 18, 0
16, 19, 0
16, 20, 0
16, 21, 0
16, 22, 14
16, 23, 0
16, 24, 0
16, 25, 41
16, 26, 0
16, 27, 0
16, 28, 0
16, 29, 0
16, 30, 0
16, 31, 0
16, 32, 0
16, 33, 0
16, 34, 0
16, 35, 0
16, 36, 0
16, 37, 54
16, 38, 0
16, 39, 0
16, 40, 0
16, 41, 0
16, 42, 0
16, 43, 0
16, 44, 0
16, 45, 0
16, 46, 14
16, 47, 0
16, 48, 0
16, 49, 1
16, 50, 50
16, 51, 0
16, 52, 0
16, 53, 39
16, 54, 0
16, 55, 0
16, 56, 0
16, 57, 0
16, 58, 0
16, 59, 0
16, 60, 44
16, 61, 0
16, 62, 36
16, 63, 0
16, 64, 0
16, 65, 30
16, 66, 0
16, 67, 21
16, 68, 0
16, 69, 0
16, 70, 0
16, 71, 0
16, 72, 0
16, 73, 9
16, 74, 0
16, 75, 33
16, 76, 0
16, 77, 0
16, 78, 0
16, 79, 4
16, 80, 0
16, 81, 0
16, 82, 34
16, 83, 0
16, 84, 0
16, 85, 0
16, 86, 0
16, 87, 0
16, 88, 0
16, 89, 0
16, 90, 58
16, 91, 0
16, 92, 0
16, 93, 32
16, 94, 0
16, 95, 0
16, 96, 0
16, 97, 0
16, 98, 0
16, 99, 0
16, 100, 0
16, 101, 0
16, 102, 0
16, 103, 0
16, 104, 0
16, 105, 0
16, 106, 0
16, 107, 27
16, 108, 0
16, 109, 0
16, 110, 0
16, 111, 5
16, 112, 0
16, 113, 0
16, 114, 0
16, 115, 0
16, 116, 0
16, 117, 0
16, 118, 0
16, 119, 0
16, 120, 44
16, 121, 0
16, 122, 0
16, 123, 0
16, 124, 0
16, 125, 0
16, 126, 0
16, 127, 18
16, 128, 0
16, 129, 0
16, 130, 0
16, 131, 21
16, 132, 0
16, 133, 0
16, 134, 0
16, 135, 0
16, 136, 0
16, 137, 0
16, 138, 0
16, 139, 0
16, 140, 1
16, 141, 0
16, 142, 0
16, 143, 0
16, 144, 0
16, 145, 0
16, 146, 9
16, 147, 0
16, 148, 0
16, 149, 0
16, 150, 0
16, 151, 0
16, 152, 0
16, 153, 3
16, 154, 13
16, 155, 0
16, 156, 49
16, 157, 0
16, 158, 0
16, 159, 0
16, 160, 0
16, 161, 0
16, 162, 40
16, 163, 0
16, 164, 0
16, 165, 0
16, 166, 43
16, 167, 0
16, 168, 0
16, 169, 0
16, 170, 0
16, 171, 0
16, 172, 0
16, 173, 0
16, 174, 39
16, 175, 18
16, 176, 0
16, 177, 0
16, 178, 0
16, 179, 0
16, 180, 0
16, 181, 0
16, 182, 0
16, 183, 0
16, 184, 0
16, 185, 0
16, 186, 0
16, 187, 0
16, 188, 0
16, 189, 34
16, 190, 0
16, 191, 0
16, 192, 41
16, 193, 54
16, 194, 0
16, 195, 0
16, 196, 0
16, 197, 0
16, 198, 0
16, 199, 0
16, 200, 0
16, 201, 33
16, 202, 41
16, 203, 0
16, 204, 0
16, 205, 6
16, 206, 0
16, 207, 32
16, 208, 0
16, 209, 0
16, 210, 0
16, 211, 0
16, 212, 0
16, 213, 0
16, 214, 0
16, 215, 0
16, 216, 0
16, 217, 0
16, 218, 0
16, 219, 0
16, 220, 0
16, 221, 0
16, 222, 36
16, 223, 0
16, 224, 0
16, 225, 55
16, 226, 0
16, 227, 0
16, 228, 48
16, 229, 0
16, 230, 0
16, 231, 17
16, 232, 0
16, 233, 0
16, 234, 0
16, 235, 0
16, 236, 0
16, 237, 0
16, 238, 48
16, 239, 0
16, 240, 36
16, 241, 0
16, 242, 0
16, 243, 0
16, 244, 0
16, 245, 0
16, 246, 44
16, 247, 0
16, 248, 0
16, 249, 0
16, 250, 0
16, 251, 0
16, 252, 0
16, 253, 0
16, 254, 4
16, 255, 0
16, 256, 0
16, 257, 0
16, 258, 0
16, 259, 0
16, 260, 0
16, 261, 9
16, 262, 0
16, 263, 0
16, 264, 58
16, 265, 21
16, 266, 0
16, 267, 30
16, 268, 41
16, 269, 0
16, 270, 18
16, 271, 0
16, 272, 0
16, 273, 50
16, 274, 0
16, 275, 2
16, 276, 14
16, 277, 0
16, 278, 0
16, 279, 0
16, 280, 0
16, 281, 0
16, 282, 0
16, 283, 0
16, 284, 0
16, 285, 0
16, 286, 0
16, 287, 0
16, 288, 0
16, 289, 48
16, 290, 0
16, 291, 51
16, 292, 0
16, 293, 33
16, 294, 0
16, 295, 12
16, 296, 0
16, 297, 50
16, 298, 36
16, 299, 22
16, 300, 0
16, 301, 25
16, 302, 0
16, 303, 17
16, 304, 0
16, 305, 0
16, 306, 0
16, 307, 3
16, 308, 0
16, 309, 0
16, 310, 0
16, 311, 0
16, 312, 0
16, 313, 1
16, 314, 0
16, 315, 0
16, 316, 0
16, 317, 0
16, 318, 0
16, 319, 0
16, 320, 58
16, 321, 34
16, 322, 0
16, 323, 0
16, 324, 0
16, 325, 27
16, 326, 40
16, 327, 0
16, 328, 0
16, 329, 0
16, 330, 0
16, 331, 30
16, 332, 0
16, 333, 0
16, 334, 0
16, 335, 0
16, 336, 0
16, 337, 0
16, 338, 0
16, 339, 0
16, 340, 0
16, 341, 0
16, 342, 22
16, 343, 0
16, 344, 0
16, 345, 48
16, 346, 0
16, 347, 55
16, 348, 0
16, 349, 48
16, 350, 0
16, 351, 0
16, 352, 0
16, 353, 0
16, 354, 0
16, 355, 0
16, 356, 0
16, 357, 0
16, 358, 33
16, 359, 32
16, 360, 4
16, 361, 0
16, 362, 0
16, 363, 0
16, 364, 9
16, 365, 0
16, 366, 44
16, 367, 0
16, 368, 0
16, 369, 0
16, 370, 0
16, 371, 0
16, 372, 0
16, 373, 0
16, 374, 0
16, 375, 1
16, 376, 0
16, 377, 0
16, 378, 0
16, 379, 0
16, 380, 18
16, 381, 0
16, 382, 36
16, 383, 58
16, 384, 25
16, 385, 0
16, 386, 0
16, 387, 33
16, 388, 0
16, 389, 0
16, 390, 0
16, 391, 0
16, 392, 0
16, 393, 0
16, 394, 0
16, 395, 48
16, 396, 0
16, 397, 0
16, 398, 21
16, 399, 17
17, 0, 0
17, 1, 0
17, 2, 0
17, 3, 0
17, 4, 7
17, 5, 24
17, 6, 0
17, 7, 0
17, 8, 0
17, 9, 42
17, 10, 0
17, 11, 0
17, 12, 49
17, 13, 0
17, 14, 53
17, 15, 0
17, 16, 8
17, 17, 0
17, 18, 0
17, 19, 0
17, 20, 0
17, 21, 0
17, 22, 0
17, 23, 0
17, 24, 0
17, 25, 0
17, 26, 0
17, 27, 0
17, 28, 0
17, 29, 0
17, 30, 0
17, 31, 0
17, 32, 0
17, 33, 0
17, 34, 0
17, 35, 0
17, 36, 0
17, 37, 0
17, 38, 59
17, 39, 59
17, 40, 0
17, 41, 0
17, 42, 0
17, 43, 0
17, 44, 18
17, 45, 44
17, 46, 0
17, 47, 0
17, 48, 0
17, 49, 0
17, 50, 0
17, 51, 0
17, 52, 0
17, 53, 0
17, 54, 0
17, 55, 0
17, 56, 0
17, 57, 0
17, 58, 0
17, 59, 0
17, 60, 23
17, 61, 0
17, 62, 0
17, 63, 0
17, 64, 9
17, 65, 0
17, 66, 12
17, 67, 19
17, 68, 0
17, 69, 0
17, 70, 0
17, 71, 0
17, 72, 33
17, 73, 42
17, 74, 0
17, 75, 0
17, 76, 0
17, 77, 37
17, 78, 1
17, 79, 10
17, 80, 0
17, 81, 0
17, 82, 9
17, 83, 0
17, 84, 0
17, 85, 0
17, 86, 36
17, 87, 0
17, 88, 0
17, 89, 52
17, 90, 0
17, 91, 51
17, 92, 0
17, 93, 0
17, 94, 0
17, 95, 0
17, 96, 0
17, 97, 0
17, 98, 0
17, 99, 0
17, 100, 0
17, 101, 0
17, 102, 0
17, 103, 0
17, 104, 0
17, 105, 0
17, 106, 0
17, 107, 0
17, 108, 0
17, 109, 0
17, 110, 0
17, 111, 24
17, 112, 0
17, 113, 0
17, 114, 0
17, 115, 16
17, 116, 34
17, 117, 0
17, 118, 0
17, 119, 0
17, 120, 0
17, 121, 0
17, 122, 0
17, 123, 0
17, 124, 53
17, 125, 0
17, 126, 0
17, 127, 0
17, 128, 0
17, 129, 0
17, 130, 0
17, 131, 7
17, 132, 0
17, 133, 0
17, 134, 0
17, 135, 42
17, 136, 42
17, 137, 0
17, 138, 22
17, 139, 0
17, 140, 5
17, 141, 0
17, 142, 21
17, 143, 0
17, 144, 0
17, 145, 28
17, 146, 0
17, 147, 0
17, 148, 53
17, 149, 47
17, 150, 0
17, 151, 0
17, 152, 34
17, 153, 0
17, 154, 45
17, 155, 0
17, 156, 0
17, 157, 0
17, 158, 0
17, 159, 18
17, 160, 0
17, 161, 48
17, 162, 0
17, 163, 0
17, 164, 0
17, 165, 52
17, 166, 0
17, 167, 0
17, 168, 0
17, 169, 0
17, 170, 0
17, 171, 0
17, 172, 50
17, 173, 0
17, 174, 13
17, 175, 0
17, 176, 44
17, 177, 0
17, 178, 36
17, 179, 4
17, 180, 20
17, 181, 0
17, 182, 0
17, 183, 0
17, 184, 20
17, 185, 0
17, 186, 0
17, 187, 0
17, 188, 40
17, 189, 0
17, 190, 15
17, 191, 0
17, 192, 42
17, 193, 0
17, 194, 0
17, 195, 49
17, 196, 0
17, 197, 0
17, 198, 0
17, 199, 0
17, 200, 0
17, 201, 0
17, 202, 0
17, 203, 0
17, 204, 0
17, 205, 0
17, 206, 59
17, 207, 0
17, 208, 0
17, 209, 0
17, 210, 0
17, 211, 0
17, 212, 0
17, 213, 57
17, 214, 0
17, 215, 43
17, 216, 0
17, 217, 0
17, 218, 29
17, 219, 0
17, 220, 50
17, 221, 0
17, 222, 33
17, 223, 0
17, 224, 0
17, 225, 0
17, 226, 0
17, 227, 0
17, 228, 0
17, 229, 40
17, 230, 45
17, 231, 0
17, 232, 0
17, 233, 0
17, 234, 0
17, 235, 0
17, 236, 0
17, 237, 0
17, 238, 0
17, 239, 23
17, 240, 0
17, 241, 0
17, 242, 0
17, 243, 0
17, 244, 0
17, 245, 0
17, 246, 0
17, 247, 0
17, 248, 21
17, 249, 0
17, 250, 36
17, 251, 0
17, 252, 0
17, 253, 0
17, 254, 49
17, 255, 0
17, 256, 0
17, 257, 24
17, 258, 18
17, 259, 0
17, 260, 0
17, 261, 16
17, 262, 0
17, 263, 0
17, 264, 51
17, 265, 0
17, 266, 40
17, 267, 0
17, 268, 24
17, 269, 59
17, 270, 15
17, 271, 0
17, 272, 0
17, 273, 0
17, 274, 0
17, 275, 0
17, 276, 0
17, 277, 0
17, 278, 12
17, 279, 0
17, 280, 0
17, 281, 0
17, 282, 0
17, 283, 0
17, 284, 0
17, 285, 0
17, 286, 0
17, 287, 0
17, 288, 0
17, 289, 0
17, 290, 0
17, 291, 0
17, 292, 12
17, 293, 0
17, 294, 0
17, 295, 28
17, 296, 0
17, 297, 0
17, 298, 0
17, 299, 0
17, 300, 0
17, 301, 0
17, 302, 0
17, 303, 0
17, 304, 0
17, 305, 0
17, 306, 48
17, 307, 0
17, 308, 0
17, 309, 0
17, 310, 0
17, 311, 1
17, 312, 0
17, 313, 0
17, 314, 0
17, 315, 0
17, 316, 53
17, 317, 0
17, 318, 0
17, 319, 0
17, 320, 0
17, 321, 0
17, 322, 9
17, 323, 0
17, 324, 51
17, 325, 0
17, 326, 0
17, 327, 0
17, 328, 0
17, 329, 45
17, 330, 0
17, 331, 29
17, 332, 37
17, 333, 0
17, 334, 0
17, 335, 48
17, 336, 0
17, 337, 0
17, 338, 0
17, 339, 0
17, 340, 44
17, 341, 0
17, 342, 0
17, 343, 0
17, 344, 0
17, 345, 42
17, 346, 0
17, 347, 0
17, 348, 0
17, 349, 52
17, 350, 4
17, 351, 0
17, 352, 0
17, 353, 0
17, 354, 59
17, 355, 0
17, 356, 0
17, 357, 0
17, 358, 0
17, 359, 0
17, 360, 0
17, 361, 0
17, 362, 0
17, 363, 0
17, 364, 0
17, 365, 60
17, 366, 0
17, 367, 0
17, 368, 0
17, 369, 5
17, 370, 0
17, 371, 0
17, 372, 0
17, 373, 0
17, 374, 22
17, 375, 0
17, 376, 0
17, 377, 1
17, 378, 0
17, 379, 0
17, 380, 28
17, 381, 0
17, 382, 0
17, 383, 0
17, 384, 0
17, 385, 0
17, 386, 0
17, 387, 0
17, 388, 12
17, 389, 0
17, 390, 0
17, 391, 0
17, 392, 0
17, 393, 0
17, 394, 0
17, 395, 0
17, 396, 0
17, 397, 0
17, 398, 0
17, 399, 6
18, 0, 0
18, 1, 0
18, 2, 0
18, 3, 0
18, 4, 0
18, 5, 0
18, 6, 0
18, 7, 40
18, 8, 0
18, 9, 43
18, 10, 0
18, 11, 0
18, 12, 50
18, 13, 0
18, 14, 44
18, 15, 0
18, 16, 0
18, 17, 27
18, 18, 0
18, 19, 0
18, 20, 0
18, 21, 0
18, 22, 0
18, 23, 0
18, 24, 37
18, 25, 0
18, 26, 31
18, 27, 0
18, 28, 0
18, 29, 0
18, 30, 0
18, 31, 0
18, 32, 0
18, 33, 0
18, 34, 0
18, 35, 0
18, 36, 36
18, 37, 30
18, 38, 0
18, 39, 0
18, 40, 0
18, 41, 39
18, 42, 0
18, 43, 0
18, 44, 0
18, 45, 10
18, 46, 0
18, 47, 0
18, 48, 0
18, 49, 23
18, 50, 0
18, 51, 42
18, 52, 0
18, 53, 0
18, 54, 0
18, 55, 0
18, 56, 0
18, 57, 55
18, 58, 0
18, 59, 50
18, 60, 0
18, 61, 0
18, 62, 0
18, 63, 0
18, 64, 44
18, 65, 0
18, 66, 0
18, 67, 0
18, 68, 0
18, 69, 11
18, 70, 59
18, 71, 0
18, 72, 18
18, 73, 0
18, 74, 0
18, 75, 0
18, 76, 0
18, 77, 0
18, 78, 0
18, 79, 0
18, 80, 54
18, 81, 0
18, 82, 13
18, 83, 0
18, 84, 0
18, 85, 16
18, 86, 0
18, 87, 58
18, 88, 0
18, 89, 0
18, 90, 0
18, 91, 0
18, 92, 0
18, 93, 0
18, 94, 52
18, 95, 0
18, 96, 0
18, 97, 41
18, 98, 48
18, 99, 40
18, 100, 0
18, 101, 0
18, 102, 0
18, 103, 0
18, 104, 0
18, 105, 43
18, 106, 0
18, 107, 0
18, 108, 0
18, 109, 0
18, 110, 25
18, 111, 0
18, 112, 0
18, 113, 0
18, 114, 0
18, 115, 0
18, 116, 0
18, 117, 45
18, 118, 50
18, 119, 0
18, 120, 0
18, 121, 26
18, 122, 31
18, 123, 59
18, 124, 0
18, 125, 0
18, 126, 0
18, 127, 0
18, 128, 0
18, 129, 0
18, 130, 35
18, 131, 0
18, 132, 0
18, 133, 0
18, 134, 0
18, 135, 0
18, 136, 0
18, 137, 0
18, 138, 0
18, 139, 0
18, 140, 0
18, 141, 18
18, 142, 0
18, 143, 0
18, 144, 0
18, 145, 0
18, 146, 0
18, 147, 0
18, 148, 0
18, 149, 0
18, 150, 27
18, 151, 0
18, 152, 0
18, 153, 0
18, 154, 0
18, 155, 0
18, 156, 0
18, 157, 0
18, 158, 30
18, 159, 0
18, 160, 32
18, 161, 0
18, 162, 0
18, 163, 34
18, 164, 0
18, 165, 0
18, 166, 0
18, 167, 41
18, 168, 0
18, 169, 0
18, 170, 0
18, 171, 0
18, 172, 0
18, 173, 0
18, 174, 0
18, 175, 0
18, 176, 27
18, 177, 0
18, 178, 0
18, 179, 0
18, 180, 59
18, 181, 0
18, 182, 0
18, 183, 0
18, 184, 0
18, 185, 0
18, 186, 0
18, 187, 0
18, 188, 0
18, 189, 0
18, 190, 0
18, 191, 26
18, 192, 0
18, 193, 0
18, 194, 0
18, 195, 0
18, 196, 0
18, 197, 23
18, 198, 0
18, 199, 0
18, 200, 0
18, 201, 55
18, 202, 47
18, 203, 0
18, 204, 0
18, 205, 0
18, 206, 0
18, 207, 0
18, 208, 36
18, 209, 0
18, 210, 0
18, 211, 50
18, 212, 10
18, 213, 0
18, 214, 0
18, 215, 25
18, 216, 0
18, 217, 0
18, 218, 0
18, 219, 0
18, 220, 0
18, 221, 0
18, 222, 0
18, 223, 33
18, 224, 0
18, 225, 0
18, 226, 0
18, 227, 0
18, 228, 42
18, 229, 6
18, 230, 37
18, 231, 0
18, 232, 0
18, 233, 0
18, 234, 0
18, 235, 0
18, 236, 0
18, 237, 0
18, 238, 0
18, 239, 0
18, 240, 52
18, 241, 0
18, 242, 0
18, 243, 50
18, 244, 48
18, 245, 0
18, 246, 0
18, 247, 55
18, 248, 0
18, 249, 0
18, 250, 0
18, 251, 0
18, 252, 0
18, 253, 0
18, 254, 0
18, 255, 0
18, 256, 0
18, 257, 0
18, 258, 11
18, 259, 30
18, 260, 37
18, 261, 0
18, 262, 0
18, 263, 0
18, 264, 45
18, 265, 54
18, 266, 0
18, 267, 0
18, 268, 13
18, 269, 0
18, 270, 0
18, 271, 0
18, 272, 40
18, 273, 0
18, 274, 0
18, 275, 0
18, 276, 39
18, 277, 31
18, 278, 0
18, 279, 0
18, 280, 34
18, 281, 0
18, 282, 0
18, 283, 0
18, 284, 0
18, 285, 59
18, 286, 0
18, 287, 0
18, 288, 0
18, 289, 0
18, 290, 44
18, 291, 0
18, 292, 0
18, 293, 0
18, 294, 0
18, 295, 0
18, 296, 39
18, 297, 0
18, 298, 35
18, 299, 0
18, 300, 42
18, 301, 0
18, 302, 0
18, 303, 0
18, 304, 0
18, 305, 0
18, 306, 16
18, 307, 0
18, 308, 0
18, 309, 0
18, 310, 0
18, 311, 0
18, 312, 32
18, 313, 0
18, 314, 0
18, 315, 36
18, 316, 58
18, 317, 0
18, 318, 0
18, 319, 0
18, 320, 0
18, 321, 0
18, 322, 0
18, 323, 0
18, 324, 0
18, 325, 0
18, 326, 0
18, 327, 0
18, 328, 0
18, 329, 0
18, 330, 0
18, 331, 0
18, 332, 0
18, 333, 0
18, 334, 0
18, 335, 12
18, 336, 0
18, 337, 0
18, 338, 47
18, 339, 0
18, 340, 0
18, 341, 0
18, 342, 0
18, 343, 0
18, 344, 0
18, 345, 0
18, 346, 0
18, 347, 0
18, 348, 0
18, 349, 0
18, 350, 0
18, 351, 0
18, 352, 0
18, 353, 18
18, 354, 23
18, 355, 45
18, 356, 0
18, 357, 14
18, 358, 0
18, 359, 27
18, 360, 0
18, 361, 0
18, 362, 0
18, 363, 0
18, 364, 0
18, 365, 0
18, 366, 43
18, 367, 0
18, 368, 55
18, 369, 0
18, 370, 41
18, 371, 0
18, 372, 0
18, 373, 50
18, 374, 0
18, 375, 36
18, 376, 0
18, 377, 0
18, 378, 0
18, 379, 0
18, 380, 39
18, 381, 0
18, 382, 0
18, 383, 0
18, 384, 0
18, 385, 0
18, 386, 32
18, 387, 0
18, 388, 0
18, 389, 0
18, 390, 0
18, 391, 0
18, 392, 0
18, 393, 41
18, 394, 0
18, 395, 30
18, 396, 0
18, 397, 48
18, 398, 25
18, 399, 0
19, 0, 0
19, 1, 34
19, 2, 0
19, 3, 0
19, 4, 0
19, 5, 0
19, 6, 41
19, 7, 0
19, 8, 0
19, 9, 0
19, 10, 0
19, 11, 0
19, 12, 0
19, 13, 0
19, 14, 61
19, 15, 0
19, 16, 0
19, 17, 0
19, 18, 0
19, 19, 0
19, 20, 0
19, 21, 4
19, 22, 49
19, 23, 0
19, 24, 0
19, 25, 0
19, 26, 0
19, 27, 22
19, 28, 0
19, 29, 0
19, 30, 23
19, 31, 0
19, 32, 0
19, 33, 0
19, 34, 12
19, 35, 12
19, 36, 6
19, 37, 1
19, 38, 0
19, 39, 0
19, 40, 0
19, 41, 5
19, 42, 0
19, 43, 0
19, 44, 0
19, 45, 0
19, 46, 0
19, 47, 0
19, 48, 0
19, 49, 0
19, 50, 0
19, 51, 47
19, 52, 0
19, 53, 0
19, 54, 0
19, 55, 0
19, 56, 0
19, 57, 56
19, 58, 0
19, 59, 0
19, 60, 0
19, 61, 3
19, 62, 20
19, 63, 0
19, 64, 0
19, 65, 0
19, 66, 0
19, 67, 24
19, 68, 0
19, 69, 0
19, 70, 0
19, 71, 0
19, 72, 0
19, 73, 57
19, 74, 0
19, 75, 0
19, 76, 0
19, 77, 0
19, 78, 0
19, 79, 0
19, 80, 0
19, 81, 0
19, 82, 0
19, 83, 49
19, 84, 27
19, 85, 31
19, 86, 22
19, 87, 0
19, 88, 0
19, 89, 0
19, 90, 56
19, 91, 0
19, 92, 0
19, 93, 0
19, 94, 0
19, 95, 0
19, 96, 13
19, 97, 0
19, 98, 0
19, 99, 0
19, 100, 42
19, 101, 0
19, 102, 17
19, 103, 0
19, 104, 0
19, 105, 0
19, 106, 0
19, 107, 0
19, 108, 0
19, 109, 0
19, 110, 0
19, 111, 4
19, 112, 43
19, 113, 0
19, 114, 0
19, 115, 7
19, 116, 0
19, 117, 0
19, 118, 0
19, 119, 49
19, 120, 49
19, 121, 0
19, 122, 0
19, 123, 0
19, 124, 0
19, 125, 15
19, 126, 0
19, 127, 0
19, 128, 40
19, 129, 5
19, 130, 0
19, 131, 0
19, 132, 0
19, 133, 0
19, 134, 0
19, 135, 0
19, 136, 0
19, 137, 0
19, 138, 0
19, 139, 0
19, 140, 0
19, 141, 0
19, 142, 0
19, 143, 0
19, 144, 0
19, 145, 0
19, 146, 0
19, 147, 0
19, 148, 0
19, 149, 41
19, 150, 0
19, 151, 0
19, 152, 0
19, 153, 0
19, 154, 0
19, 155, 36
19, 156, 0
19, 157, 0
19, 158, 0
19, 159, 0
19, 160, 0
19, 161, 0
19, 162, 0
19, 163, 0
19, 164, 0
19, 165, 20
19, 166, 0
19, 167, 0
19, 168, 0
19, 169, 0
19, 170, 0
19, 171, 0
19, 172, 0
19, 173, 42
19, 174, 0
19, 175, 0
19, 176, 57
19, 177, 0
19, 178, 18
19, 179, 0
19, 180, 0
19, 181, 0
19, 182, 0
19, 183, 0
19, 184, 0
19, 185, 0
19, 186, 0
19, 187, 0
19, 188, 0
19, 189, 0
19, 190, 0
19, 191, 0
19, 192, 0
19, 193, 0
19, 194, 43
19, 195, 0
19, 196, 0
19, 197, 47
19, 198, 0
19, 199, 41
19, 200, 0
19, 201, 0
19, 202, 39
19, 203, 0
19, 204, 61
19, 205, 0
19, 206, 0
19, 207, 0
19, 208, 0
19, 209, 0
19, 210, 0
19, 211, 0
19, 212, 17
19, 213, 23
19, 214, 0
19, 215, 0
19, 216, 0
19, 217, 44
19, 218, 12
19, 219, 0
19, 220, 0
19, 221, 0
19, 222, 0
19, 223, 31
19, 224, 0
19, 225, 0
19, 226, 0
19, 227, 0
19, 228, 0
19, 229, 0
19, 230, 0
19, 231, 0
19, 232, 0
19, 233, 49
19, 234, 0
19, 235, 0
19, 236, 0
19, 237, 24
19, 238, 0
19, 239, 43
19, 240, 0
19, 241, 0
19, 242, 0
19, 243, 0
19, 244, 29
19, 245, 56
19, 246, 61
19, 247, 0
19, 248, 0
19, 249, 12
19, 250, 0
19, 251, 0
19, 252, 40
19, 253, 5
19, 254, 22
19, 255, 13
19, 256, 0
19, 257, 0
19, 258, 0
19, 259, 0
19, 260, 0
19, 261, 0
19, 262, 0
19, 263, 0
19, 264, 0
19, 265, 0
19, 266, 0
19, 267, 0
19, 268, 0
19, 269, 0
19, 270, 2
19, 271, 0
19, 272, 41
19, 273, 0
19, 274, 0
19, 275, 0
19, 276, 0
19, 277, 31
19, 278, 0
19, 279, 0
19, 280, 57
19, 281, 0
19, 282, 36
19, 283, 0
19, 284, 0
19, 285, 0
19, 286, 0
19, 287, 0
19, 288, 0
19, 289, 0
19, 290, 0
19, 291, 0
19, 292, 0
19, 293, 0
19, 294, 0
19, 295, 0
19, 296, 0
19, 297, 0
19, 298, 0
19, 299, 26
19, 300, 0
19, 301, 24
19, 302, 0
19, 303, 0
19, 304, 0
19, 305, 0
19, 306, 25
19, 307, 0
19, 308, 0
19, 309, 20
19, 310, 0
19, 311, 0
19, 312, 0
19, 313, 13
19, 314, 4
19, 315, 44
19, 316, 0
19, 317, 0
19, 318, 18
19, 319, 0
19, 320, 0
19, 321, 7
19, 322, 0
19, 323, 0
19, 324, 49
19, 325, 17
19, 326, 0
19, 327, 0
19, 328, 0
19, 329, 0
19, 330, 0
19, 331, 0
19, 332, 0
19, 333, 0
19, 334, 0
19, 335, 0
19, 336, 0
19, 337, 0
19, 338, 36
19, 339, 0
19, 340, 0
19, 341, 0
19, 342, 0
19, 343, 0
19, 344, 0
19, 345, 0
19, 346, 0
19, 347, 0
19, 348, 0
19, 349, 0
19, 350, 0
19, 351, 0
19, 352, 5
19, 353, 0
19, 354, 0
19, 355, 0
19, 356, 0
19, 357, 0
19, 358, 0
19, 359, 0
19, 360, 0
19, 361, 12
19, 362, 0
19, 363, 42
19, 364, 0
19, 365, 0
19, 366, 0
19, 367, 0
19, 368, 0
19, 369, 0
19, 370, 0
19, 371, 0
19, 372, 3
19, 373, 0
19, 374, 0
19, 375, 0
19, 376, 0
19, 377, 0
19, 378, 0
19, 379, 0
19, 380, 0
19, 381, 0
19, 382, 49
19, 383, 0
19, 384, 0
19, 385, 0
19, 386, 24
19, 387, 0
19, 388, 0
19, 389, 0
19, 390, 0
19, 391, 0
19, 392, 0
19, 393, 0
19, 394, 0
19, 395, 15
19, 396, 0
19, 397, 0
19, 398, 0
19, 399, 43
