1, 2, 58
1, 27, 1
1, 28, 16
1, 31, 41
1, 34, 44
1, 36, 25
1, 42, 2
1, 42, 36
1, 62, 33
1, 62, 50
1, 78, 25
1, 93, 44
1, 94, 20
1, 100, 8
1, 113, 30
1, 113, 41
1, 131, 36
1, 134, 16
1, 138, 45
1, 140, 33
1, 142, 44
1, 147, 16
1, 150, 8
1, 153, 25
1, 157, 50
1, 176, 39
1, 183, 58
1, 195, 41
1, 198, 20
1, 221, 39
1, 225, 16
1, 230, 36
1, 261, 25
1, 264, 66
1, 276, 36
1, 286, 50
1, 291, 45
1, 300, 33
1, 303, 2
1, 304, 16
1, 307, 30
1, 312, 58
1, 327, 20
1, 335, 50
1, 345, 16
1, 347, 8
1, 383, 33
1, 395, 44
1, 397, 50
1, 398, 20
1, 399, 66
2, 5, 13
2, 8, 7
2, 8, 19
2, 8, 59
2, 28, 39
2, 38, 26
2, 39, 3
2, 42, 46
2, 50, 37
2, 55, 51
2, 63, 33
2, 66, 13
2, 68, 52
2, 71, 30
2, 75, 12
2, 84, 24
2, 90, 27
2, 91, 37
2, 92, 2
2, 101, 48
2, 123, 13
2, 127, 20
2, 128, 19
2, 131, 12
2, 131, 32
2, 160, 44
2, 161, 7
2, 161, 46
2, 162, 26
2, 168, 36
2, 171, 46
2, 172, 34
2, 180, 41
2, 188, 37
2, 196, 29
2, 196, 43
2, 197, 62
2, 198, 10
2, 207, 51
2, 216, 33
2, 218, 27
2, 227, 37
2, 228, 53
2, 246, 30
2, 248, 48
2, 255, 52
2, 261, 36
2, 265, 34
2, 268, 19
2, 270, 43
2, 271, 33
2, 272, 13
2, 276, 26
2, 283, 27
2, 285, 52
2, 287, 24
2, 298, 12
2, 300, 3
2, 310, 32
2, 316, 46
2, 329, 10
2, 330, 13
2, 332, 44
2, 334, 7
2, 343, 24
2, 349, 2
2, 350, 59
2, 352, 26
2, 366, 29
2, 371, 46
2, 374, 34
2, 377, 39
2, 380, 33
2, 382, 29
3, 2, 55
3, 5, 35
3, 7, 21
3, 12, 23
3, 15, 32
3, 21, 34
3, 33, 60
3, 41, 5
3, 41, 23
3, 49, 3
3, 52, 17
3, 52, 44
3, 58, 37
3, 61, 15
3, 63, 24
3, 63, 36
3, 70, 58
3, 73, 11
3, 74, 9
3, 79, 44
3, 95, 34
3, 98, 56
3, 102, 5
3, 107, 39
3, 113, 20
3, 120, 24
3, 124, 47
3, 125, 36
3, 131, 50
3, 133, 52
3, 137, 35
3, 142, 11
3, 142, 55
3, 148, 5
3, 159, 21
3, 161, 20
3, 161, 58
3, 164, 25
3, 170, 32
3, 179, 35
3, 185, 60
3, 186, 41
3, 194, 25
3, 201, 55
3, 203, 34
3, 209, 50
3, 220, 15
3, 236, 44
3, 240, 60
3, 248, 11
3, 252, 41
3, 255, 17
3, 256, 24
3, 263, 56
3, 265, 47
3, 265, 55
3, 266, 15
3, 267, 5
3, 279, 32
3, 287, 50
3, 292, 20
3, 296, 23
3, 297, 34
3, 305, 39
3, 316, 60
3, 324, 41
3, 327, 9
3, 327, 25
3, 329, 35
3, 336, 3
3, 354, 37
3, 354, 52
3, 358, 44
3, 359, 36
3, 363, 55
3, 366, 37
3, 374, 32
3, 378, 20
3, 379, 41
3, 381, 15
3, 396, 24
3, 397, 23
4, 7, 48
4, 17, 47
4, 29, 38
4, 41, 31
4, 42, 4
4, 51, 22
4, 55, 19
4, 60, 18
4, 73, 15
4, 77, 45
4, 82, 28
4, 86, 37
4, 88, 3
4, 88, 10
4, 98, 22
4, 108, 48
4, 120, 1
4, 121, 7
4, 123, 18
4, 126, 19
4, 127, 45
4, 129, 41
4, 134, 21
4, 134, 38
4, 138, 15
4, 150, 46
4, 153, 31
4, 158, 7
4, 166, 5
4, 173, 10
4, 176, 14
4, 179, 45
4, 180, 1
4, 183, 48
4, 185, 47
4, 188, 14
4, 189, 7
4, 194, 47
4, 200, 22
4, 208, 31
4, 214, 28
4, 232, 4
4, 233, 15
4, 237, 18
4, 252, 19
4, 252, 22
4, 252, 37
4, 261, 2
4, 271, 41
4, 286, 38
4, 289, 32
4, 290, 46
4, 292, 14
4, 295, 48
4, 299, 28
4, 302, 21
4, 307, 10
4, 320, 3
4, 322, 14
4, 325, 51
4, 327, 18
4, 330, 45
4, 333, 37
4, 340, 28
4, 347, 22
4, 347, 47
4, 348, 5
4, 353, 15
4, 366, 35
4, 367, 1
4, 368, 19
4, 369, 1
4, 369, 32
4, 377, 10
4, 397, 7
4, 397, 46
5, 4, 38
5, 14, 52
5, 19, 30
5, 19, 56
5, 21, 39
5, 21, 50
5, 24, 25
5, 52, 36
5, 58, 23
5, 68, 24
5, 72, 59
5, 84, 29
5, 90, 42
5, 93, 5
5, 94, 52
5, 95, 10
5, 97, 15
5, 100, 23
5, 102, 53
5, 103, 43
5, 104, 29
5, 107, 38
5, 111, 15
5, 115, 58
5, 123, 24
5, 132, 17
5, 141, 1
5, 149, 56
5, 153, 33
5, 153, 50
5, 160, 39
5, 161, 59
5, 181, 38
5, 186, 10
5, 186, 42
5, 187, 17
5, 188, 15
5, 189, 36
5, 190, 43
5, 200, 29
5, 220, 11
5, 229, 23
5, 229, 50
5, 233, 42
5, 238, 1
5, 246, 36
5, 247, 10
5, 259, 54
5, 272, 17
5, 273, 5
5, 287, 14
5, 288, 33
5, 294, 53
5, 312, 29
5, 314, 38
5, 315, 24
5, 315, 36
5, 324, 24
5, 326, 75
5, 331, 39
5, 335, 58
5, 351, 15
5, 354, 50
5, 364, 53
5, 365, 59
5, 375, 36
5, 377, 11
5, 381, 43
5, 387, 1
5, 389, 58
5, 393, 33
5, 396, 29
5, 399, 42
6, 5, 2
6, 8, 16
6, 11, 46
6, 22, 5
6, 22, 18
6, 27, 38
6, 31, 50
6, 34, 3
6, 35, 12
6, 46, 44
6, 52, 26
6, 54, 52
6, 62, 15
6, 73, 49
6, 74, 56
6, 83, 43
6, 88, 12
6, 96, 11
6, 97, 25
6, 112, 16
6, 117, 2
6, 117, 27
6, 119, 7
6, 130, 12
6, 134, 33
6, 144, 38
6, 151, 38
6, 155, 4
6, 159, 33
6, 166, 49
6, 167, 46
6, 177, 52
6, 187, 15
6, 187, 50
6, 191, 42
6, 199, 52
6, 203, 50
6, 205, 4
6, 206, 18
6, 215, 26
6, 223, 29
6, 247, 5
6, 249, 12
6, 250, 38
6, 256, 27
6, 271, 44
6, 275, 56
6, 283, 25
6, 285, 46
6, 299, 2
6, 305, 16
6, 307, 25
6, 310, 3
6, 312, 56
6, 313, 7
6, 313, 34
6, 316, 49
6, 318, 16
6, 321, 50
6, 333, 33
6, 348, 29
6, 355, 43
6, 362, 25
6, 368, 12
6, 371, 41
6, 374, 4
6, 377, 11
6, 379, 15
6, 380, 26
6, 384, 27
6, 395, 38
7, 4, 29
7, 6, 9
7, 8, 60
7, 34, 47
7, 39, 53
7, 40, 17
7, 45, 22
7, 49, 51
7, 50, 20
7, 69, 29
7, 73, 43
7, 92, 9
7, 92, 40
7, 93, 13
7, 97, 24
7, 99, 50
7, 105, 14
7, 111, 55
7, 113, 23
7, 115, 34
7, 119, 53
7, 127, 20
7, 129, 7
7, 131, 17
7, 135, 29
7, 137, 42
7, 138, 18
7, 158, 9
7, 163, 20
7, 173, 16
7, 176, 23
7, 181, 57
7, 190, 47
7, 190, 60
7, 194, 62
7, 209, 11
7, 219, 23
7, 219, 53
7, 234, 49
7, 240, 40
7, 243, 51
7, 247, 22
7, 250, 36
7, 253, 14
7, 261, 4
7, 261, 9
7, 267, 34
7, 270, 15
7, 270, 55
7, 272, 24
7, 281, 62
7, 284, 51
7, 287, 17
7, 287, 50
7, 288, 7
7, 288, 29
7, 290, 42
7, 322, 60
7, 323, 23
7, 325, 57
7, 327, 47
7, 329, 18
7, 336, 53
7, 340, 43
7, 343, 36
7, 346, 55
7, 350, 20
7, 352, 11
7, 360, 62
7, 362, 40
7, 370, 47
7, 374, 7
7, 376, 22
7, 376, 41
7, 381, 16
7, 385, 42
7, 389, 47
7, 391, 4
7, 394, 49
8, 5, 31
8, 14, 2
8, 17, 13
8, 18, 52
8, 27, 43
8, 28, 38
8, 32, 31
8, 41, 24
8, 45, 23
8, 45, 54
8, 49, 25
8, 52, 38
8, 57, 8
8, 63, 10
8, 67, 15
8, 68, 24
8, 73, 51
8, 79, 2
8, 79, 39
8, 80, 39
8, 81, 51
8, 82, 22
8, 87, 33
8, 90, 14
8, 90, 30
8, 97, 56
8, 103, 48
8, 111, 7
8, 119, 8
8, 122, 38
8, 124, 46
8, 128, 6
8, 143, 10
8, 151, 13
8, 156, 52
8, 164, 24
8, 164, 25
8, 164, 48
8, 176, 39
8, 183, 43
8, 184, 35
8, 188, 15
8, 189, 23
8, 194, 31
8, 195, 25
8, 221, 7
8, 224, 10
8, 227, 51
8, 229, 24
8, 239, 35
8, 241, 39
8, 251, 56
8, 256, 6
8, 257, 43
8, 263, 25
8, 268, 33
8, 278, 10
8, 282, 8
8, 284, 15
8, 285, 2
8, 288, 38
8, 290, 52
8, 291, 22
8, 292, 33
8, 298, 22
8, 305, 35
8, 306, 39
8, 307, 14
8, 329, 31
8, 332, 52
8, 336, 48
8, 342, 10
8, 362, 24
8, 366, 13
8, 369, 33
8, 372, 46
8, 376, 43
8, 378, 51
8, 381, 10
8, 389, 35
8, 394, 25
9, 1, 19
9, 1, 41
9, 9, 3
9, 14, 21
9, 34, 27
9, 39, 8
9, 40, 22
9, 53, 36
9, 54, 32
9, 58, 60
9, 60, 19
9, 66, 41
9, 75, 11
9, 81, 8
9, 82, 36
9, 85, 4
9, 94, 27
9, 110, 47
9, 111, 39
9, 114, 44
9, 115, 35
9, 134, 29
9, 138, 3
9, 143, 36
9, 146, 38
9, 149, 31
9, 153, 24
9, 154, 22
9, 177, 36
9, 178, 21
9, 180, 47
9, 190, 60
9, 197, 24
9, 206, 11
9, 211, 41
9, 212, 23
9, 217, 19
9, 220, 44
9, 224, 55
9, 225, 32
9, 232, 35
9, 235, 39
9, 239, 27
9, 249, 22
9, 257, 39
9, 273, 29
9, 273, 44
9, 276, 8
9, 276, 38
9, 278, 27
9, 279, 3
9, 290, 11
9, 294, 11
9, 295, 32
9, 299, 2
9, 331, 19
9, 332, 4
9, 332, 55
9, 339, 21
9, 339, 31
9, 342, 35
9, 344, 39
9, 345, 1
9, 345, 32
9, 361, 3
9, 363, 11
9, 363, 23
9, 374, 41
9, 375, 29
9, 377, 60
9, 384, 25
9, 387, 32
9, 389, 24
9, 394, 19
9, 397, 27
9, 397, 36
10, 2, 32
10, 4, 10
10, 5, 8
10, 8, 2
10, 8, 59
10, 10, 16
10, 13, 32
10, 17, 57
10, 27, 2
10, 28, 24
10, 29, 54
10, 32, 21
10, 64, 40
10, 65, 48
10, 69, 52
10, 73, 46
10, 74, 16
10, 79, 45
10, 84, 26
10, 89, 31
10, 91, 60
10, 94, 1
10, 94, 56
10, 97, 40
10, 108, 48
10, 111, 54
10, 115, 10
10, 116, 15
10, 133, 4
10, 143, 58
10, 144, 8
10, 145, 4
10, 151, 57
10, 156, 52
10, 160, 16
10, 163, 46
10, 166, 28
10, 170, 14
10, 170, 21
10, 176, 26
10, 202, 32
10, 210, 45
10, 212, 59
10, 218, 53
10, 228, 54
10, 242, 46
10, 244, 17
10, 257, 26
10, 259, 45
10, 265, 48
10, 271, 56
10, 274, 24
10, 274, 62
10, 277, 31
10, 278, 53
10, 294, 21
10, 296, 60
10, 303, 56
10, 308, 86
10, 312, 62
10, 314, 1
10, 323, 24
10, 324, 52
10, 327, 2
10, 327, 43
10, 334, 26
10, 337, 45
10, 346, 4
10, 355, 14
10, 362, 45
10, 362, 54
10, 364, 16
10, 378, 26
10, 379, 24
10, 384, 15
10, 387, 19
10, 388, 57
10, 391, 1
10, 399, 58
11, 7, 24
11, 11, 46
11, 14, 19
11, 29, 40
11, 31, 29
11, 33, 46
11, 47, 63
11, 54, 13
11, 65, 44
11, 75, 31
11, 76, 15
11, 79, 6
11, 83, 17
11, 87, 40
11, 93, 16
11, 102, 52
11, 103, 34
11, 103, 40
11, 108, 18
11, 117, 42
11, 124, 22
11, 125, 26
11, 132, 46
11, 136, 44
11, 138, 29
11, 141, 43
11, 142, 15
11, 144, 47
11, 156, 46
11, 162, 19
11, 176, 14
11, 182, 27
11, 183, 6
11, 184, 24
11, 189, 52
11, 197, 22
11, 201, 34
11, 211, 33
11, 211, 43
11, 212, 40
11, 216, 60
11, 218, 18
11, 220, 43
11, 228, 15
11, 228, 43
11, 230, 57
11, 232, 6
11, 232, 40
11, 248, 42
11, 249, 31
11, 249, 47
11, 252, 19
11, 256, 60
11, 257, 63
11, 260, 52
11, 270, 42
11, 286, 13
11, 287, 59
11, 290, 14
11, 297, 24
11, 306, 22
11, 315, 44
11, 322, 6
11, 328, 14
11, 328, 16
11, 328, 29
11, 328, 31
11, 332, 19
11, 345, 18
11, 349, 40
11, 351, 43
11, 353, 15
11, 354, 47
11, 355, 34
11, 361, 46
11, 379, 15
11, 381, 42
11, 398, 46
11, 399, 47
12, 18, 58
12, 22, 11
12, 23, 52
12, 25, 10
12, 26, 41
12, 27, 15
12, 30, 33
12, 41, 39
12, 43, 6
12, 60, 57
12, 71, 52
12, 84, 32
12, 85, 7
12, 90, 5
12, 101, 60
12, 103, 9
12, 107, 41
12, 110, 24
12, 121, 58
12, 127, 41
12, 134, 6
12, 136, 2
12, 140, 11
12, 143, 53
12, 144, 26
12, 160, 52
12, 165, 13
12, 165, 35
12, 187, 33
12, 198, 60
12, 204, 41
12, 206, 8
12, 206, 57
12, 215, 45
12, 220, 24
12, 223, 33
12, 243, 26
12, 245, 32
12, 247, 53
12, 249, 10
12, 255, 2
12, 259, 7
12, 261, 33
12, 263, 14
12, 278, 6
12, 280, 52
12, 281, 41
12, 290, 39
12, 298, 13
12, 308, 24
12, 311, 58
12, 317, 39
12, 324, 24
12, 327, 52
12, 331, 33
12, 332, 9
12, 341, 41
12, 354, 32
12, 359, 35
12, 361, 11
12, 368, 60
12, 370, 33
12, 375, 24
12, 375, 45
12, 375, 57
12, 379, 14
12, 384, 7
12, 385, 39
12, 389, 8
13, 8, 14
13, 8, 54
13, 13, 26
13, 14, 7
13, 29, 51
13, 30, 17
13, 33, 20
13, 34, 3
13, 36, 1
13, 36, 57
13, 46, 56
13, 50, 2
13, 54, 4
13, 54, 49
13, 56, 7
13, 66, 13
13, 75, 3
13, 76, 7
13, 84, 14
13, 94, 36
13, 106, 56
13, 111, 37
13, 113, 28
13, 124, 31
13, 126, 1
13, 130, 15
13, 133, 26
13, 140, 11
13, 159, 13
13, 164, 7
13, 172, 8
13, 174, 49
13, 177, 20
13, 183, 2
13, 229, 49
13, 237, 1
13, 242, 17
13, 244, 11
13, 253, 36
13, 261, 51
13, 264, 7
13, 280, 56
13, 281, 20
13, 282, 26
13, 292, 51
13, 295, 3
13, 297, 17
13, 299, 56
13, 301, 37
13, 310, 31
13, 319, 28
13, 321, 8
13, 323, 20
13, 327, 14
13, 344, 51
13, 349, 49
13, 359, 7
13, 363, 2
13, 365, 8
13, 377, 54
13, 388, 36
13, 396, 20
13, 396, 56
13, 397, 1
13, 398, 37
14, 10, 21
14, 14, 15
14, 15, 46
14, 18, 59
14, 19, 49
14, 21, 13
14, 29, 28
14, 33, 47
14, 34, 27
14, 35, 33
14, 37, 26
14, 45, 11
14, 57, 3
14, 68, 14
14, 69, 18
14, 72, 42
14, 78, 34
14, 78, 61
14, 83, 9
14, 87, 14
14, 89, 1
14, 95, 27
14, 97, 21
14, 97, 23
14, 102, 3
14, 105, 46
14, 109, 5
14, 109, 23
14, 109, 31
14, 116, 49
14, 124, 42
14, 127, 1
14, 142, 34
14, 144, 50
14, 144, 61
14, 149, 47
14, 151, 24
14, 155, 13
14, 155, 55
14, 157, 5
14, 170, 39
14, 171, 42
14, 176, 15
14, 176, 28
14, 179, 18
14, 180, 24
14, 188, 24
14, 194, 46
14, 194, 56
14, 198, 47
14, 201, 42
14, 212, 3
14, 217, 61
14, 219, 5
14, 219, 11
14, 229, 59
14, 231, 14
14, 240, 15
14, 252, 13
14, 265, 59
14, 275, 46
14, 275, 50
14, 276, 4
14, 284, 34
14, 300, 15
14, 307, 27
14, 309, 11
14, 314, 1
14, 321, 42
14, 328, 26
14, 329, 27
14, 341, 31
14, 341, 39
14, 343, 3
14, 344, 47
14, 345, 18
14, 346, 61
14, 348, 24
14, 349, 4
14, 352, 55
14, 353, 15
14, 361, 56
14, 362, 27
14, 365, 21
14, 367, 23
14, 370, 28
14, 371, 1
14, 372, 9
14, 384, 29
14, 392, 59
15, 20, 41
15, 22, 21
15, 36, 16
15, 36, 32
15, 39, 58
15, 65, 37
15, 66, 47
15, 67, 39
15, 70, 30
15, 84, 23
15, 86, 34
15, 87, 49
15, 90, 5
15, 91, 25
15, 110, 38
15, 117, 48
15, 134, 37
15, 141, 19
15, 146, 58
15, 151, 16
15, 152, 41
15, 155, 47
15, 159, 32
15, 185, 29
15, 202, 30
15, 208, 20
15, 221, 25
15, 225, 34
15, 229, 16
15, 230, 37
15, 232, 57
15, 233, 38
15, 240, 29
15, 244, 47
15, 247, 30
15, 253, 41
15, 262, 32
15, 272, 37
15, 272, 48
15, 274, 25
15, 280, 34
15, 283, 20
15, 288, 21
15, 288, 39
15, 294, 49
15, 299, 23
15, 304, 21
15, 308, 38
15, 317, 48
15, 319, 19
15, 324, 5
15, 347, 29
15, 353, 25
15, 354, 1
15, 356, 34
15, 358, 41
15, 361, 47
15, 364, 37
15, 369, 47
15, 379, 16
15, 380, 48
15, 389, 38
16, 8, 48
16, 13, 44
16, 14, 26
16, 19, 30
16, 26, 1
16, 31, 20
16, 36, 3
16, 44, 46
16, 49, 6
16, 50, 40
16, 55, 10
16, 55, 35
16, 60, 24
16, 80, 43
16, 85, 38
16, 89, 57
16, 98, 35
16, 100, 42
16, 104, 19
16, 112, 52
16, 119, 27
16, 124, 45
16, 125, 6
16, 141, 31
16, 144, 24
16, 145, 1
16, 152, 40
16, 161, 43
16, 163, 26
16, 176, 37
16, 178, 20
16, 179, 30
16, 180, 46
16, 188, 27
16, 190, 38
16, 191, 30
16, 193, 44
16, 198, 27
16, 210, 10
16, 215, 57
16, 219, 12
16, 220, 25
16, 220, 52
16, 237, 26
16, 252, 34
16, 261, 44
16, 267, 35
16, 272, 57
16, 276, 48
16, 277, 42
16, 279, 10
16, 279, 24
16, 288, 45
16, 294, 30
16, 303, 38
16, 304, 3
16, 309, 27
16, 310, 31
16, 330, 46
16, 340, 37
16, 341, 26
16, 353, 52
16, 353, 57
16, 361, 12
16, 371, 24
16, 373, 34
16, 384, 40
16, 386, 6
16, 388, 1
16, 390, 19
16, 391, 35
16, 397, 45
17, 5, 5
17, 14, 62
17, 27, 35
17, 36, 30
17, 37, 22
17, 41, 11
17, 42, 19
17, 42, 26
17, 42, 42
17, 48, 12
17, 49, 10
17, 53, 47
17, 68, 45
17, 73, 26
17, 78, 19
17, 79, 5
17, 85, 59
17, 89, 25
17, 92, 17
17, 100, 9
17, 100, 39
17, 105, 1
17, 108, 45
17, 109, 3
17, 112, 16
17, 119, 7
17, 122, 11
17, 135, 5
17, 138, 56
17, 144, 5
17, 147, 12
17, 168, 24
17, 169, 22
17, 177, 19
17, 190, 18
17, 202, 62
17, 204, 42
17, 206, 25
17, 208, 39
17, 212, 45
17, 226, 9
17, 228, 39
17, 236, 47
17, 238, 10
17, 239, 17
17, 246, 59
17, 247, 3
17, 264, 12
17, 266, 22
17, 268, 56
17, 274, 47
17, 285, 5
17, 285, 35
17, 292, 62
17, 300, 1
17, 306, 5
17, 311, 3
17, 318, 31
17, 331, 30
17, 332, 45
17, 344, 50
17, 349, 10
17, 354, 59
17, 358, 7
17, 360, 56
17, 370, 42
17, 372, 2
17, 372, 62
17, 373, 1
17, 385, 16
17, 386, 5
17, 386, 11
18, 2, 32
18, 3, 49
18, 6, 45
18, 7, 40
18, 10, 32
18, 13, 19
18, 17, 9
18, 17, 30
18, 22, 28
18, 24, 48
18, 27, 56
18, 44, 40
18, 49, 31
18, 68, 56
18, 72, 30
18, 76, 14
18, 76, 45
18, 79, 39
18, 80, 25
18, 89, 55
18, 95, 62
18, 110, 8
18, 127, 37
18, 128, 23
18, 129, 44
18, 129, 49
18, 131, 18
18, 139, 40
18, 142, 46
18, 155, 48
18, 162, 45
18, 167, 32
18, 168, 52
18, 176, 19
18, 178, 39
18, 181, 54
18, 187, 37
18, 191, 56
18, 196, 7
18, 196, 20
18, 208, 58
18, 218, 49
18, 219, 18
18, 223, 62
18, 224, 18
18, 228, 28
18, 236, 19
18, 238, 9
18, 249, 32
18, 250, 44
18, 253, 14
18, 259, 31
18, 265, 8
18, 268, 30
18, 272, 19
18, 283, 7
18, 289, 15
18, 298, 15
18, 304, 46
18, 308, 25
18, 311, 9
18, 311, 52
18, 317, 5
18, 317, 28
18, 318, 20
18, 325, 45
18, 326, 55
18, 330, 40
18, 330, 54
18, 332, 18
18, 335, 8
18, 340, 18
18, 340, 46
18, 341, 62
18, 346, 15
18, 346, 40
18, 361, 58
18, 365, 46
18, 370, 49
18, 371, 37
18, 371, 44
18, 378, 9
18, 384, 19
18, 384, 30
18, 395, 31
18, 398, 30
19, 4, 33
19, 19, 32
19, 41, 41
19, 44, 10
19, 50, 60
19, 51, 3
19, 56, 15
19, 60, 27
19, 60, 50
19, 62, 21
19, 65, 23
19, 66, 56
19, 76, 59
19, 77, 29
19, 85, 5
19, 88, 36
19, 88, 53
19, 89, 34
19, 90, 62
19, 95, 45
19, 95, 59
19, 103, 48
19, 108, 34
19, 111, 28
19, 115, 16
19, 117, 56
19, 127, 10
19, 148, 41
19, 149, 14
19, 150, 27
19, 151, 51
19, 156, 33
19, 161, 23
19, 161, 28
19, 165, 13
19, 170, 21
19, 174, 58
19, 181, 60
19, 182, 15
19, 198, 48
19, 202, 15
19, 214, 32
19, 216, 3
19, 216, 27
19, 225, 13
19, 228, 45
19, 244, 10
19, 244, 29
19, 248, 21
19, 258, 48
19, 259, 16
19, 260, 53
19, 261, 15
19, 273, 36
19, 273, 62
19, 275, 10
19, 298, 59
19, 299, 23
19, 302, 50
19, 304, 28
19, 305, 5
19, 309, 45
19, 314, 21
19, 314, 50
19, 316, 34
19, 325, 11
19, 325, 48
19, 326, 41
19, 329, 29
19, 331, 13
19, 333, 27
19, 335, 56
19, 336, 36
19, 337, 15
19, 342, 47
19, 351, 10
19, 358, 23
19, 358, 30
19, 364, 33
19, 367, 51
19, 371, 58
19, 377, 53
19, 379, 21
19, 384, 41
19, 387, 50
19, 388, 60
19, 389, 14
19, 393, 11
