1, 4, 51
1, 5, 27
1, 6, 38
1, 16, 11
1, 23, 2
1, 25, 7
1, 34, 25
1, 42, 49
1, 45, 32
1, 48, 47
1, 52, 10
1, 52, 38
1, 56, 30
1, 57, 28
1, 60, 23
1, 64, 15
1, 70, 27
1, 75, 19
1, 77, 34
1, 79, 51
1, 82, 49
1, 93, 2
1, 96, 25
1, 99, 2
1, 104, 41
1, 106, 43
1, 107, 49
1, 110, 3
1, 116, 18
1, 117, 29
1, 117, 47
1, 119, 30
1, 120, 28
1, 123, 25
1, 137, 25
1, 140, 53
1, 141, 11
1, 145, 9
1, 146, 14
1, 148, 13
1, 154, 48
1, 165, 43
1, 166, 38
1, 174, 61
1, 184, 18
1, 186, 41
1, 193, 15
1, 200, 15
1, 202, 51
1, 208, 7
1, 223, 7
1, 225, 25
1, 227, 48
1, 232, 32
1, 234, 11
1, 235, 10
1, 242, 38
1, 244, 27
1, 252, 43
1, 265, 19
1, 278, 23
1, 281, 14
1, 287, 34
1, 290, 28
1, 294, 3
1, 302, 7
1, 303, 38
1, 304, 25
1, 307, 2
1, 307, 32
1, 311, 49
1, 322, 13
1, 322, 53
1, 326, 30
1, 329, 27
1, 334, 23
1, 335, 9
1, 337, 7
1, 348, 5
1, 352, 11
1, 352, 43
1, 353, 41
1, 357, 18
1, 361, 48
1, 385, 28
2, 4, 11
2, 7, 42
2, 11, 14
2, 11, 28
2, 11, 40
2, 14, 31
2, 14, 32
2, 16, 58
2, 26, 22
2, 30, 35
2, 32, 25
2, 38, 37
2, 40, 3
2, 41, 15
2, 49, 19
2, 57, 33
2, 59, 17
2, 63, 32
2, 65, 29
2, 66, 34
2, 66, 58
2, 68, 41
2, 73, 46
2, 85, 32
2, 86, 10
2, 88, 28
2, 91, 54
2, 93, 11
2, 93, 16
2, 94, 25
2, 94, 55
2, 97, 17
2, 107, 16
2, 117, 21
2, 124, 3
2, 132, 14
2, 137, 12
2, 140, 3
2, 143, 33
2, 145, 25
2, 150, 37
2, 151, 11
2, 154, 15
2, 155, 46
2, 157, 13
2, 159, 25
2, 167, 35
2, 171, 34
2, 173, 40
2, 175, 17
2, 175, 54
2, 177, 47
2, 184, 42
2, 185, 14
2, 188, 19
2, 189, 34
2, 199, 40
2, 201, 16
2, 205, 29
2, 207, 16
2, 209, 12
2, 209, 39
2, 213, 28
2, 214, 22
2, 217, 46
2, 221, 37
2, 222, 10
2, 222, 15
2, 226, 47
2, 235, 34
2, 242, 35
2, 242, 40
2, 245, 17
2, 250, 35
2, 252, 49
2, 253, 13
2, 256, 34
2, 257, 41
2, 258, 3
2, 258, 58
2, 262, 19
2, 271, 39
2, 275, 16
2, 278, 25
2, 284, 31
2, 286, 3
2, 286, 33
2, 290, 32
2, 291, 11
2, 291, 22
2, 291, 55
2, 292, 45
2, 297, 17
2, 307, 58
2, 323, 37
2, 324, 28
2, 338, 3
2, 341, 15
2, 342, 21
2, 346, 29
2, 348, 17
2, 350, 32
2, 354, 54
2, 366, 42
2, 370, 13
2, 371, 34
2, 373, 45
2, 380, 14
2, 382, 35
2, 384, 49
2, 385, 12
2, 386, 32
2, 388, 31
2, 392, 11
2, 395, 17
3, 1, 26
3, 4, 31
3, 12, 60
3, 13, 10
3, 14, 41
3, 17, 23
3, 21, 18
3, 21, 52
3, 23, 46
3, 25, 12
3, 26, 15
3, 29, 57
3, 34, 35
3, 39, 44
3, 40, 13
3, 41, 4
3, 47, 61
3, 48, 33
3, 57, 12
3, 60, 46
3, 62, 51
3, 67, 19
3, 70, 59
3, 78, 10
3, 80, 5
3, 86, 21
3, 90, 43
3, 99, 39
3, 105, 32
3, 110, 35
3, 115, 2
3, 117, 13
3, 119, 7
3, 122, 39
3, 127, 24
3, 128, 50
3, 129, 26
3, 130, 45
3, 133, 42
3, 135, 33
3, 136, 22
3, 144, 52
3, 145, 47
3, 151, 15
3, 152, 21
3, 154, 35
3, 155, 56
3, 170, 53
3, 176, 24
3, 176, 46
3, 183, 36
3, 185, 4
3, 187, 44
3, 189, 31
3, 189, 60
3, 199, 20
3, 203, 61
3, 213, 12
3, 214, 57
3, 218, 39
3, 224, 39
3, 224, 50
3, 232, 26
3, 238, 43
3, 238, 45
3, 239, 23
3, 243, 29
3, 247, 44
3, 250, 7
3, 263, 43
3, 265, 46
3, 265, 52
3, 266, 15
3, 269, 47
3, 270, 32
3, 272, 22
3, 276, 20
3, 277, 51
3, 282, 52
3, 285, 5
3, 289, 21
3, 289, 45
3, 291, 26
3, 291, 41
3, 292, 4
3, 301, 42
3, 302, 60
3, 305, 46
3, 315, 59
3, 323, 13
3, 323, 33
3, 329, 39
3, 333, 54
3, 337, 2
3, 339, 23
3, 339, 31
3, 341, 20
3, 344, 53
3, 347, 61
3, 348, 10
3, 356, 56
3, 361, 36
3, 361, 50
3, 364, 47
3, 379, 43
3, 380, 15
3, 384, 57
3, 387, 21
3, 388, 38
3, 388, 41
3, 393, 49
3, 397, 29
3, 399, 26
4, 1, 9
4, 3, 34
4, 6, 23
4, 8, 6
4, 18, 36
4, 23, 41
4, 24, 23
4, 40, 39
4, 42, 18
4, 47, 15
4, 54, 5
4, 63, 33
4, 65, 54
4, 73, 50
4, 74, 20
4, 74, 41
4, 80, 31
4, 101, 4
4, 104, 46
4, 109, 7
4, 112, 54
4, 119, 33
4, 134, 36
4, 135, 37
4, 140, 5
4, 143, 14
4, 158, 27
4, 158, 34
4, 161, 23
4, 165, 20
4, 169, 20
4, 169, 33
4, 169, 50
4, 171, 44
4, 175, 8
4, 179, 22
4, 188, 29
4, 189, 46
4, 192, 15
4, 197, 33
4, 206, 36
4, 208, 31
4, 208, 39
4, 211, 23
4, 212, 20
4, 216, 41
4, 219, 37
4, 225, 20
4, 230, 12
4, 235, 54
4, 246, 54
4, 257, 29
4, 258, 14
4, 260, 44
4, 265, 68
4, 266, 22
4, 266, 52
4, 268, 23
4, 269, 9
4, 271, 27
4, 271, 34
4, 278, 34
4, 279, 37
4, 282, 41
4, 282, 50
4, 288, 29
4, 292, 18
4, 293, 5
4, 299, 15
4, 302, 8
4, 302, 36
4, 304, 6
4, 310, 24
4, 315, 52
4, 339, 20
4, 341, 46
4, 345, 50
4, 348, 4
4, 355, 19
4, 360, 33
4, 361, 14
4, 362, 31
4, 368, 14
4, 373, 24
4, 374, 36
4, 376, 44
4, 386, 49
4, 387, 5
4, 398, 29
4, 399, 34
5, 6, 50
5, 8, 54
5, 18, 6
5, 23, 49
5, 25, 56
5, 26, 13
5, 26, 29
5, 28, 20
5, 28, 42
5, 30, 37
5, 34, 25
5, 35, 37
5, 36, 21
5, 43, 40
5, 48, 23
5, 51, 53
5, 60, 44
5, 62, 13
5, 65, 59
5, 74, 3
5, 78, 16
5, 79, 24
5, 85, 44
5, 86, 11
5, 87, 50
5, 88, 14
5, 92, 49
5, 93, 28
5, 96, 32
5, 100, 13
5, 100, 20
5, 101, 44
5, 105, 45
5, 111, 19
5, 115, 38
5, 121, 6
5, 126, 47
5, 133, 17
5, 133, 37
5, 135, 28
5, 139, 13
5, 139, 27
5, 145, 6
5, 157, 11
5, 159, 16
5, 161, 50
5, 163, 42
5, 163, 56
5, 166, 40
5, 167, 25
5, 168, 53
5, 170, 56
5, 177, 53
5, 179, 38
5, 181, 42
5, 190, 23
5, 191, 54
5, 192, 37
5, 192, 47
5, 202, 47
5, 205, 56
5, 207, 27
5, 207, 28
5, 207, 40
5, 208, 29
5, 213, 40
5, 217, 16
5, 218, 44
5, 220, 48
5, 231, 27
5, 239, 37
5, 243, 3
5, 247, 21
5, 253, 17
5, 258, 21
5, 258, 49
5, 262, 32
5, 269, 50
5, 275, 19
5, 288, 25
5, 291, 47
5, 293, 19
5, 295, 13
5, 298, 16
5, 299, 44
5, 300, 49
5, 302, 38
5, 304, 20
5, 310, 6
5, 311, 11
5, 312, 27
5, 313, 23
5, 315, 14
5, 316, 16
5, 316, 50
5, 322, 14
5, 325, 56
5, 328, 42
5, 331, 54
5, 337, 47
5, 340, 50
5, 341, 28
5, 345, 35
5, 346, 19
5, 348, 40
5, 349, 37
5, 356, 59
5, 362, 17
5, 364, 53
5, 367, 25
5, 370, 3
5, 374, 32
5, 374, 38
5, 382, 48
5, 393, 49
5, 394, 6
6, 1, 8
6, 9, 22
6, 13, 39
6, 15, 18
6, 16, 29
6, 18, 11
6, 20, 48
6, 22, 14
6, 28, 1
6, 31, 48
6, 32, 37
6, 33, 38
6, 36, 10
6, 40, 12
6, 43, 7
6, 44, 37
6, 64, 32
6, 75, 54
6, 77, 11
6, 80, 10
6, 80, 44
6, 84, 9
6, 89, 42
6, 91, 14
6, 92, 4
6, 92, 5
6, 96, 7
6, 96, 18
6, 104, 12
6, 106, 38
6, 110, 8
6, 111, 45
6, 114, 25
6, 115, 46
6, 117, 18
6, 126, 29
6, 127, 20
6, 139, 2
6, 139, 50
6, 142, 21
6, 145, 39
6, 152, 47
6, 153, 43
6, 154, 26
6, 159, 32
6, 160, 44
6, 161, 37
6, 176, 11
6, 177, 51
6, 180, 34
6, 194, 38
6, 204, 40
6, 207, 48
6, 210, 31
6, 211, 22
6, 218, 38
6, 220, 12
6, 221, 42
6, 224, 20
6, 226, 35
6, 228, 50
6, 229, 46
6, 231, 46
6, 232, 47
6, 236, 18
6, 238, 44
6, 239, 25
6, 244, 44
6, 246, 10
6, 248, 29
6, 265, 7
6, 268, 5
6, 270, 14
6, 276, 40
6, 277, 9
6, 289, 32
6, 301, 42
6, 308, 9
6, 309, 54
6, 310, 34
6, 316, 12
6, 322, 26
6, 322, 67
6, 324, 43
6, 326, 8
6, 328, 18
6, 328, 33
6, 331, 37
6, 333, 4
6, 337, 29
6, 337, 47
6, 347, 22
6, 348, 39
6, 349, 7
6, 353, 2
6, 356, 31
6, 357, 38
6, 357, 51
6, 359, 1
6, 359, 46
6, 362, 35
6, 364, 32
6, 369, 4
6, 370, 40
6, 371, 50
6, 376, 42
6, 381, 11
6, 385, 21
6, 387, 9
6, 391, 45
6, 393, 61
6, 394, 44
6, 395, 25
7, 2, 19
7, 5, 54
7, 8, 36
7, 8, 47
7, 14, 41
7, 14, 44
7, 16, 29
7, 18, 4
7, 23, 30
7, 26, 48
7, 31, 2
7, 33, 43
7, 34, 7
7, 39, 33
7, 45, 32
7, 45, 57
7, 56, 8
7, 57, 23
7, 60, 16
7, 62, 13
7, 67, 1
7, 68, 27
7, 77, 21
7, 82, 35
7, 83, 39
7, 86, 5
7, 86, 12
7, 87, 59
7, 90, 18
7, 93, 10
7, 103, 33
7, 106, 19
7, 108, 23
7, 109, 9
7, 110, 53
7, 113, 50
7, 114, 11
7, 128, 47
7, 129, 41
7, 131, 53
7, 136, 30
7, 136, 43
7, 137, 4
7, 138, 40
7, 140, 9
7, 142, 40
7, 142, 50
7, 145, 42
7, 150, 32
7, 150, 48
7, 157, 6
7, 158, 7
7, 158, 31
7, 164, 16
7, 187, 29
7, 190, 47
7, 192, 19
7, 195, 18
7, 195, 28
7, 197, 57
7, 210, 30
7, 210, 51
7, 227, 35
7, 233, 11
7, 235, 44
7, 246, 27
7, 246, 39
7, 249, 2
7, 252, 33
7, 252, 42
7, 263, 13
7, 264, 43
7, 273, 23
7, 274, 18
7, 275, 7
7, 276, 41
7, 288, 10
7, 290, 30
7, 294, 12
7, 294, 57
7, 297, 53
7, 304, 40
7, 308, 4
7, 308, 50
7, 309, 1
7, 309, 8
7, 309, 21
7, 313, 36
7, 314, 50
7, 316, 18
7, 317, 42
7, 320, 16
7, 326, 51
7, 328, 4
7, 330, 13
7, 337, 32
7, 338, 27
7, 345, 19
7, 357, 41
7, 360, 11
7, 362, 59
7, 367, 28
7, 367, 35
7, 369, 47
7, 370, 4
7, 379, 21
7, 381, 30
7, 384, 50
7, 390, 6
7, 390, 8
7, 391, 7
7, 392, 9
7, 392, 29
7, 393, 51
7, 394, 2
8, 2, 1
8, 2, 28
8, 6, 40
8, 6, 45
8, 8, 56
8, 14, 7
8, 16, 55
8, 27, 45
8, 33, 39
8, 33, 48
8, 36, 22
8, 44, 50
8, 45, 17
8, 46, 5
8, 50, 33
8, 64, 42
8, 65, 13
8, 65, 52
8, 67, 40
8, 69, 43
8, 73, 34
8, 76, 57
8, 92, 28
8, 101, 36
8, 103, 30
8, 103, 37
8, 109, 7
8, 113, 24
8, 119, 26
8, 120, 22
8, 131, 9
8, 134, 20
8, 136, 39
8, 139, 13
8, 140, 46
8, 144, 13
8, 145, 38
8, 147, 56
8, 156, 54
8, 173, 22
8, 178, 43
8, 179, 16
8, 191, 48
8, 193, 34
8, 202, 62
8, 207, 33
8, 208, 36
8, 216, 20
8, 217, 46
8, 228, 30
8, 234, 55
8, 235, 24
8, 236, 37
8, 238, 50
8, 239, 28
8, 242, 50
8, 245, 40
8, 247, 1
8, 249, 52
8, 250, 37
8, 251, 62
8, 255, 26
8, 265, 30
8, 265, 52
8, 268, 5
8, 277, 5
8, 277, 20
8, 279, 28
8, 283, 34
8, 283, 45
8, 283, 53
8, 288, 13
8, 289, 46
8, 297, 57
8, 301, 43
8, 303, 50
8, 310, 26
8, 312, 48
8, 315, 1
8, 316, 56
8, 317, 48
8, 318, 9
8, 330, 53
8, 332, 7
8, 333, 52
8, 336, 39
8, 346, 11
8, 346, 62
8, 347, 52
8, 349, 13
8, 349, 34
8, 358, 48
8, 360, 54
8, 361, 24
8, 365, 55
8, 375, 16
8, 375, 50
8, 376, 28
8, 382, 37
8, 385, 17
8, 385, 55
8, 388, 53
8, 390, 20
8, 391, 40
8, 391, 43
8, 394, 22
8, 399, 24
9, 2, 12
9, 11, 16
9, 13, 6
9, 20, 38
9, 21, 49
9, 23, 15
9, 25, 56
9, 28, 31
9, 31, 29
9, 31, 31
9, 32, 46
9, 48, 5
9, 50, 18
9, 50, 50
9, 59, 25
9, 60, 35
9, 65, 14
9, 66, 43
9, 78, 34
9, 81, 44
9, 86, 6
9, 96, 35
9, 98, 27
9, 99, 55
9, 101, 18
9, 106, 45
9, 108, 38
9, 117, 40
9, 120, 12
9, 120, 53
9, 135, 20
9, 136, 41
9, 140, 22
9, 144, 1
9, 144, 46
9, 146, 17
9, 158, 43
9, 161, 15
9, 165, 25
9, 172, 40
9, 172, 47
9, 179, 14
9, 181, 31
9, 189, 19
9, 193, 61
9, 203, 12
9, 207, 49
9, 221, 16
9, 222, 9
9, 222, 44
9, 223, 53
9, 226, 31
9, 237, 35
9, 237, 43
9, 244, 20
9, 256, 53
9, 257, 56
9, 262, 5
9, 267, 35
9, 270, 55
9, 280, 34
9, 283, 6
9, 285, 27
9, 289, 45
9, 293, 12
9, 293, 25
9, 298, 31
9, 305, 40
9, 306, 22
9, 307, 44
9, 311, 19
9, 320, 38
9, 323, 15
9, 326, 17
9, 332, 46
9, 334, 50
9, 335, 29
9, 335, 47
9, 339, 44
9, 345, 15
9, 345, 22
9, 345, 47
9, 362, 34
9, 365, 18
9, 369, 6
9, 371, 49
9, 375, 43
9, 379, 25
9, 380, 61
9, 381, 44
9, 383, 14
9, 393, 35
9, 394, 14
9, 395, 47
9, 396, 20
9, 398, 9
9, 398, 16
10, 15, 52
10, 17, 8
10, 18, 18
10, 24, 29
10, 27, 7
10, 29, 15
10, 32, 28
10, 33, 22
10, 35, 25
10, 48, 35
10, 49, 9
10, 50, 10
10, 52, 60
10, 55, 49
10, 57, 30
10, 57, 32
10, 65, 56
10, 66, 47
10, 69, 21
10, 70, 17
10, 71, 37
10, 75, 31
10, 78, 14
10, 78, 15
10, 86, 52
10, 87, 3
10, 87, 22
10, 99, 7
10, 103, 11
10, 103, 19
10, 104, 35
10, 107, 24
10, 113, 41
10, 113, 45
10, 116, 10
10, 117, 5
10, 117, 8
10, 117, 26
10, 125, 7
10, 133, 22
10, 142, 9
10, 148, 58
10, 152, 26
10, 155, 37
10, 164, 24
10, 165, 35
10, 168, 23
10, 168, 60
10, 171, 22
10, 175, 28
10, 180, 21
10, 180, 49
10, 182, 23
10, 186, 14
10, 187, 28
10, 191, 27
10, 197, 35
10, 199, 17
10, 199, 47
10, 213, 15
10, 216, 56
10, 217, 50
10, 218, 25
10, 218, 30
10, 223, 15
10, 223, 58
10, 235, 31
10, 238, 14
10, 243, 31
10, 256, 8
10, 265, 18
10, 271, 26
10, 274, 30
10, 275, 22
10, 275, 60
10, 279, 45
10, 282, 29
10, 284, 56
10, 286, 19
10, 287, 21
10, 289, 37
10, 294, 27
10, 296, 32
10, 298, 52
10, 300, 46
10, 301, 11
10, 301, 19
10, 307, 23
10, 314, 35
10, 321, 17
10, 325, 28
10, 325, 29
10, 325, 39
10, 330, 24
10, 331, 7
10, 332, 24
10, 341, 56
10, 343, 5
10, 347, 17
10, 347, 26
10, 355, 41
10, 361, 3
10, 370, 9
10, 376, 15
10, 378, 18
10, 379, 22
10, 380, 31
10, 386, 19
10, 389, 50
10, 389, 58
10, 394, 27
10, 399, 5
11, 1, 42
11, 2, 31
11, 3, 11
11, 5, 1
11, 13, 48
11, 20, 34
11, 23, 50
11, 24, 25
11, 26, 2
11, 27, 27
11, 37, 11
11, 37, 45
11, 38, 9
11, 39, 12
11, 41, 19
11, 54, 16
11, 60, 54
11, 61, 34
11, 63, 37
11, 64, 6
11, 65, 36
11, 68, 19
11, 73, 38
11, 74, 13
11, 76, 44
11, 80, 59
11, 82, 11
11, 94, 2
11, 103, 31
11, 103, 48
11, 109, 53
11, 111, 25
11, 115, 56
11, 116, 6
11, 118, 45
11, 118, 50
11, 120, 9
11, 122, 48
11, 123, 3
11, 125, 15
11, 126, 1
11, 142, 6
11, 143, 8
11, 143, 14
11, 145, 33
11, 149, 28
11, 152, 1
11, 152, 54
11, 156, 18
11, 162, 51
11, 166, 44
11, 167, 21
11, 172, 52
11, 178, 16
11, 180, 7
11, 180, 48
11, 181, 37
11, 182, 16
11, 182, 36
11, 186, 25
11, 186, 38
11, 188, 19
11, 199, 40
11, 205, 7
11, 205, 33
11, 211, 42
11, 217, 48
11, 217, 59
11, 219, 42
11, 224, 27
11, 225, 15
11, 233, 37
11, 235, 19
11, 243, 18
11, 263, 21
11, 269, 11
11, 271, 34
11, 273, 40
11, 274, 12
11, 277, 9
11, 280, 15
11, 280, 27
11, 282, 28
11, 285, 53
11, 288, 6
11, 288, 51
11, 289, 31
11, 290, 36
11, 303, 25
11, 314, 27
11, 323, 14
11, 326, 15
11, 327, 8
11, 331, 21
11, 338, 1
11, 341, 9
11, 341, 25
11, 341, 33
11, 349, 54
11, 358, 40
11, 362, 16
11, 365, 38
11, 366, 24
11, 366, 48
11, 368, 21
11, 371, 36
11, 373, 53
11, 375, 45
11, 377, 19
11, 379, 28
11, 380, 52
11, 386, 7
11, 386, 42
11, 395, 34
11, 397, 6
12, 8, 14
12, 33, 34
12, 42, 13
12, 45, 33
12, 51, 20
12, 51, 53
12, 54, 12
12, 59, 6
12, 65, 29
12, 66, 32
12, 71, 24
12, 74, 14
12, 74, 60
12, 78, 3
12, 81, 52
12, 87, 56
12, 88, 27
12, 90, 11
12, 94, 50
12, 95, 2
12, 100, 31
12, 115, 26
12, 120, 54
12, 126, 33
12, 131, 22
12, 133, 39
12, 151, 39
12, 154, 29
12, 171, 32
12, 173, 13
12, 178, 12
12, 181, 46
12, 206, 27
12, 207, 29
12, 210, 39
12, 211, 20
12, 219, 30
12, 227, 39
12, 235, 32
12, 238, 11
12, 257, 14
12, 263, 31
12, 264, 49
12, 264, 53
12, 269, 53
12, 272, 56
12, 273, 29
12, 281, 22
12, 283, 32
12, 283, 60
12, 287, 24
12, 291, 15
12, 294, 27
12, 295, 50
12, 296, 33
12, 297, 12
12, 305, 2
12, 316, 39
12, 331, 32
12, 335, 20
12, 344, 3
12, 355, 30
12, 357, 56
12, 359, 30
12, 361, 22
12, 363, 46
12, 368, 33
12, 380, 60
12, 392, 54
12, 397, 3
12, 399, 20
13, 3, 28
13, 6, 47
13, 8, 37
13, 9, 22
13, 9, 46
13, 14, 2
13, 26, 43
13, 32, 8
13, 34, 42
13, 35, 40
13, 47, 51
13, 53, 26
13, 54, 3
13, 59, 12
13, 63, 3
13, 72, 33
13, 73, 24
13, 73, 36
13, 75, 39
13, 90, 23
13, 92, 36
13, 94, 18
13, 97, 1
13, 100, 8
13, 102, 8
13, 102, 40
13, 103, 48
13, 105, 4
13, 107, 10
13, 113, 42
13, 122, 5
13, 124, 22
13, 125, 26
13, 127, 11
13, 129, 46
13, 130, 10
13, 130, 53
13, 132, 45
13, 139, 28
13, 142, 55
13, 145, 53
13, 148, 14
13, 148, 49
13, 148, 51
13, 150, 22
13, 156, 43
13, 161, 54
13, 168, 40
13, 175, 24
13, 186, 26
13, 192, 43
13, 194, 47
13, 197, 18
13, 197, 48
13, 199, 38
13, 208, 36
13, 208, 51
13, 223, 37
13, 240, 55
13, 242, 42
13, 244, 26
13, 247, 4
13, 250, 5
13, 255, 14
13, 255, 45
13, 258, 11
13, 259, 51
13, 262, 2
13, 267, 33
13, 276, 40
13, 282, 14
13, 282, 59
13, 284, 12
13, 284, 39
13, 285, 43
13, 302, 23
13, 306, 69
13, 307, 37
13, 309, 47
13, 313, 22
13, 315, 54
13, 316, 3
13, 323, 43
13, 325, 10
13, 326, 38
13, 327, 5
13, 331, 2
13, 331, 53
13, 338, 24
13, 340, 36
13, 346, 18
13, 349, 39
13, 353, 11
13, 357, 48
13, 360, 26
13, 364, 1
13, 365, 38
13, 366, 2
13, 368, 55
13, 375, 54
13, 376, 37
13, 377, 12
13, 380, 43
13, 381, 10
13, 382, 39
13, 383, 40
13, 387, 49
13, 390, 47
13, 391, 4
13, 393, 18
13, 394, 36
13, 395, 2
14, 1, 15
14, 3, 31
14, 7, 9
14, 10, 58
14, 13, 13
14, 14, 18
14, 19, 10
14, 19, 19
14, 25, 46
14, 28, 6
14, 34, 33
14, 36, 24
14, 37, 31
14, 40, 53
14, 43, 11
14, 43, 17
14, 47, 44
14, 50, 22
14, 51, 19
14, 53, 23
14, 58, 46
14, 60, 29
14, 61, 51
14, 63, 9
14, 66, 7
14, 73, 52
14, 75, 2
14, 79, 21
14, 88, 42
14, 90, 47
14, 93, 50
14, 93, 55
14, 96, 54
14, 100, 50
14, 103, 31
14, 107, 18
14, 107, 29
14, 111, 15
14, 113, 1
14, 115, 45
14, 122, 29
14, 123, 4
14, 126, 12
14, 129, 53
14, 130, 33
14, 130, 40
14, 132, 2
14, 138, 53
14, 139, 9
14, 144, 27
14, 146, 31
14, 155, 55
14, 156, 31
14, 157, 12
14, 158, 11
14, 160, 19
14, 164, 17
14, 165, 46
14, 166, 50
14, 169, 7
14, 171, 52
14, 176, 38
14, 182, 19
14, 183, 42
14, 184, 13
14, 187, 44
14, 191, 23
14, 195, 26
14, 196, 51
14, 209, 31
14, 216, 17
14, 216, 44
14, 216, 62
14, 219, 10
14, 224, 39
14, 225, 54
14, 227, 22
14, 229, 53
14, 235, 45
14, 241, 29
14, 253, 42
14, 255, 27
14, 255, 58
14, 256, 15
14, 258, 23
14, 259, 31
14, 262, 33
14, 269, 46
14, 270, 24
14, 277, 1
14, 277, 44
14, 287, 18
14, 288, 52
14, 293, 51
14, 294, 15
14, 295, 19
14, 300, 12
14, 301, 12
14, 305, 17
14, 318, 26
14, 319, 21
14, 320, 40
14, 321, 4
14, 326, 47
14, 330, 7
14, 335, 11
14, 337, 6
14, 337, 22
14, 342, 27
14, 344, 31
14, 344, 45
14, 345, 2
14, 346, 45
14, 350, 26
14, 350, 62
14, 353, 39
14, 354, 53
14, 356, 29
14, 357, 46
14, 362, 54
14, 373, 13
14, 373, 47
14, 375, 42
14, 376, 2
14, 376, 15
14, 385, 1
15, 3, 39
15, 11, 47
15, 14, 33
15, 16, 26
15, 21, 23
15, 23, 17
15, 23, 29
15, 25, 5
15, 25, 34
15, 28, 18
15, 28, 38
15, 28, 48
15, 31, 10
15, 33, 1
15, 34, 17
15, 37, 11
15, 38, 22
15, 65, 46
15, 66, 56
15, 70, 11
15, 79, 47
15, 83, 7
15, 86, 31
15, 92, 26
15, 102, 1
15, 103, 22
15, 104, 55
15, 106, 13
15, 116, 10
15, 116, 20
15, 126, 36
15, 128, 6
15, 130, 23
15, 132, 48
15, 133, 37
15, 134, 4
15, 135, 1
15, 138, 11
15, 139, 34
15, 150, 10
15, 150, 49
15, 155, 38
15, 158, 47
15, 165, 32
15, 167, 53
15, 173, 17
15, 175, 29
15, 182, 38
15, 188, 33
15, 189, 24
15, 190, 32
15, 190, 36
15, 191, 26
15, 211, 11
15, 219, 38
15, 223, 48
15, 227, 56
15, 228, 22
15, 231, 16
15, 243, 33
15, 246, 18
15, 248, 23
15, 256, 39
15, 258, 53
15, 259, 11
15, 260, 34
15, 271, 20
15, 277, 16
15, 278, 5
15, 279, 21
15, 282, 36
15, 282, 47
15, 295, 56
15, 300, 4
15, 305, 31
15, 305, 37
15, 306, 10
15, 313, 33
15, 318, 13
15, 320, 18
15, 320, 24
15, 321, 29
15, 321, 55
15, 324, 6
15, 325, 46
15, 327, 22
15, 332, 23
15, 332, 32
15, 335, 39
15, 345, 20
15, 348, 16
15, 349, 33
15, 349, 47
15, 357, 11
15, 359, 29
15, 360, 34
15, 361, 55
15, 362, 38
15, 366, 23
15, 367, 11
15, 375, 55
15, 378, 33
15, 378, 53
15, 390, 18
15, 396, 37
16, 2, 17
16, 6, 3
16, 9, 27
16, 10, 44
16, 22, 14
16, 25, 41
16, 37, 54
16, 46, 14
16, 49, 1
16, 50, 50
16, 53, 39
16, 60, 19
16, 60, 44
16, 62, 25
16, 62, 36
16, 65, 30
16, 67, 21
16, 73, 9
16, 75, 33
16, 79, 4
16, 82, 34
16, 90, 58
16, 93, 6
16, 93, 32
16, 107, 27
16, 111, 5
16, 120, 30
16, 120, 44
16, 127, 18
16, 131, 21
16, 140, 1
16, 146, 9
16, 153, 3
16, 154, 13
16, 156, 49
16, 162, 40
16, 166, 17
16, 166, 43
16, 174, 39
16, 175, 18
16, 189, 34
16, 192, 41
16, 193, 54
16, 201, 33
16, 202, 41
16, 205, 6
16, 207, 32
16, 222, 36
16, 225, 21
16, 225, 55
16, 228, 48
16, 231, 17
16, 238, 48
16, 240, 36
16, 246, 44
16, 254, 4
16, 261, 9
16, 264, 58
16, 265, 21
16, 267, 30
16, 268, 41
16, 270, 18
16, 273, 1
16, 273, 50
16, 275, 2
16, 276, 14
16, 289, 48
16, 291, 51
16, 293, 33
16, 295, 12
16, 297, 50
16, 298, 5
16, 298, 36
16, 299, 22
16, 301, 25
16, 303, 13
16, 303, 17
16, 307, 3
16, 313, 1
16, 320, 58
16, 321, 34
16, 325, 8
16, 325, 27
16, 326, 40
16, 331, 30
16, 342, 22
16, 345, 48
16, 347, 6
16, 347, 55
16, 349, 48
16, 358, 33
16, 359, 32
16, 360, 4
16, 364, 9
16, 366, 44
16, 375, 1
16, 380, 18
16, 382, 36
16, 383, 5
16, 383, 58
16, 384, 25
16, 387, 33
16, 395, 48
16, 398, 21
16, 399, 17
17, 4, 7
17, 5, 24
17, 9, 22
17, 9, 42
17, 12, 28
17, 12, 49
17, 14, 53
17, 16, 8
17, 38, 8
17, 38, 59
17, 39, 59
17, 44, 18
17, 45, 6
17, 45, 44
17, 60, 23
17, 64, 9
17, 66, 12
17, 67, 19
17, 72, 33
17, 73, 29
17, 73, 42
17, 77, 37
17, 78, 1
17, 79, 10
17, 82, 9
17, 86, 4
17, 86, 36
17, 89, 52
17, 91, 51
17, 111, 24
17, 115, 16
17, 116, 34
17, 124, 53
17, 131, 7
17, 135, 42
17, 136, 42
17, 138, 22
17, 140, 5
17, 142, 21
17, 145, 28
17, 148, 53
17, 149, 47
17, 152, 34
17, 154, 45
17, 159, 18
17, 161, 48
17, 165, 52
17, 172, 50
17, 174, 13
17, 176, 44
17, 178, 36
17, 179, 4
17, 180, 20
17, 184, 20
17, 188, 40
17, 190, 15
17, 192, 42
17, 195, 49
17, 206, 59
17, 213, 16
17, 213, 57
17, 215, 43
17, 218, 29
17, 220, 50
17, 222, 6
17, 222, 33
17, 229, 40
17, 230, 45
17, 239, 23
17, 248, 21
17, 250, 36
17, 254, 45
17, 254, 49
17, 257, 9
17, 257, 22
17, 257, 24
17, 258, 18
17, 261, 16
17, 264, 51
17, 266, 40
17, 268, 24
17, 269, 9
17, 269, 42
17, 269, 59
17, 270, 15
17, 278, 12
17, 292, 12
17, 295, 28
17, 306, 48
17, 311, 1
17, 316, 53
17, 322, 9
17, 324, 24
17, 324, 51
17, 329, 45
17, 331, 29
17, 332, 37
17, 335, 7
17, 335, 20
17, 335, 48
17, 340, 44
17, 345, 36
17, 345, 42
17, 349, 52
17, 350, 4
17, 354, 59
17, 365, 60
17, 369, 5
17, 374, 22
17, 377, 1
17, 380, 28
17, 388, 12
17, 399, 6
18, 7, 40
18, 9, 43
18, 12, 50
18, 14, 44
18, 17, 27
18, 24, 37
18, 26, 26
18, 26, 31
18, 36, 36
18, 37, 30
18, 41, 25
18, 41, 39
18, 45, 10
18, 49, 23
18, 51, 42
18, 57, 36
18, 57, 55
18, 59, 50
18, 64, 44
18, 69, 11
18, 70, 26
18, 70, 59
18, 72, 18
18, 80, 40
18, 80, 54
18, 82, 13
18, 85, 16
18, 87, 58
18, 94, 52
18, 97, 41
18, 98, 14
18, 98, 48
18, 99, 40
18, 105, 43
18, 110, 25
18, 117, 45
18, 118, 50
18, 121, 26
18, 122, 31
18, 123, 12
18, 123, 59
18, 130, 35
18, 141, 18
18, 150, 27
18, 158, 30
18, 160, 32
18, 163, 14
18, 163, 34
18, 167, 16
18, 167, 41
18, 176, 27
18, 180, 59
18, 191, 26
18, 197, 23
18, 201, 55
18, 202, 47
18, 208, 36
18, 211, 50
18, 212, 10
18, 215, 25
18, 223, 18
18, 223, 33
18, 228, 42
18, 229, 6
18, 230, 37
18, 240, 27
18, 240, 52
18, 243, 50
18, 244, 48
18, 247, 55
18, 258, 11
18, 259, 30
18, 260, 37
18, 264, 45
18, 265, 50
18, 265, 54
18, 268, 13
18, 272, 40
18, 276, 39
18, 277, 16
18, 277, 31
18, 280, 34
18, 285, 59
18, 290, 14
18, 290, 44
18, 296, 39
18, 298, 35
18, 300, 42
18, 306, 16
18, 312, 30
18, 312, 32
18, 315, 36
18, 316, 58
18, 335, 12
18, 338, 47
18, 353, 6
18, 353, 18
18, 354, 23
18, 355, 45
18, 357, 14
18, 359, 27
18, 366, 43
18, 368, 55
18, 370, 41
18, 373, 27
18, 373, 50
18, 375, 36
18, 380, 39
18, 386, 32
18, 393, 10
18, 393, 41
18, 395, 30
18, 397, 48
18, 398, 25
19, 1, 5
19, 1, 18
19, 1, 34
19, 6, 41
19, 14, 61
19, 21, 4
19, 22, 49
19, 27, 22
19, 30, 23
19, 34, 12
19, 35, 12
19, 36, 6
19, 37, 1
19, 41, 5
19, 51, 47
19, 57, 56
19, 61, 3
19, 62, 20
19, 67, 24
19, 73, 57
19, 83, 49
19, 84, 27
19, 85, 31
19, 86, 22
19, 90, 29
19, 90, 56
19, 96, 6
19, 96, 13
19, 100, 34
19, 100, 39
19, 100, 42
19, 102, 17
19, 111, 4
19, 112, 36
19, 112, 43
19, 115, 7
19, 119, 49
19, 120, 49
19, 125, 15
19, 128, 40
19, 129, 5
19, 149, 41
19, 155, 36
19, 165, 20
19, 173, 24
19, 173, 42
19, 176, 57
19, 178, 18
19, 194, 27
19, 194, 43
19, 197, 47
19, 199, 41
19, 202, 39
19, 204, 15
19, 204, 26
19, 204, 61
19, 212, 17
19, 213, 23
19, 217, 44
19, 218, 12
19, 223, 31
19, 233, 49
19, 237, 24
19, 239, 43
19, 244, 29
19, 245, 56
19, 246, 61
19, 249, 12
19, 252, 40
19, 253, 5
19, 254, 22
19, 255, 13
19, 270, 2
19, 272, 41
19, 277, 31
19, 280, 25
19, 280, 57
19, 282, 36
19, 299, 1
19, 299, 26
19, 301, 24
19, 306, 25
19, 309, 15
19, 309, 20
19, 313, 13
19, 314, 4
19, 315, 44
19, 318, 18
19, 321, 7
19, 324, 49
19, 325, 17
19, 338, 36
19, 352, 3
19, 352, 5
19, 361, 12
19, 363, 23
19, 363, 31
19, 363, 42
19, 372, 3
19, 382, 41
19, 382, 49
19, 386, 24
19, 395, 15
19, 399, 36
19, 399, 43
