0, 0, 0
0, 1, 0
0, 2, 0
0, 3, 0
0, 4, 0
0, 5, 0
0, 6, 0
0, 7, 0
0, 8, 0
0, 9, 0
0, 10, 0
0, 11, 0
0, 12, 0
0, 13, 0
0, 14, 0
0, 15, 0
0, 16, 0
0, 17, 0
0, 18, 0
0, 19, 0
0, 20, 0
0, 21, 0
0, 22, 0
0, 23, 0
0, 24, 0
0, 25, 0
0, 26, 0
0, 27, 0
0, 28, 0
0, 29, 0
0, 30, 0
0, 31, 0
0, 32, 0
0, 33, 0
0, 34, 0
0, 35, 0
0, 36, 0
0, 37, 0
0, 38, 0
0, 39, 0
0, 40, 0
0, 41, 0
0, 42, 0
0, 43, 0
0, 44, 0
0, 45, 0
0, 46, 0
0, 47, 0
0, 48, 0
0, 49, 0
0, 50, 0
0, 51, 0
0, 52, 0
0, 53, 0
0, 54, 0
0, 55, 0
0, 56, 0
0, 57, 0
0, 58, 0
0, 59, 0
0, 60, 0
0, 61, 0
0, 62, 0
0, 63, 0
0, 64, 0
0, 65, 0
0, 66, 0
0, 67, 0
0, 68, 0
0, 69, 0
0, 70, 0
0, 71, 0
0, 72, 0
0, 73, 0
0, 74, 0
0, 75, 0
0, 76, 0
0, 77, 0
0, 78, 0
0, 79, 0
0, 80, 0
0, 81, 0
0, 82, 0
0, 83, 0
0, 84, 0
0, 85, 0
0, 86, 0
0, 87, 0
0, 88, 0
0, 89, 0
0, 90, 0
0, 91, 0
0, 92, 0
0, 93, 0
0, 94, 0
0, 95, 0
0, 96, 0
0, 97, 0
0, 98, 0
0, 99, 0
0, 100, 0
0, 101, 0
0, 102, 0
0, 103, 0
0, 104, 0
0, 105, 0
0, 106, 0
0, 107, 0
0, 108, 0
0, 109, 0
0, 110, 0
0, 111, 0
0, 112, 0
0, 113, 0
0, 114, 0
0, 115, 0
0, 116, 0
0, 117, 0
0, 118, 0
0, 119, 0
0, 120, 0
0, 121, 0
0, 122, 0
0, 123, 0
0, 124, 0
0, 125, 0
0, 126, 0
0, 127, 0
0, 128, 0
0, 129, 0
0, 130, 0
0, 131, 0
0, 132, 0
0, 133, 0
0, 134, 0
0, 135, 0
0, 136, 0
0, 137, 0
0, 138, 0
0, 139, 0
0, 140, 0
0, 141, 0
0, 142, 0
0, 143, 0
0, 144, 0
0, 145, 0
0, 146, 0
0, 147, 0
0, 148, 0
0, 149, 0
0, 150, 0
0, 151, 0
0, 152, 0
0, 153, 0
0, 154, 0
0, 155, 0
0, 156, 0
0, 157, 0
0, 158, 0
0, 159, 0
0, 160, 0
0, 161, 0
0, 162, 0
0, 163, 0
0, 164, 0
0, 165, 0
0, 166, 0
0, 167, 0
0, 168, 0
0, 169, 0
0, 170, 0
0, 171, 0
0, 172, 0
0, 173, 0
0, 174, 0
0, 175, 0
0, 176, 0
0, 177, 0
0, 178, 0
0, 179, 0
0, 180, 0
0, 181, 0
0, 182, 0
0, 183, 0
0, 184, 0
0, 185, 0
0, 186, 0
0, 187, 0
0, 188, 0
0, 189, 0
0, 190, 0
0, 191, 0
0, 192, 0
0, 193, 0
0, 194, 0
0, 195, 0
0, 196, 0
0, 197, 0
0, 198, 0
0, 199, 0
0, 200, 0
0, 201, 0
0, 202, 0
0, 203, 0
0, 204, 0
0, 205, 0
0, 206, 0
0, 207, 0
0, 208, 0
0, 209, 0
0, 210, 0
0, 211, 0
0, 212, 0
0, 213, 0
0, 214, 0
0, 215, 0
0, 216, 0
0, 217, 0
0, 218, 0
0, 219, 0
0, 220, 0
0, 221, 0
0, 222, 0
0, 223, 0
0, 224, 0
0, 225, 0
0, 226, 0
0, 227, 0
0, 228, 0
0, 229, 0
0, 230, 0
0, 231, 0
0, 232, 0
0, 233, 0
0, 234, 0
0, 235, 0
0, 236, 0
0, 237, 0
0, 238, 0
0, 239, 0
0, 240, 0
0, 241, 0
0, 242, 0
0, 243, 0
0, 244, 0
0, 245, 0
0, 246, 0
0, 247, 0
0, 248, 0
0, 249, 0
0, 250, 0
0, 251, 0
0, 252, 0
0, 253, 0
0, 254, 0
0, 255, 0
0, 256, 0
0, 257, 0
0, 258, 0
0, 259, 0
0, 260, 0
0, 261, 0
0, 262, 0
0, 263, 0
0, 264, 0
0, 265, 0
0, 266, 0
0, 267, 0
0, 268, 0
0, 269, 0
0, 270, 0
0, 271, 0
0, 272, 0
0, 273, 0
0, 274, 0
0, 275, 0
0, 276, 0
0, 277, 0
0, 278, 0
0, 279, 0
0, 280, 0
0, 281, 0
0, 282, 0
0, 283, 0
0, 284, 0
0, 285, 0
0, 286, 0
0, 287, 0
0, 288, 0
0, 289, 0
0, 290, 0
0, 291, 0
0, 292, 0
0, 293, 0
0, 294, 0
0, 295, 0
0, 296, 0
0, 297, 0
0, 298, 0
0, 299, 0
0, 300, 0
0, 301, 0
0, 302, 0
0, 303, 0
0, 304, 0
0, 305, 0
0, 306, 0
0, 307, 0
0, 308, 0
0, 309, 0
0, 310, 0
0, 311, 0
0, 312, 0
0, 313, 0
0, 314, 0
0, 315, 0
0, 316, 0
0, 317, 0
0, 318, 0
0, 319, 0
0, 320, 0
0, 321, 0
0, 322, 0
0, 323, 0
0, 324, 0
0, 325, 0
0, 326, 0
0, 327, 0
0, 328, 0
0, 329, 0
0, 330, 0
0, 331, 0
0, 332, 0
0, 333, 0
0, 334, 0
0, 335, 0
0, 336, 0
0, 337, 0
0, 338, 0
0, 339, 0
0, 340, 0
0, 341, 0
0, 342, 0
0, 343, 0
0, 344, 0
0, 345, 0
0, 346, 0
0, 347, 0
0, 348, 0
0, 349, 0
0, 350, 0
0, 351, 0
0, 352, 0
0, 353, 0
0, 354, 0
0, 355, 0
0, 356, 0
0, 357, 0
0, 358, 0
0, 359, 0
0, 360, 0
0, 361, 0
0, 362, 0
0, 363, 0
0, 364, 0
0, 365, 0
0, 366, 0
0, 367, 0
0, 368, 0
0, 369, 0
0, 370, 0
0, 371, 0
0, 372, 0
0, 373, 0
0, 374, 0
0, 375, 0
0, 376, 0
0, 377, 0
0, 378, 0
0, 379, 0
0, 380, 0
0, 381, 0
0, 382, 0
0, 383, 0
0, 384, 0
0, 385, 0
0, 386, 0
0, 387, 0
0, 388, 0
0, 389, 0
0, 390, 0
0, 391, 0
0, 392, 0
0, 393, 0
0, 394, 0
0, 395, 0
0, 396, 0
0, 397, 0
0, 398, 0
0, 399, 0
1, 0, 0
1, 1, 46
1, 2, 0
1, 3, 0
1, 4, 47
1, 5, 0
1, 6, 0
1, 7, 0
1, 8, 0
1, 9, 0
1, 10, 0
1, 11, 40
1, 12, 0
1, 13, 0
1, 14, 0
1, 15, 0
1, 16, 0
1, 17, 29
1, 18, 0
1, 19, 0
1, 20, 0
1, 21, 0
1, 22, 21
1, 23, 44
1, 24, 0
1, 25, 51
1, 26, 0
1, 27, 0
1, 28, 0
1, 29, 0
1, 30, 14
1, 31, 9
1, 32, 19
1, 33, 0
1, 34, 51
1, 35, 48
1, 36, 0
1, 37, 0
1, 38, 0
1, 39, 0
1, 40, 0
1, 41, 30
1, 42, 0
1, 43, 45
1, 44, 0
1, 45, 0
1, 46, 0
1, 47, 17
1, 48, 39
1, 49, 24
1, 50, 0
1, 51, 0
1, 52, 0
1, 53, 0
1, 54, 52
1, 55, 15
1, 56, 0
1, 57, 0
1, 58, 0
1, 59, 0
1, 60, 0
1, 61, 0
1, 62, 0
1, 63, 0
1, 64, 0
1, 65, 23
1, 66, 0
1, 67, 0
1, 68, 0
1, 69, 37
1, 70, 28
1, 71, 0
1, 72, 0
1, 73, 0
1, 74, 0
1, 75, 0
1, 76, 0
1, 77, 0
1, 78, 0
1, 79, 29
1, 80, 0
1, 81, 0
1, 82, 0
1, 83, 0
1, 84, 0
1, 85, 0
1, 86, 43
1, 87, 6
1, 88, 0
1, 89, 0
1, 90, 7
1, 91, 0
1, 92, 0
1, 93, 0
1, 94, 0
1, 95, 0
1, 96, 0
1, 97, 0
1, 98, 0
1, 99, 3
1, 100, 5
1, 101, 50
1, 102, 0
1, 103, 0
1, 104, 22
1, 105, 46
1, 106, 0
1, 107, 0
1, 108, 0
1, 109, 2
1, 110, 0
1, 111, 10
1, 112, 0
1, 113, 52
1, 114, 31
1, 115, 0
1, 116, 0
1, 117, 0
1, 118, 0
1, 119, 38
1, 120, 0
1, 121, 48
1, 122, 0
1, 123, 0
1, 124, 0
1, 125, 0
1, 126, 0
1, 127, 0
1, 128, 0
1, 129, 0
1, 130, 0
1, 131, 0
1, 132, 25
1, 133, 33
1, 134, 17
1, 135, 0
1, 136, 13
1, 137, 44
1, 138, 0
1, 139, 49
1, 140, 0
1, 141, 10
1, 142, 0
1, 143, 0
1, 144, 0
1, 145, 20
1, 146, 0
1, 147, 0
1, 148, 0
1, 149, 34
1, 150, 0
1, 151, 0
1, 152, 0
1, 153, 5
1, 154, 46
1, 155, 0
1, 156, 0
1, 157, 0
1, 158, 54
1, 159, 0
1, 160, 0
1, 161, 35
1, 162, 0
1, 163, 0
1, 164, 0
1, 165, 0
1, 166, 42
1, 167, 0
1, 168, 0
1, 169, 0
1, 170, 51
1, 171, 7
1, 172, 0
1, 173, 0
1, 174, 23
1, 175, 0
1, 176, 47
1, 177, 0
1, 178, 41
1, 179, 0
1, 180, 0
1, 181, 47
1, 182, 0
1, 183, 0
1, 184, 13
1, 185, 0
1, 186, 40
1, 187, 3
1, 188, 0
1, 189, 17
1, 190, 13
1, 191, 46
1, 192, 0
1, 193, 0
1, 194, 31
1, 195, 0
1, 196, 0
1, 197, 0
1, 198, 0
1, 199, 0
1, 200, 15
1, 201, 53
1, 202, 42
1, 203, 44
1, 204, 24
1, 205, 0
1, 206, 43
1, 207, 0
1, 208, 0
1, 209, 5
1, 210, 0
1, 211, 0
1, 212, 0
1, 213, 0
1, 214, 37
1, 215, 0
1, 216, 54
1, 217, 0
1, 218, 10
1, 219, 52
1, 220, 0
1, 221, 21
1, 222, 0
1, 223, 35
1, 224, 0
1, 225, 46
1, 226, 14
1, 227, 0
1, 228, 50
1, 229, 8
1, 230, 0
1, 231, 0
1, 232, 0
1, 233, 60
1, 234, 0
1, 235, 0
1, 236, 26
1, 237, 7
1, 238, 0
1, 239, 0
1, 240, 19
1, 241, 0
1, 242, 34
1, 243, 0
1, 244, 0
1, 245, 0
1, 246, 0
1, 247, 0
1, 248, 0
1, 249, 0
1, 250, 0
1, 251, 0
1, 252, 0
1, 253, 25
1, 254, 0
1, 255, 0
1, 256, 46
1, 257, 0
1, 258, 0
1, 259, 0
1, 260, 0
1, 261, 0
1, 262, 6
1, 263, 0
1, 264, 34
1, 265, 0
1, 266, 29
1, 267, 17
1, 268, 51
1, 269, 0
1, 270, 0
1, 271, 0
1, 272, 0
1, 273, 21
1, 274, 0
1, 275, 53
1, 276, 27
1, 277, 29
1, 278, 36
1, 279, 0
1, 280, 0
1, 281, 28
1, 282, 19
1, 283, 0
1, 284, 0
1, 285, 0
1, 286, 17
1, 287, 0
1, 288, 0
1, 289, 0
1, 290, 0
1, 291, 2
1, 292, 0
1, 293, 0
1, 294, 0
1, 295, 0
1, 296, 0
1, 297, 0
1, 298, 0
1, 299, 0
1, 300, 0
1, 301, 0
1, 302, 0
1, 303, 0
1, 304, 0
1, 305, 10
1, 306, 34
1, 307, 0
1, 308, 0
1, 309, 39
1, 310, 0
1, 311, 49
1, 312, 35
1, 313, 0
1, 314, 0
1, 315, 54
1, 316, 43
1, 317, 27
1, 318, 0
1, 319, 0
1, 320, 4
1, 321, 0
1, 322, 52
1, 323, 0
1, 324, 40
1, 325, 0
1, 326, 22
1, 327, 0
1, 328, 0
1, 329, 0
1, 330, 0
1, 331, 0
1, 332, 0
1, 333, 0
1, 334, 19
1, 335, 0
1, 336, 36
1, 337, 28
1, 338, 3
1, 339, 0
1, 340, 0
1, 341, 0
1, 342, 7
1, 343, 0
1, 344, 42
1, 345, 0
1, 346, 0
1, 347, 0
1, 348, 0
1, 349, 0
1, 350, 19
1, 351, 0
1, 352, 40
1, 353, 2
1, 354, 0
1, 355, 41
1, 356, 0
1, 357, 39
1, 358, 0
1, 359, 0
1, 360, 37
1, 361, 0
1, 362, 0
1, 363, 0
1, 364, 0
1, 365, 0
1, 366, 38
1, 367, 0
1, 368, 0
1, 369, 0
1, 370, 0
1, 371, 0
1, 372, 0
1, 373, 0
1, 374, 0
1, 375, 0
1, 376, 9
1, 377, 34
1, 378, 31
1, 379, 46
1, 380, 35
1, 381, 15
1, 382, 0
1, 383, 0
1, 384, 0
1, 385, 7
1, 386, 0
1, 387, 54
1, 388, 0
1, 389, 0
1, 390, 5
1, 391, 0
1, 392, 0
1, 393, 25
1, 394, 0
1, 395, 0
1, 396, 0
1, 397, 0
1, 398, 0
1, 399, 6
2, 0, 0
2, 1, 0
2, 2, 37
2, 3, 0
2, 4, 49
2, 5, 0
2, 6, 0
2, 7, 0
2, 8, 0
2, 9, 0
2, 10, 0
2, 11, 27
2, 12, 45
2, 13, 1
2, 14, 0
2, 15, 0
2, 16, 0
2, 17, 0
2, 18, 37
2, 19, 25
2, 20, 31
2, 21, 8
2, 22, 51
2, 23, 0
2, 24, 0
2, 25, 45
2, 26, 0
2, 27, 19
2, 28, 0
2, 29, 0
2, 30, 48
2, 31, 46
2, 32, 0
2, 33, 14
2, 34, 36
2, 35, 0
2, 36, 0
2, 37, 0
2, 38, 0
2, 39, 12
2, 40, 28
2, 41, 0
2, 42, 0
2, 43, 5
2, 44, 58
2, 45, 0
2, 46, 0
2, 47, 0
2, 48, 27
2, 49, 16
2, 50, 0
2, 51, 38
2, 52, 0
2, 53, 29
2, 54, 35
2, 55, 0
2, 56, 0
2, 57, 17
2, 58, 45
2, 59, 11
2, 60, 4
2, 61, 26
2, 62, 42
2, 63, 9
2, 64, 30
2, 65, 12
2, 66, 0
2, 67, 0
2, 68, 0
2, 69, 0
2, 70, 0
2, 71, 0
2, 72, 18
2, 73, 0
2, 74, 0
2, 75, 0
2, 76, 0
2, 77, 44
2, 78, 0
2, 79, 0
2, 80, 0
2, 81, 0
2, 82, 0
2, 83, 0
2, 84, 51
2, 85, 24
2, 86, 0
2, 87, 0
2, 88, 55
2, 89, 0
2, 90, 0
2, 91, 21
2, 92, 48
2, 93, 0
2, 94, 9
2, 95, 0
2, 96, 25
2, 97, 39
2, 98, 0
2, 99, 36
2, 100, 0
2, 101, 0
2, 102, 2
2, 103, 0
2, 104, 22
2, 105, 18
2, 106, 45
2, 107, 0
2, 108, 0
2, 109, 50
2, 110, 0
2, 111, 9
2, 112, 0
2, 113, 3
2, 114, 47
2, 115, 41
2, 116, 0
2, 117, 0
2, 118, 0
2, 119, 54
2, 120, 0
2, 121, 0
2, 122, 0
2, 123, 0
2, 124, 0
2, 125, 49
2, 126, 34
2, 127, 6
2, 128, 37
2, 129, 18
2, 130, 0
2, 131, 0
2, 132, 0
2, 133, 31
2, 134, 3
2, 135, 46
2, 136, 0
2, 137, 7
2, 138, 0
2, 139, 0
2, 140, 0
2, 141, 55
2, 142, 1
2, 143, 6
2, 144, 32
2, 145, 39
2, 146, 8
2, 147, 0
2, 148, 0
2, 149, 26
2, 150, 20
2, 151, 42
2, 152, 0
2, 153, 43
2, 154, 0
2, 155, 0
2, 156, 28
2, 157, 13
2, 158, 0
2, 159, 17
2, 160, 0
2, 161, 35
2, 162, 2
2, 163, 39
2, 164, 0
2, 165, 0
2, 166, 29
2, 167, 0
2, 168, 22
2, 169, 0
2, 170, 35
2, 171, 0
2, 172, 0
2, 173, 35
2, 174, 44
2, 175, 0
2, 176, 1
2, 177, 0
2, 178, 0
2, 179, 0
2, 180, 42
2, 181, 0
2, 182, 0
2, 183, 0
2, 184, 0
2, 185, 36
2, 186, 32
2, 187, 33
2, 188, 0
2, 189, 0
2, 190, 0
2, 191, 4
2, 192, 0
2, 193, 0
2, 194, 13
2, 195, 0
2, 196, 38
2, 197, 0
2, 198, 0
2, 199, 0
2, 200, 0
2, 201, 19
2, 202, 51
2, 203, 49
2, 204, 0
2, 205, 0
2, 206, 0
2, 207, 44
2, 208, 0
2, 209, 0
2, 210, 58
2, 211, 48
2, 212, 0
2, 213, 29
2, 214, 21
2, 215, 0
2, 216, 11
2, 217, 0
2, 218, 0
2, 219, 0
2, 220, 0
2, 221, 0
2, 222, 0
2, 223, 0
2, 224, 0
2, 225, 9
2, 226, 35
2, 227, 0
2, 228, 0
2, 229, 2
2, 230, 14
2, 231, 0
2, 232, 0
2, 233, 19
2, 234, 0
2, 235, 0
2, 236, 55
2, 237, 36
2, 238, 0
2, 239, 0
2, 240, 0
2, 241, 0
2, 242, 0
2, 243, 22
2, 244, 37
2, 245, 0
2, 246, 0
2, 247, 0
2, 248, 51
2, 249, 12
2, 250, 0
2, 251, 0
2, 252, 0
2, 253, 0
2, 254, 5
2, 255, 31
2, 256, 0
2, 257, 18
2, 258, 0
2, 259, 21
2, 260, 0
2, 261, 44
2, 262, 0
2, 263, 54
2, 264, 0
2, 265, 42
2, 266, 45
2, 267, 0
2, 268, 0
2, 269, 0
2, 270, 30
2, 271, 2
2, 272, 0
2, 273, 0
2, 274, 0
2, 275, 0
2, 276, 0
2, 277, 47
2, 278, 19
2, 279, 45
2, 280, 26
2, 281, 45
2, 282, 26
2, 283, 0
2, 284, 0
2, 285, 0
2, 286, 0
2, 287, 0
2, 288, 0
2, 289, 0
2, 290, 0
2, 291, 0
2, 292, 0
2, 293, 0
2, 294, 19
2, 295, 0
2, 296, 37
2, 297, 33
2, 298, 0
2, 299, 22
2, 300, 0
2, 301, 2
2, 302, 0
2, 303, 0
2, 304, 0
2, 305, 32
2, 306, 39
2, 307, 37
2, 308, 50
2, 309, 0
2, 310, 24
2, 311, 0
2, 312, 0
2, 313, 0
2, 314, 38
2, 315, 8
2, 316, 29
2, 317, 0
2, 318, 30
2, 319, 0
2, 320, 0
2, 321, 0
2, 322, 0
2, 323, 49
2, 324, 0
2, 325, 0
2, 326, 0
2, 327, 17
2, 328, 12
2, 329, 55
2, 330, 0
2, 331, 0
2, 332, 0
2, 333, 35
2, 334, 0
2, 335, 0
2, 336, 42
2, 337, 22
2, 338, 0
2, 339, 11
2, 340, 22
2, 341, 30
2, 342, 0
2, 343, 0
2, 344, 31
2, 345, 0
2, 346, 41
2, 347, 0
2, 348, 27
2, 349, 0
2, 350, 0
2, 351, 0
2, 352, 54
2, 353, 0
2, 354, 0
2, 355, 0
2, 356, 0
2, 357, 49
2, 358, 50
2, 359, 42
2, 360, 17
2, 361, 0
2, 362, 7
2, 363, 24
2, 364, 55
2, 365, 33
2, 366, 51
2, 367, 2
2, 368, 0
2, 369, 46
2, 370, 0
2, 371, 0
2, 372, 0
2, 373, 0
2, 374, 0
2, 375, 34
2, 376, 0
2, 377, 51
2, 378, 0
2, 379, 0
2, 380, 0
2, 381, 36
2, 382, 47
2, 383, 34
2, 384, 0
2, 385, 28
2, 386, 14
2, 387, 0
2, 388, 34
2, 389, 0
2, 390, 37
2, 391, 49
2, 392, 30
2, 393, 22
2, 394, 0
2, 395, 0
2, 396, 2
2, 397, 0
2, 398, 0
2, 399, 0
3, 0, 0
3, 1, 0
3, 2, 45
3, 3, 0
3, 4, 0
3, 5, 18
3, 6, 0
3, 7, 45
3, 8, 0
3, 9, 0
3, 10, 0
3, 11, 0
3, 12, 0
3, 13, 0
3, 14, 25
3, 15, 0
3, 16, 30
3, 17, 17
3, 18, 55
3, 19, 0
3, 20, 21
3, 21, 50
3, 22, 0
3, 23, 0
3, 24, 0
3, 25, 14
3, 26, 0
3, 27, 14
3, 28, 0
3, 29, 0
3, 30, 0
3, 31, 0
3, 32, 10
3, 33, 27
3, 34, 41
3, 35, 0
3, 36, 5
3, 37, 0
3, 38, 0
3, 39, 49
3, 40, 0
3, 41, 0
3, 42, 0
3, 43, 4
3, 44, 16
3, 45, 0
3, 46, 0
3, 47, 0
3, 48, 11
3, 49, 0
3, 50, 0
3, 51, 0
3, 52, 43
3, 53, 0
3, 54, 0
3, 55, 53
3, 56, 0
3, 57, 12
3, 58, 0
3, 59, 0
3, 60, 0
3, 61, 0
3, 62, 0
3, 63, 0
3, 64, 0
3, 65, 42
3, 66, 0
3, 67, 56
3, 68, 0
3, 69, 41
3, 70, 51
3, 71, 12
3, 72, 0
3, 73, 18
3, 74, 49
3, 75, 0
3, 76, 38
3, 77, 0
3, 78, 47
3, 79, 3
3, 80, 0
3, 81, 9
3, 82, 0
3, 83, 0
3, 84, 0
3, 85, 0
3, 86, 18
3, 87, 0
3, 88, 0
3, 89, 0
3, 90, 0
3, 91, 0
3, 92, 0
3, 93, 34
3, 94, 0
3, 95, 29
3, 96, 0
3, 97, 0
3, 98, 31
3, 99, 0
3, 100, 0
3, 101, 54
3, 102, 34
3, 103, 0
3, 104, 0
3, 105, 48
3, 106, 28
3, 107, 5
3, 108, 0
3, 109, 0
3, 110, 0
3, 111, 0
3, 112, 45
3, 113, 0
3, 114, 0
3, 115, 0
3, 116, 17
3, 117, 46
3, 118, 0
3, 119, 8
3, 120, 21
3, 121, 0
3, 122, 0
3, 123, 0
3, 124, 0
3, 125, 21
3, 126, 0
3, 127, 32
3, 128, 14
3, 129, 0
3, 130, 0
3, 131, 0
3, 132, 0
3, 133, 37
3, 134, 0
3, 135, 0
3, 136, 25
3, 137, 30
3, 138, 0
3, 139, 0
3, 140, 0
3, 141, 0
3, 142, 0
3, 143, 0
3, 144, 0
3, 145, 10
3, 146, 51
3, 147, 0
3, 148, 0
3, 149, 0
3, 150, 0
3, 151, 50
3, 152, 0
3, 153, 0
3, 154, 0
3, 155, 0
3, 156, 0
3, 157, 15
3, 158, 0
3, 159, 56
3, 160, 0
3, 161, 0
3, 162, 0
3, 163, 0
3, 164, 0
3, 165, 24
3, 166, 0
3, 167, 31
3, 168, 33
3, 169, 10
3, 170, 21
3, 171, 56
3, 172, 30
3, 173, 33
3, 174, 0
3, 175, 0
3, 176, 0
3, 177, 51
3, 178, 49
3, 179, 0
3, 180, 0
3, 181, 0
3, 182, 0
3, 183, 27
3, 184, 0
3, 185, 14
3, 186, 0
3, 187, 0
3, 188, 0
3, 189, 0
3, 190, 43
3, 191, 11
3, 192, 53
3, 193, 31
3, 194, 0
3, 195, 0
3, 196, 0
3, 197, 0
3, 198, 57
3, 199, 41
3, 200, 49
3, 201, 0
3, 202, 0
3, 203, 0
3, 204, 0
3, 205, 0
3, 206, 0
3, 207, 7
3, 208, 53
3, 209, 55
3, 210, 0
3, 211, 4
3, 212, 0
3, 213, 0
3, 214, 0
3, 215, 0
3, 216, 47
3, 217, 0
3, 218, 7
3, 219, 0
3, 220, 0
3, 221, 33
3, 222, 0
3, 223, 0
3, 224, 15
3, 225, 50
3, 226, 0
3, 227, 0
3, 228, 0
3, 229, 34
3, 230, 47
3, 231, 0
3, 232, 0
3, 233, 0
3, 234, 0
3, 235, 0
3, 236, 3
3, 237, 2
3, 238, 0
3, 239, 0
3, 240, 25
3, 241, 0
3, 242, 0
3, 243, 6
3, 244, 0
3, 245, 0
3, 246, 18
3, 247, 0
3, 248, 19
3, 249, 0
3, 250, 35
3, 251, 0
3, 252, 0
3, 253, 1
3, 254, 54
3, 255, 0
3, 256, 14
3, 257, 0
3, 258, 43
3, 259, 17
3, 260, 0
3, 261, 0
3, 262, 0
3, 263, 0
3, 264, 0
3, 265, 0
3, 266, 0
3, 267, 0
3, 268, 0
3, 269, 0
3, 270, 0
3, 271, 4
3, 272, 0
3, 273, 0
3, 274, 0
3, 275, 0
3, 276, 0
3, 277, 20
3, 278, 31
3, 279, 0
3, 280, 41
3, 281, 30
3, 282, 0
3, 283, 42
3, 284, 53
3, 285, 0
3, 286, 0
3, 287, 0
3, 288, 16
3, 289, 18
3, 290, 48
3, 291, 0
3, 292, 5
3, 293, 37
3, 294, 27
3, 295, 0
3, 296, 0
3, 297, 39
3, 298, 0
3, 299, 0
3, 300, 50
3, 301, 40
3, 302, 0
3, 303, 21
3, 304, 0
3, 305, 0
3, 306, 0
3, 307, 0
3, 308, 0
3, 309, 0
3, 310, 6
3, 311, 29
3, 312, 14
3, 313, 27
3, 314, 0
3, 315, 42
3, 316, 0
3, 317, 0
3, 318, 24
3, 319, 15
3, 320, 0
3, 321, 0
3, 322, 0
3, 323, 0
3, 324, 0
3, 325, 0
3, 326, 0
3, 327, 40
3, 328, 0
3, 329, 43
3, 330, 0
3, 331, 10
3, 332, 0
3, 333, 0
3, 334, 0
3, 335, 0
3, 336, 6
3, 337, 0
3, 338, 0
3, 339, 0
3, 340, 57
3, 341, 53
3, 342, 0
3, 343, 0
3, 344, 0
3, 345, 0
3, 346, 0
3, 347, 32
3, 348, 49
3, 349, 35
3, 350, 24
3, 351, 0
3, 352, 33
3, 353, 34
3, 354, 0
3, 355, 56
3, 356, 51
3, 357, 0
3, 358, 0
3, 359, 8
3, 360, 0
3, 361, 0
3, 362, 46
3, 363, 31
3, 364, 0
3, 365, 0
3, 366, 2
3, 367, 18
3, 368, 0
3, 369, 0
3, 370, 0
3, 371, 30
3, 372, 0
3, 373, 50
3, 374, 0
3, 375, 0
3, 376, 35
3, 377, 0
3, 378, 1
3, 379, 0
3, 380, 0
3, 381, 4
3, 382, 3
3, 383, 0
3, 384, 17
3, 385, 0
3, 386, 0
3, 387, 0
3, 388, 0
3, 389, 47
3, 390, 11
3, 391, 0
3, 392, 41
3, 393, 0
3, 394, 0
3, 395, 4
3, 396, 0
3, 397, 29
3, 398, 0
3, 399, 31
4, 0, 0
4, 1, 0
4, 2, 18
4, 3, 0
4, 4, 0
4, 5, 9
4, 6, 22
4, 7, 0
4, 8, 3
4, 9, 0
4, 10, 40
4, 11, 0
4, 12, 53
4, 13, 0
4, 14, 0
4, 15, 12
4, 16, 10
4, 17, 0
4, 18, 0
4, 19, 0
4, 20, 35
4, 21, 19
4, 22, 0
4, 23, 0
4, 24, 16
4, 25, 0
4, 26, 43
4, 27, 0
4, 28, 24
4, 29, 0
4, 30, 0
4, 31, 2
4, 32, 0
4, 33, 0
4, 34, 0
4, 35, 0
4, 36, 0
4, 37, 0
4, 38, 38
4, 39, 42
4, 40, 26
4, 41, 41
4, 42, 0
4, 43, 6
4, 44, 0
4, 45, 0
4, 46, 37
4, 47, 25
4, 48, 0
4, 49, 44
4, 50, 0
4, 51, 27
4, 52, 0
4, 53, 0
4, 54, 34
4, 55, 49
4, 56, 0
4, 57, 21
4, 58, 56
4, 59, 39
4, 60, 0
4, 61, 0
4, 62, 0
4, 63, 18
4, 64, 0
4, 65, 33
4, 66, 0
4, 67, 0
4, 68, 0
4, 69, 0
4, 70, 0
4, 71, 0
4, 72, 19
4, 73, 0
4, 74, 0
4, 75, 23
4, 76, 0
4, 77, 53
4, 78, 0
4, 79, 33
4, 80, 53
4, 81, 0
4, 82, 0
4, 83, 0
4, 84, 0
4, 85, 0
4, 86, 46
4, 87, 0
4, 88, 50
4, 89, 12
4, 90, 0
4, 91, 0
4, 92, 21
4, 93, 0
4, 94, 49
4, 95, 0
4, 96, 0
4, 97, 0
4, 98, 11
4, 99, 0
4, 100, 15
4, 101, 0
4, 102, 0
4, 103, 0
4, 104, 0
4, 105, 0
4, 106, 9
4, 107, 0
4, 108, 40
4, 109, 0
4, 110, 0
4, 111, 0
4, 112, 0
4, 113, 0
4, 114, 21
4, 115, 0
4, 116, 37
4, 117, 47
4, 118, 0
4, 119, 0
4, 120, 19
4, 121, 0
4, 122, 0
4, 123, 0
4, 124, 0
4, 125, 0
4, 126, 28
4, 127, 0
4, 128, 37
4, 129, 0
4, 130, 16
4, 131, 0
4, 132, 0
4, 133, 43
4, 134, 55
4, 135, 0
4, 136, 0
4, 137, 45
4, 138, 0
4, 139, 26
4, 140, 37
4, 141, 7
4, 142, 0
4, 143, 42
4, 144, 16
4, 145, 0
4, 146, 0
4, 147, 0
4, 148, 0
4, 149, 39
4, 150, 0
4, 151, 26
4, 152, 16
4, 153, 32
4, 154, 0
4, 155, 10
4, 156, 0
4, 157, 23
4, 158, 0
4, 159, 47
4, 160, 38
4, 161, 19
4, 162, 0
4, 163, 30
4, 164, 0
4, 165, 49
4, 166, 0
4, 167, 0
4, 168, 9
4, 169, 0
4, 170, 0
4, 171, 5
4, 172, 2
4, 173, 0
4, 174, 0
4, 175, 0
4, 176, 0
4, 177, 10
4, 178, 23
4, 179, 0
4, 180, 50
4, 181, 0
4, 182, 27
4, 183, 0
4, 184, 0
4, 185, 20
4, 186, 8
4, 187, 0
4, 188, 0
4, 189, 19
4, 190, 22
4, 191, 59
4, 192, 14
4, 193, 30
4, 194, 0
4, 195, 19
4, 196, 0
4, 197, 0
4, 198, 0
4, 199, 0
4, 200, 34
4, 201, 0
4, 202, 35
4, 203, 0
4, 204, 0
4, 205, 0
4, 206, 0
4, 207, 0
4, 208, 0
4, 209, 15
4, 210, 0
4, 211, 41
4, 212, 4
4, 213, 0
4, 214, 25
4, 215, 12
4, 216, 0
4, 217, 44
4, 218, 0
4, 219, 0
4, 220, 27
4, 221, 21
4, 222, 0
4, 223, 0
4, 224, 0
4, 225, 37
4, 226, 43
4, 227, 0
4, 228, 0
4, 229, 15
4, 230, 0
4, 231, 0
4, 232, 0
4, 233, 0
4, 234, 46
4, 235, 43
4, 236, 23
4, 237, 0
4, 238, 50
4, 239, 0
4, 240, 11
4, 241, 0
4, 242, 0
4, 243, 0
4, 244, 0
4, 245, 0
4, 246, 35
4, 247, 7
4, 248, 0
4, 249, 19
4, 250, 5
4, 251, 0
4, 252, 38
4, 253, 0
4, 254, 0
4, 255, 0
4, 256, 0
4, 257, 41
4, 258, 0
4, 259, 0
4, 260, 0
4, 261, 50
4, 262, 0
4, 263, 0
4, 264, 0
4, 265, 0
4, 266, 0
4, 267, 12
4, 268, 28
4, 269, 20
4, 270, 40
4, 271, 0
4, 272, 0
4, 273, 0
4, 274, 0
4, 275, 0
4, 276, 0
4, 277, 0
4, 278, 17
4, 279, 0
4, 280, 16
4, 281, 0
4, 282, 0
4, 283, 26
4, 284, 0
4, 285, 0
4, 286, 32
4, 287, 0
4, 288, 55
4, 289, 0
4, 290, 30
4, 291, 0
4, 292, 25
4, 293, 7
4, 294, 40
4, 295, 26
4, 296, 15
4, 297, 0
4, 298, 8
4, 299, 0
4, 300, 0
4, 301, 0
4, 302, 56
4, 303, 0
4, 304, 4
4, 305, 0
4, 306, 0
4, 307, 0
4, 308, 2
4, 309, 37
4, 310, 0
4, 311, 0
4, 312, 0
4, 313, 43
4, 314, 19
4, 315, 59
4, 316, 14
4, 317, 20
4, 318, 0
4, 319, 0
4, 320, 26
4, 321, 0
4, 322, 0
4, 323, 0
4, 324, 0
4, 325, 0
4, 326, 0
4, 327, 0
4, 328, 0
4, 329, 0
4, 330, 0
4, 331, 0
4, 332, 0
4, 333, 0
4, 334, 7
4, 335, 0
4, 336, 0
4, 337, 22
4, 338, 11
4, 339, 16
4, 340, 0
4, 341, 0
4, 342, 0
4, 343, 0
4, 344, 0
4, 345, 0
4, 346, 0
4, 347, 0
4, 348, 0
4, 349, 9
4, 350, 0
4, 351, 0
4, 352, 0
4, 353, 0
4, 354, 0
4, 355, 0
4, 356, 0
4, 357, 0
4, 358, 42
4, 359, 0
4, 360, 0
4, 361, 0
4, 362, 0
4, 363, 0
4, 364, 30
4, 365, 38
4, 366, 0
4, 367, 27
4, 368, 0
4, 369, 26
4, 370, 18
4, 371, 0
4, 372, 5
4, 373, 0
4, 374, 0
4, 375, 0
4, 376, 45
4, 377, 59
4, 378, 31
4, 379, 12
4, 380, 0
4, 381, 0
4, 382, 0
4, 383, 0
4, 384, 0
4, 385, 0
4, 386, 0
4, 387, 0
4, 388, 0
4, 389, 15
4, 390, 0
4, 391, 0
4, 392, 46
4, 393, 50
4, 394, 0
4, 395, 23
4, 396, 0
4, 397, 0
4, 398, 28
4, 399, 0
5, 0, 0
5, 1, 0
5, 2, 17
5, 3, 5
5, 4, 55
5, 5, 30
5, 6, 0
5, 7, 38
5, 8, 0
5, 9, 35
5, 10, 0
5, 11, 28
5, 12, 0
5, 13, 0
5, 14, 0
5, 15, 15
5, 16, 0
5, 17, 0
5, 18, 0
5, 19, 3
5, 20, 0
5, 21, 0
5, 22, 0
5, 23, 0
5, 24, 27
5, 25, 0
5, 26, 33
5, 27, 56
5, 28, 46
5, 29, 49
5, 30, 0
5, 31, 0
5, 32, 0
5, 33, 32
5, 34, 0
5, 35, 0
5, 36, 0
5, 37, 51
5, 38, 0
5, 39, 0
5, 40, 31
5, 41, 32
5, 42, 0
5, 43, 20
5, 44, 57
5, 45, 22
5, 46, 0
5, 47, 17
5, 48, 0
5, 49, 0
5, 50, 0
5, 51, 0
5, 52, 0
5, 53, 9
5, 54, 21
5, 55, 0
5, 56, 54
5, 57, 39
5, 58, 0
5, 59, 0
5, 60, 0
5, 61, 51
5, 62, 0
5, 63, 0
5, 64, 0
5, 65, 0
5, 66, 0
5, 67, 0
5, 68, 0
5, 69, 28
5, 70, 24
5, 71, 0
5, 72, 0
5, 73, 0
5, 74, 0
5, 75, 39
5, 76, 0
5, 77, 25
5, 78, 22
5, 79, 34
5, 80, 0
5, 81, 0
5, 82, 20
5, 83, 0
5, 84, 51
5, 85, 0
5, 86, 35
5, 87, 0
5, 88, 0
5, 89, 1
5, 90, 0
5, 91, 0
5, 92, 38
5, 93, 40
5, 94, 0
5, 95, 0
5, 96, 50
5, 97, 6
5, 98, 55
5, 99, 6
5, 100, 0
5, 101, 0
5, 102, 0
5, 103, 23
5, 104, 0
5, 105, 0
5, 106, 0
5, 107, 0
5, 108, 0
5, 109, 0
5, 110, 0
5, 111, 0
5, 112, 0
5, 113, 27
5, 114, 41
5, 115, 0
5, 116, 0
5, 117, 52
5, 118, 32
5, 119, 0
5, 120, 0
5, 121, 34
5, 122, 48
5, 123, 0
5, 124, 0
5, 125, 40
5, 126, 0
5, 127, 0
5, 128, 46
5, 129, 0
5, 130, 0
5, 131, 0
5, 132, 13
5, 133, 0
5, 134, 0
5, 135, 41
5, 136, 0
5, 137, 43
5, 138, 20
5, 139, 0
5, 140, 0
5, 141, 0
5, 142, 32
5, 143, 0
5, 144, 24
5, 145, 0
5, 146, 0
5, 147, 49
5, 148, 0
5, 149, 51
5, 150, 0
5, 151, 17
5, 152, 0
5, 153, 0
5, 154, 57
5, 155, 28
5, 156, 0
5, 157, 9
5, 158, 0
5, 159, 45
5, 160, 54
5, 161, 0
5, 162, 21
5, 163, 0
5, 164, 0
5, 165, 33
5, 166, 50
5, 167, 0
5, 168, 56
5, 169, 0
5, 170, 14
5, 171, 30
5, 172, 39
5, 173, 0
5, 174, 0
5, 175, 28
5, 176, 0
5, 177, 0
5, 178, 0
5, 179, 15
5, 180, 19
5, 181, 35
5, 182, 0
5, 183, 0
5, 184, 0
5, 185, 57
5, 186, 0
5, 187, 0
5, 188, 1
5, 189, 0
5, 190, 54
5, 191, 38
5, 192, 28
5, 193, 0
5, 194, 49
5, 195, 0
5, 196, 0
5, 197, 0
5, 198, 41
5, 199, 0
5, 200, 0
5, 201, 0
5, 202, 0
5, 203, 41
5, 204, 0
5, 205, 22
5, 206, 0
5, 207, 0
5, 208, 0
5, 209, 2
5, 210, 0
5, 211, 1
5, 212, 0
5, 213, 10
5, 214, 0
5, 215, 0
5, 216, 0
5, 217, 0
5, 218, 48
5, 219, 54
5, 220, 0
5, 221, 44
5, 222, 50
5, 223, 54
5, 224, 47
5, 225, 0
5, 226, 0
5, 227, 0
5, 228, 0
5, 229, 51
5, 230, 46
5, 231, 0
5, 232, 27
5, 233, 0
5, 234, 7
5, 235, 0
5, 236, 0
5, 237, 0
5, 238, 0
5, 239, 0
5, 240, 45
5, 241, 43
5, 242, 0
5, 243, 0
5, 244, 47
5, 245, 0
5, 246, 0
5, 247, 0
5, 248, 0
5, 249, 0
5, 250, 45
5, 251, 0
5, 252, 24
5, 253, 0
5, 254, 40
5, 255, 49
5, 256, 55
5, 257, 0
5, 258, 39
5, 259, 52
5, 260, 34
5, 261, 0
5, 262, 0
5, 263, 0
5, 264, 0
5, 265, 0
5, 266, 0
5, 267, 0
5, 268, 52
5, 269, 0
5, 270, 0
5, 271, 13
5, 272, 0
5, 273, 0
5, 274, 0
5, 275, 23
5, 276, 0
5, 277, 30
5, 278, 0
5, 279, 0
5, 280, 40
5, 281, 34
5, 282, 8
5, 283, 0
5, 284, 0
5, 285, 0
5, 286, 19
5, 287, 0
5, 288, 0
5, 289, 2
5, 290, 54
5, 291, 0
5, 292, 31
5, 293, 0
5, 294, 15
5, 295, 16
5, 296, 56
5, 297, 11
5, 298, 49
5, 299, 0
5, 300, 0
5, 301, 0
5, 302, 0
5, 303, 29
5, 304, 0
5, 305, 24
5, 306, 14
5, 307, 0
5, 308, 20
5, 309, 0
5, 310, 25
5, 311, 0
5, 312, 5
5, 313, 0
5, 314, 0
5, 315, 0
5, 316, 43
5, 317, 36
5, 318, 51
5, 319, 35
5, 320, 56
5, 321, 10
5, 322, 0
5, 323, 19
5, 324, 0
5, 325, 0
5, 326, 52
5, 327, 0
5, 328, 41
5, 329, 0
5, 330, 37
5, 331, 27
5, 332, 14
5, 333, 36
5, 334, 47
5, 335, 0
5, 336, 39
5, 337, 0
5, 338, 0
5, 339, 0
5, 340, 8
5, 341, 0
5, 342, 22
5, 343, 0
5, 344, 0
5, 345, 36
5, 346, 24
5, 347, 40
5, 348, 0
5, 349, 0
5, 350, 33
5, 351, 5
5, 352, 0
5, 353, 0
5, 354, 0
5, 355, 50
5, 356, 10
5, 357, 47
5, 358, 0
5, 359, 0
5, 360, 0
5, 361, 0
5, 362, 0
5, 363, 29
5, 364, 16
5, 365, 0
5, 366, 0
5, 367, 0
5, 368, 48
5, 369, 28
5, 370, 55
5, 371, 0
5, 372, 0
5, 373, 13
5, 374, 17
5, 375, 0
5, 376, 0
5, 377, 0
5, 378, 0
5, 379, 0
5, 380, 0
5, 381, 57
5, 382, 22
5, 383, 52
5, 384, 37
5, 385, 3
5, 386, 5
5, 387, 11
5, 388, 45
5, 389, 0
5, 390, 0
5, 391, 0
5, 392, 25
5, 393, 0
5, 394, 15
5, 395, 35
5, 396, 25
5, 397, 36
5, 398, 0
5, 399, 48
6, 0, 0
6, 1, 0
6, 2, 54
6, 3, 51
6, 4, 0
6, 5, 0
6, 6, 0
6, 7, 0
6, 8, 0
6, 9, 0
6, 10, 39
6, 11, 35
6, 12, 28
6, 13, 0
6, 14, 19
6, 15, 0
6, 16, 0
6, 17, 22
6, 18, 0
6, 19, 14
6, 20, 34
6, 21, 0
6, 22, 0
6, 23, 3
6, 24, 44
6, 25, 0
6, 26, 0
6, 27, 26
6, 28, 6
6, 29, 0
6, 30, 0
6, 31, 0
6, 32, 0
6, 33, 21
6, 34, 49
6, 35, 0
6, 36, 0
6, 37, 0
6, 38, 15
6, 39, 27
6, 40, 0
6, 41, 10
6, 42, 49
6, 43, 0
6, 44, 0
6, 45, 0
6, 46, 0
6, 47, 45
6, 48, 0
6, 49, 52
6, 50, 0
6, 51, 0
6, 52, 0
6, 53, 54
6, 54, 0
6, 55, 0
6, 56, 0
6, 57, 0
6, 58, 7
6, 59, 0
6, 60, 38
6, 61, 51
6, 62, 0
6, 63, 55
6, 64, 28
6, 65, 27
6, 66, 23
6, 67, 0
6, 68, 0
6, 69, 22
6, 70, 41
6, 71, 30
6, 72, 0
6, 73, 0
6, 74, 7
6, 75, 0
6, 76, 0
6, 77, 0
6, 78, 58
6, 79, 48
6, 80, 47
6, 81, 0
6, 82, 0
6, 83, 0
6, 84, 0
6, 85, 31
6, 86, 0
6, 87, 0
6, 88, 0
6, 89, 24
6, 90, 22
6, 91, 0
6, 92, 26
6, 93, 37
6, 94, 47
6, 95, 10
6, 96, 56
6, 97, 36
6, 98, 0
6, 99, 9
6, 100, 0
6, 101, 17
6, 102, 0
6, 103, 0
6, 104, 41
6, 105, 34
6, 106, 17
6, 107, 0
6, 108, 0
6, 109, 0
6, 110, 0
6, 111, 0
6, 112, 22
6, 113, 35
6, 114, 0
6, 115, 0
6, 116, 0
6, 117, 0
6, 118, 0
6, 119, 0
6, 120, 0
6, 121, 0
6, 122, 39
6, 123, 0
6, 124, 0
6, 125, 37
6, 126, 41
6, 127, 21
6, 128, 0
6, 129, 31
6, 130, 0
6, 131, 0
6, 132, 0
6, 133, 0
6, 134, 13
6, 135, 40
6, 136, 0
6, 137, 0
6, 138, 51
6, 139, 0
6, 140, 0
6, 141, 0
6, 142, 0
6, 143, 10
6, 144, 0
6, 145, 0
6, 146, 0
6, 147, 0
6, 148, 0
6, 149, 0
6, 150, 0
6, 151, 23
6, 152, 0
6, 153, 0
6, 154, 38
6, 155, 37
6, 156, 0
6, 157, 0
6, 158, 0
6, 159, 0
6, 160, 0
6, 161, 49
6, 162, 32
6, 163, 11
6, 164, 44
6, 165, 42
6, 166, 0
6, 167, 0
6, 168, 0
6, 169, 0
6, 170, 0
6, 171, 1
6, 172, 39
6, 173, 0
6, 174, 30
6, 175, 0
6, 176, 0
6, 177, 54
6, 178, 0
6, 179, 0
6, 180, 19
6, 181, 58
6, 182, 45
6, 183, 47
6, 184, 0
6, 185, 44
6, 186, 35
6, 187, 0
6, 188, 0
6, 189, 7
6, 190, 0
6, 191, 35
6, 192, 0
6, 193, 0
6, 194, 0
6, 195, 20
6, 196, 15
6, 197, 2
6, 198, 28
6, 199, 0
6, 200, 0
6, 201, 14
6, 202, 0
6, 203, 0
6, 204, 0
6, 205, 0
6, 206, 0
6, 207, 0
6, 208, 36
6, 209, 5
6, 210, 0
6, 211, 0
6, 212, 51
6, 213, 7
6, 214, 0
6, 215, 0
6, 216, 0
6, 217, 13
6, 218, 0
6, 219, 52
6, 220, 17
6, 221, 0
6, 222, 3
6, 223, 0
6, 224, 0
6, 225, 0
6, 226, 0
6, 227, 0
6, 228, 0
6, 229, 0
6, 230, 24
6, 231, 0
6, 232, 0
6, 233, 0
6, 234, 0
6, 235, 30
6, 236, 0
6, 237, 0
6, 238, 31
6, 239, 0
6, 240, 0
6, 241, 24
6, 242, 0
6, 243, 51
6, 244, 0
6, 245, 0
6, 246, 0
6, 247, 0
6, 248, 0
6, 249, 0
6, 250, 0
6, 251, 0
6, 252, 0
6, 253, 0
6, 254, 26
6, 255, 0
6, 256, 17
6, 257, 0
6, 258, 0
6, 259, 7
6, 260, 48
6, 261, 0
6, 262, 0
6, 263, 0
6, 264, 0
6, 265, 0
6, 266, 0
6, 267, 0
6, 268, 0
6, 269, 0
6, 270, 0
6, 271, 55
6, 272, 19
6, 273, 0
6, 274, 0
6, 275, 0
6, 276, 10
6, 277, 47
6, 278, 10
6, 279, 0
6, 280, 49
6, 281, 1
6, 282, 19
6, 283, 0
6, 284, 3
6, 285, 0
6, 286, 38
6, 287, 0
6, 288, 36
6, 289, 0
6, 290, 5
6, 291, 0
6, 292, 0
6, 293, 0
6, 294, 33
6, 295, 0
6, 296, 0
6, 297, 54
6, 298, 42
6, 299, 0
6, 300, 0
6, 301, 29
6, 302, 0
6, 303, 6
6, 304, 0
6, 305, 0
6, 306, 0
6, 307, 0
6, 308, 0
6, 309, 0
6, 310, 0
6, 311, 40
6, 312, 0
6, 313, 0
6, 314, 0
6, 315, 44
6, 316, 55
6, 317, 22
6, 318, 0
6, 319, 0
6, 320, 0
6, 321, 0
6, 322, 0
6, 323, 0
6, 324, 0
6, 325, 0
6, 326, 36
6, 327, 0
6, 328, 14
6, 329, 35
6, 330, 0
6, 331, 0
6, 332, 0
6, 333, 0
6, 334, 0
6, 335, 49
6, 336, 7
6, 337, 0
6, 338, 0
6, 339, 0
6, 340, 0
6, 341, 52
6, 342, 0
6, 343, 0
6, 344, 0
6, 345, 0
6, 346, 58
6, 347, 6
6, 348, 0
6, 349, 0
6, 350, 0
6, 351, 0
6, 352, 55
6, 353, 53
6, 354, 0
6, 355, 8
6, 356, 0
6, 357, 21
6, 358, 13
6, 359, 0
6, 360, 0
6, 361, 0
6, 362, 5
6, 363, 0
6, 364, 0
6, 365, 61
6, 366, 0
6, 367, 0
6, 368, 0
6, 369, 56
6, 370, 1
6, 371, 0
6, 372, 41
6, 373, 0
6, 374, 0
6, 375, 0
6, 376, 0
6, 377, 0
6, 378, 0
6, 379, 0
6, 380, 0
6, 381, 37
6, 382, 2
6, 383, 0
6, 384, 0
6, 385, 0
6, 386, 39
6, 387, 0
6, 388, 0
6, 389, 47
6, 390, 23
6, 391, 0
6, 392, 0
6, 393, 0
6, 394, 0
6, 395, 0
6, 396, 0
6, 397, 51
6, 398, 30
6, 399, 22
7, 0, 0
7, 1, 0
7, 2, 0
7, 3, 0
7, 4, 0
7, 5, 3
7, 6, 0
7, 7, 26
7, 8, 0
7, 9, 0
7, 10, 44
7, 11, 34
7, 12, 40
7, 13, 0
7, 14, 0
7, 15, 0
7, 16, 44
7, 17, 0
7, 18, 11
7, 19, 46
7, 20, 0
7, 21, 0
7, 22, 0
7, 23, 0
7, 24, 0
7, 25, 0
7, 26, 37
7, 27, 35
7, 28, 0
7, 29, 0
7, 30, 0
7, 31, 0
7, 32, 38
7, 33, 20
7, 34, 0
7, 35, 27
7, 36, 0
7, 37, 32
7, 38, 0
7, 39, 0
7, 40, 14
7, 41, 0
7, 42, 0
7, 43, 41
7, 44, 9
7, 45, 7
7, 46, 51
7, 47, 0
7, 48, 13
7, 49, 34
7, 50, 44
7, 51, 0
7, 52, 0
7, 53, 0
7, 54, 0
7, 55, 0
7, 56, 49
7, 57, 0
7, 58, 31
7, 59, 0
7, 60, 39
7, 61, 2
7, 62, 44
7, 63, 0
7, 64, 0
7, 65, 0
7, 66, 0
7, 67, 0
7, 68, 0
7, 69, 40
7, 70, 41
7, 71, 0
7, 72, 17
7, 73, 0
7, 74, 32
7, 75, 37
7, 76, 19
7, 77, 46
7, 78, 0
7, 79, 52
7, 80, 0
7, 81, 0
7, 82, 18
7, 83, 0
7, 84, 15
7, 85, 7
7, 86, 0
7, 87, 0
7, 88, 54
7, 89, 0
7, 90, 39
7, 91, 0
7, 92, 0
7, 93, 0
7, 94, 0
7, 95, 0
7, 96, 46
7, 97, 33
7, 98, 43
7, 99, 0
7, 100, 0
7, 101, 22
7, 102, 0
7, 103, 0
7, 104, 25
7, 105, 48
7, 106, 0
7, 107, 12
7, 108, 0
7, 109, 35
7, 110, 0
7, 111, 3
7, 112, 0
7, 113, 0
7, 114, 0
7, 115, 42
7, 116, 0
7, 117, 38
7, 118, 0
7, 119, 0
7, 120, 0
7, 121, 47
7, 122, 36
7, 123, 55
7, 124, 0
7, 125, 0
7, 126, 0
7, 127, 19
7, 128, 16
7, 129, 0
7, 130, 30
7, 131, 0
7, 132, 36
7, 133, 0
7, 134, 51
7, 135, 0
7, 136, 48
7, 137, 0
7, 138, 0
7, 139, 18
7, 140, 0
7, 141, 35
7, 142, 0
7, 143, 40
7, 144, 49
7, 145, 0
7, 146, 22
7, 147, 13
7, 148, 42
7, 149, 54
7, 150, 0
7, 151, 17
7, 152, 31
7, 153, 0
7, 154, 0
7, 155, 0
7, 156, 0
7, 157, 54
7, 158, 0
7, 159, 31
7, 160, 0
7, 161, 0
7, 162, 0
7, 163, 0
7, 164, 0
7, 165, 0
7, 166, 0
7, 167, 21
7, 168, 27
7, 169, 0
7, 170, 26
7, 171, 0
7, 172, 53
7, 173, 0
7, 174, 0
7, 175, 0
7, 176, 24
7, 177, 0
7, 178, 0
7, 179, 28
7, 180, 0
7, 181, 32
7, 182, 0
7, 183, 42
7, 184, 0
7, 185, 0
7, 186, 0
7, 187, 0
7, 188, 35
7, 189, 0
7, 190, 0
7, 191, 0
7, 192, 0
7, 193, 39
7, 194, 0
7, 195, 0
7, 196, 0
7, 197, 44
7, 198, 0
7, 199, 0
7, 200, 5
7, 201, 0
7, 202, 41
7, 203, 14
7, 204, 0
7, 205, 2
7, 206, 0
7, 207, 0
7, 208, 0
7, 209, 17
7, 210, 38
7, 211, 0
7, 212, 34
7, 213, 0
7, 214, 52
7, 215, 0
7, 216, 48
7, 217, 0
7, 218, 51
7, 219, 0
7, 220, 0
7, 221, 0
7, 222, 25
7, 223, 0
7, 224, 0
7, 225, 0
7, 226, 33
7, 227, 12
7, 228, 46
7, 229, 41
7, 230, 38
7, 231, 0
7, 232, 0
7, 233, 7
7, 234, 16
7, 235, 0
7, 236, 21
7, 237, 2
7, 238, 20
7, 239, 0
7, 240, 46
7, 241, 40
7, 242, 0
7, 243, 0
7, 244, 6
7, 245, 0
7, 246, 52
7, 247, 44
7, 248, 51
7, 249, 50
7, 250, 0
7, 251, 52
7, 252, 34
7, 253, 0
7, 254, 36
7, 255, 0
7, 256, 0
7, 257, 31
7, 258, 0
7, 259, 19
7, 260, 29
7, 261, 0
7, 262, 49
7, 263, 26
7, 264, 55
7, 265, 22
7, 266, 0
7, 267, 0
7, 268, 0
7, 269, 0
7, 270, 7
7, 271, 40
7, 272, 17
7, 273, 53
7, 274, 18
7, 275, 0
7, 276, 0
7, 277, 0
7, 278, 35
7, 279, 0
7, 280, 27
7, 281, 30
7, 282, 13
7, 283, 0
7, 284, 54
7, 285, 0
7, 286, 0
7, 287, 49
7, 288, 0
7, 289, 0
7, 290, 0
7, 291, 0
7, 292, 0
7, 293, 0
7, 294, 47
7, 295, 40
7, 296, 0
7, 297, 0
7, 298, 0
7, 299, 0
7, 300, 0
7, 301, 0
7, 302, 0
7, 303, 0
7, 304, 16
7, 305, 0
7, 306, 0
7, 307, 0
7, 308, 0
7, 309, 1
7, 310, 55
7, 311, 36
7, 312, 47
7, 313, 53
7, 314, 32
7, 315, 7
7, 316, 0
7, 317, 0
7, 318, 0
7, 319, 54
7, 320, 0
7, 321, 0
7, 322, 9
7, 323, 0
7, 324, 0
7, 325, 12
7, 326, 0
7, 327, 34
7, 328, 18
7, 329, 42
7, 330, 29
7, 331, 0
7, 332, 0
7, 333, 50
7, 334, 0
7, 335, 0
7, 336, 28
7, 337, 0
7, 338, 0
7, 339, 15
7, 340, 0
7, 341, 0
7, 342, 0
7, 343, 2
7, 344, 0
7, 345, 51
7, 346, 0
7, 347, 0
7, 348, 0
7, 349, 0
7, 350, 0
7, 351, 26
7, 352, 0
7, 353, 0
7, 354, 40
7, 355, 41
7, 356, 48
7, 357, 24
7, 358, 0
7, 359, 0
7, 360, 15
7, 361, 0
7, 362, 48
7, 363, 0
7, 364, 0
7, 365, 43
7, 366, 0
7, 367, 34
7, 368, 0
7, 369, 0
7, 370, 0
7, 371, 19
7, 372, 0
7, 373, 28
7, 374, 36
7, 375, 22
7, 376, 0
7, 377, 35
7, 378, 0
7, 379, 33
7, 380, 29
7, 381, 0
7, 382, 47
7, 383, 0
7, 384, 0
7, 385, 0
7, 386, 25
7, 387, 0
7, 388, 52
7, 389, 49
7, 390, 0
7, 391, 0
7, 392, 9
7, 393, 37
7, 394, 0
7, 395, 40
7, 396, 6
7, 397, 21
7, 398, 38
7, 399, 0
8, 0, 0
8, 1, 0
8, 2, 0
8, 3, 0
8, 4, 0
8, 5, 0
8, 6, 0
8, 7, 45
8, 8, 19
8, 9, 0
8, 10, 0
8, 11, 0
8, 12, 0
8, 13, 0
8, 14, 23
8, 15, 44
8, 16, 0
8, 17, 0
8, 18, 46
8, 19, 21
8, 20, 0
8, 21, 0
8, 22, 0
8, 23, 49
8, 24, 43
8, 25, 0
8, 26, 0
8, 27, 52
8, 28, 47
8, 29, 0
8, 30, 0
8, 31, 0
8, 32, 0
8, 33, 0
8, 34, 0
8, 35, 3
8, 36, 0
8, 37, 7
8, 38, 0
8, 39, 0
8, 40, 0
8, 41, 12
8, 42, 0
8, 43, 0
8, 44, 1
8, 45, 0
8, 46, 0
8, 47, 17
8, 48, 5
8, 49, 36
8, 50, 0
8, 51, 38
8, 52, 0
8, 53, 0
8, 54, 22
8, 55, 15
8, 56, 0
8, 57, 0
8, 58, 44
8, 59, 0
8, 60, 0
8, 61, 0
8, 62, 35
8, 63, 0
8, 64, 0
8, 65, 47
8, 66, 0
8, 67, 0
8, 68, 0
8, 69, 0
8, 70, 48
8, 71, 0
8, 72, 0
8, 73, 56
8, 74, 4
8, 75, 0
8, 76, 0
8, 77, 22
8, 78, 0
8, 79, 0
8, 80, 37
8, 81, 55
8, 82, 0
8, 83, 0
8, 84, 11
8, 85, 41
8, 86, 0
8, 87, 41
8, 88, 29
8, 89, 40
8, 90, 0
8, 91, 13
8, 92, 0
8, 93, 0
8, 94, 41
8, 95, 0
8, 96, 13
8, 97, 41
8, 98, 46
8, 99, 37
8, 100, 0
8, 101, 0
8, 102, 0
8, 103, 0
8, 104, 0
8, 105, 14
8, 106, 18
8, 107, 0
8, 108, 0
8, 109, 50
8, 110, 0
8, 111, 0
8, 112, 0
8, 113, 0
8, 114, 0
8, 115, 0
8, 116, 0
8, 117, 0
8, 118, 0
8, 119, 0
8, 120, 7
8, 121, 0
8, 122, 0
8, 123, 41
8, 124, 1
8, 125, 0
8, 126, 0
8, 127, 31
8, 128, 0
8, 129, 0
8, 130, 47
8, 131, 24
8, 132, 0
8, 133, 0
8, 134, 23
8, 135, 28
8, 136, 24
8, 137, 21
8, 138, 51
8, 139, 32
8, 140, 0
8, 141, 0
8, 142, 40
8, 143, 0
8, 144, 0
8, 145, 38
8, 146, 5
8, 147, 49
8, 148, 0
8, 149, 30
8, 150, 0
8, 151, 0
8, 152, 51
8, 153, 0
8, 154, 0
8, 155, 0
8, 156, 22
8, 157, 0
8, 158, 0
8, 159, 25
8, 160, 0
8, 161, 0
8, 162, 0
8, 163, 3
8, 164, 0
8, 165, 7
8, 166, 41
8, 167, 0
8, 168, 0
8, 169, 48
8, 170, 10
8, 171, 0
8, 172, 0
8, 173, 39
8, 174, 0
8, 175, 0
8, 176, 8
8, 177, 0
8, 178, 0
8, 179, 0
8, 180, 0
8, 181, 20
8, 182, 0
8, 183, 17
8, 184, 50
8, 185, 0
8, 186, 0
8, 187, 0
8, 188, 0
8, 189, 0
8, 190, 27
8, 191, 0
8, 192, 0
8, 193, 23
8, 194, 21
8, 195, 0
8, 196, 0
8, 197, 45
8, 198, 0
8, 199, 0
8, 200, 0
8, 201, 56
8, 202, 29
8, 203, 12
8, 204, 6
8, 205, 46
8, 206, 0
8, 207, 0
8, 208, 22
8, 209, 0
8, 210, 52
8, 211, 36
8, 212, 0
8, 213, 0
8, 214, 0
8, 215, 0
8, 216, 0
8, 217, 37
8, 218, 0
8, 219, 0
8, 220, 0
8, 221, 15
8, 222, 0
8, 223, 0
8, 224, 35
8, 225, 0
8, 226, 3
8, 227, 0
8, 228, 0
8, 229, 0
8, 230, 0
8, 231, 0
8, 232, 0
8, 233, 0
8, 234, 0
8, 235, 0
8, 236, 0
8, 237, 0
8, 238, 33
8, 239, 0
8, 240, 47
8, 241, 18
8, 242, 0
8, 243, 0
8, 244, 48
8, 245, 0
8, 246, 0
8, 247, 0
8, 248, 44
8, 249, 11
8, 250, 0
8, 251, 0
8, 252, 0
8, 253, 0
8, 254, 0
8, 255, 0
8, 256, 12
8, 257, 19
8, 258, 40
8, 259, 43
8, 260, 0
8, 261, 19
8, 262, 0
8, 263, 32
8, 264, 0
8, 265, 0
8, 266, 0
8, 267, 0
8, 268, 35
8, 269, 51
8, 270, 0
8, 271, 0
8, 272, 33
8, 273, 0
8, 274, 39
8, 275, 29
8, 276, 0
8, 277, 0
8, 278, 0
8, 279, 0
8, 280, 11
8, 281, 4
8, 282, 0
8, 283, 0
8, 284, 22
8, 285, 0
8, 286, 55
8, 287, 0
8, 288, 7
8, 289, 1
8, 290, 5
8, 291, 0
8, 292, 0
8, 293, 10
8, 294, 0
8, 295, 0
8, 296, 41
8, 297, 0
8, 298, 49
8, 299, 17
8, 300, 3
8, 301, 0
8, 302, 0
8, 303, 38
8, 304, 8
8, 305, 0
8, 306, 16
8, 307, 29
8, 308, 0
8, 309, 13
8, 310, 0
8, 311, 56
8, 312, 24
8, 313, 0
8, 314, 0
8, 315, 68
8, 316, 0
8, 317, 0
8, 318, 0
8, 319, 28
8, 320, 0
8, 321, 0
8, 322, 0
8, 323, 0
8, 324, 0
8, 325, 0
8, 326, 32
8, 327, 0
8, 328, 36
8, 329, 0
8, 330, 0
8, 331, 0
8, 332, 52
8, 333, 0
8, 334, 0
8, 335, 0
8, 336, 18
8, 337, 0
8, 338, 0
8, 339, 0
8, 340, 0
8, 341, 0
8, 342, 23
8, 343, 24
8, 344, 6
8, 345, 31
8, 346, 0
8, 347, 0
8, 348, 46
8, 349, 0
8, 350, 0
8, 351, 0
8, 352, 43
8, 353, 32
8, 354, 0
8, 355, 10
8, 356, 0
8, 357, 0
8, 358, 0
8, 359, 0
8, 360, 26
8, 361, 0
8, 362, 0
8, 363, 0
8, 364, 0
8, 365, 0
8, 366, 0
8, 367, 0
8, 368, 0
8, 369, 0
8, 370, 0
8, 371, 0
8, 372, 0
8, 373, 45
8, 374, 0
8, 375, 0
8, 376, 47
8, 377, 0
8, 378, 0
8, 379, 8
8, 380, 0
8, 381, 0
8, 382, 25
8, 383, 0
8, 384, 0
8, 385, 0
8, 386, 0
8, 387, 0
8, 388, 0
8, 389, 0
8, 390, 0
8, 391, 32
8, 392, 0
8, 393, 48
8, 394, 0
8, 395, 27
8, 396, 14
8, 397, 56
8, 398, 16
8, 399, 29
9, 0, 0
9, 1, 0
9, 2, 0
9, 3, 20
9, 4, 0
9, 5, 0
9, 6, 21
9, 7, 0
9, 8, 0
9, 9, 34
9, 10, 56
9, 11, 0
9, 12, 0
9, 13, 0
9, 14, 50
9, 15, 0
9, 16, 0
9, 17, 0
9, 18, 0
9, 19, 56
9, 20, 0
9, 21, 25
9, 22, 29
9, 23, 0
9, 24, 0
9, 25, 0
9, 26, 5
9, 27, 48
9, 28, 0
9, 29, 0
9, 30, 0
9, 31, 23
9, 32, 0
9, 33, 0
9, 34, 0
9, 35, 38
9, 36, 6
9, 37, 0
9, 38, 0
9, 39, 42
9, 40, 0
9, 41, 11
9, 42, 42
9, 43, 36
9, 44, 31
9, 45, 35
9, 46, 0
9, 47, 0
9, 48, 0
9, 49, 54
9, 50, 26
9, 51, 0
9, 52, 0
9, 53, 0
9, 54, 0
9, 55, 12
9, 56, 22
9, 57, 0
9, 58, 0
9, 59, 51
9, 60, 0
9, 61, 28
9, 62, 14
9, 63, 18
9, 64, 11
9, 65, 29
9, 66, 0
9, 67, 0
9, 68, 43
9, 69, 0
9, 70, 9
9, 71, 4
9, 72, 0
9, 73, 43
9, 74, 48
9, 75, 0
9, 76, 0
9, 77, 0
9, 78, 28
9, 79, 0
9, 80, 31
9, 81, 0
9, 82, 10
9, 83, 21
9, 84, 0
9, 85, 0
9, 86, 0
9, 87, 0
9, 88, 0
9, 89, 0
9, 90, 0
9, 91, 0
9, 92, 0
9, 93, 0
9, 94, 50
9, 95, 50
9, 96, 0
9, 97, 40
9, 98, 0
9, 99, 0
9, 100, 0
9, 101, 49
9, 102, 0
9, 103, 0
9, 104, 48
9, 105, 0
9, 106, 50
9, 107, 42
9, 108, 20
9, 109, 0
9, 110, 0
9, 111, 14
9, 112, 0
9, 113, 12
9, 114, 0
9, 115, 0
9, 116, 0
9, 117, 2
9, 118, 6
9, 119, 0
9, 120, 46
9, 121, 0
9, 122, 0
9, 123, 0
9, 124, 0
9, 125, 0
9, 126, 23
9, 127, 39
9, 128, 31
9, 129, 36
9, 130, 0
9, 131, 6
9, 132, 0
9, 133, 53
9, 134, 0
9, 135, 0
9, 136, 0
9, 137, 35
9, 138, 0
9, 139, 0
9, 140, 27
9, 141, 0
9, 142, 0
9, 143, 0
9, 144, 0
9, 145, 0
9, 146, 34
9, 147, 54
9, 148, 0
9, 149, 16
9, 150, 0
9, 151, 41
9, 152, 56
9, 153, 0
9, 154, 44
9, 155, 4
9, 156, 0
9, 157, 49
9, 158, 18
9, 159, 0
9, 160, 0
9, 161, 0
9, 162, 25
9, 163, 0
9, 164, 29
9, 165, 0
9, 166, 0
9, 167, 0
9, 168, 36
9, 169, 11
9, 170, 0
9, 171, 43
9, 172, 21
9, 173, 0
9, 174, 38
9, 175, 0
9, 176, 0
9, 177, 35
9, 178, 0
9, 179, 26
9, 180, 0
9, 181, 3
9, 182, 0
9, 183, 48
9, 184, 30
9, 185, 12
9, 186, 22
9, 187, 18
9, 188, 45
9, 189, 37
9, 190, 33
9, 191, 0
9, 192, 26
9, 193, 29
9, 194, 0
9, 195, 0
9, 196, 0
9, 197, 0
9, 198, 5
9, 199, 10
9, 200, 0
9, 201, 0
9, 202, 6
9, 203, 0
9, 204, 0
9, 205, 0
9, 206, 22
9, 207, 0
9, 208, 21
9, 209, 41
9, 210, 51
9, 211, 38
9, 212, 1
9, 213, 19
9, 214, 0
9, 215, 0
9, 216, 0
9, 217, 56
9, 218, 0
9, 219, 0
9, 220, 0
9, 221, 49
9, 222, 0
9, 223, 43
9, 224, 0
9, 225, 0
9, 226, 0
9, 227, 0
9, 228, 0
9, 229, 0
9, 230, 0
9, 231, 0
9, 232, 0
9, 233, 0
9, 234, 1
9, 235, 40
9, 236, 0
9, 237, 0
9, 238, 0
9, 239, 0
9, 240, 0
9, 241, 51
9, 242, 0
9, 243, 42
9, 244, 22
9, 245, 48
9, 246, 26
9, 247, 6
9, 248, 51
9, 249, 28
9, 250, 27
9, 251, 18
9, 252, 50
9, 253, 0
9, 254, 0
9, 255, 0
9, 256, 52
9, 257, 54
9, 258, 0
9, 259, 24
9, 260, 19
9, 261, 0
9, 262, 0
9, 263, 0
9, 264, 0
9, 265, 0
9, 266, 9
9, 267, 2
9, 268, 0
9, 269, 0
9, 270, 0
9, 271, 0
9, 272, 0
9, 273, 0
9, 274, 0
9, 275, 0
9, 276, 39
9, 277, 49
9, 278, 0
9, 279, 0
9, 280, 0
9, 281, 0
9, 282, 0
9, 283, 9
9, 284, 0
9, 285, 0
9, 286, 0
9, 287, 0
9, 288, 0
9, 289, 45
9, 290, 11
9, 291, 0
9, 292, 44
9, 293, 38
9, 294, 14
9, 295, 0
9, 296, 0
9, 297, 0
9, 298, 39
9, 299, 39
9, 300, 25
9, 301, 23
9, 302, 15
9, 303, 46
9, 304, 7
9, 305, 0
9, 306, 0
9, 307, 0
9, 308, 0
9, 309, 0
9, 310, 53
9, 311, 14
9, 312, 4
9, 313, 35
9, 314, 0
9, 315, 41
9, 316, 25
9, 317, 0
9, 318, 0
9, 319, 0
9, 320, 0
9, 321, 0
9, 322, 0
9, 323, 0
9, 324, 0
9, 325, 52
9, 326, 0
9, 327, 0
9, 328, 22
9, 329, 0
9, 330, 0
9, 331, 0
9, 332, 0
9, 333, 0
9, 334, 3
9, 335, 52
9, 336, 36
9, 337, 0
9, 338, 12
9, 339, 0
9, 340, 0
9, 341, 46
9, 342, 2
9, 343, 49
9, 344, 0
9, 345, 37
9, 346, 15
9, 347, 18
9, 348, 49
9, 349, 23
9, 350, 0
9, 351, 28
9, 352, 0
9, 353, 24
9, 354, 31
9, 355, 39
9, 356, 43
9, 357, 56
9, 358, 0
9, 359, 28
9, 360, 0
9, 361, 0
9, 362, 0
9, 363, 25
9, 364, 31
9, 365, 27
9, 366, 0
9, 367, 36
9, 368, 56
9, 369, 0
9, 370, 0
9, 371, 44
9, 372, 0
9, 373, 0
9, 374, 36
9, 375, 0
9, 376, 48
9, 377, 0
9, 378, 0
9, 379, 0
9, 380, 46
9, 381, 0
9, 382, 0
9, 383, 9
9, 384, 1
9, 385, 38
9, 386, 0
9, 387, 0
9, 388, 0
9, 389, 46
9, 390, 38
9, 391, 0
9, 392, 43
9, 393, 0
9, 394, 52
9, 395, 9
9, 396, 4
9, 397, 0
9, 398, 51
9, 399, 25
10, 0, 0
10, 1, 0
10, 2, 0
10, 3, 10
10, 4, 0
10, 5, 0
10, 6, 0
10, 7, 0
10, 8, 52
10, 9, 0
10, 10, 58
10, 11, 48
10, 12, 0
10, 13, 34
10, 14, 0
10, 15, 14
10, 16, 0
10, 17, 0
10, 18, 47
10, 19, 0
10, 20, 0
10, 21, 23
10, 22, 0
10, 23, 32
10, 24, 0
10, 25, 35
10, 26, 0
10, 27, 46
10, 28, 0
10, 29, 0
10, 30, 21
10, 31, 37
10, 32, 5
10, 33, 0
10, 34, 0
10, 35, 30
10, 36, 20
10, 37, 0
10, 38, 19
10, 39, 9
10, 40, 0
10, 41, 0
10, 42, 1
10, 43, 23
10, 44, 0
10, 45, 40
10, 46, 0
10, 47, 0
10, 48, 0
10, 49, 22
10, 50, 0
10, 51, 25
10, 52, 6
10, 53, 0
10, 54, 0
10, 55, 0
10, 56, 52
10, 57, 53
10, 58, 0
10, 59, 0
10, 60, 0
10, 61, 43
10, 62, 0
10, 63, 26
10, 64, 0
10, 65, 0
10, 66, 35
10, 67, 0
10, 68, 16
10, 69, 0
10, 70, 14
10, 71, 0
10, 72, 37
10, 73, 0
10, 74, 0
10, 75, 0
10, 76, 0
10, 77, 0
10, 78, 25
10, 79, 42
10, 80, 19
10, 81, 0
10, 82, 0
10, 83, 0
10, 84, 0
10, 85, 0
10, 86, 0
10, 87, 29
10, 88, 0
10, 89, 0
10, 90, 0
10, 91, 47
10, 92, 0
10, 93, 0
10, 94, 41
10, 95, 0
10, 96, 0
10, 97, 34
10, 98, 17
10, 99, 38
10, 100, 0
10, 101, 0
10, 102, 0
10, 103, 0
10, 104, 32
10, 105, 0
10, 106, 0
10, 107, 0
10, 108, 0
10, 109, 14
10, 110, 0
10, 111, 0
10, 112, 0
10, 113, 8
10, 114, 0
10, 115, 0
10, 116, 0
10, 117, 0
10, 118, 24
10, 119, 54
10, 120, 28
10, 121, 0
10, 122, 0
10, 123, 0
10, 124, 0
10, 125, 0
10, 126, 0
10, 127, 0
10, 128, 0
10, 129, 0
10, 130, 17
10, 131, 51
10, 132, 0
10, 133, 0
10, 134, 0
10, 135, 35
10, 136, 0
10, 137, 0
10, 138, 55
10, 139, 13
10, 140, 0
10, 141, 0
10, 142, 40
10, 143, 0
10, 144, 0
10, 145, 0
10, 146, 0
10, 147, 22
10, 148, 0
10, 149, 0
10, 150, 6
10, 151, 0
10, 152, 0
10, 153, 0
10, 154, 51
10, 155, 0
10, 156, 0
10, 157, 0
10, 158, 44
10, 159, 0
10, 160, 36
10, 161, 0
10, 162, 0
10, 163, 12
10, 164, 0
10, 165, 4
10, 166, 0
10, 167, 0
10, 168, 2
10, 169, 39
10, 170, 48
10, 171, 0
10, 172, 0
10, 173, 5
10, 174, 0
10, 175, 0
10, 176, 14
10, 177, 0
10, 178, 0
10, 179, 53
10, 180, 0
10, 181, 0
10, 182, 10
10, 183, 0
10, 184, 0
10, 185, 52
10, 186, 46
10, 187, 0
10, 188, 9
10, 189, 30
10, 190, 0
10, 191, 0
10, 192, 0
10, 193, 50
10, 194, 2
10, 195, 0
10, 196, 0
10, 197, 0
10, 198, 0
10, 199, 0
10, 200, 29
10, 201, 39
10, 202, 0
10, 203, 45
10, 204, 0
10, 205, 0
10, 206, 0
10, 207, 0
10, 208, 47
10, 209, 27
10, 210, 0
10, 211, 34
10, 212, 0
10, 213, 31
10, 214, 0
10, 215, 45
10, 216, 41
10, 217, 0
10, 218, 9
10, 219, 0
10, 220, 0
10, 221, 32
10, 222, 0
10, 223, 0
10, 224, 0
10, 225, 18
10, 226, 0
10, 227, 0
10, 228, 0
10, 229, 50
10, 230, 52
10, 231, 0
10, 232, 12
10, 233, 16
10, 234, 35
10, 235, 0
10, 236, 0
10, 237, 0
10, 238, 0
10, 239, 0
10, 240, 0
10, 241, 26
10, 242, 0
10, 243, 0
10, 244, 2
10, 245, 0
10, 246, 0
10, 247, 0
10, 248, 4
10, 249, 0
10, 250, 13
10, 251, 0
10, 252, 0
10, 253, 0
10, 254, 40
10, 255, 0
10, 256, 8
10, 257, 0
10, 258, 0
10, 259, 0
10, 260, 0
10, 261, 0
10, 262, 0
10, 263, 50
10, 264, 0
10, 265, 0
10, 266, 0
10, 267, 0
10, 268, 0
10, 269, 0
10, 270, 0
10, 271, 36
10, 272, 40
10, 273, 54
10, 274, 0
10, 275, 0
10, 276, 0
10, 277, 42
10, 278, 0
10, 279, 0
10, 280, 0
10, 281, 37
10, 282, 0
10, 283, 32
10, 284, 0
10, 285, 0
10, 286, 0
10, 287, 12
10, 288, 38
10, 289, 0
10, 290, 39
10, 291, 44
10, 292, 35
10, 293, 0
10, 294, 48
10, 295, 0
10, 296, 19
10, 297, 30
10, 298, 58
10, 299, 0
10, 300, 46
10, 301, 0
10, 302, 0
10, 303, 28
10, 304, 0
10, 305, 17
10, 306, 0
10, 307, 0
10, 308, 35
10, 309, 6
10, 310, 0
10, 311, 0
10, 312, 27
10, 313, 0
10, 314, 0
10, 315, 55
10, 316, 0
10, 317, 0
10, 318, 0
10, 319, 0
10, 320, 38
10, 321, 0
10, 322, 0
10, 323, 0
10, 324, 0
10, 325, 21
10, 326, 40
10, 327, 45
10, 328, 0
10, 329, 0
10, 330, 0
10, 331, 7
10, 332, 0
10, 333, 0
10, 334, 52
10, 335, 0
10, 336, 0
10, 337, 0
10, 338, 18
10, 339, 0
10, 340, 0
10, 341, 0
10, 342, 0
10, 343, 47
10, 344, 0
10, 345, 39
10, 346, 0
10, 347, 53
10, 348, 0
10, 349, 31
10, 350, 6
10, 351, 0
10, 352, 0
10, 353, 0
10, 354, 26
10, 355, 0
10, 356, 0
10, 357, 50
10, 358, 0
10, 359, 0
10, 360, 37
10, 361, 0
10, 362, 0
10, 363, 0
10, 364, 0
10, 365, 0
10, 366, 0
10, 367, 17
10, 368, 0
10, 369, 14
10, 370, 0
10, 371, 0
10, 372, 0
10, 373, 39
10, 374, 8
10, 375, 24
10, 376, 0
10, 377, 28
10, 378, 0
10, 379, 36
10, 380, 0
10, 381, 0
10, 382, 0
10, 383, 43
10, 384, 45
10, 385, 0
10, 386, 23
10, 387, 0
10, 388, 0
10, 389, 0
10, 390, 0
10, 391, 0
10, 392, 0
10, 393, 0
10, 394, 48
10, 395, 0
10, 396, 30
10, 397, 0
10, 398, 0
10, 399, 13
11, 0, 0
11, 1, 11
11, 2, 42
11, 3, 0
11, 4, 0
11, 5, 0
11, 6, 0
11, 7, 0
11, 8, 32
11, 9, 0
11, 10, 0
11, 11, 45
11, 12, 0
11, 13, 36
11, 14, 0
11, 15, 0
11, 16, 0
11, 17, 19
11, 18, 0
11, 19, 21
11, 20, 52
11, 21, 51
11, 22, 0
11, 23, 25
11, 24, 0
11, 25, 0
11, 26, 3
11, 27, 0
11, 28, 0
11, 29, 0
11, 30, 10
11, 31, 0
11, 32, 0
11, 33, 15
11, 34, 22
11, 35, 0
11, 36, 0
11, 37, 47
11, 38, 0
11, 39, 29
11, 40, 0
11, 41, 42
11, 42, 0
11, 43, 0
11, 44, 0
11, 45, 0
11, 46, 5
11, 47, 0
11, 48, 13
11, 49, 0
11, 50, 0
11, 51, 53
11, 52, 0
11, 53, 0
11, 54, 0
11, 55, 0
11, 56, 31
11, 57, 0
11, 58, 0
11, 59, 0
11, 60, 0
11, 61, 7
11, 62, 53
11, 63, 46
11, 64, 1
11, 65, 34
11, 66, 0
11, 67, 23
11, 68, 38
11, 69, 0
11, 70, 0
11, 71, 29
11, 72, 0
11, 73, 0
11, 74, 0
11, 75, 0
11, 76, 39
11, 77, 0
11, 78, 0
11, 79, 19
11, 80, 0
11, 81, 31
11, 82, 14
11, 83, 36
11, 84, 0
11, 85, 52
11, 86, 32
11, 87, 0
11, 88, 0
11, 89, 0
11, 90, 0
11, 91, 0
11, 92, 44
11, 93, 0
11, 94, 0
11, 95, 16
11, 96, 0
11, 97, 9
11, 98, 0
11, 99, 29
11, 100, 2
11, 101, 39
11, 102, 0
11, 103, 21
11, 104, 4
11, 105, 0
11, 106, 42
11, 107, 0
11, 108, 38
11, 109, 22
11, 110, 0
11, 111, 29
11, 112, 0
11, 113, 51
11, 114, 49
11, 115, 50
11, 116, 0
11, 117, 0
11, 118, 0
11, 119, 45
11, 120, 0
11, 121, 0
11, 122, 0
11, 123, 31
11, 124, 0
11, 125, 51
11, 126, 0
11, 127, 0
11, 128, 43
11, 129, 47
11, 130, 0
11, 131, 0
11, 132, 0
11, 133, 0
11, 134, 0
11, 135, 47
11, 136, 24
11, 137, 0
11, 138, 52
11, 139, 0
11, 140, 42
11, 141, 0
11, 142, 0
11, 143, 0
11, 144, 0
11, 145, 0
11, 146, 0
11, 147, 44
11, 148, 0
11, 149, 1
11, 150, 18
11, 151, 44
11, 152, 7
11, 153, 39
11, 154, 0
11, 155, 37
11, 156, 0
11, 157, 38
11, 158, 0
11, 159, 22
11, 160, 53
11, 161, 0
11, 162, 4
11, 163, 0
11, 164, 49
11, 165, 28
11, 166, 0
11, 167, 0
11, 168, 0
11, 169, 0
11, 170, 9
11, 171, 0
11, 172, 0
11, 173, 52
11, 174, 0
11, 175, 35
11, 176, 0
11, 177, 0
11, 178, 0
11, 179, 0
11, 180, 0
11, 181, 0
11, 182, 0
11, 183, 2
11, 184, 0
11, 185, 48
11, 186, 0
11, 187, 0
11, 188, 54
11, 189, 0
11, 190, 15
11, 191, 0
11, 192, 26
11, 193, 39
11, 194, 0
11, 195, 8
11, 196, 0
11, 197, 0
11, 198, 0
11, 199, 32
11, 200, 6
11, 201, 0
11, 202, 0
11, 203, 0
11, 204, 15
11, 205, 43
11, 206, 0
11, 207, 0
11, 208, 51
11, 209, 23
11, 210, 0
11, 211, 32
11, 212, 0
11, 213, 0
11, 214, 19
11, 215, 38
11, 216, 22
11, 217, 45
11, 218, 0
11, 219, 0
11, 220, 54
11, 221, 0
11, 222, 0
11, 223, 26
11, 224, 10
11, 225, 54
11, 226, 0
11, 227, 14
11, 228, 11
11, 229, 0
11, 230, 0
11, 231, 0
11, 232, 50
11, 233, 53
11, 234, 0
11, 235, 0
11, 236, 0
11, 237, 11
11, 238, 0
11, 239, 0
11, 240, 42
11, 241, 0
11, 242, 0
11, 243, 25
11, 244, 0
11, 245, 0
11, 246, 0
11, 247, 0
11, 248, 29
11, 249, 0
11, 250, 0
11, 251, 52
11, 252, 0
11, 253, 0
11, 254, 2
11, 255, 1
11, 256, 26
11, 257, 27
11, 258, 0
11, 259, 50
11, 260, 0
11, 261, 0
11, 262, 0
11, 263, 0
11, 264, 0
11, 265, 0
11, 266, 0
11, 267, 34
11, 268, 44
11, 269, 0
11, 270, 18
11, 271, 32
11, 272, 0
11, 273, 0
11, 274, 52
11, 275, 0
11, 276, 29
11, 277, 47
11, 278, 36
11, 279, 0
11, 280, 53
11, 281, 17
11, 282, 0
11, 283, 54
11, 284, 15
11, 285, 22
11, 286, 0
11, 287, 0
11, 288, 0
11, 289, 40
11, 290, 0
11, 291, 49
11, 292, 16
11, 293, 42
11, 294, 18
11, 295, 16
11, 296, 0
11, 297, 35
11, 298, 47
11, 299, 41
11, 300, 35
11, 301, 0
11, 302, 7
11, 303, 24
11, 304, 42
11, 305, 19
11, 306, 0
11, 307, 0
11, 308, 0
11, 309, 0
11, 310, 45
11, 311, 51
11, 312, 0
11, 313, 0
11, 314, 0
11, 315, 0
11, 316, 0
11, 317, 0
11, 318, 0
11, 319, 37
11, 320, 0
11, 321, 0
11, 322, 14
11, 323, 45
11, 324, 0
11, 325, 0
11, 326, 0
11, 327, 29
11, 328, 54
11, 329, 0
11, 330, 0
11, 331, 0
11, 332, 0
11, 333, 0
11, 334, 0
11, 335, 0
11, 336, 23
11, 337, 0
11, 338, 27
11, 339, 0
11, 340, 54
11, 341, 0
11, 342, 0
11, 343, 0
11, 344, 0
11, 345, 0
11, 346, 21
11, 347, 0
11, 348, 0
11, 349, 0
11, 350, 44
11, 351, 0
11, 352, 0
11, 353, 0
11, 354, 51
11, 355, 34
11, 356, 18
11, 357, 41
11, 358, 28
11, 359, 0
11, 360, 0
11, 361, 0
11, 362, 0
11, 363, 0
11, 364, 0
11, 365, 46
11, 366, 22
11, 367, 0
11, 368, 29
11, 369, 0
11, 370, 39
11, 371, 0
11, 372, 0
11, 373, 0
11, 374, 0
11, 375, 0
11, 376, 38
11, 377, 0
11, 378, 25
11, 379, 0
11, 380, 0
11, 381, 0
11, 382, 0
11, 383, 0
11, 384, 13
11, 385, 0
11, 386, 0
11, 387, 0
11, 388, 0
11, 389, 47
11, 390, 0
11, 391, 0
11, 392, 9
11, 393, 0
11, 394, 0
11, 395, 0
11, 396, 23
11, 397, 24
11, 398, 0
11, 399, 0
12, 0, 0
12, 1, 0
12, 2, 0
12, 3, 0
12, 4, 0
12, 5, 0
12, 6, 15
12, 7, 0
12, 8, 0
12, 9, 36
12, 10, 34
12, 11, 0
12, 12, 29
12, 13, 0
12, 14, 0
12, 15, 0
12, 16, 10
12, 17, 0
12, 18, 53
12, 19, 0
12, 20, 0
12, 21, 0
12, 22, 35
12, 23, 11
12, 24, 0
12, 25, 0
12, 26, 0
12, 27, 0
12, 28, 0
12, 29, 0
12, 30, 0
12, 31, 24
12, 32, 0
12, 33, 0
12, 34, 0
12, 35, 0
12, 36, 0
12, 37, 0
12, 38, 9
12, 39, 6
12, 40, 0
12, 41, 34
12, 42, 0
12, 43, 52
12, 44, 0
12, 45, 0
12, 46, 0
12, 47, 25
12, 48, 0
12, 49, 16
12, 50, 0
12, 51, 21
12, 52, 0
12, 53, 0
12, 54, 2
12, 55, 0
12, 56, 57
12, 57, 19
12, 58, 0
12, 59, 0
12, 60, 18
12, 61, 29
12, 62, 0
12, 63, 3
12, 64, 3
12, 65, 0
12, 66, 0
12, 67, 45
12, 68, 48
12, 69, 13
12, 70, 0
12, 71, 33
12, 72, 8
12, 73, 0
12, 74, 0
12, 75, 0
12, 76, 43
12, 77, 0
12, 78, 0
12, 79, 0
12, 80, 0
12, 81, 0
12, 82, 0
12, 83, 0
12, 84, 14
12, 85, 44
12, 86, 57
12, 87, 34
12, 88, 0
12, 89, 0
12, 90, 13
12, 91, 0
12, 92, 38
12, 93, 42
12, 94, 10
12, 95, 58
12, 96, 0
12, 97, 0
12, 98, 0
12, 99, 52
12, 100, 0
12, 101, 0
12, 102, 0
12, 103, 51
12, 104, 0
12, 105, 0
12, 106, 6
12, 107, 47
12, 108, 0
12, 109, 24
12, 110, 41
12, 111, 0
12, 112, 0
12, 113, 26
12, 114, 0
12, 115, 0
12, 116, 0
12, 117, 0
12, 118, 36
12, 119, 32
12, 120, 0
12, 121, 51
12, 122, 0
12, 123, 0
12, 124, 0
12, 125, 9
12, 126, 0
12, 127, 0
12, 128, 50
12, 129, 0
12, 130, 0
12, 131, 0
12, 132, 0
12, 133, 0
12, 134, 0
12, 135, 2
12, 136, 0
12, 137, 0
12, 138, 12
12, 139, 45
12, 140, 17
12, 141, 22
12, 142, 0
12, 143, 58
12, 144, 0
12, 145, 0
12, 146, 37
12, 147, 0
12, 148, 49
12, 149, 32
12, 150, 30
12, 151, 26
12, 152, 0
12, 153, 0
12, 154, 33
12, 155, 0
12, 156, 44
12, 157, 0
12, 158, 0
12, 159, 0
12, 160, 46
12, 161, 0
12, 162, 17
12, 163, 0
12, 164, 0
12, 165, 0
12, 166, 39
12, 167, 39
12, 168, 41
12, 169, 0
12, 170, 0
12, 171, 54
12, 172, 38
12, 173, 0
12, 174, 20
12, 175, 0
12, 176, 52
12, 177, 19
12, 178, 0
12, 179, 46
12, 180, 11
12, 181, 0
12, 182, 0
12, 183, 0
12, 184, 0
12, 185, 0
12, 186, 0
12, 187, 48
12, 188, 0
12, 189, 15
12, 190, 0
12, 191, 0
12, 192, 0
12, 193, 0
12, 194, 0
12, 195, 10
12, 196, 0
12, 197, 56
12, 198, 0
12, 199, 43
12, 200, 0
12, 201, 31
12, 202, 26
12, 203, 23
12, 204, 0
12, 205, 0
12, 206, 0
12, 207, 22
12, 208, 0
12, 209, 36
12, 210, 25
12, 211, 0
12, 212, 35
12, 213, 0
12, 214, 47
12, 215, 0
12, 216, 45
12, 217, 0
12, 218, 32
12, 219, 0
12, 220, 49
12, 221, 24
12, 222, 51
12, 223, 51
12, 224, 0
12, 225, 46
12, 226, 0
12, 227, 37
12, 228, 0
12, 229, 16
12, 230, 34
12, 231, 26
12, 232, 29
12, 233, 0
12, 234, 58
12, 235, 36
12, 236, 0
12, 237, 4
12, 238, 31
12, 239, 0
12, 240, 19
12, 241, 52
12, 242, 0
12, 243, 30
12, 244, 0
12, 245, 0
12, 246, 37
12, 247, 0
12, 248, 57
12, 249, 0
12, 250, 0
12, 251, 23
12, 252, 0
12, 253, 25
12, 254, 0
12, 255, 0
12, 256, 0
12, 257, 54
12, 258, 34
12, 259, 0
12, 260, 0
12, 261, 0
12, 262, 41
12, 263, 0
12, 264, 0
12, 265, 0
12, 266, 5
12, 267, 0
12, 268, 42
12, 269, 0
12, 270, 0
12, 271, 0
12, 272, 0
12, 273, 35
12, 274, 0
12, 275, 0
12, 276, 0
12, 277, 0
12, 278, 7
12, 279, 0
12, 280, 0
12, 281, 0
12, 282, 0
12, 283, 48
12, 284, 0
12, 285, 0
12, 286, 43
12, 287, 2
12, 288, 0
12, 289, 0
12, 290, 0
12, 291, 0
12, 292, 49
12, 293, 24
12, 294, 50
12, 295, 0
12, 296, 41
12, 297, 8
12, 298, 26
12, 299, 0
12, 300, 44
12, 301, 5
12, 302, 0
12, 303, 0
12, 304, 0
12, 305, 0
12, 306, 0
12, 307, 39
12, 308, 43
12, 309, 35
12, 310, 50
12, 311, 1
12, 312, 0
12, 313, 0
12, 314, 13
12, 315, 0
12, 316, 53
12, 317, 0
12, 318, 51
12, 319, 0
12, 320, 57
12, 321, 20
12, 322, 38
12, 323, 0
12, 324, 0
12, 325, 0
12, 326, 0
12, 327, 0
12, 328, 0
12, 329, 0
12, 330, 33
12, 331, 0
12, 332, 33
12, 333, 0
12, 334, 0
12, 335, 0
12, 336, 0
12, 337, 0
12, 338, 0
12, 339, 46
12, 340, 45
12, 341, 16
12, 342, 0
12, 343, 36
12, 344, 31
12, 345, 0
12, 346, 0
12, 347, 0
12, 348, 0
12, 349, 0
12, 350, 0
12, 351, 41
12, 352, 0
12, 353, 0
12, 354, 0
12, 355, 12
12, 356, 14
12, 357, 26
12, 358, 11
12, 359, 34
12, 360, 0
12, 361, 0
12, 362, 22
12, 363, 0
12, 364, 0
12, 365, 35
12, 366, 47
12, 367, 0
12, 368, 0
12, 369, 0
12, 370, 0
12, 371, 17
12, 372, 3
12, 373, 0
12, 374, 21
12, 375, 0
12, 376, 45
12, 377, 58
12, 378, 0
12, 379, 0
12, 380, 0
12, 381, 54
12, 382, 56
12, 383, 12
12, 384, 0
12, 385, 0
12, 386, 38
12, 387, 43
12, 388, 34
12, 389, 0
12, 390, 37
12, 391, 0
12, 392, 0
12, 393, 0
12, 394, 0
12, 395, 0
12, 396, 0
12, 397, 48
12, 398, 16
12, 399, 0
13, 0, 0
13, 1, 0
13, 2, 15
13, 3, 37
13, 4, 0
13, 5, 0
13, 6, 0
13, 7, 42
13, 8, 0
13, 9, 0
13, 10, 0
13, 11, 0
13, 12, 0
13, 13, 0
13, 14, 0
13, 15, 34
13, 16, 38
13, 17, 45
13, 18, 0
13, 19, 0
13, 20, 31
13, 21, 10
13, 22, 37
13, 23, 0
13, 24, 0
13, 25, 29
13, 26, 0
13, 27, 0
13, 28, 0
13, 29, 32
13, 30, 23
13, 31, 2
13, 32, 0
13, 33, 0
13, 34, 28
13, 35, 0
13, 36, 28
13, 37, 25
13, 38, 0
13, 39, 39
13, 40, 53
13, 41, 0
13, 42, 27
13, 43, 14
13, 44, 0
13, 45, 0
13, 46, 29
13, 47, 0
13, 48, 47
13, 49, 0
13, 50, 21
13, 51, 0
13, 52, 0
13, 53, 48
13, 54, 0
13, 55, 0
13, 56, 35
13, 57, 0
13, 58, 0
13, 59, 3
13, 60, 46
13, 61, 0
13, 62, 0
13, 63, 39
13, 64, 0
13, 65, 29
13, 66, 0
13, 67, 0
13, 68, 24
13, 69, 2
13, 70, 43
13, 71, 0
13, 72, 40
13, 73, 0
13, 74, 0
13, 75, 12
13, 76, 15
13, 77, 0
13, 78, 4
13, 79, 0
13, 80, 5
13, 81, 0
13, 82, 2
13, 83, 0
13, 84, 18
13, 85, 0
13, 86, 34
13, 87, 11
13, 88, 0
13, 89, 0
13, 90, 0
13, 91, 27
13, 92, 0
13, 93, 0
13, 94, 0
13, 95, 36
13, 96, 12
13, 97, 9
13, 98, 0
13, 99, 0
13, 100, 47
13, 101, 2
13, 102, 0
13, 103, 0
13, 104, 0
13, 105, 0
13, 106, 2
13, 107, 0
13, 108, 0
13, 109, 50
13, 110, 0
13, 111, 0
13, 112, 0
13, 113, 0
13, 114, 0
13, 115, 0
13, 116, 0
13, 117, 0
13, 118, 0
13, 119, 26
13, 120, 0
13, 121, 0
13, 122, 45
13, 123, 3
13, 124, 0
13, 125, 0
13, 126, 53
13, 127, 23
13, 128, 0
13, 129, 0
13, 130, 0
13, 131, 0
13, 132, 0
13, 133, 38
13, 134, 0
13, 135, 25
13, 136, 27
13, 137, 34
13, 138, 14
13, 139, 0
13, 140, 0
13, 141, 32
13, 142, 0
13, 143, 16
13, 144, 29
13, 145, 35
13, 146, 0
13, 147, 7
13, 148, 0
13, 149, 0
13, 150, 40
13, 151, 48
13, 152, 0
13, 153, 0
13, 154, 0
13, 155, 0
13, 156, 20
13, 157, 1
13, 158, 0
13, 159, 26
13, 160, 0
13, 161, 0
13, 162, 21
13, 163, 0
13, 164, 43
13, 165, 0
13, 166, 37
13, 167, 0
13, 168, 22
13, 169, 0
13, 170, 0
13, 171, 47
13, 172, 0
13, 173, 0
13, 174, 24
13, 175, 0
13, 176, 0
13, 177, 0
13, 178, 40
13, 179, 0
13, 180, 5
13, 181, 30
13, 182, 37
13, 183, 25
13, 184, 15
13, 185, 0
13, 186, 0
13, 187, 0
13, 188, 0
13, 189, 43
13, 190, 25
13, 191, 0
13, 192, 0
13, 193, 0
13, 194, 5
13, 195, 29
13, 196, 20
13, 197, 10
13, 198, 40
13, 199, 0
13, 200, 0
13, 201, 55
13, 202, 0
13, 203, 48
13, 204, 0
13, 205, 9
13, 206, 0
13, 207, 0
13, 208, 0
13, 209, 0
13, 210, 0
13, 211, 31
13, 212, 0
13, 213, 5
13, 214, 39
13, 215, 0
13, 216, 7
13, 217, 0
13, 218, 50
13, 219, 0
13, 220, 0
13, 221, 0
13, 222, 4
13, 223, 12
13, 224, 0
13, 225, 0
13, 226, 0
13, 227, 0
13, 228, 0
13, 229, 21
13, 230, 0
13, 231, 0
13, 232, 0
13, 233, 0
13, 234, 16
13, 235, 0
13, 236, 23
13, 237, 0
13, 238, 32
13, 239, 35
13, 240, 6
13, 241, 0
13, 242, 0
13, 243, 7
13, 244, 0
13, 245, 0
13, 246, 39
13, 247, 21
13, 248, 0
13, 249, 18
13, 250, 0
13, 251, 24
13, 252, 0
13, 253, 26
13, 254, 0
13, 255, 53
13, 256, 0
13, 257, 0
13, 258, 0
13, 259, 38
13, 260, 0
13, 261, 1
13, 262, 48
13, 263, 29
13, 264, 0
13, 265, 37
13, 266, 45
13, 267, 32
13, 268, 0
13, 269, 0
13, 270, 0
13, 271, 0
13, 272, 0
13, 273, 0
13, 274, 0
13, 275, 0
13, 276, 0
13, 277, 47
13, 278, 53
13, 279, 0
13, 280, 0
13, 281, 0
13, 282, 15
13, 283, 46
13, 284, 50
13, 285, 0
13, 286, 0
13, 287, 0
13, 288, 0
13, 289, 20
13, 290, 0
13, 291, 0
13, 292, 0
13, 293, 0
13, 294, 0
13, 295, 28
13, 296, 0
13, 297, 32
13, 298, 50
13, 299, 31
13, 300, 0
13, 301, 0
13, 302, 55
13, 303, 0
13, 304, 0
13, 305, 0
13, 306, 0
13, 307, 0
13, 308, 0
13, 309, 0
13, 310, 0
13, 311, 0
13, 312, 53
13, 313, 0
13, 314, 0
13, 315, 0
13, 316, 16
13, 317, 6
13, 318, 0
13, 319, 0
13, 320, 0
13, 321, 0
13, 322, 5
13, 323, 0
13, 324, 0
13, 325, 0
13, 326, 0
13, 327, 28
13, 328, 0
13, 329, 0
13, 330, 12
13, 331, 0
13, 332, 9
13, 333, 0
13, 334, 0
13, 335, 0
13, 336, 0
13, 337, 10
13, 338, 0
13, 339, 0
13, 340, 47
13, 341, 0
13, 342, 0
13, 343, 0
13, 344, 0
13, 345, 0
13, 346, 0
13, 347, 39
13, 348, 37
13, 349, 0
13, 350, 0
13, 351, 0
13, 352, 23
13, 353, 0
13, 354, 0
13, 355, 0
13, 356, 40
13, 357, 53
13, 358, 0
13, 359, 0
13, 360, 11
13, 361, 0
13, 362, 38
13, 363, 0
13, 364, 0
13, 365, 0
13, 366, 0
13, 367, 21
13, 368, 0
13, 369, 0
13, 370, 0
13, 371, 0
13, 372, 0
13, 373, 46
13, 374, 30
13, 375, 2
13, 376, 0
13, 377, 31
13, 378, 0
13, 379, 47
13, 380, 0
13, 381, 29
13, 382, 34
13, 383, 0
13, 384, 0
13, 385, 0
13, 386, 28
13, 387, 25
13, 388, 0
13, 389, 45
13, 390, 0
13, 391, 10
13, 392, 0
13, 393, 0
13, 394, 25
13, 395, 0
13, 396, 7
13, 397, 0
13, 398, 22
13, 399, 0
14, 0, 0
14, 1, 35
14, 2, 0
14, 3, 0
14, 4, 43
14, 5, 0
14, 6, 28
14, 7, 2
14, 8, 29
14, 9, 0
14, 10, 49
14, 11, 30
14, 12, 0
14, 13, 26
14, 14, 17
14, 15, 41
14, 16, 30
14, 17, 54
14, 18, 0
14, 19, 40
14, 20, 23
14, 21, 0
14, 22, 0
14, 23, 14
14, 24, 22
14, 25, 26
14, 26, 0
14, 27, 0
14, 28, 0
14, 29, 0
14, 30, 47
14, 31, 9
14, 32, 53
14, 33, 0
14, 34, 45
14, 35, 0
14, 36, 0
14, 37, 53
14, 38, 0
14, 39, 0
14, 40, 0
14, 41, 0
14, 42, 32
14, 43, 0
14, 44, 5
14, 45, 39
14, 46, 8
14, 47, 0
14, 48, 0
14, 49, 0
14, 50, 0
14, 51, 44
14, 52, 0
14, 53, 0
14, 54, 0
14, 55, 0
14, 56, 30
14, 57, 0
14, 58, 0
14, 59, 0
14, 60, 0
14, 61, 0
14, 62, 0
14, 63, 54
14, 64, 0
14, 65, 0
14, 66, 0
14, 67, 0
14, 68, 20
14, 69, 21
14, 70, 0
14, 71, 10
14, 72, 49
14, 73, 29
14, 74, 3
14, 75, 0
14, 76, 40
14, 77, 0
14, 78, 0
14, 79, 33
14, 80, 56
14, 81, 0
14, 82, 0
14, 83, 0
14, 84, 0
14, 85, 42
14, 86, 0
14, 87, 24
14, 88, 0
14, 89, 0
14, 90, 0
14, 91, 7
14, 92, 0
14, 93, 28
14, 94, 0
14, 95, 0
14, 96, 2
14, 97, 45
14, 98, 0
14, 99, 0
14, 100, 52
14, 101, 0
14, 102, 0
14, 103, 0
14, 104, 27
14, 105, 37
14, 106, 41
14, 107, 36
14, 108, 0
14, 109, 0
14, 110, 0
14, 111, 5
14, 112, 0
14, 113, 0
14, 114, 0
14, 115, 0
14, 116, 0
14, 117, 46
14, 118, 0
14, 119, 0
14, 120, 0
14, 121, 51
14, 122, 0
14, 123, 0
14, 124, 31
14, 125, 0
14, 126, 0
14, 127, 23
14, 128, 0
14, 129, 0
14, 130, 0
14, 131, 52
14, 132, 6
14, 133, 0
14, 134, 0
14, 135, 47
14, 136, 44
14, 137, 0
14, 138, 0
14, 139, 0
14, 140, 0
14, 141, 0
14, 142, 0
14, 143, 43
14, 144, 0
14, 145, 0
14, 146, 0
14, 147, 1
14, 148, 35
14, 149, 0
14, 150, 0
14, 151, 40
14, 152, 0
14, 153, 56
14, 154, 57
14, 155, 49
14, 156, 0
14, 157, 42
14, 158, 0
14, 159, 0
14, 160, 0
14, 161, 0
14, 162, 0
14, 163, 36
14, 164, 0
14, 165, 47
14, 166, 0
14, 167, 0
14, 168, 0
14, 169, 53
14, 170, 0
14, 171, 0
14, 172, 0
14, 173, 0
14, 174, 0
14, 175, 52
14, 176, 21
14, 177, 0
14, 178, 46
14, 179, 32
14, 180, 0
14, 181, 0
14, 182, 0
14, 183, 0
14, 184, 2
14, 185, 0
14, 186, 27
14, 187, 0
14, 188, 45
14, 189, 46
14, 190, 42
14, 191, 0
14, 192, 29
14, 193, 16
14, 194, 14
14, 195, 0
14, 196, 1
14, 197, 0
14, 198, 0
14, 199, 11
14, 200, 0
14, 201, 49
14, 202, 0
14, 203, 0
14, 204, 0
14, 205, 0
14, 206, 0
14, 207, 24
14, 208, 9
14, 209, 51
14, 210, 46
14, 211, 62
14, 212, 10
14, 213, 0
14, 214, 9
14, 215, 19
14, 216, 33
14, 217, 0
14, 218, 47
14, 219, 0
14, 220, 0
14, 221, 0
14, 222, 28
14, 223, 2
14, 224, 6
14, 225, 43
14, 226, 0
14, 227, 0
14, 228, 0
14, 229, 0
14, 230, 0
14, 231, 2
14, 232, 0
14, 233, 19
14, 234, 0
14, 235, 0
14, 236, 44
14, 237, 34
14, 238, 0
14, 239, 0
14, 240, 0
14, 241, 14
14, 242, 40
14, 243, 11
14, 244, 37
14, 245, 49
14, 246, 0
14, 247, 22
14, 248, 6
14, 249, 0
14, 250, 26
14, 251, 42
14, 252, 54
14, 253, 31
14, 254, 0
14, 255, 7
14, 256, 0
14, 257, 4
14, 258, 0
14, 259, 0
14, 260, 0
14, 261, 38
14, 262, 0
14, 263, 0
14, 264, 29
14, 265, 28
14, 266, 0
14, 267, 0
14, 268, 19
14, 269, 0
14, 270, 32
14, 271, 0
14, 272, 0
14, 273, 0
14, 274, 20
14, 275, 0
14, 276, 0
14, 277, 9
14, 278, 41
14, 279, 0
14, 280, 0
14, 281, 0
14, 282, 0
14, 283, 57
14, 284, 38
14, 285, 0
14, 286, 8
14, 287, 0
14, 288, 0
14, 289, 0
14, 290, 0
14, 291, 0
14, 292, 0
14, 293, 10
14, 294, 0
14, 295, 6
14, 296, 0
14, 297, 33
14, 298, 5
14, 299, 0
14, 300, 0
14, 301, 0
14, 302, 49
14, 303, 32
14, 304, 3
14, 305, 0
14, 306, 45
14, 307, 0
14, 308, 0
14, 309, 0
14, 310, 4
14, 311, 0
14, 312, 21
14, 313, 0
14, 314, 53
14, 315, 0
14, 316, 0
14, 317, 0
14, 318, 37
14, 319, 26
14, 320, 0
14, 321, 0
14, 322, 29
14, 323, 53
14, 324, 0
14, 325, 46
14, 326, 0
14, 327, 19
14, 328, 30
14, 329, 0
14, 330, 0
14, 331, 22
14, 332, 0
14, 333, 27
14, 334, 38
14, 335, 0
14, 336, 32
14, 337, 54
14, 338, 0
14, 339, 0
14, 340, 62
14, 341, 0
14, 342, 27
14, 343, 42
14, 344, 0
14, 345, 0
14, 346, 0
14, 347, 0
14, 348, 36
14, 349, 0
14, 350, 0
14, 351, 52
14, 352, 20
14, 353, 0
14, 354, 0
14, 355, 44
14, 356, 0
14, 357, 22
14, 358, 30
14, 359, 0
14, 360, 56
14, 361, 0
14, 362, 57
14, 363, 16
14, 364, 0
14, 365, 0
14, 366, 0
14, 367, 28
14, 368, 17
14, 369, 0
14, 370, 34
14, 371, 51
14, 372, 40
14, 373, 0
14, 374, 56
14, 375, 0
14, 376, 0
14, 377, 17
14, 378, 0
14, 379, 0
14, 380, 0
14, 381, 0
14, 382, 21
14, 383, 0
14, 384, 0
14, 385, 41
14, 386, 0
14, 387, 0
14, 388, 0
14, 389, 39
14, 390, 0
14, 391, 39
14, 392, 1
14, 393, 49
14, 394, 3
14, 395, 60
14, 396, 38
14, 397, 0
14, 398, 0
14, 399, 0
15, 0, 0
15, 1, 0
15, 2, 31
15, 3, 58
15, 4, 0
15, 5, 0
15, 6, 50
15, 7, 0
15, 8, 0
15, 9, 0
15, 10, 0
15, 11, 27
15, 12, 33
15, 13, 0
15, 14, 24
15, 15, 19
15, 16, 4
15, 17, 5
15, 18, 2
15, 19, 17
15, 20, 0
15, 21, 39
15, 22, 0
15, 23, 3
15, 24, 0
15, 25, 0
15, 26, 0
15, 27, 21
15, 28, 40
15, 29, 0
15, 30, 0
15, 31, 42
15, 32, 26
15, 33, 20
15, 34, 0
15, 35, 0
15, 36, 16
15, 37, 0
15, 38, 0
15, 39, 0
15, 40, 23
15, 41, 37
15, 42, 0
15, 43, 0
15, 44, 0
15, 45, 0
15, 46, 13
15, 47, 6
15, 48, 0
15, 49, 0
15, 50, 0
15, 51, 0
15, 52, 0
15, 53, 0
15, 54, 0
15, 55, 9
15, 56, 0
15, 57, 0
15, 58, 0
15, 59, 0
15, 60, 9
15, 61, 36
15, 62, 0
15, 63, 17
15, 64, 22
15, 65, 0
15, 66, 0
15, 67, 51
15, 68, 0
15, 69, 0
15, 70, 0
15, 71, 0
15, 72, 18
15, 73, 29
15, 74, 46
15, 75, 0
15, 76, 30
15, 77, 0
15, 78, 0
15, 79, 58
15, 80, 0
15, 81, 0
15, 82, 47
15, 83, 0
15, 84, 55
15, 85, 0
15, 86, 0
15, 87, 0
15, 88, 10
15, 89, 0
15, 90, 28
15, 91, 48
15, 92, 0
15, 93, 38
15, 94, 0
15, 95, 39
15, 96, 40
15, 97, 0
15, 98, 54
15, 99, 0
15, 100, 51
15, 101, 0
15, 102, 0
15, 103, 0
15, 104, 21
15, 105, 0
15, 106, 53
15, 107, 0
15, 108, 0
15, 109, 57
15, 110, 0
15, 111, 0
15, 112, 0
15, 113, 8
15, 114, 5
15, 115, 0
15, 116, 16
15, 117, 13
15, 118, 0
15, 119, 0
15, 120, 41
15, 121, 0
15, 122, 52
15, 123, 0
15, 124, 0
15, 125, 1
15, 126, 18
15, 127, 0
15, 128, 0
15, 129, 0
15, 130, 13
15, 131, 0
15, 132, 40
15, 133, 0
15, 134, 4
15, 135, 0
15, 136, 0
15, 137, 0
15, 138, 0
15, 139, 11
15, 140, 0
15, 141, 37
15, 142, 0
15, 143, 0
15, 144, 6
15, 145, 0
15, 146, 0
15, 147, 37
15, 148, 0
15, 149, 20
15, 150, 0
15, 151, 32
15, 152, 35
15, 153, 0
15, 154, 15
15, 155, 0
15, 156, 0
15, 157, 50
15, 158, 0
15, 159, 0
15, 160, 0
15, 161, 11
15, 162, 0
15, 163, 0
15, 164, 26
15, 165, 0
15, 166, 0
15, 167, 0
15, 168, 0
15, 169, 17
15, 170, 0
15, 171, 0
15, 172, 0
15, 173, 25
15, 174, 0
15, 175, 33
15, 176, 0
15, 177, 17
15, 178, 0
15, 179, 0
15, 180, 0
15, 181, 34
15, 182, 0
15, 183, 52
15, 184, 0
15, 185, 0
15, 186, 32
15, 187, 0
15, 188, 0
15, 189, 0
15, 190, 0
15, 191, 0
15, 192, 0
15, 193, 0
15, 194, 0
15, 195, 0
15, 196, 0
15, 197, 41
15, 198, 46
15, 199, 13
15, 200, 0
15, 201, 0
15, 202, 16
15, 203, 0
15, 204, 2
15, 205, 0
15, 206, 39
15, 207, 30
15, 208, 0
15, 209, 0
15, 210, 0
15, 211, 50
15, 212, 22
15, 213, 47
15, 214, 11
15, 215, 20
15, 216, 0
15, 217, 42
15, 218, 5
15, 219, 34
15, 220, 16
15, 221, 0
15, 222, 15
15, 223, 23
15, 224, 0
15, 225, 9
15, 226, 0
15, 227, 0
15, 228, 0
15, 229, 0
15, 230, 0
15, 231, 0
15, 232, 0
15, 233, 22
15, 234, 24
15, 235, 0
15, 236, 0
15, 237, 0
15, 238, 39
15, 239, 0
15, 240, 0
15, 241, 27
15, 242, 38
15, 243, 41
15, 244, 0
15, 245, 0
15, 246, 58
15, 247, 0
15, 248, 11
15, 249, 55
15, 250, 0
15, 251, 0
15, 252, 0
15, 253, 21
15, 254, 0
15, 255, 49
15, 256, 0
15, 257, 11
15, 258, 0
15, 259, 12
15, 260, 46
15, 261, 0
15, 262, 50
15, 263, 0
15, 264, 0
15, 265, 0
15, 266, 0
15, 267, 18
15, 268, 51
15, 269, 6
15, 270, 14
15, 271, 0
15, 272, 45
15, 273, 0
15, 274, 53
15, 275, 0
15, 276, 27
15, 277, 0
15, 278, 0
15, 279, 0
15, 280, 0
15, 281, 25
15, 282, 0
15, 283, 37
15, 284, 23
15, 285, 0
15, 286, 0
15, 287, 0
15, 288, 1
15, 289, 0
15, 290, 0
15, 291, 0
15, 292, 0
15, 293, 17
15, 294, 0
15, 295, 0
15, 296, 0
15, 297, 0
15, 298, 18
15, 299, 0
15, 300, 0
15, 301, 19
15, 302, 0
15, 303, 0
15, 304, 48
15, 305, 0
15, 306, 0
15, 307, 0
15, 308, 0
15, 309, 28
15, 310, 0
15, 311, 0
15, 312, 0
15, 313, 8
15, 314, 22
15, 315, 0
15, 316, 0
15, 317, 35
15, 318, 33
15, 319, 30
15, 320, 32
15, 321, 0
15, 322, 0
15, 323, 0
15, 324, 0
15, 325, 0
15, 326, 0
15, 327, 0
15, 328, 50
15, 329, 0
15, 330, 0
15, 331, 0
15, 332, 0
15, 333, 34
15, 334, 0
15, 335, 0
15, 336, 20
15, 337, 0
15, 338, 37
15, 339, 0
15, 340, 47
15, 341, 0
15, 342, 0
15, 343, 42
15, 344, 0
15, 345, 0
15, 346, 30
15, 347, 0
15, 348, 0
15, 349, 0
15, 350, 19
15, 351, 0
15, 352, 55
15, 353, 47
15, 354, 0
15, 355, 39
15, 356, 25
15, 357, 0
15, 358, 0
15, 359, 0
15, 360, 0
15, 361, 0
15, 362, 0
15, 363, 0
15, 364, 0
15, 365, 0
15, 366, 21
15, 367, 23
15, 368, 52
15, 369, 36
15, 370, 5
15, 371, 57
15, 372, 0
15, 373, 55
15, 374, 0
15, 375, 0
15, 376, 0
15, 377, 0
15, 378, 0
15, 379, 22
15, 380, 53
15, 381, 15
15, 382, 27
15, 383, 0
15, 384, 35
15, 385, 0
15, 386, 11
15, 387, 0
15, 388, 0
15, 389, 49
15, 390, 42
15, 391, 0
15, 392, 41
15, 393, 0
15, 394, 0
15, 395, 0
15, 396, 0
15, 397, 37
15, 398, 8
15, 399, 0
16, 0, 0
16, 1, 0
16, 2, 0
16, 3, 0
16, 4, 51
16, 5, 0
16, 6, 31
16, 7, 0
16, 8, 32
16, 9, 0
16, 10, 0
16, 11, 0
16, 12, 0
16, 13, 19
16, 14, 0
16, 15, 0
16, 16, 5
16, 17, 39
16, 18, 55
16, 19, 30
16, 20, 0
16, 21, 0
16, 22, 0
16, 23, 37
16, 24, 31
16, 25, 47
16, 26, 13
16, 27, 0
16, 28, 0
16, 29, 0
16, 30, 0
16, 31, 0
16, 32, 0
16, 33, 11
16, 34, 37
16, 35, 0
16, 36, 7
16, 37, 0
16, 38, 0
16, 39, 0
16, 40, 14
16, 41, 0
16, 42, 0
16, 43, 0
16, 44, 0
16, 45, 0
16, 46, 0
16, 47, 36
16, 48, 22
16, 49, 0
16, 50, 0
16, 51, 0
16, 52, 0
16, 53, 0
16, 54, 0
16, 55, 40
16, 56, 52
16, 57, 0
16, 58, 16
16, 59, 0
16, 60, 4
16, 61, 6
16, 62, 22
16, 63, 0
16, 64, 58
16, 65, 0
16, 66, 0
16, 67, 0
16, 68, 32
16, 69, 0
16, 70, 0
16, 71, 53
16, 72, 0
16, 73, 0
16, 74, 39
16, 75, 49
16, 76, 29
16, 77, 0
16, 78, 0
16, 79, 0
16, 80, 44
16, 81, 44
16, 82, 0
16, 83, 0
16, 84, 9
16, 85, 0
16, 86, 0
16, 87, 38
16, 88, 0
16, 89, 0
16, 90, 40
16, 91, 0
16, 92, 0
16, 93, 0
16, 94, 23
16, 95, 0
16, 96, 32
16, 97, 0
16, 98, 0
16, 99, 22
16, 100, 24
16, 101, 0
16, 102, 0
16, 103, 2
16, 104, 0
16, 105, 0
16, 106, 0
16, 107, 27
16, 108, 0
16, 109, 0
16, 110, 46
16, 111, 23
16, 112, 0
16, 113, 49
16, 114, 21
16, 115, 0
16, 116, 0
16, 117, 28
16, 118, 0
16, 119, 0
16, 120, 0
16, 121, 0
16, 122, 5
16, 123, 46
16, 124, 0
16, 125, 7
16, 126, 0
16, 127, 22
16, 128, 42
16, 129, 0
16, 130, 0
16, 131, 32
16, 132, 0
16, 133, 0
16, 134, 33
16, 135, 0
16, 136, 0
16, 137, 48
16, 138, 5
16, 139, 0
16, 140, 0
16, 141, 51
16, 142, 20
16, 143, 0
16, 144, 14
16, 145, 0
16, 146, 14
16, 147, 0
16, 148, 47
16, 149, 6
16, 150, 0
16, 151, 0
16, 152, 30
16, 153, 0
16, 154, 0
16, 155, 0
16, 156, 0
16, 157, 0
16, 158, 57
16, 159, 51
16, 160, 0
16, 161, 0
16, 162, 0
16, 163, 0
16, 164, 0
16, 165, 53
16, 166, 0
16, 167, 15
16, 168, 41
16, 169, 34
16, 170, 0
16, 171, 55
16, 172, 0
16, 173, 0
16, 174, 0
16, 175, 0
16, 176, 0
16, 177, 0
16, 178, 48
16, 179, 4
16, 180, 52
16, 181, 4
16, 182, 0
16, 183, 44
16, 184, 29
16, 185, 0
16, 186, 37
16, 187, 0
16, 188, 0
16, 189, 0
16, 190, 0
16, 191, 0
16, 192, 0
16, 193, 0
16, 194, 38
16, 195, 0
16, 196, 11
16, 197, 53
16, 198, 24
16, 199, 56
16, 200, 0
16, 201, 0
16, 202, 14
16, 203, 0
16, 204, 1
16, 205, 0
16, 206, 0
16, 207, 0
16, 208, 30
16, 209, 47
16, 210, 0
16, 211, 44
16, 212, 0
16, 213, 0
16, 214, 0
16, 215, 0
16, 216, 0
16, 217, 0
16, 218, 25
16, 219, 0
16, 220, 0
16, 221, 39
16, 222, 43
16, 223, 22
16, 224, 0
16, 225, 21
16, 226, 46
16, 227, 0
16, 228, 52
16, 229, 42
16, 230, 0
16, 231, 58
16, 232, 36
16, 233, 0
16, 234, 0
16, 235, 17
16, 236, 21
16, 237, 0
16, 238, 0
16, 239, 23
16, 240, 0
16, 241, 49
16, 242, 0
16, 243, 0
16, 244, 0
16, 245, 0
16, 246, 0
16, 247, 19
16, 248, 0
16, 249, 0
16, 250, 13
16, 251, 40
16, 252, 12
16, 253, 0
16, 254, 0
16, 255, 0
16, 256, 0
16, 257, 0
16, 258, 0
16, 259, 54
16, 260, 0
16, 261, 0
16, 262, 41
16, 263, 0
16, 264, 32
16, 265, 8
16, 266, 7
16, 267, 53
16, 268, 47
16, 269, 0
16, 270, 39
16, 271, 30
16, 272, 0
16, 273, 0
16, 274, 0
16, 275, 20
16, 276, 38
16, 277, 22
16, 278, 0
16, 279, 18
16, 280, 0
16, 281, 57
16, 282, 34
16, 283, 0
16, 284, 28
16, 285, 0
16, 286, 0
16, 287, 0
16, 288, 26
16, 289, 0
16, 290, 0
16, 291, 36
16, 292, 55
16, 293, 0
16, 294, 0
16, 295, 16
16, 296, 0
16, 297, 56
16, 298, 0
16, 299, 0
16, 300, 48
16, 301, 31
16, 302, 0
16, 303, 0
16, 304, 0
16, 305, 19
16, 306, 0
16, 307, 46
16, 308, 42
16, 309, 12
16, 310, 0
16, 311, 0
16, 312, 3
16, 313, 0
16, 314, 9
16, 315, 0
16, 316, 0
16, 317, 44
16, 318, 0
16, 319, 39
16, 320, 21
16, 321, 0
16, 322, 0
16, 323, 35
16, 324, 0
16, 325, 22
16, 326, 0
16, 327, 0
16, 328, 0
16, 329, 0
16, 330, 14
16, 331, 41
16, 332, 0
16, 333, 25
16, 334, 0
16, 335, 0
16, 336, 0
16, 337, 0
16, 338, 17
16, 339, 0
16, 340, 0
16, 341, 14
16, 342, 27
16, 343, 0
16, 344, 0
16, 345, 0
16, 346, 0
16, 347, 0
16, 348, 47
16, 349, 18
16, 350, 41
16, 351, 44
16, 352, 0
16, 353, 0
16, 354, 46
16, 355, 0
16, 356, 51
16, 357, 0
16, 358, 0
16, 359, 0
16, 360, 30
16, 361, 20
16, 362, 34
16, 363, 42
16, 364, 0
16, 365, 0
16, 366, 46
16, 367, 0
16, 368, 0
16, 369, 33
16, 370, 15
16, 371, 44
16, 372, 0
16, 373, 0
16, 374, 0
16, 375, 54
16, 376, 0
16, 377, 0
16, 378, 0
16, 379, 0
16, 380, 0
16, 381, 0
16, 382, 7
16, 383, 0
16, 384, 16
16, 385, 52
16, 386, 0
16, 387, 23
16, 388, 0
16, 389, 0
16, 390, 0
16, 391, 0
16, 392, 0
16, 393, 0
16, 394, 35
16, 395, 0
16, 396, 0
16, 397, 0
16, 398, 0
16, 399, 0
17, 0, 0
17, 1, 0
17, 2, 0
17, 3, 42
17, 4, 0
17, 5, 10
17, 6, 0
17, 7, 0
17, 8, 46
17, 9, 32
17, 10, 0
17, 11, 4
17, 12, 0
17, 13, 0
17, 14, 0
17, 15, 4
17, 16, 0
17, 17, 25
17, 18, 0
17, 19, 0
17, 20, 0
17, 21, 33
17, 22, 0
17, 23, 0
17, 24, 35
17, 25, 12
17, 26, 0
17, 27, 50
17, 28, 0
17, 29, 30
17, 30, 2
17, 31, 0
17, 32, 21
17, 33, 0
17, 34, 0
17, 35, 0
17, 36, 14
17, 37, 22
17, 38, 58
17, 39, 0
17, 40, 0
17, 41, 0
17, 42, 40
17, 43, 9
17, 44, 7
17, 45, 6
17, 46, 35
17, 47, 18
17, 48, 27
17, 49, 58
17, 50, 53
17, 51, 0
17, 52, 18
17, 53, 0
17, 54, 1
17, 55, 0
17, 56, 26
17, 57, 37
17, 58, 43
17, 59, 0
17, 60, 0
17, 61, 54
17, 62, 0
17, 63, 0
17, 64, 13
17, 65, 0
17, 66, 48
17, 67, 30
17, 68, 0
17, 69, 17
17, 70, 0
17, 71, 0
17, 72, 0
17, 73, 0
17, 74, 0
17, 75, 0
17, 76, 41
17, 77, 23
17, 78, 26
17, 79, 0
17, 80, 0
17, 81, 0
17, 82, 0
17, 83, 40
17, 84, 35
17, 85, 0
17, 86, 0
17, 87, 0
17, 88, 0
17, 89, 0
17, 90, 4
17, 91, 32
17, 92, 0
17, 93, 24
17, 94, 0
17, 95, 0
17, 96, 13
17, 97, 0
17, 98, 12
17, 99, 0
17, 100, 0
17, 101, 22
17, 102, 18
17, 103, 0
17, 104, 12
17, 105, 0
17, 106, 21
17, 107, 40
17, 108, 0
17, 109, 34
17, 110, 0
17, 111, 37
17, 112, 0
17, 113, 21
17, 114, 25
17, 115, 0
17, 116, 8
17, 117, 33
17, 118, 0
17, 119, 0
17, 120, 14
17, 121, 14
17, 122, 6
17, 123, 0
17, 124, 10
17, 125, 10
17, 126, 58
17, 127, 0
17, 128, 20
17, 129, 9
17, 130, 0
17, 131, 26
17, 132, 46
17, 133, 43
17, 134, 0
17, 135, 15
17, 136, 0
17, 137, 0
17, 138, 51
17, 139, 0
17, 140, 0
17, 141, 0
17, 142, 0
17, 143, 0
17, 144, 48
17, 145, 0
17, 146, 12
17, 147, 39
17, 148, 0
17, 149, 0
17, 150, 0
17, 151, 0
17, 152, 44
17, 153, 19
17, 154, 37
17, 155, 0
17, 156, 30
17, 157, 25
17, 158, 0
17, 159, 56
17, 160, 0
17, 161, 0
17, 162, 0
17, 163, 42
17, 164, 17
17, 165, 21
17, 166, 36
17, 167, 0
17, 168, 58
17, 169, 0
17, 170, 23
17, 171, 44
17, 172, 13
17, 173, 0
17, 174, 23
17, 175, 34
17, 176, 0
17, 177, 14
17, 178, 27
17, 179, 0
17, 180, 46
17, 181, 57
17, 182, 42
17, 183, 8
17, 184, 0
17, 185, 40
17, 186, 50
17, 187, 0
17, 188, 0
17, 189, 0
17, 190, 0
17, 191, 0
17, 192, 0
17, 193, 0
17, 194, 1
17, 195, 35
17, 196, 0
17, 197, 41
17, 198, 7
17, 199, 43
17, 200, 0
17, 201, 18
17, 202, 0
17, 203, 2
17, 204, 54
17, 205, 31
17, 206, 24
17, 207, 0
17, 208, 0
17, 209, 29
17, 210, 0
17, 211, 0
17, 212, 48
17, 213, 0
17, 214, 34
17, 215, 53
17, 216, 0
17, 217, 30
17, 218, 0
17, 219, 19
17, 220, 50
17, 221, 18
17, 222, 47
17, 223, 0
17, 224, 34
17, 225, 0
17, 226, 32
17, 227, 24
17, 228, 0
17, 229, 4
17, 230, 0
17, 231, 51
17, 232, 0
17, 233, 34
17, 234, 0
17, 235, 0
17, 236, 0
17, 237, 20
17, 238, 0
17, 239, 0
17, 240, 41
17, 241, 0
17, 242, 0
17, 243, 21
17, 244, 0
17, 245, 0
17, 246, 40
17, 247, 0
17, 248, 50
17, 249, 0
17, 250, 6
17, 251, 50
17, 252, 0
17, 253, 8
17, 254, 37
17, 255, 15
17, 256, 0
17, 257, 0
17, 258, 0
17, 259, 0
17, 260, 0
17, 261, 0
17, 262, 30
17, 263, 12
17, 264, 33
17, 265, 0
17, 266, 10
17, 267, 0
17, 268, 0
17, 269, 0
17, 270, 0
17, 271, 0
17, 272, 29
17, 273, 56
17, 274, 22
17, 275, 0
17, 276, 0
17, 277, 31
17, 278, 0
17, 279, 0
17, 280, 0
17, 281, 0
17, 282, 0
17, 283, 46
17, 284, 0
17, 285, 0
17, 286, 16
17, 287, 0
17, 288, 23
17, 289, 39
17, 290, 0
17, 291, 58
17, 292, 0
17, 293, 50
17, 294, 41
17, 295, 26
17, 296, 22
17, 297, 0
17, 298, 0
17, 299, 13
17, 300, 7
17, 301, 0
17, 302, 0
17, 303, 0
17, 304, 42
17, 305, 18
17, 306, 16
17, 307, 0
17, 308, 0
17, 309, 56
17, 310, 0
17, 311, 4
17, 312, 27
17, 313, 0
17, 314, 48
17, 315, 46
17, 316, 0
17, 317, 0
17, 318, 0
17, 319, 14
17, 320, 0
17, 321, 54
17, 322, 0
17, 323, 43
17, 324, 0
17, 325, 51
17, 326, 0
17, 327, 0
17, 328, 19
17, 329, 31
17, 330, 24
17, 331, 12
17, 332, 48
17, 333, 14
17, 334, 6
17, 335, 44
17, 336, 51
17, 337, 2
17, 338, 0
17, 339, 20
17, 340, 0
17, 341, 40
17, 342, 0
17, 343, 0
17, 344, 0
17, 345, 53
17, 346, 12
17, 347, 0
17, 348, 34
17, 349, 0
17, 350, 48
17, 351, 0
17, 352, 0
17, 353, 0
17, 354, 42
17, 355, 0
17, 356, 57
17, 357, 0
17, 358, 0
17, 359, 0
17, 360, 7
17, 361, 0
17, 362, 32
17, 363, 0
17, 364, 41
17, 365, 31
17, 366, 0
17, 367, 31
17, 368, 0
17, 369, 0
17, 370, 0
17, 371, 0
17, 372, 0
17, 373, 25
17, 374, 0
17, 375, 42
17, 376, 15
17, 377, 0
17, 378, 1
17, 379, 29
17, 380, 0
17, 381, 0
17, 382, 0
17, 383, 0
17, 384, 0
17, 385, 0
17, 386, 0
17, 387, 0
17, 388, 0
17, 389, 0
17, 390, 26
17, 391, 0
17, 392, 0
17, 393, 11
17, 394, 0
17, 395, 0
17, 396, 40
17, 397, 0
17, 398, 0
17, 399, 10
18, 0, 0
18, 1, 0
18, 2, 0
18, 3, 0
18, 4, 0
18, 5, 0
18, 6, 0
18, 7, 42
18, 8, 39
18, 9, 0
18, 10, 0
18, 11, 44
18, 12, 55
18, 13, 2
18, 14, 0
18, 15, 0
18, 16, 0
18, 17, 0
18, 18, 27
18, 19, 0
18, 20, 0
18, 21, 0
18, 22, 0
18, 23, 0
18, 24, 0
18, 25, 51
18, 26, 0
18, 27, 0
18, 28, 38
18, 29, 45
18, 30, 17
18, 31, 3
18, 32, 17
18, 33, 14
18, 34, 39
18, 35, 0
18, 36, 0
18, 37, 24
18, 38, 5
18, 39, 0
18, 40, 0
18, 41, 0
18, 42, 0
18, 43, 39
18, 44, 18
18, 45, 0
18, 46, 37
18, 47, 0
18, 48, 0
18, 49, 22
18, 50, 0
18, 51, 0
18, 52, 41
18, 53, 0
18, 54, 0
18, 55, 0
18, 56, 0
18, 57, 36
18, 58, 16
18, 59, 37
18, 60, 9
18, 61, 29
18, 62, 0
18, 63, 44
18, 64, 38
18, 65, 24
18, 66, 0
18, 67, 2
18, 68, 0
18, 69, 0
18, 70, 0
18, 71, 0
18, 72, 0
18, 73, 51
18, 74, 0
18, 75, 0
18, 76, 15
18, 77, 38
18, 78, 0
18, 79, 0
18, 80, 32
18, 81, 0
18, 82, 0
18, 83, 0
18, 84, 0
18, 85, 46
18, 86, 0
18, 87, 0
18, 88, 19
18, 89, 7
18, 90, 0
18, 91, 0
18, 92, 47
18, 93, 27
18, 94, 0
18, 95, 31
18, 96, 0
18, 97, 39
18, 98, 0
18, 99, 43
18, 100, 0
18, 101, 0
18, 102, 35
18, 103, 0
18, 104, 0
18, 105, 0
18, 106, 0
18, 107, 36
18, 108, 0
18, 109, 10
18, 110, 49
18, 111, 3
18, 112, 0
18, 113, 6
18, 114, 0
18, 115, 0
18, 116, 0
18, 117, 0
18, 118, 42
18, 119, 0
18, 120, 0
18, 121, 53
18, 122, 48
18, 123, 0
18, 124, 0
18, 125, 0
18, 126, 37
18, 127, 4
18, 128, 0
18, 129, 0
18, 130, 0
18, 131, 17
18, 132, 0
18, 133, 0
18, 134, 33
18, 135, 52
18, 136, 0
18, 137, 0
18, 138, 0
18, 139, 3
18, 140, 0
18, 141, 0
18, 142, 45
18, 143, 0
18, 144, 0
18, 145, 0
18, 146, 53
18, 147, 0
18, 148, 0
18, 149, 0
18, 150, 0
18, 151, 0
18, 152, 9
18, 153, 0
18, 154, 0
18, 155, 41
18, 156, 0
18, 157, 0
18, 158, 0
18, 159, 31
18, 160, 0
18, 161, 0
18, 162, 13
18, 163, 0
18, 164, 0
18, 165, 0
18, 166, 21
18, 167, 0
18, 168, 0
18, 169, 0
18, 170, 46
18, 171, 0
18, 172, 0
18, 173, 0
18, 174, 54
18, 175, 0
18, 176, 0
18, 177, 0
18, 178, 0
18, 179, 0
18, 180, 55
18, 181, 2
18, 182, 24
18, 183, 29
18, 184, 0
18, 185, 35
18, 186, 0
18, 187, 42
18, 188, 0
18, 189, 0
18, 190, 0
18, 191, 15
18, 192, 0
18, 193, 0
18, 194, 0
18, 195, 0
18, 196, 17
18, 197, 38
18, 198, 3
18, 199, 22
18, 200, 0
18, 201, 0
18, 202, 0
18, 203, 33
18, 204, 38
18, 205, 0
18, 206, 0
18, 207, 0
18, 208, 0
18, 209, 27
18, 210, 56
18, 211, 2
18, 212, 0
18, 213, 8
18, 214, 37
18, 215, 45
18, 216, 29
18, 217, 0
18, 218, 0
18, 219, 42
18, 220, 0
18, 221, 0
18, 222, 0
18, 223, 0
18, 224, 0
18, 225, 0
18, 226, 11
18, 227, 0
18, 228, 4
18, 229, 28
18, 230, 0
18, 231, 41
18, 232, 0
18, 233, 0
18, 234, 24
18, 235, 0
18, 236, 0
18, 237, 0
18, 238, 7
18, 239, 0
18, 240, 0
18, 241, 0
18, 242, 0
18, 243, 0
18, 244, 0
18, 245, 0
18, 246, 0
18, 247, 0
18, 248, 44
18, 249, 0
18, 250, 0
18, 251, 30
18, 252, 0
18, 253, 0
18, 254, 0
18, 255, 49
18, 256, 0
18, 257, 22
18, 258, 0
18, 259, 0
18, 260, 0
18, 261, 0
18, 262, 0
18, 263, 0
18, 264, 0
18, 265, 0
18, 266, 0
18, 267, 0
18, 268, 37
18, 269, 0
18, 270, 0
18, 271, 0
18, 272, 3
18, 273, 16
18, 274, 52
18, 275, 0
18, 276, 0
18, 277, 27
18, 278, 0
18, 279, 0
18, 280, 39
18, 281, 0
18, 282, 36
18, 283, 44
18, 284, 0
18, 285, 48
18, 286, 35
18, 287, 0
18, 288, 0
18, 289, 21
18, 290, 0
18, 291, 0
18, 292, 49
18, 293, 38
18, 294, 47
18, 295, 0
18, 296, 0
18, 297, 42
18, 298, 0
18, 299, 0
18, 300, 55
18, 301, 9
18, 302, 0
18, 303, 0
18, 304, 0
18, 305, 0
18, 306, 0
18, 307, 0
18, 308, 28
18, 309, 43
18, 310, 46
18, 311, 0
18, 312, 0
18, 313, 0
18, 314, 0
18, 315, 0
18, 316, 0
18, 317, 0
18, 318, 0
18, 319, 0
18, 320, 30
18, 321, 0
18, 322, 12
18, 323, 0
18, 324, 0
18, 325, 53
18, 326, 0
18, 327, 35
18, 328, 22
18, 329, 45
18, 330, 0
18, 331, 0
18, 332, 49
18, 333, 27
18, 334, 17
18, 335, 0
18, 336, 51
18, 337, 0
18, 338, 0
18, 339, 0
18, 340, 29
18, 341, 56
18, 342, 0
18, 343, 0
18, 344, 37
18, 345, 0
18, 346, 0
18, 347, 0
18, 348, 0
18, 349, 0
18, 350, 0
18, 351, 0
18, 352, 39
18, 353, 49
18, 354, 0
18, 355, 0
18, 356, 0
18, 357, 11
18, 358, 0
18, 359, 4
18, 360, 0
18, 361, 0
18, 362, 46
18, 363, 2
18, 364, 0
18, 365, 0
18, 366, 48
18, 367, 0
18, 368, 0
18, 369, 0
18, 370, 0
18, 371, 0
18, 372, 0
18, 373, 45
18, 374, 0
18, 375, 0
18, 376, 0
18, 377, 0
18, 378, 0
18, 379, 0
18, 380, 39
18, 381, 0
18, 382, 0
18, 383, 0
18, 384, 15
18, 385, 12
18, 386, 0
18, 387, 6
18, 388, 49
18, 389, 0
18, 390, 44
18, 391, 2
18, 392, 41
18, 393, 0
18, 394, 0
18, 395, 6
18, 396, 0
18, 397, 26
18, 398, 0
18, 399, 19
19, 0, 0
19, 1, 0
19, 2, 33
19, 3, 34
19, 4, 0
19, 5, 46
19, 6, 0
19, 7, 23
19, 8, 0
19, 9, 0
19, 10, 0
19, 11, 27
19, 12, 0
19, 13, 0
19, 14, 46
19, 15, 0
19, 16, 0
19, 17, 0
19, 18, 0
19, 19, 0
19, 20, 8
19, 21, 0
19, 22, 0
19, 23, 0
19, 24, 0
19, 25, 0
19, 26, 0
19, 27, 0
19, 28, 49
19, 29, 0
19, 30, 43
19, 31, 52
19, 32, 40
19, 33, 32
19, 34, 0
19, 35, 0
19, 36, 31
19, 37, 0
19, 38, 0
19, 39, 0
19, 40, 0
19, 41, 0
19, 42, 50
19, 43, 0
19, 44, 0
19, 45, 0
19, 46, 0
19, 47, 0
19, 48, 38
19, 49, 0
19, 50, 5
19, 51, 0
19, 52, 0
19, 53, 32
19, 54, 38
19, 55, 0
19, 56, 0
19, 57, 21
19, 58, 0
19, 59, 0
19, 60, 24
19, 61, 0
19, 62, 0
19, 63, 34
19, 64, 36
19, 65, 0
19, 66, 0
19, 67, 14
19, 68, 0
19, 69, 0
19, 70, 41
19, 71, 0
19, 72, 35
19, 73, 28
19, 74, 13
19, 75, 0
19, 76, 55
19, 77, 0
19, 78, 0
19, 79, 0
19, 80, 16
19, 81, 0
19, 82, 0
19, 83, 26
19, 84, 0
19, 85, 17
19, 86, 33
19, 87, 0
19, 88, 0
19, 89, 0
19, 90, 10
19, 91, 9
19, 92, 37
19, 93, 29
19, 94, 0
19, 95, 0
19, 96, 0
19, 97, 56
19, 98, 0
19, 99, 0
19, 100, 11
19, 101, 0
19, 102, 32
19, 103, 51
19, 104, 6
19, 105, 0
19, 106, 0
19, 107, 0
19, 108, 0
19, 109, 12
19, 110, 26
19, 111, 0
19, 112, 0
19, 113, 0
19, 114, 13
19, 115, 0
19, 116, 18
19, 117, 0
19, 118, 0
19, 119, 30
19, 120, 0
19, 121, 0
19, 122, 15
19, 123, 48
19, 124, 0
19, 125, 41
19, 126, 0
19, 127, 29
19, 128, 0
19, 129, 0
19, 130, 0
19, 131, 0
19, 132, 19
19, 133, 0
19, 134, 0
19, 135, 0
19, 136, 40
19, 137, 50
19, 138, 47
19, 139, 44
19, 140, 0
19, 141, 33
19, 142, 0
19, 143, 22
19, 144, 0
19, 145, 0
19, 146, 23
19, 147, 35
19, 148, 54
19, 149, 0
19, 150, 0
19, 151, 8
19, 152, 0
19, 153, 12
19, 154, 23
19, 155, 3
19, 156, 0
19, 157, 18
19, 158, 0
19, 159, 0
19, 160, 0
19, 161, 46
19, 162, 4
19, 163, 0
19, 164, 0
19, 165, 0
19, 166, 0
19, 167, 0
19, 168, 49
19, 169, 0
19, 170, 7
19, 171, 34
19, 172, 0
19, 173, 52
19, 174, 0
19, 175, 31
19, 176, 0
19, 177, 0
19, 178, 43
19, 179, 0
19, 180, 21
19, 181, 0
19, 182, 0
19, 183, 31
19, 184, 38
19, 185, 0
19, 186, 52
19, 187, 0
19, 188, 9
19, 189, 7
19, 190, 0
19, 191, 0
19, 192, 24
19, 193, 45
19, 194, 0
19, 195, 0
19, 196, 27
19, 197, 0
19, 198, 0
19, 199, 25
19, 200, 0
19, 201, 0
19, 202, 29
19, 203, 0
19, 204, 0
19, 205, 50
19, 206, 0
19, 207, 0
19, 208, 0
19, 209, 0
19, 210, 39
19, 211, 1
19, 212, 0
19, 213, 16
19, 214, 6
19, 215, 14
19, 216, 0
19, 217, 55
19, 218, 0
19, 219, 0
19, 220, 8
19, 221, 0
19, 222, 20
19, 223, 17
19, 224, 0
19, 225, 37
19, 226, 21
19, 227, 0
19, 228, 24
19, 229, 50
19, 230, 0
19, 231, 0
19, 232, 12
19, 233, 0
19, 234, 5
19, 235, 0
19, 236, 22
19, 237, 0
19, 238, 56
19, 239, 0
19, 240, 9
19, 241, 0
19, 242, 30
19, 243, 28
19, 244, 39
19, 245, 11
19, 246, 0
19, 247, 51
19, 248, 36
19, 249, 0
19, 250, 32
19, 251, 0
19, 252, 0
19, 253, 13
19, 254, 20
19, 255, 0
19, 256, 0
19, 257, 0
19, 258, 16
19, 259, 2
19, 260, 37
19, 261, 38
19, 262, 0
19, 263, 56
19, 264, 22
19, 265, 52
19, 266, 41
19, 267, 0
19, 268, 40
19, 269, 18
19, 270, 0
19, 271, 0
19, 272, 18
19, 273, 0
19, 274, 44
19, 275, 1
19, 276, 0
19, 277, 52
19, 278, 0
19, 279, 27
19, 280, 0
19, 281, 33
19, 282, 0
19, 283, 0
19, 284, 54
19, 285, 35
19, 286, 0
19, 287, 0
19, 288, 0
19, 289, 0
19, 290, 0
19, 291, 41
19, 292, 0
19, 293, 0
19, 294, 28
19, 295, 45
19, 296, 19
19, 297, 0
19, 298, 25
19, 299, 0
19, 300, 0
19, 301, 0
19, 302, 0
19, 303, 0
19, 304, 0
19, 305, 0
19, 306, 0
19, 307, 0
19, 308, 0
19, 309, 37
19, 310, 0
19, 311, 0
19, 312, 22
19, 313, 0
19, 314, 34
19, 315, 39
19, 316, 0
19, 317, 28
19, 318, 0
19, 319, 0
19, 320, 0
19, 321, 0
19, 322, 0
19, 323, 0
19, 324, 43
19, 325, 31
19, 326, 24
19, 327, 0
19, 328, 0
19, 329, 0
19, 330, 0
19, 331, 23
19, 332, 0
19, 333, 0
19, 334, 0
19, 335, 0
19, 336, 0
19, 337, 0
19, 338, 16
19, 339, 0
19, 340, 7
19, 341, 9
19, 342, 23
19, 343, 0
19, 344, 14
19, 345, 47
19, 346, 0
19, 347, 0
19, 348, 0
19, 349, 29
19, 350, 0
19, 351, 0
19, 352, 0
19, 353, 50
19, 354, 49
19, 355, 0
19, 356, 0
19, 357, 0
19, 358, 0
19, 359, 0
19, 360, 0
19, 361, 0
19, 362, 0
19, 363, 0
19, 364, 32
19, 365, 0
19, 366, 0
19, 367, 49
19, 368, 30
19, 369, 52
19, 370, 12
19, 371, 17
19, 372, 34
19, 373, 0
19, 374, 0
19, 375, 29
19, 376, 0
19, 377, 33
19, 378, 0
19, 379, 0
19, 380, 0
19, 381, 0
19, 382, 47
19, 383, 18
19, 384, 4
19, 385, 0
19, 386, 0
19, 387, 21
19, 388, 0
19, 389, 31
19, 390, 20
19, 391, 0
19, 392, 6
19, 393, 3
19, 394, 0
19, 395, 32
19, 396, 6
19, 397, 52
19, 398, 15
19, 399, 0
