0, 0, 0
0, 1, 0
0, 2, 0
0, 3, 0
0, 4, 0
0, 5, 0
0, 6, 0
0, 7, 0
0, 8, 0
0, 9, 0
0, 10, 0
0, 11, 0
0, 12, 0
0, 13, 0
0, 14, 0
0, 15, 0
0, 16, 0
0, 17, 0
0, 18, 0
0, 19, 0
0, 20, 0
0, 21, 0
0, 22, 0
0, 23, 0
0, 24, 0
0, 25, 0
0, 26, 0
0, 27, 0
0, 28, 0
0, 29, 0
0, 30, 0
0, 31, 0
0, 32, 0
0, 33, 0
0, 34, 0
0, 35, 0
0, 36, 0
0, 37, 0
0, 38, 0
0, 39, 0
0, 40, 0
0, 41, 0
0, 42, 0
0, 43, 0
0, 44, 0
0, 45, 0
0, 46, 0
0, 47, 0
0, 48, 0
0, 49, 0
0, 50, 0
0, 51, 0
0, 52, 0
0, 53, 0
0, 54, 0
0, 55, 0
0, 56, 0
0, 57, 0
0, 58, 0
0, 59, 0
0, 60, 0
0, 61, 0
0, 62, 0
0, 63, 0
0, 64, 0
0, 65, 0
0, 66, 0
0, 67, 0
0, 68, 0
0, 69, 0
0, 70, 0
0, 71, 0
0, 72, 0
0, 73, 0
0, 74, 0
0, 75, 0
0, 76, 0
0, 77, 0
0, 78, 0
0, 79, 0
0, 80, 0
0, 81, 0
0, 82, 0
0, 83, 0
0, 84, 0
0, 85, 0
0, 86, 0
0, 87, 0
0, 88, 0
0, 89, 0
0, 90, 0
0, 91, 0
0, 92, 0
0, 93, 0
0, 94, 0
0, 95, 0
0, 96, 0
0, 97, 0
0, 98, 0
0, 99, 0
0, 100, 0
0, 101, 0
0, 102, 0
0, 103, 0
0, 104, 0
0, 105, 0
0, 106, 0
0, 107, 0
0, 108, 0
0, 109, 0
0, 110, 0
0, 111, 0
0, 112, 0
0, 113, 0
0, 114, 0
0, 115, 0
0, 116, 0
0, 117, 0
0, 118, 0
0, 119, 0
0, 120, 0
0, 121, 0
0, 122, 0
0, 123, 0
0, 124, 0
0, 125, 0
0, 126, 0
0, 127, 0
0, 128, 0
0, 129, 0
0, 130, 0
0, 131, 0
0, 132, 0
0, 133, 0
0, 134, 0
0, 135, 0
0, 136, 0
0, 137, 0
0, 138, 0
0, 139, 0
0, 140, 0
0, 141, 0
0, 142, 0
0, 143, 0
0, 144, 0
0, 145, 0
0, 146, 0
0, 147, 0
0, 148, 0
0, 149, 0
0, 150, 0
0, 151, 0
0, 152, 0
0, 153, 0
0, 154, 0
0, 155, 0
0, 156, 0
0, 157, 0
0, 158, 0
0, 159, 0
0, 160, 0
0, 161, 0
0, 162, 0
0, 163, 0
0, 164, 0
0, 165, 0
0, 166, 0
0, 167, 0
0, 168, 0
0, 169, 0
0, 170, 0
0, 171, 0
0, 172, 0
0, 173, 0
0, 174, 0
0, 175, 0
0, 176, 0
0, 177, 0
0, 178, 0
0, 179, 0
0, 180, 0
0, 181, 0
0, 182, 0
0, 183, 0
0, 184, 0
0, 185, 0
0, 186, 0
0, 187, 0
0, 188, 0
0, 189, 0
0, 190, 0
0, 191, 0
0, 192, 0
0, 193, 0
0, 194, 0
0, 195, 0
0, 196, 0
0, 197, 0
0, 198, 0
0, 199, 0
0, 200, 0
0, 201, 0
0, 202, 0
0, 203, 0
0, 204, 0
0, 205, 0
0, 206, 0
0, 207, 0
0, 208, 0
0, 209, 0
0, 210, 0
0, 211, 0
0, 212, 0
0, 213, 0
0, 214, 0
0, 215, 0
0, 216, 0
0, 217, 0
0, 218, 0
0, 219, 0
0, 220, 0
0, 221, 0
0, 222, 0
0, 223, 0
0, 224, 0
0, 225, 0
0, 226, 0
0, 227, 0
0, 228, 0
0, 229, 0
0, 230, 0
0, 231, 0
0, 232, 0
0, 233, 0
0, 234, 0
0, 235, 0
0, 236, 0
0, 237, 0
0, 238, 0
0, 239, 0
0, 240, 0
0, 241, 0
0, 242, 0
0, 243, 0
0, 244, 0
0, 245, 0
0, 246, 0
0, 247, 0
0, 248, 0
0, 249, 0
0, 250, 0
0, 251, 0
0, 252, 0
0, 253, 0
0, 254, 0
0, 255, 0
0, 256, 0
0, 257, 0
0, 258, 0
0, 259, 0
0, 260, 0
0, 261, 0
0, 262, 0
0, 263, 0
0, 264, 0
0, 265, 0
0, 266, 0
0, 267, 0
0, 268, 0
0, 269, 0
0, 270, 0
0, 271, 0
0, 272, 0
0, 273, 0
0, 274, 0
0, 275, 0
0, 276, 0
0, 277, 0
0, 278, 0
0, 279, 0
0, 280, 0
0, 281, 0
0, 282, 0
0, 283, 0
0, 284, 0
0, 285, 0
0, 286, 0
0, 287, 0
0, 288, 0
0, 289, 0
0, 290, 0
0, 291, 0
0, 292, 0
0, 293, 0
0, 294, 0
0, 295, 0
0, 296, 0
0, 297, 0
0, 298, 0
0, 299, 0
0, 300, 0
0, 301, 0
0, 302, 0
0, 303, 0
0, 304, 0
0, 305, 0
0, 306, 0
0, 307, 0
0, 308, 0
0, 309, 0
0, 310, 0
0, 311, 0
0, 312, 0
0, 313, 0
0, 314, 0
0, 315, 0
0, 316, 0
0, 317, 0
0, 318, 0
0, 319, 0
0, 320, 0
0, 321, 0
0, 322, 0
0, 323, 0
0, 324, 0
0, 325, 0
0, 326, 0
0, 327, 0
0, 328, 0
0, 329, 0
0, 330, 0
0, 331, 0
0, 332, 0
0, 333, 0
0, 334, 0
0, 335, 0
0, 336, 0
0, 337, 0
0, 338, 0
0, 339, 0
0, 340, 0
0, 341, 0
0, 342, 0
0, 343, 0
0, 344, 0
0, 345, 0
0, 346, 0
0, 347, 0
0, 348, 0
0, 349, 0
0, 350, 0
0, 351, 0
0, 352, 0
0, 353, 0
0, 354, 0
0, 355, 0
0, 356, 0
0, 357, 0
0, 358, 0
0, 359, 0
0, 360, 0
0, 361, 0
0, 362, 0
0, 363, 0
0, 364, 0
0, 365, 0
0, 366, 0
0, 367, 0
0, 368, 0
0, 369, 0
0, 370, 0
0, 371, 0
0, 372, 0
0, 373, 0
0, 374, 0
0, 375, 0
0, 376, 0
0, 377, 0
0, 378, 0
0, 379, 0
0, 380, 0
0, 381, 0
0, 382, 0
0, 383, 0
0, 384, 0
0, 385, 0
0, 386, 0
0, 387, 0
0, 388, 0
0, 389, 0
0, 390, 0
0, 391, 0
0, 392, 0
0, 393, 0
0, 394, 0
0, 395, 0
0, 396, 0
0, 397, 0
0, 398, 0
0, 399, 0
1, 0, 0
1, 1, 0
1, 2, 52
1, 3, 0
1, 4, 0
1, 5, 0
1, 6, 14
1, 7, 0
1, 8, 0
1, 9, 0
1, 10, 0
1, 11, 0
1, 12, 0
1, 13, 28
1, 14, 0
1, 15, 0
1, 16, 0
1, 17, 41
1, 18, 0
1, 19, 0
1, 20, 0
1, 21, 0
1, 22, 0
1, 23, 16
1, 24, 0
1, 25, 0
1, 26, 0
1, 27, 0
1, 28, 0
1, 29, 0
1, 30, 0
1, 31, 0
1, 32, 33
1, 33, 0
1, 34, 0
1, 35, 0
1, 36, 0
1, 37, 19
1, 38, 0
1, 39, 0
1, 40, 0
1, 41, 0
1, 42, 7
1, 43, 26
1, 44, 0
1, 45, 0
1, 46, 0
1, 47, 0
1, 48, 0
1, 49, 0
1, 50, 0
1, 51, 37
1, 52, 0
1, 53, 0
1, 54, 0
1, 55, 0
1, 56, 0
1, 57, 0
1, 58, 0
1, 59, 0
1, 60, 14
1, 61, 0
1, 62, 0
1, 63, 0
1, 64, 0
1, 65, 0
1, 66, 0
1, 67, 0
1, 68, 0
1, 69, 0
1, 70, 0
1, 71, 0
1, 72, 21
1, 73, 0
1, 74, 0
1, 75, 33
1, 76, 0
1, 77, 0
1, 78, 0
1, 79, 0
1, 80, 16
1, 81, 0
1, 82, 0
1, 83, 0
1, 84, 0
1, 85, 0
1, 86, 0
1, 87, 8
1, 88, 0
1, 89, 40
1, 90, 0
1, 91, 0
1, 92, 0
1, 93, 0
1, 94, 11
1, 95, 0
1, 96, 0
1, 97, 0
1, 98, 0
1, 99, 0
1, 100, 0
1, 101, 0
1, 102, 22
1, 103, 0
1, 104, 0
1, 105, 42
1, 106, 0
1, 107, 0
1, 108, 0
1, 109, 0
1, 110, 0
1, 111, 0
1, 112, 36
1, 113, 0
1, 114, 0
1, 115, 27
1, 116, 0
1, 117, 0
1, 118, 0
1, 119, 0
1, 120, 0
1, 121, 0
1, 122, 0
1, 123, 0
1, 124, 0
1, 125, 0
1, 126, 0
1, 127, 49
1, 128, 26
1, 129, 0
1, 130, 0
1, 131, 0
1, 132, 0
1, 133, 0
1, 134, 0
1, 135, 0
1, 136, 0
1, 137, 10
1, 138, 0
1, 139, 19
1, 140, 0
1, 141, 0
1, 142, 25
1, 143, 42
1, 144, 0
1, 145, 0
1, 146, 52
1, 147, 14
1, 148, 37
1, 149, 0
1, 150, 0
1, 151, 0
1, 152, 0
1, 153, 0
1, 154, 0
1, 155, 0
1, 156, 0
1, 157, 0
1, 158, 12
1, 159, 0
1, 160, 0
1, 161, 0
1, 162, 21
1, 163, 0
1, 164, 0
1, 165, 0
1, 166, 0
1, 167, 0
1, 168, 0
1, 169, 0
1, 170, 0
1, 171, 0
1, 172, 0
1, 173, 0
1, 174, 0
1, 175, 0
1, 176, 0
1, 177, 0
1, 178, 0
1, 179, 0
1, 180, 44
1, 181, 0
1, 182, 0
1, 183, 0
1, 184, 0
1, 185, 0
1, 186, 0
1, 187, 41
1, 188, 0
1, 189, 0
1, 190, 0
1, 191, 0
1, 192, 0
1, 193, 0
1, 194, 0
1, 195, 16
1, 196, 0
1, 197, 0
1, 198, 0
1, 199, 0
1, 200, 42
1, 201, 0
1, 202, 0
1, 203, 0
1, 204, 0
1, 205, 0
1, 206, 0
1, 207, 0
1, 208, 0
1, 209, 0
1, 210, 0
1, 211, 0
1, 212, 0
1, 213, 7
1, 214, 0
1, 215, 0
1, 216, 0
1, 217, 0
1, 218, 22
1, 219, 0
1, 220, 0
1, 221, 0
1, 222, 0
1, 223, 36
1, 224, 0
1, 225, 22
1, 226, 0
1, 227, 49
1, 228, 0
1, 229, 0
1, 230, 0
1, 231, 0
1, 232, 0
1, 233, 0
1, 234, 0
1, 235, 0
1, 236, 0
1, 237, 46
1, 238, 0
1, 239, 0
1, 240, 33
1, 241, 0
1, 242, 0
1, 243, 0
1, 244, 0
1, 245, 0
1, 246, 0
1, 247, 33
1, 248, 0
1, 249, 0
1, 250, 0
1, 251, 0
1, 252, 28
1, 253, 0
1, 254, 0
1, 255, 19
1, 256, 0
1, 257, 36
1, 258, 0
1, 259, 45
1, 260, 0
1, 261, 44
1, 262, 0
1, 263, 0
1, 264, 0
1, 265, 0
1, 266, 0
1, 267, 0
1, 268, 38
1, 269, 0
1, 270, 0
1, 271, 22
1, 272, 0
1, 273, 0
1, 274, 0
1, 275, 27
1, 276, 0
1, 277, 0
1, 278, 0
1, 279, 0
1, 280, 0
1, 281, 0
1, 282, 0
1, 283, 27
1, 284, 0
1, 285, 0
1, 286, 0
1, 287, 0
1, 288, 14
1, 289, 8
1, 290, 0
1, 291, 0
1, 292, 0
1, 293, 21
1, 294, 0
1, 295, 0
1, 296, 0
1, 297, 0
1, 298, 42
1, 299, 33
1, 300, 0
1, 301, 0
1, 302, 0
1, 303, 25
1, 304, 0
1, 305, 0
1, 306, 0
1, 307, 0
1, 308, 0
1, 309, 0
1, 310, 0
1, 311, 0
1, 312, 0
1, 313, 26
1, 314, 0
1, 315, 0
1, 316, 0
1, 317, 0
1, 318, 0
1, 319, 0
1, 320, 0
1, 321, 12
1, 322, 52
1, 323, 0
1, 324, 0
1, 325, 0
1, 326, 37
1, 327, 0
1, 328, 0
1, 329, 0
1, 330, 0
1, 331, 0
1, 332, 0
1, 333, 0
1, 334, 40
1, 335, 0
1, 336, 19
1, 337, 0
1, 338, 0
1, 339, 0
1, 340, 0
1, 341, 0
1, 342, 0
1, 343, 0
1, 344, 0
1, 345, 16
1, 346, 0
1, 347, 0
1, 348, 10
1, 349, 0
1, 350, 0
1, 351, 0
1, 352, 0
1, 353, 0
1, 354, 0
1, 355, 0
1, 356, 11
1, 357, 0
1, 358, 0
1, 359, 26
1, 360, 0
1, 361, 0
1, 362, 47
1, 363, 33
1, 364, 0
1, 365, 0
1, 366, 0
1, 367, 0
1, 368, 0
1, 369, 0
1, 370, 0
1, 371, 27
1, 372, 0
1, 373, 0
1, 374, 44
1, 375, 0
1, 376, 32
1, 377, 0
1, 378, 0
1, 379, 0
1, 380, 0
1, 381, 16
1, 382, 0
1, 383, 0
1, 384, 0
1, 385, 0
1, 386, 0
1, 387, 0
1, 388, 0
1, 389, 0
1, 390, 0
1, 391, 46
1, 392, 0
1, 393, 0
1, 394, 26
1, 395, 28
1, 396, 0
1, 397, 22
1, 398, 49
1, 399, 0
2, 0, 0
2, 1, 0
2, 2, 0
2, 3, 0
2, 4, 53
2, 5, 0
2, 6, 0
2, 7, 0
2, 8, 0
2, 9, 0
2, 10, 0
2, 11, 0
2, 12, 0
2, 13, 0
2, 14, 0
2, 15, 0
2, 16, 0
2, 17, 58
2, 18, 0
2, 19, 0
2, 20, 0
2, 21, 0
2, 22, 0
2, 23, 0
2, 24, 0
2, 25, 0
2, 26, 0
2, 27, 0
2, 28, 0
2, 29, 0
2, 30, 0
2, 31, 0
2, 32, 0
2, 33, 0
2, 34, 35
2, 35, 0
2, 36, 0
2, 37, 0
2, 38, 0
2, 39, 2
2, 40, 0
2, 41, 0
2, 42, 0
2, 43, 0
2, 44, 44
2, 45, 0
2, 46, 46
2, 47, 0
2, 48, 0
2, 49, 0
2, 50, 0
2, 51, 0
2, 52, 0
2, 53, 18
2, 54, 0
2, 55, 0
2, 56, 0
2, 57, 0
2, 58, 0
2, 59, 0
2, 60, 0
2, 61, 0
2, 62, 0
2, 63, 32
2, 64, 28
2, 65, 0
2, 66, 0
2, 67, 0
2, 68, 0
2, 69, 0
2, 70, 0
2, 71, 0
2, 72, 29
2, 73, 0
2, 74, 0
2, 75, 31
2, 76, 0
2, 77, 52
2, 78, 44
2, 79, 0
2, 80, 0
2, 81, 0
2, 82, 0
2, 83, 0
2, 84, 0
2, 85, 0
2, 86, 0
2, 87, 28
2, 88, 53
2, 89, 34
2, 90, 0
2, 91, 12
2, 92, 0
2, 93, 0
2, 94, 55
2, 95, 0
2, 96, 18
2, 97, 0
2, 98, 0
2, 99, 0
2, 100, 0
2, 101, 0
2, 102, 0
2, 103, 9
2, 104, 45
2, 105, 0
2, 106, 0
2, 107, 0
2, 108, 0
2, 109, 0
2, 110, 3
2, 111, 0
2, 112, 0
2, 113, 27
2, 114, 0
2, 115, 0
2, 116, 0
2, 117, 0
2, 118, 0
2, 119, 0
2, 120, 0
2, 121, 0
2, 122, 22
2, 123, 50
2, 124, 0
2, 125, 2
2, 126, 0
2, 127, 0
2, 128, 0
2, 129, 0
2, 130, 0
2, 131, 0
2, 132, 0
2, 133, 0
2, 134, 0
2, 135, 0
2, 136, 0
2, 137, 34
2, 138, 0
2, 139, 0
2, 140, 0
2, 141, 0
2, 142, 0
2, 143, 0
2, 144, 0
2, 145, 0
2, 146, 0
2, 147, 0
2, 148, 0
2, 149, 0
2, 150, 0
2, 151, 0
2, 152, 0
2, 153, 0
2, 154, 0
2, 155, 0
2, 156, 17
2, 157, 0
2, 158, 47
2, 159, 0
2, 160, 0
2, 161, 37
2, 162, 0
2, 163, 0
2, 164, 0
2, 165, 35
2, 166, 0
2, 167, 0
2, 168, 0
2, 169, 0
2, 170, 0
2, 171, 0
2, 172, 58
2, 173, 0
2, 174, 41
2, 175, 0
2, 176, 0
2, 177, 0
2, 178, 0
2, 179, 0
2, 180, 0
2, 181, 0
2, 182, 44
2, 183, 0
2, 184, 0
2, 185, 3
2, 186, 0
2, 187, 0
2, 188, 0
2, 189, 0
2, 190, 0
2, 191, 37
2, 192, 0
2, 193, 0
2, 194, 0
2, 195, 22
2, 196, 0
2, 197, 0
2, 198, 0
2, 199, 46
2, 200, 0
2, 201, 0
2, 202, 0
2, 203, 0
2, 204, 0
2, 205, 52
2, 206, 0
2, 207, 0
2, 208, 0
2, 209, 0
2, 210, 0
2, 211, 58
2, 212, 0
2, 213, 0
2, 214, 0
2, 215, 0
2, 216, 0
2, 217, 0
2, 218, 0
2, 219, 0
2, 220, 0
2, 221, 0
2, 222, 0
2, 223, 41
2, 224, 0
2, 225, 16
2, 226, 0
2, 227, 0
2, 228, 0
2, 229, 0
2, 230, 0
2, 231, 0
2, 232, 0
2, 233, 0
2, 234, 0
2, 235, 0
2, 236, 0
2, 237, 0
2, 238, 0
2, 239, 0
2, 240, 37
2, 241, 45
2, 242, 0
2, 243, 0
2, 244, 0
2, 245, 0
2, 246, 0
2, 247, 0
2, 248, 0
2, 249, 0
2, 250, 0
2, 251, 0
2, 252, 0
2, 253, 0
2, 254, 0
2, 255, 0
2, 256, 0
2, 257, 0
2, 258, 0
2, 259, 0
2, 260, 0
2, 261, 0
2, 262, 0
2, 263, 50
2, 264, 18
2, 265, 0
2, 266, 53
2, 267, 0
2, 268, 0
2, 269, 0
2, 270, 12
2, 271, 0
2, 272, 0
2, 273, 45
2, 274, 0
2, 275, 0
2, 276, 0
2, 277, 0
2, 278, 0
2, 279, 0
2, 280, 0
2, 281, 0
2, 282, 0
2, 283, 0
2, 284, 29
2, 285, 0
2, 286, 0
2, 287, 0
2, 288, 0
2, 289, 55
2, 290, 0
2, 291, 27
2, 292, 0
2, 293, 0
2, 294, 32
2, 295, 0
2, 296, 0
2, 297, 0
2, 298, 0
2, 299, 0
2, 300, 0
2, 301, 0
2, 302, 0
2, 303, 0
2, 304, 0
2, 305, 0
2, 306, 0
2, 307, 0
2, 308, 34
2, 309, 47
2, 310, 0
2, 311, 0
2, 312, 0
2, 313, 0
2, 314, 0
2, 315, 0
2, 316, 0
2, 317, 0
2, 318, 0
2, 319, 16
2, 320, 0
2, 321, 0
2, 322, 0
2, 323, 0
2, 324, 0
2, 325, 0
2, 326, 0
2, 327, 0
2, 328, 0
2, 329, 28
2, 330, 0
2, 331, 0
2, 332, 0
2, 333, 0
2, 334, 0
2, 335, 46
2, 336, 0
2, 337, 0
2, 338, 3
2, 339, 0
2, 340, 0
2, 341, 0
2, 342, 52
2, 343, 0
2, 344, 0
2, 345, 0
2, 346, 0
2, 347, 0
2, 348, 50
2, 349, 0
2, 350, 0
2, 351, 55
2, 352, 12
2, 353, 0
2, 354, 0
2, 355, 47
2, 356, 0
2, 357, 0
2, 358, 0
2, 359, 0
2, 360, 0
2, 361, 0
2, 362, 58
2, 363, 0
2, 364, 0
2, 365, 17
2, 366, 0
2, 367, 45
2, 368, 0
2, 369, 0
2, 370, 35
2, 371, 0
2, 372, 2
2, 373, 0
2, 374, 0
2, 375, 0
2, 376, 0
2, 377, 0
2, 378, 0
2, 379, 0
2, 380, 0
2, 381, 0
2, 382, 0
2, 383, 0
2, 384, 0
2, 385, 0
2, 386, 0
2, 387, 0
2, 388, 0
2, 389, 41
2, 390, 0
2, 391, 0
2, 392, 0
2, 393, 0
2, 394, 0
2, 395, 0
2, 396, 0
2, 397, 0
2, 398, 0
2, 399, 0
3, 0, 0
3, 1, 46
3, 2, 35
3, 3, 0
3, 4, 0
3, 5, 20
3, 6, 0
3, 7, 0
3, 8, 0
3, 9, 14
3, 10, 0
3, 11, 0
3, 12, 2
3, 13, 0
3, 14, 0
3, 15, 0
3, 16, 0
3, 17, 37
3, 18, 54
3, 19, 0
3, 20, 0
3, 21, 0
3, 22, 0
3, 23, 0
3, 24, 8
3, 25, 0
3, 26, 0
3, 27, 0
3, 28, 0
3, 29, 0
3, 30, 0
3, 31, 0
3, 32, 24
3, 33, 0
3, 34, 5
3, 35, 0
3, 36, 0
3, 37, 0
3, 38, 0
3, 39, 0
3, 40, 0
3, 41, 0
3, 42, 36
3, 43, 0
3, 44, 61
3, 45, 20
3, 46, 2
3, 47, 0
3, 48, 0
3, 49, 0
3, 50, 0
3, 51, 0
3, 52, 0
3, 53, 0
3, 54, 0
3, 55, 0
3, 56, 0
3, 57, 0
3, 58, 0
3, 59, 0
3, 60, 54
3, 61, 0
3, 62, 0
3, 63, 0
3, 64, 15
3, 65, 56
3, 66, 37
3, 67, 0
3, 68, 0
3, 69, 0
3, 70, 0
3, 71, 13
3, 72, 58
3, 73, 0
3, 74, 0
3, 75, 0
3, 76, 25
3, 77, 0
3, 78, 0
3, 79, 49
3, 80, 0
3, 81, 0
3, 82, 0
3, 83, 0
3, 84, 0
3, 85, 0
3, 86, 0
3, 87, 0
3, 88, 0
3, 89, 6
3, 90, 0
3, 91, 0
3, 92, 0
3, 93, 0
3, 94, 0
3, 95, 0
3, 96, 0
3, 97, 0
3, 98, 0
3, 99, 0
3, 100, 0
3, 101, 0
3, 102, 42
3, 103, 0
3, 104, 0
3, 105, 5
3, 106, 0
3, 107, 0
3, 108, 0
3, 109, 0
3, 110, 0
3, 111, 35
3, 112, 0
3, 113, 0
3, 114, 0
3, 115, 0
3, 116, 0
3, 117, 0
3, 118, 0
3, 119, 0
3, 120, 0
3, 121, 0
3, 122, 8
3, 123, 0
3, 124, 0
3, 125, 0
3, 126, 0
3, 127, 14
3, 128, 0
3, 129, 0
3, 130, 46
3, 131, 0
3, 132, 0
3, 133, 0
3, 134, 0
3, 135, 0
3, 136, 0
3, 137, 0
3, 138, 0
3, 139, 0
3, 140, 0
3, 141, 0
3, 142, 0
3, 143, 0
3, 144, 0
3, 145, 0
3, 146, 0
3, 147, 0
3, 148, 50
3, 149, 0
3, 150, 8
3, 151, 0
3, 152, 0
3, 153, 0
3, 154, 0
3, 155, 0
3, 156, 0
3, 157, 0
3, 158, 0
3, 159, 56
3, 160, 23
3, 161, 0
3, 162, 0
3, 163, 0
3, 164, 0
3, 165, 0
3, 166, 0
3, 167, 0
3, 168, 0
3, 169, 0
3, 170, 0
3, 171, 0
3, 172, 0
3, 173, 54
3, 174, 0
3, 175, 0
3, 176, 0
3, 177, 0
3, 178, 0
3, 179, 42
3, 180, 0
3, 181, 0
3, 182, 0
3, 183, 0
3, 184, 37
3, 185, 0
3, 186, 0
3, 187, 0
3, 188, 0
3, 189, 0
3, 190, 0
3, 191, 36
3, 192, 0
3, 193, 0
3, 194, 0
3, 195, 0
3, 196, 0
3, 197, 0
3, 198, 0
3, 199, 0
3, 200, 24
3, 201, 0
3, 202, 15
3, 203, 0
3, 204, 0
3, 205, 0
3, 206, 0
3, 207, 0
3, 208, 0
3, 209, 0
3, 210, 0
3, 211, 0
3, 212, 0
3, 213, 20
3, 214, 0
3, 215, 0
3, 216, 0
3, 217, 0
3, 218, 0
3, 219, 0
3, 220, 0
3, 221, 0
3, 222, 0
3, 223, 0
3, 224, 0
3, 225, 0
3, 226, 37
3, 227, 0
3, 228, 0
3, 229, 36
3, 230, 0
3, 231, 0
3, 232, 0
3, 233, 25
3, 234, 0
3, 235, 0
3, 236, 0
3, 237, 0
3, 238, 0
3, 239, 0
3, 240, 0
3, 241, 0
3, 242, 0
3, 243, 0
3, 244, 0
3, 245, 0
3, 246, 42
3, 247, 61
3, 248, 0
3, 249, 0
3, 250, 0
3, 251, 0
3, 252, 14
3, 253, 0
3, 254, 0
3, 255, 0
3, 256, 0
3, 257, 0
3, 258, 0
3, 259, 0
3, 260, 68
3, 261, 0
3, 262, 0
3, 263, 0
3, 264, 0
3, 265, 0
3, 266, 0
3, 267, 0
3, 268, 0
3, 269, 0
3, 270, 0
3, 271, 0
3, 272, 0
3, 273, 0
3, 274, 0
3, 275, 0
3, 276, 0
3, 277, 0
3, 278, 20
3, 279, 0
3, 280, 0
3, 281, 0
3, 282, 0
3, 283, 20
3, 284, 0
3, 285, 0
3, 286, 49
3, 287, 0
3, 288, 0
3, 289, 24
3, 290, 0
3, 291, 0
3, 292, 35
3, 293, 0
3, 294, 27
3, 295, 0
3, 296, 0
3, 297, 5
3, 298, 0
3, 299, 0
3, 300, 0
3, 301, 0
3, 302, 0
3, 303, 0
3, 304, 0
3, 305, 58
3, 306, 0
3, 307, 54
3, 308, 0
3, 309, 0
3, 310, 1
3, 311, 0
3, 312, 0
3, 313, 0
3, 314, 0
3, 315, 0
3, 316, 13
3, 317, 0
3, 318, 0
3, 319, 0
3, 320, 0
3, 321, 0
3, 322, 0
3, 323, 0
3, 324, 0
3, 325, 0
3, 326, 0
3, 327, 0
3, 328, 0
3, 329, 0
3, 330, 56
3, 331, 0
3, 332, 0
3, 333, 8
3, 334, 0
3, 335, 0
3, 336, 0
3, 337, 0
3, 338, 0
3, 339, 0
3, 340, 35
3, 341, 0
3, 342, 0
3, 343, 0
3, 344, 0
3, 345, 0
3, 346, 0
3, 347, 0
3, 348, 25
3, 349, 0
3, 350, 0
3, 351, 0
3, 352, 0
3, 353, 0
3, 354, 46
3, 355, 0
3, 356, 24
3, 357, 0
3, 358, 20
3, 359, 0
3, 360, 0
3, 361, 0
3, 362, 0
3, 363, 0
3, 364, 0
3, 365, 0
3, 366, 0
3, 367, 0
3, 368, 0
3, 369, 0
3, 370, 0
3, 371, 0
3, 372, 0
3, 373, 46
3, 374, 0
3, 375, 0
3, 376, 0
3, 377, 0
3, 378, 0
3, 379, 15
3, 380, 0
3, 381, 0
3, 382, 31
3, 383, 0
3, 384, 0
3, 385, 0
3, 386, 0
3, 387, 0
3, 388, 0
3, 389, 0
3, 390, 0
3, 391, 36
3, 392, 0
3, 393, 58
3, 394, 0
3, 395, 0
3, 396, 0
3, 397, 0
3, 398, 0
3, 399, 0
4, 0, 0
4, 1, 0
4, 2, 0
4, 3, 0
4, 4, 0
4, 5, 0
4, 6, 0
4, 7, 0
4, 8, 0
4, 9, 0
4, 10, 0
4, 11, 0
4, 12, 60
4, 13, 0
4, 14, 0
4, 15, 26
4, 16, 52
4, 17, 0
4, 18, 0
4, 19, 0
4, 20, 0
4, 21, 0
4, 22, 0
4, 23, 0
4, 24, 0
4, 25, 0
4, 26, 0
4, 27, 0
4, 28, 27
4, 29, 35
4, 30, 28
4, 31, 0
4, 32, 0
4, 33, 0
4, 34, 11
4, 35, 0
4, 36, 0
4, 37, 5
4, 38, 0
4, 39, 0
4, 40, 29
4, 41, 40
4, 42, 0
4, 43, 0
4, 44, 0
4, 45, 0
4, 46, 0
4, 47, 41
4, 48, 0
4, 49, 0
4, 50, 14
4, 51, 38
4, 52, 0
4, 53, 0
4, 54, 0
4, 55, 21
4, 56, 0
4, 57, 33
4, 58, 0
4, 59, 0
4, 60, 0
4, 61, 0
4, 62, 0
4, 63, 0
4, 64, 0
4, 65, 0
4, 66, 0
4, 67, 0
4, 68, 0
4, 69, 0
4, 70, 0
4, 71, 53
4, 72, 0
4, 73, 0
4, 74, 56
4, 75, 0
4, 76, 0
4, 77, 0
4, 78, 0
4, 79, 0
4, 80, 0
4, 81, 36
4, 82, 0
4, 83, 0
4, 84, 14
4, 85, 0
4, 86, 0
4, 87, 0
4, 88, 0
4, 89, 0
4, 90, 0
4, 91, 0
4, 92, 29
4, 93, 0
4, 94, 0
4, 95, 0
4, 96, 0
4, 97, 0
4, 98, 4
4, 99, 0
4, 100, 0
4, 101, 0
4, 102, 0
4, 103, 0
4, 104, 0
4, 105, 0
4, 106, 0
4, 107, 11
4, 108, 0
4, 109, 0
4, 110, 0
4, 111, 52
4, 112, 0
4, 113, 52
4, 114, 0
4, 115, 0
4, 116, 18
4, 117, 0
4, 118, 0
4, 119, 0
4, 120, 0
4, 121, 0
4, 122, 0
4, 123, 0
4, 124, 0
4, 125, 18
4, 126, 0
4, 127, 23
4, 128, 0
4, 129, 49
4, 130, 0
4, 131, 0
4, 132, 0
4, 133, 47
4, 134, 0
4, 135, 0
4, 136, 0
4, 137, 0
4, 138, 0
4, 139, 0
4, 140, 51
4, 141, 0
4, 142, 0
4, 143, 0
4, 144, 0
4, 145, 0
4, 146, 46
4, 147, 0
4, 148, 0
4, 149, 0
4, 150, 0
4, 151, 32
4, 152, 0
4, 153, 0
4, 154, 0
4, 155, 0
4, 156, 47
4, 157, 0
4, 158, 0
4, 159, 0
4, 160, 0
4, 161, 0
4, 162, 0
4, 163, 0
4, 164, 33
4, 165, 26
4, 166, 0
4, 167, 0
4, 168, 0
4, 169, 0
4, 170, 53
4, 171, 0
4, 172, 0
4, 173, 0
4, 174, 0
4, 175, 0
4, 176, 0
4, 177, 0
4, 178, 0
4, 179, 0
4, 180, 0
4, 181, 0
4, 182, 35
4, 183, 0
4, 184, 0
4, 185, 0
4, 186, 17
4, 187, 0
4, 188, 0
4, 189, 0
4, 190, 0
4, 191, 0
4, 192, 21
4, 193, 60
4, 194, 0
4, 195, 0
4, 196, 0
4, 197, 0
4, 198, 9
4, 199, 62
4, 200, 50
4, 201, 5
4, 202, 0
4, 203, 27
4, 204, 0
4, 205, 0
4, 206, 38
4, 207, 0
4, 208, 0
4, 209, 45
4, 210, 0
4, 211, 0
4, 212, 0
4, 213, 0
4, 214, 0
4, 215, 0
4, 216, 0
4, 217, 0
4, 218, 0
4, 219, 0
4, 220, 0
4, 221, 0
4, 222, 0
4, 223, 46
4, 224, 47
4, 225, 46
4, 226, 0
4, 227, 0
4, 228, 0
4, 229, 0
4, 230, 0
4, 231, 28
4, 232, 0
4, 233, 0
4, 234, 0
4, 235, 46
4, 236, 0
4, 237, 0
4, 238, 0
4, 239, 0
4, 240, 0
4, 241, 0
4, 242, 0
4, 243, 30
4, 244, 29
4, 245, 0
4, 246, 0
4, 247, 0
4, 248, 0
4, 249, 0
4, 250, 0
4, 251, 0
4, 252, 41
4, 253, 0
4, 254, 0
4, 255, 18
4, 256, 0
4, 257, 53
4, 258, 0
4, 259, 0
4, 260, 0
4, 261, 0
4, 262, 0
4, 263, 0
4, 264, 33
4, 265, 0
4, 266, 0
4, 267, 0
4, 268, 0
4, 269, 4
4, 270, 0
4, 271, 0
4, 272, 0
4, 273, 36
4, 274, 0
4, 275, 0
4, 276, 0
4, 277, 0
4, 278, 0
4, 279, 52
4, 280, 0
4, 281, 0
4, 282, 0
4, 283, 0
4, 284, 0
4, 285, 0
4, 286, 0
4, 287, 0
4, 288, 56
4, 289, 32
4, 290, 0
4, 291, 0
4, 292, 0
4, 293, 49
4, 294, 0
4, 295, 0
4, 296, 47
4, 297, 0
4, 298, 0
4, 299, 0
4, 300, 0
4, 301, 46
4, 302, 35
4, 303, 46
4, 304, 0
4, 305, 21
4, 306, 62
4, 307, 0
4, 308, 0
4, 309, 0
4, 310, 0
4, 311, 0
4, 312, 0
4, 313, 3
4, 314, 0
4, 315, 0
4, 316, 0
4, 317, 0
4, 318, 0
4, 319, 0
4, 320, 63
4, 321, 0
4, 322, 0
4, 323, 0
4, 324, 0
4, 325, 0
4, 326, 0
4, 327, 0
4, 328, 0
4, 329, 0
4, 330, 23
4, 331, 0
4, 332, 26
4, 333, 0
4, 334, 56
4, 335, 33
4, 336, 0
4, 337, 0
4, 338, 5
4, 339, 0
4, 340, 0
4, 341, 0
4, 342, 0
4, 343, 8
4, 344, 0
4, 345, 0
4, 346, 0
4, 347, 0
4, 348, 46
4, 349, 0
4, 350, 0
4, 351, 47
4, 352, 0
4, 353, 0
4, 354, 0
4, 355, 0
4, 356, 0
4, 357, 0
4, 358, 0
4, 359, 14
4, 360, 0
4, 361, 53
4, 362, 0
4, 363, 0
4, 364, 0
4, 365, 0
4, 366, 0
4, 367, 0
4, 368, 0
4, 369, 27
4, 370, 0
4, 371, 40
4, 372, 0
4, 373, 41
4, 374, 0
4, 375, 0
4, 376, 50
4, 377, 35
4, 378, 0
4, 379, 0
4, 380, 0
4, 381, 0
4, 382, 0
4, 383, 0
4, 384, 0
4, 385, 0
4, 386, 0
4, 387, 50
4, 388, 0
4, 389, 0
4, 390, 0
4, 391, 0
4, 392, 0
4, 393, 0
4, 394, 0
4, 395, 0
4, 396, 0
4, 397, 33
4, 398, 0
4, 399, 0
5, 0, 0
5, 1, 0
5, 2, 27
5, 3, 0
5, 4, 0
5, 5, 0
5, 6, 0
5, 7, 0
5, 8, 0
5, 9, 0
5, 10, 0
5, 11, 0
5, 12, 0
5, 13, 0
5, 14, 12
5, 15, 0
5, 16, 0
5, 17, 41
5, 18, 0
5, 19, 0
5, 20, 13
5, 21, 0
5, 22, 34
5, 23, 6
5, 24, 0
5, 25, 0
5, 26, 23
5, 27, 0
5, 28, 0
5, 29, 0
5, 30, 0
5, 31, 0
5, 32, 38
5, 33, 0
5, 34, 0
5, 35, 0
5, 36, 0
5, 37, 0
5, 38, 0
5, 39, 30
5, 40, 0
5, 41, 0
5, 42, 0
5, 43, 0
5, 44, 0
5, 45, 0
5, 46, 0
5, 47, 0
5, 48, 29
5, 49, 0
5, 50, 0
5, 51, 55
5, 52, 49
5, 53, 0
5, 54, 0
5, 55, 0
5, 56, 0
5, 57, 0
5, 58, 0
5, 59, 0
5, 60, 0
5, 61, 0
5, 62, 0
5, 63, 0
5, 64, 0
5, 65, 0
5, 66, 0
5, 67, 0
5, 68, 0
5, 69, 41
5, 70, 60
5, 71, 0
5, 72, 11
5, 73, 0
5, 74, 0
5, 75, 0
5, 76, 0
5, 77, 44
5, 78, 0
5, 79, 0
5, 80, 0
5, 81, 0
5, 82, 27
5, 83, 6
5, 84, 0
5, 85, 0
5, 86, 0
5, 87, 12
5, 88, 27
5, 89, 0
5, 90, 0
5, 91, 0
5, 92, 0
5, 93, 0
5, 94, 0
5, 95, 0
5, 96, 23
5, 97, 0
5, 98, 20
5, 99, 48
5, 100, 0
5, 101, 0
5, 102, 0
5, 103, 0
5, 104, 0
5, 105, 0
5, 106, 37
5, 107, 0
5, 108, 0
5, 109, 0
5, 110, 11
5, 111, 17
5, 112, 0
5, 113, 0
5, 114, 0
5, 115, 0
5, 116, 0
5, 117, 0
5, 118, 0
5, 119, 6
5, 120, 0
5, 121, 0
5, 122, 0
5, 123, 0
5, 124, 0
5, 125, 0
5, 126, 6
5, 127, 37
5, 128, 0
5, 129, 0
5, 130, 0
5, 131, 0
5, 132, 0
5, 133, 0
5, 134, 0
5, 135, 0
5, 136, 0
5, 137, 0
5, 138, 45
5, 139, 0
5, 140, 0
5, 141, 0
5, 142, 0
5, 143, 22
5, 144, 0
5, 145, 0
5, 146, 0
5, 147, 23
5, 148, 0
5, 149, 0
5, 150, 30
5, 151, 0
5, 152, 0
5, 153, 0
5, 154, 12
5, 155, 34
5, 156, 0
5, 157, 0
5, 158, 0
5, 159, 0
5, 160, 0
5, 161, 0
5, 162, 0
5, 163, 0
5, 164, 55
5, 165, 32
5, 166, 52
5, 167, 0
5, 168, 0
5, 169, 0
5, 170, 44
5, 171, 0
5, 172, 0
5, 173, 0
5, 174, 22
5, 175, 0
5, 176, 51
5, 177, 0
5, 178, 13
5, 179, 0
5, 180, 0
5, 181, 0
5, 182, 0
5, 183, 0
5, 184, 0
5, 185, 0
5, 186, 34
5, 187, 0
5, 188, 38
5, 189, 0
5, 190, 34
5, 191, 0
5, 192, 0
5, 193, 0
5, 194, 0
5, 195, 0
5, 196, 0
5, 197, 0
5, 198, 0
5, 199, 0
5, 200, 0
5, 201, 0
5, 202, 0
5, 203, 29
5, 204, 23
5, 205, 0
5, 206, 0
5, 207, 55
5, 208, 0
5, 209, 0
5, 210, 0
5, 211, 0
5, 212, 0
5, 213, 0
5, 214, 0
5, 215, 0
5, 216, 12
5, 217, 0
5, 218, 0
5, 219, 0
5, 220, 0
5, 221, 0
5, 222, 0
5, 223, 0
5, 224, 9
5, 225, 0
5, 226, 0
5, 227, 0
5, 228, 0
5, 229, 0
5, 230, 6
5, 231, 20
5, 232, 0
5, 233, 0
5, 234, 0
5, 235, 0
5, 236, 48
5, 237, 0
5, 238, 0
5, 239, 0
5, 240, 0
5, 241, 0
5, 242, 23
5, 243, 0
5, 244, 0
5, 245, 10
5, 246, 0
5, 247, 0
5, 248, 0
5, 249, 0
5, 250, 0
5, 251, 0
5, 252, 0
5, 253, 0
5, 254, 0
5, 255, 0
5, 256, 0
5, 257, 0
5, 258, 0
5, 259, 0
5, 260, 0
5, 261, 41
5, 262, 0
5, 263, 0
5, 264, 0
5, 265, 0
5, 266, 0
5, 267, 44
5, 268, 0
5, 269, 0
5, 270, 0
5, 271, 0
5, 272, 0
5, 273, 0
5, 274, 0
5, 275, 0
5, 276, 51
5, 277, 0
5, 278, 0
5, 279, 42
5, 280, 0
5, 281, 0
5, 282, 17
5, 283, 0
5, 284, 0
5, 285, 0
5, 286, 0
5, 287, 29
5, 288, 0
5, 289, 0
5, 290, 29
5, 291, 0
5, 292, 59
5, 293, 0
5, 294, 0
5, 295, 0
5, 296, 3
5, 297, 0
5, 298, 0
5, 299, 11
5, 300, 0
5, 301, 0
5, 302, 0
5, 303, 0
5, 304, 0
5, 305, 11
5, 306, 0
5, 307, 0
5, 308, 0
5, 309, 0
5, 310, 0
5, 311, 0
5, 312, 22
5, 313, 0
5, 314, 0
5, 315, 32
5, 316, 41
5, 317, 0
5, 318, 0
5, 319, 12
5, 320, 0
5, 321, 55
5, 322, 17
5, 323, 9
5, 324, 0
5, 325, 48
5, 326, 0
5, 327, 10
5, 328, 0
5, 329, 0
5, 330, 34
5, 331, 0
5, 332, 0
5, 333, 0
5, 334, 0
5, 335, 0
5, 336, 0
5, 337, 0
5, 338, 0
5, 339, 0
5, 340, 0
5, 341, 6
5, 342, 60
5, 343, 45
5, 344, 0
5, 345, 0
5, 346, 0
5, 347, 0
5, 348, 44
5, 349, 0
5, 350, 0
5, 351, 29
5, 352, 13
5, 353, 0
5, 354, 0
5, 355, 0
5, 356, 0
5, 357, 37
5, 358, 0
5, 359, 0
5, 360, 0
5, 361, 0
5, 362, 0
5, 363, 0
5, 364, 0
5, 365, 13
5, 366, 0
5, 367, 0
5, 368, 0
5, 369, 0
5, 370, 0
5, 371, 0
5, 372, 0
5, 373, 0
5, 374, 0
5, 375, 0
5, 376, 23
5, 377, 0
5, 378, 0
5, 379, 0
5, 380, 0
5, 381, 0
5, 382, 0
5, 383, 0
5, 384, 0
5, 385, 42
5, 386, 0
5, 387, 0
5, 388, 0
5, 389, 0
5, 390, 0
5, 391, 20
5, 392, 0
5, 393, 34
5, 394, 0
5, 395, 0
5, 396, 9
5, 397, 0
5, 398, 51
5, 399, 0
6, 0, 0
6, 1, 0
6, 2, 0
6, 3, 0
6, 4, 0
6, 5, 0
6, 6, 0
6, 7, 0
6, 8, 0
6, 9, 0
6, 10, 0
6, 11, 0
6, 12, 0
6, 13, 0
6, 14, 0
6, 15, 0
6, 16, 0
6, 17, 0
6, 18, 0
6, 19, 1
6, 20, 0
6, 21, 0
6, 22, 49
6, 23, 0
6, 24, 12
6, 25, 0
6, 26, 44
6, 27, 0
6, 28, 0
6, 29, 47
6, 30, 0
6, 31, 0
6, 32, 0
6, 33, 46
6, 34, 41
6, 35, 0
6, 36, 0
6, 37, 0
6, 38, 0
6, 39, 0
6, 40, 0
6, 41, 0
6, 42, 0
6, 43, 0
6, 44, 0
6, 45, 0
6, 46, 0
6, 47, 0
6, 48, 0
6, 49, 0
6, 50, 17
6, 51, 0
6, 52, 0
6, 53, 0
6, 54, 0
6, 55, 0
6, 56, 0
6, 57, 0
6, 58, 0
6, 59, 28
6, 60, 31
6, 61, 0
6, 62, 0
6, 63, 0
6, 64, 0
6, 65, 0
6, 66, 0
6, 67, 0
6, 68, 0
6, 69, 0
6, 70, 0
6, 71, 0
6, 72, 45
6, 73, 0
6, 74, 0
6, 75, 0
6, 76, 0
6, 77, 19
6, 78, 0
6, 79, 17
6, 80, 0
6, 81, 0
6, 82, 0
6, 83, 0
6, 84, 0
6, 85, 0
6, 86, 0
6, 87, 0
6, 88, 0
6, 89, 54
6, 90, 0
6, 91, 0
6, 92, 0
6, 93, 0
6, 94, 0
6, 95, 0
6, 96, 31
6, 97, 0
6, 98, 25
6, 99, 0
6, 100, 38
6, 101, 0
6, 102, 0
6, 103, 0
6, 104, 0
6, 105, 0
6, 106, 0
6, 107, 0
6, 108, 47
6, 109, 18
6, 110, 0
6, 111, 0
6, 112, 0
6, 113, 41
6, 114, 0
6, 115, 0
6, 116, 0
6, 117, 0
6, 118, 0
6, 119, 0
6, 120, 36
6, 121, 0
6, 122, 0
6, 123, 0
6, 124, 49
6, 125, 42
6, 126, 0
6, 127, 0
6, 128, 23
6, 129, 0
6, 130, 0
6, 131, 0
6, 132, 0
6, 133, 0
6, 134, 0
6, 135, 0
6, 136, 0
6, 137, 0
6, 138, 0
6, 139, 0
6, 140, 0
6, 141, 0
6, 142, 0
6, 143, 0
6, 144, 1
6, 145, 0
6, 146, 38
6, 147, 0
6, 148, 0
6, 149, 0
6, 150, 5
6, 151, 0
6, 152, 0
6, 153, 0
6, 154, 0
6, 155, 0
6, 156, 0
6, 157, 0
6, 158, 0
6, 159, 0
6, 160, 0
6, 161, 0
6, 162, 0
6, 163, 0
6, 164, 41
6, 165, 0
6, 166, 0
6, 167, 0
6, 168, 0
6, 169, 0
6, 170, 0
6, 171, 0
6, 172, 0
6, 173, 0
6, 174, 0
6, 175, 0
6, 176, 0
6, 177, 0
6, 178, 28
6, 179, 0
6, 180, 46
6, 181, 0
6, 182, 0
6, 183, 0
6, 184, 0
6, 185, 45
6, 186, 0
6, 187, 0
6, 188, 0
6, 189, 0
6, 190, 10
6, 191, 0
6, 192, 0
6, 193, 0
6, 194, 0
6, 195, 0
6, 196, 0
6, 197, 0
6, 198, 0
6, 199, 0
6, 200, 47
6, 201, 0
6, 202, 19
6, 203, 49
6, 204, 0
6, 205, 0
6, 206, 0
6, 207, 0
6, 208, 13
6, 209, 0
6, 210, 0
6, 211, 28
6, 212, 0
6, 213, 0
6, 214, 0
6, 215, 38
6, 216, 0
6, 217, 0
6, 218, 0
6, 219, 0
6, 220, 0
6, 221, 0
6, 222, 0
6, 223, 30
6, 224, 0
6, 225, 0
6, 226, 0
6, 227, 0
6, 228, 0
6, 229, 0
6, 230, 0
6, 231, 0
6, 232, 0
6, 233, 54
6, 234, 0
6, 235, 0
6, 236, 0
6, 237, 27
6, 238, 47
6, 239, 0
6, 240, 0
6, 241, 0
6, 242, 0
6, 243, 0
6, 244, 0
6, 245, 12
6, 246, 44
6, 247, 40
6, 248, 18
6, 249, 0
6, 250, 0
6, 251, 0
6, 252, 0
6, 253, 0
6, 254, 0
6, 255, 0
6, 256, 0
6, 257, 0
6, 258, 42
6, 259, 0
6, 260, 0
6, 261, 0
6, 262, 0
6, 263, 0
6, 264, 0
6, 265, 0
6, 266, 0
6, 267, 14
6, 268, 0
6, 269, 0
6, 270, 49
6, 271, 0
6, 272, 0
6, 273, 31
6, 274, 28
6, 275, 0
6, 276, 0
6, 277, 0
6, 278, 0
6, 279, 0
6, 280, 0
6, 281, 47
6, 282, 0
6, 283, 0
6, 284, 42
6, 285, 38
6, 286, 0
6, 287, 0
6, 288, 31
6, 289, 0
6, 290, 0
6, 291, 0
6, 292, 0
6, 293, 0
6, 294, 0
6, 295, 0
6, 296, 0
6, 297, 0
6, 298, 25
6, 299, 0
6, 300, 0
6, 301, 0
6, 302, 0
6, 303, 0
6, 304, 0
6, 305, 0
6, 306, 0
6, 307, 0
6, 308, 0
6, 309, 0
6, 310, 0
6, 311, 0
6, 312, 0
6, 313, 0
6, 314, 0
6, 315, 0
6, 316, 0
6, 317, 0
6, 318, 0
6, 319, 0
6, 320, 0
6, 321, 0
6, 322, 0
6, 323, 0
6, 324, 0
6, 325, 0
6, 326, 0
6, 327, 0
6, 328, 0
6, 329, 0
6, 330, 0
6, 331, 36
6, 332, 0
6, 333, 0
6, 334, 0
6, 335, 0
6, 336, 46
6, 337, 0
6, 338, 0
6, 339, 0
6, 340, 27
6, 341, 0
6, 342, 19
6, 343, 0
6, 344, 0
6, 345, 25
6, 346, 0
6, 347, 0
6, 348, 0
6, 349, 0
6, 350, 0
6, 351, 40
6, 352, 0
6, 353, 5
6, 354, 0
6, 355, 0
6, 356, 0
6, 357, 0
6, 358, 0
6, 359, 49
6, 360, 0
6, 361, 1
6, 362, 0
6, 363, 0
6, 364, 0
6, 365, 0
6, 366, 0
6, 367, 0
6, 368, 0
6, 369, 0
6, 370, 9
6, 371, 0
6, 372, 42
6, 373, 0
6, 374, 0
6, 375, 36
6, 376, 0
6, 377, 0
6, 378, 0
6, 379, 30
6, 380, 0
6, 381, 0
6, 382, 0
6, 383, 19
6, 384, 0
6, 385, 0
6, 386, 0
6, 387, 12
6, 388, 13
6, 389, 0
6, 390, 0
6, 391, 0
6, 392, 0
6, 393, 0
6, 394, 0
6, 395, 0
6, 396, 0
6, 397, 0
6, 398, 47
6, 399, 0
7, 0, 0
7, 1, 44
7, 2, 33
7, 3, 0
7, 4, 0
7, 5, 44
7, 6, 0
7, 7, 32
7, 8, 0
7, 9, 0
7, 10, 0
7, 11, 0
7, 12, 0
7, 13, 0
7, 14, 0
7, 15, 5
7, 16, 0
7, 17, 16
7, 18, 0
7, 19, 0
7, 20, 0
7, 21, 0
7, 22, 0
7, 23, 0
7, 24, 0
7, 25, 4
7, 26, 54
7, 27, 0
7, 28, 0
7, 29, 0
7, 30, 0
7, 31, 0
7, 32, 0
7, 33, 0
7, 34, 0
7, 35, 0
7, 36, 43
7, 37, 0
7, 38, 0
7, 39, 52
7, 40, 13
7, 41, 0
7, 42, 0
7, 43, 0
7, 44, 0
7, 45, 0
7, 46, 0
7, 47, 0
7, 48, 0
7, 49, 6
7, 50, 0
7, 51, 0
7, 52, 0
7, 53, 0
7, 54, 0
7, 55, 0
7, 56, 9
7, 57, 35
7, 58, 0
7, 59, 0
7, 60, 0
7, 61, 0
7, 62, 0
7, 63, 0
7, 64, 0
7, 65, 0
7, 66, 43
7, 67, 5
7, 68, 0
7, 69, 0
7, 70, 0
7, 71, 40
7, 72, 0
7, 73, 0
7, 74, 0
7, 75, 0
7, 76, 0
7, 77, 0
7, 78, 0
7, 79, 0
7, 80, 0
7, 81, 0
7, 82, 0
7, 83, 0
7, 84, 0
7, 85, 8
7, 86, 0
7, 87, 0
7, 88, 0
7, 89, 0
7, 90, 59
7, 91, 44
7, 92, 0
7, 93, 0
7, 94, 3
7, 95, 29
7, 96, 53
7, 97, 0
7, 98, 0
7, 99, 0
7, 100, 0
7, 101, 0
7, 102, 41
7, 103, 42
7, 104, 0
7, 105, 22
7, 106, 0
7, 107, 0
7, 108, 23
7, 109, 0
7, 110, 0
7, 111, 56
7, 112, 0
7, 113, 0
7, 114, 0
7, 115, 0
7, 116, 2
7, 117, 51
7, 118, 0
7, 119, 0
7, 120, 0
7, 121, 0
7, 122, 30
7, 123, 0
7, 124, 0
7, 125, 0
7, 126, 0
7, 127, 0
7, 128, 0
7, 129, 0
7, 130, 0
7, 131, 0
7, 132, 0
7, 133, 0
7, 134, 0
7, 135, 0
7, 136, 0
7, 137, 0
7, 138, 0
7, 139, 0
7, 140, 0
7, 141, 0
7, 142, 0
7, 143, 0
7, 144, 0
7, 145, 9
7, 146, 43
7, 147, 0
7, 148, 0
7, 149, 0
7, 150, 0
7, 151, 0
7, 152, 0
7, 153, 0
7, 154, 0
7, 155, 0
7, 156, 0
7, 157, 0
7, 158, 45
7, 159, 0
7, 160, 0
7, 161, 0
7, 162, 26
7, 163, 9
7, 164, 0
7, 165, 0
7, 166, 0
7, 167, 0
7, 168, 0
7, 169, 0
7, 170, 0
7, 171, 0
7, 172, 0
7, 173, 0
7, 174, 0
7, 175, 0
7, 176, 0
7, 177, 43
7, 178, 54
7, 179, 0
7, 180, 0
7, 181, 0
7, 182, 0
7, 183, 0
7, 184, 0
7, 185, 15
7, 186, 0
7, 187, 0
7, 188, 0
7, 189, 45
7, 190, 0
7, 191, 0
7, 192, 29
7, 193, 0
7, 194, 27
7, 195, 0
7, 196, 0
7, 197, 20
7, 198, 0
7, 199, 0
7, 200, 0
7, 201, 0
7, 202, 0
7, 203, 13
7, 204, 0
7, 205, 0
7, 206, 0
7, 207, 51
7, 208, 0
7, 209, 0
7, 210, 0
7, 211, 0
7, 212, 0
7, 213, 0
7, 214, 26
7, 215, 0
7, 216, 0
7, 217, 0
7, 218, 0
7, 219, 0
7, 220, 0
7, 221, 0
7, 222, 0
7, 223, 0
7, 224, 42
7, 225, 0
7, 226, 0
7, 227, 0
7, 228, 0
7, 229, 27
7, 230, 0
7, 231, 0
7, 232, 0
7, 233, 0
7, 234, 0
7, 235, 0
7, 236, 0
7, 237, 0
7, 238, 35
7, 239, 0
7, 240, 0
7, 241, 0
7, 242, 51
7, 243, 0
7, 244, 0
7, 245, 0
7, 246, 0
7, 247, 35
7, 248, 4
7, 249, 0
7, 250, 0
7, 251, 0
7, 252, 0
7, 253, 0
7, 254, 0
7, 255, 0
7, 256, 0
7, 257, 22
7, 258, 0
7, 259, 0
7, 260, 0
7, 261, 0
7, 262, 0
7, 263, 0
7, 264, 0
7, 265, 0
7, 266, 0
7, 267, 51
7, 268, 0
7, 269, 40
7, 270, 17
7, 271, 0
7, 272, 0
7, 273, 0
7, 274, 3
7, 275, 0
7, 276, 63
7, 277, 9
7, 278, 0
7, 279, 0
7, 280, 0
7, 281, 0
7, 282, 13
7, 283, 0
7, 284, 0
7, 285, 5
7, 286, 0
7, 287, 13
7, 288, 44
7, 289, 30
7, 290, 0
7, 291, 0
7, 292, 0
7, 293, 17
7, 294, 0
7, 295, 0
7, 296, 0
7, 297, 40
7, 298, 0
7, 299, 52
7, 300, 16
7, 301, 0
7, 302, 71
7, 303, 0
7, 304, 3
7, 305, 0
7, 306, 0
7, 307, 0
7, 308, 0
7, 309, 35
7, 310, 0
7, 311, 0
7, 312, 43
7, 313, 0
7, 314, 54
7, 315, 0
7, 316, 0
7, 317, 0
7, 318, 0
7, 319, 9
7, 320, 0
7, 321, 0
7, 322, 0
7, 323, 0
7, 324, 0
7, 325, 32
7, 326, 0
7, 327, 56
7, 328, 15
7, 329, 26
7, 330, 51
7, 331, 0
7, 332, 0
7, 333, 0
7, 334, 0
7, 335, 0
7, 336, 0
7, 337, 0
7, 338, 0
7, 339, 0
7, 340, 45
7, 341, 0
7, 342, 0
7, 343, 0
7, 344, 0
7, 345, 0
7, 346, 0
7, 347, 17
7, 348, 0
7, 349, 0
7, 350, 0
7, 351, 0
7, 352, 0
7, 353, 0
7, 354, 0
7, 355, 0
7, 356, 0
7, 357, 0
7, 358, 0
7, 359, 0
7, 360, 22
7, 361, 0
7, 362, 61
7, 363, 59
7, 364, 0
7, 365, 0
7, 366, 0
7, 367, 0
7, 368, 0
7, 369, 0
7, 370, 29
7, 371, 0
7, 372, 0
7, 373, 0
7, 374, 0
7, 375, 0
7, 376, 0
7, 377, 52
7, 378, 0
7, 379, 0
7, 380, 0
7, 381, 0
7, 382, 0
7, 383, 0
7, 384, 0
7, 385, 42
7, 386, 0
7, 387, 0
7, 388, 6
7, 389, 0
7, 390, 0
7, 391, 0
7, 392, 0
7, 393, 0
7, 394, 0
7, 395, 0
7, 396, 0
7, 397, 0
7, 398, 30
7, 399, 0
8, 0, 0
8, 1, 0
8, 2, 0
8, 3, 56
8, 4, 0
8, 5, 0
8, 6, 2
8, 7, 0
8, 8, 0
8, 9, 0
8, 10, 0
8, 11, 0
8, 12, 0
8, 13, 0
8, 14, 0
8, 15, 0
8, 16, 0
8, 17, 0
8, 18, 0
8, 19, 0
8, 20, 0
8, 21, 0
8, 22, 0
8, 23, 0
8, 24, 0
8, 25, 33
8, 26, 0
8, 27, 25
8, 28, 0
8, 29, 17
8, 30, 0
8, 31, 0
8, 32, 0
8, 33, 0
8, 34, 0
8, 35, 0
8, 36, 0
8, 37, 2
8, 38, 0
8, 39, 0
8, 40, 0
8, 41, 0
8, 42, 0
8, 43, 0
8, 44, 0
8, 45, 50
8, 46, 0
8, 47, 0
8, 48, 0
8, 49, 0
8, 50, 0
8, 51, 0
8, 52, 0
8, 53, 0
8, 54, 0
8, 55, 0
8, 56, 0
8, 57, 0
8, 58, 23
8, 59, 0
8, 60, 0
8, 61, 0
8, 62, 39
8, 63, 0
8, 64, 0
8, 65, 0
8, 66, 0
8, 67, 54
8, 68, 2
8, 69, 0
8, 70, 0
8, 71, 0
8, 72, 0
8, 73, 0
8, 74, 0
8, 75, 0
8, 76, 0
8, 77, 47
8, 78, 0
8, 79, 0
8, 80, 0
8, 81, 0
8, 82, 0
8, 83, 0
8, 84, 0
8, 85, 0
8, 86, 42
8, 87, 0
8, 88, 0
8, 89, 0
8, 90, 27
8, 91, 0
8, 92, 0
8, 93, 0
8, 94, 0
8, 95, 0
8, 96, 0
8, 97, 0
8, 98, 0
8, 99, 0
8, 100, 28
8, 101, 0
8, 102, 0
8, 103, 0
8, 104, 0
8, 105, 0
8, 106, 34
8, 107, 0
8, 108, 24
8, 109, 0
8, 110, 0
8, 111, 0
8, 112, 7
8, 113, 33
8, 114, 0
8, 115, 0
8, 116, 0
8, 117, 0
8, 118, 0
8, 119, 26
8, 120, 25
8, 121, 36
8, 122, 0
8, 123, 0
8, 124, 0
8, 125, 40
8, 126, 0
8, 127, 0
8, 128, 0
8, 129, 0
8, 130, 0
8, 131, 0
8, 132, 0
8, 133, 0
8, 134, 0
8, 135, 26
8, 136, 41
8, 137, 0
8, 138, 12
8, 139, 0
8, 140, 0
8, 141, 0
8, 142, 0
8, 143, 0
8, 144, 0
8, 145, 0
8, 146, 0
8, 147, 0
8, 148, 56
8, 149, 14
8, 150, 0
8, 151, 0
8, 152, 0
8, 153, 0
8, 154, 0
8, 155, 0
8, 156, 0
8, 157, 0
8, 158, 0
8, 159, 0
8, 160, 0
8, 161, 57
8, 162, 0
8, 163, 17
8, 164, 55
8, 165, 0
8, 166, 0
8, 167, 0
8, 168, 0
8, 169, 0
8, 170, 25
8, 171, 0
8, 172, 0
8, 173, 0
8, 174, 0
8, 175, 0
8, 176, 0
8, 177, 34
8, 178, 0
8, 179, 0
8, 180, 23
8, 181, 0
8, 182, 0
8, 183, 0
8, 184, 0
8, 185, 0
8, 186, 0
8, 187, 0
8, 188, 0
8, 189, 0
8, 190, 0
8, 191, 0
8, 192, 0
8, 193, 0
8, 194, 0
8, 195, 0
8, 196, 0
8, 197, 0
8, 198, 62
8, 199, 0
8, 200, 0
8, 201, 33
8, 202, 0
8, 203, 0
8, 204, 0
8, 205, 39
8, 206, 0
8, 207, 0
8, 208, 0
8, 209, 0
8, 210, 0
8, 211, 0
8, 212, 0
8, 213, 27
8, 214, 0
8, 215, 47
8, 216, 0
8, 217, 0
8, 218, 0
8, 219, 0
8, 220, 50
8, 221, 0
8, 222, 0
8, 223, 0
8, 224, 0
8, 225, 34
8, 226, 47
8, 227, 0
8, 228, 0
8, 229, 0
8, 230, 42
8, 231, 0
8, 232, 0
8, 233, 0
8, 234, 0
8, 235, 0
8, 236, 42
8, 237, 0
8, 238, 0
8, 239, 0
8, 240, 0
8, 241, 0
8, 242, 36
8, 243, 0
8, 244, 0
8, 245, 0
8, 246, 0
8, 247, 14
8, 248, 57
8, 249, 0
8, 250, 0
8, 251, 0
8, 252, 0
8, 253, 0
8, 254, 2
8, 255, 7
8, 256, 0
8, 257, 0
8, 258, 0
8, 259, 0
8, 260, 0
8, 261, 0
8, 262, 0
8, 263, 0
8, 264, 0
8, 265, 0
8, 266, 0
8, 267, 27
8, 268, 0
8, 269, 27
8, 270, 0
8, 271, 0
8, 272, 0
8, 273, 0
8, 274, 34
8, 275, 0
8, 276, 54
8, 277, 0
8, 278, 0
8, 279, 28
8, 280, 0
8, 281, 0
8, 282, 0
8, 283, 0
8, 284, 0
8, 285, 42
8, 286, 0
8, 287, 0
8, 288, 0
8, 289, 0
8, 290, 0
8, 291, 0
8, 292, 0
8, 293, 0
8, 294, 0
8, 295, 0
8, 296, 0
8, 297, 0
8, 298, 0
8, 299, 0
8, 300, 0
8, 301, 34
8, 302, 0
8, 303, 0
8, 304, 0
8, 305, 36
8, 306, 0
8, 307, 17
8, 308, 0
8, 309, 0
8, 310, 0
8, 311, 0
8, 312, 39
8, 313, 0
8, 314, 0
8, 315, 0
8, 316, 0
8, 317, 0
8, 318, 71
8, 319, 0
8, 320, 40
8, 321, 0
8, 322, 50
8, 323, 41
8, 324, 54
8, 325, 0
8, 326, 0
8, 327, 0
8, 328, 0
8, 329, 0
8, 330, 0
8, 331, 0
8, 332, 0
8, 333, 57
8, 334, 0
8, 335, 0
8, 336, 0
8, 337, 0
8, 338, 0
8, 339, 0
8, 340, 0
8, 341, 0
8, 342, 0
8, 343, 0
8, 344, 0
8, 345, 0
8, 346, 25
8, 347, 0
8, 348, 0
8, 349, 0
8, 350, 16
8, 351, 0
8, 352, 14
8, 353, 0
8, 354, 0
8, 355, 0
8, 356, 0
8, 357, 0
8, 358, 45
8, 359, 0
8, 360, 0
8, 361, 0
8, 362, 0
8, 363, 0
8, 364, 0
8, 365, 0
8, 366, 0
8, 367, 0
8, 368, 47
8, 369, 0
8, 370, 0
8, 371, 0
8, 372, 55
8, 373, 0
8, 374, 0
8, 375, 0
8, 376, 0
8, 377, 0
8, 378, 0
8, 379, 17
8, 380, 0
8, 381, 0
8, 382, 0
8, 383, 0
8, 384, 0
8, 385, 0
8, 386, 0
8, 387, 0
8, 388, 0
8, 389, 3
8, 390, 0
8, 391, 28
8, 392, 0
8, 393, 0
8, 394, 0
8, 395, 0
8, 396, 0
8, 397, 62
8, 398, 16
8, 399, 0
9, 0, 0
9, 1, 0
9, 2, 0
9, 3, 0
9, 4, 0
9, 5, 0
9, 6, 0
9, 7, 0
9, 8, 32
9, 9, 0
9, 10, 51
9, 11, 53
9, 12, 55
9, 13, 0
9, 14, 0
9, 15, 18
9, 16, 0
9, 17, 0
9, 18, 0
9, 19, 0
9, 20, 0
9, 21, 0
9, 22, 0
9, 23, 0
9, 24, 30
9, 25, 0
9, 26, 0
9, 27, 0
9, 28, 0
9, 29, 0
9, 30, 48
9, 31, 0
9, 32, 0
9, 33, 0
9, 34, 0
9, 35, 0
9, 36, 49
9, 37, 0
9, 38, 0
9, 39, 6
9, 40, 0
9, 41, 47
9, 42, 22
9, 43, 0
9, 44, 0
9, 45, 0
9, 46, 0
9, 47, 27
9, 48, 0
9, 49, 53
9, 50, 0
9, 51, 0
9, 52, 0
9, 53, 0
9, 54, 0
9, 55, 3
9, 56, 5
9, 57, 0
9, 58, 0
9, 59, 33
9, 60, 0
9, 61, 0
9, 62, 0
9, 63, 0
9, 64, 0
9, 65, 0
9, 66, 0
9, 67, 0
9, 68, 42
9, 69, 0
9, 70, 0
9, 71, 0
9, 72, 22
9, 73, 0
9, 74, 0
9, 75, 0
9, 76, 0
9, 77, 0
9, 78, 0
9, 79, 0
9, 80, 0
9, 81, 0
9, 82, 0
9, 83, 0
9, 84, 0
9, 85, 0
9, 86, 0
9, 87, 0
9, 88, 51
9, 89, 0
9, 90, 0
9, 91, 0
9, 92, 0
9, 93, 0
9, 94, 18
9, 95, 0
9, 96, 0
9, 97, 0
9, 98, 0
9, 99, 0
9, 100, 10
9, 101, 0
9, 102, 0
9, 103, 0
9, 104, 6
9, 105, 0
9, 106, 0
9, 107, 0
9, 108, 0
9, 109, 48
9, 110, 0
9, 111, 0
9, 112, 0
9, 113, 0
9, 114, 0
9, 115, 0
9, 116, 0
9, 117, 0
9, 118, 0
9, 119, 0
9, 120, 0
9, 121, 0
9, 122, 0
9, 123, 0
9, 124, 0
9, 125, 0
9, 126, 0
9, 127, 0
9, 128, 0
9, 129, 0
9, 130, 47
9, 131, 17
9, 132, 53
9, 133, 0
9, 134, 10
9, 135, 0
9, 136, 8
9, 137, 0
9, 138, 0
9, 139, 0
9, 140, 24
9, 141, 0
9, 142, 30
9, 143, 19
9, 144, 0
9, 145, 58
9, 146, 37
9, 147, 0
9, 148, 0
9, 149, 0
9, 150, 0
9, 151, 0
9, 152, 48
9, 153, 0
9, 154, 0
9, 155, 0
9, 156, 0
9, 157, 0
9, 158, 32
9, 159, 0
9, 160, 46
9, 161, 0
9, 162, 0
9, 163, 0
9, 164, 0
9, 165, 0
9, 166, 0
9, 167, 0
9, 168, 38
9, 169, 0
9, 170, 0
9, 171, 12
9, 172, 0
9, 173, 0
9, 174, 0
9, 175, 0
9, 176, 0
9, 177, 0
9, 178, 0
9, 179, 16
9, 180, 0
9, 181, 0
9, 182, 0
9, 183, 15
9, 184, 49
9, 185, 0
9, 186, 0
9, 187, 0
9, 188, 0
9, 189, 19
9, 190, 0
9, 191, 0
9, 192, 0
9, 193, 0
9, 194, 0
9, 195, 0
9, 196, 61
9, 197, 32
9, 198, 0
9, 199, 0
9, 200, 33
9, 201, 0
9, 202, 37
9, 203, 30
9, 204, 0
9, 205, 0
9, 206, 0
9, 207, 0
9, 208, 0
9, 209, 0
9, 210, 0
9, 211, 0
9, 212, 0
9, 213, 0
9, 214, 53
9, 215, 0
9, 216, 46
9, 217, 0
9, 218, 19
9, 219, 0
9, 220, 0
9, 221, 0
9, 222, 0
9, 223, 0
9, 224, 0
9, 225, 0
9, 226, 0
9, 227, 0
9, 228, 0
9, 229, 0
9, 230, 0
9, 231, 0
9, 232, 0
9, 233, 0
9, 234, 0
9, 235, 0
9, 236, 0
9, 237, 0
9, 238, 0
9, 239, 0
9, 240, 0
9, 241, 0
9, 242, 0
9, 243, 48
9, 244, 25
9, 245, 0
9, 246, 0
9, 247, 0
9, 248, 0
9, 249, 0
9, 250, 0
9, 251, 0
9, 252, 0
9, 253, 53
9, 254, 0
9, 255, 0
9, 256, 0
9, 257, 0
9, 258, 0
9, 259, 0
9, 260, 29
9, 261, 0
9, 262, 51
9, 263, 0
9, 264, 32
9, 265, 0
9, 266, 23
9, 267, 8
9, 268, 3
9, 269, 0
9, 270, 0
9, 271, 0
9, 272, 0
9, 273, 0
9, 274, 0
9, 275, 0
9, 276, 27
9, 277, 0
9, 278, 0
9, 279, 0
9, 280, 0
9, 281, 0
9, 282, 0
9, 283, 30
9, 284, 0
9, 285, 0
9, 286, 0
9, 287, 55
9, 288, 42
9, 289, 0
9, 290, 0
9, 291, 0
9, 292, 22
9, 293, 0
9, 294, 0
9, 295, 0
9, 296, 0
9, 297, 0
9, 298, 0
9, 299, 0
9, 300, 0
9, 301, 0
9, 302, 0
9, 303, 0
9, 304, 49
9, 305, 48
9, 306, 0
9, 307, 0
9, 308, 0
9, 309, 37
9, 310, 0
9, 311, 0
9, 312, 12
9, 313, 51
9, 314, 0
9, 315, 0
9, 316, 16
9, 317, 0
9, 318, 0
9, 319, 0
9, 320, 0
9, 321, 0
9, 322, 0
9, 323, 0
9, 324, 0
9, 325, 0
9, 326, 0
9, 327, 0
9, 328, 0
9, 329, 0
9, 330, 0
9, 331, 0
9, 332, 0
9, 333, 0
9, 334, 0
9, 335, 0
9, 336, 0
9, 337, 38
9, 338, 0
9, 339, 46
9, 340, 5
9, 341, 30
9, 342, 0
9, 343, 15
9, 344, 0
9, 345, 0
9, 346, 0
9, 347, 0
9, 348, 0
9, 349, 42
9, 350, 0
9, 351, 0
9, 352, 0
9, 353, 33
9, 354, 0
9, 355, 0
9, 356, 0
9, 357, 53
9, 358, 48
9, 359, 0
9, 360, 0
9, 361, 32
9, 362, 15
9, 363, 0
9, 364, 0
9, 365, 0
9, 366, 0
9, 367, 0
9, 368, 0
9, 369, 0
9, 370, 27
9, 371, 0
9, 372, 0
9, 373, 0
9, 374, 12
9, 375, 0
9, 376, 51
9, 377, 0
9, 378, 0
9, 379, 0
9, 380, 61
9, 381, 0
9, 382, 0
9, 383, 0
9, 384, 0
9, 385, 19
9, 386, 0
9, 387, 0
9, 388, 0
9, 389, 22
9, 390, 0
9, 391, 0
9, 392, 0
9, 393, 25
9, 394, 18
9, 395, 0
9, 396, 25
9, 397, 0
9, 398, 0
9, 399, 6
10, 0, 0
10, 1, 9
10, 2, 0
10, 3, 11
10, 4, 0
10, 5, 0
10, 6, 0
10, 7, 0
10, 8, 0
10, 9, 0
10, 10, 3
10, 11, 0
10, 12, 0
10, 13, 34
10, 14, 0
10, 15, 0
10, 16, 0
10, 17, 0
10, 18, 0
10, 19, 0
10, 20, 0
10, 21, 0
10, 22, 0
10, 23, 20
10, 24, 0
10, 25, 0
10, 26, 29
10, 27, 23
10, 28, 3
10, 29, 29
10, 30, 0
10, 31, 0
10, 32, 0
10, 33, 40
10, 34, 0
10, 35, 0
10, 36, 0
10, 37, 0
10, 38, 0
10, 39, 0
10, 40, 0
10, 41, 0
10, 42, 0
10, 43, 0
10, 44, 0
10, 45, 0
10, 46, 0
10, 47, 0
10, 48, 0
10, 49, 0
10, 50, 0
10, 51, 62
10, 52, 0
10, 53, 18
10, 54, 0
10, 55, 43
10, 56, 0
10, 57, 0
10, 58, 0
10, 59, 50
10, 60, 10
10, 61, 7
10, 62, 0
10, 63, 25
10, 64, 39
10, 65, 0
10, 66, 0
10, 67, 15
10, 68, 0
10, 69, 0
10, 70, 0
10, 71, 0
10, 72, 0
10, 73, 52
10, 74, 0
10, 75, 60
10, 76, 56
10, 77, 28
10, 78, 14
10, 79, 0
10, 80, 0
10, 81, 0
10, 82, 9
10, 83, 0
10, 84, 0
10, 85, 11
10, 86, 0
10, 87, 0
10, 88, 0
10, 89, 0
10, 90, 0
10, 91, 0
10, 92, 0
10, 93, 0
10, 94, 0
10, 95, 0
10, 96, 0
10, 97, 0
10, 98, 0
10, 99, 0
10, 100, 0
10, 101, 0
10, 102, 0
10, 103, 34
10, 104, 0
10, 105, 0
10, 106, 0
10, 107, 0
10, 108, 0
10, 109, 0
10, 110, 0
10, 111, 0
10, 112, 0
10, 113, 22
10, 114, 0
10, 115, 0
10, 116, 0
10, 117, 45
10, 118, 37
10, 119, 0
10, 120, 0
10, 121, 0
10, 122, 0
10, 123, 0
10, 124, 0
10, 125, 0
10, 126, 0
10, 127, 0
10, 128, 0
10, 129, 0
10, 130, 44
10, 131, 0
10, 132, 0
10, 133, 9
10, 134, 0
10, 135, 0
10, 136, 10
10, 137, 0
10, 138, 0
10, 139, 0
10, 140, 0
10, 141, 0
10, 142, 0
10, 143, 0
10, 144, 0
10, 145, 0
10, 146, 0
10, 147, 0
10, 148, 0
10, 149, 0
10, 150, 0
10, 151, 0
10, 152, 0
10, 153, 0
10, 154, 0
10, 155, 0
10, 156, 18
10, 157, 0
10, 158, 47
10, 159, 0
10, 160, 0
10, 161, 50
10, 162, 0
10, 163, 26
10, 164, 0
10, 165, 0
10, 166, 0
10, 167, 40
10, 168, 0
10, 169, 0
10, 170, 43
10, 171, 0
10, 172, 20
10, 173, 0
10, 174, 0
10, 175, 0
10, 176, 0
10, 177, 0
10, 178, 0
10, 179, 0
10, 180, 0
10, 181, 0
10, 182, 0
10, 183, 28
10, 184, 0
10, 185, 0
10, 186, 0
10, 187, 0
10, 188, 0
10, 189, 0
10, 190, 21
10, 191, 0
10, 192, 0
10, 193, 0
10, 194, 0
10, 195, 0
10, 196, 0
10, 197, 0
10, 198, 0
10, 199, 0
10, 200, 0
10, 201, 0
10, 202, 0
10, 203, 60
10, 204, 0
10, 205, 0
10, 206, 0
10, 207, 0
10, 208, 0
10, 209, 0
10, 210, 0
10, 211, 0
10, 212, 0
10, 213, 0
10, 214, 0
10, 215, 0
10, 216, 39
10, 217, 52
10, 218, 0
10, 219, 0
10, 220, 0
10, 221, 62
10, 222, 14
10, 223, 0
10, 224, 50
10, 225, 0
10, 226, 25
10, 227, 0
10, 228, 0
10, 229, 0
10, 230, 0
10, 231, 0
10, 232, 0
10, 233, 0
10, 234, 0
10, 235, 56
10, 236, 15
10, 237, 14
10, 238, 0
10, 239, 0
10, 240, 0
10, 241, 0
10, 242, 36
10, 243, 0
10, 244, 29
10, 245, 9
10, 246, 0
10, 247, 0
10, 248, 0
10, 249, 0
10, 250, 0
10, 251, 60
10, 252, 0
10, 253, 0
10, 254, 0
10, 255, 0
10, 256, 0
10, 257, 0
10, 258, 0
10, 259, 0
10, 260, 0
10, 261, 0
10, 262, 0
10, 263, 0
10, 264, 0
10, 265, 0
10, 266, 0
10, 267, 0
10, 268, 0
10, 269, 0
10, 270, 43
10, 271, 0
10, 272, 40
10, 273, 0
10, 274, 0
10, 275, 0
10, 276, 45
10, 277, 0
10, 278, 0
10, 279, 0
10, 280, 0
10, 281, 0
10, 282, 0
10, 283, 60
10, 284, 0
10, 285, 22
10, 286, 0
10, 287, 0
10, 288, 0
10, 289, 3
10, 290, 0
10, 291, 0
10, 292, 0
10, 293, 20
10, 294, 0
10, 295, 0
10, 296, 0
10, 297, 0
10, 298, 0
10, 299, 23
10, 300, 0
10, 301, 0
10, 302, 0
10, 303, 0
10, 304, 0
10, 305, 0
10, 306, 0
10, 307, 24
10, 308, 0
10, 309, 0
10, 310, 0
10, 311, 0
10, 312, 0
10, 313, 0
10, 314, 0
10, 315, 0
10, 316, 0
10, 317, 0
10, 318, 0
10, 319, 0
10, 320, 39
10, 321, 0
10, 322, 0
10, 323, 22
10, 324, 0
10, 325, 0
10, 326, 0
10, 327, 0
10, 328, 0
10, 329, 0
10, 330, 0
10, 331, 0
10, 332, 25
10, 333, 0
10, 334, 45
10, 335, 0
10, 336, 0
10, 337, 0
10, 338, 0
10, 339, 0
10, 340, 0
10, 341, 0
10, 342, 0
10, 343, 0
10, 344, 28
10, 345, 0
10, 346, 0
10, 347, 0
10, 348, 0
10, 349, 40
10, 350, 0
10, 351, 0
10, 352, 14
10, 353, 0
10, 354, 9
10, 355, 0
10, 356, 0
10, 357, 0
10, 358, 0
10, 359, 0
10, 360, 0
10, 361, 0
10, 362, 0
10, 363, 56
10, 364, 0
10, 365, 25
10, 366, 0
10, 367, 0
10, 368, 9
10, 369, 0
10, 370, 0
10, 371, 23
10, 372, 0
10, 373, 50
10, 374, 0
10, 375, 0
10, 376, 0
10, 377, 0
10, 378, 0
10, 379, 0
10, 380, 0
10, 381, 0
10, 382, 20
10, 383, 60
10, 384, 0
10, 385, 44
10, 386, 0
10, 387, 0
10, 388, 47
10, 389, 0
10, 390, 0
10, 391, 0
10, 392, 0
10, 393, 39
10, 394, 0
10, 395, 29
10, 396, 0
10, 397, 0
10, 398, 0
10, 399, 0
11, 0, 0
11, 1, 0
11, 2, 52
11, 3, 0
11, 4, 0
11, 5, 0
11, 6, 0
11, 7, 0
11, 8, 0
11, 9, 0
11, 10, 0
11, 11, 43
11, 12, 0
11, 13, 0
11, 14, 0
11, 15, 0
11, 16, 0
11, 17, 0
11, 18, 0
11, 19, 0
11, 20, 0
11, 21, 49
11, 22, 0
11, 23, 34
11, 24, 0
11, 25, 0
11, 26, 0
11, 27, 0
11, 28, 0
11, 29, 0
11, 30, 0
11, 31, 0
11, 32, 0
11, 33, 0
11, 34, 0
11, 35, 0
11, 36, 0
11, 37, 0
11, 38, 0
11, 39, 0
11, 40, 0
11, 41, 0
11, 42, 0
11, 43, 0
11, 44, 0
11, 45, 0
11, 46, 0
11, 47, 7
11, 48, 0
11, 49, 0
11, 50, 0
11, 51, 0
11, 52, 0
11, 53, 0
11, 54, 28
11, 55, 0
11, 56, 0
11, 57, 15
11, 58, 0
11, 59, 0
11, 60, 26
11, 61, 0
11, 62, 0
11, 63, 55
11, 64, 0
11, 65, 0
11, 66, 32
11, 67, 0
11, 68, 31
11, 69, 0
11, 70, 18
11, 71, 0
11, 72, 0
11, 73, 0
11, 74, 0
11, 75, 0
11, 76, 0
11, 77, 0
11, 78, 46
11, 79, 0
11, 80, 0
11, 81, 16
11, 82, 0
11, 83, 56
11, 84, 0
11, 85, 0
11, 86, 0
11, 87, 0
11, 88, 33
11, 89, 21
11, 90, 0
11, 91, 0
11, 92, 0
11, 93, 0
11, 94, 0
11, 95, 0
11, 96, 55
11, 97, 0
11, 98, 0
11, 99, 0
11, 100, 11
11, 101, 0
11, 102, 14
11, 103, 0
11, 104, 0
11, 105, 22
11, 106, 0
11, 107, 0
11, 108, 38
11, 109, 0
11, 110, 0
11, 111, 0
11, 112, 10
11, 113, 0
11, 114, 8
11, 115, 0
11, 116, 49
11, 117, 0
11, 118, 0
11, 119, 0
11, 120, 0
11, 121, 0
11, 122, 0
11, 123, 0
11, 124, 40
11, 125, 42
11, 126, 0
11, 127, 3
11, 128, 0
11, 129, 0
11, 130, 0
11, 131, 0
11, 132, 0
11, 133, 0
11, 134, 52
11, 135, 0
11, 136, 0
11, 137, 0
11, 138, 18
11, 139, 0
11, 140, 0
11, 141, 0
11, 142, 0
11, 143, 36
11, 144, 0
11, 145, 0
11, 146, 14
11, 147, 0
11, 148, 28
11, 149, 0
11, 150, 0
11, 151, 0
11, 152, 0
11, 153, 0
11, 154, 11
11, 155, 34
11, 156, 0
11, 157, 0
11, 158, 53
11, 159, 23
11, 160, 0
11, 161, 0
11, 162, 0
11, 163, 0
11, 164, 0
11, 165, 0
11, 166, 0
11, 167, 0
11, 168, 0
11, 169, 0
11, 170, 0
11, 171, 0
11, 172, 0
11, 173, 0
11, 174, 0
11, 175, 0
11, 176, 0
11, 177, 0
11, 178, 0
11, 179, 0
11, 180, 0
11, 181, 43
11, 182, 0
11, 183, 0
11, 184, 0
11, 185, 0
11, 186, 0
11, 187, 0
11, 188, 0
11, 189, 0
11, 190, 0
11, 191, 24
11, 192, 0
11, 193, 0
11, 194, 0
11, 195, 0
11, 196, 0
11, 197, 0
11, 198, 0
11, 199, 0
11, 200, 27
11, 201, 7
11, 202, 0
11, 203, 0
11, 204, 0
11, 205, 34
11, 206, 0
11, 207, 33
11, 208, 0
11, 209, 0
11, 210, 0
11, 211, 0
11, 212, 0
11, 213, 0
11, 214, 58
11, 215, 0
11, 216, 0
11, 217, 0
11, 218, 0
11, 219, 0
11, 220, 0
11, 221, 0
11, 222, 0
11, 223, 0
11, 224, 0
11, 225, 0
11, 226, 34
11, 227, 0
11, 228, 0
11, 229, 0
11, 230, 0
11, 231, 23
11, 232, 0
11, 233, 11
11, 234, 0
11, 235, 0
11, 236, 43
11, 237, 0
11, 238, 0
11, 239, 0
11, 240, 0
11, 241, 0
11, 242, 52
11, 243, 0
11, 244, 0
11, 245, 0
11, 246, 0
11, 247, 0
11, 248, 0
11, 249, 0
11, 250, 0
11, 251, 0
11, 252, 0
11, 253, 9
11, 254, 0
11, 255, 0
11, 256, 53
11, 257, 0
11, 258, 0
11, 259, 0
11, 260, 0
11, 261, 0
11, 262, 0
11, 263, 0
11, 264, 0
11, 265, 0
11, 266, 0
11, 267, 0
11, 268, 0
11, 269, 46
11, 270, 0
11, 271, 0
11, 272, 0
11, 273, 0
11, 274, 56
11, 275, 7
11, 276, 31
11, 277, 0
11, 278, 0
11, 279, 0
11, 280, 0
11, 281, 0
11, 282, 0
11, 283, 0
11, 284, 0
11, 285, 32
11, 286, 0
11, 287, 0
11, 288, 0
11, 289, 55
11, 290, 0
11, 291, 0
11, 292, 0
11, 293, 0
11, 294, 0
11, 295, 0
11, 296, 0
11, 297, 49
11, 298, 0
11, 299, 0
11, 300, 0
11, 301, 0
11, 302, 0
11, 303, 0
11, 304, 0
11, 305, 0
11, 306, 0
11, 307, 0
11, 308, 0
11, 309, 0
11, 310, 0
11, 311, 15
11, 312, 0
11, 313, 0
11, 314, 0
11, 315, 27
11, 316, 0
11, 317, 0
11, 318, 0
11, 319, 0
11, 320, 18
11, 321, 34
11, 322, 0
11, 323, 0
11, 324, 0
11, 325, 0
11, 326, 0
11, 327, 36
11, 328, 4
11, 329, 23
11, 330, 0
11, 331, 0
11, 332, 0
11, 333, 0
11, 334, 0
11, 335, 0
11, 336, 0
11, 337, 0
11, 338, 0
11, 339, 0
11, 340, 8
11, 341, 0
11, 342, 40
11, 343, 0
11, 344, 0
11, 345, 0
11, 346, 0
11, 347, 11
11, 348, 0
11, 349, 0
11, 350, 0
11, 351, 0
11, 352, 55
11, 353, 28
11, 354, 42
11, 355, 0
11, 356, 0
11, 357, 0
11, 358, 0
11, 359, 0
11, 360, 0
11, 361, 0
11, 362, 0
11, 363, 0
11, 364, 0
11, 365, 0
11, 366, 0
11, 367, 0
11, 368, 0
11, 369, 56
11, 370, 0
11, 371, 0
11, 372, 43
11, 373, 38
11, 374, 0
11, 375, 46
11, 376, 0
11, 377, 0
11, 378, 0
11, 379, 0
11, 380, 49
11, 381, 0
11, 382, 0
11, 383, 0
11, 384, 0
11, 385, 0
11, 386, 0
11, 387, 0
11, 388, 0
11, 389, 0
11, 390, 0
11, 391, 58
11, 392, 50
11, 393, 22
11, 394, 3
11, 395, 0
11, 396, 0
11, 397, 0
11, 398, 36
11, 399, 0
12, 0, 0
12, 1, 0
12, 2, 0
12, 3, 0
12, 4, 0
12, 5, 0
12, 6, 0
12, 7, 0
12, 8, 0
12, 9, 0
12, 10, 0
12, 11, 0
12, 12, 28
12, 13, 0
12, 14, 0
12, 15, 0
12, 16, 0
12, 17, 17
12, 18, 0
12, 19, 35
12, 20, 0
12, 21, 0
12, 22, 47
12, 23, 0
12, 24, 0
12, 25, 0
12, 26, 0
12, 27, 0
12, 28, 35
12, 29, 0
12, 30, 0
12, 31, 0
12, 32, 43
12, 33, 39
12, 34, 0
12, 35, 0
12, 36, 0
12, 37, 0
12, 38, 0
12, 39, 7
12, 40, 14
12, 41, 0
12, 42, 0
12, 43, 13
12, 44, 0
12, 45, 0
12, 46, 0
12, 47, 0
12, 48, 0
12, 49, 20
12, 50, 0
12, 51, 0
12, 52, 0
12, 53, 0
12, 54, 0
12, 55, 0
12, 56, 0
12, 57, 0
12, 58, 6
12, 59, 0
12, 60, 0
12, 61, 0
12, 62, 0
12, 63, 0
12, 64, 0
12, 65, 0
12, 66, 0
12, 67, 0
12, 68, 36
12, 69, 0
12, 70, 0
12, 71, 0
12, 72, 0
12, 73, 25
12, 74, 0
12, 75, 0
12, 76, 0
12, 77, 0
12, 78, 0
12, 79, 0
12, 80, 0
12, 81, 0
12, 82, 0
12, 83, 0
12, 84, 0
12, 85, 0
12, 86, 8
12, 87, 0
12, 88, 7
12, 89, 0
12, 90, 0
12, 91, 0
12, 92, 0
12, 93, 0
12, 94, 0
12, 95, 0
12, 96, 0
12, 97, 35
12, 98, 0
12, 99, 0
12, 100, 0
12, 101, 0
12, 102, 0
12, 103, 0
12, 104, 52
12, 105, 0
12, 106, 0
12, 107, 0
12, 108, 49
12, 109, 0
12, 110, 43
12, 111, 0
12, 112, 0
12, 113, 0
12, 114, 0
12, 115, 0
12, 116, 0
12, 117, 0
12, 118, 8
12, 119, 0
12, 120, 0
12, 121, 8
12, 122, 0
12, 123, 0
12, 124, 0
12, 125, 7
12, 126, 0
12, 127, 0
12, 128, 42
12, 129, 0
12, 130, 24
12, 131, 0
12, 132, 0
12, 133, 0
12, 134, 0
12, 135, 0
12, 136, 0
12, 137, 42
12, 138, 0
12, 139, 0
12, 140, 0
12, 141, 32
12, 142, 0
12, 143, 3
12, 144, 0
12, 145, 0
12, 146, 4
12, 147, 0
12, 148, 0
12, 149, 0
12, 150, 57
12, 151, 0
12, 152, 0
12, 153, 0
12, 154, 0
12, 155, 0
12, 156, 0
12, 157, 0
12, 158, 0
12, 159, 0
12, 160, 0
12, 161, 0
12, 162, 0
12, 163, 0
12, 164, 0
12, 165, 0
12, 166, 0
12, 167, 0
12, 168, 0
12, 169, 12
12, 170, 0
12, 171, 0
12, 172, 0
12, 173, 48
12, 174, 52
12, 175, 0
12, 176, 0
12, 177, 28
12, 178, 0
12, 179, 0
12, 180, 0
12, 181, 0
12, 182, 0
12, 183, 0
12, 184, 0
12, 185, 0
12, 186, 0
12, 187, 39
12, 188, 0
12, 189, 0
12, 190, 0
12, 191, 38
12, 192, 0
12, 193, 0
12, 194, 0
12, 195, 0
12, 196, 14
12, 197, 0
12, 198, 0
12, 199, 0
12, 200, 0
12, 201, 0
12, 202, 0
12, 203, 0
12, 204, 0
12, 205, 0
12, 206, 0
12, 207, 0
12, 208, 0
12, 209, 0
12, 210, 0
12, 211, 0
12, 212, 0
12, 213, 13
12, 214, 0
12, 215, 0
12, 216, 0
12, 217, 0
12, 218, 0
12, 219, 0
12, 220, 0
12, 221, 0
12, 222, 0
12, 223, 0
12, 224, 36
12, 225, 0
12, 226, 0
12, 227, 0
12, 228, 0
12, 229, 0
12, 230, 0
12, 231, 0
12, 232, 0
12, 233, 0
12, 234, 0
12, 235, 0
12, 236, 0
12, 237, 0
12, 238, 0
12, 239, 0
12, 240, 0
12, 241, 0
12, 242, 0
12, 243, 0
12, 244, 0
12, 245, 0
12, 246, 0
12, 247, 0
12, 248, 0
12, 249, 0
12, 250, 0
12, 251, 0
12, 252, 0
12, 253, 0
12, 254, 0
12, 255, 0
12, 256, 0
12, 257, 0
12, 258, 0
12, 259, 0
12, 260, 24
12, 261, 0
12, 262, 32
12, 263, 39
12, 264, 0
12, 265, 7
12, 266, 0
12, 267, 0
12, 268, 0
12, 269, 0
12, 270, 0
12, 271, 0
12, 272, 52
12, 273, 0
12, 274, 12
12, 275, 0
12, 276, 0
12, 277, 28
12, 278, 0
12, 279, 0
12, 280, 0
12, 281, 0
12, 282, 0
12, 283, 0
12, 284, 57
12, 285, 0
12, 286, 34
12, 287, 0
12, 288, 0
12, 289, 0
12, 290, 0
12, 291, 12
12, 292, 0
12, 293, 14
12, 294, 0
12, 295, 0
12, 296, 0
12, 297, 0
12, 298, 52
12, 299, 32
12, 300, 0
12, 301, 47
12, 302, 3
12, 303, 20
12, 304, 43
12, 305, 0
12, 306, 0
12, 307, 0
12, 308, 0
12, 309, 0
12, 310, 0
12, 311, 0
12, 312, 0
12, 313, 0
12, 314, 58
12, 315, 0
12, 316, 0
12, 317, 49
12, 318, 0
12, 319, 0
12, 320, 0
12, 321, 0
12, 322, 0
12, 323, 36
12, 324, 0
12, 325, 0
12, 326, 0
12, 327, 6
12, 328, 0
12, 329, 52
12, 330, 0
12, 331, 17
12, 332, 0
12, 333, 0
12, 334, 0
12, 335, 0
12, 336, 0
12, 337, 0
12, 338, 0
12, 339, 0
12, 340, 0
12, 341, 0
12, 342, 0
12, 343, 0
12, 344, 0
12, 345, 0
12, 346, 0
12, 347, 0
12, 348, 0
12, 349, 0
12, 350, 0
12, 351, 0
12, 352, 36
12, 353, 0
12, 354, 0
12, 355, 0
12, 356, 0
12, 357, 0
12, 358, 0
12, 359, 0
12, 360, 0
12, 361, 0
12, 362, 39
12, 363, 48
12, 364, 0
12, 365, 0
12, 366, 0
12, 367, 38
12, 368, 0
12, 369, 0
12, 370, 0
12, 371, 4
12, 372, 0
12, 373, 0
12, 374, 53
12, 375, 0
12, 376, 0
12, 377, 0
12, 378, 0
12, 379, 0
12, 380, 32
12, 381, 0
12, 382, 36
12, 383, 0
12, 384, 0
12, 385, 0
12, 386, 0
12, 387, 2
12, 388, 52
12, 389, 0
12, 390, 0
12, 391, 0
12, 392, 0
12, 393, 20
12, 394, 0
12, 395, 0
12, 396, 0
12, 397, 0
12, 398, 0
12, 399, 0
13, 0, 0
13, 1, 0
13, 2, 0
13, 3, 0
13, 4, 0
13, 5, 0
13, 6, 0
13, 7, 0
13, 8, 46
13, 9, 0
13, 10, 0
13, 11, 21
13, 12, 2
13, 13, 0
13, 14, 37
13, 15, 0
13, 16, 0
13, 17, 0
13, 18, 0
13, 19, 0
13, 20, 0
13, 21, 0
13, 22, 0
13, 23, 0
13, 24, 0
13, 25, 51
13, 26, 0
13, 27, 0
13, 28, 0
13, 29, 0
13, 30, 0
13, 31, 38
13, 32, 26
13, 33, 0
13, 34, 0
13, 35, 11
13, 36, 0
13, 37, 0
13, 38, 0
13, 39, 0
13, 40, 0
13, 41, 0
13, 42, 0
13, 43, 0
13, 44, 0
13, 45, 0
13, 46, 31
13, 47, 0
13, 48, 0
13, 49, 0
13, 50, 0
13, 51, 39
13, 52, 0
13, 53, 0
13, 54, 0
13, 55, 0
13, 56, 0
13, 57, 43
13, 58, 0
13, 59, 0
13, 60, 0
13, 61, 12
13, 62, 37
13, 63, 0
13, 64, 0
13, 65, 0
13, 66, 0
13, 67, 0
13, 68, 0
13, 69, 55
13, 70, 0
13, 71, 0
13, 72, 40
13, 73, 0
13, 74, 0
13, 75, 16
13, 76, 36
13, 77, 0
13, 78, 0
13, 79, 8
13, 80, 0
13, 81, 0
13, 82, 0
13, 83, 0
13, 84, 0
13, 85, 0
13, 86, 0
13, 87, 0
13, 88, 0
13, 89, 0
13, 90, 33
13, 91, 0
13, 92, 35
13, 93, 0
13, 94, 0
13, 95, 0
13, 96, 0
13, 97, 0
13, 98, 33
13, 99, 0
13, 100, 0
13, 101, 0
13, 102, 0
13, 103, 2
13, 104, 0
13, 105, 0
13, 106, 0
13, 107, 0
13, 108, 0
13, 109, 17
13, 110, 0
13, 111, 0
13, 112, 0
13, 113, 0
13, 114, 4
13, 115, 0
13, 116, 54
13, 117, 0
13, 118, 0
13, 119, 0
13, 120, 0
13, 121, 0
13, 122, 0
13, 123, 0
13, 124, 0
13, 125, 0
13, 126, 0
13, 127, 0
13, 128, 0
13, 129, 0
13, 130, 0
13, 131, 0
13, 132, 0
13, 133, 10
13, 134, 0
13, 135, 0
13, 136, 0
13, 137, 0
13, 138, 0
13, 139, 0
13, 140, 0
13, 141, 0
13, 142, 43
13, 143, 0
13, 144, 0
13, 145, 0
13, 146, 0
13, 147, 0
13, 148, 0
13, 149, 0
13, 150, 0
13, 151, 23
13, 152, 0
13, 153, 46
13, 154, 2
13, 155, 0
13, 156, 0
13, 157, 38
13, 158, 0
13, 159, 0
13, 160, 0
13, 161, 0
13, 162, 0
13, 163, 0
13, 164, 0
13, 165, 0
13, 166, 0
13, 167, 37
13, 168, 0
13, 169, 0
13, 170, 0
13, 171, 0
13, 172, 0
13, 173, 16
13, 174, 0
13, 175, 0
13, 176, 0
13, 177, 0
13, 178, 0
13, 179, 0
13, 180, 0
13, 181, 0
13, 182, 0
13, 183, 0
13, 184, 0
13, 185, 0
13, 186, 25
13, 187, 0
13, 188, 54
13, 189, 35
13, 190, 0
13, 191, 0
13, 192, 0
13, 193, 55
13, 194, 0
13, 195, 0
13, 196, 0
13, 197, 46
13, 198, 0
13, 199, 0
13, 200, 0
13, 201, 41
13, 202, 0
13, 203, 0
13, 204, 0
13, 205, 0
13, 206, 0
13, 207, 0
13, 208, 0
13, 209, 0
13, 210, 0
13, 211, 0
13, 212, 0
13, 213, 0
13, 214, 0
13, 215, 0
13, 216, 0
13, 217, 51
13, 218, 0
13, 219, 0
13, 220, 11
13, 221, 0
13, 222, 0
13, 223, 0
13, 224, 0
13, 225, 0
13, 226, 0
13, 227, 54
13, 228, 0
13, 229, 43
13, 230, 36
13, 231, 0
13, 232, 0
13, 233, 0
13, 234, 0
13, 235, 0
13, 236, 0
13, 237, 0
13, 238, 0
13, 239, 31
13, 240, 0
13, 241, 40
13, 242, 0
13, 243, 0
13, 244, 3
13, 245, 0
13, 246, 26
13, 247, 0
13, 248, 0
13, 249, 0
13, 250, 0
13, 251, 0
13, 252, 0
13, 253, 0
13, 254, 0
13, 255, 0
13, 256, 0
13, 257, 17
13, 258, 0
13, 259, 46
13, 260, 0
13, 261, 51
13, 262, 0
13, 263, 26
13, 264, 0
13, 265, 0
13, 266, 32
13, 267, 0
13, 268, 0
13, 269, 0
13, 270, 0
13, 271, 0
13, 272, 0
13, 273, 0
13, 274, 0
13, 275, 0
13, 276, 0
13, 277, 0
13, 278, 46
13, 279, 0
13, 280, 4
13, 281, 0
13, 282, 0
13, 283, 38
13, 284, 0
13, 285, 39
13, 286, 0
13, 287, 0
13, 288, 0
13, 289, 0
13, 290, 0
13, 291, 8
13, 292, 10
13, 293, 0
13, 294, 0
13, 295, 0
13, 296, 38
13, 297, 0
13, 298, 26
13, 299, 0
13, 300, 0
13, 301, 0
13, 302, 35
13, 303, 0
13, 304, 0
13, 305, 24
13, 306, 0
13, 307, 0
13, 308, 0
13, 309, 0
13, 310, 11
13, 311, 0
13, 312, 0
13, 313, 0
13, 314, 0
13, 315, 0
13, 316, 23
13, 317, 0
13, 318, 0
13, 319, 0
13, 320, 0
13, 321, 0
13, 322, 0
13, 323, 0
13, 324, 0
13, 325, 0
13, 326, 0
13, 327, 0
13, 328, 0
13, 329, 0
13, 330, 0
13, 331, 0
13, 332, 0
13, 333, 0
13, 334, 0
13, 335, 0
13, 336, 0
13, 337, 0
13, 338, 33
13, 339, 0
13, 340, 0
13, 341, 0
13, 342, 12
13, 343, 0
13, 344, 54
13, 345, 0
13, 346, 0
13, 347, 0
13, 348, 0
13, 349, 0
13, 350, 28
13, 351, 0
13, 352, 38
13, 353, 0
13, 354, 0
13, 355, 0
13, 356, 46
13, 357, 0
13, 358, 0
13, 359, 0
13, 360, 0
13, 361, 0
13, 362, 0
13, 363, 0
13, 364, 0
13, 365, 0
13, 366, 0
13, 367, 0
13, 368, 0
13, 369, 0
13, 370, 0
13, 371, 0
13, 372, 0
13, 373, 0
13, 374, 0
13, 375, 41
13, 376, 0
13, 377, 0
13, 378, 0
13, 379, 0
13, 380, 0
13, 381, 40
13, 382, 8
13, 383, 2
13, 384, 43
13, 385, 0
13, 386, 0
13, 387, 0
13, 388, 51
13, 389, 0
13, 390, 0
13, 391, 0
13, 392, 0
13, 393, 0
13, 394, 0
13, 395, 0
13, 396, 0
13, 397, 0
13, 398, 21
13, 399, 36
14, 0, 0
14, 1, 0
14, 2, 0
14, 3, 0
14, 4, 0
14, 5, 0
14, 6, 3
14, 7, 17
14, 8, 0
14, 9, 46
14, 10, 0
14, 11, 43
14, 12, 0
14, 13, 45
14, 14, 58
14, 15, 0
14, 16, 0
14, 17, 0
14, 18, 0
14, 19, 0
14, 20, 49
14, 21, 0
14, 22, 54
14, 23, 0
14, 24, 0
14, 25, 13
14, 26, 0
14, 27, 0
14, 28, 38
14, 29, 0
14, 30, 0
14, 31, 0
14, 32, 0
14, 33, 0
14, 34, 0
14, 35, 24
14, 36, 0
14, 37, 0
14, 38, 0
14, 39, 0
14, 40, 0
14, 41, 6
14, 42, 0
14, 43, 0
14, 44, 38
14, 45, 41
14, 46, 0
14, 47, 0
14, 48, 0
14, 49, 0
14, 50, 0
14, 51, 0
14, 52, 0
14, 53, 18
14, 54, 0
14, 55, 1
14, 56, 0
14, 57, 0
14, 58, 32
14, 59, 0
14, 60, 0
14, 61, 0
14, 62, 0
14, 63, 0
14, 64, 0
14, 65, 0
14, 66, 0
14, 67, 19
14, 68, 0
14, 69, 0
14, 70, 4
14, 71, 0
14, 72, 0
14, 73, 41
14, 74, 61
14, 75, 0
14, 76, 0
14, 77, 0
14, 78, 0
14, 79, 0
14, 80, 0
14, 81, 0
14, 82, 0
14, 83, 38
14, 84, 0
14, 85, 5
14, 86, 0
14, 87, 22
14, 88, 43
14, 89, 0
14, 90, 0
14, 91, 0
14, 92, 0
14, 93, 0
14, 94, 25
14, 95, 3
14, 96, 0
14, 97, 0
14, 98, 0
14, 99, 48
14, 100, 0
14, 101, 0
14, 102, 0
14, 103, 0
14, 104, 0
14, 105, 29
14, 106, 53
14, 107, 0
14, 108, 0
14, 109, 10
14, 110, 0
14, 111, 0
14, 112, 0
14, 113, 0
14, 114, 0
14, 115, 0
14, 116, 0
14, 117, 0
14, 118, 0
14, 119, 4
14, 120, 54
14, 121, 0
14, 122, 0
14, 123, 32
14, 124, 46
14, 125, 0
14, 126, 45
14, 127, 35
14, 128, 0
14, 129, 0
14, 130, 0
14, 131, 0
14, 132, 0
14, 133, 0
14, 134, 0
14, 135, 0
14, 136, 6
14, 137, 0
14, 138, 0
14, 139, 0
14, 140, 54
14, 141, 0
14, 142, 0
14, 143, 0
14, 144, 0
14, 145, 61
14, 146, 0
14, 147, 0
14, 148, 0
14, 149, 0
14, 150, 0
14, 151, 0
14, 152, 0
14, 153, 17
14, 154, 45
14, 155, 0
14, 156, 0
14, 157, 0
14, 158, 0
14, 159, 0
14, 160, 50
14, 161, 0
14, 162, 0
14, 163, 15
14, 164, 0
14, 165, 0
14, 166, 0
14, 167, 29
14, 168, 52
14, 169, 0
14, 170, 0
14, 171, 0
14, 172, 0
14, 173, 0
14, 174, 0
14, 175, 26
14, 176, 15
14, 177, 0
14, 178, 0
14, 179, 0
14, 180, 0
14, 181, 0
14, 182, 1
14, 183, 0
14, 184, 0
14, 185, 0
14, 186, 0
14, 187, 0
14, 188, 0
14, 189, 28
14, 190, 0
14, 191, 0
14, 192, 0
14, 193, 0
14, 194, 0
14, 195, 43
14, 196, 0
14, 197, 0
14, 198, 0
14, 199, 24
14, 200, 0
14, 201, 0
14, 202, 49
14, 203, 0
14, 204, 0
14, 205, 0
14, 206, 0
14, 207, 0
14, 208, 0
14, 209, 0
14, 210, 0
14, 211, 0
14, 212, 18
14, 213, 0
14, 214, 61
14, 215, 0
14, 216, 0
14, 217, 0
14, 218, 0
14, 219, 0
14, 220, 48
14, 221, 0
14, 222, 0
14, 223, 0
14, 224, 0
14, 225, 0
14, 226, 0
14, 227, 0
14, 228, 0
14, 229, 0
14, 230, 0
14, 231, 0
14, 232, 0
14, 233, 0
14, 234, 0
14, 235, 0
14, 236, 0
14, 237, 0
14, 238, 0
14, 239, 0
14, 240, 0
14, 241, 19
14, 242, 0
14, 243, 0
14, 244, 0
14, 245, 0
14, 246, 0
14, 247, 0
14, 248, 0
14, 249, 0
14, 250, 43
14, 251, 0
14, 252, 0
14, 253, 0
14, 254, 0
14, 255, 0
14, 256, 58
14, 257, 38
14, 258, 0
14, 259, 0
14, 260, 0
14, 261, 0
14, 262, 29
14, 263, 0
14, 264, 0
14, 265, 0
14, 266, 44
14, 267, 0
14, 268, 0
14, 269, 0
14, 270, 0
14, 271, 49
14, 272, 0
14, 273, 0
14, 274, 0
14, 275, 0
14, 276, 0
14, 277, 15
14, 278, 54
14, 279, 0
14, 280, 0
14, 281, 0
14, 282, 0
14, 283, 0
14, 284, 0
14, 285, 0
14, 286, 0
14, 287, 0
14, 288, 0
14, 289, 26
14, 290, 0
14, 291, 32
14, 292, 0
14, 293, 13
14, 294, 0
14, 295, 0
14, 296, 0
14, 297, 0
14, 298, 0
14, 299, 0
14, 300, 0
14, 301, 0
14, 302, 38
14, 303, 1
14, 304, 4
14, 305, 0
14, 306, 0
14, 307, 0
14, 308, 0
14, 309, 0
14, 310, 0
14, 311, 0
14, 312, 0
14, 313, 0
14, 314, 0
14, 315, 0
14, 316, 0
14, 317, 0
14, 318, 0
14, 319, 0
14, 320, 54
14, 321, 0
14, 322, 0
14, 323, 0
14, 324, 0
14, 325, 0
14, 326, 0
14, 327, 0
14, 328, 0
14, 329, 0
14, 330, 6
14, 331, 0
14, 332, 0
14, 333, 0
14, 334, 0
14, 335, 0
14, 336, 0
14, 337, 0
14, 338, 45
14, 339, 22
14, 340, 43
14, 341, 0
14, 342, 0
14, 343, 0
14, 344, 0
14, 345, 0
14, 346, 24
14, 347, 0
14, 348, 61
14, 349, 0
14, 350, 58
14, 351, 0
14, 352, 5
14, 353, 0
14, 354, 0
14, 355, 0
14, 356, 0
14, 357, 48
14, 358, 0
14, 359, 0
14, 360, 0
14, 361, 53
14, 362, 38
14, 363, 54
14, 364, 0
14, 365, 6
14, 366, 0
14, 367, 0
14, 368, 0
14, 369, 0
14, 370, 7
14, 371, 0
14, 372, 13
14, 373, 44
14, 374, 1
14, 375, 0
14, 376, 0
14, 377, 52
14, 378, 0
14, 379, 0
14, 380, 0
14, 381, 43
14, 382, 0
14, 383, 0
14, 384, 0
14, 385, 0
14, 386, 0
14, 387, 8
14, 388, 15
14, 389, 0
14, 390, 0
14, 391, 0
14, 392, 0
14, 393, 0
14, 394, 0
14, 395, 0
14, 396, 0
14, 397, 0
14, 398, 0
14, 399, 0
15, 0, 0
15, 1, 0
15, 2, 45
15, 3, 31
15, 4, 0
15, 5, 0
15, 6, 0
15, 7, 0
15, 8, 0
15, 9, 0
15, 10, 0
15, 11, 0
15, 12, 0
15, 13, 11
15, 14, 32
15, 15, 44
15, 16, 0
15, 17, 25
15, 18, 0
15, 19, 0
15, 20, 4
15, 21, 0
15, 22, 47
15, 23, 0
15, 24, 0
15, 25, 0
15, 26, 0
15, 27, 23
15, 28, 0
15, 29, 0
15, 30, 0
15, 31, 0
15, 32, 0
15, 33, 24
15, 34, 2
15, 35, 1
15, 36, 0
15, 37, 0
15, 38, 0
15, 39, 0
15, 40, 0
15, 41, 0
15, 42, 0
15, 43, 0
15, 44, 0
15, 45, 0
15, 46, 0
15, 47, 0
15, 48, 13
15, 49, 42
15, 50, 22
15, 51, 18
15, 52, 0
15, 53, 0
15, 54, 26
15, 55, 0
15, 56, 0
15, 57, 0
15, 58, 0
15, 59, 0
15, 60, 0
15, 61, 0
15, 62, 0
15, 63, 0
15, 64, 0
15, 65, 0
15, 66, 57
15, 67, 0
15, 68, 0
15, 69, 0
15, 70, 0
15, 71, 0
15, 72, 0
15, 73, 0
15, 74, 0
15, 75, 0
15, 76, 0
15, 77, 0
15, 78, 0
15, 79, 0
15, 80, 8
15, 81, 0
15, 82, 27
15, 83, 0
15, 84, 47
15, 85, 0
15, 86, 0
15, 87, 0
15, 88, 30
15, 89, 0
15, 90, 0
15, 91, 0
15, 92, 0
15, 93, 0
15, 94, 0
15, 95, 0
15, 96, 0
15, 97, 0
15, 98, 0
15, 99, 0
15, 100, 0
15, 101, 0
15, 102, 0
15, 103, 11
15, 104, 0
15, 105, 2
15, 106, 0
15, 107, 17
15, 108, 0
15, 109, 0
15, 110, 26
15, 111, 0
15, 112, 0
15, 113, 9
15, 114, 0
15, 115, 0
15, 116, 0
15, 117, 0
15, 118, 0
15, 119, 0
15, 120, 0
15, 121, 0
15, 122, 0
15, 123, 35
15, 124, 0
15, 125, 0
15, 126, 0
15, 127, 0
15, 128, 0
15, 129, 0
15, 130, 0
15, 131, 0
15, 132, 1
15, 133, 0
15, 134, 0
15, 135, 0
15, 136, 38
15, 137, 46
15, 138, 0
15, 139, 23
15, 140, 0
15, 141, 0
15, 142, 0
15, 143, 10
15, 144, 0
15, 145, 0
15, 146, 0
15, 147, 0
15, 148, 0
15, 149, 0
15, 150, 0
15, 151, 33
15, 152, 11
15, 153, 0
15, 154, 57
15, 155, 0
15, 156, 0
15, 157, 44
15, 158, 0
15, 159, 32
15, 160, 32
15, 161, 0
15, 162, 0
15, 163, 0
15, 164, 0
15, 165, 0
15, 166, 0
15, 167, 0
15, 168, 0
15, 169, 0
15, 170, 6
15, 171, 0
15, 172, 0
15, 173, 0
15, 174, 0
15, 175, 0
15, 176, 0
15, 177, 18
15, 178, 0
15, 179, 0
15, 180, 0
15, 181, 0
15, 182, 0
15, 183, 0
15, 184, 0
15, 185, 0
15, 186, 0
15, 187, 0
15, 188, 45
15, 189, 0
15, 190, 0
15, 191, 35
15, 192, 0
15, 193, 0
15, 194, 0
15, 195, 0
15, 196, 0
15, 197, 0
15, 198, 0
15, 199, 0
15, 200, 0
15, 201, 0
15, 202, 0
15, 203, 0
15, 204, 20
15, 205, 38
15, 206, 0
15, 207, 0
15, 208, 0
15, 209, 42
15, 210, 42
15, 211, 0
15, 212, 30
15, 213, 0
15, 214, 0
15, 215, 0
15, 216, 57
15, 217, 0
15, 218, 0
15, 219, 0
15, 220, 13
15, 221, 0
15, 222, 0
15, 223, 0
15, 224, 0
15, 225, 0
15, 226, 0
15, 227, 0
15, 228, 0
15, 229, 0
15, 230, 0
15, 231, 0
15, 232, 0
15, 233, 0
15, 234, 0
15, 235, 0
15, 236, 0
15, 237, 0
15, 238, 24
15, 239, 0
15, 240, 45
15, 241, 0
15, 242, 0
15, 243, 0
15, 244, 1
15, 245, 0
15, 246, 0
15, 247, 0
15, 248, 0
15, 249, 0
15, 250, 0
15, 251, 0
15, 252, 22
15, 253, 0
15, 254, 0
15, 255, 0
15, 256, 0
15, 257, 4
15, 258, 0
15, 259, 0
15, 260, 0
15, 261, 0
15, 262, 0
15, 263, 0
15, 264, 0
15, 265, 10
15, 266, 0
15, 267, 0
15, 268, 17
15, 269, 4
15, 270, 0
15, 271, 0
15, 272, 0
15, 273, 0
15, 274, 0
15, 275, 0
15, 276, 0
15, 277, 0
15, 278, 0
15, 279, 0
15, 280, 57
15, 281, 0
15, 282, 0
15, 283, 0
15, 284, 18
15, 285, 11
15, 286, 0
15, 287, 0
15, 288, 0
15, 289, 0
15, 290, 0
15, 291, 0
15, 292, 12
15, 293, 0
15, 294, 0
15, 295, 0
15, 296, 47
15, 297, 0
15, 298, 0
15, 299, 0
15, 300, 27
15, 301, 0
15, 302, 0
15, 303, 0
15, 304, 0
15, 305, 17
15, 306, 0
15, 307, 23
15, 308, 0
15, 309, 0
15, 310, 2
15, 311, 0
15, 312, 30
15, 313, 0
15, 314, 0
15, 315, 0
15, 316, 0
15, 317, 0
15, 318, 26
15, 319, 44
15, 320, 0
15, 321, 26
15, 322, 0
15, 323, 0
15, 324, 0
15, 325, 0
15, 326, 0
15, 327, 20
15, 328, 0
15, 329, 0
15, 330, 35
15, 331, 0
15, 332, 0
15, 333, 0
15, 334, 0
15, 335, 0
15, 336, 0
15, 337, 0
15, 338, 0
15, 339, 0
15, 340, 0
15, 341, 0
15, 342, 0
15, 343, 33
15, 344, 0
15, 345, 0
15, 346, 0
15, 347, 0
15, 348, 46
15, 349, 0
15, 350, 0
15, 351, 0
15, 352, 0
15, 353, 0
15, 354, 0
15, 355, 0
15, 356, 0
15, 357, 0
15, 358, 0
15, 359, 0
15, 360, 26
15, 361, 0
15, 362, 0
15, 363, 6
15, 364, 32
15, 365, 0
15, 366, 35
15, 367, 0
15, 368, 0
15, 369, 0
15, 370, 31
15, 371, 22
15, 372, 0
15, 373, 0
15, 374, 0
15, 375, 0
15, 376, 0
15, 377, 0
15, 378, 0
15, 379, 0
15, 380, 0
15, 381, 0
15, 382, 0
15, 383, 31
15, 384, 2
15, 385, 65
15, 386, 57
15, 387, 0
15, 388, 0
15, 389, 0
15, 390, 0
15, 391, 0
15, 392, 0
15, 393, 0
15, 394, 0
15, 395, 0
15, 396, 45
15, 397, 0
15, 398, 0
15, 399, 0
16, 0, 0
16, 1, 0
16, 2, 0
16, 3, 39
16, 4, 0
16, 5, 0
16, 6, 0
16, 7, 0
16, 8, 0
16, 9, 0
16, 10, 0
16, 11, 21
16, 12, 0
16, 13, 0
16, 14, 14
16, 15, 0
16, 16, 0
16, 17, 0
16, 18, 0
16, 19, 0
16, 20, 0
16, 21, 47
16, 22, 0
16, 23, 0
16, 24, 0
16, 25, 0
16, 26, 0
16, 27, 0
16, 28, 0
16, 29, 0
16, 30, 0
16, 31, 0
16, 32, 0
16, 33, 0
16, 34, 0
16, 35, 0
16, 36, 31
16, 37, 0
16, 38, 0
16, 39, 11
16, 40, 51
16, 41, 0
16, 42, 0
16, 43, 0
16, 44, 0
16, 45, 0
16, 46, 0
16, 47, 0
16, 48, 0
16, 49, 0
16, 50, 56
16, 51, 0
16, 52, 0
16, 53, 0
16, 54, 0
16, 55, 0
16, 56, 0
16, 57, 0
16, 58, 0
16, 59, 0
16, 60, 0
16, 61, 0
16, 62, 0
16, 63, 0
16, 64, 0
16, 65, 0
16, 66, 0
16, 67, 27
16, 68, 58
16, 69, 0
16, 70, 55
16, 71, 0
16, 72, 0
16, 73, 33
16, 74, 0
16, 75, 0
16, 76, 38
16, 77, 50
16, 78, 0
16, 79, 0
16, 80, 0
16, 81, 8
16, 82, 0
16, 83, 0
16, 84, 51
16, 85, 0
16, 86, 0
16, 87, 36
16, 88, 0
16, 89, 23
16, 90, 0
16, 91, 0
16, 92, 0
16, 93, 0
16, 94, 0
16, 95, 0
16, 96, 0
16, 97, 49
16, 98, 37
16, 99, 51
16, 100, 0
16, 101, 5
16, 102, 0
16, 103, 0
16, 104, 8
16, 105, 0
16, 106, 0
16, 107, 0
16, 108, 0
16, 109, 0
16, 110, 0
16, 111, 0
16, 112, 0
16, 113, 0
16, 114, 43
16, 115, 0
16, 116, 0
16, 117, 0
16, 118, 0
16, 119, 0
16, 120, 0
16, 121, 35
16, 122, 0
16, 123, 0
16, 124, 3
16, 125, 0
16, 126, 0
16, 127, 0
16, 128, 0
16, 129, 38
16, 130, 0
16, 131, 0
16, 132, 0
16, 133, 21
16, 134, 0
16, 135, 0
16, 136, 0
16, 137, 0
16, 138, 0
16, 139, 0
16, 140, 16
16, 141, 32
16, 142, 0
16, 143, 0
16, 144, 0
16, 145, 0
16, 146, 0
16, 147, 0
16, 148, 0
16, 149, 0
16, 150, 0
16, 151, 0
16, 152, 27
16, 153, 0
16, 154, 50
16, 155, 0
16, 156, 48
16, 157, 0
16, 158, 0
16, 159, 0
16, 160, 0
16, 161, 0
16, 162, 0
16, 163, 0
16, 164, 0
16, 165, 0
16, 166, 0
16, 167, 43
16, 168, 0
16, 169, 0
16, 170, 26
16, 171, 20
16, 172, 40
16, 173, 0
16, 174, 51
16, 175, 0
16, 176, 0
16, 177, 0
16, 178, 0
16, 179, 0
16, 180, 0
16, 181, 47
16, 182, 0
16, 183, 0
16, 184, 0
16, 185, 0
16, 186, 0
16, 187, 0
16, 188, 0
16, 189, 0
16, 190, 0
16, 191, 31
16, 192, 0
16, 193, 0
16, 194, 0
16, 195, 23
16, 196, 0
16, 197, 0
16, 198, 0
16, 199, 0
16, 200, 0
16, 201, 0
16, 202, 0
16, 203, 0
16, 204, 0
16, 205, 0
16, 206, 58
16, 207, 39
16, 208, 0
16, 209, 20
16, 210, 0
16, 211, 0
16, 212, 0
16, 213, 0
16, 214, 0
16, 215, 0
16, 216, 0
16, 217, 36
16, 218, 0
16, 219, 0
16, 220, 17
16, 221, 0
16, 222, 0
16, 223, 0
16, 224, 0
16, 225, 0
16, 226, 0
16, 227, 0
16, 228, 0
16, 229, 56
16, 230, 0
16, 231, 0
16, 232, 0
16, 233, 0
16, 234, 37
16, 235, 0
16, 236, 14
16, 237, 0
16, 238, 9
16, 239, 0
16, 240, 0
16, 241, 0
16, 242, 0
16, 243, 0
16, 244, 0
16, 245, 0
16, 246, 21
16, 247, 0
16, 248, 0
16, 249, 0
16, 250, 11
16, 251, 47
16, 252, 0
16, 253, 0
16, 254, 39
16, 255, 0
16, 256, 0
16, 257, 0
16, 258, 0
16, 259, 16
16, 260, 20
16, 261, 0
16, 262, 0
16, 263, 0
16, 264, 0
16, 265, 0
16, 266, 0
16, 267, 36
16, 268, 0
16, 269, 0
16, 270, 0
16, 271, 0
16, 272, 8
16, 273, 0
16, 274, 0
16, 275, 11
16, 276, 0
16, 277, 0
16, 278, 0
16, 279, 50
16, 280, 0
16, 281, 0
16, 282, 0
16, 283, 0
16, 284, 0
16, 285, 0
16, 286, 0
16, 287, 42
16, 288, 0
16, 289, 0
16, 290, 0
16, 291, 0
16, 292, 35
16, 293, 0
16, 294, 0
16, 295, 51
16, 296, 0
16, 297, 0
16, 298, 5
16, 299, 0
16, 300, 0
16, 301, 0
16, 302, 0
16, 303, 0
16, 304, 0
16, 305, 27
16, 306, 0
16, 307, 49
16, 308, 0
16, 309, 0
16, 310, 0
16, 311, 0
16, 312, 0
16, 313, 0
16, 314, 0
16, 315, 0
16, 316, 0
16, 317, 33
16, 318, 0
16, 319, 21
16, 320, 0
16, 321, 0
16, 322, 0
16, 323, 0
16, 324, 0
16, 325, 24
16, 326, 0
16, 327, 0
16, 328, 40
16, 329, 0
16, 330, 0
16, 331, 0
16, 332, 43
16, 333, 0
16, 334, 0
16, 335, 0
16, 336, 32
16, 337, 23
16, 338, 0
16, 339, 48
16, 340, 0
16, 341, 0
16, 342, 48
16, 343, 0
16, 344, 0
16, 345, 55
16, 346, 0
16, 347, 0
16, 348, 0
16, 349, 0
16, 350, 0
16, 351, 0
16, 352, 5
16, 353, 0
16, 354, 0
16, 355, 33
16, 356, 0
16, 357, 0
16, 358, 0
16, 359, 0
16, 360, 36
16, 361, 0
16, 362, 0
16, 363, 0
16, 364, 31
16, 365, 0
16, 366, 0
16, 367, 0
16, 368, 0
16, 369, 0
16, 370, 0
16, 371, 38
16, 372, 0
16, 373, 17
16, 374, 0
16, 375, 3
16, 376, 0
16, 377, 0
16, 378, 0
16, 379, 0
16, 380, 31
16, 381, 0
16, 382, 0
16, 383, 0
16, 384, 0
16, 385, 0
16, 386, 0
16, 387, 27
16, 388, 0
16, 389, 0
16, 390, 0
16, 391, 0
16, 392, 0
16, 393, 0
16, 394, 0
16, 395, 35
16, 396, 0
16, 397, 0
16, 398, 0
16, 399, 0
17, 0, 0
17, 1, 0
17, 2, 4
17, 3, 0
17, 4, 0
17, 5, 0
17, 6, 0
17, 7, 16
17, 8, 0
17, 9, 11
17, 10, 0
17, 11, 0
17, 12, 0
17, 13, 0
17, 14, 0
17, 15, 0
17, 16, 0
17, 17, 0
17, 18, 0
17, 19, 0
17, 20, 0
17, 21, 0
17, 22, 29
17, 23, 24
17, 24, 0
17, 25, 0
17, 26, 0
17, 27, 0
17, 28, 0
17, 29, 0
17, 30, 0
17, 31, 0
17, 32, 0
17, 33, 19
17, 34, 0
17, 35, 0
17, 36, 0
17, 37, 59
17, 38, 55
17, 39, 0
17, 40, 0
17, 41, 13
17, 42, 5
17, 43, 0
17, 44, 25
17, 45, 18
17, 46, 0
17, 47, 0
17, 48, 17
17, 49, 0
17, 50, 0
17, 51, 0
17, 52, 12
17, 53, 4
17, 54, 0
17, 55, 0
17, 56, 0
17, 57, 3
17, 58, 45
17, 59, 0
17, 60, 37
17, 61, 0
17, 62, 44
17, 63, 0
17, 64, 34
17, 65, 0
17, 66, 0
17, 67, 0
17, 68, 0
17, 69, 46
17, 70, 48
17, 71, 0
17, 72, 0
17, 73, 0
17, 74, 0
17, 75, 0
17, 76, 0
17, 77, 0
17, 78, 14
17, 79, 0
17, 80, 0
17, 81, 0
17, 82, 0
17, 83, 0
17, 84, 58
17, 85, 52
17, 86, 0
17, 87, 0
17, 88, 4
17, 89, 0
17, 90, 0
17, 91, 0
17, 92, 0
17, 93, 0
17, 94, 0
17, 95, 0
17, 96, 50
17, 97, 0
17, 98, 38
17, 99, 0
17, 100, 0
17, 101, 0
17, 102, 7
17, 103, 0
17, 104, 0
17, 105, 0
17, 106, 41
17, 107, 0
17, 108, 0
17, 109, 0
17, 110, 0
17, 111, 22
17, 112, 0
17, 113, 0
17, 114, 0
17, 115, 0
17, 116, 0
17, 117, 0
17, 118, 16
17, 119, 46
17, 120, 0
17, 121, 46
17, 122, 51
17, 123, 3
17, 124, 0
17, 125, 0
17, 126, 0
17, 127, 27
17, 128, 0
17, 129, 0
17, 130, 0
17, 131, 0
17, 132, 25
17, 133, 49
17, 134, 0
17, 135, 0
17, 136, 0
17, 137, 40
17, 138, 0
17, 139, 0
17, 140, 0
17, 141, 0
17, 142, 0
17, 143, 0
17, 144, 0
17, 145, 0
17, 146, 52
17, 147, 0
17, 148, 41
17, 149, 0
17, 150, 0
17, 151, 50
17, 152, 0
17, 153, 0
17, 154, 0
17, 155, 0
17, 156, 0
17, 157, 0
17, 158, 0
17, 159, 0
17, 160, 0
17, 161, 0
17, 162, 0
17, 163, 24
17, 164, 0
17, 165, 0
17, 166, 0
17, 167, 11
17, 168, 52
17, 169, 0
17, 170, 0
17, 171, 0
17, 172, 0
17, 173, 0
17, 174, 41
17, 175, 0
17, 176, 0
17, 177, 57
17, 178, 0
17, 179, 0
17, 180, 0
17, 181, 0
17, 182, 0
17, 183, 22
17, 184, 0
17, 185, 0
17, 186, 0
17, 187, 0
17, 188, 0
17, 189, 0
17, 190, 0
17, 191, 0
17, 192, 0
17, 193, 55
17, 194, 0
17, 195, 13
17, 196, 0
17, 197, 0
17, 198, 0
17, 199, 0
17, 200, 0
17, 201, 61
17, 202, 29
17, 203, 0
17, 204, 0
17, 205, 7
17, 206, 0
17, 207, 0
17, 208, 0
17, 209, 34
17, 210, 0
17, 211, 0
17, 212, 0
17, 213, 0
17, 214, 0
17, 215, 0
17, 216, 43
17, 217, 0
17, 218, 49
17, 219, 0
17, 220, 0
17, 221, 0
17, 222, 0
17, 223, 0
17, 224, 0
17, 225, 0
17, 226, 0
17, 227, 0
17, 228, 0
17, 229, 0
17, 230, 0
17, 231, 0
17, 232, 0
17, 233, 0
17, 234, 0
17, 235, 0
17, 236, 0
17, 237, 0
17, 238, 0
17, 239, 0
17, 240, 0
17, 241, 19
17, 242, 0
17, 243, 25
17, 244, 0
17, 245, 0
17, 246, 0
17, 247, 0
17, 248, 0
17, 249, 48
17, 250, 0
17, 251, 50
17, 252, 0
17, 253, 0
17, 254, 0
17, 255, 0
17, 256, 0
17, 257, 17
17, 258, 0
17, 259, 0
17, 260, 0
17, 261, 19
17, 262, 0
17, 263, 51
17, 264, 0
17, 265, 0
17, 266, 22
17, 267, 0
17, 268, 59
17, 269, 61
17, 270, 0
17, 271, 0
17, 272, 2
17, 273, 46
17, 274, 0
17, 275, 0
17, 276, 38
17, 277, 0
17, 278, 0
17, 279, 0
17, 280, 0
17, 281, 0
17, 282, 0
17, 283, 0
17, 284, 0
17, 285, 0
17, 286, 0
17, 287, 0
17, 288, 0
17, 289, 0
17, 290, 0
17, 291, 0
17, 292, 0
17, 293, 0
17, 294, 9
17, 295, 0
17, 296, 0
17, 297, 0
17, 298, 13
17, 299, 0
17, 300, 14
17, 301, 0
17, 302, 0
17, 303, 0
17, 304, 0
17, 305, 0
17, 306, 0
17, 307, 0
17, 308, 0
17, 309, 4
17, 310, 50
17, 311, 0
17, 312, 0
17, 313, 0
17, 314, 0
17, 315, 0
17, 316, 52
17, 317, 0
17, 318, 0
17, 319, 0
17, 320, 0
17, 321, 0
17, 322, 0
17, 323, 34
17, 324, 0
17, 325, 47
17, 326, 29
17, 327, 0
17, 328, 0
17, 329, 0
17, 330, 0
17, 331, 0
17, 332, 24
17, 333, 0
17, 334, 0
17, 335, 0
17, 336, 0
17, 337, 0
17, 338, 0
17, 339, 0
17, 340, 0
17, 341, 0
17, 342, 0
17, 343, 0
17, 344, 0
17, 345, 0
17, 346, 0
17, 347, 0
17, 348, 45
17, 349, 0
17, 350, 0
17, 351, 0
17, 352, 0
17, 353, 61
17, 354, 51
17, 355, 0
17, 356, 0
17, 357, 0
17, 358, 0
17, 359, 55
17, 360, 0
17, 361, 25
17, 362, 58
17, 363, 0
17, 364, 0
17, 365, 9
17, 366, 0
17, 367, 0
17, 368, 0
17, 369, 0
17, 370, 0
17, 371, 0
17, 372, 0
17, 373, 0
17, 374, 0
17, 375, 41
17, 376, 34
17, 377, 0
17, 378, 0
17, 379, 0
17, 380, 0
17, 381, 0
17, 382, 0
17, 383, 0
17, 384, 0
17, 385, 0
17, 386, 0
17, 387, 0
17, 388, 13
17, 389, 0
17, 390, 0
17, 391, 0
17, 392, 0
17, 393, 0
17, 394, 0
17, 395, 40
17, 396, 0
17, 397, 0
17, 398, 0
17, 399, 0
18, 0, 0
18, 1, 0
18, 2, 0
18, 3, 0
18, 4, 0
18, 5, 0
18, 6, 0
18, 7, 48
18, 8, 0
18, 9, 0
18, 10, 0
18, 11, 0
18, 12, 0
18, 13, 0
18, 14, 28
18, 15, 0
18, 16, 0
18, 17, 0
18, 18, 0
18, 19, 0
18, 20, 0
18, 21, 31
18, 22, 0
18, 23, 0
18, 24, 0
18, 25, 0
18, 26, 0
18, 27, 43
18, 28, 0
18, 29, 0
18, 30, 0
18, 31, 2
18, 32, 0
18, 33, 0
18, 34, 0
18, 35, 59
18, 36, 0
18, 37, 48
18, 38, 0
18, 39, 0
18, 40, 0
18, 41, 35
18, 42, 0
18, 43, 0
18, 44, 0
18, 45, 0
18, 46, 0
18, 47, 0
18, 48, 0
18, 49, 0
18, 50, 0
18, 51, 0
18, 52, 0
18, 53, 0
18, 54, 0
18, 55, 20
18, 56, 0
18, 57, 0
18, 58, 0
18, 59, 0
18, 60, 0
18, 61, 0
18, 62, 0
18, 63, 0
18, 64, 0
18, 65, 0
18, 66, 0
18, 67, 0
18, 68, 0
18, 69, 0
18, 70, 0
18, 71, 0
18, 72, 26
18, 73, 0
18, 74, 0
18, 75, 20
18, 76, 0
18, 77, 0
18, 78, 0
18, 79, 0
18, 80, 31
18, 81, 2
18, 82, 0
18, 83, 0
18, 84, 0
18, 85, 0
18, 86, 0
18, 87, 0
18, 88, 28
18, 89, 0
18, 90, 0
18, 91, 0
18, 92, 0
18, 93, 0
18, 94, 34
18, 95, 0
18, 96, 0
18, 97, 20
18, 98, 0
18, 99, 0
18, 100, 0
18, 101, 0
18, 102, 42
18, 103, 0
18, 104, 0
18, 105, 0
18, 106, 0
18, 107, 0
18, 108, 0
18, 109, 0
18, 110, 0
18, 111, 0
18, 112, 0
18, 113, 45
18, 114, 0
18, 115, 0
18, 116, 0
18, 117, 0
18, 118, 0
18, 119, 15
18, 120, 0
18, 121, 0
18, 122, 0
18, 123, 0
18, 124, 0
18, 125, 54
18, 126, 0
18, 127, 0
18, 128, 0
18, 129, 0
18, 130, 0
18, 131, 0
18, 132, 0
18, 133, 0
18, 134, 0
18, 135, 0
18, 136, 0
18, 137, 0
18, 138, 0
18, 139, 0
18, 140, 0
18, 141, 0
18, 142, 0
18, 143, 0
18, 144, 0
18, 145, 0
18, 146, 0
18, 147, 28
18, 148, 0
18, 149, 0
18, 150, 0
18, 151, 0
18, 152, 0
18, 153, 45
18, 154, 0
18, 155, 0
18, 156, 0
18, 157, 0
18, 158, 51
18, 159, 0
18, 160, 0
18, 161, 0
18, 162, 26
18, 163, 0
18, 164, 0
18, 165, 42
18, 166, 0
18, 167, 0
18, 168, 0
18, 169, 0
18, 170, 0
18, 171, 0
18, 172, 39
18, 173, 0
18, 174, 0
18, 175, 0
18, 176, 0
18, 177, 0
18, 178, 0
18, 179, 0
18, 180, 0
18, 181, 59
18, 182, 0
18, 183, 0
18, 184, 0
18, 185, 18
18, 186, 0
18, 187, 0
18, 188, 39
18, 189, 42
18, 190, 0
18, 191, 0
18, 192, 43
18, 193, 0
18, 194, 0
18, 195, 0
18, 196, 0
18, 197, 28
18, 198, 0
18, 199, 0
18, 200, 48
18, 201, 0
18, 202, 31
18, 203, 0
18, 204, 0
18, 205, 0
18, 206, 0
18, 207, 0
18, 208, 0
18, 209, 0
18, 210, 15
18, 211, 0
18, 212, 0
18, 213, 0
18, 214, 26
18, 215, 0
18, 216, 31
18, 217, 0
18, 218, 10
18, 219, 0
18, 220, 0
18, 221, 0
18, 222, 0
18, 223, 0
18, 224, 0
18, 225, 5
18, 226, 0
18, 227, 20
18, 228, 0
18, 229, 42
18, 230, 0
18, 231, 49
18, 232, 0
18, 233, 0
18, 234, 38
18, 235, 26
18, 236, 51
18, 237, 0
18, 238, 49
18, 239, 0
18, 240, 39
18, 241, 0
18, 242, 0
18, 243, 0
18, 244, 0
18, 245, 59
18, 246, 35
18, 247, 0
18, 248, 15
18, 249, 0
18, 250, 0
18, 251, 2
18, 252, 0
18, 253, 0
18, 254, 0
18, 255, 0
18, 256, 0
18, 257, 0
18, 258, 0
18, 259, 0
18, 260, 0
18, 261, 0
18, 262, 0
18, 263, 0
18, 264, 0
18, 265, 16
18, 266, 0
18, 267, 0
18, 268, 0
18, 269, 0
18, 270, 0
18, 271, 0
18, 272, 0
18, 273, 0
18, 274, 0
18, 275, 0
18, 276, 0
18, 277, 0
18, 278, 0
18, 279, 34
18, 280, 0
18, 281, 38
18, 282, 0
18, 283, 0
18, 284, 0
18, 285, 0
18, 286, 0
18, 287, 43
18, 288, 0
18, 289, 0
18, 290, 0
18, 291, 0
18, 292, 0
18, 293, 0
18, 294, 0
18, 295, 0
18, 296, 26
18, 297, 42
18, 298, 0
18, 299, 18
18, 300, 0
18, 301, 0
18, 302, 0
18, 303, 0
18, 304, 0
18, 305, 0
18, 306, 0
18, 307, 0
18, 308, 0
18, 309, 0
18, 310, 0
18, 311, 0
18, 312, 0
18, 313, 0
18, 314, 0
18, 315, 2
18, 316, 5
18, 317, 0
18, 318, 0
18, 319, 54
18, 320, 0
18, 321, 0
18, 322, 0
18, 323, 43
18, 324, 15
18, 325, 0
18, 326, 0
18, 327, 0
18, 328, 28
18, 329, 48
18, 330, 0
18, 331, 0
18, 332, 0
18, 333, 38
18, 334, 0
18, 335, 16
18, 336, 0
18, 337, 5
18, 338, 0
18, 339, 0
18, 340, 0
18, 341, 0
18, 342, 0
18, 343, 0
18, 344, 0
18, 345, 0
18, 346, 0
18, 347, 0
18, 348, 0
18, 349, 0
18, 350, 0
18, 351, 0
18, 352, 0
18, 353, 0
18, 354, 0
18, 355, 0
18, 356, 31
18, 357, 0
18, 358, 0
18, 359, 0
18, 360, 0
18, 361, 0
18, 362, 0
18, 363, 0
18, 364, 0
18, 365, 0
18, 366, 0
18, 367, 0
18, 368, 0
18, 369, 18
18, 370, 0
18, 371, 0
18, 372, 0
18, 373, 0
18, 374, 0
18, 375, 0
18, 376, 49
18, 377, 0
18, 378, 0
18, 379, 0
18, 380, 51
18, 381, 0
18, 382, 0
18, 383, 0
18, 384, 0
18, 385, 0
18, 386, 0
18, 387, 0
18, 388, 0
18, 389, 0
18, 390, 0
18, 391, 0
18, 392, 0
18, 393, 0
18, 394, 19
18, 395, 45
18, 396, 0
18, 397, 0
18, 398, 0
18, 399, 35
19, 0, 0
19, 1, 0
19, 2, 0
19, 3, 42
19, 4, 0
19, 5, 0
19, 6, 0
19, 7, 0
19, 8, 0
19, 9, 0
19, 10, 0
19, 11, 0
19, 12, 0
19, 13, 0
19, 14, 0
19, 15, 0
19, 16, 0
19, 17, 0
19, 18, 0
19, 19, 0
19, 20, 0
19, 21, 0
19, 22, 0
19, 23, 0
19, 24, 62
19, 25, 0
19, 26, 0
19, 27, 0
19, 28, 0
19, 29, 0
19, 30, 0
19, 31, 0
19, 32, 0
19, 33, 0
19, 34, 0
19, 35, 0
19, 36, 0
19, 37, 0
19, 38, 33
19, 39, 0
19, 40, 0
19, 41, 0
19, 42, 0
19, 43, 0
19, 44, 0
19, 45, 0
19, 46, 49
19, 47, 0
19, 48, 0
19, 49, 0
19, 50, 0
19, 51, 0
19, 52, 11
19, 53, 0
19, 54, 0
19, 55, 0
19, 56, 54
19, 57, 46
19, 58, 0
19, 59, 0
19, 60, 0
19, 61, 0
19, 62, 0
19, 63, 0
19, 64, 0
19, 65, 0
19, 66, 19
19, 67, 0
19, 68, 21
19, 69, 0
19, 70, 0
19, 71, 0
19, 72, 42
19, 73, 24
19, 74, 35
19, 75, 0
19, 76, 0
19, 77, 62
19, 78, 0
19, 79, 0
19, 80, 0
19, 81, 0
19, 82, 0
19, 83, 0
19, 84, 57
19, 85, 0
19, 86, 0
19, 87, 0
19, 88, 0
19, 89, 0
19, 90, 0
19, 91, 0
19, 92, 55
19, 93, 18
19, 94, 0
19, 95, 0
19, 96, 0
19, 97, 0
19, 98, 13
19, 99, 0
19, 100, 0
19, 101, 0
19, 102, 0
19, 103, 0
19, 104, 0
19, 105, 46
19, 106, 0
19, 107, 0
19, 108, 0
19, 109, 0
19, 110, 0
19, 111, 0
19, 112, 0
19, 113, 0
19, 114, 0
19, 115, 0
19, 116, 45
19, 117, 0
19, 118, 32
19, 119, 0
19, 120, 0
19, 121, 0
19, 122, 0
19, 123, 0
19, 124, 0
19, 125, 0
19, 126, 0
19, 127, 7
19, 128, 0
19, 129, 0
19, 130, 0
19, 131, 0
19, 132, 2
19, 133, 46
19, 134, 0
19, 135, 42
19, 136, 0
19, 137, 0
19, 138, 0
19, 139, 0
19, 140, 0
19, 141, 0
19, 142, 0
19, 143, 0
19, 144, 0
19, 145, 0
19, 146, 0
19, 147, 0
19, 148, 0
19, 149, 0
19, 150, 0
19, 151, 0
19, 152, 13
19, 153, 0
19, 154, 0
19, 155, 21
19, 156, 43
19, 157, 0
19, 158, 0
19, 159, 0
19, 160, 0
19, 161, 0
19, 162, 33
19, 163, 0
19, 164, 0
19, 165, 0
19, 166, 0
19, 167, 24
19, 168, 0
19, 169, 19
19, 170, 0
19, 171, 0
19, 172, 0
19, 173, 0
19, 174, 0
19, 175, 0
19, 176, 0
19, 177, 0
19, 178, 0
19, 179, 16
19, 180, 0
19, 181, 0
19, 182, 0
19, 183, 0
19, 184, 0
19, 185, 0
19, 186, 40
19, 187, 0
19, 188, 0
19, 189, 0
19, 190, 0
19, 191, 21
19, 192, 0
19, 193, 0
19, 194, 0
19, 195, 0
19, 196, 0
19, 197, 0
19, 198, 0
19, 199, 0
19, 200, 0
19, 201, 0
19, 202, 0
19, 203, 0
19, 204, 0
19, 205, 0
19, 206, 0
19, 207, 0
19, 208, 54
19, 209, 0
19, 210, 0
19, 211, 44
19, 212, 0
19, 213, 62
19, 214, 29
19, 215, 0
19, 216, 0
19, 217, 0
19, 218, 0
19, 219, 0
19, 220, 0
19, 221, 0
19, 222, 0
19, 223, 0
19, 224, 33
19, 225, 0
19, 226, 0
19, 227, 0
19, 228, 0
19, 229, 0
19, 230, 0
19, 231, 0
19, 232, 0
19, 233, 18
19, 234, 0
19, 235, 8
19, 236, 42
19, 237, 0
19, 238, 0
19, 239, 47
19, 240, 0
19, 241, 0
19, 242, 0
19, 243, 0
19, 244, 0
19, 245, 45
19, 246, 0
19, 247, 0
19, 248, 0
19, 249, 0
19, 250, 11
19, 251, 0
19, 252, 0
19, 253, 0
19, 254, 0
19, 255, 0
19, 256, 0
19, 257, 0
19, 258, 49
19, 259, 0
19, 260, 0
19, 261, 0
19, 262, 0
19, 263, 55
19, 264, 0
19, 265, 0
19, 266, 0
19, 267, 39
19, 268, 0
19, 269, 0
19, 270, 0
19, 271, 0
19, 272, 0
19, 273, 0
19, 274, 13
19, 275, 0
19, 276, 0
19, 277, 0
19, 278, 49
19, 279, 62
19, 280, 32
19, 281, 0
19, 282, 0
19, 283, 0
19, 284, 0
19, 285, 0
19, 286, 0
19, 287, 0
19, 288, 0
19, 289, 0
19, 290, 0
19, 291, 0
19, 292, 0
19, 293, 0
19, 294, 0
19, 295, 57
19, 296, 0
19, 297, 0
19, 298, 0
19, 299, 0
19, 300, 0
19, 301, 0
19, 302, 0
19, 303, 32
19, 304, 0
19, 305, 16
19, 306, 0
19, 307, 0
19, 308, 36
19, 309, 0
19, 310, 19
19, 311, 0
19, 312, 0
19, 313, 0
19, 314, 0
19, 315, 0
19, 316, 0
19, 317, 33
19, 318, 0
19, 319, 0
19, 320, 0
19, 321, 0
19, 322, 0
19, 323, 0
19, 324, 7
19, 325, 0
19, 326, 0
19, 327, 0
19, 328, 0
19, 329, 0
19, 330, 0
19, 331, 13
19, 332, 0
19, 333, 0
19, 334, 0
19, 335, 0
19, 336, 35
19, 337, 2
19, 338, 0
19, 339, 0
19, 340, 36
19, 341, 0
19, 342, 47
19, 343, 45
19, 344, 0
19, 345, 0
19, 346, 0
19, 347, 0
19, 348, 0
19, 349, 0
19, 350, 0
19, 351, 0
19, 352, 0
19, 353, 0
19, 354, 0
19, 355, 11
19, 356, 0
19, 357, 0
19, 358, 0
19, 359, 43
19, 360, 0
19, 361, 0
19, 362, 0
19, 363, 31
19, 364, 32
19, 365, 0
19, 366, 54
19, 367, 0
19, 368, 0
19, 369, 0
19, 370, 46
19, 371, 0
19, 372, 0
19, 373, 0
19, 374, 49
19, 375, 0
19, 376, 0
19, 377, 0
19, 378, 0
19, 379, 0
19, 380, 19
19, 381, 40
19, 382, 0
19, 383, 0
19, 384, 0
19, 385, 0
19, 386, 0
19, 387, 0
19, 388, 16
19, 389, 0
19, 390, 0
19, 391, 0
19, 392, 0
19, 393, 0
19, 394, 0
19, 395, 0
19, 396, 12
19, 397, 0
19, 398, 0
19, 399, 0
