0, 0, 0
0, 1, 0
0, 2, 0
0, 3, 0
0, 4, 0
0, 5, 0
0, 6, 0
0, 7, 0
0, 8, 0
0, 9, 0
0, 10, 0
0, 11, 0
0, 12, 0
0, 13, 0
0, 14, 0
0, 15, 0
0, 16, 0
0, 17, 0
0, 18, 0
0, 19, 0
0, 20, 0
0, 21, 0
0, 22, 0
0, 23, 0
0, 24, 0
0, 25, 0
0, 26, 0
0, 27, 0
0, 28, 0
0, 29, 0
0, 30, 0
0, 31, 0
0, 32, 0
0, 33, 0
0, 34, 0
0, 35, 0
0, 36, 0
0, 37, 0
0, 38, 0
0, 39, 0
0, 40, 0
0, 41, 0
0, 42, 0
0, 43, 0
0, 44, 0
0, 45, 0
0, 46, 0
0, 47, 0
0, 48, 0
0, 49, 0
0, 50, 0
0, 51, 0
0, 52, 0
0, 53, 0
0, 54, 0
0, 55, 0
0, 56, 0
0, 57, 0
0, 58, 0
0, 59, 0
0, 60, 0
0, 61, 0
0, 62, 0
0, 63, 0
0, 64, 0
0, 65, 0
0, 66, 0
0, 67, 0
0, 68, 0
0, 69, 0
0, 70, 0
0, 71, 0
0, 72, 0
0, 73, 0
0, 74, 0
0, 75, 0
0, 76, 0
0, 77, 0
0, 78, 0
0, 79, 0
0, 80, 0
0, 81, 0
0, 82, 0
0, 83, 0
0, 84, 0
0, 85, 0
0, 86, 0
0, 87, 0
0, 88, 0
0, 89, 0
0, 90, 0
0, 91, 0
0, 92, 0
0, 93, 0
0, 94, 0
0, 95, 0
0, 96, 0
0, 97, 0
0, 98, 0
0, 99, 0
0, 100, 0
0, 101, 0
0, 102, 0
0, 103, 0
0, 104, 0
0, 105, 0
0, 106, 0
0, 107, 0
0, 108, 0
0, 109, 0
0, 110, 0
0, 111, 0
0, 112, 0
0, 113, 0
0, 114, 0
0, 115, 0
0, 116, 0
0, 117, 0
0, 118, 0
0, 119, 0
0, 120, 0
0, 121, 0
0, 122, 0
0, 123, 0
0, 124, 0
0, 125, 0
0, 126, 0
0, 127, 0
0, 128, 0
0, 129, 0
0, 130, 0
0, 131, 0
0, 132, 0
0, 133, 0
0, 134, 0
0, 135, 0
0, 136, 0
0, 137, 0
0, 138, 0
0, 139, 0
0, 140, 0
0, 141, 0
0, 142, 0
0, 143, 0
0, 144, 0
0, 145, 0
0, 146, 0
0, 147, 0
0, 148, 0
0, 149, 0
0, 150, 0
0, 151, 0
0, 152, 0
0, 153, 0
0, 154, 0
0, 155, 0
0, 156, 0
0, 157, 0
0, 158, 0
0, 159, 0
0, 160, 0
0, 161, 0
0, 162, 0
0, 163, 0
0, 164, 0
0, 165, 0
0, 166, 0
0, 167, 0
0, 168, 0
0, 169, 0
0, 170, 0
0, 171, 0
0, 172, 0
0, 173, 0
0, 174, 0
0, 175, 0
0, 176, 0
0, 177, 0
0, 178, 0
0, 179, 0
0, 180, 0
0, 181, 0
0, 182, 0
0, 183, 0
0, 184, 0
0, 185, 0
0, 186, 0
0, 187, 0
0, 188, 0
0, 189, 0
0, 190, 0
0, 191, 0
0, 192, 0
0, 193, 0
0, 194, 0
0, 195, 0
0, 196, 0
0, 197, 0
0, 198, 0
0, 199, 0
0, 200, 0
0, 201, 0
0, 202, 0
0, 203, 0
0, 204, 0
0, 205, 0
0, 206, 0
0, 207, 0
0, 208, 0
0, 209, 0
0, 210, 0
0, 211, 0
0, 212, 0
0, 213, 0
0, 214, 0
0, 215, 0
0, 216, 0
0, 217, 0
0, 218, 0
0, 219, 0
0, 220, 0
0, 221, 0
0, 222, 0
0, 223, 0
0, 224, 0
0, 225, 0
0, 226, 0
0, 227, 0
0, 228, 0
0, 229, 0
0, 230, 0
0, 231, 0
0, 232, 0
0, 233, 0
0, 234, 0
0, 235, 0
0, 236, 0
0, 237, 0
0, 238, 0
0, 239, 0
0, 240, 0
0, 241, 0
0, 242, 0
0, 243, 0
0, 244, 0
0, 245, 0
0, 246, 0
0, 247, 0
0, 248, 0
0, 249, 0
0, 250, 0
0, 251, 0
0, 252, 0
0, 253, 0
0, 254, 0
0, 255, 0
0, 256, 0
0, 257, 0
0, 258, 0
0, 259, 0
0, 260, 0
0, 261, 0
0, 262, 0
0, 263, 0
0, 264, 0
0, 265, 0
0, 266, 0
0, 267, 0
0, 268, 0
0, 269, 0
0, 270, 0
0, 271, 0
0, 272, 0
0, 273, 0
0, 274, 0
0, 275, 0
0, 276, 0
0, 277, 0
0, 278, 0
0, 279, 0
0, 280, 0
0, 281, 0
0, 282, 0
0, 283, 0
0, 284, 0
0, 285, 0
0, 286, 0
0, 287, 0
0, 288, 0
0, 289, 0
0, 290, 0
0, 291, 0
0, 292, 0
0, 293, 0
0, 294, 0
0, 295, 0
0, 296, 0
0, 297, 0
0, 298, 0
0, 299, 0
0, 300, 0
0, 301, 0
0, 302, 0
0, 303, 0
0, 304, 0
0, 305, 0
0, 306, 0
0, 307, 0
0, 308, 0
0, 309, 0
0, 310, 0
0, 311, 0
0, 312, 0
0, 313, 0
0, 314, 0
0, 315, 0
0, 316, 0
0, 317, 0
0, 318, 0
0, 319, 0
0, 320, 0
0, 321, 0
0, 322, 0
0, 323, 0
0, 324, 0
0, 325, 0
0, 326, 0
0, 327, 0
0, 328, 0
0, 329, 0
0, 330, 0
0, 331, 0
0, 332, 0
0, 333, 0
0, 334, 0
0, 335, 0
0, 336, 0
0, 337, 0
0, 338, 0
0, 339, 0
0, 340, 0
0, 341, 0
0, 342, 0
0, 343, 0
0, 344, 0
0, 345, 0
0, 346, 0
0, 347, 0
0, 348, 0
0, 349, 0
0, 350, 0
0, 351, 0
0, 352, 0
0, 353, 0
0, 354, 0
0, 355, 0
0, 356, 0
0, 357, 0
0, 358, 0
0, 359, 0
0, 360, 0
0, 361, 0
0, 362, 0
0, 363, 0
0, 364, 0
0, 365, 0
0, 366, 0
0, 367, 0
0, 368, 0
0, 369, 0
0, 370, 0
0, 371, 0
0, 372, 0
0, 373, 0
0, 374, 0
0, 375, 0
0, 376, 0
0, 377, 0
0, 378, 0
0, 379, 0
0, 380, 0
0, 381, 0
0, 382, 0
0, 383, 0
0, 384, 0
0, 385, 0
0, 386, 0
0, 387, 0
0, 388, 0
0, 389, 0
0, 390, 0
0, 391, 0
0, 392, 0
0, 393, 0
0, 394, 0
0, 395, 0
0, 396, 0
0, 397, 0
0, 398, 0
0, 399, 0
1, 0, 0
1, 1, 40
1, 2, 35
1, 3, 47
1, 4, 18
1, 5, 40
1, 6, 44
1, 7, 23
1, 8, 0
1, 9, 2
1, 10, 35
1, 11, 47
1, 12, 48
1, 13, 7
1, 14, 50
1, 15, 50
1, 16, 0
1, 17, 37
1, 18, 32
1, 19, 24
1, 20, 0
1, 21, 6
1, 22, 40
1, 23, 37
1, 24, 27
1, 25, 19
1, 26, 50
1, 27, 33
1, 28, 0
1, 29, 43
1, 30, 49
1, 31, 0
1, 32, 11
1, 33, 0
1, 34, 44
1, 35, 26
1, 36, 53
1, 37, 37
1, 38, 23
1, 39, 40
1, 40, 28
1, 41, 0
1, 42, 39
1, 43, 0
1, 44, 35
1, 45, 30
1, 46, 36
1, 47, 54
1, 48, 0
1, 49, 0
1, 50, 40
1, 51, 0
1, 52, 0
1, 53, 23
1, 54, 48
1, 55, 0
1, 56, 44
1, 57, 0
1, 58, 45
1, 59, 39
1, 60, 16
1, 61, 38
1, 62, 35
1, 63, 43
1, 64, 47
1, 65, 8
1, 66, 7
1, 67, 0
1, 68, 0
1, 69, 20
1, 70, 35
1, 71, 12
1, 72, 42
1, 73, 27
1, 74, 0
1, 75, 43
1, 76, 8
1, 77, 48
1, 78, 7
1, 79, 21
1, 80, 50
1, 81, 28
1, 82, 49
1, 83, 0
1, 84, 0
1, 85, 0
1, 86, 2
1, 87, 0
1, 88, 11
1, 89, 49
1, 90, 27
1, 91, 11
1, 92, 38
1, 93, 35
1, 94, 0
1, 95, 44
1, 96, 42
1, 97, 0
1, 98, 0
1, 99, 47
1, 100, 6
1, 101, 42
1, 102, 28
1, 103, 0
1, 104, 48
1, 105, 21
1, 106, 13
1, 107, 35
1, 108, 41
1, 109, 0
1, 110, 18
1, 111, 20
1, 112, 51
1, 113, 16
1, 114, 42
1, 115, 50
1, 116, 53
1, 117, 26
1, 118, 32
1, 119, 0
1, 120, 37
1, 121, 39
1, 122, 46
1, 123, 31
1, 124, 34
1, 125, 45
1, 126, 0
1, 127, 35
1, 128, 25
1, 129, 31
1, 130, 0
1, 131, 0
1, 132, 0
1, 133, 14
1, 134, 47
1, 135, 13
1, 136, 17
1, 137, 29
1, 138, 36
1, 139, 51
1, 140, 45
1, 141, 0
1, 142, 22
1, 143, 47
1, 144, 0
1, 145, 42
1, 146, 49
1, 147, 0
1, 148, 42
1, 149, 39
1, 150, 19
1, 151, 49
1, 152, 44
1, 153, 12
1, 154, 0
1, 155, 18
1, 156, 40
1, 157, 32
1, 158, 44
1, 159, 1
1, 160, 43
1, 161, 27
1, 162, 46
1, 163, 52
1, 164, 2
1, 165, 13
1, 166, 41
1, 167, 5
1, 168, 48
1, 169, 24
1, 170, 3
1, 171, 41
1, 172, 28
1, 173, 0
1, 174, 39
1, 175, 40
1, 176, 32
1, 177, 6
1, 178, 45
1, 179, 30
1, 180, 33
1, 181, 39
1, 182, 22
1, 183, 34
1, 184, 47
1, 185, 0
1, 186, 46
1, 187, 48
1, 188, 0
1, 189, 34
1, 190, 5
1, 191, 0
1, 192, 0
1, 193, 14
1, 194, 0
1, 195, 44
1, 196, 42
1, 197, 0
1, 198, 33
1, 199, 18
1, 200, 37
1, 201, 0
1, 202, 40
1, 203, 29
1, 204, 0
1, 205, 44
1, 206, 40
1, 207, 7
1, 208, 46
1, 209, 17
1, 210, 0
1, 211, 29
1, 212, 19
1, 213, 43
1, 214, 2
1, 215, 35
1, 216, 41
1, 217, 45
1, 218, 32
1, 219, 53
1, 220, 0
1, 221, 19
1, 222, 42
1, 223, 41
1, 224, 31
1, 225, 38
1, 226, 0
1, 227, 0
1, 228, 0
1, 229, 41
1, 230, 41
1, 231, 0
1, 232, 49
1, 233, 19
1, 234, 9
1, 235, 19
1, 236, 46
1, 237, 0
1, 238, 51
1, 239, 26
1, 240, 0
1, 241, 6
1, 242, 0
1, 243, 14
1, 244, 12
1, 245, 31
1, 246, 15
1, 247, 39
1, 248, 43
1, 249, 37
1, 250, 0
1, 251, 0
1, 252, 24
1, 253, 52
1, 254, 44
1, 255, 18
1, 256, 14
1, 257, 42
1, 258, 54
1, 259, 0
1, 260, 48
1, 261, 18
1, 262, 0
1, 263, 7
1, 264, 22
1, 265, 45
1, 266, 35
1, 267, 41
1, 268, 0
1, 269, 36
1, 270, 38
1, 271, 34
1, 272, 46
1, 273, 49
1, 274, 10
1, 275, 0
1, 276, 42
1, 277, 36
1, 278, 50
1, 279, 0
1, 280, 37
1, 281, 0
1, 282, 37
1, 283, 0
1, 284, 39
1, 285, 0
1, 286, 8
1, 287, 0
1, 288, 16
1, 289, 44
1, 290, 27
1, 291, 47
1, 292, 45
1, 293, 48
1, 294, 39
1, 295, 17
1, 296, 48
1, 297, 26
1, 298, 54
1, 299, 45
1, 300, 52
1, 301, 43
1, 302, 22
1, 303, 35
1, 304, 0
1, 305, 47
1, 306, 15
1, 307, 0
1, 308, 0
1, 309, 0
1, 310, 47
1, 311, 18
1, 312, 0
1, 313, 0
1, 314, 9
1, 315, 42
1, 316, 50
1, 317, 37
1, 318, 25
1, 319, 14
1, 320, 13
1, 321, 33
1, 322, 47
1, 323, 34
1, 324, 20
1, 325, 39
1, 326, 42
1, 327, 42
1, 328, 0
1, 329, 48
1, 330, 25
1, 331, 0
1, 332, 0
1, 333, 0
1, 334, 34
1, 335, 38
1, 336, 30
1, 337, 16
1, 338, 45
1, 339, 42
1, 340, 38
1, 341, 0
1, 342, 48
1, 343, 35
1, 344, 41
1, 345, 0
1, 346, 14
1, 347, 51
1, 348, 4
1, 349, 32
1, 350, 26
1, 351, 50
1, 352, 23
1, 353, 0
1, 354, 0
1, 355, 2
1, 356, 28
1, 357, 0
1, 358, 46
1, 359, 38
1, 360, 31
1, 361, 0
1, 362, 37
1, 363, 19
1, 364, 38
1, 365, 0
1, 366, 29
1, 367, 0
1, 368, 0
1, 369, 37
1, 370, 0
1, 371, 0
1, 372, 39
1, 373, 50
1, 374, 32
1, 375, 0
1, 376, 34
1, 377, 43
1, 378, 35
1, 379, 22
1, 380, 25
1, 381, 0
1, 382, 29
1, 383, 37
1, 384, 0
1, 385, 43
1, 386, 33
1, 387, 10
1, 388, 40
1, 389, 0
1, 390, 39
1, 391, 21
1, 392, 29
1, 393, 0
1, 394, 2
1, 395, 0
1, 396, 50
1, 397, 0
1, 398, 54
1, 399, 42
2, 0, 0
2, 1, 0
2, 2, 10
2, 3, 28
2, 4, 53
2, 5, 49
2, 6, 9
2, 7, 31
2, 8, 38
2, 9, 25
2, 10, 0
2, 11, 0
2, 12, 31
2, 13, 0
2, 14, 35
2, 15, 29
2, 16, 0
2, 17, 39
2, 18, 51
2, 19, 26
2, 20, 42
2, 21, 20
2, 22, 39
2, 23, 0
2, 24, 27
2, 25, 46
2, 26, 49
2, 27, 35
2, 28, 44
2, 29, 38
2, 30, 7
2, 31, 39
2, 32, 0
2, 33, 15
2, 34, 45
2, 35, 3
2, 36, 43
2, 37, 0
2, 38, 31
2, 39, 6
2, 40, 26
2, 41, 0
2, 42, 0
2, 43, 7
2, 44, 47
2, 45, 39
2, 46, 48
2, 47, 37
2, 48, 0
2, 49, 0
2, 50, 32
2, 51, 4
2, 52, 0
2, 53, 45
2, 54, 12
2, 55, 36
2, 56, 31
2, 57, 23
2, 58, 46
2, 59, 2
2, 60, 35
2, 61, 54
2, 62, 0
2, 63, 20
2, 64, 40
2, 65, 43
2, 66, 10
2, 67, 0
2, 68, 0
2, 69, 0
2, 70, 20
2, 71, 42
2, 72, 35
2, 73, 29
2, 74, 47
2, 75, 52
2, 76, 2
2, 77, 40
2, 78, 50
2, 79, 0
2, 80, 19
2, 81, 46
2, 82, 41
2, 83, 47
2, 84, 0
2, 85, 51
2, 86, 7
2, 87, 35
2, 88, 22
2, 89, 21
2, 90, 0
2, 91, 15
2, 92, 24
2, 93, 0
2, 94, 49
2, 95, 28
2, 96, 36
2, 97, 39
2, 98, 35
2, 99, 31
2, 100, 0
2, 101, 41
2, 102, 0
2, 103, 0
2, 104, 34
2, 105, 24
2, 106, 44
2, 107, 51
2, 108, 0
2, 109, 28
2, 110, 43
2, 111, 0
2, 112, 0
2, 113, 28
2, 114, 15
2, 115, 27
2, 116, 47
2, 117, 50
2, 118, 42
2, 119, 39
2, 120, 26
2, 121, 12
2, 122, 0
2, 123, 18
2, 124, 37
2, 125, 0
2, 126, 42
2, 127, 0
2, 128, 18
2, 129, 7
2, 130, 21
2, 131, 42
2, 132, 0
2, 133, 53
2, 134, 35
2, 135, 20
2, 136, 37
2, 137, 2
2, 138, 0
2, 139, 42
2, 140, 3
2, 141, 50
2, 142, 46
2, 143, 39
2, 144, 52
2, 145, 41
2, 146, 0
2, 147, 0
2, 148, 34
2, 149, 31
2, 150, 20
2, 151, 23
2, 152, 33
2, 153, 49
2, 154, 35
2, 155, 0
2, 156, 30
2, 157, 10
2, 158, 36
2, 159, 39
2, 160, 42
2, 161, 47
2, 162, 43
2, 163, 0
2, 164, 18
2, 165, 45
2, 166, 7
2, 167, 33
2, 168, 12
2, 169, 34
2, 170, 20
2, 171, 53
2, 172, 28
2, 173, 32
2, 174, 9
2, 175, 27
2, 176, 30
2, 177, 46
2, 178, 48
2, 179, 48
2, 180, 44
2, 181, 0
2, 182, 24
2, 183, 18
2, 184, 22
2, 185, 33
2, 186, 26
2, 187, 6
2, 188, 32
2, 189, 0
2, 190, 8
2, 191, 47
2, 192, 29
2, 193, 21
2, 194, 15
2, 195, 5
2, 196, 0
2, 197, 0
2, 198, 42
2, 199, 33
2, 200, 40
2, 201, 22
2, 202, 0
2, 203, 0
2, 204, 35
2, 205, 0
2, 206, 46
2, 207, 40
2, 208, 44
2, 209, 13
2, 210, 5
2, 211, 39
2, 212, 15
2, 213, 48
2, 214, 0
2, 215, 36
2, 216, 28
2, 217, 0
2, 218, 45
2, 219, 0
2, 220, 0
2, 221, 50
2, 222, 0
2, 223, 46
2, 224, 30
2, 225, 27
2, 226, 0
2, 227, 0
2, 228, 0
2, 229, 49
2, 230, 47
2, 231, 17
2, 232, 51
2, 233, 42
2, 234, 44
2, 235, 28
2, 236, 44
2, 237, 0
2, 238, 41
2, 239, 0
2, 240, 47
2, 241, 31
2, 242, 15
2, 243, 46
2, 244, 0
2, 245, 0
2, 246, 37
2, 247, 42
2, 248, 29
2, 249, 21
2, 250, 0
2, 251, 0
2, 252, 45
2, 253, 0
2, 254, 38
2, 255, 40
2, 256, 0
2, 257, 0
2, 258, 53
2, 259, 45
2, 260, 49
2, 261, 2
2, 262, 41
2, 263, 32
2, 264, 50
2, 265, 43
2, 266, 0
2, 267, 42
2, 268, 46
2, 269, 44
2, 270, 49
2, 271, 42
2, 272, 3
2, 273, 45
2, 274, 0
2, 275, 49
2, 276, 0
2, 277, 29
2, 278, 49
2, 279, 34
2, 280, 39
2, 281, 18
2, 282, 52
2, 283, 50
2, 284, 33
2, 285, 46
2, 286, 22
2, 287, 0
2, 288, 41
2, 289, 44
2, 290, 0
2, 291, 50
2, 292, 40
2, 293, 43
2, 294, 44
2, 295, 47
2, 296, 6
2, 297, 36
2, 298, 35
2, 299, 47
2, 300, 0
2, 301, 33
2, 302, 52
2, 303, 15
2, 304, 35
2, 305, 30
2, 306, 4
2, 307, 32
2, 308, 7
2, 309, 0
2, 310, 48
2, 311, 36
2, 312, 31
2, 313, 1
2, 314, 53
2, 315, 44
2, 316, 42
2, 317, 54
2, 318, 0
2, 319, 0
2, 320, 28
2, 321, 51
2, 322, 0
2, 323, 30
2, 324, 0
2, 325, 44
2, 326, 41
2, 327, 0
2, 328, 37
2, 329, 30
2, 330, 22
2, 331, 43
2, 332, 7
2, 333, 16
2, 334, 40
2, 335, 48
2, 336, 48
2, 337, 0
2, 338, 3
2, 339, 1
2, 340, 45
2, 341, 0
2, 342, 36
2, 343, 0
2, 344, 0
2, 345, 4
2, 346, 29
2, 347, 54
2, 348, 0
2, 349, 6
2, 350, 42
2, 351, 17
2, 352, 5
2, 353, 49
2, 354, 50
2, 355, 34
2, 356, 47
2, 357, 22
2, 358, 40
2, 359, 23
2, 360, 48
2, 361, 0
2, 362, 12
2, 363, 0
2, 364, 48
2, 365, 0
2, 366, 29
2, 367, 42
2, 368, 31
2, 369, 36
2, 370, 21
2, 371, 0
2, 372, 0
2, 373, 0
2, 374, 8
2, 375, 0
2, 376, 43
2, 377, 26
2, 378, 42
2, 379, 35
2, 380, 51
2, 381, 43
2, 382, 47
2, 383, 0
2, 384, 29
2, 385, 3
2, 386, 18
2, 387, 0
2, 388, 49
2, 389, 40
2, 390, 0
2, 391, 17
2, 392, 54
2, 393, 45
2, 394, 33
2, 395, 37
2, 396, 0
2, 397, 0
2, 398, 41
2, 399, 0
3, 0, 0
3, 1, 49
3, 2, 51
3, 3, 0
3, 4, 16
3, 5, 11
3, 6, 41
3, 7, 36
3, 8, 32
3, 9, 30
3, 10, 0
3, 11, 44
3, 12, 44
3, 13, 22
3, 14, 39
3, 15, 38
3, 16, 26
3, 17, 13
3, 18, 45
3, 19, 38
3, 20, 45
3, 21, 40
3, 22, 32
3, 23, 13
3, 24, 16
3, 25, 37
3, 26, 17
3, 27, 0
3, 28, 0
3, 29, 33
3, 30, 45
3, 31, 38
3, 32, 48
3, 33, 38
3, 34, 18
3, 35, 39
3, 36, 30
3, 37, 0
3, 38, 0
3, 39, 21
3, 40, 48
3, 41, 49
3, 42, 38
3, 43, 41
3, 44, 51
3, 45, 22
3, 46, 40
3, 47, 0
3, 48, 20
3, 49, 14
3, 50, 5
3, 51, 17
3, 52, 27
3, 53, 10
3, 54, 11
3, 55, 33
3, 56, 48
3, 57, 45
3, 58, 0
3, 59, 0
3, 60, 26
3, 61, 34
3, 62, 32
3, 63, 32
3, 64, 0
3, 65, 50
3, 66, 51
3, 67, 0
3, 68, 44
3, 69, 0
3, 70, 34
3, 71, 49
3, 72, 0
3, 73, 30
3, 74, 42
3, 75, 0
3, 76, 0
3, 77, 0
3, 78, 30
3, 79, 48
3, 80, 49
3, 81, 32
3, 82, 42
3, 83, 52
3, 84, 0
3, 85, 39
3, 86, 19
3, 87, 46
3, 88, 0
3, 89, 35
3, 90, 37
3, 91, 41
3, 92, 0
3, 93, 50
3, 94, 39
3, 95, 25
3, 96, 0
3, 97, 35
3, 98, 0
3, 99, 49
3, 100, 25
3, 101, 8
3, 102, 33
3, 103, 34
3, 104, 0
3, 105, 45
3, 106, 11
3, 107, 46
3, 108, 40
3, 109, 38
3, 110, 27
3, 111, 49
3, 112, 38
3, 113, 30
3, 114, 43
3, 115, 9
3, 116, 15
3, 117, 47
3, 118, 39
3, 119, 33
3, 120, 29
3, 121, 21
3, 122, 30
3, 123, 0
3, 124, 0
3, 125, 36
3, 126, 4
3, 127, 15
3, 128, 50
3, 129, 20
3, 130, 41
3, 131, 51
3, 132, 35
3, 133, 46
3, 134, 37
3, 135, 46
3, 136, 39
3, 137, 45
3, 138, 33
3, 139, 35
3, 140, 24
3, 141, 48
3, 142, 16
3, 143, 44
3, 144, 42
3, 145, 22
3, 146, 30
3, 147, 45
3, 148, 45
3, 149, 0
3, 150, 27
3, 151, 45
3, 152, 21
3, 153, 47
3, 154, 51
3, 155, 38
3, 156, 0
3, 157, 22
3, 158, 27
3, 159, 19
3, 160, 0
3, 161, 33
3, 162, 0
3, 163, 9
3, 164, 0
3, 165, 49
3, 166, 37
3, 167, 21
3, 168, 2
3, 169, 0
3, 170, 0
3, 171, 40
3, 172, 0
3, 173, 46
3, 174, 0
3, 175, 29
3, 176, 43
3, 177, 42
3, 178, 43
3, 179, 23
3, 180, 49
3, 181, 35
3, 182, 31
3, 183, 0
3, 184, 34
3, 185, 14
3, 186, 44
3, 187, 36
3, 188, 20
3, 189, 18
3, 190, 33
3, 191, 48
3, 192, 52
3, 193, 50
3, 194, 0
3, 195, 49
3, 196, 30
3, 197, 0
3, 198, 3
3, 199, 52
3, 200, 0
3, 201, 0
3, 202, 41
3, 203, 24
3, 204, 45
3, 205, 53
3, 206, 38
3, 207, 45
3, 208, 23
3, 209, 40
3, 210, 0
3, 211, 2
3, 212, 49
3, 213, 44
3, 214, 25
3, 215, 24
3, 216, 6
3, 217, 0
3, 218, 32
3, 219, 47
3, 220, 10
3, 221, 43
3, 222, 43
3, 223, 48
3, 224, 45
3, 225, 14
3, 226, 0
3, 227, 44
3, 228, 35
3, 229, 26
3, 230, 32
3, 231, 27
3, 232, 22
3, 233, 17
3, 234, 25
3, 235, 23
3, 236, 28
3, 237, 49
3, 238, 45
3, 239, 36
3, 240, 34
3, 241, 31
3, 242, 19
3, 243, 50
3, 244, 26
3, 245, 20
3, 246, 50
3, 247, 22
3, 248, 16
3, 249, 26
3, 250, 0
3, 251, 32
3, 252, 0
3, 253, 22
3, 254, 29
3, 255, 35
3, 256, 0
3, 257, 10
3, 258, 19
3, 259, 30
3, 260, 35
3, 261, 0
3, 262, 37
3, 263, 49
3, 264, 18
3, 265, 47
3, 266, 30
3, 267, 50
3, 268, 0
3, 269, 39
3, 270, 45
3, 271, 42
3, 272, 46
3, 273, 52
3, 274, 0
3, 275, 0
3, 276, 51
3, 277, 24
3, 278, 13
3, 279, 50
3, 280, 40
3, 281, 49
3, 282, 47
3, 283, 46
3, 284, 52
3, 285, 1
3, 286, 39
3, 287, 12
3, 288, 52
3, 289, 31
3, 290, 48
3, 291, 0
3, 292, 0
3, 293, 45
3, 294, 44
3, 295, 15
3, 296, 45
3, 297, 25
3, 298, 0
3, 299, 51
3, 300, 46
3, 301, 7
3, 302, 34
3, 303, 42
3, 304, 48
3, 305, 41
3, 306, 38
3, 307, 28
3, 308, 0
3, 309, 15
3, 310, 39
3, 311, 36
3, 312, 38
3, 313, 21
3, 314, 6
3, 315, 0
3, 316, 45
3, 317, 46
3, 318, 48
3, 319, 42
3, 320, 34
3, 321, 25
3, 322, 35
3, 323, 27
3, 324, 38
3, 325, 17
3, 326, 42
3, 327, 30
3, 328, 26
3, 329, 5
3, 330, 6
3, 331, 43
3, 332, 40
3, 333, 0
3, 334, 0
3, 335, 16
3, 336, 0
3, 337, 33
3, 338, 39
3, 339, 0
3, 340, 30
3, 341, 30
3, 342, 53
3, 343, 49
3, 344, 0
3, 345, 43
3, 346, 47
3, 347, 47
3, 348, 37
3, 349, 32
3, 350, 46
3, 351, 0
3, 352, 18
3, 353, 39
3, 354, 3
3, 355, 0
3, 356, 19
3, 357, 40
3, 358, 34
3, 359, 15
3, 360, 31
3, 361, 47
3, 362, 33
3, 363, 33
3, 364, 22
3, 365, 42
3, 366, 18
3, 367, 43
3, 368, 0
3, 369, 42
3, 370, 5
3, 371, 43
3, 372, 45
3, 373, 38
3, 374, 0
3, 375, 32
3, 376, 33
3, 377, 5
3, 378, 0
3, 379, 4
3, 380, 0
3, 381, 47
3, 382, 20
3, 383, 27
3, 384, 41
3, 385, 32
3, 386, 44
3, 387, 50
3, 388, 33
3, 389, 10
3, 390, 24
3, 391, 0
3, 392, 44
3, 393, 31
3, 394, 25
3, 395, 43
3, 396, 48
3, 397, 31
3, 398, 32
3, 399, 51
4, 0, 0
4, 1, 52
4, 2, 46
4, 3, 0
4, 4, 37
4, 5, 11
4, 6, 53
4, 7, 33
4, 8, 44
4, 9, 11
4, 10, 43
4, 11, 0
4, 12, 39
4, 13, 0
4, 14, 31
4, 15, 27
4, 16, 11
4, 17, 49
4, 18, 0
4, 19, 48
4, 20, 34
4, 21, 21
4, 22, 42
4, 23, 7
4, 24, 0
4, 25, 37
4, 26, 49
4, 27, 31
4, 28, 0
4, 29, 45
4, 30, 41
4, 31, 0
4, 32, 0
4, 33, 37
4, 34, 0
4, 35, 45
4, 36, 31
4, 37, 0
4, 38, 4
4, 39, 0
4, 40, 50
4, 41, 34
4, 42, 43
4, 43, 46
4, 44, 36
4, 45, 26
4, 46, 42
4, 47, 52
4, 48, 44
4, 49, 50
4, 50, 37
4, 51, 34
4, 52, 33
4, 53, 22
4, 54, 43
4, 55, 3
4, 56, 53
4, 57, 40
4, 58, 41
4, 59, 28
4, 60, 16
4, 61, 21
4, 62, 42
4, 63, 48
4, 64, 38
4, 65, 3
4, 66, 6
4, 67, 0
4, 68, 0
4, 69, 43
4, 70, 0
4, 71, 28
4, 72, 0
4, 73, 43
4, 74, 18
4, 75, 53
4, 76, 48
4, 77, 0
4, 78, 35
4, 79, 0
4, 80, 43
4, 81, 28
4, 82, 11
4, 83, 5
4, 84, 0
4, 85, 15
4, 86, 0
4, 87, 6
4, 88, 35
4, 89, 49
4, 90, 31
4, 91, 24
4, 92, 48
4, 93, 31
4, 94, 46
4, 95, 0
4, 96, 41
4, 97, 47
4, 98, 35
4, 99, 22
4, 100, 0
4, 101, 44
4, 102, 0
4, 103, 29
4, 104, 29
4, 105, 23
4, 106, 41
4, 107, 28
4, 108, 45
4, 109, 37
4, 110, 0
4, 111, 33
4, 112, 43
4, 113, 35
4, 114, 13
4, 115, 24
4, 116, 14
4, 117, 19
4, 118, 31
4, 119, 16
4, 120, 43
4, 121, 0
4, 122, 40
4, 123, 41
4, 124, 42
4, 125, 34
4, 126, 0
4, 127, 44
4, 128, 21
4, 129, 48
4, 130, 31
4, 131, 36
4, 132, 15
4, 133, 52
4, 134, 12
4, 135, 20
4, 136, 24
4, 137, 1
4, 138, 12
4, 139, 37
4, 140, 42
4, 141, 50
4, 142, 33
4, 143, 25
4, 144, 39
4, 145, 0
4, 146, 29
4, 147, 45
4, 148, 17
4, 149, 32
4, 150, 0
4, 151, 33
4, 152, 39
4, 153, 9
4, 154, 0
4, 155, 37
4, 156, 41
4, 157, 39
4, 158, 47
4, 159, 30
4, 160, 0
4, 161, 0
4, 162, 34
4, 163, 0
4, 164, 28
4, 165, 25
4, 166, 0
4, 167, 5
4, 168, 16
4, 169, 19
4, 170, 31
4, 171, 24
4, 172, 18
4, 173, 46
4, 174, 0
4, 175, 38
4, 176, 43
4, 177, 52
4, 178, 36
4, 179, 42
4, 180, 43
4, 181, 2
4, 182, 49
4, 183, 37
4, 184, 49
4, 185, 11
4, 186, 7
4, 187, 0
4, 188, 5
4, 189, 44
4, 190, 0
4, 191, 35
4, 192, 27
4, 193, 44
4, 194, 0
4, 195, 32
4, 196, 1
4, 197, 31
4, 198, 0
4, 199, 50
4, 200, 42
4, 201, 31
4, 202, 39
4, 203, 45
4, 204, 48
4, 205, 40
4, 206, 0
4, 207, 53
4, 208, 13
4, 209, 0
4, 210, 37
4, 211, 34
4, 212, 11
4, 213, 21
4, 214, 43
4, 215, 48
4, 216, 0
4, 217, 39
4, 218, 22
4, 219, 14
4, 220, 30
4, 221, 17
4, 222, 51
4, 223, 30
4, 224, 0
4, 225, 16
4, 226, 0
4, 227, 50
4, 228, 22
4, 229, 4
4, 230, 41
4, 231, 38
4, 232, 45
4, 233, 11
4, 234, 0
4, 235, 0
4, 236, 44
4, 237, 41
4, 238, 50
4, 239, 10
4, 240, 0
4, 241, 45
4, 242, 42
4, 243, 21
4, 244, 14
4, 245, 26
4, 246, 40
4, 247, 32
4, 248, 53
4, 249, 0
4, 250, 23
4, 251, 50
4, 252, 51
4, 253, 29
4, 254, 36
4, 255, 15
4, 256, 18
4, 257, 4
4, 258, 12
4, 259, 26
4, 260, 29
4, 261, 33
4, 262, 44
4, 263, 43
4, 264, 0
4, 265, 0
4, 266, 42
4, 267, 4
4, 268, 45
4, 269, 34
4, 270, 28
4, 271, 0
4, 272, 4
4, 273, 16
4, 274, 0
4, 275, 21
4, 276, 0
4, 277, 14
4, 278, 0
4, 279, 25
4, 280, 31
4, 281, 0
4, 282, 53
4, 283, 27
4, 284, 22
4, 285, 29
4, 286, 0
4, 287, 48
4, 288, 19
4, 289, 22
4, 290, 0
4, 291, 52
4, 292, 20
4, 293, 36
4, 294, 8
4, 295, 35
4, 296, 44
4, 297, 2
4, 298, 32
4, 299, 22
4, 300, 48
4, 301, 0
4, 302, 44
4, 303, 38
4, 304, 6
4, 305, 43
4, 306, 0
4, 307, 0
4, 308, 27
4, 309, 18
4, 310, 14
4, 311, 51
4, 312, 31
4, 313, 21
4, 314, 50
4, 315, 24
4, 316, 16
4, 317, 0
4, 318, 30
4, 319, 0
4, 320, 41
4, 321, 37
4, 322, 14
4, 323, 51
4, 324, 0
4, 325, 39
4, 326, 31
4, 327, 31
4, 328, 46
4, 329, 41
4, 330, 28
4, 331, 42
4, 332, 43
4, 333, 40
4, 334, 52
4, 335, 30
4, 336, 31
4, 337, 45
4, 338, 36
4, 339, 0
4, 340, 27
4, 341, 0
4, 342, 50
4, 343, 0
4, 344, 50
4, 345, 49
4, 346, 28
4, 347, 0
4, 348, 44
4, 349, 47
4, 350, 28
4, 351, 18
4, 352, 33
4, 353, 0
4, 354, 43
4, 355, 0
4, 356, 30
4, 357, 25
4, 358, 49
4, 359, 21
4, 360, 27
4, 361, 37
4, 362, 43
4, 363, 0
4, 364, 0
4, 365, 0
4, 366, 18
4, 367, 43
4, 368, 39
4, 369, 42
4, 370, 18
4, 371, 28
4, 372, 36
4, 373, 44
4, 374, 48
4, 375, 6
4, 376, 21
4, 377, 0
4, 378, 46
4, 379, 0
4, 380, 27
4, 381, 3
4, 382, 32
4, 383, 40
4, 384, 18
4, 385, 0
4, 386, 45
4, 387, 38
4, 388, 0
4, 389, 14
4, 390, 22
4, 391, 38
4, 392, 23
4, 393, 52
4, 394, 0
4, 395, 39
4, 396, 34
4, 397, 0
4, 398, 20
4, 399, 0
5, 0, 0
5, 1, 0
5, 2, 33
5, 3, 0
5, 4, 23
5, 5, 0
5, 6, 46
5, 7, 22
5, 8, 8
5, 9, 12
5, 10, 35
5, 11, 0
5, 12, 46
5, 13, 31
5, 14, 14
5, 15, 29
5, 16, 28
5, 17, 40
5, 18, 51
5, 19, 0
5, 20, 0
5, 21, 22
5, 22, 14
5, 23, 39
5, 24, 0
5, 25, 33
5, 26, 17
5, 27, 31
5, 28, 15
5, 29, 37
5, 30, 32
5, 31, 0
5, 32, 50
5, 33, 9
5, 34, 34
5, 35, 11
5, 36, 35
5, 37, 3
5, 38, 49
5, 39, 0
5, 40, 12
5, 41, 0
5, 42, 48
5, 43, 6
5, 44, 47
5, 45, 0
5, 46, 7
5, 47, 46
5, 48, 33
5, 49, 0
5, 50, 19
5, 51, 52
5, 52, 44
5, 53, 42
5, 54, 0
5, 55, 21
5, 56, 29
5, 57, 45
5, 58, 0
5, 59, 0
5, 60, 0
5, 61, 40
5, 62, 0
5, 63, 46
5, 64, 41
5, 65, 39
5, 66, 50
5, 67, 47
5, 68, 38
5, 69, 0
5, 70, 0
5, 71, 40
5, 72, 7
5, 73, 6
5, 74, 0
5, 75, 0
5, 76, 43
5, 77, 4
5, 78, 0
5, 79, 28
5, 80, 41
5, 81, 0
5, 82, 35
5, 83, 0
5, 84, 0
5, 85, 37
5, 86, 0
5, 87, 37
5, 88, 51
5, 89, 0
5, 90, 0
5, 91, 42
5, 92, 22
5, 93, 39
5, 94, 7
5, 95, 36
5, 96, 32
5, 97, 8
5, 98, 29
5, 99, 48
5, 100, 0
5, 101, 0
5, 102, 0
5, 103, 49
5, 104, 37
5, 105, 17
5, 106, 45
5, 107, 37
5, 108, 49
5, 109, 52
5, 110, 24
5, 111, 41
5, 112, 0
5, 113, 28
5, 114, 53
5, 115, 22
5, 116, 32
5, 117, 16
5, 118, 42
5, 119, 0
5, 120, 0
5, 121, 19
5, 122, 6
5, 123, 21
5, 124, 42
5, 125, 0
5, 126, 31
5, 127, 47
5, 128, 0
5, 129, 0
5, 130, 10
5, 131, 0
5, 132, 46
5, 133, 47
5, 134, 0
5, 135, 0
5, 136, 43
5, 137, 0
5, 138, 0
5, 139, 41
5, 140, 0
5, 141, 0
5, 142, 0
5, 143, 50
5, 144, 44
5, 145, 38
5, 146, 14
5, 147, 48
5, 148, 30
5, 149, 53
5, 150, 0
5, 151, 26
5, 152, 0
5, 153, 15
5, 154, 0
5, 155, 47
5, 156, 44
5, 157, 37
5, 158, 49
5, 159, 0
5, 160, 14
5, 161, 35
5, 162, 51
5, 163, 37
5, 164, 24
5, 165, 50
5, 166, 13
5, 167, 28
5, 168, 38
5, 169, 36
5, 170, 46
5, 171, 0
5, 172, 33
5, 173, 29
5, 174, 0
5, 175, 52
5, 176, 0
5, 177, 27
5, 178, 28
5, 179, 41
5, 180, 0
5, 181, 33
5, 182, 26
5, 183, 37
5, 184, 25
5, 185, 0
5, 186, 45
5, 187, 2
5, 188, 0
5, 189, 15
5, 190, 0
5, 191, 40
5, 192, 0
5, 193, 35
5, 194, 20
5, 195, 39
5, 196, 47
5, 197, 46
5, 198, 7
5, 199, 0
5, 200, 47
5, 201, 23
5, 202, 28
5, 203, 18
5, 204, 13
5, 205, 10
5, 206, 39
5, 207, 30
5, 208, 0
5, 209, 33
5, 210, 18
5, 211, 0
5, 212, 17
5, 213, 38
5, 214, 39
5, 215, 37
5, 216, 42
5, 217, 6
5, 218, 47
5, 219, 24
5, 220, 0
5, 221, 0
5, 222, 26
5, 223, 27
5, 224, 49
5, 225, 44
5, 226, 50
5, 227, 16
5, 228, 0
5, 229, 20
5, 230, 31
5, 231, 24
5, 232, 50
5, 233, 45
5, 234, 23
5, 235, 46
5, 236, 42
5, 237, 39
5, 238, 6
5, 239, 46
5, 240, 0
5, 241, 32
5, 242, 12
5, 243, 37
5, 244, 44
5, 245, 47
5, 246, 41
5, 247, 35
5, 248, 22
5, 249, 41
5, 250, 0
5, 251, 52
5, 252, 35
5, 253, 25
5, 254, 40
5, 255, 36
5, 256, 48
5, 257, 0
5, 258, 0
5, 259, 21
5, 260, 44
5, 261, 24
5, 262, 16
5, 263, 50
5, 264, 0
5, 265, 28
5, 266, 18
5, 267, 1
5, 268, 0
5, 269, 0
5, 270, 20
5, 271, 0
5, 272, 38
5, 273, 18
5, 274, 49
5, 275, 0
5, 276, 0
5, 277, 0
5, 278, 43
5, 279, 0
5, 280, 39
5, 281, 32
5, 282, 0
5, 283, 29
5, 284, 0
5, 285, 0
5, 286, 33
5, 287, 0
5, 288, 0
5, 289, 41
5, 290, 23
5, 291, 0
5, 292, 37
5, 293, 50
5, 294, 0
5, 295, 0
5, 296, 0
5, 297, 26
5, 298, 9
5, 299, 51
5, 300, 49
5, 301, 46
5, 302, 35
5, 303, 34
5, 304, 31
5, 305, 50
5, 306, 16
5, 307, 0
5, 308, 43
5, 309, 44
5, 310, 7
5, 311, 17
5, 312, 40
5, 313, 0
5, 314, 4
5, 315, 0
5, 316, 0
5, 317, 39
5, 318, 0
5, 319, 47
5, 320, 32
5, 321, 19
5, 322, 53
5, 323, 3
5, 324, 18
5, 325, 30
5, 326, 14
5, 327, 53
5, 328, 0
5, 329, 28
5, 330, 48
5, 331, 18
5, 332, 25
5, 333, 0
5, 334, 0
5, 335, 18
5, 336, 41
5, 337, 47
5, 338, 23
5, 339, 0
5, 340, 31
5, 341, 0
5, 342, 20
5, 343, 0
5, 344, 49
5, 345, 12
5, 346, 0
5, 347, 51
5, 348, 0
5, 349, 35
5, 350, 39
5, 351, 34
5, 352, 8
5, 353, 22
5, 354, 33
5, 355, 38
5, 356, 50
5, 357, 0
5, 358, 26
5, 359, 49
5, 360, 0
5, 361, 32
5, 362, 47
5, 363, 27
5, 364, 52
5, 365, 36
5, 366, 40
5, 367, 3
5, 368, 6
5, 369, 24
5, 370, 0
5, 371, 9
5, 372, 42
5, 373, 47
5, 374, 0
5, 375, 41
5, 376, 52
5, 377, 0
5, 378, 18
5, 379, 28
5, 380, 24
5, 381, 44
5, 382, 0
5, 383, 14
5, 384, 53
5, 385, 0
5, 386, 34
5, 387, 0
5, 388, 32
5, 389, 44
5, 390, 44
5, 391, 46
5, 392, 32
5, 393, 0
5, 394, 0
5, 395, 38
5, 396, 14
5, 397, 0
5, 398, 13
5, 399, 47
6, 0, 0
6, 1, 21
6, 2, 23
6, 3, 0
6, 4, 44
6, 5, 47
6, 6, 41
6, 7, 26
6, 8, 19
6, 9, 37
6, 10, 19
6, 11, 35
6, 12, 37
6, 13, 25
6, 14, 9
6, 15, 46
6, 16, 42
6, 17, 4
6, 18, 49
6, 19, 0
6, 20, 44
6, 21, 0
6, 22, 35
6, 23, 24
6, 24, 48
6, 25, 52
6, 26, 11
6, 27, 37
6, 28, 6
6, 29, 50
6, 30, 18
6, 31, 38
6, 32, 51
6, 33, 41
6, 34, 49
6, 35, 0
6, 36, 49
6, 37, 38
6, 38, 30
6, 39, 37
6, 40, 46
6, 41, 0
6, 42, 36
6, 43, 0
6, 44, 39
6, 45, 31
6, 46, 4
6, 47, 31
6, 48, 39
6, 49, 29
6, 50, 0
6, 51, 45
6, 52, 30
6, 53, 0
6, 54, 47
6, 55, 8
6, 56, 47
6, 57, 0
6, 58, 46
6, 59, 37
6, 60, 6
6, 61, 34
6, 62, 49
6, 63, 42
6, 64, 18
6, 65, 45
6, 66, 43
6, 67, 13
6, 68, 43
6, 69, 50
6, 70, 26
6, 71, 51
6, 72, 10
6, 73, 0
6, 74, 36
6, 75, 49
6, 76, 17
6, 77, 32
6, 78, 0
6, 79, 41
6, 80, 0
6, 81, 21
6, 82, 36
6, 83, 26
6, 84, 27
6, 85, 35
6, 86, 44
6, 87, 14
6, 88, 24
6, 89, 37
6, 90, 0
6, 91, 29
6, 92, 0
6, 93, 0
6, 94, 48
6, 95, 41
6, 96, 1
6, 97, 0
6, 98, 0
6, 99, 42
6, 100, 0
6, 101, 44
6, 102, 0
6, 103, 42
6, 104, 46
6, 105, 0
6, 106, 10
6, 107, 30
6, 108, 37
6, 109, 21
6, 110, 11
6, 111, 39
6, 112, 35
6, 113, 50
6, 114, 0
6, 115, 0
6, 116, 42
6, 117, 24
6, 118, 28
6, 119, 43
6, 120, 0
6, 121, 45
6, 122, 34
6, 123, 45
6, 124, 26
6, 125, 49
6, 126, 43
6, 127, 47
6, 128, 0
6, 129, 0
6, 130, 27
6, 131, 48
6, 132, 44
6, 133, 39
6, 134, 36
6, 135, 15
6, 136, 26
6, 137, 52
6, 138, 0
6, 139, 0
6, 140, 0
6, 141, 51
6, 142, 38
6, 143, 45
6, 144, 35
6, 145, 0
6, 146, 0
6, 147, 52
6, 148, 35
6, 149, 54
6, 150, 48
6, 151, 29
6, 152, 49
6, 153, 46
6, 154, 0
6, 155, 0
6, 156, 53
6, 157, 31
6, 158, 46
6, 159, 26
6, 160, 0
6, 161, 45
6, 162, 14
6, 163, 0
6, 164, 49
6, 165, 0
6, 166, 20
6, 167, 26
6, 168, 48
6, 169, 42
6, 170, 41
6, 171, 32
6, 172, 22
6, 173, 43
6, 174, 28
6, 175, 50
6, 176, 39
6, 177, 41
6, 178, 0
6, 179, 0
6, 180, 35
6, 181, 39
6, 182, 15
6, 183, 5
6, 184, 33
6, 185, 28
6, 186, 37
6, 187, 35
6, 188, 8
6, 189, 39
6, 190, 21
6, 191, 4
6, 192, 20
6, 193, 37
6, 194, 45
6, 195, 0
6, 196, 17
6, 197, 50
6, 198, 0
6, 199, 28
6, 200, 52
6, 201, 0
6, 202, 19
6, 203, 39
6, 204, 43
6, 205, 36
6, 206, 44
6, 207, 0
6, 208, 31
6, 209, 46
6, 210, 51
6, 211, 45
6, 212, 18
6, 213, 0
6, 214, 5
6, 215, 4
6, 216, 0
6, 217, 31
6, 218, 35
6, 219, 48
6, 220, 7
6, 221, 49
6, 222, 45
6, 223, 26
6, 224, 31
6, 225, 38
6, 226, 37
6, 227, 28
6, 228, 47
6, 229, 20
6, 230, 25
6, 231, 22
6, 232, 30
6, 233, 40
6, 234, 4
6, 235, 37
6, 236, 0
6, 237, 28
6, 238, 41
6, 239, 21
6, 240, 0
6, 241, 42
6, 242, 45
6, 243, 50
6, 244, 25
6, 245, 42
6, 246, 39
6, 247, 34
6, 248, 38
6, 249, 44
6, 250, 0
6, 251, 52
6, 252, 7
6, 253, 26
6, 254, 27
6, 255, 48
6, 256, 23
6, 257, 0
6, 258, 23
6, 259, 24
6, 260, 51
6, 261, 42
6, 262, 40
6, 263, 5
6, 264, 0
6, 265, 8
6, 266, 43
6, 267, 0
6, 268, 33
6, 269, 43
6, 270, 0
6, 271, 33
6, 272, 9
6, 273, 27
6, 274, 14
6, 275, 44
6, 276, 47
6, 277, 0
6, 278, 39
6, 279, 20
6, 280, 46
6, 281, 38
6, 282, 12
6, 283, 37
6, 284, 46
6, 285, 36
6, 286, 22
6, 287, 53
6, 288, 34
6, 289, 44
6, 290, 11
6, 291, 30
6, 292, 40
6, 293, 23
6, 294, 0
6, 295, 0
6, 296, 19
6, 297, 43
6, 298, 39
6, 299, 6
6, 300, 42
6, 301, 0
6, 302, 50
6, 303, 49
6, 304, 23
6, 305, 0
6, 306, 33
6, 307, 25
6, 308, 39
6, 309, 18
6, 310, 32
6, 311, 0
6, 312, 42
6, 313, 13
6, 314, 35
6, 315, 54
6, 316, 36
6, 317, 21
6, 318, 30
6, 319, 21
6, 320, 37
6, 321, 22
6, 322, 35
6, 323, 45
6, 324, 0
6, 325, 43
6, 326, 0
6, 327, 42
6, 328, 33
6, 329, 52
6, 330, 37
6, 331, 40
6, 332, 45
6, 333, 38
6, 334, 39
6, 335, 26
6, 336, 53
6, 337, 48
6, 338, 31
6, 339, 36
6, 340, 28
6, 341, 36
6, 342, 49
6, 343, 27
6, 344, 49
6, 345, 0
6, 346, 45
6, 347, 0
6, 348, 34
6, 349, 9
6, 350, 41
6, 351, 42
6, 352, 0
6, 353, 0
6, 354, 47
6, 355, 45
6, 356, 35
6, 357, 46
6, 358, 51
6, 359, 52
6, 360, 23
6, 361, 46
6, 362, 37
6, 363, 31
6, 364, 13
6, 365, 43
6, 366, 31
6, 367, 10
6, 368, 55
6, 369, 46
6, 370, 16
6, 371, 47
6, 372, 3
6, 373, 23
6, 374, 34
6, 375, 36
6, 376, 26
6, 377, 2
6, 378, 0
6, 379, 50
6, 380, 33
6, 381, 38
6, 382, 40
6, 383, 13
6, 384, 47
6, 385, 22
6, 386, 3
6, 387, 22
6, 388, 37
6, 389, 33
6, 390, 31
6, 391, 1
6, 392, 0
6, 393, 0
6, 394, 42
6, 395, 13
6, 396, 0
6, 397, 27
6, 398, 47
6, 399, 28
7, 0, 0
7, 1, 52
7, 2, 24
7, 3, 49
7, 4, 48
7, 5, 0
7, 6, 4
7, 7, 0
7, 8, 35
7, 9, 31
7, 10, 40
7, 11, 52
7, 12, 23
7, 13, 16
7, 14, 0
7, 15, 38
7, 16, 53
7, 17, 37
7, 18, 11
7, 19, 39
7, 20, 50
7, 21, 48
7, 22, 1
7, 23, 35
7, 24, 18
7, 25, 11
7, 26, 0
7, 27, 46
7, 28, 8
7, 29, 45
7, 30, 44
7, 31, 48
7, 32, 29
7, 33, 0
7, 34, 13
7, 35, 32
7, 36, 8
7, 37, 0
7, 38, 50
7, 39, 38
7, 40, 42
7, 41, 0
7, 42, 5
7, 43, 0
7, 44, 0
7, 45, 5
7, 46, 0
7, 47, 23
7, 48, 37
7, 49, 0
7, 50, 4
7, 51, 18
7, 52, 38
7, 53, 9
7, 54, 53
7, 55, 47
7, 56, 0
7, 57, 29
7, 58, 40
7, 59, 3
7, 60, 0
7, 61, 27
7, 62, 0
7, 63, 39
7, 64, 0
7, 65, 30
7, 66, 35
7, 67, 49
7, 68, 36
7, 69, 0
7, 70, 15
7, 71, 19
7, 72, 37
7, 73, 38
7, 74, 42
7, 75, 45
7, 76, 35
7, 77, 23
7, 78, 0
7, 79, 27
7, 80, 43
7, 81, 23
7, 82, 53
7, 83, 45
7, 84, 41
7, 85, 2
7, 86, 42
7, 87, 29
7, 88, 49
7, 89, 50
7, 90, 4
7, 91, 6
7, 92, 13
7, 93, 39
7, 94, 8
7, 95, 16
7, 96, 14
7, 97, 37
7, 98, 7
7, 99, 0
7, 100, 34
7, 101, 47
7, 102, 29
7, 103, 35
7, 104, 15
7, 105, 0
7, 106, 32
7, 107, 13
7, 108, 0
7, 109, 13
7, 110, 53
7, 111, 24
7, 112, 32
7, 113, 43
7, 114, 31
7, 115, 40
7, 116, 36
7, 117, 46
7, 118, 31
7, 119, 2
7, 120, 0
7, 121, 35
7, 122, 39
7, 123, 16
7, 124, 0
7, 125, 41
7, 126, 1
7, 127, 45
7, 128, 20
7, 129, 18
7, 130, 43
7, 131, 20
7, 132, 37
7, 133, 34
7, 134, 28
7, 135, 33
7, 136, 0
7, 137, 34
7, 138, 33
7, 139, 49
7, 140, 45
7, 141, 46
7, 142, 46
7, 143, 51
7, 144, 44
7, 145, 0
7, 146, 24
7, 147, 43
7, 148, 19
7, 149, 44
7, 150, 50
7, 151, 36
7, 152, 18
7, 153, 51
7, 154, 25
7, 155, 0
7, 156, 34
7, 157, 0
7, 158, 35
7, 159, 42
7, 160, 37
7, 161, 32
7, 162, 53
7, 163, 0
7, 164, 24
7, 165, 48
7, 166, 46
7, 167, 39
7, 168, 0
7, 169, 32
7, 170, 50
7, 171, 47
7, 172, 11
7, 173, 42
7, 174, 40
7, 175, 53
7, 176, 0
7, 177, 0
7, 178, 23
7, 179, 16
7, 180, 23
7, 181, 31
7, 182, 40
7, 183, 30
7, 184, 46
7, 185, 36
7, 186, 45
7, 187, 19
7, 188, 49
7, 189, 19
7, 190, 23
7, 191, 0
7, 192, 44
7, 193, 29
7, 194, 39
7, 195, 43
7, 196, 25
7, 197, 0
7, 198, 21
7, 199, 47
7, 200, 9
7, 201, 24
7, 202, 18
7, 203, 47
7, 204, 21
7, 205, 38
7, 206, 35
7, 207, 34
7, 208, 20
7, 209, 18
7, 210, 48
7, 211, 52
7, 212, 8
7, 213, 0
7, 214, 0
7, 215, 20
7, 216, 51
7, 217, 45
7, 218, 40
7, 219, 43
7, 220, 45
7, 221, 16
7, 222, 0
7, 223, 50
7, 224, 46
7, 225, 24
7, 226, 0
7, 227, 41
7, 228, 42
7, 229, 38
7, 230, 32
7, 231, 27
7, 232, 27
7, 233, 36
7, 234, 53
7, 235, 41
7, 236, 0
7, 237, 46
7, 238, 32
7, 239, 1
7, 240, 40
7, 241, 21
7, 242, 44
7, 243, 24
7, 244, 22
7, 245, 45
7, 246, 51
7, 247, 39
7, 248, 42
7, 249, 37
7, 250, 29
7, 251, 48
7, 252, 38
7, 253, 47
7, 254, 40
7, 255, 36
7, 256, 25
7, 257, 39
7, 258, 34
7, 259, 21
7, 260, 0
7, 261, 49
7, 262, 0
7, 263, 30
7, 264, 26
7, 265, 33
7, 266, 0
7, 267, 15
7, 268, 0
7, 269, 38
7, 270, 0
7, 271, 49
7, 272, 43
7, 273, 46
7, 274, 0
7, 275, 38
7, 276, 30
7, 277, 32
7, 278, 53
7, 279, 47
7, 280, 37
7, 281, 0
7, 282, 2
7, 283, 31
7, 284, 46
7, 285, 24
7, 286, 51
7, 287, 49
7, 288, 22
7, 289, 21
7, 290, 13
7, 291, 36
7, 292, 0
7, 293, 41
7, 294, 0
7, 295, 26
7, 296, 47
7, 297, 48
7, 298, 42
7, 299, 46
7, 300, 51
7, 301, 20
7, 302, 46
7, 303, 33
7, 304, 0
7, 305, 25
7, 306, 25
7, 307, 20
7, 308, 18
7, 309, 49
7, 310, 0
7, 311, 10
7, 312, 42
7, 313, 45
7, 314, 6
7, 315, 30
7, 316, 51
7, 317, 0
7, 318, 42
7, 319, 17
7, 320, 47
7, 321, 26
7, 322, 34
7, 323, 32
7, 324, 0
7, 325, 10
7, 326, 16
7, 327, 0
7, 328, 20
7, 329, 53
7, 330, 14
7, 331, 26
7, 332, 31
7, 333, 30
7, 334, 46
7, 335, 16
7, 336, 0
7, 337, 0
7, 338, 0
7, 339, 13
7, 340, 43
7, 341, 39
7, 342, 0
7, 343, 0
7, 344, 45
7, 345, 48
7, 346, 0
7, 347, 4
7, 348, 52
7, 349, 34
7, 350, 47
7, 351, 7
7, 352, 46
7, 353, 25
7, 354, 53
7, 355, 45
7, 356, 33
7, 357, 0
7, 358, 31
7, 359, 37
7, 360, 26
7, 361, 0
7, 362, 50
7, 363, 44
7, 364, 27
7, 365, 38
7, 366, 50
7, 367, 30
7, 368, 33
7, 369, 34
7, 370, 44
7, 371, 38
7, 372, 48
7, 373, 34
7, 374, 44
7, 375, 16
7, 376, 51
7, 377, 35
7, 378, 10
7, 379, 32
7, 380, 42
7, 381, 0
7, 382, 18
7, 383, 41
7, 384, 43
7, 385, 45
7, 386, 0
7, 387, 26
7, 388, 17
7, 389, 36
7, 390, 32
7, 391, 47
7, 392, 41
7, 393, 47
7, 394, 22
7, 395, 0
7, 396, 0
7, 397, 40
7, 398, 45
7, 399, 28
8, 0, 0
8, 1, 40
8, 2, 21
8, 3, 47
8, 4, 36
8, 5, 35
8, 6, 0
8, 7, 32
8, 8, 54
8, 9, 0
8, 10, 42
8, 11, 0
8, 12, 43
8, 13, 22
8, 14, 0
8, 15, 0
8, 16, 0
8, 17, 50
8, 18, 20
8, 19, 39
8, 20, 42
8, 21, 0
8, 22, 18
8, 23, 0
8, 24, 49
8, 25, 29
8, 26, 0
8, 27, 0
8, 28, 31
8, 29, 28
8, 30, 44
8, 31, 0
8, 32, 22
8, 33, 0
8, 34, 44
8, 35, 20
8, 36, 22
8, 37, 23
8, 38, 0
8, 39, 48
8, 40, 14
8, 41, 28
8, 42, 32
8, 43, 44
8, 44, 38
8, 45, 52
8, 46, 0
8, 47, 50
8, 48, 0
8, 49, 45
8, 50, 18
8, 51, 41
8, 52, 11
8, 53, 25
8, 54, 31
8, 55, 43
8, 56, 0
8, 57, 6
8, 58, 38
8, 59, 48
8, 60, 24
8, 61, 41
8, 62, 0
8, 63, 0
8, 64, 39
8, 65, 17
8, 66, 4
8, 67, 33
8, 68, 25
8, 69, 0
8, 70, 30
8, 71, 51
8, 72, 0
8, 73, 52
8, 74, 0
8, 75, 23
8, 76, 40
8, 77, 7
8, 78, 39
8, 79, 10
8, 80, 42
8, 81, 21
8, 82, 29
8, 83, 49
8, 84, 46
8, 85, 26
8, 86, 0
8, 87, 0
8, 88, 43
8, 89, 46
8, 90, 0
8, 91, 18
8, 92, 37
8, 93, 0
8, 94, 21
8, 95, 44
8, 96, 29
8, 97, 0
8, 98, 21
8, 99, 44
8, 100, 39
8, 101, 28
8, 102, 0
8, 103, 36
8, 104, 38
8, 105, 50
8, 106, 9
8, 107, 0
8, 108, 11
8, 109, 5
8, 110, 41
8, 111, 47
8, 112, 0
8, 113, 49
8, 114, 34
8, 115, 52
8, 116, 45
8, 117, 42
8, 118, 54
8, 119, 44
8, 120, 0
8, 121, 0
8, 122, 40
8, 123, 15
8, 124, 26
8, 125, 0
8, 126, 0
8, 127, 30
8, 128, 32
8, 129, 0
8, 130, 0
8, 131, 39
8, 132, 0
8, 133, 49
8, 134, 0
8, 135, 2
8, 136, 16
8, 137, 42
8, 138, 7
8, 139, 26
8, 140, 44
8, 141, 14
8, 142, 35
8, 143, 31
8, 144, 0
8, 145, 0
8, 146, 0
8, 147, 33
8, 148, 0
8, 149, 0
8, 150, 36
8, 151, 33
8, 152, 0
8, 153, 43
8, 154, 0
8, 155, 45
8, 156, 45
8, 157, 0
8, 158, 0
8, 159, 28
8, 160, 25
8, 161, 48
8, 162, 47
8, 163, 46
8, 164, 9
8, 165, 34
8, 166, 0
8, 167, 0
8, 168, 0
8, 169, 3
8, 170, 42
8, 171, 44
8, 172, 22
8, 173, 30
8, 174, 0
8, 175, 49
8, 176, 39
8, 177, 41
8, 178, 52
8, 179, 51
8, 180, 10
8, 181, 0
8, 182, 43
8, 183, 0
8, 184, 1
8, 185, 0
8, 186, 41
8, 187, 42
8, 188, 35
8, 189, 38
8, 190, 18
8, 191, 44
8, 192, 51
8, 193, 30
8, 194, 24
8, 195, 29
8, 196, 34
8, 197, 0
8, 198, 2
8, 199, 42
8, 200, 33
8, 201, 0
8, 202, 28
8, 203, 46
8, 204, 44
8, 205, 40
8, 206, 0
8, 207, 14
8, 208, 12
8, 209, 24
8, 210, 14
8, 211, 28
8, 212, 45
8, 213, 38
8, 214, 36
8, 215, 28
8, 216, 36
8, 217, 19
8, 218, 0
8, 219, 45
8, 220, 0
8, 221, 0
8, 222, 7
8, 223, 53
8, 224, 50
8, 225, 6
8, 226, 35
8, 227, 19
8, 228, 0
8, 229, 15
8, 230, 0
8, 231, 16
8, 232, 20
8, 233, 50
8, 234, 18
8, 235, 8
8, 236, 0
8, 237, 0
8, 238, 54
8, 239, 0
8, 240, 30
8, 241, 0
8, 242, 0
8, 243, 29
8, 244, 54
8, 245, 52
8, 246, 13
8, 247, 0
8, 248, 43
8, 249, 47
8, 250, 35
8, 251, 37
8, 252, 7
8, 253, 47
8, 254, 22
8, 255, 20
8, 256, 49
8, 257, 26
8, 258, 31
8, 259, 0
8, 260, 47
8, 261, 44
8, 262, 45
8, 263, 40
8, 264, 0
8, 265, 26
8, 266, 51
8, 267, 0
8, 268, 9
8, 269, 1
8, 270, 48
8, 271, 44
8, 272, 20
8, 273, 44
8, 274, 38
8, 275, 0
8, 276, 27
8, 277, 29
8, 278, 6
8, 279, 0
8, 280, 10
8, 281, 0
8, 282, 6
8, 283, 15
8, 284, 0
8, 285, 0
8, 286, 33
8, 287, 47
8, 288, 42
8, 289, 53
8, 290, 37
8, 291, 45
8, 292, 49
8, 293, 7
8, 294, 0
8, 295, 17
8, 296, 35
8, 297, 45
8, 298, 0
8, 299, 0
8, 300, 0
8, 301, 42
8, 302, 0
8, 303, 41
8, 304, 0
8, 305, 36
8, 306, 2
8, 307, 0
8, 308, 0
8, 309, 41
8, 310, 13
8, 311, 0
8, 312, 48
8, 313, 25
8, 314, 50
8, 315, 25
8, 316, 12
8, 317, 33
8, 318, 36
8, 319, 20
8, 320, 34
8, 321, 39
8, 322, 0
8, 323, 52
8, 324, 40
8, 325, 28
8, 326, 20
8, 327, 0
8, 328, 23
8, 329, 0
8, 330, 0
8, 331, 33
8, 332, 0
8, 333, 11
8, 334, 52
8, 335, 0
8, 336, 50
8, 337, 32
8, 338, 23
8, 339, 51
8, 340, 44
8, 341, 24
8, 342, 44
8, 343, 0
8, 344, 7
8, 345, 0
8, 346, 41
8, 347, 31
8, 348, 0
8, 349, 39
8, 350, 35
8, 351, 0
8, 352, 0
8, 353, 31
8, 354, 21
8, 355, 39
8, 356, 9
8, 357, 27
8, 358, 16
8, 359, 44
8, 360, 25
8, 361, 45
8, 362, 41
8, 363, 0
8, 364, 0
8, 365, 49
8, 366, 0
8, 367, 18
8, 368, 0
8, 369, 0
8, 370, 42
8, 371, 34
8, 372, 17
8, 373, 0
8, 374, 49
8, 375, 39
8, 376, 31
8, 377, 14
8, 378, 46
8, 379, 20
8, 380, 12
8, 381, 0
8, 382, 0
8, 383, 38
8, 384, 12
8, 385, 36
8, 386, 7
8, 387, 51
8, 388, 0
8, 389, 0
8, 390, 50
8, 391, 0
8, 392, 31
8, 393, 44
8, 394, 17
8, 395, 53
8, 396, 23
8, 397, 34
8, 398, 47
8, 399, 26
9, 0, 0
9, 1, 44
9, 2, 40
9, 3, 42
9, 4, 3
9, 5, 15
9, 6, 26
9, 7, 5
9, 8, 47
9, 9, 44
9, 10, 20
9, 11, 25
9, 12, 28
9, 13, 51
9, 14, 20
9, 15, 0
9, 16, 0
9, 17, 0
9, 18, 52
9, 19, 39
9, 20, 33
9, 21, 40
9, 22, 45
9, 23, 39
9, 24, 37
9, 25, 45
9, 26, 21
9, 27, 14
9, 28, 50
9, 29, 0
9, 30, 0
9, 31, 38
9, 32, 43
9, 33, 29
9, 34, 36
9, 35, 29
9, 36, 50
9, 37, 0
9, 38, 26
9, 39, 35
9, 40, 45
9, 41, 27
9, 42, 42
9, 43, 0
9, 44, 47
9, 45, 5
9, 46, 27
9, 47, 46
9, 48, 13
9, 49, 8
9, 50, 43
9, 51, 4
9, 52, 42
9, 53, 18
9, 54, 26
9, 55, 5
9, 56, 48
9, 57, 37
9, 58, 0
9, 59, 46
9, 60, 0
9, 61, 35
9, 62, 40
9, 63, 33
9, 64, 49
9, 65, 46
9, 66, 29
9, 67, 26
9, 68, 37
9, 69, 21
9, 70, 41
9, 71, 54
9, 72, 42
9, 73, 50
9, 74, 0
9, 75, 29
9, 76, 6
9, 77, 34
9, 78, 39
9, 79, 48
9, 80, 40
9, 81, 0
9, 82, 11
9, 83, 35
9, 84, 36
9, 85, 22
9, 86, 51
9, 87, 42
9, 88, 9
9, 89, 45
9, 90, 0
9, 91, 41
9, 92, 34
9, 93, 30
9, 94, 1
9, 95, 14
9, 96, 19
9, 97, 41
9, 98, 0
9, 99, 40
9, 100, 31
9, 101, 11
9, 102, 0
9, 103, 42
9, 104, 46
9, 105, 27
9, 106, 50
9, 107, 0
9, 108, 51
9, 109, 30
9, 110, 39
9, 111, 43
9, 112, 47
9, 113, 24
9, 114, 52
9, 115, 0
9, 116, 1
9, 117, 6
9, 118, 0
9, 119, 34
9, 120, 43
9, 121, 29
9, 122, 27
9, 123, 49
9, 124, 37
9, 125, 31
9, 126, 14
9, 127, 0
9, 128, 52
9, 129, 12
9, 130, 15
9, 131, 36
9, 132, 50
9, 133, 17
9, 134, 0
9, 135, 23
9, 136, 44
9, 137, 51
9, 138, 16
9, 139, 36
9, 140, 30
9, 141, 16
9, 142, 38
9, 143, 46
9, 144, 36
9, 145, 35
9, 146, 20
9, 147, 49
9, 148, 45
9, 149, 8
9, 150, 20
9, 151, 0
9, 152, 39
9, 153, 33
9, 154, 48
9, 155, 49
9, 156, 37
9, 157, 0
9, 158, 41
9, 159, 0
9, 160, 0
9, 161, 29
9, 162, 3
9, 163, 26
9, 164, 11
9, 165, 51
9, 166, 45
9, 167, 42
9, 168, 35
9, 169, 41
9, 170, 9
9, 171, 32
9, 172, 46
9, 173, 50
9, 174, 5
9, 175, 45
9, 176, 35
9, 177, 0
9, 178, 26
9, 179, 43
9, 180, 47
9, 181, 30
9, 182, 49
9, 183, 38
9, 184, 0
9, 185, 45
9, 186, 20
9, 187, 34
9, 188, 0
9, 189, 31
9, 190, 39
9, 191, 46
9, 192, 0
9, 193, 48
9, 194, 0
9, 195, 42
9, 196, 8
9, 197, 9
9, 198, 8
9, 199, 50
9, 200, 47
9, 201, 35
9, 202, 0
9, 203, 26
9, 204, 37
9, 205, 22
9, 206, 0
9, 207, 15
9, 208, 29
9, 209, 0
9, 210, 39
9, 211, 49
9, 212, 29
9, 213, 41
9, 214, 43
9, 215, 25
9, 216, 36
9, 217, 29
9, 218, 48
9, 219, 47
9, 220, 40
9, 221, 13
9, 222, 19
9, 223, 0
9, 224, 46
9, 225, 5
9, 226, 0
9, 227, 54
9, 228, 44
9, 229, 49
9, 230, 35
9, 231, 0
9, 232, 26
9, 233, 41
9, 234, 34
9, 235, 52
9, 236, 35
9, 237, 3
9, 238, 48
9, 239, 32
9, 240, 44
9, 241, 37
9, 242, 17
9, 243, 0
9, 244, 32
9, 245, 11
9, 246, 28
9, 247, 1
9, 248, 51
9, 249, 46
9, 250, 0
9, 251, 0
9, 252, 45
9, 253, 48
9, 254, 38
9, 255, 14
9, 256, 30
9, 257, 16
9, 258, 44
9, 259, 28
9, 260, 44
9, 261, 0
9, 262, 21
9, 263, 29
9, 264, 38
9, 265, 33
9, 266, 4
9, 267, 19
9, 268, 40
9, 269, 28
9, 270, 46
9, 271, 0
9, 272, 37
9, 273, 24
9, 274, 13
9, 275, 42
9, 276, 0
9, 277, 32
9, 278, 40
9, 279, 22
9, 280, 43
9, 281, 0
9, 282, 25
9, 283, 7
9, 284, 36
9, 285, 0
9, 286, 33
9, 287, 14
9, 288, 7
9, 289, 48
9, 290, 34
9, 291, 0
9, 292, 18
9, 293, 50
9, 294, 0
9, 295, 47
9, 296, 45
9, 297, 45
9, 298, 36
9, 299, 37
9, 300, 0
9, 301, 31
9, 302, 11
9, 303, 33
9, 304, 34
9, 305, 0
9, 306, 47
9, 307, 39
9, 308, 33
9, 309, 0
9, 310, 39
9, 311, 46
9, 312, 36
9, 313, 31
9, 314, 0
9, 315, 20
9, 316, 18
9, 317, 0
9, 318, 50
9, 319, 45
9, 320, 44
9, 321, 51
9, 322, 44
9, 323, 37
9, 324, 30
9, 325, 37
9, 326, 42
9, 327, 45
9, 328, 24
9, 329, 43
9, 330, 42
9, 331, 43
9, 332, 33
9, 333, 13
9, 334, 0
9, 335, 36
9, 336, 39
9, 337, 36
9, 338, 43
9, 339, 7
9, 340, 48
9, 341, 21
9, 342, 34
9, 343, 40
9, 344, 25
9, 345, 0
9, 346, 0
9, 347, 43
9, 348, 0
9, 349, 25
9, 350, 7
9, 351, 50
9, 352, 45
9, 353, 40
9, 354, 0
9, 355, 26
9, 356, 43
9, 357, 0
9, 358, 51
9, 359, 0
9, 360, 42
9, 361, 29
9, 362, 42
9, 363, 48
9, 364, 40
9, 365, 0
9, 366, 45
9, 367, 9
9, 368, 10
9, 369, 48
9, 370, 51
9, 371, 47
9, 372, 0
9, 373, 0
9, 374, 45
9, 375, 27
9, 376, 43
9, 377, 0
9, 378, 40
9, 379, 17
9, 380, 39
9, 381, 46
9, 382, 0
9, 383, 0
9, 384, 26
9, 385, 41
9, 386, 6
9, 387, 41
9, 388, 2
9, 389, 29
9, 390, 42
9, 391, 28
9, 392, 1
9, 393, 0
9, 394, 46
9, 395, 10
9, 396, 45
9, 397, 31
9, 398, 51
9, 399, 0
10, 0, 0
10, 1, 28
10, 2, 28
10, 3, 37
10, 4, 42
10, 5, 19
10, 6, 48
10, 7, 45
10, 8, 36
10, 9, 43
10, 10, 32
10, 11, 49
10, 12, 47
10, 13, 46
10, 14, 12
10, 15, 0
10, 16, 23
10, 17, 6
10, 18, 42
10, 19, 0
10, 20, 31
10, 21, 29
10, 22, 40
10, 23, 53
10, 24, 44
10, 25, 42
10, 26, 0
10, 27, 0
10, 28, 11
10, 29, 17
10, 30, 32
10, 31, 0
10, 32, 31
10, 33, 2
10, 34, 0
10, 35, 0
10, 36, 4
10, 37, 0
10, 38, 0
10, 39, 17
10, 40, 32
10, 41, 9
10, 42, 17
10, 43, 0
10, 44, 28
10, 45, 35
10, 46, 0
10, 47, 26
10, 48, 0
10, 49, 47
10, 50, 0
10, 51, 36
10, 52, 46
10, 53, 37
10, 54, 54
10, 55, 0
10, 56, 32
10, 57, 21
10, 58, 51
10, 59, 10
10, 60, 42
10, 61, 42
10, 62, 33
10, 63, 0
10, 64, 45
10, 65, 46
10, 66, 0
10, 67, 44
10, 68, 24
10, 69, 8
10, 70, 35
10, 71, 0
10, 72, 0
10, 73, 20
10, 74, 18
10, 75, 33
10, 76, 49
10, 77, 0
10, 78, 43
10, 79, 0
10, 80, 35
10, 81, 28
10, 82, 18
10, 83, 52
10, 84, 0
10, 85, 38
10, 86, 0
10, 87, 43
10, 88, 42
10, 89, 31
10, 90, 43
10, 91, 25
10, 92, 19
10, 93, 0
10, 94, 35
10, 95, 22
10, 96, 38
10, 97, 50
10, 98, 13
10, 99, 18
10, 100, 26
10, 101, 9
10, 102, 32
10, 103, 19
10, 104, 48
10, 105, 33
10, 106, 40
10, 107, 31
10, 108, 0
10, 109, 39
10, 110, 48
10, 111, 25
10, 112, 0
10, 113, 44
10, 114, 20
10, 115, 32
10, 116, 0
10, 117, 0
10, 118, 24
10, 119, 43
10, 120, 45
10, 121, 36
10, 122, 4
10, 123, 12
10, 124, 0
10, 125, 54
10, 126, 41
10, 127, 18
10, 128, 46
10, 129, 19
10, 130, 9
10, 131, 14
10, 132, 0
10, 133, 21
10, 134, 0
10, 135, 11
10, 136, 25
10, 137, 7
10, 138, 51
10, 139, 0
10, 140, 0
10, 141, 34
10, 142, 28
10, 143, 49
10, 144, 40
10, 145, 44
10, 146, 0
10, 147, 0
10, 148, 27
10, 149, 42
10, 150, 39
10, 151, 24
10, 152, 27
10, 153, 30
10, 154, 13
10, 155, 25
10, 156, 6
10, 157, 0
10, 158, 50
10, 159, 0
10, 160, 5
10, 161, 33
10, 162, 39
10, 163, 20
10, 164, 48
10, 165, 36
10, 166, 0
10, 167, 34
10, 168, 0
10, 169, 45
10, 170, 0
10, 171, 0
10, 172, 0
10, 173, 48
10, 174, 16
10, 175, 0
10, 176, 47
10, 177, 18
10, 178, 0
10, 179, 39
10, 180, 0
10, 181, 53
10, 182, 37
10, 183, 12
10, 184, 35
10, 185, 43
10, 186, 0
10, 187, 0
10, 188, 33
10, 189, 16
10, 190, 0
10, 191, 52
10, 192, 33
10, 193, 52
10, 194, 44
10, 195, 7
10, 196, 27
10, 197, 50
10, 198, 0
10, 199, 0
10, 200, 44
10, 201, 14
10, 202, 0
10, 203, 54
10, 204, 39
10, 205, 23
10, 206, 38
10, 207, 0
10, 208, 49
10, 209, 36
10, 210, 35
10, 211, 36
10, 212, 0
10, 213, 0
10, 214, 26
10, 215, 55
10, 216, 40
10, 217, 49
10, 218, 24
10, 219, 0
10, 220, 0
10, 221, 4
10, 222, 0
10, 223, 40
10, 224, 46
10, 225, 42
10, 226, 42
10, 227, 53
10, 228, 0
10, 229, 51
10, 230, 30
10, 231, 0
10, 232, 14
10, 233, 32
10, 234, 0
10, 235, 37
10, 236, 19
10, 237, 28
10, 238, 10
10, 239, 0
10, 240, 25
10, 241, 39
10, 242, 14
10, 243, 20
10, 244, 37
10, 245, 28
10, 246, 11
10, 247, 3
10, 248, 15
10, 249, 47
10, 250, 0
10, 251, 47
10, 252, 0
10, 253, 28
10, 254, 26
10, 255, 18
10, 256, 41
10, 257, 43
10, 258, 20
10, 259, 38
10, 260, 46
10, 261, 22
10, 262, 39
10, 263, 35
10, 264, 0
10, 265, 45
10, 266, 9
10, 267, 23
10, 268, 0
10, 269, 34
10, 270, 0
10, 271, 0
10, 272, 54
10, 273, 26
10, 274, 28
10, 275, 0
10, 276, 0
10, 277, 19
10, 278, 42
10, 279, 0
10, 280, 26
10, 281, 0
10, 282, 48
10, 283, 33
10, 284, 34
10, 285, 24
10, 286, 42
10, 287, 30
10, 288, 49
10, 289, 51
10, 290, 0
10, 291, 44
10, 292, 29
10, 293, 47
10, 294, 37
10, 295, 9
10, 296, 13
10, 297, 10
10, 298, 0
10, 299, 25
10, 300, 40
10, 301, 11
10, 302, 36
10, 303, 0
10, 304, 31
10, 305, 50
10, 306, 18
10, 307, 0
10, 308, 17
10, 309, 43
10, 310, 0
10, 311, 0
10, 312, 52
10, 313, 0
10, 314, 30
10, 315, 0
10, 316, 14
10, 317, 0
10, 318, 35
10, 319, 0
10, 320, 0
10, 321, 19
10, 322, 0
10, 323, 0
10, 324, 0
10, 325, 28
10, 326, 0
10, 327, 6
10, 328, 7
10, 329, 33
10, 330, 49
10, 331, 9
10, 332, 22
10, 333, 0
10, 334, 47
10, 335, 35
10, 336, 45
10, 337, 4
10, 338, 51
10, 339, 0
10, 340, 38
10, 341, 35
10, 342, 0
10, 343, 26
10, 344, 21
10, 345, 0
10, 346, 49
10, 347, 29
10, 348, 42
10, 349, 41
10, 350, 27
10, 351, 46
10, 352, 51
10, 353, 0
10, 354, 39
10, 355, 6
10, 356, 0
10, 357, 40
10, 358, 44
10, 359, 2
10, 360, 53
10, 361, 4
10, 362, 44
10, 363, 32
10, 364, 36
10, 365, 20
10, 366, 0
10, 367, 0
10, 368, 0
10, 369, 0
10, 370, 24
10, 371, 33
10, 372, 14
10, 373, 18
10, 374, 25
10, 375, 4
10, 376, 0
10, 377, 39
10, 378, 42
10, 379, 32
10, 380, 0
10, 381, 9
10, 382, 0
10, 383, 49
10, 384, 0
10, 385, 47
10, 386, 46
10, 387, 42
10, 388, 44
10, 389, 38
10, 390, 55
10, 391, 0
10, 392, 52
10, 393, 14
10, 394, 7
10, 395, 30
10, 396, 26
10, 397, 45
10, 398, 45
10, 399, 2
11, 0, 0
11, 1, 43
11, 2, 35
11, 3, 39
11, 4, 0
11, 5, 0
11, 6, 44
11, 7, 19
11, 8, 51
11, 9, 7
11, 10, 24
11, 11, 13
11, 12, 15
11, 13, 41
11, 14, 42
11, 15, 52
11, 16, 39
11, 17, 45
11, 18, 47
11, 19, 43
11, 20, 47
11, 21, 37
11, 22, 24
11, 23, 6
11, 24, 51
11, 25, 12
11, 26, 0
11, 27, 25
11, 28, 32
11, 29, 45
11, 30, 18
11, 31, 35
11, 32, 37
11, 33, 24
11, 34, 52
11, 35, 29
11, 36, 0
11, 37, 43
11, 38, 34
11, 39, 41
11, 40, 55
11, 41, 14
11, 42, 46
11, 43, 26
11, 44, 41
11, 45, 11
11, 46, 4
11, 47, 34
11, 48, 41
11, 49, 5
11, 50, 19
11, 51, 44
11, 52, 47
11, 53, 0
11, 54, 27
11, 55, 39
11, 56, 25
11, 57, 46
11, 58, 29
11, 59, 24
11, 60, 38
11, 61, 49
11, 62, 0
11, 63, 28
11, 64, 31
11, 65, 30
11, 66, 44
11, 67, 39
11, 68, 51
11, 69, 43
11, 70, 46
11, 71, 7
11, 72, 40
11, 73, 44
11, 74, 6
11, 75, 38
11, 76, 5
11, 77, 50
11, 78, 40
11, 79, 13
11, 80, 48
11, 81, 4
11, 82, 42
11, 83, 21
11, 84, 32
11, 85, 49
11, 86, 44
11, 87, 53
11, 88, 46
11, 89, 1
11, 90, 40
11, 91, 3
11, 92, 43
11, 93, 5
11, 94, 0
11, 95, 45
11, 96, 50
11, 97, 0
11, 98, 37
11, 99, 20
11, 100, 20
11, 101, 0
11, 102, 4
11, 103, 41
11, 104, 43
11, 105, 23
11, 106, 40
11, 107, 47
11, 108, 38
11, 109, 23
11, 110, 0
11, 111, 42
11, 112, 14
11, 113, 43
11, 114, 34
11, 115, 0
11, 116, 23
11, 117, 0
11, 118, 0
11, 119, 16
11, 120, 19
11, 121, 49
11, 122, 46
11, 123, 7
11, 124, 44
11, 125, 30
11, 126, 50
11, 127, 19
11, 128, 13
11, 129, 0
11, 130, 29
11, 131, 41
11, 132, 22
11, 133, 51
11, 134, 48
11, 135, 42
11, 136, 50
11, 137, 39
11, 138, 0
11, 139, 17
11, 140, 0
11, 141, 25
11, 142, 40
11, 143, 15
11, 144, 26
11, 145, 44
11, 146, 51
11, 147, 40
11, 148, 35
11, 149, 1
11, 150, 44
11, 151, 29
11, 152, 12
11, 153, 41
11, 154, 17
11, 155, 30
11, 156, 39
11, 157, 47
11, 158, 13
11, 159, 39
11, 160, 34
11, 161, 26
11, 162, 2
11, 163, 24
11, 164, 42
11, 165, 1
11, 166, 32
11, 167, 49
11, 168, 7
11, 169, 0
11, 170, 39
11, 171, 0
11, 172, 29
11, 173, 17
11, 174, 32
11, 175, 37
11, 176, 5
11, 177, 43
11, 178, 38
11, 179, 15
11, 180, 13
11, 181, 21
11, 182, 50
11, 183, 33
11, 184, 0
11, 185, 40
11, 186, 33
11, 187, 45
11, 188, 48
11, 189, 7
11, 190, 0
11, 191, 3
11, 192, 46
11, 193, 16
11, 194, 50
11, 195, 26
11, 196, 40
11, 197, 24
11, 198, 0
11, 199, 23
11, 200, 45
11, 201, 11
11, 202, 39
11, 203, 35
11, 204, 52
11, 205, 34
11, 206, 36
11, 207, 1
11, 208, 26
11, 209, 34
11, 210, 3
11, 211, 22
11, 212, 53
11, 213, 36
11, 214, 48
11, 215, 29
11, 216, 44
11, 217, 16
11, 218, 28
11, 219, 44
11, 220, 16
11, 221, 31
11, 222, 0
11, 223, 49
11, 224, 14
11, 225, 32
11, 226, 42
11, 227, 0
11, 228, 0
11, 229, 0
11, 230, 27
11, 231, 49
11, 232, 19
11, 233, 43
11, 234, 22
11, 235, 0
11, 236, 35
11, 237, 49
11, 238, 27
11, 239, 0
11, 240, 46
11, 241, 45
11, 242, 49
11, 243, 33
11, 244, 22
11, 245, 43
11, 246, 44
11, 247, 46
11, 248, 0
11, 249, 42
11, 250, 41
11, 251, 53
11, 252, 36
11, 253, 47
11, 254, 47
11, 255, 41
11, 256, 41
11, 257, 20
11, 258, 47
11, 259, 0
11, 260, 0
11, 261, 41
11, 262, 0
11, 263, 34
11, 264, 40
11, 265, 0
11, 266, 0
11, 267, 40
11, 268, 45
11, 269, 35
11, 270, 4
11, 271, 43
11, 272, 37
11, 273, 42
11, 274, 23
11, 275, 35
11, 276, 0
11, 277, 26
11, 278, 51
11, 279, 19
11, 280, 50
11, 281, 38
11, 282, 50
11, 283, 40
11, 284, 43
11, 285, 45
11, 286, 47
11, 287, 3
11, 288, 5
11, 289, 43
11, 290, 38
11, 291, 50
11, 292, 36
11, 293, 29
11, 294, 0
11, 295, 14
11, 296, 33
11, 297, 19
11, 298, 35
11, 299, 47
11, 300, 43
11, 301, 35
11, 302, 26
11, 303, 0
11, 304, 0
11, 305, 45
11, 306, 35
11, 307, 41
11, 308, 48
11, 309, 44
11, 310, 44
11, 311, 25
11, 312, 50
11, 313, 23
11, 314, 0
11, 315, 44
11, 316, 37
11, 317, 41
11, 318, 46
11, 319, 26
11, 320, 24
11, 321, 33
11, 322, 5
11, 323, 52
11, 324, 0
11, 325, 30
11, 326, 42
11, 327, 40
11, 328, 21
11, 329, 36
11, 330, 38
11, 331, 14
11, 332, 45
11, 333, 49
11, 334, 47
11, 335, 15
11, 336, 26
11, 337, 0
11, 338, 40
11, 339, 14
11, 340, 32
11, 341, 37
11, 342, 51
11, 343, 24
11, 344, 35
11, 345, 1
11, 346, 34
11, 347, 0
11, 348, 0
11, 349, 7
11, 350, 2
11, 351, 24
11, 352, 51
11, 353, 50
11, 354, 42
11, 355, 31
11, 356, 37
11, 357, 0
11, 358, 31
11, 359, 25
11, 360, 0
11, 361, 34
11, 362, 7
11, 363, 52
11, 364, 0
11, 365, 0
11, 366, 47
11, 367, 39
11, 368, 0
11, 369, 40
11, 370, 28
11, 371, 0
11, 372, 35
11, 373, 52
11, 374, 16
11, 375, 37
11, 376, 26
11, 377, 4
11, 378, 47
11, 379, 0
11, 380, 46
11, 381, 32
11, 382, 48
11, 383, 45
11, 384, 35
11, 385, 29
11, 386, 30
11, 387, 36
11, 388, 10
11, 389, 47
11, 390, 29
11, 391, 55
11, 392, 0
11, 393, 20
11, 394, 44
11, 395, 48
11, 396, 46
11, 397, 0
11, 398, 7
11, 399, 33
12, 0, 0
12, 1, 7
12, 2, 0
12, 3, 0
12, 4, 46
12, 5, 44
12, 6, 0
12, 7, 0
12, 8, 0
12, 9, 31
12, 10, 45
12, 11, 16
12, 12, 48
12, 13, 6
12, 14, 33
12, 15, 4
12, 16, 35
12, 17, 0
12, 18, 7
12, 19, 49
12, 20, 29
12, 21, 12
12, 22, 0
12, 23, 44
12, 24, 22
12, 25, 0
12, 26, 0
12, 27, 9
12, 28, 0
12, 29, 35
12, 30, 34
12, 31, 0
12, 32, 44
12, 33, 26
12, 34, 0
12, 35, 0
12, 36, 26
12, 37, 2
12, 38, 0
12, 39, 8
12, 40, 0
12, 41, 0
12, 42, 42
12, 43, 10
12, 44, 0
12, 45, 0
12, 46, 0
12, 47, 46
12, 48, 6
12, 49, 41
12, 50, 0
12, 51, 53
12, 52, 19
12, 53, 31
12, 54, 34
12, 55, 0
12, 56, 42
12, 57, 33
12, 58, 45
12, 59, 0
12, 60, 43
12, 61, 21
12, 62, 53
12, 63, 28
12, 64, 43
12, 65, 40
12, 66, 0
12, 67, 36
12, 68, 48
12, 69, 30
12, 70, 20
12, 71, 39
12, 72, 32
12, 73, 44
12, 74, 12
12, 75, 43
12, 76, 0
12, 77, 0
12, 78, 19
12, 79, 13
12, 80, 0
12, 81, 6
12, 82, 18
12, 83, 51
12, 84, 0
12, 85, 33
12, 86, 0
12, 87, 41
12, 88, 0
12, 89, 0
12, 90, 36
12, 91, 15
12, 92, 35
12, 93, 42
12, 94, 28
12, 95, 34
12, 96, 28
12, 97, 50
12, 98, 53
12, 99, 48
12, 100, 16
12, 101, 0
12, 102, 11
12, 103, 22
12, 104, 0
12, 105, 29
12, 106, 0
12, 107, 0
12, 108, 45
12, 109, 39
12, 110, 40
12, 111, 9
12, 112, 47
12, 113, 4
12, 114, 12
12, 115, 5
12, 116, 41
12, 117, 44
12, 118, 49
12, 119, 46
12, 120, 0
12, 121, 0
12, 122, 30
12, 123, 49
12, 124, 43
12, 125, 0
12, 126, 42
12, 127, 27
12, 128, 33
12, 129, 50
12, 130, 31
12, 131, 0
12, 132, 44
12, 133, 18
12, 134, 0
12, 135, 52
12, 136, 45
12, 137, 0
12, 138, 45
12, 139, 26
12, 140, 3
12, 141, 0
12, 142, 39
12, 143, 37
12, 144, 0
12, 145, 32
12, 146, 48
12, 147, 36
12, 148, 0
12, 149, 6
12, 150, 0
12, 151, 19
12, 152, 20
12, 153, 46
12, 154, 0
12, 155, 46
12, 156, 24
12, 157, 0
12, 158, 17
12, 159, 1
12, 160, 29
12, 161, 0
12, 162, 27
12, 163, 0
12, 164, 0
12, 165, 40
12, 166, 16
12, 167, 0
12, 168, 37
12, 169, 23
12, 170, 51
12, 171, 21
12, 172, 0
12, 173, 48
12, 174, 11
12, 175, 16
12, 176, 0
12, 177, 0
12, 178, 31
12, 179, 47
12, 180, 0
12, 181, 0
12, 182, 3
12, 183, 7
12, 184, 35
12, 185, 10
12, 186, 0
12, 187, 25
12, 188, 0
12, 189, 50
12, 190, 0
12, 191, 4
12, 192, 0
12, 193, 38
12, 194, 28
12, 195, 9
12, 196, 0
12, 197, 34
12, 198, 0
12, 199, 37
12, 200, 42
12, 201, 30
12, 202, 0
12, 203, 0
12, 204, 19
12, 205, 13
12, 206, 0
12, 207, 0
12, 208, 44
12, 209, 39
12, 210, 49
12, 211, 32
12, 212, 10
12, 213, 0
12, 214, 30
12, 215, 0
12, 216, 27
12, 217, 24
12, 218, 31
12, 219, 23
12, 220, 0
12, 221, 32
12, 222, 2
12, 223, 6
12, 224, 0
12, 225, 36
12, 226, 39
12, 227, 37
12, 228, 17
12, 229, 28
12, 230, 37
12, 231, 0
12, 232, 42
12, 233, 22
12, 234, 24
12, 235, 45
12, 236, 0
12, 237, 0
12, 238, 47
12, 239, 41
12, 240, 16
12, 241, 25
12, 242, 0
12, 243, 43
12, 244, 47
12, 245, 9
12, 246, 0
12, 247, 0
12, 248, 45
12, 249, 50
12, 250, 0
12, 251, 0
12, 252, 27
12, 253, 24
12, 254, 36
12, 255, 33
12, 256, 52
12, 257, 53
12, 258, 34
12, 259, 6
12, 260, 19
12, 261, 0
12, 262, 0
12, 263, 3
12, 264, 40
12, 265, 13
12, 266, 18
12, 267, 41
12, 268, 0
12, 269, 35
12, 270, 7
12, 271, 0
12, 272, 0
12, 273, 49
12, 274, 24
12, 275, 45
12, 276, 21
12, 277, 0
12, 278, 0
12, 279, 0
12, 280, 32
12, 281, 14
12, 282, 41
12, 283, 0
12, 284, 51
12, 285, 0
12, 286, 0
12, 287, 0
12, 288, 0
12, 289, 37
12, 290, 0
12, 291, 0
12, 292, 42
12, 293, 46
12, 294, 0
12, 295, 0
12, 296, 40
12, 297, 25
12, 298, 39
12, 299, 33
12, 300, 20
12, 301, 27
12, 302, 4
12, 303, 2
12, 304, 4
12, 305, 0
12, 306, 0
12, 307, 48
12, 308, 0
12, 309, 30
12, 310, 0
12, 311, 0
12, 312, 16
12, 313, 36
12, 314, 46
12, 315, 42
12, 316, 17
12, 317, 47
12, 318, 26
12, 319, 47
12, 320, 50
12, 321, 0
12, 322, 4
12, 323, 1
12, 324, 19
12, 325, 0
12, 326, 44
12, 327, 40
12, 328, 31
12, 329, 43
12, 330, 0
12, 331, 0
12, 332, 26
12, 333, 42
12, 334, 50
12, 335, 5
12, 336, 7
12, 337, 0
12, 338, 41
12, 339, 29
12, 340, 21
12, 341, 16
12, 342, 0
12, 343, 0
12, 344, 37
12, 345, 0
12, 346, 22
12, 347, 0
12, 348, 43
12, 349, 46
12, 350, 0
12, 351, 0
12, 352, 5
12, 353, 24
12, 354, 36
12, 355, 0
12, 356, 53
12, 357, 33
12, 358, 0
12, 359, 0
12, 360, 37
12, 361, 32
12, 362, 2
12, 363, 24
12, 364, 38
12, 365, 4
12, 366, 51
12, 367, 0
12, 368, 4
12, 369, 48
12, 370, 0
12, 371, 8
12, 372, 33
12, 373, 25
12, 374, 44
12, 375, 0
12, 376, 0
12, 377, 0
12, 378, 42
12, 379, 34
12, 380, 31
12, 381, 9
12, 382, 0
12, 383, 0
12, 384, 0
12, 385, 0
12, 386, 52
12, 387, 0
12, 388, 43
12, 389, 0
12, 390, 26
12, 391, 0
12, 392, 33
12, 393, 19
12, 394, 37
12, 395, 0
12, 396, 32
12, 397, 0
12, 398, 47
12, 399, 0
13, 0, 0
13, 1, 0
13, 2, 0
13, 3, 33
13, 4, 39
13, 5, 27
13, 6, 50
13, 7, 0
13, 8, 35
13, 9, 21
13, 10, 48
13, 11, 36
13, 12, 35
13, 13, 17
13, 14, 9
13, 15, 0
13, 16, 41
13, 17, 0
13, 18, 37
13, 19, 0
13, 20, 27
13, 21, 22
13, 22, 39
13, 23, 0
13, 24, 37
13, 25, 35
13, 26, 0
13, 27, 0
13, 28, 0
13, 29, 46
13, 30, 44
13, 31, 0
13, 32, 40
13, 33, 11
13, 34, 37
13, 35, 31
13, 36, 41
13, 37, 7
13, 38, 25
13, 39, 0
13, 40, 48
13, 41, 18
13, 42, 20
13, 43, 19
13, 44, 23
13, 45, 15
13, 46, 39
13, 47, 34
13, 48, 0
13, 49, 0
13, 50, 0
13, 51, 30
13, 52, 0
13, 53, 46
13, 54, 0
13, 55, 52
13, 56, 0
13, 57, 14
13, 58, 0
13, 59, 34
13, 60, 47
13, 61, 8
13, 62, 52
13, 63, 23
13, 64, 0
13, 65, 19
13, 66, 0
13, 67, 2
13, 68, 45
13, 69, 42
13, 70, 21
13, 71, 0
13, 72, 28
13, 73, 18
13, 74, 23
13, 75, 35
13, 76, 33
13, 77, 0
13, 78, 0
13, 79, 0
13, 80, 31
13, 81, 36
13, 82, 48
13, 83, 0
13, 84, 18
13, 85, 53
13, 86, 30
13, 87, 51
13, 88, 0
13, 89, 46
13, 90, 37
13, 91, 48
13, 92, 41
13, 93, 35
13, 94, 47
13, 95, 49
13, 96, 9
13, 97, 46
13, 98, 20
13, 99, 50
13, 100, 18
13, 101, 52
13, 102, 43
13, 103, 2
13, 104, 8
13, 105, 50
13, 106, 52
13, 107, 19
13, 108, 44
13, 109, 15
13, 110, 42
13, 111, 38
13, 112, 48
13, 113, 45
13, 114, 28
13, 115, 39
13, 116, 49
13, 117, 35
13, 118, 30
13, 119, 40
13, 120, 37
13, 121, 42
13, 122, 18
13, 123, 34
13, 124, 26
13, 125, 0
13, 126, 5
13, 127, 47
13, 128, 26
13, 129, 23
13, 130, 47
13, 131, 52
13, 132, 47
13, 133, 21
13, 134, 0
13, 135, 4
13, 136, 23
13, 137, 33
13, 138, 50
13, 139, 28
13, 140, 7
13, 141, 14
13, 142, 24
13, 143, 5
13, 144, 29
13, 145, 6
13, 146, 40
13, 147, 3
13, 148, 44
13, 149, 15
13, 150, 39
13, 151, 44
13, 152, 42
13, 153, 36
13, 154, 41
13, 155, 20
13, 156, 21
13, 157, 37
13, 158, 0
13, 159, 12
13, 160, 28
13, 161, 0
13, 162, 48
13, 163, 31
13, 164, 49
13, 165, 35
13, 166, 0
13, 167, 0
13, 168, 46
13, 169, 45
13, 170, 12
13, 171, 0
13, 172, 0
13, 173, 23
13, 174, 20
13, 175, 9
13, 176, 22
13, 177, 43
13, 178, 18
13, 179, 16
13, 180, 51
13, 181, 5
13, 182, 45
13, 183, 40
13, 184, 2
13, 185, 49
13, 186, 31
13, 187, 37
13, 188, 46
13, 189, 0
13, 190, 29
13, 191, 17
13, 192, 0
13, 193, 32
13, 194, 10
13, 195, 40
13, 196, 43
13, 197, 32
13, 198, 35
13, 199, 34
13, 200, 46
13, 201, 0
13, 202, 50
13, 203, 21
13, 204, 37
13, 205, 0
13, 206, 38
13, 207, 25
13, 208, 9
13, 209, 27
13, 210, 0
13, 211, 46
13, 212, 0
13, 213, 0
13, 214, 33
13, 215, 31
13, 216, 40
13, 217, 0
13, 218, 0
13, 219, 20
13, 220, 47
13, 221, 0
13, 222, 53
13, 223, 30
13, 224, 0
13, 225, 26
13, 226, 29
13, 227, 52
13, 228, 33
13, 229, 47
13, 230, 54
13, 231, 39
13, 232, 2
13, 233, 43
13, 234, 38
13, 235, 29
13, 236, 34
13, 237, 26
13, 238, 36
13, 239, 48
13, 240, 12
13, 241, 46
13, 242, 16
13, 243, 9
13, 244, 52
13, 245, 0
13, 246, 28
13, 247, 0
13, 248, 35
13, 249, 32
13, 250, 14
13, 251, 46
13, 252, 41
13, 253, 38
13, 254, 30
13, 255, 0
13, 256, 39
13, 257, 46
13, 258, 38
13, 259, 29
13, 260, 49
13, 261, 17
13, 262, 2
13, 263, 34
13, 264, 0
13, 265, 23
13, 266, 56
13, 267, 42
13, 268, 50
13, 269, 29
13, 270, 40
13, 271, 5
13, 272, 47
13, 273, 36
13, 274, 47
13, 275, 16
13, 276, 25
13, 277, 0
13, 278, 45
13, 279, 34
13, 280, 0
13, 281, 0
13, 282, 54
13, 283, 44
13, 284, 41
13, 285, 44
13, 286, 53
13, 287, 0
13, 288, 0
13, 289, 20
13, 290, 44
13, 291, 25
13, 292, 40
13, 293, 0
13, 294, 0
13, 295, 45
13, 296, 13
13, 297, 24
13, 298, 0
13, 299, 43
13, 300, 48
13, 301, 0
13, 302, 6
13, 303, 39
13, 304, 21
13, 305, 27
13, 306, 33
13, 307, 4
13, 308, 31
13, 309, 0
13, 310, 38
13, 311, 32
13, 312, 47
13, 313, 0
13, 314, 3
13, 315, 24
13, 316, 27
13, 317, 0
13, 318, 28
13, 319, 1
13, 320, 35
13, 321, 51
13, 322, 0
13, 323, 0
13, 324, 23
13, 325, 21
13, 326, 44
13, 327, 39
13, 328, 12
13, 329, 32
13, 330, 25
13, 331, 4
13, 332, 36
13, 333, 47
13, 334, 21
13, 335, 44
13, 336, 9
13, 337, 34
13, 338, 26
13, 339, 0
13, 340, 35
13, 341, 42
13, 342, 40
13, 343, 0
13, 344, 4
13, 345, 42
13, 346, 39
13, 347, 43
13, 348, 23
13, 349, 46
13, 350, 0
13, 351, 40
13, 352, 0
13, 353, 41
13, 354, 50
13, 355, 0
13, 356, 37
13, 357, 37
13, 358, 26
13, 359, 0
13, 360, 42
13, 361, 45
13, 362, 13
13, 363, 23
13, 364, 2
13, 365, 29
13, 366, 46
13, 367, 6
13, 368, 49
13, 369, 46
13, 370, 15
13, 371, 0
13, 372, 0
13, 373, 48
13, 374, 25
13, 375, 52
13, 376, 10
13, 377, 47
13, 378, 40
13, 379, 36
13, 380, 21
13, 381, 12
13, 382, 54
13, 383, 37
13, 384, 0
13, 385, 0
13, 386, 41
13, 387, 48
13, 388, 34
13, 389, 46
13, 390, 0
13, 391, 16
13, 392, 0
13, 393, 42
13, 394, 0
13, 395, 38
13, 396, 40
13, 397, 36
13, 398, 0
13, 399, 35
14, 0, 0
14, 1, 16
14, 2, 44
14, 3, 35
14, 4, 0
14, 5, 37
14, 6, 47
14, 7, 45
14, 8, 34
14, 9, 13
14, 10, 52
14, 11, 46
14, 12, 8
14, 13, 44
14, 14, 2
14, 15, 0
14, 16, 31
14, 17, 26
14, 18, 51
14, 19, 0
14, 20, 41
14, 21, 20
14, 22, 45
14, 23, 36
14, 24, 28
14, 25, 21
14, 26, 47
14, 27, 4
14, 28, 10
14, 29, 41
14, 30, 49
14, 31, 0
14, 32, 50
14, 33, 42
14, 34, 21
14, 35, 24
14, 36, 41
14, 37, 0
14, 38, 11
14, 39, 46
14, 40, 0
14, 41, 0
14, 42, 46
14, 43, 15
14, 44, 43
14, 45, 0
14, 46, 47
14, 47, 30
14, 48, 2
14, 49, 25
14, 50, 49
14, 51, 44
14, 52, 48
14, 53, 0
14, 54, 45
14, 55, 39
14, 56, 0
14, 57, 24
14, 58, 16
14, 59, 37
14, 60, 11
14, 61, 0
14, 62, 0
14, 63, 14
14, 64, 0
14, 65, 0
14, 66, 45
14, 67, 34
14, 68, 47
14, 69, 49
14, 70, 38
14, 71, 39
14, 72, 37
14, 73, 27
14, 74, 9
14, 75, 39
14, 76, 50
14, 77, 33
14, 78, 36
14, 79, 46
14, 80, 26
14, 81, 0
14, 82, 39
14, 83, 54
14, 84, 0
14, 85, 45
14, 86, 49
14, 87, 46
14, 88, 0
14, 89, 33
14, 90, 0
14, 91, 37
14, 92, 52
14, 93, 51
14, 94, 46
14, 95, 37
14, 96, 42
14, 97, 36
14, 98, 43
14, 99, 41
14, 100, 25
14, 101, 38
14, 102, 40
14, 103, 0
14, 104, 2
14, 105, 0
14, 106, 0
14, 107, 18
14, 108, 45
14, 109, 1
14, 110, 26
14, 111, 24
14, 112, 0
14, 113, 42
14, 114, 44
14, 115, 27
14, 116, 0
14, 117, 7
14, 118, 0
14, 119, 35
14, 120, 26
14, 121, 15
14, 122, 8
14, 123, 21
14, 124, 51
14, 125, 27
14, 126, 43
14, 127, 0
14, 128, 47
14, 129, 18
14, 130, 45
14, 131, 0
14, 132, 35
14, 133, 44
14, 134, 31
14, 135, 24
14, 136, 46
14, 137, 26
14, 138, 14
14, 139, 28
14, 140, 0
14, 141, 0
14, 142, 32
14, 143, 20
14, 144, 50
14, 145, 0
14, 146, 43
14, 147, 39
14, 148, 35
14, 149, 0
14, 150, 15
14, 151, 25
14, 152, 47
14, 153, 28
14, 154, 11
14, 155, 12
14, 156, 29
14, 157, 49
14, 158, 33
14, 159, 0
14, 160, 48
14, 161, 32
14, 162, 39
14, 163, 21
14, 164, 41
14, 165, 19
14, 166, 34
14, 167, 0
14, 168, 39
14, 169, 12
14, 170, 30
14, 171, 36
14, 172, 0
14, 173, 47
14, 174, 51
14, 175, 38
14, 176, 24
14, 177, 0
14, 178, 42
14, 179, 46
14, 180, 36
14, 181, 0
14, 182, 52
14, 183, 26
14, 184, 40
14, 185, 39
14, 186, 19
14, 187, 45
14, 188, 47
14, 189, 15
14, 190, 0
14, 191, 46
14, 192, 32
14, 193, 45
14, 194, 0
14, 195, 0
14, 196, 22
14, 197, 0
14, 198, 49
14, 199, 29
14, 200, 42
14, 201, 0
14, 202, 26
14, 203, 0
14, 204, 42
14, 205, 48
14, 206, 37
14, 207, 24
14, 208, 0
14, 209, 0
14, 210, 25
14, 211, 35
14, 212, 48
14, 213, 23
14, 214, 28
14, 215, 45
14, 216, 0
14, 217, 34
14, 218, 23
14, 219, 39
14, 220, 0
14, 221, 50
14, 222, 43
14, 223, 39
14, 224, 0
14, 225, 47
14, 226, 13
14, 227, 2
14, 228, 41
14, 229, 36
14, 230, 43
14, 231, 44
14, 232, 37
14, 233, 27
14, 234, 31
14, 235, 0
14, 236, 49
14, 237, 14
14, 238, 1
14, 239, 54
14, 240, 24
14, 241, 0
14, 242, 21
14, 243, 46
14, 244, 32
14, 245, 18
14, 246, 37
14, 247, 12
14, 248, 32
14, 249, 13
14, 250, 42
14, 251, 46
14, 252, 46
14, 253, 28
14, 254, 0
14, 255, 0
14, 256, 5
14, 257, 45
14, 258, 18
14, 259, 0
14, 260, 16
14, 261, 28
14, 262, 26
14, 263, 46
14, 264, 36
14, 265, 0
14, 266, 0
14, 267, 25
14, 268, 51
14, 269, 45
14, 270, 33
14, 271, 52
14, 272, 35
14, 273, 16
14, 274, 38
14, 275, 0
14, 276, 43
14, 277, 37
14, 278, 46
14, 279, 29
14, 280, 11
14, 281, 0
14, 282, 0
14, 283, 48
14, 284, 48
14, 285, 38
14, 286, 22
14, 287, 17
14, 288, 40
14, 289, 8
14, 290, 13
14, 291, 27
14, 292, 0
14, 293, 37
14, 294, 23
14, 295, 38
14, 296, 0
14, 297, 29
14, 298, 20
14, 299, 0
14, 300, 36
14, 301, 27
14, 302, 32
14, 303, 42
14, 304, 43
14, 305, 28
14, 306, 32
14, 307, 41
14, 308, 31
14, 309, 10
14, 310, 44
14, 311, 6
14, 312, 44
14, 313, 33
14, 314, 47
14, 315, 0
14, 316, 49
14, 317, 0
14, 318, 0
14, 319, 49
14, 320, 12
14, 321, 0
14, 322, 47
14, 323, 31
14, 324, 7
14, 325, 34
14, 326, 25
14, 327, 48
14, 328, 35
14, 329, 46
14, 330, 42
14, 331, 0
14, 332, 46
14, 333, 20
14, 334, 41
14, 335, 0
14, 336, 48
14, 337, 40
14, 338, 30
14, 339, 32
14, 340, 47
14, 341, 50
14, 342, 0
14, 343, 0
14, 344, 39
14, 345, 45
14, 346, 31
14, 347, 44
14, 348, 21
14, 349, 28
14, 350, 25
14, 351, 3
14, 352, 0
14, 353, 46
14, 354, 10
14, 355, 45
14, 356, 9
14, 357, 0
14, 358, 35
14, 359, 32
14, 360, 0
14, 361, 0
14, 362, 43
14, 363, 0
14, 364, 46
14, 365, 33
14, 366, 51
14, 367, 39
14, 368, 0
14, 369, 0
14, 370, 42
14, 371, 26
14, 372, 24
14, 373, 34
14, 374, 20
14, 375, 35
14, 376, 19
14, 377, 0
14, 378, 0
14, 379, 43
14, 380, 6
14, 381, 43
14, 382, 24
14, 383, 38
14, 384, 24
14, 385, 32
14, 386, 54
14, 387, 30
14, 388, 0
14, 389, 20
14, 390, 42
14, 391, 54
14, 392, 33
14, 393, 0
14, 394, 28
14, 395, 5
14, 396, 14
14, 397, 50
14, 398, 0
14, 399, 36
15, 0, 0
15, 1, 40
15, 2, 28
15, 3, 18
15, 4, 43
15, 5, 47
15, 6, 41
15, 7, 0
15, 8, 8
15, 9, 41
15, 10, 20
15, 11, 0
15, 12, 47
15, 13, 35
15, 14, 46
15, 15, 29
15, 16, 23
15, 17, 45
15, 18, 31
15, 19, 15
15, 20, 51
15, 21, 42
15, 22, 25
15, 23, 21
15, 24, 0
15, 25, 43
15, 26, 51
15, 27, 49
15, 28, 44
15, 29, 31
15, 30, 0
15, 31, 36
15, 32, 27
15, 33, 45
15, 34, 0
15, 35, 0
15, 36, 14
15, 37, 47
15, 38, 24
15, 39, 34
15, 40, 41
15, 41, 2
15, 42, 23
15, 43, 27
15, 44, 47
15, 45, 38
15, 46, 39
15, 47, 37
15, 48, 54
15, 49, 48
15, 50, 22
15, 51, 4
15, 52, 46
15, 53, 6
15, 54, 30
15, 55, 45
15, 56, 33
15, 57, 28
15, 58, 24
15, 59, 15
15, 60, 32
15, 61, 52
15, 62, 54
15, 63, 17
15, 64, 32
15, 65, 49
15, 66, 9
15, 67, 22
15, 68, 24
15, 69, 45
15, 70, 18
15, 71, 28
15, 72, 50
15, 73, 40
15, 74, 41
15, 75, 25
15, 76, 16
15, 77, 31
15, 78, 25
15, 79, 44
15, 80, 24
15, 81, 40
15, 82, 21
15, 83, 49
15, 84, 47
15, 85, 0
15, 86, 35
15, 87, 26
15, 88, 43
15, 89, 43
15, 90, 19
15, 91, 40
15, 92, 0
15, 93, 37
15, 94, 48
15, 95, 37
15, 96, 13
15, 97, 28
15, 98, 0
15, 99, 0
15, 100, 0
15, 101, 0
15, 102, 0
15, 103, 30
15, 104, 50
15, 105, 0
15, 106, 41
15, 107, 9
15, 108, 35
15, 109, 38
15, 110, 46
15, 111, 39
15, 112, 16
15, 113, 0
15, 114, 18
15, 115, 21
15, 116, 47
15, 117, 37
15, 118, 51
15, 119, 45
15, 120, 50
15, 121, 46
15, 122, 54
15, 123, 30
15, 124, 42
15, 125, 46
15, 126, 33
15, 127, 49
15, 128, 51
15, 129, 52
15, 130, 32
15, 131, 48
15, 132, 30
15, 133, 41
15, 134, 41
15, 135, 48
15, 136, 0
15, 137, 27
15, 138, 53
15, 139, 53
15, 140, 25
15, 141, 47
15, 142, 47
15, 143, 0
15, 144, 35
15, 145, 19
15, 146, 17
15, 147, 21
15, 148, 42
15, 149, 48
15, 150, 33
15, 151, 32
15, 152, 0
15, 153, 40
15, 154, 23
15, 155, 0
15, 156, 16
15, 157, 31
15, 158, 0
15, 159, 41
15, 160, 15
15, 161, 44
15, 162, 0
15, 163, 46
15, 164, 14
15, 165, 34
15, 166, 18
15, 167, 38
15, 168, 41
15, 169, 54
15, 170, 46
15, 171, 22
15, 172, 47
15, 173, 0
15, 174, 44
15, 175, 38
15, 176, 0
15, 177, 2
15, 178, 49
15, 179, 45
15, 180, 0
15, 181, 51
15, 182, 35
15, 183, 46
15, 184, 24
15, 185, 32
15, 186, 12
15, 187, 33
15, 188, 30
15, 189, 52
15, 190, 35
15, 191, 7
15, 192, 37
15, 193, 49
15, 194, 16
15, 195, 39
15, 196, 31
15, 197, 0
15, 198, 43
15, 199, 42
15, 200, 36
15, 201, 26
15, 202, 44
15, 203, 42
15, 204, 18
15, 205, 48
15, 206, 24
15, 207, 0
15, 208, 36
15, 209, 17
15, 210, 45
15, 211, 50
15, 212, 52
15, 213, 0
15, 214, 26
15, 215, 0
15, 216, 5
15, 217, 40
15, 218, 15
15, 219, 21
15, 220, 47
15, 221, 45
15, 222, 30
15, 223, 24
15, 224, 35
15, 225, 41
15, 226, 0
15, 227, 40
15, 228, 10
15, 229, 0
15, 230, 16
15, 231, 27
15, 232, 32
15, 233, 0
15, 234, 46
15, 235, 41
15, 236, 35
15, 237, 42
15, 238, 27
15, 239, 5
15, 240, 32
15, 241, 29
15, 242, 53
15, 243, 51
15, 244, 45
15, 245, 34
15, 246, 0
15, 247, 45
15, 248, 37
15, 249, 34
15, 250, 40
15, 251, 47
15, 252, 36
15, 253, 24
15, 254, 33
15, 255, 39
15, 256, 17
15, 257, 48
15, 258, 30
15, 259, 35
15, 260, 39
15, 261, 41
15, 262, 0
15, 263, 39
15, 264, 3
15, 265, 50
15, 266, 32
15, 267, 9
15, 268, 17
15, 269, 26
15, 270, 48
15, 271, 30
15, 272, 0
15, 273, 22
15, 274, 0
15, 275, 53
15, 276, 0
15, 277, 32
15, 278, 25
15, 279, 39
15, 280, 43
15, 281, 3
15, 282, 35
15, 283, 50
15, 284, 5
15, 285, 20
15, 286, 0
15, 287, 25
15, 288, 16
15, 289, 25
15, 290, 46
15, 291, 30
15, 292, 42
15, 293, 34
15, 294, 28
15, 295, 24
15, 296, 40
15, 297, 30
15, 298, 24
15, 299, 34
15, 300, 31
15, 301, 0
15, 302, 40
15, 303, 44
15, 304, 20
15, 305, 52
15, 306, 5
15, 307, 25
15, 308, 49
15, 309, 0
15, 310, 26
15, 311, 0
15, 312, 24
15, 313, 33
15, 314, 41
15, 315, 49
15, 316, 35
15, 317, 0
15, 318, 37
15, 319, 55
15, 320, 10
15, 321, 23
15, 322, 43
15, 323, 38
15, 324, 47
15, 325, 44
15, 326, 39
15, 327, 45
15, 328, 48
15, 329, 0
15, 330, 45
15, 331, 45
15, 332, 37
15, 333, 0
15, 334, 41
15, 335, 54
15, 336, 39
15, 337, 0
15, 338, 22
15, 339, 49
15, 340, 48
15, 341, 48
15, 342, 38
15, 343, 32
15, 344, 7
15, 345, 43
15, 346, 0
15, 347, 13
15, 348, 45
15, 349, 0
15, 350, 50
15, 351, 42
15, 352, 31
15, 353, 28
15, 354, 22
15, 355, 21
15, 356, 32
15, 357, 41
15, 358, 23
15, 359, 46
15, 360, 20
15, 361, 29
15, 362, 33
15, 363, 50
15, 364, 0
15, 365, 37
15, 366, 51
15, 367, 43
15, 368, 0
15, 369, 50
15, 370, 14
15, 371, 44
15, 372, 0
15, 373, 39
15, 374, 17
15, 375, 47
15, 376, 32
15, 377, 0
15, 378, 42
15, 379, 0
15, 380, 42
15, 381, 18
15, 382, 0
15, 383, 30
15, 384, 10
15, 385, 28
15, 386, 45
15, 387, 0
15, 388, 49
15, 389, 29
15, 390, 53
15, 391, 34
15, 392, 0
15, 393, 42
15, 394, 37
15, 395, 0
15, 396, 0
15, 397, 0
15, 398, 39
15, 399, 0
16, 0, 0
16, 1, 46
16, 2, 31
16, 3, 0
16, 4, 44
16, 5, 47
16, 6, 0
16, 7, 41
16, 8, 21
16, 9, 0
16, 10, 40
16, 11, 41
16, 12, 47
16, 13, 0
16, 14, 45
16, 15, 40
16, 16, 0
16, 17, 36
16, 18, 0
16, 19, 50
16, 20, 43
16, 21, 0
16, 22, 12
16, 23, 0
16, 24, 34
16, 25, 31
16, 26, 0
16, 27, 11
16, 28, 26
16, 29, 0
16, 30, 48
16, 31, 21
16, 32, 0
16, 33, 24
16, 34, 51
16, 35, 0
16, 36, 29
16, 37, 35
16, 38, 47
16, 39, 11
16, 40, 26
16, 41, 26
16, 42, 44
16, 43, 0
16, 44, 24
16, 45, 0
16, 46, 0
16, 47, 49
16, 48, 33
16, 49, 13
16, 50, 16
16, 51, 0
16, 52, 51
16, 53, 18
16, 54, 32
16, 55, 52
16, 56, 6
16, 57, 0
16, 58, 24
16, 59, 37
16, 60, 2
16, 61, 39
16, 62, 49
16, 63, 23
16, 64, 30
16, 65, 0
16, 66, 18
16, 67, 0
16, 68, 48
16, 69, 39
16, 70, 27
16, 71, 22
16, 72, 0
16, 73, 41
16, 74, 0
16, 75, 16
16, 76, 23
16, 77, 49
16, 78, 8
16, 79, 0
16, 80, 27
16, 81, 0
16, 82, 34
16, 83, 33
16, 84, 0
16, 85, 0
16, 86, 0
16, 87, 31
16, 88, 0
16, 89, 35
16, 90, 46
16, 91, 40
16, 92, 32
16, 93, 50
16, 94, 6
16, 95, 0
16, 96, 16
16, 97, 0
16, 98, 38
16, 99, 22
16, 100, 0
16, 101, 0
16, 102, 44
16, 103, 37
16, 104, 29
16, 105, 21
16, 106, 0
16, 107, 43
16, 108, 46
16, 109, 30
16, 110, 43
16, 111, 6
16, 112, 36
16, 113, 0
16, 114, 0
16, 115, 0
16, 116, 1
16, 117, 22
16, 118, 26
16, 119, 45
16, 120, 48
16, 121, 15
16, 122, 18
16, 123, 0
16, 124, 39
16, 125, 0
16, 126, 29
16, 127, 17
16, 128, 0
16, 129, 0
16, 130, 0
16, 131, 0
16, 132, 12
16, 133, 10
16, 134, 35
16, 135, 47
16, 136, 25
16, 137, 0
16, 138, 42
16, 139, 30
16, 140, 34
16, 141, 40
16, 142, 39
16, 143, 0
16, 144, 0
16, 145, 22
16, 146, 0
16, 147, 0
16, 148, 41
16, 149, 40
16, 150, 6
16, 151, 27
16, 152, 5
16, 153, 52
16, 154, 19
16, 155, 45
16, 156, 24
16, 157, 51
16, 158, 0
16, 159, 18
16, 160, 0
16, 161, 49
16, 162, 18
16, 163, 35
16, 164, 0
16, 165, 13
16, 166, 0
16, 167, 0
16, 168, 0
16, 169, 50
16, 170, 42
16, 171, 23
16, 172, 0
16, 173, 29
16, 174, 28
16, 175, 0
16, 176, 20
16, 177, 36
16, 178, 35
16, 179, 44
16, 180, 0
16, 181, 43
16, 182, 37
16, 183, 50
16, 184, 33
16, 185, 11
16, 186, 36
16, 187, 23
16, 188, 2
16, 189, 47
16, 190, 38
16, 191, 6
16, 192, 0
16, 193, 43
16, 194, 0
16, 195, 25
16, 196, 42
16, 197, 0
16, 198, 19
16, 199, 0
16, 200, 34
16, 201, 9
16, 202, 17
16, 203, 0
16, 204, 0
16, 205, 4
16, 206, 9
16, 207, 44
16, 208, 0
16, 209, 0
16, 210, 40
16, 211, 39
16, 212, 0
16, 213, 39
16, 214, 32
16, 215, 46
16, 216, 0
16, 217, 39
16, 218, 20
16, 219, 40
16, 220, 0
16, 221, 37
16, 222, 31
16, 223, 41
16, 224, 0
16, 225, 30
16, 226, 16
16, 227, 0
16, 228, 22
16, 229, 46
16, 230, 0
16, 231, 11
16, 232, 49
16, 233, 41
16, 234, 37
16, 235, 28
16, 236, 48
16, 237, 0
16, 238, 42
16, 239, 9
16, 240, 12
16, 241, 33
16, 242, 0
16, 243, 49
16, 244, 45
16, 245, 42
16, 246, 40
16, 247, 35
16, 248, 0
16, 249, 49
16, 250, 0
16, 251, 30
16, 252, 44
16, 253, 21
16, 254, 47
16, 255, 12
16, 256, 46
16, 257, 0
16, 258, 50
16, 259, 47
16, 260, 0
16, 261, 50
16, 262, 17
16, 263, 35
16, 264, 0
16, 265, 52
16, 266, 6
16, 267, 0
16, 268, 37
16, 269, 34
16, 270, 46
16, 271, 32
16, 272, 0
16, 273, 0
16, 274, 42
16, 275, 20
16, 276, 28
16, 277, 49
16, 278, 5
16, 279, 0
16, 280, 20
16, 281, 51
16, 282, 44
16, 283, 0
16, 284, 0
16, 285, 0
16, 286, 38
16, 287, 16
16, 288, 42
16, 289, 45
16, 290, 0
16, 291, 36
16, 292, 50
16, 293, 50
16, 294, 43
16, 295, 30
16, 296, 0
16, 297, 31
16, 298, 2
16, 299, 39
16, 300, 32
16, 301, 41
16, 302, 43
16, 303, 16
16, 304, 0
16, 305, 51
16, 306, 0
16, 307, 48
16, 308, 11
16, 309, 43
16, 310, 33
16, 311, 0
16, 312, 23
16, 313, 0
16, 314, 0
16, 315, 12
16, 316, 29
16, 317, 28
16, 318, 8
16, 319, 0
16, 320, 14
16, 321, 42
16, 322, 0
16, 323, 42
16, 324, 13
16, 325, 31
16, 326, 23
16, 327, 16
16, 328, 41
16, 329, 52
16, 330, 21
16, 331, 47
16, 332, 15
16, 333, 4
16, 334, 38
16, 335, 37
16, 336, 44
16, 337, 46
16, 338, 45
16, 339, 17
16, 340, 34
16, 341, 28
16, 342, 0
16, 343, 40
16, 344, 5
16, 345, 44
16, 346, 0
16, 347, 46
16, 348, 33
16, 349, 0
16, 350, 9
16, 351, 18
16, 352, 0
16, 353, 17
16, 354, 38
16, 355, 11
16, 356, 0
16, 357, 43
16, 358, 37
16, 359, 0
16, 360, 18
16, 361, 0
16, 362, 0
16, 363, 47
16, 364, 9
16, 365, 0
16, 366, 16
16, 367, 22
16, 368, 47
16, 369, 42
16, 370, 9
16, 371, 20
16, 372, 29
16, 373, 50
16, 374, 0
16, 375, 49
16, 376, 0
16, 377, 21
16, 378, 40
16, 379, 18
16, 380, 0
16, 381, 5
16, 382, 0
16, 383, 12
16, 384, 47
16, 385, 0
16, 386, 33
16, 387, 23
16, 388, 0
16, 389, 52
16, 390, 0
16, 391, 23
16, 392, 34
16, 393, 41
16, 394, 44
16, 395, 16
16, 396, 14
16, 397, 25
16, 398, 44
16, 399, 13
17, 0, 0
17, 1, 38
17, 2, 34
17, 3, 10
17, 4, 0
17, 5, 41
17, 6, 29
17, 7, 51
17, 8, 33
17, 9, 33
17, 10, 23
17, 11, 48
17, 12, 0
17, 13, 43
17, 14, 0
17, 15, 36
17, 16, 47
17, 17, 0
17, 18, 47
17, 19, 3
17, 20, 48
17, 21, 8
17, 22, 34
17, 23, 46
17, 24, 37
17, 25, 36
17, 26, 50
17, 27, 0
17, 28, 0
17, 29, 16
17, 30, 44
17, 31, 38
17, 32, 30
17, 33, 9
17, 34, 49
17, 35, 37
17, 36, 43
17, 37, 39
17, 38, 0
17, 39, 50
17, 40, 0
17, 41, 49
17, 42, 0
17, 43, 0
17, 44, 41
17, 45, 35
17, 46, 0
17, 47, 39
17, 48, 32
17, 49, 40
17, 50, 48
17, 51, 0
17, 52, 48
17, 53, 39
17, 54, 12
17, 55, 36
17, 56, 43
17, 57, 39
17, 58, 26
17, 59, 1
17, 60, 43
17, 61, 50
17, 62, 54
17, 63, 26
17, 64, 8
17, 65, 47
17, 66, 52
17, 67, 8
17, 68, 0
17, 69, 20
17, 70, 0
17, 71, 28
17, 72, 50
17, 73, 40
17, 74, 44
17, 75, 45
17, 76, 33
17, 77, 40
17, 78, 46
17, 79, 32
17, 80, 0
17, 81, 51
17, 82, 47
17, 83, 34
17, 84, 0
17, 85, 43
17, 86, 48
17, 87, 27
17, 88, 0
17, 89, 51
17, 90, 21
17, 91, 11
17, 92, 0
17, 93, 37
17, 94, 30
17, 95, 14
17, 96, 0
17, 97, 36
17, 98, 6
17, 99, 42
17, 100, 43
17, 101, 48
17, 102, 34
17, 103, 0
17, 104, 46
17, 105, 47
17, 106, 49
17, 107, 39
17, 108, 47
17, 109, 17
17, 110, 41
17, 111, 52
17, 112, 42
17, 113, 40
17, 114, 11
17, 115, 31
17, 116, 24
17, 117, 4
17, 118, 44
17, 119, 33
17, 120, 7
17, 121, 32
17, 122, 40
17, 123, 23
17, 124, 53
17, 125, 45
17, 126, 0
17, 127, 1
17, 128, 49
17, 129, 31
17, 130, 27
17, 131, 53
17, 132, 43
17, 133, 25
17, 134, 4
17, 135, 29
17, 136, 45
17, 137, 8
17, 138, 0
17, 139, 41
17, 140, 45
17, 141, 48
17, 142, 35
17, 143, 35
17, 144, 43
17, 145, 32
17, 146, 51
17, 147, 45
17, 148, 36
17, 149, 28
17, 150, 52
17, 151, 44
17, 152, 30
17, 153, 48
17, 154, 31
17, 155, 16
17, 156, 50
17, 157, 42
17, 158, 49
17, 159, 20
17, 160, 35
17, 161, 44
17, 162, 39
17, 163, 17
17, 164, 47
17, 165, 0
17, 166, 32
17, 167, 50
17, 168, 46
17, 169, 9
17, 170, 40
17, 171, 0
17, 172, 51
17, 173, 11
17, 174, 0
17, 175, 44
17, 176, 41
17, 177, 28
17, 178, 6
17, 179, 39
17, 180, 37
17, 181, 41
17, 182, 24
17, 183, 17
17, 184, 35
17, 185, 50
17, 186, 27
17, 187, 46
17, 188, 49
17, 189, 18
17, 190, 29
17, 191, 34
17, 192, 48
17, 193, 38
17, 194, 37
17, 195, 36
17, 196, 12
17, 197, 0
17, 198, 26
17, 199, 3
17, 200, 53
17, 201, 46
17, 202, 25
17, 203, 37
17, 204, 47
17, 205, 20
17, 206, 39
17, 207, 8
17, 208, 44
17, 209, 35
17, 210, 16
17, 211, 0
17, 212, 43
17, 213, 36
17, 214, 0
17, 215, 47
17, 216, 11
17, 217, 17
17, 218, 51
17, 219, 16
17, 220, 30
17, 221, 38
17, 222, 30
17, 223, 39
17, 224, 41
17, 225, 5
17, 226, 0
17, 227, 45
17, 228, 35
17, 229, 45
17, 230, 23
17, 231, 28
17, 232, 15
17, 233, 37
17, 234, 21
17, 235, 52
17, 236, 43
17, 237, 0
17, 238, 33
17, 239, 0
17, 240, 47
17, 241, 39
17, 242, 30
17, 243, 41
17, 244, 34
17, 245, 0
17, 246, 0
17, 247, 0
17, 248, 44
17, 249, 22
17, 250, 1
17, 251, 44
17, 252, 17
17, 253, 15
17, 254, 36
17, 255, 0
17, 256, 0
17, 257, 24
17, 258, 47
17, 259, 49
17, 260, 24
17, 261, 42
17, 262, 34
17, 263, 38
17, 264, 0
17, 265, 48
17, 266, 44
17, 267, 31
17, 268, 0
17, 269, 11
17, 270, 50
17, 271, 36
17, 272, 22
17, 273, 0
17, 274, 26
17, 275, 46
17, 276, 46
17, 277, 0
17, 278, 45
17, 279, 48
17, 280, 45
17, 281, 38
17, 282, 54
17, 283, 0
17, 284, 0
17, 285, 28
17, 286, 41
17, 287, 13
17, 288, 3
17, 289, 37
17, 290, 38
17, 291, 32
17, 292, 0
17, 293, 50
17, 294, 45
17, 295, 53
17, 296, 45
17, 297, 0
17, 298, 35
17, 299, 44
17, 300, 40
17, 301, 16
17, 302, 28
17, 303, 41
17, 304, 16
17, 305, 34
17, 306, 52
17, 307, 28
17, 308, 0
17, 309, 37
17, 310, 52
17, 311, 33
17, 312, 36
17, 313, 29
17, 314, 41
17, 315, 14
17, 316, 35
17, 317, 34
17, 318, 41
17, 319, 51
17, 320, 7
17, 321, 13
17, 322, 48
17, 323, 35
17, 324, 9
17, 325, 46
17, 326, 40
17, 327, 38
17, 328, 0
17, 329, 28
17, 330, 43
17, 331, 12
17, 332, 46
17, 333, 0
17, 334, 27
17, 335, 40
17, 336, 44
17, 337, 5
17, 338, 37
17, 339, 39
17, 340, 53
17, 341, 41
17, 342, 42
17, 343, 38
17, 344, 26
17, 345, 18
17, 346, 0
17, 347, 45
17, 348, 0
17, 349, 0
17, 350, 0
17, 351, 39
17, 352, 0
17, 353, 40
17, 354, 47
17, 355, 34
17, 356, 52
17, 357, 11
17, 358, 0
17, 359, 38
17, 360, 0
17, 361, 43
17, 362, 0
17, 363, 52
17, 364, 53
17, 365, 17
17, 366, 47
17, 367, 46
17, 368, 0
17, 369, 30
17, 370, 45
17, 371, 36
17, 372, 19
17, 373, 14
17, 374, 51
17, 375, 0
17, 376, 0
17, 377, 37
17, 378, 50
17, 379, 51
17, 380, 48
17, 381, 40
17, 382, 53
17, 383, 0
17, 384, 43
17, 385, 36
17, 386, 40
17, 387, 0
17, 388, 16
17, 389, 8
17, 390, 28
17, 391, 41
17, 392, 38
17, 393, 34
17, 394, 6
17, 395, 0
17, 396, 13
17, 397, 42
17, 398, 50
17, 399, 33
18, 0, 0
18, 1, 45
18, 2, 49
18, 3, 50
18, 4, 31
18, 5, 42
18, 6, 41
18, 7, 9
18, 8, 0
18, 9, 31
18, 10, 35
18, 11, 3
18, 12, 38
18, 13, 51
18, 14, 46
18, 15, 37
18, 16, 34
18, 17, 26
18, 18, 0
18, 19, 30
18, 20, 0
18, 21, 42
18, 22, 12
18, 23, 44
18, 24, 31
18, 25, 0
18, 26, 24
18, 27, 0
18, 28, 28
18, 29, 1
18, 30, 54
18, 31, 41
18, 32, 23
18, 33, 8
18, 34, 42
18, 35, 24
18, 36, 17
18, 37, 0
18, 38, 46
18, 39, 21
18, 40, 0
18, 41, 50
18, 42, 23
18, 43, 37
18, 44, 39
18, 45, 0
18, 46, 45
18, 47, 0
18, 48, 0
18, 49, 41
18, 50, 38
18, 51, 39
18, 52, 28
18, 53, 5
18, 54, 0
18, 55, 31
18, 56, 41
18, 57, 45
18, 58, 44
18, 59, 41
18, 60, 8
18, 61, 47
18, 62, 19
18, 63, 43
18, 64, 0
18, 65, 43
18, 66, 38
18, 67, 20
18, 68, 25
18, 69, 37
18, 70, 24
18, 71, 0
18, 72, 0
18, 73, 28
18, 74, 14
18, 75, 0
18, 76, 52
18, 77, 9
18, 78, 31
18, 79, 44
18, 80, 40
18, 81, 45
18, 82, 31
18, 83, 30
18, 84, 0
18, 85, 42
18, 86, 10
18, 87, 35
18, 88, 20
18, 89, 39
18, 90, 49
18, 91, 16
18, 92, 40
18, 93, 51
18, 94, 18
18, 95, 36
18, 96, 12
18, 97, 33
18, 98, 46
18, 99, 38
18, 100, 25
18, 101, 39
18, 102, 0
18, 103, 26
18, 104, 28
18, 105, 39
18, 106, 16
18, 107, 0
18, 108, 13
18, 109, 53
18, 110, 18
18, 111, 53
18, 112, 33
18, 113, 47
18, 114, 29
18, 115, 28
18, 116, 52
18, 117, 16
18, 118, 0
18, 119, 40
18, 120, 35
18, 121, 43
18, 122, 44
18, 123, 50
18, 124, 10
18, 125, 35
18, 126, 32
18, 127, 42
18, 128, 21
18, 129, 49
18, 130, 40
18, 131, 22
18, 132, 11
18, 133, 0
18, 134, 0
18, 135, 40
18, 136, 35
18, 137, 41
18, 138, 36
18, 139, 31
18, 140, 45
18, 141, 43
18, 142, 0
18, 143, 42
18, 144, 0
18, 145, 54
18, 146, 9
18, 147, 9
18, 148, 46
18, 149, 18
18, 150, 18
18, 151, 41
18, 152, 0
18, 153, 35
18, 154, 0
18, 155, 27
18, 156, 17
18, 157, 44
18, 158, 48
18, 159, 0
18, 160, 23
18, 161, 14
18, 162, 48
18, 163, 18
18, 164, 32
18, 165, 55
18, 166, 49
18, 167, 52
18, 168, 47
18, 169, 45
18, 170, 39
18, 171, 23
18, 172, 44
18, 173, 19
18, 174, 34
18, 175, 40
18, 176, 34
18, 177, 32
18, 178, 51
18, 179, 0
18, 180, 31
18, 181, 34
18, 182, 3
18, 183, 11
18, 184, 21
18, 185, 16
18, 186, 40
18, 187, 42
18, 188, 53
18, 189, 37
18, 190, 40
18, 191, 17
18, 192, 0
18, 193, 23
18, 194, 47
18, 195, 41
18, 196, 46
18, 197, 30
18, 198, 42
18, 199, 28
18, 200, 49
18, 201, 35
18, 202, 20
18, 203, 8
18, 204, 37
18, 205, 22
18, 206, 43
18, 207, 15
18, 208, 28
18, 209, 37
18, 210, 47
18, 211, 22
18, 212, 34
18, 213, 50
18, 214, 51
18, 215, 48
18, 216, 37
18, 217, 0
18, 218, 25
18, 219, 23
18, 220, 52
18, 221, 52
18, 222, 0
18, 223, 36
18, 224, 44
18, 225, 36
18, 226, 0
18, 227, 41
18, 228, 45
18, 229, 20
18, 230, 40
18, 231, 0
18, 232, 42
18, 233, 26
18, 234, 0
18, 235, 0
18, 236, 4
18, 237, 13
18, 238, 12
18, 239, 46
18, 240, 31
18, 241, 21
18, 242, 48
18, 243, 13
18, 244, 0
18, 245, 31
18, 246, 27
18, 247, 44
18, 248, 39
18, 249, 51
18, 250, 39
18, 251, 42
18, 252, 30
18, 253, 41
18, 254, 0
18, 255, 0
18, 256, 35
18, 257, 0
18, 258, 30
18, 259, 6
18, 260, 48
18, 261, 0
18, 262, 0
18, 263, 43
18, 264, 33
18, 265, 27
18, 266, 23
18, 267, 45
18, 268, 48
18, 269, 46
18, 270, 37
18, 271, 26
18, 272, 16
18, 273, 35
18, 274, 47
18, 275, 0
18, 276, 49
18, 277, 39
18, 278, 50
18, 279, 0
18, 280, 0
18, 281, 12
18, 282, 0
18, 283, 21
18, 284, 54
18, 285, 18
18, 286, 0
18, 287, 19
18, 288, 44
18, 289, 36
18, 290, 32
18, 291, 0
18, 292, 0
18, 293, 41
18, 294, 33
18, 295, 7
18, 296, 38
18, 297, 30
18, 298, 0
18, 299, 43
18, 300, 0
18, 301, 53
18, 302, 38
18, 303, 28
18, 304, 23
18, 305, 52
18, 306, 0
18, 307, 4
18, 308, 0
18, 309, 24
18, 310, 43
18, 311, 35
18, 312, 49
18, 313, 34
18, 314, 43
18, 315, 15
18, 316, 18
18, 317, 0
18, 318, 46
18, 319, 0
18, 320, 40
18, 321, 16
18, 322, 34
18, 323, 37
18, 324, 0
18, 325, 54
18, 326, 5
18, 327, 50
18, 328, 42
18, 329, 3
18, 330, 53
18, 331, 0
18, 332, 39
18, 333, 22
18, 334, 29
18, 335, 38
18, 336, 45
18, 337, 0
18, 338, 0
18, 339, 37
18, 340, 50
18, 341, 20
18, 342, 33
18, 343, 32
18, 344, 18
18, 345, 4
18, 346, 26
18, 347, 0
18, 348, 43
18, 349, 42
18, 350, 47
18, 351, 30
18, 352, 36
18, 353, 50
18, 354, 44
18, 355, 0
18, 356, 18
18, 357, 19
18, 358, 12
18, 359, 38
18, 360, 7
18, 361, 53
18, 362, 51
18, 363, 46
18, 364, 23
18, 365, 0
18, 366, 39
18, 367, 53
18, 368, 30
18, 369, 4
18, 370, 0
18, 371, 30
18, 372, 43
18, 373, 24
18, 374, 44
18, 375, 0
18, 376, 35
18, 377, 47
18, 378, 37
18, 379, 49
18, 380, 33
18, 381, 0
18, 382, 42
18, 383, 21
18, 384, 3
18, 385, 52
18, 386, 13
18, 387, 10
18, 388, 41
18, 389, 28
18, 390, 31
18, 391, 11
18, 392, 26
18, 393, 46
18, 394, 25
18, 395, 49
18, 396, 0
18, 397, 31
18, 398, 12
18, 399, 48
19, 0, 0
19, 1, 10
19, 2, 17
19, 3, 35
19, 4, 50
19, 5, 39
19, 6, 0
19, 7, 0
19, 8, 24
19, 9, 40
19, 10, 42
19, 11, 17
19, 12, 48
19, 13, 28
19, 14, 10
19, 15, 41
19, 16, 33
19, 17, 20
19, 18, 37
19, 19, 37
19, 20, 24
19, 21, 38
19, 22, 19
19, 23, 0
19, 24, 0
19, 25, 34
19, 26, 12
19, 27, 51
19, 28, 34
19, 29, 0
19, 30, 0
19, 31, 31
19, 32, 0
19, 33, 12
19, 34, 47
19, 35, 0
19, 36, 20
19, 37, 30
19, 38, 18
19, 39, 0
19, 40, 10
19, 41, 0
19, 42, 33
19, 43, 16
19, 44, 0
19, 45, 7
19, 46, 4
19, 47, 43
19, 48, 49
19, 49, 14
19, 50, 39
19, 51, 44
19, 52, 0
19, 53, 21
19, 54, 26
19, 55, 0
19, 56, 33
19, 57, 51
19, 58, 4
19, 59, 42
19, 60, 29
19, 61, 50
19, 62, 0
19, 63, 50
19, 64, 28
19, 65, 42
19, 66, 12
19, 67, 51
19, 68, 13
19, 69, 38
19, 70, 46
19, 71, 24
19, 72, 6
19, 73, 40
19, 74, 9
19, 75, 28
19, 76, 29
19, 77, 26
19, 78, 0
19, 79, 35
19, 80, 0
19, 81, 5
19, 82, 31
19, 83, 36
19, 84, 0
19, 85, 40
19, 86, 0
19, 87, 35
19, 88, 46
19, 89, 45
19, 90, 34
19, 91, 31
19, 92, 42
19, 93, 0
19, 94, 33
19, 95, 0
19, 96, 32
19, 97, 0
19, 98, 7
19, 99, 54
19, 100, 0
19, 101, 0
19, 102, 26
19, 103, 15
19, 104, 20
19, 105, 10
19, 106, 44
19, 107, 10
19, 108, 48
19, 109, 39
19, 110, 37
19, 111, 21
19, 112, 0
19, 113, 24
19, 114, 49
19, 115, 41
19, 116, 2
19, 117, 7
19, 118, 17
19, 119, 0
19, 120, 0
19, 121, 43
19, 122, 0
19, 123, 39
19, 124, 54
19, 125, 0
19, 126, 29
19, 127, 44
19, 128, 14
19, 129, 42
19, 130, 37
19, 131, 40
19, 132, 40
19, 133, 34
19, 134, 0
19, 135, 0
19, 136, 15
19, 137, 0
19, 138, 2
19, 139, 39
19, 140, 28
19, 141, 21
19, 142, 18
19, 143, 0
19, 144, 45
19, 145, 35
19, 146, 0
19, 147, 5
19, 148, 48
19, 149, 51
19, 150, 0
19, 151, 0
19, 152, 19
19, 153, 47
19, 154, 36
19, 155, 11
19, 156, 40
19, 157, 46
19, 158, 38
19, 159, 27
19, 160, 50
19, 161, 23
19, 162, 42
19, 163, 9
19, 164, 19
19, 165, 3
19, 166, 40
19, 167, 23
19, 168, 19
19, 169, 0
19, 170, 20
19, 171, 35
19, 172, 0
19, 173, 7
19, 174, 0
19, 175, 20
19, 176, 54
19, 177, 14
19, 178, 51
19, 179, 1
19, 180, 30
19, 181, 0
19, 182, 46
19, 183, 39
19, 184, 53
19, 185, 21
19, 186, 24
19, 187, 43
19, 188, 44
19, 189, 49
19, 190, 44
19, 191, 39
19, 192, 0
19, 193, 27
19, 194, 0
19, 195, 37
19, 196, 28
19, 197, 22
19, 198, 20
19, 199, 0
19, 200, 38
19, 201, 32
19, 202, 31
19, 203, 52
19, 204, 0
19, 205, 28
19, 206, 43
19, 207, 15
19, 208, 36
19, 209, 45
19, 210, 20
19, 211, 4
19, 212, 53
19, 213, 0
19, 214, 0
19, 215, 45
19, 216, 45
19, 217, 0
19, 218, 42
19, 219, 48
19, 220, 0
19, 221, 31
19, 222, 28
19, 223, 0
19, 224, 0
19, 225, 37
19, 226, 48
19, 227, 18
19, 228, 0
19, 229, 0
19, 230, 31
19, 231, 0
19, 232, 0
19, 233, 47
19, 234, 44
19, 235, 45
19, 236, 42
19, 237, 21
19, 238, 53
19, 239, 0
19, 240, 0
19, 241, 0
19, 242, 0
19, 243, 41
19, 244, 0
19, 245, 38
19, 246, 46
19, 247, 0
19, 248, 43
19, 249, 35
19, 250, 28
19, 251, 51
19, 252, 50
19, 253, 18
19, 254, 44
19, 255, 0
19, 256, 39
19, 257, 42
19, 258, 46
19, 259, 20
19, 260, 24
19, 261, 0
19, 262, 33
19, 263, 14
19, 264, 12
19, 265, 19
19, 266, 0
19, 267, 30
19, 268, 0
19, 269, 41
19, 270, 10
19, 271, 0
19, 272, 30
19, 273, 6
19, 274, 37
19, 275, 0
19, 276, 45
19, 277, 37
19, 278, 35
19, 279, 0
19, 280, 54
19, 281, 0
19, 282, 49
19, 283, 0
19, 284, 0
19, 285, 0
19, 286, 40
19, 287, 45
19, 288, 48
19, 289, 47
19, 290, 4
19, 291, 41
19, 292, 28
19, 293, 0
19, 294, 48
19, 295, 0
19, 296, 2
19, 297, 26
19, 298, 0
19, 299, 33
19, 300, 12
19, 301, 0
19, 302, 0
19, 303, 50
19, 304, 48
19, 305, 45
19, 306, 22
19, 307, 0
19, 308, 40
19, 309, 3
19, 310, 0
19, 311, 30
19, 312, 0
19, 313, 39
19, 314, 0
19, 315, 0
19, 316, 38
19, 317, 29
19, 318, 9
19, 319, 0
19, 320, 29
19, 321, 0
19, 322, 13
19, 323, 0
19, 324, 0
19, 325, 32
19, 326, 18
19, 327, 18
19, 328, 44
19, 329, 0
19, 330, 0
19, 331, 0
19, 332, 25
19, 333, 34
19, 334, 34
19, 335, 26
19, 336, 19
19, 337, 0
19, 338, 31
19, 339, 0
19, 340, 39
19, 341, 46
19, 342, 43
19, 343, 20
19, 344, 0
19, 345, 44
19, 346, 2
19, 347, 11
19, 348, 53
19, 349, 20
19, 350, 44
19, 351, 36
19, 352, 46
19, 353, 30
19, 354, 0
19, 355, 0
19, 356, 16
19, 357, 45
19, 358, 0
19, 359, 35
19, 360, 42
19, 361, 49
19, 362, 7
19, 363, 39
19, 364, 32
19, 365, 10
19, 366, 24
19, 367, 18
19, 368, 47
19, 369, 6
19, 370, 47
19, 371, 3
19, 372, 50
19, 373, 44
19, 374, 36
19, 375, 41
19, 376, 30
19, 377, 46
19, 378, 20
19, 379, 0
19, 380, 42
19, 381, 46
19, 382, 0
19, 383, 5
19, 384, 39
19, 385, 2
19, 386, 0
19, 387, 0
19, 388, 51
19, 389, 0
19, 390, 25
19, 391, 0
19, 392, 23
19, 393, 29
19, 394, 37
19, 395, 0
19, 396, 0
19, 397, 0
19, 398, 49
19, 399, 31
