1, 5, 26
1, 8, 12
1, 10, 18
1, 12, 22
1, 13, 4
1, 13, 39
1, 17, 13
1, 17, 25
1, 18, 29
1, 19, 25
1, 24, 46
1, 27, 16
1, 29, 8
1, 35, 47
1, 38, 23
1, 45, 27
1, 46, 9
1, 47, 12
1, 54, 51
1, 55, 33
1, 59, 21
1, 59, 41
1, 71, 31
1, 74, 2
1, 77, 15
1, 78, 4
1, 81, 13
1, 89, 3
1, 90, 19
1, 96, 54
1, 97, 6
1, 100, 39
1, 104, 45
1, 106, 12
1, 108, 26
1, 114, 4
1, 117, 50
1, 119, 23
1, 122, 22
1, 126, 11
1, 135, 44
1, 135, 53
1, 138, 13
1, 139, 8
1, 144, 25
1, 145, 32
1, 145, 51
1, 148, 39
1, 149, 15
1, 153, 15
1, 156, 20
1, 159, 24
1, 163, 46
1, 164, 18
1, 164, 43
1, 165, 38
1, 168, 27
1, 172, 50
1, 176, 47
1, 178, 42
1, 184, 31
1, 185, 41
1, 187, 50
1, 192, 20
1, 196, 23
1, 196, 31
1, 199, 29
1, 199, 30
1, 203, 26
1, 207, 11
1, 214, 23
1, 215, 16
1, 220, 45
1, 234, 50
1, 242, 42
1, 246, 22
1, 252, 44
1, 254, 42
1, 256, 12
1, 265, 54
1, 266, 39
1, 269, 9
1, 275, 29
1, 276, 51
1, 277, 6
1, 281, 21
1, 281, 53
1, 285, 20
1, 286, 15
1, 287, 13
1, 288, 25
1, 288, 47
1, 292, 29
1, 294, 42
1, 299, 24
1, 303, 8
1, 307, 45
1, 308, 19
1, 309, 21
1, 312, 32
1, 313, 53
1, 319, 18
1, 323, 39
1, 325, 33
1, 327, 16
1, 328, 11
1, 333, 20
1, 333, 51
1, 334, 29
1, 339, 41
1, 344, 8
1, 353, 20
1, 354, 42
1, 358, 6
1, 359, 44
1, 362, 3
1, 362, 22
1, 363, 45
1, 375, 39
1, 386, 44
1, 392, 31
1, 398, 33
2, 6, 39
2, 10, 21
2, 15, 34
2, 16, 58
2, 18, 46
2, 20, 8
2, 34, 32
2, 35, 41
2, 36, 17
2, 38, 5
2, 38, 46
2, 44, 40
2, 44, 49
2, 45, 6
2, 48, 13
2, 55, 22
2, 56, 54
2, 59, 10
2, 60, 37
2, 64, 33
2, 72, 26
2, 77, 31
2, 78, 51
2, 82, 43
2, 82, 55
2, 85, 14
2, 87, 5
2, 91, 7
2, 91, 48
2, 92, 26
2, 93, 25
2, 93, 45
2, 94, 1
2, 94, 19
2, 94, 29
2, 99, 8
2, 102, 10
2, 102, 41
2, 103, 35
2, 105, 20
2, 105, 44
2, 106, 2
2, 108, 15
2, 109, 39
2, 111, 45
2, 113, 49
2, 114, 38
2, 116, 15
2, 118, 6
2, 124, 4
2, 131, 46
2, 137, 28
2, 138, 41
2, 140, 25
2, 146, 8
2, 146, 55
2, 152, 36
2, 156, 17
2, 161, 37
2, 172, 34
2, 174, 58
2, 175, 28
2, 175, 32
2, 175, 44
2, 179, 51
2, 180, 22
2, 182, 46
2, 186, 19
2, 194, 40
2, 194, 45
2, 200, 13
2, 201, 46
2, 202, 20
2, 205, 14
2, 205, 40
2, 207, 55
2, 208, 54
2, 210, 17
2, 210, 28
2, 213, 26
2, 214, 26
2, 215, 31
2, 218, 33
2, 219, 42
2, 220, 41
2, 221, 20
2, 227, 48
2, 228, 14
2, 230, 35
2, 231, 40
2, 234, 25
2, 234, 39
2, 238, 10
2, 248, 29
2, 254, 5
2, 254, 34
2, 255, 39
2, 258, 1
2, 260, 46
2, 267, 49
2, 269, 39
2, 271, 15
2, 272, 41
2, 273, 21
2, 273, 37
2, 286, 22
2, 290, 34
2, 292, 36
2, 296, 54
2, 297, 4
2, 297, 26
2, 306, 6
2, 306, 35
2, 307, 37
2, 308, 20
2, 308, 58
2, 310, 38
2, 311, 14
2, 318, 7
2, 324, 44
2, 326, 25
2, 327, 33
2, 331, 28
2, 332, 10
2, 333, 2
2, 337, 45
2, 338, 39
2, 339, 4
2, 340, 25
2, 340, 29
2, 345, 5
2, 349, 45
2, 351, 19
2, 356, 40
2, 360, 48
2, 364, 54
2, 369, 8
2, 370, 5
2, 376, 31
2, 377, 19
2, 379, 46
2, 386, 55
2, 390, 21
2, 394, 1
2, 395, 35
2, 398, 10
3, 2, 9
3, 3, 23
3, 12, 29
3, 20, 6
3, 23, 41
3, 25, 21
3, 26, 38
3, 32, 22
3, 33, 41
3, 35, 51
3, 38, 15
3, 42, 59
3, 46, 45
3, 48, 5
3, 49, 17
3, 52, 43
3, 55, 16
3, 58, 17
3, 61, 12
3, 65, 31
3, 67, 18
3, 71, 23
3, 72, 24
3, 79, 13
3, 79, 35
3, 82, 49
3, 85, 38
3, 87, 9
3, 91, 40
3, 92, 53
3, 97, 11
3, 98, 42
3, 103, 8
3, 106, 10
3, 110, 30
3, 113, 45
3, 114, 28
3, 121, 37
3, 122, 51
3, 123, 20
3, 126, 21
3, 127, 4
3, 130, 50
3, 134, 29
3, 135, 8
3, 135, 23
3, 137, 49
3, 143, 18
3, 147, 22
3, 147, 42
3, 161, 52
3, 163, 57
3, 166, 23
3, 167, 35
3, 171, 53
3, 190, 13
3, 192, 15
3, 193, 20
3, 193, 60
3, 198, 38
3, 200, 38
3, 200, 41
3, 203, 22
3, 203, 35
3, 206, 40
3, 207, 59
3, 209, 27
3, 214, 16
3, 221, 19
3, 222, 21
3, 230, 49
3, 233, 12
3, 235, 24
3, 235, 44
3, 236, 45
3, 239, 29
3, 241, 13
3, 245, 17
3, 248, 29
3, 252, 7
3, 253, 10
3, 253, 18
3, 256, 37
3, 258, 23
3, 264, 19
3, 266, 5
3, 266, 50
3, 273, 22
3, 274, 28
3, 275, 8
3, 283, 31
3, 285, 11
3, 285, 43
3, 292, 38
3, 292, 45
3, 296, 4
3, 296, 28
3, 300, 31
3, 302, 4
3, 305, 22
3, 309, 22
3, 313, 4
3, 314, 24
3, 315, 5
3, 315, 57
3, 323, 53
3, 326, 10
3, 326, 51
3, 329, 44
3, 333, 27
3, 337, 59
3, 339, 51
3, 343, 15
3, 348, 49
3, 348, 52
3, 350, 11
3, 351, 42
3, 356, 45
3, 357, 28
3, 362, 40
3, 364, 4
3, 366, 22
3, 367, 30
3, 371, 12
3, 371, 51
3, 372, 37
3, 372, 43
3, 377, 23
3, 378, 49
3, 382, 60
3, 384, 5
3, 384, 38
3, 389, 8
3, 391, 35
3, 395, 50
4, 8, 51
4, 8, 52
4, 10, 6
4, 12, 28
4, 19, 48
4, 25, 19
4, 27, 32
4, 30, 21
4, 31, 37
4, 31, 38
4, 36, 29
4, 40, 13
4, 44, 6
4, 46, 37
4, 49, 14
4, 55, 50
4, 56, 32
4, 56, 53
4, 59, 12
4, 61, 24
4, 64, 30
4, 64, 36
4, 65, 33
4, 68, 9
4, 69, 42
4, 75, 1
4, 77, 59
4, 85, 2
4, 86, 14
4, 88, 5
4, 92, 11
4, 96, 25
4, 96, 37
4, 97, 43
4, 98, 53
4, 109, 9
4, 110, 28
4, 115, 5
4, 117, 26
4, 125, 40
4, 126, 39
4, 128, 25
4, 133, 24
4, 134, 48
4, 139, 39
4, 141, 21
4, 142, 6
4, 142, 13
4, 142, 42
4, 143, 11
4, 143, 31
4, 145, 15
4, 152, 19
4, 153, 37
4, 153, 38
4, 155, 32
4, 159, 31
4, 160, 51
4, 166, 14
4, 170, 24
4, 173, 37
4, 175, 19
4, 175, 50
4, 179, 29
4, 181, 22
4, 183, 21
4, 185, 48
4, 191, 53
4, 194, 35
4, 198, 27
4, 199, 48
4, 201, 17
4, 201, 30
4, 201, 39
4, 202, 59
4, 211, 21
4, 212, 37
4, 212, 48
4, 215, 46
4, 216, 14
4, 219, 15
4, 219, 50
4, 222, 46
4, 227, 52
4, 234, 40
4, 235, 25
4, 236, 52
4, 240, 53
4, 246, 41
4, 249, 26
4, 252, 2
4, 253, 54
4, 259, 40
4, 263, 35
4, 264, 17
4, 265, 41
4, 268, 21
4, 270, 24
4, 272, 5
4, 279, 26
4, 287, 27
4, 288, 36
4, 289, 6
4, 290, 30
4, 292, 35
4, 299, 2
4, 302, 46
4, 303, 17
4, 305, 15
4, 305, 38
4, 309, 1
4, 309, 28
4, 311, 18
4, 313, 59
4, 315, 9
4, 317, 54
4, 318, 21
4, 323, 37
4, 324, 17
4, 324, 67
4, 326, 51
4, 327, 26
4, 330, 43
4, 331, 22
4, 332, 5
4, 336, 33
4, 339, 12
4, 339, 31
4, 340, 2
4, 340, 37
4, 345, 17
4, 347, 12
4, 347, 39
4, 349, 38
4, 351, 31
4, 352, 43
4, 357, 52
4, 359, 29
4, 364, 35
4, 366, 30
4, 369, 21
4, 370, 15
4, 372, 27
4, 377, 11
4, 379, 28
4, 379, 30
4, 383, 22
4, 383, 48
4, 383, 50
4, 386, 11
4, 386, 26
4, 387, 41
4, 389, 29
4, 391, 35
4, 397, 25
4, 398, 35
4, 399, 53
5, 3, 38
5, 3, 48
5, 3, 53
5, 5, 56
5, 7, 35
5, 9, 23
5, 19, 4
5, 20, 3
5, 20, 28
5, 23, 12
5, 23, 43
5, 26, 48
5, 30, 47
5, 34, 10
5, 36, 17
5, 41, 22
5, 48, 41
5, 49, 51
5, 50, 20
5, 64, 8
5, 64, 11
5, 66, 29
5, 67, 46
5, 73, 45
5, 74, 7
5, 74, 24
5, 75, 56
5, 76, 30
5, 77, 48
5, 78, 32
5, 79, 8
5, 81, 3
5, 81, 43
5, 83, 30
5, 89, 31
5, 92, 29
5, 93, 23
5, 93, 38
5, 100, 43
5, 103, 52
5, 109, 28
5, 122, 41
5, 123, 23
5, 124, 10
5, 129, 15
5, 129, 22
5, 133, 33
5, 135, 20
5, 137, 4
5, 137, 25
5, 138, 42
5, 146, 14
5, 146, 51
5, 148, 47
5, 153, 53
5, 157, 17
5, 158, 12
5, 158, 28
5, 158, 56
5, 159, 41
5, 164, 52
5, 165, 43
5, 180, 17
5, 182, 34
5, 185, 46
5, 188, 23
5, 190, 46
5, 202, 47
5, 204, 30
5, 206, 24
5, 209, 22
5, 213, 45
5, 218, 49
5, 220, 56
5, 221, 37
5, 230, 28
5, 230, 51
5, 238, 29
5, 239, 17
5, 240, 35
5, 242, 38
5, 245, 32
5, 248, 35
5, 256, 20
5, 258, 3
5, 260, 48
5, 263, 65
5, 265, 31
5, 267, 14
5, 270, 17
5, 271, 21
5, 272, 25
5, 275, 15
5, 276, 26
5, 277, 41
5, 278, 7
5, 282, 33
5, 304, 8
5, 308, 32
5, 312, 15
5, 316, 28
5, 320, 43
5, 324, 38
5, 327, 4
5, 330, 52
5, 331, 32
5, 334, 11
5, 337, 45
5, 341, 17
5, 346, 28
5, 347, 24
5, 354, 24
5, 354, 30
5, 358, 32
5, 360, 53
5, 363, 12
5, 363, 37
5, 366, 45
5, 367, 31
5, 369, 23
5, 372, 34
5, 374, 39
5, 375, 4
5, 380, 10
5, 381, 29
5, 386, 15
5, 386, 32
5, 387, 35
5, 388, 47
5, 389, 7
5, 390, 49
5, 394, 3
5, 397, 28
5, 398, 7
5, 399, 25
6, 7, 42
6, 11, 19
6, 11, 20
6, 15, 44
6, 21, 57
6, 25, 46
6, 28, 21
6, 29, 18
6, 29, 27
6, 30, 6
6, 30, 55
6, 31, 15
6, 34, 5
6, 34, 34
6, 37, 53
6, 38, 13
6, 40, 5
6, 41, 36
6, 48, 42
6, 49, 12
6, 52, 40
6, 53, 38
6, 56, 58
6, 59, 39
6, 59, 48
6, 62, 37
6, 64, 23
6, 67, 46
6, 73, 42
6, 74, 20
6, 74, 31
6, 74, 47
6, 76, 42
6, 77, 21
6, 77, 22
6, 78, 14
6, 87, 13
6, 96, 15
6, 98, 2
6, 99, 12
6, 100, 29
6, 105, 45
6, 109, 6
6, 119, 16
6, 119, 38
6, 130, 18
6, 130, 36
6, 135, 36
6, 143, 39
6, 144, 46
6, 146, 6
6, 147, 42
6, 150, 45
6, 160, 48
6, 162, 27
6, 164, 18
6, 169, 27
6, 173, 46
6, 175, 40
6, 176, 58
6, 180, 23
6, 182, 16
6, 185, 12
6, 185, 13
6, 187, 29
6, 188, 25
6, 209, 42
6, 210, 27
6, 213, 57
6, 216, 38
6, 217, 39
6, 217, 55
6, 219, 21
6, 220, 44
6, 223, 39
6, 224, 54
6, 228, 15
6, 232, 26
6, 233, 47
6, 235, 34
6, 239, 14
6, 241, 25
6, 249, 22
6, 251, 20
6, 251, 38
6, 253, 31
6, 256, 53
6, 256, 57
6, 266, 2
6, 272, 54
6, 279, 29
6, 281, 45
6, 285, 14
6, 291, 34
6, 295, 37
6, 296, 13
6, 296, 23
6, 298, 55
6, 300, 5
6, 301, 15
6, 302, 25
6, 307, 40
6, 310, 48
6, 312, 34
6, 312, 57
6, 322, 23
6, 323, 38
6, 330, 14
6, 334, 18
6, 335, 36
6, 335, 40
6, 337, 12
6, 337, 42
6, 338, 45
6, 339, 54
6, 340, 20
6, 341, 27
6, 344, 26
6, 346, 22
6, 346, 31
6, 350, 48
6, 352, 53
6, 353, 38
6, 362, 30
6, 366, 21
6, 372, 39
6, 372, 46
6, 375, 22
6, 379, 15
6, 380, 5
6, 382, 44
6, 382, 57
6, 386, 39
6, 392, 18
6, 396, 29
6, 399, 47
7, 1, 2
7, 1, 51
7, 9, 2
7, 10, 18
7, 13, 9
7, 16, 57
7, 18, 19
7, 22, 29
7, 24, 11
7, 25, 40
7, 26, 5
7, 29, 45
7, 30, 4
7, 30, 33
7, 31, 20
7, 34, 52
7, 36, 41
7, 39, 16
7, 48, 36
7, 49, 7
7, 50, 11
7, 52, 37
7, 55, 52
7, 59, 51
7, 60, 34
7, 63, 23
7, 65, 15
7, 67, 57
7, 68, 22
7, 69, 13
7, 70, 39
7, 76, 18
7, 78, 9
7, 88, 2
7, 89, 38
7, 90, 9
7, 96, 48
7, 98, 10
7, 98, 12
7, 102, 24
7, 104, 30
7, 104, 39
7, 110, 5
7, 111, 37
7, 114, 40
7, 117, 51
7, 122, 43
7, 123, 14
7, 123, 33
7, 126, 19
7, 131, 8
7, 131, 24
7, 133, 20
7, 134, 7
7, 136, 31
7, 142, 18
7, 142, 46
7, 143, 13
7, 149, 12
7, 155, 33
7, 158, 41
7, 160, 13
7, 160, 20
7, 165, 38
7, 167, 19
7, 170, 48
7, 172, 42
7, 174, 26
7, 174, 29
7, 175, 15
7, 177, 28
7, 184, 16
7, 208, 52
7, 220, 23
7, 220, 31
7, 220, 38
7, 222, 34
7, 225, 11
7, 226, 14
7, 227, 36
7, 229, 19
7, 236, 45
7, 237, 12
7, 240, 24
7, 240, 51
7, 244, 44
7, 247, 27
7, 250, 37
7, 254, 4
7, 254, 30
7, 256, 52
7, 267, 8
7, 267, 31
7, 267, 34
7, 269, 2
7, 270, 20
7, 277, 40
7, 278, 10
7, 280, 27
7, 283, 22
7, 284, 43
7, 286, 19
7, 288, 41
7, 289, 26
7, 290, 9
7, 293, 10
7, 293, 33
7, 294, 18
7, 295, 7
7, 297, 48
7, 298, 16
7, 299, 42
7, 300, 22
7, 304, 43
7, 307, 27
7, 309, 19
7, 318, 10
7, 320, 5
7, 332, 29
7, 339, 33
7, 343, 24
7, 348, 16
7, 350, 2
7, 352, 57
7, 354, 11
7, 359, 38
7, 367, 39
7, 369, 4
7, 371, 33
7, 376, 26
7, 377, 28
7, 380, 37
7, 381, 46
7, 382, 10
7, 382, 31
7, 382, 33
7, 382, 39
7, 387, 23
7, 387, 33
7, 388, 8
7, 392, 42
7, 393, 57
7, 394, 24
7, 395, 4
7, 398, 12
8, 2, 42
8, 3, 32
8, 4, 1
8, 4, 30
8, 8, 49
8, 12, 32
8, 14, 43
8, 20, 28
8, 24, 35
8, 29, 16
8, 30, 11
8, 36, 2
8, 37, 39
8, 37, 51
8, 38, 1
8, 39, 13
8, 39, 58
8, 41, 37
8, 45, 48
8, 52, 15
8, 58, 7
8, 61, 42
8, 63, 29
8, 68, 19
8, 73, 3
8, 73, 53
8, 75, 5
8, 75, 47
8, 76, 9
8, 76, 33
8, 76, 53
8, 77, 36
8, 77, 40
8, 79, 3
8, 79, 53
8, 83, 1
8, 89, 4
8, 89, 18
8, 97, 49
8, 97, 56
8, 101, 27
8, 104, 36
8, 108, 42
8, 109, 9
8, 109, 28
8, 111, 36
8, 114, 42
8, 115, 40
8, 120, 13
8, 122, 11
8, 125, 4
8, 130, 28
8, 130, 36
8, 132, 2
8, 135, 28
8, 136, 37
8, 141, 17
8, 141, 22
8, 142, 1
8, 143, 51
8, 144, 30
8, 144, 58
8, 145, 34
8, 150, 39
8, 151, 32
8, 153, 43
8, 155, 52
8, 155, 53
8, 158, 42
8, 169, 15
8, 173, 51
8, 175, 24
8, 176, 62
8, 178, 44
8, 180, 20
8, 184, 37
8, 185, 35
8, 185, 48
8, 188, 32
8, 190, 49
8, 196, 55
8, 197, 49
8, 200, 33
8, 204, 35
8, 205, 21
8, 205, 27
8, 206, 47
8, 209, 47
8, 210, 11
8, 219, 17
8, 220, 15
8, 222, 18
8, 225, 58
8, 231, 42
8, 235, 43
8, 236, 44
8, 237, 29
8, 243, 19
8, 244, 34
8, 253, 56
8, 254, 5
8, 259, 27
8, 259, 32
8, 261, 16
8, 267, 24
8, 275, 11
8, 277, 4
8, 282, 37
8, 284, 30
8, 287, 17
8, 288, 19
8, 289, 3
8, 289, 40
8, 290, 22
8, 292, 8
8, 294, 35
8, 296, 43
8, 297, 51
8, 298, 37
8, 301, 45
8, 305, 13
8, 305, 33
8, 306, 47
8, 309, 21
8, 314, 36
8, 315, 34
8, 315, 39
8, 324, 51
8, 325, 18
8, 328, 55
8, 332, 48
8, 335, 4
8, 337, 24
8, 341, 2
8, 344, 27
8, 347, 7
8, 348, 62
8, 349, 9
8, 354, 43
8, 355, 2
8, 357, 9
8, 357, 56
8, 358, 5
8, 364, 49
8, 366, 32
8, 367, 8
8, 370, 21
8, 372, 43
8, 373, 44
8, 375, 19
8, 383, 49
8, 390, 37
8, 395, 20
8, 397, 28
8, 397, 42
8, 397, 52
8, 397, 53
9, 1, 21
9, 5, 56
9, 8, 54
9, 9, 35
9, 10, 14
9, 16, 29
9, 18, 31
9, 32, 21
9, 33, 39
9, 37, 32
9, 37, 38
9, 38, 23
9, 42, 43
9, 45, 59
9, 46, 4
9, 61, 19
9, 63, 34
9, 64, 10
9, 65, 51
9, 67, 24
9, 68, 45
9, 76, 8
9, 82, 11
9, 82, 47
9, 88, 32
9, 89, 44
9, 90, 56
9, 91, 30
9, 92, 14
9, 93, 9
9, 93, 40
9, 95, 53
9, 96, 20
9, 102, 50
9, 105, 12
9, 112, 48
9, 115, 38
9, 116, 45
9, 117, 8
9, 121, 54
9, 122, 29
9, 123, 54
9, 127, 52
9, 132, 49
9, 135, 41
9, 136, 19
9, 138, 5
9, 140, 45
9, 149, 4
9, 150, 50
9, 156, 31
9, 161, 13
9, 162, 21
9, 163, 16
9, 163, 47
9, 166, 22
9, 167, 31
9, 168, 20
9, 175, 11
9, 180, 10
9, 184, 43
9, 186, 14
9, 189, 35
9, 194, 44
9, 197, 19
9, 197, 35
9, 199, 53
9, 201, 46
9, 201, 48
9, 204, 20
9, 205, 23
9, 205, 25
9, 214, 36
9, 221, 30
9, 226, 26
9, 226, 50
9, 227, 34
9, 230, 46
9, 233, 51
9, 234, 21
9, 240, 32
9, 243, 43
9, 249, 37
9, 249, 63
9, 251, 22
9, 251, 54
9, 257, 29
9, 266, 49
9, 268, 44
9, 270, 50
9, 271, 47
9, 272, 14
9, 272, 31
9, 277, 52
9, 277, 56
9, 278, 12
9, 284, 4
9, 289, 41
9, 290, 24
9, 293, 3
9, 293, 45
9, 296, 49
9, 297, 59
9, 299, 4
9, 299, 22
9, 300, 25
9, 306, 34
9, 307, 36
9, 317, 13
9, 320, 23
9, 321, 20
9, 321, 35
9, 324, 56
9, 325, 21
9, 330, 32
9, 332, 43
9, 336, 26
9, 339, 16
9, 340, 11
9, 343, 5
9, 346, 48
9, 346, 53
9, 354, 30
9, 361, 19
9, 362, 29
9, 364, 14
9, 365, 63
9, 366, 31
9, 367, 34
9, 368, 38
9, 380, 12
9, 383, 11
9, 389, 41
9, 397, 30
9, 398, 12
9, 398, 46
9, 399, 3
10, 6, 38
10, 10, 19
10, 10, 36
10, 12, 36
10, 16, 22
10, 19, 25
10, 20, 39
10, 23, 30
10, 24, 37
10, 29, 45
10, 32, 7
10, 32, 29
10, 32, 42
10, 37, 23
10, 39, 29
10, 44, 17
10, 48, 57
10, 53, 27
10, 59, 3
10, 59, 15
10, 60, 7
10, 61, 21
10, 65, 45
10, 67, 11
10, 67, 37
10, 67, 43
10, 68, 16
10, 68, 51
10, 73, 15
10, 82, 55
10, 89, 26
10, 90, 19
10, 92, 28
10, 94, 31
10, 95, 8
10, 97, 45
10, 102, 12
10, 103, 6
10, 112, 10
10, 114, 11
10, 116, 53
10, 118, 29
10, 122, 24
10, 126, 22
10, 127, 19
10, 128, 24
10, 134, 35
10, 135, 7
10, 135, 13
10, 135, 53
10, 138, 17
10, 139, 45
10, 140, 14
10, 140, 35
10, 143, 11
10, 145, 55
10, 151, 28
10, 152, 23
10, 154, 18
10, 154, 39
10, 158, 46
10, 159, 29
10, 161, 52
10, 165, 29
10, 167, 12
10, 169, 45
10, 172, 41
10, 173, 19
10, 175, 39
10, 179, 38
10, 182, 25
10, 187, 13
10, 191, 29
10, 193, 18
10, 193, 21
10, 193, 51
10, 198, 43
10, 201, 32
10, 201, 53
10, 206, 47
10, 209, 37
10, 212, 37
10, 214, 17
10, 218, 22
10, 220, 39
10, 221, 23
10, 222, 19
10, 232, 28
10, 233, 41
10, 235, 12
10, 237, 16
10, 237, 26
10, 241, 52
10, 243, 31
10, 246, 26
10, 246, 36
10, 246, 46
10, 247, 27
10, 248, 38
10, 252, 57
10, 253, 21
10, 255, 6
10, 255, 15
10, 255, 42
10, 263, 45
10, 270, 7
10, 273, 23
10, 278, 8
10, 281, 13
10, 281, 49
10, 283, 10
10, 283, 47
10, 287, 39
10, 289, 35
10, 290, 29
10, 298, 6
10, 301, 18
10, 303, 14
10, 304, 31
10, 305, 32
10, 306, 37
10, 307, 53
10, 308, 11
10, 309, 51
10, 312, 22
10, 315, 11
10, 321, 8
10, 321, 26
10, 322, 25
10, 323, 42
10, 328, 49
10, 328, 57
10, 332, 55
10, 333, 21
10, 333, 22
10, 334, 19
10, 347, 24
10, 354, 41
10, 365, 52
10, 367, 42
10, 371, 4
10, 371, 53
10, 372, 36
10, 375, 12
10, 376, 23
10, 376, 46
10, 378, 7
10, 379, 37
10, 379, 47
10, 382, 6
10, 383, 26
10, 390, 43
10, 392, 8
10, 392, 35
10, 397, 2
10, 398, 15
10, 398, 18
11, 1, 13
11, 6, 53
11, 8, 30
11, 11, 57
11, 12, 15
11, 14, 29
11, 16, 45
11, 19, 34
11, 20, 6
11, 24, 5
11, 41, 29
11, 45, 22
11, 47, 14
11, 49, 32
11, 50, 12
11, 52, 23
11, 52, 47
11, 64, 7
11, 64, 23
11, 64, 55
11, 65, 11
11, 68, 22
11, 71, 7
11, 71, 23
11, 71, 42
11, 75, 29
11, 79, 9
11, 79, 58
11, 85, 3
11, 88, 21
11, 101, 4
11, 104, 8
11, 104, 61
11, 106, 26
11, 107, 24
11, 107, 33
11, 108, 29
11, 109, 5
11, 116, 50
11, 118, 3
11, 118, 6
11, 119, 14
11, 119, 45
11, 120, 16
11, 120, 40
11, 125, 28
11, 127, 1
11, 134, 47
11, 135, 43
11, 139, 36
11, 144, 53
11, 147, 57
11, 150, 55
11, 155, 15
11, 159, 17
11, 161, 50
11, 162, 42
11, 166, 9
11, 174, 42
11, 175, 22
11, 175, 24
11, 176, 34
11, 183, 31
11, 187, 39
11, 195, 15
11, 196, 26
11, 196, 32
11, 201, 13
11, 208, 43
11, 210, 48
11, 211, 21
11, 215, 32
11, 217, 43
11, 217, 47
11, 218, 7
11, 220, 37
11, 220, 51
11, 221, 19
11, 228, 23
11, 232, 51
11, 238, 17
11, 243, 34
11, 243, 40
11, 245, 5
11, 245, 23
11, 245, 45
11, 248, 36
11, 248, 53
11, 250, 15
11, 252, 36
11, 254, 22
11, 255, 15
11, 256, 16
11, 256, 50
11, 261, 26
11, 265, 8
11, 265, 55
11, 271, 34
11, 272, 4
11, 277, 12
11, 278, 37
11, 285, 57
11, 286, 51
11, 288, 40
11, 301, 11
11, 308, 6
11, 313, 58
11, 317, 9
11, 321, 29
11, 323, 15
11, 323, 42
11, 326, 28
11, 328, 3
11, 340, 29
11, 344, 33
11, 347, 47
11, 348, 13
11, 348, 24
11, 349, 7
11, 349, 58
11, 353, 36
11, 356, 45
11, 356, 62
11, 359, 32
11, 360, 31
11, 362, 21
11, 373, 43
11, 375, 1
11, 376, 55
11, 377, 23
11, 379, 39
11, 380, 12
11, 383, 15
11, 384, 22
11, 384, 45
11, 384, 51
11, 386, 34
11, 389, 4
11, 389, 7
11, 391, 19
11, 392, 45
11, 393, 9
12, 2, 1
12, 3, 23
12, 3, 35
12, 9, 27
12, 11, 7
12, 12, 54
12, 14, 40
12, 15, 35
12, 16, 16
12, 18, 18
12, 22, 4
12, 24, 41
12, 26, 30
12, 32, 17
12, 35, 2
12, 35, 26
12, 35, 44
12, 37, 10
12, 37, 52
12, 39, 10
12, 39, 37
12, 40, 33
12, 45, 9
12, 45, 32
12, 48, 22
12, 49, 40
12, 50, 49
12, 52, 14
12, 55, 2
12, 55, 24
12, 56, 53
12, 63, 27
12, 67, 18
12, 67, 31
12, 69, 4
12, 70, 34
12, 77, 39
12, 85, 47
12, 86, 19
12, 92, 20
12, 93, 43
12, 95, 40
12, 100, 16
12, 107, 15
12, 111, 42
12, 111, 52
12, 112, 24
12, 113, 32
12, 114, 48
12, 114, 49
12, 116, 30
12, 119, 25
12, 121, 12
12, 122, 1
12, 130, 17
12, 130, 41
12, 131, 45
12, 134, 9
12, 137, 35
12, 140, 9
12, 142, 16
12, 142, 28
12, 146, 26
12, 148, 42
12, 149, 49
12, 151, 33
12, 153, 54
12, 160, 17
12, 166, 21
12, 169, 27
12, 172, 19
12, 173, 10
12, 175, 14
12, 180, 44
12, 185, 23
12, 185, 27
12, 187, 18
12, 187, 42
12, 192, 31
12, 194, 40
12, 198, 44
12, 199, 53
12, 205, 14
12, 214, 27
12, 216, 15
12, 221, 26
12, 226, 16
12, 231, 20
12, 236, 56
12, 244, 52
12, 246, 29
12, 252, 53
12, 255, 30
12, 256, 10
12, 262, 37
12, 263, 24
12, 273, 39
12, 273, 54
12, 274, 35
12, 279, 49
12, 282, 59
12, 284, 41
12, 285, 40
12, 287, 21
12, 287, 56
12, 288, 48
12, 298, 1
12, 299, 32
12, 299, 54
12, 304, 21
12, 304, 33
12, 305, 18
12, 312, 7
12, 318, 18
12, 318, 49
12, 324, 22
12, 326, 47
12, 328, 34
12, 329, 4
12, 332, 2
12, 332, 12
12, 336, 50
12, 345, 2
12, 347, 16
12, 348, 31
12, 348, 45
12, 348, 50
12, 354, 26
12, 364, 23
12, 364, 29
12, 366, 44
12, 372, 10
12, 373, 19
12, 373, 25
12, 374, 35
12, 376, 10
12, 378, 32
12, 378, 56
12, 379, 14
12, 380, 14
12, 380, 20
12, 386, 21
12, 387, 52
12, 389, 54
12, 396, 42
12, 398, 8
13, 4, 11
13, 5, 17
13, 6, 39
13, 9, 21
13, 12, 24
13, 14, 4
13, 14, 35
13, 16, 7
13, 17, 29
13, 21, 38
13, 23, 28
13, 24, 18
13, 25, 22
13, 30, 15
13, 31, 44
13, 41, 8
13, 41, 39
13, 43, 31
13, 47, 12
13, 47, 44
13, 57, 54
13, 59, 29
13, 61, 40
13, 65, 32
13, 65, 40
13, 66, 21
13, 69, 48
13, 71, 49
13, 81, 52
13, 83, 20
13, 89, 4
13, 89, 9
13, 94, 17
13, 95, 39
13, 98, 36
13, 98, 37
13, 100, 31
13, 100, 50
13, 101, 11
13, 102, 19
13, 102, 44
13, 104, 15
13, 104, 45
13, 111, 47
13, 117, 21
13, 123, 23
13, 124, 43
13, 127, 6
13, 129, 7
13, 130, 14
13, 132, 35
13, 133, 4
13, 133, 18
13, 133, 24
13, 137, 4
13, 138, 46
13, 141, 25
13, 144, 32
13, 148, 18
13, 150, 5
13, 152, 40
13, 154, 26
13, 158, 20
13, 160, 19
13, 164, 47
13, 173, 21
13, 176, 48
13, 184, 12
13, 184, 20
13, 185, 14
13, 186, 22
13, 195, 12
13, 199, 54
13, 201, 24
13, 204, 44
13, 205, 36
13, 208, 38
13, 208, 44
13, 209, 52
13, 212, 29
13, 213, 35
13, 217, 35
13, 222, 39
13, 224, 25
13, 229, 9
13, 234, 23
13, 235, 28
13, 238, 49
13, 241, 22
13, 241, 50
13, 252, 7
13, 252, 8
13, 257, 40
13, 262, 17
13, 266, 25
13, 267, 48
13, 268, 15
13, 275, 8
13, 276, 24
13, 280, 46
13, 283, 31
13, 286, 38
13, 288, 45
13, 290, 36
13, 292, 43
13, 293, 18
13, 297, 55
13, 299, 23
13, 304, 32
13, 307, 37
13, 309, 6
13, 311, 46
13, 312, 20
13, 313, 50
13, 317, 52
13, 321, 23
13, 322, 14
13, 323, 28
13, 324, 54
13, 332, 21
13, 333, 22
13, 337, 22
13, 339, 8
13, 340, 40
13, 344, 5
13, 345, 48
13, 346, 19
13, 347, 22
13, 349, 35
13, 352, 24
13, 353, 35
13, 353, 47
13, 355, 15
13, 355, 44
13, 357, 6
13, 364, 20
13, 366, 37
13, 367, 11
13, 370, 17
13, 372, 23
13, 374, 14
13, 378, 20
13, 378, 39
13, 379, 4
13, 383, 54
13, 395, 8
13, 399, 12
14, 1, 13
14, 1, 42
14, 13, 19
14, 19, 37
14, 19, 41
14, 20, 50
14, 22, 13
14, 23, 9
14, 24, 48
14, 25, 35
14, 26, 23
14, 27, 36
14, 30, 10
14, 32, 49
14, 36, 43
14, 39, 51
14, 47, 30
14, 50, 46
14, 51, 31
14, 52, 1
14, 57, 16
14, 57, 32
14, 70, 15
14, 73, 18
14, 73, 57
14, 74, 9
14, 74, 38
14, 75, 45
14, 76, 20
14, 77, 48
14, 80, 51
14, 81, 33
14, 83, 58
14, 86, 19
14, 87, 28
14, 94, 50
14, 95, 30
14, 96, 1
14, 97, 42
14, 98, 2
14, 98, 21
14, 98, 32
14, 98, 41
14, 102, 54
14, 105, 35
14, 110, 13
14, 112, 46
14, 115, 15
14, 122, 11
14, 123, 4
14, 124, 10
14, 128, 25
14, 128, 37
14, 132, 23
14, 135, 55
14, 144, 5
14, 144, 27
14, 144, 49
14, 147, 2
14, 147, 30
14, 152, 57
14, 157, 44
14, 161, 48
14, 168, 33
14, 171, 31
14, 182, 51
14, 183, 25
14, 188, 37
14, 191, 37
14, 194, 41
14, 196, 45
14, 197, 16
14, 200, 13
14, 203, 18
14, 205, 36
14, 205, 62
14, 207, 18
14, 208, 15
14, 210, 41
14, 213, 30
14, 213, 40
14, 215, 38
14, 218, 15
14, 218, 28
14, 218, 50
14, 220, 15
14, 224, 19
14, 225, 46
14, 226, 50
14, 227, 55
14, 231, 33
14, 233, 44
14, 235, 35
14, 235, 41
14, 240, 32
14, 240, 58
14, 246, 19
14, 247, 40
14, 248, 21
14, 249, 35
14, 256, 19
14, 260, 51
14, 263, 21
14, 265, 28
14, 267, 27
14, 269, 23
14, 275, 25
14, 277, 4
14, 277, 11
14, 280, 1
14, 280, 36
14, 281, 30
14, 281, 36
14, 292, 42
14, 295, 33
14, 295, 54
14, 296, 5
14, 304, 35
14, 304, 44
14, 307, 15
14, 307, 46
14, 309, 43
14, 313, 13
14, 315, 38
14, 316, 15
14, 327, 9
14, 327, 28
14, 332, 37
14, 338, 1
14, 340, 57
14, 342, 41
14, 342, 62
14, 345, 38
14, 352, 50
14, 353, 45
14, 359, 18
14, 367, 5
14, 369, 55
14, 372, 42
14, 374, 46
14, 378, 15
14, 380, 27
14, 380, 31
14, 381, 51
14, 387, 19
14, 391, 40
14, 395, 16
15, 2, 43
15, 3, 32
15, 5, 19
15, 5, 34
15, 8, 11
15, 9, 52
15, 10, 9
15, 15, 25
15, 23, 16
15, 27, 21
15, 32, 35
15, 35, 25
15, 37, 7
15, 38, 11
15, 38, 24
15, 38, 47
15, 39, 3
15, 43, 38
15, 44, 42
15, 45, 51
15, 48, 26
15, 55, 8
15, 56, 17
15, 56, 53
15, 59, 19
15, 59, 34
15, 61, 27
15, 61, 36
15, 61, 37
15, 63, 23
15, 64, 25
15, 65, 36
15, 69, 1
15, 70, 15
15, 71, 32
15, 76, 12
15, 76, 22
15, 80, 17
15, 80, 44
15, 81, 56
15, 84, 28
15, 86, 20
15, 91, 42
15, 93, 36
15, 97, 47
15, 98, 3
15, 103, 7
15, 105, 9
15, 106, 10
15, 109, 38
15, 110, 7
15, 112, 28
15, 114, 52
15, 119, 53
15, 121, 6
15, 125, 41
15, 126, 9
15, 126, 46
15, 134, 7
15, 135, 37
15, 135, 55
15, 138, 16
15, 145, 19
15, 146, 43
15, 151, 42
15, 153, 34
15, 153, 52
15, 162, 44
15, 167, 21
15, 167, 29
15, 167, 43
15, 169, 24
15, 171, 35
15, 173, 35
15, 173, 52
15, 177, 35
15, 178, 23
15, 182, 14
15, 184, 41
15, 184, 43
15, 187, 31
15, 190, 25
15, 191, 26
15, 192, 43
15, 199, 27
15, 200, 48
15, 201, 55
15, 203, 21
15, 203, 59
15, 212, 56
15, 221, 53
15, 237, 37
15, 241, 30
15, 241, 41
15, 245, 22
15, 245, 47
15, 249, 19
15, 250, 55
15, 258, 8
15, 258, 52
15, 261, 15
15, 261, 36
15, 262, 17
15, 262, 38
15, 265, 31
15, 267, 37
15, 268, 28
15, 270, 55
15, 271, 46
15, 273, 1
15, 276, 29
15, 278, 40
15, 283, 51
15, 285, 11
15, 289, 14
15, 290, 16
15, 293, 44
15, 294, 11
15, 296, 23
15, 296, 27
15, 296, 53
15, 299, 23
15, 299, 28
15, 299, 42
15, 309, 31
15, 311, 17
15, 311, 59
15, 312, 25
15, 314, 6
15, 314, 24
15, 316, 34
15, 325, 41
15, 327, 20
15, 327, 52
15, 328, 43
15, 333, 28
15, 335, 11
15, 339, 38
15, 341, 26
15, 342, 24
15, 343, 12
15, 345, 7
15, 345, 21
15, 349, 40
15, 353, 55
15, 356, 27
15, 356, 51
15, 357, 3
15, 358, 37
15, 365, 16
15, 370, 35
15, 371, 28
15, 371, 48
15, 377, 55
15, 380, 26
15, 381, 38
15, 387, 19
15, 389, 31
15, 391, 8
15, 392, 1
15, 395, 17
15, 397, 47
15, 399, 53
16, 4, 9
16, 5, 14
16, 10, 48
16, 18, 49
16, 21, 13
16, 21, 21
16, 22, 28
16, 27, 32
16, 29, 3
16, 30, 10
16, 31, 28
16, 32, 34
16, 35, 15
16, 37, 22
16, 40, 16
16, 42, 23
16, 47, 12
16, 50, 36
16, 59, 20
16, 60, 17
16, 63, 57
16, 66, 7
16, 67, 38
16, 68, 5
16, 73, 51
16, 74, 57
16, 80, 3
16, 80, 32
16, 84, 5
16, 85, 26
16, 86, 1
16, 89, 14
16, 98, 53
16, 101, 12
16, 108, 48
16, 109, 10
16, 112, 36
16, 113, 31
16, 124, 51
16, 128, 1
16, 129, 22
16, 131, 40
16, 136, 42
16, 137, 8
16, 148, 14
16, 149, 15
16, 150, 39
16, 151, 9
16, 154, 16
16, 156, 30
16, 160, 20
16, 163, 23
16, 163, 48
16, 175, 31
16, 177, 46
16, 180, 52
16, 185, 49
16, 192, 32
16, 193, 38
16, 196, 40
16, 201, 17
16, 205, 42
16, 207, 27
16, 208, 21
16, 208, 36
16, 211, 34
16, 214, 12
16, 215, 42
16, 217, 24
16, 217, 34
16, 225, 33
16, 227, 14
16, 230, 10
16, 231, 24
16, 234, 50
16, 237, 26
16, 245, 35
16, 250, 14
16, 250, 49
16, 253, 5
16, 257, 27
16, 258, 53
16, 260, 12
16, 263, 32
16, 265, 31
16, 277, 17
16, 278, 32
16, 279, 8
16, 280, 46
16, 284, 15
16, 290, 7
16, 292, 12
16, 292, 56
16, 294, 28
16, 296, 39
16, 298, 16
16, 299, 25
16, 302, 30
16, 306, 20
16, 308, 40
16, 311, 3
16, 314, 36
16, 316, 48
16, 323, 12
16, 325, 57
16, 328, 50
16, 332, 15
16, 332, 27
16, 338, 6
16, 340, 9
16, 340, 31
16, 342, 51
16, 343, 1
16, 344, 30
16, 344, 42
16, 345, 21
16, 347, 28
16, 350, 52
16, 351, 38
16, 352, 24
16, 361, 10
16, 362, 28
16, 366, 15
16, 368, 36
16, 373, 32
16, 381, 34
16, 384, 8
16, 387, 27
16, 393, 3
16, 393, 39
17, 3, 45
17, 7, 8
17, 11, 39
17, 12, 1
17, 12, 55
17, 13, 46
17, 13, 60
17, 14, 41
17, 23, 13
17, 24, 31
17, 28, 15
17, 28, 50
17, 30, 40
17, 34, 44
17, 37, 33
17, 38, 6
17, 40, 18
17, 45, 3
17, 47, 8
17, 62, 17
17, 64, 1
17, 66, 8
17, 66, 13
17, 67, 47
17, 70, 42
17, 71, 25
17, 72, 43
17, 72, 51
17, 74, 35
17, 77, 2
17, 77, 25
17, 82, 53
17, 83, 15
17, 84, 34
17, 84, 38
17, 86, 9
17, 88, 11
17, 89, 32
17, 93, 55
17, 96, 6
17, 96, 28
17, 98, 15
17, 102, 17
17, 102, 50
17, 106, 13
17, 107, 18
17, 108, 11
17, 108, 39
17, 113, 16
17, 113, 30
17, 114, 43
17, 117, 31
17, 122, 21
17, 126, 1
17, 140, 44
17, 144, 18
17, 148, 28
17, 150, 51
17, 155, 37
17, 158, 19
17, 158, 44
17, 160, 29
17, 173, 46
17, 173, 53
17, 178, 31
17, 180, 17
17, 181, 53
17, 183, 22
17, 183, 43
17, 185, 13
17, 185, 40
17, 191, 53
17, 193, 43
17, 202, 25
17, 207, 42
17, 208, 47
17, 211, 50
17, 214, 45
17, 215, 21
17, 216, 15
17, 216, 51
17, 217, 11
17, 221, 18
17, 221, 42
17, 226, 45
17, 227, 28
17, 227, 55
17, 239, 16
17, 249, 29
17, 251, 14
17, 252, 39
17, 255, 8
17, 255, 41
17, 263, 6
17, 263, 46
17, 264, 38
17, 266, 37
17, 272, 46
17, 276, 19
17, 276, 34
17, 276, 38
17, 277, 31
17, 277, 54
17, 282, 47
17, 284, 43
17, 288, 21
17, 288, 34
17, 289, 1
17, 293, 35
17, 302, 18
17, 305, 8
17, 305, 53
17, 308, 17
17, 309, 15
17, 310, 50
17, 315, 55
17, 318, 46
17, 322, 34
17, 325, 35
17, 326, 55
17, 327, 3
17, 333, 51
17, 336, 15
17, 336, 22
17, 338, 25
17, 342, 28
17, 345, 21
17, 347, 44
17, 353, 43
17, 354, 1
17, 354, 9
17, 359, 14
17, 359, 40
17, 362, 14
17, 374, 6
17, 374, 38
17, 381, 1
17, 387, 21
17, 391, 44
17, 397, 34
18, 5, 41
18, 10, 31
18, 10, 50
18, 13, 37
18, 14, 26
18, 15, 6
18, 16, 25
18, 17, 20
18, 18, 1
18, 20, 53
18, 22, 30
18, 27, 16
18, 29, 21
18, 32, 52
18, 42, 33
18, 42, 36
18, 44, 43
18, 46, 17
18, 54, 4
18, 54, 40
18, 54, 44
18, 56, 7
18, 60, 25
18, 61, 49
18, 64, 22
18, 65, 23
18, 73, 15
18, 75, 24
18, 77, 48
18, 78, 2
18, 78, 55
18, 79, 11
18, 79, 30
18, 82, 28
18, 83, 42
18, 85, 53
18, 92, 2
18, 95, 32
18, 95, 58
18, 106, 31
18, 108, 52
18, 113, 27
18, 114, 21
18, 114, 22
18, 117, 6
18, 119, 17
18, 121, 1
18, 124, 57
18, 125, 28
18, 132, 22
18, 134, 13
18, 134, 31
18, 136, 53
18, 145, 43
18, 146, 20
18, 148, 37
18, 150, 16
18, 153, 52
18, 161, 41
18, 168, 15
18, 169, 35
18, 171, 58
18, 175, 27
18, 180, 50
18, 186, 15
18, 191, 11
18, 195, 15
18, 195, 44
18, 198, 25
18, 203, 36
18, 211, 27
18, 211, 58
18, 217, 49
18, 224, 18
18, 226, 35
18, 233, 17
18, 234, 24
18, 236, 39
18, 240, 22
18, 247, 26
18, 248, 20
18, 248, 31
18, 248, 48
18, 249, 21
18, 253, 53
18, 254, 7
18, 258, 13
18, 259, 18
18, 259, 28
18, 264, 36
18, 270, 21
18, 272, 4
18, 274, 13
18, 278, 42
18, 279, 57
18, 282, 4
18, 282, 54
18, 283, 46
18, 294, 53
18, 295, 33
18, 298, 20
18, 299, 30
18, 304, 43
18, 306, 7
18, 306, 36
18, 309, 31
18, 312, 32
18, 316, 40
18, 318, 21
18, 320, 24
18, 323, 11
18, 325, 9
18, 325, 48
18, 329, 15
18, 331, 41
18, 340, 17
18, 347, 2
18, 351, 52
18, 353, 58
18, 355, 20
18, 358, 57
18, 362, 44
18, 364, 33
18, 365, 3
18, 366, 49
18, 369, 41
18, 372, 3
18, 373, 35
18, 378, 16
18, 381, 48
18, 386, 18
18, 386, 26
18, 387, 46
18, 388, 7
18, 390, 4
18, 392, 23
18, 395, 13
18, 395, 36
19, 4, 25
19, 8, 2
19, 10, 24
19, 10, 32
19, 17, 37
19, 19, 16
19, 27, 4
19, 27, 40
19, 30, 38
19, 30, 52
19, 31, 40
19, 36, 5
19, 37, 59
19, 38, 1
19, 38, 49
19, 39, 11
19, 39, 27
19, 43, 35
19, 47, 39
19, 49, 20
19, 49, 24
19, 54, 2
19, 56, 13
19, 56, 43
19, 58, 55
19, 59, 25
19, 65, 26
19, 69, 30
19, 69, 35
19, 70, 25
19, 71, 24
19, 81, 22
19, 89, 46
19, 89, 59
19, 93, 9
19, 93, 27
19, 95, 32
19, 97, 15
19, 97, 22
19, 103, 43
19, 104, 17
19, 106, 6
19, 108, 44
19, 109, 52
19, 114, 33
19, 120, 11
19, 124, 34
19, 127, 6
19, 129, 1
19, 132, 4
19, 132, 29
19, 133, 38
19, 141, 5
19, 144, 39
19, 145, 40
19, 154, 32
19, 155, 37
19, 158, 13
19, 158, 16
19, 162, 52
19, 164, 20
19, 167, 35
19, 171, 49
19, 173, 50
19, 181, 30
19, 187, 14
19, 188, 22
19, 189, 30
19, 201, 43
19, 203, 16
19, 204, 20
19, 216, 25
19, 217, 30
19, 223, 46
19, 232, 27
19, 234, 11
19, 235, 9
19, 235, 50
19, 237, 43
19, 252, 26
19, 254, 55
19, 255, 15
19, 256, 11
19, 267, 6
19, 267, 50
19, 268, 13
19, 269, 15
19, 271, 49
19, 273, 17
19, 274, 29
19, 278, 32
19, 282, 38
19, 284, 12
19, 284, 35
19, 292, 22
19, 296, 16
19, 302, 40
19, 302, 44
19, 303, 14
19, 303, 27
19, 304, 2
19, 304, 50
19, 306, 1
19, 307, 34
19, 313, 39
19, 314, 4
19, 314, 9
19, 316, 13
19, 316, 32
19, 316, 38
19, 330, 15
19, 330, 52
19, 331, 9
19, 343, 32
19, 349, 13
19, 349, 43
19, 351, 15
19, 352, 30
19, 353, 32
19, 355, 1
19, 355, 54
19, 356, 24
19, 367, 58
19, 372, 29
19, 374, 12
19, 375, 26
19, 376, 52
19, 381, 44
19, 382, 37
19, 384, 6
19, 384, 29
19, 388, 39
19, 389, 16
19, 392, 9
19, 397, 32
