1, 3, 38
1, 6, 46
1, 11, 2
1, 18, 22
1, 19, 28
1, 20, 26
1, 20, 38
1, 22, 24
1, 23, 13
1, 28, 6
1, 28, 34
1, 30, 43
1, 36, 45
1, 38, 42
1, 39, 53
1, 46, 29
1, 55, 3
1, 58, 11
1, 58, 54
1, 59, 16
1, 59, 27
1, 59, 50
1, 60, 18
1, 65, 15
1, 65, 36
1, 65, 37
1, 67, 39
1, 71, 9
1, 72, 2
1, 72, 35
1, 77, 14
1, 79, 31
1, 83, 10
1, 94, 52
1, 100, 5
1, 104, 43
1, 105, 46
1, 106, 6
1, 106, 45
1, 108, 48
1, 112, 40
1, 115, 13
1, 115, 28
1, 117, 47
1, 126, 21
1, 129, 20
1, 130, 16
1, 130, 31
1, 135, 31
1, 136, 5
1, 138, 51
1, 143, 7
1, 146, 50
1, 147, 2
1, 151, 38
1, 155, 27
1, 155, 39
1, 155, 46
1, 159, 4
1, 166, 54
1, 168, 48
1, 169, 21
1, 170, 26
1, 171, 52
1, 177, 36
1, 178, 23
1, 181, 23
1, 185, 15
1, 185, 18
1, 185, 46
1, 190, 1
1, 192, 15
1, 200, 39
1, 200, 52
1, 201, 29
1, 201, 34
1, 201, 42
1, 202, 53
1, 205, 35
1, 206, 3
1, 207, 19
1, 207, 24
1, 208, 5
1, 208, 42
1, 212, 39
1, 217, 25
1, 219, 30
1, 225, 27
1, 226, 47
1, 231, 37
1, 235, 6
1, 241, 2
1, 242, 11
1, 252, 3
1, 256, 48
1, 257, 14
1, 257, 34
1, 269, 5
1, 269, 52
1, 273, 54
1, 276, 20
1, 278, 28
1, 278, 43
1, 279, 22
1, 280, 28
1, 280, 35
1, 285, 7
1, 285, 31
1, 285, 45
1, 286, 18
1, 287, 4
1, 289, 32
1, 290, 24
1, 292, 36
1, 298, 5
1, 300, 31
1, 303, 13
1, 307, 10
1, 308, 21
1, 309, 19
1, 309, 50
1, 311, 37
1, 312, 47
1, 313, 30
1, 316, 40
1, 316, 51
1, 319, 18
1, 324, 18
1, 324, 24
1, 327, 53
1, 329, 42
1, 332, 11
1, 334, 7
1, 335, 22
1, 335, 36
1, 337, 29
1, 338, 15
1, 343, 34
1, 347, 39
1, 352, 5
1, 352, 32
1, 356, 51
1, 359, 27
1, 363, 40
1, 363, 46
1, 365, 38
1, 367, 2
1, 375, 29
1, 378, 34
1, 379, 45
1, 384, 47
1, 390, 43
1, 391, 4
1, 391, 52
1, 395, 26
1, 398, 24
2, 4, 9
2, 4, 50
2, 5, 35
2, 9, 30
2, 9, 40
2, 11, 3
2, 13, 20
2, 17, 51
2, 29, 32
2, 30, 8
2, 32, 15
2, 32, 21
2, 33, 50
2, 37, 28
2, 40, 58
2, 43, 11
2, 44, 40
2, 45, 27
2, 51, 12
2, 51, 17
2, 52, 33
2, 53, 14
2, 54, 28
2, 55, 37
2, 56, 46
2, 58, 37
2, 61, 43
2, 64, 38
2, 64, 42
2, 67, 19
2, 71, 29
2, 73, 13
2, 77, 40
2, 79, 3
2, 84, 41
2, 85, 4
2, 85, 26
2, 87, 51
2, 89, 18
2, 90, 39
2, 91, 6
2, 92, 10
2, 92, 23
2, 92, 55
2, 93, 1
2, 93, 28
2, 102, 22
2, 103, 35
2, 104, 17
2, 111, 30
2, 111, 48
2, 112, 50
2, 114, 3
2, 114, 9
2, 115, 8
2, 119, 7
2, 119, 49
2, 125, 16
2, 130, 37
2, 131, 20
2, 132, 40
2, 135, 2
2, 135, 55
2, 138, 27
2, 139, 37
2, 141, 3
2, 142, 12
2, 144, 9
2, 149, 6
2, 149, 23
2, 152, 36
2, 152, 43
2, 154, 21
2, 154, 33
2, 155, 27
2, 156, 47
2, 157, 16
2, 159, 23
2, 160, 37
2, 174, 8
2, 175, 41
2, 177, 1
2, 178, 39
2, 179, 52
2, 182, 42
2, 186, 41
2, 187, 40
2, 192, 32
2, 192, 46
2, 193, 5
2, 197, 19
2, 198, 38
2, 205, 25
2, 207, 5
2, 207, 38
2, 210, 15
2, 212, 29
2, 214, 48
2, 216, 50
2, 218, 13
2, 218, 14
2, 219, 17
2, 220, 42
2, 221, 2
2, 222, 49
2, 224, 51
2, 225, 26
2, 225, 36
2, 226, 18
2, 227, 46
2, 228, 10
2, 229, 20
2, 230, 6
2, 233, 1
2, 236, 9
2, 238, 30
2, 243, 3
2, 243, 18
2, 245, 16
2, 247, 22
2, 252, 11
2, 254, 13
2, 257, 35
2, 257, 43
2, 261, 3
2, 264, 37
2, 266, 25
2, 268, 27
2, 271, 21
2, 272, 28
2, 276, 5
2, 283, 7
2, 284, 30
2, 288, 48
2, 289, 32
2, 291, 19
2, 292, 27
2, 297, 37
2, 297, 51
2, 298, 29
2, 300, 12
2, 301, 39
2, 307, 33
2, 311, 25
2, 314, 29
2, 314, 40
2, 315, 23
2, 317, 3
2, 318, 6
2, 318, 23
2, 319, 18
2, 320, 52
2, 323, 20
2, 324, 30
2, 334, 36
2, 335, 17
2, 335, 22
2, 336, 58
2, 340, 8
2, 341, 28
2, 342, 16
2, 342, 38
2, 345, 42
2, 348, 40
2, 350, 7
2, 352, 16
2, 352, 50
2, 356, 47
2, 359, 9
2, 361, 1
2, 361, 33
2, 361, 39
2, 362, 5
2, 362, 21
2, 363, 41
2, 369, 1
2, 370, 36
2, 375, 30
2, 378, 13
2, 379, 2
2, 382, 2
2, 385, 26
2, 387, 10
2, 387, 12
2, 387, 18
2, 389, 40
2, 396, 25
3, 2, 35
3, 4, 21
3, 8, 24
3, 9, 18
3, 10, 8
3, 10, 43
3, 19, 12
3, 19, 42
3, 19, 58
3, 20, 8
3, 20, 47
3, 22, 24
3, 22, 38
3, 25, 46
3, 29, 48
3, 33, 34
3, 36, 17
3, 37, 48
3, 45, 4
3, 48, 35
3, 49, 37
3, 50, 9
3, 53, 45
3, 54, 30
3, 58, 56
3, 63, 28
3, 68, 55
3, 71, 21
3, 77, 25
3, 82, 13
3, 82, 44
3, 83, 33
3, 86, 40
3, 88, 19
3, 89, 23
3, 90, 38
3, 92, 37
3, 92, 47
3, 98, 5
3, 98, 15
3, 98, 35
3, 98, 49
3, 99, 7
3, 99, 13
3, 99, 54
3, 105, 14
3, 107, 1
3, 107, 9
3, 110, 43
3, 117, 12
3, 117, 18
3, 121, 34
3, 122, 50
3, 128, 21
3, 128, 31
3, 131, 26
3, 132, 43
3, 137, 48
3, 141, 50
3, 143, 37
3, 144, 38
3, 144, 47
3, 147, 8
3, 149, 34
3, 150, 16
3, 150, 37
3, 151, 46
3, 154, 32
3, 159, 27
3, 160, 35
3, 163, 32
3, 164, 2
3, 164, 40
3, 165, 25
3, 165, 41
3, 172, 34
3, 173, 8
3, 174, 8
3, 174, 40
3, 177, 47
3, 178, 24
3, 181, 21
3, 185, 34
3, 190, 11
3, 190, 46
3, 191, 7
3, 193, 30
3, 194, 13
3, 194, 17
3, 199, 58
3, 200, 11
3, 201, 19
3, 203, 14
3, 205, 23
3, 206, 56
3, 209, 28
3, 212, 19
3, 213, 12
3, 214, 24
3, 214, 42
3, 219, 48
3, 221, 37
3, 223, 49
3, 224, 15
3, 226, 33
3, 227, 47
3, 232, 46
3, 235, 44
3, 236, 35
3, 238, 5
3, 240, 13
3, 242, 4
3, 243, 7
3, 244, 28
3, 248, 6
3, 248, 43
3, 250, 18
3, 254, 9
3, 255, 35
3, 256, 1
3, 256, 23
3, 256, 50
3, 258, 31
3, 258, 42
3, 265, 16
3, 265, 47
3, 266, 25
3, 267, 2
3, 267, 56
3, 270, 28
3, 272, 2
3, 273, 6
3, 276, 17
3, 277, 43
3, 278, 27
3, 279, 19
3, 280, 15
3, 282, 8
3, 283, 25
3, 284, 55
3, 285, 10
3, 286, 21
3, 288, 38
3, 292, 54
3, 293, 40
3, 296, 26
3, 299, 20
3, 307, 41
3, 308, 32
3, 309, 5
3, 312, 12
3, 312, 17
3, 318, 30
3, 319, 54
3, 320, 7
3, 324, 19
3, 327, 30
3, 329, 15
3, 330, 55
3, 331, 45
3, 332, 34
3, 333, 16
3, 334, 20
3, 335, 28
3, 336, 33
3, 336, 38
3, 340, 12
3, 340, 24
3, 341, 4
3, 342, 8
3, 343, 19
3, 344, 35
3, 345, 23
3, 345, 28
3, 345, 40
3, 350, 46
3, 350, 48
3, 354, 2
3, 356, 36
3, 357, 38
3, 360, 23
3, 364, 32
3, 366, 25
3, 368, 25
3, 372, 11
3, 373, 26
3, 376, 15
3, 376, 58
3, 377, 49
3, 378, 36
3, 385, 32
3, 386, 6
3, 386, 10
3, 387, 48
3, 389, 33
3, 390, 30
3, 393, 4
3, 397, 21
3, 398, 2
3, 398, 27
4, 2, 3
4, 3, 47
4, 6, 7
4, 7, 35
4, 9, 6
4, 11, 37
4, 13, 31
4, 26, 41
4, 32, 21
4, 32, 50
4, 36, 11
4, 36, 28
4, 39, 1
4, 39, 7
4, 43, 18
4, 44, 13
4, 46, 40
4, 47, 17
4, 48, 12
4, 48, 22
4, 52, 17
4, 54, 26
4, 58, 50
4, 60, 8
4, 60, 26
4, 64, 23
4, 66, 6
4, 66, 9
4, 68, 35
4, 70, 29
4, 71, 44
4, 72, 14
4, 74, 5
4, 74, 54
4, 79, 53
4, 80, 37
4, 88, 48
4, 89, 32
4, 91, 40
4, 92, 16
4, 92, 42
4, 94, 27
4, 95, 13
4, 96, 5
4, 96, 22
4, 99, 2
4, 100, 20
4, 100, 28
4, 104, 50
4, 105, 4
4, 112, 25
4, 120, 41
4, 121, 11
4, 125, 8
4, 125, 46
4, 129, 24
4, 130, 5
4, 134, 14
4, 134, 38
4, 135, 8
4, 135, 26
4, 138, 21
4, 139, 7
4, 145, 17
4, 145, 23
4, 150, 17
4, 153, 41
4, 155, 15
4, 160, 13
4, 162, 47
4, 163, 16
4, 168, 3
4, 170, 35
4, 171, 6
4, 172, 18
4, 173, 9
4, 173, 29
4, 174, 36
4, 183, 48
4, 185, 33
4, 187, 1
4, 188, 12
4, 189, 59
4, 192, 50
4, 197, 48
4, 198, 43
4, 202, 51
4, 210, 4
4, 211, 3
4, 213, 47
4, 216, 25
4, 220, 2
4, 221, 15
4, 221, 20
4, 225, 7
4, 228, 46
4, 230, 14
4, 234, 27
4, 234, 31
4, 235, 11
4, 239, 44
4, 239, 51
4, 240, 26
4, 241, 23
4, 243, 35
4, 245, 28
4, 247, 39
4, 249, 37
4, 250, 5
4, 250, 50
4, 255, 21
4, 260, 41
4, 269, 40
4, 272, 20
4, 273, 9
4, 273, 29
4, 276, 11
4, 277, 42
4, 281, 13
4, 288, 17
4, 288, 24
4, 288, 38
4, 289, 31
4, 294, 18
4, 294, 35
4, 297, 20
4, 297, 32
4, 299, 6
4, 300, 3
4, 301, 38
4, 310, 59
4, 311, 15
4, 316, 53
4, 317, 8
4, 317, 12
4, 318, 48
4, 319, 53
4, 320, 16
4, 324, 40
4, 327, 36
4, 332, 9
4, 332, 25
4, 332, 37
4, 333, 12
4, 335, 41
4, 340, 2
4, 340, 11
4, 349, 33
4, 352, 40
4, 354, 55
4, 355, 43
4, 358, 26
4, 360, 20
4, 365, 57
4, 366, 23
4, 366, 33
4, 368, 46
4, 369, 51
4, 374, 18
4, 374, 44
4, 375, 35
4, 382, 12
4, 382, 43
4, 382, 53
4, 385, 4
4, 385, 24
4, 386, 37
4, 387, 26
4, 391, 11
4, 391, 47
4, 392, 40
4, 394, 38
4, 395, 29
4, 396, 6
4, 397, 25
5, 3, 19
5, 4, 48
5, 5, 3
5, 5, 52
5, 6, 25
5, 8, 16
5, 8, 20
5, 12, 3
5, 12, 27
5, 16, 37
5, 17, 16
5, 17, 21
5, 19, 30
5, 20, 6
5, 20, 16
5, 20, 47
5, 25, 56
5, 26, 27
5, 28, 53
5, 29, 42
5, 30, 15
5, 32, 46
5, 37, 36
5, 37, 49
5, 40, 11
5, 41, 5
5, 43, 19
5, 43, 57
5, 49, 52
5, 50, 45
5, 51, 42
5, 51, 51
5, 54, 13
5, 54, 41
5, 55, 44
5, 56, 19
5, 57, 20
5, 58, 38
5, 60, 6
5, 60, 33
5, 66, 24
5, 67, 57
5, 69, 48
5, 71, 17
5, 73, 33
5, 77, 48
5, 79, 2
5, 79, 25
5, 81, 49
5, 86, 7
5, 87, 27
5, 88, 6
5, 88, 23
5, 90, 32
5, 92, 11
5, 92, 25
5, 98, 51
5, 99, 34
5, 105, 5
5, 106, 18
5, 108, 34
5, 110, 21
5, 111, 47
5, 114, 40
5, 118, 40
5, 119, 17
5, 119, 22
5, 119, 39
5, 123, 48
5, 128, 37
5, 133, 28
5, 137, 52
5, 141, 17
5, 142, 36
5, 143, 15
5, 144, 46
5, 146, 42
5, 154, 11
5, 155, 54
5, 159, 31
5, 162, 53
5, 163, 45
5, 165, 23
5, 167, 14
5, 167, 50
5, 168, 1
5, 168, 40
5, 169, 33
5, 170, 36
5, 173, 2
5, 173, 56
5, 175, 28
5, 175, 29
5, 178, 49
5, 179, 20
5, 179, 27
5, 179, 35
5, 181, 43
5, 182, 22
5, 184, 15
5, 184, 25
5, 184, 28
5, 185, 48
5, 186, 33
5, 186, 45
5, 188, 16
5, 188, 56
5, 189, 22
5, 189, 29
5, 192, 5
5, 195, 35
5, 197, 20
5, 197, 38
5, 198, 7
5, 199, 6
5, 199, 32
5, 201, 3
5, 202, 56
5, 203, 46
5, 207, 6
5, 209, 18
5, 214, 51
5, 217, 57
5, 219, 41
5, 220, 11
5, 220, 48
5, 221, 20
5, 225, 16
5, 225, 51
5, 228, 37
5, 230, 44
5, 230, 52
5, 233, 5
5, 233, 7
5, 233, 57
5, 234, 54
5, 239, 22
5, 240, 42
5, 241, 46
5, 245, 49
5, 247, 51
5, 249, 21
5, 251, 36
5, 252, 25
5, 253, 27
5, 254, 17
5, 256, 18
5, 257, 19
5, 259, 30
5, 266, 49
5, 269, 48
5, 270, 22
5, 271, 13
5, 277, 50
5, 278, 39
5, 282, 32
5, 282, 41
5, 283, 34
5, 286, 3
5, 288, 35
5, 290, 20
5, 291, 27
5, 295, 56
5, 296, 43
5, 298, 28
5, 300, 15
5, 301, 6
5, 301, 25
5, 301, 51
5, 306, 1
5, 307, 13
5, 310, 21
5, 312, 18
5, 315, 41
5, 319, 11
5, 319, 53
5, 329, 16
5, 331, 45
5, 335, 5
5, 338, 6
5, 339, 53
5, 340, 7
5, 342, 33
5, 346, 2
5, 347, 57
5, 349, 2
5, 349, 20
5, 350, 56
5, 354, 41
5, 356, 38
5, 359, 16
5, 361, 29
5, 362, 21
5, 363, 30
5, 363, 44
5, 366, 19
5, 366, 42
5, 367, 17
5, 367, 23
5, 367, 50
5, 370, 11
5, 370, 37
5, 375, 50
5, 378, 3
5, 378, 14
5, 378, 18
5, 380, 25
5, 380, 31
5, 381, 27
5, 381, 34
5, 384, 49
5, 386, 3
5, 388, 14
5, 391, 48
5, 392, 51
5, 399, 32
5, 399, 49
6, 3, 17
6, 3, 45
6, 5, 4
6, 7, 29
6, 8, 26
6, 8, 51
6, 10, 25
6, 12, 40
6, 16, 42
6, 17, 34
6, 19, 46
6, 23, 41
6, 25, 36
6, 37, 9
6, 38, 51
6, 43, 1
6, 43, 20
6, 43, 26
6, 44, 6
6, 52, 5
6, 53, 32
6, 61, 10
6, 62, 2
6, 62, 31
6, 65, 30
6, 69, 8
6, 70, 11
6, 71, 25
6, 74, 24
6, 74, 50
6, 77, 58
6, 84, 38
6, 86, 50
6, 89, 21
6, 90, 4
6, 93, 24
6, 93, 34
6, 96, 31
6, 98, 55
6, 100, 23
6, 102, 17
6, 104, 7
6, 109, 25
6, 111, 5
6, 111, 26
6, 115, 36
6, 119, 52
6, 123, 39
6, 123, 53
6, 126, 38
6, 127, 27
6, 132, 24
6, 142, 18
6, 143, 21
6, 145, 11
6, 145, 17
6, 145, 34
6, 150, 12
6, 152, 43
6, 154, 11
6, 154, 22
6, 154, 51
6, 156, 9
6, 157, 18
6, 158, 29
6, 159, 54
6, 160, 50
6, 162, 13
6, 162, 20
6, 163, 23
6, 164, 42
6, 168, 46
6, 170, 7
6, 170, 58
6, 176, 1
6, 178, 38
6, 179, 46
6, 179, 52
6, 181, 14
6, 183, 4
6, 184, 56
6, 185, 24
6, 187, 6
6, 187, 19
6, 190, 12
6, 199, 46
6, 207, 22
6, 210, 35
6, 215, 20
6, 215, 50
6, 217, 8
6, 218, 53
6, 221, 17
6, 221, 21
6, 221, 26
6, 223, 30
6, 223, 41
6, 224, 34
6, 227, 54
6, 232, 25
6, 232, 26
6, 234, 25
6, 239, 42
6, 243, 36
6, 248, 4
6, 249, 10
6, 249, 32
6, 255, 2
6, 257, 55
6, 257, 58
6, 260, 16
6, 276, 19
6, 280, 16
6, 283, 4
6, 291, 53
6, 297, 9
6, 298, 17
6, 300, 19
6, 303, 11
6, 303, 20
6, 305, 46
6, 306, 17
6, 307, 34
6, 308, 23
6, 308, 38
6, 310, 56
6, 311, 5
6, 311, 35
6, 313, 39
6, 316, 38
6, 317, 10
6, 320, 18
6, 321, 36
6, 322, 26
6, 323, 45
6, 324, 10
6, 324, 19
6, 325, 2
6, 335, 7
6, 336, 16
6, 336, 22
6, 336, 42
6, 337, 20
6, 349, 8
6, 349, 15
6, 355, 22
6, 356, 12
6, 357, 41
6, 358, 1
6, 359, 40
6, 361, 29
6, 361, 51
6, 362, 27
6, 364, 14
6, 364, 52
6, 367, 26
6, 370, 18
6, 370, 31
6, 376, 18
6, 376, 45
6, 381, 50
6, 385, 54
6, 389, 13
6, 389, 30
6, 391, 38
6, 393, 24
6, 395, 19
7, 3, 47
7, 3, 54
7, 6, 17
7, 7, 7
7, 9, 4
7, 9, 56
7, 11, 22
7, 11, 36
7, 23, 4
7, 28, 31
7, 33, 28
7, 37, 30
7, 39, 17
7, 40, 37
7, 40, 49
7, 45, 13
7, 45, 23
7, 46, 38
7, 47, 1
7, 47, 55
7, 50, 5
7, 56, 33
7, 57, 16
7, 57, 50
7, 58, 12
7, 62, 25
7, 63, 42
7, 65, 45
7, 69, 45
7, 72, 26
7, 72, 52
7, 73, 4
7, 73, 35
7, 75, 47
7, 77, 56
7, 79, 19
7, 79, 36
7, 86, 25
7, 90, 13
7, 96, 10
7, 97, 26
7, 101, 44
7, 103, 14
7, 109, 11
7, 109, 36
7, 117, 28
7, 118, 38
7, 122, 24
7, 124, 5
7, 129, 47
7, 131, 16
7, 131, 48
7, 132, 9
7, 132, 20
7, 133, 30
7, 134, 43
7, 136, 55
7, 136, 56
7, 137, 3
7, 137, 33
7, 142, 17
7, 144, 13
7, 148, 16
7, 151, 19
7, 151, 55
7, 153, 22
7, 155, 42
7, 156, 35
7, 159, 23
7, 165, 49
7, 166, 39
7, 168, 2
7, 168, 17
7, 170, 8
7, 172, 27
7, 174, 10
7, 176, 53
7, 177, 26
7, 178, 12
7, 181, 42
7, 182, 25
7, 182, 31
7, 183, 12
7, 186, 45
7, 188, 40
7, 189, 30
7, 192, 23
7, 198, 2
7, 200, 28
7, 202, 45
7, 207, 47
7, 208, 37
7, 212, 4
7, 213, 22
7, 218, 5
7, 225, 11
7, 226, 3
7, 228, 4
7, 229, 49
7, 230, 52
7, 231, 56
7, 235, 11
7, 236, 36
7, 237, 1
7, 237, 30
7, 242, 7
7, 244, 43
7, 245, 25
7, 247, 42
7, 256, 21
7, 257, 33
7, 263, 44
7, 267, 54
7, 269, 20
7, 273, 47
7, 275, 40
7, 276, 16
7, 277, 12
7, 283, 2
7, 283, 26
7, 289, 10
7, 296, 17
7, 300, 4
7, 300, 39
7, 301, 9
7, 302, 48
7, 304, 19
7, 306, 20
7, 306, 31
7, 311, 13
7, 313, 38
7, 318, 53
7, 322, 28
7, 323, 37
7, 323, 48
7, 324, 56
7, 325, 8
7, 326, 11
7, 327, 22
7, 329, 42
7, 333, 21
7, 333, 35
7, 334, 54
7, 335, 4
7, 339, 47
7, 340, 44
7, 343, 22
7, 345, 30
7, 348, 23
7, 348, 52
7, 350, 1
7, 350, 53
7, 351, 9
7, 351, 27
7, 356, 24
7, 357, 1
7, 357, 45
7, 364, 36
7, 371, 7
7, 372, 26
7, 375, 33
7, 376, 31
7, 389, 3
7, 391, 21
7, 396, 39
7, 398, 48
7, 399, 55
8, 3, 17
8, 6, 1
8, 6, 12
8, 6, 27
8, 6, 54
8, 9, 40
8, 10, 27
8, 10, 33
8, 14, 35
8, 19, 44
8, 19, 47
8, 20, 29
8, 21, 20
8, 22, 19
8, 23, 4
8, 25, 7
8, 27, 34
8, 27, 35
8, 28, 14
8, 29, 29
8, 31, 41
8, 32, 23
8, 34, 6
8, 34, 8
8, 40, 9
8, 40, 36
8, 45, 7
8, 52, 40
8, 56, 11
8, 59, 52
8, 60, 46
8, 64, 32
8, 67, 29
8, 68, 42
8, 76, 4
8, 76, 45
8, 77, 50
8, 79, 28
8, 84, 19
8, 90, 2
8, 90, 30
8, 90, 56
8, 95, 4
8, 95, 11
8, 95, 44
8, 95, 55
8, 98, 49
8, 105, 6
8, 107, 34
8, 108, 47
8, 109, 28
8, 109, 40
8, 110, 43
8, 112, 23
8, 114, 36
8, 115, 22
8, 116, 48
8, 119, 5
8, 120, 1
8, 122, 9
8, 122, 31
8, 124, 39
8, 127, 21
8, 129, 14
8, 130, 1
8, 130, 15
8, 130, 16
8, 130, 37
8, 131, 23
8, 134, 30
8, 137, 25
8, 137, 40
8, 139, 27
8, 140, 55
8, 142, 57
8, 144, 24
8, 145, 45
8, 148, 54
8, 151, 6
8, 151, 38
8, 153, 53
8, 157, 35
8, 158, 29
8, 159, 2
8, 162, 15
8, 163, 8
8, 165, 16
8, 166, 56
8, 168, 41
8, 173, 11
8, 173, 47
8, 177, 17
8, 177, 30
8, 178, 20
8, 178, 62
8, 185, 33
8, 185, 51
8, 190, 33
8, 191, 54
8, 197, 45
8, 199, 27
8, 202, 22
8, 203, 46
8, 208, 28
8, 211, 9
8, 213, 19
8, 213, 35
8, 215, 4
8, 216, 44
8, 218, 31
8, 220, 1
8, 221, 41
8, 221, 54
8, 229, 7
8, 231, 2
8, 232, 40
8, 235, 29
8, 241, 14
8, 242, 35
8, 242, 50
8, 243, 8
8, 246, 25
8, 247, 48
8, 248, 43
8, 252, 38
8, 252, 40
8, 254, 3
8, 256, 5
8, 256, 33
8, 257, 21
8, 257, 37
8, 259, 15
8, 259, 47
8, 260, 39
8, 260, 48
8, 263, 16
8, 265, 32
8, 266, 55
8, 270, 30
8, 272, 23
8, 272, 24
8, 272, 57
8, 278, 49
8, 278, 53
8, 279, 53
8, 280, 2
8, 285, 3
8, 286, 20
8, 286, 42
8, 288, 56
8, 289, 6
8, 291, 46
8, 292, 43
8, 296, 36
8, 299, 34
8, 307, 11
8, 307, 52
8, 310, 29
8, 311, 52
8, 312, 1
8, 315, 4
8, 317, 38
8, 318, 68
8, 319, 37
8, 324, 47
8, 327, 37
8, 328, 13
8, 332, 27
8, 336, 9
8, 337, 54
8, 338, 7
8, 339, 55
8, 340, 16
8, 345, 6
8, 347, 17
8, 347, 30
8, 350, 32
8, 351, 56
8, 352, 24
8, 353, 40
8, 356, 50
8, 358, 3
8, 365, 43
8, 365, 62
8, 366, 47
8, 367, 28
8, 371, 1
8, 371, 31
8, 373, 8
8, 373, 25
8, 374, 38
8, 375, 12
8, 377, 2
8, 377, 22
8, 377, 35
8, 381, 19
8, 383, 49
8, 384, 36
8, 385, 42
8, 385, 46
8, 386, 41
8, 391, 48
8, 395, 24
8, 396, 3
8, 396, 51
8, 399, 31
9, 2, 54
9, 10, 13
9, 11, 31
9, 12, 50
9, 14, 22
9, 20, 32
9, 21, 5
9, 21, 57
9, 23, 30
9, 24, 2
9, 24, 8
9, 24, 18
9, 27, 53
9, 31, 3
9, 33, 20
9, 33, 38
9, 43, 1
9, 45, 25
9, 48, 4
9, 49, 7
9, 51, 50
9, 53, 49
9, 54, 20
9, 55, 55
9, 57, 36
9, 58, 24
9, 65, 22
9, 66, 39
9, 67, 11
9, 69, 34
9, 70, 21
9, 70, 30
9, 72, 40
9, 75, 31
9, 76, 19
9, 76, 33
9, 80, 14
9, 80, 18
9, 80, 45
9, 81, 9
9, 84, 2
9, 86, 6
9, 88, 50
9, 90, 38
9, 97, 42
9, 98, 9
9, 100, 29
9, 105, 51
9, 109, 17
9, 109, 27
9, 114, 8
9, 117, 46
9, 119, 48
9, 122, 43
9, 123, 8
9, 123, 11
9, 124, 20
9, 124, 50
9, 127, 3
9, 128, 22
9, 129, 34
9, 131, 45
9, 140, 20
9, 140, 39
9, 142, 38
9, 142, 53
9, 143, 19
9, 144, 5
9, 148, 11
9, 149, 49
9, 150, 53
9, 152, 32
9, 161, 17
9, 161, 38
9, 167, 46
9, 170, 4
9, 172, 3
9, 176, 24
9, 181, 1
9, 185, 29
9, 186, 14
9, 188, 47
9, 194, 51
9, 195, 29
9, 197, 4
9, 197, 22
9, 199, 41
9, 200, 22
9, 203, 2
9, 206, 32
9, 208, 33
9, 208, 49
9, 210, 30
9, 211, 13
9, 211, 51
9, 212, 6
9, 214, 50
9, 216, 55
9, 217, 48
9, 218, 41
9, 218, 48
9, 226, 20
9, 227, 11
9, 232, 14
9, 236, 45
9, 237, 3
9, 239, 32
9, 240, 2
9, 241, 10
9, 242, 45
9, 246, 21
9, 247, 40
9, 248, 5
9, 249, 9
9, 249, 53
9, 253, 36
9, 254, 57
9, 258, 8
9, 259, 29
9, 261, 26
9, 267, 11
9, 267, 18
9, 270, 7
9, 272, 17
9, 275, 43
9, 277, 13
9, 280, 27
9, 281, 39
9, 285, 34
9, 290, 8
9, 292, 46
9, 293, 49
9, 294, 6
9, 295, 33
9, 299, 19
9, 301, 21
9, 302, 24
9, 302, 41
9, 306, 8
9, 306, 38
9, 311, 31
9, 312, 50
9, 314, 36
9, 314, 48
9, 315, 55
9, 317, 22
9, 321, 51
9, 323, 3
9, 323, 38
9, 330, 50
9, 332, 18
9, 342, 26
9, 343, 57
9, 344, 32
9, 345, 3
9, 346, 39
9, 349, 24
9, 353, 30
9, 355, 1
9, 357, 40
9, 360, 55
9, 362, 19
9, 366, 27
9, 367, 45
9, 372, 21
9, 372, 43
9, 374, 21
9, 377, 9
9, 377, 11
9, 381, 49
9, 383, 35
9, 384, 5
9, 386, 2
9, 391, 21
9, 392, 10
9, 393, 8
9, 394, 7
9, 394, 30
9, 395, 41
9, 398, 36
10, 1, 15
10, 6, 36
10, 7, 46
10, 8, 20
10, 8, 34
10, 13, 8
10, 13, 58
10, 15, 7
10, 17, 35
10, 36, 23
10, 38, 20
10, 38, 48
10, 40, 30
10, 40, 41
10, 48, 22
10, 51, 15
10, 57, 2
10, 57, 35
10, 58, 53
10, 59, 28
10, 59, 57
10, 61, 12
10, 61, 19
10, 62, 6
10, 63, 35
10, 64, 5
10, 65, 48
10, 70, 25
10, 70, 45
10, 73, 4
10, 75, 15
10, 77, 18
10, 79, 34
10, 81, 1
10, 81, 54
10, 85, 44
10, 88, 13
10, 94, 47
10, 96, 40
10, 97, 51
10, 98, 44
10, 100, 6
10, 100, 23
10, 100, 27
10, 106, 12
10, 107, 30
10, 112, 40
10, 118, 49
10, 120, 33
10, 126, 19
10, 130, 17
10, 136, 22
10, 138, 41
10, 139, 55
10, 142, 2
10, 145, 58
10, 147, 2
10, 148, 36
10, 150, 51
10, 151, 12
10, 157, 42
10, 163, 27
10, 164, 20
10, 168, 8
10, 170, 36
10, 179, 38
10, 184, 11
10, 185, 36
10, 190, 35
10, 192, 27
10, 193, 9
10, 193, 18
10, 195, 48
10, 197, 5
10, 197, 17
10, 198, 20
10, 198, 47
10, 201, 12
10, 205, 44
10, 205, 52
10, 206, 28
10, 210, 14
10, 210, 54
10, 212, 7
10, 216, 40
10, 217, 33
10, 219, 25
10, 219, 34
10, 221, 10
10, 224, 15
10, 225, 32
10, 226, 4
10, 227, 18
10, 228, 49
10, 228, 56
10, 231, 11
10, 234, 21
10, 236, 19
10, 239, 22
10, 243, 25
10, 245, 44
10, 251, 35
10, 255, 53
10, 272, 45
10, 272, 51
10, 273, 30
10, 273, 40
10, 274, 35
10, 276, 55
10, 281, 17
10, 283, 11
10, 285, 4
10, 287, 23
10, 295, 47
10, 295, 51
10, 296, 24
10, 297, 36
10, 303, 6
10, 303, 57
10, 304, 28
10, 307, 12
10, 309, 56
10, 312, 5
10, 317, 52
10, 318, 42
10, 319, 19
10, 321, 38
10, 328, 33
10, 338, 10
10, 340, 22
10, 342, 49
10, 349, 1
10, 350, 53
10, 355, 15
10, 358, 8
10, 360, 25
10, 360, 27
10, 362, 2
10, 367, 56
10, 369, 11
10, 369, 35
10, 369, 44
10, 375, 46
10, 377, 18
10, 381, 13
10, 384, 24
10, 388, 52
10, 390, 23
10, 394, 20
10, 395, 56
10, 398, 17
10, 398, 22
10, 399, 12
10, 399, 44
11, 1, 14
11, 5, 22
11, 11, 27
11, 13, 42
11, 14, 33
11, 15, 30
11, 15, 34
11, 16, 32
11, 21, 13
11, 23, 44
11, 25, 51
11, 26, 26
11, 29, 6
11, 33, 38
11, 34, 2
11, 35, 46
11, 37, 16
11, 41, 6
11, 42, 40
11, 42, 42
11, 43, 4
11, 44, 22
11, 44, 23
11, 45, 21
11, 45, 30
11, 46, 39
11, 47, 33
11, 47, 34
11, 48, 45
11, 50, 39
11, 52, 13
11, 54, 25
11, 55, 18
11, 57, 31
11, 67, 19
11, 70, 22
11, 71, 42
11, 77, 17
11, 78, 16
11, 78, 24
11, 86, 18
11, 88, 36
11, 88, 40
11, 89, 43
11, 91, 10
11, 93, 17
11, 94, 9
11, 100, 7
11, 100, 9
11, 101, 18
11, 102, 32
11, 104, 40
11, 107, 22
11, 108, 51
11, 109, 50
11, 111, 14
11, 111, 26
11, 111, 37
11, 120, 21
11, 126, 25
11, 129, 13
11, 129, 53
11, 130, 53
11, 137, 28
11, 137, 46
11, 138, 20
11, 142, 13
11, 142, 27
11, 143, 4
11, 145, 36
11, 146, 30
11, 148, 7
11, 148, 32
11, 148, 51
11, 149, 17
11, 149, 48
11, 150, 44
11, 153, 47
11, 154, 16
11, 154, 34
11, 154, 38
11, 158, 2
11, 159, 3
11, 162, 21
11, 162, 27
11, 162, 54
11, 163, 49
11, 164, 45
11, 165, 3
11, 165, 29
11, 165, 42
11, 168, 19
11, 175, 23
11, 178, 44
11, 179, 11
11, 182, 9
11, 185, 20
11, 186, 24
11, 191, 25
11, 191, 39
11, 194, 6
11, 194, 30
11, 194, 33
11, 195, 39
11, 197, 18
11, 198, 32
11, 203, 6
11, 203, 9
11, 206, 17
11, 207, 23
11, 208, 14
11, 212, 42
11, 213, 33
11, 214, 3
11, 218, 31
11, 218, 40
11, 219, 32
11, 222, 51
11, 223, 4
11, 224, 50
11, 228, 36
11, 229, 25
11, 232, 17
11, 234, 16
11, 234, 31
11, 240, 26
11, 240, 29
11, 240, 37
11, 241, 39
11, 242, 51
11, 245, 2
11, 247, 7
11, 250, 7
11, 251, 19
11, 254, 4
11, 254, 33
11, 255, 51
11, 256, 13
11, 257, 53
11, 258, 26
11, 260, 24
11, 261, 22
11, 262, 10
11, 264, 11
11, 266, 8
11, 266, 36
11, 267, 44
11, 267, 46
11, 267, 54
11, 270, 6
11, 271, 28
11, 272, 34
11, 274, 23
11, 275, 11
11, 275, 40
11, 276, 48
11, 289, 47
11, 290, 40
11, 292, 9
11, 292, 43
11, 293, 45
11, 295, 39
11, 296, 20
11, 296, 49
11, 297, 38
11, 298, 54
11, 301, 44
11, 308, 45
11, 310, 16
11, 312, 18
11, 314, 13
11, 318, 21
11, 321, 32
11, 321, 33
11, 323, 29
11, 327, 27
11, 328, 4
11, 328, 42
11, 331, 30
11, 332, 37
11, 333, 3
11, 335, 7
11, 343, 19
11, 343, 40
11, 343, 50
11, 346, 34
11, 347, 25
11, 351, 31
11, 351, 45
11, 352, 34
11, 353, 6
11, 353, 24
11, 353, 51
11, 355, 26
11, 360, 17
11, 364, 16
11, 365, 28
11, 365, 31
11, 366, 33
11, 367, 7
11, 368, 36
11, 373, 4
11, 375, 28
11, 375, 43
11, 377, 47
11, 379, 45
11, 382, 8
11, 382, 42
11, 389, 31
11, 392, 21
11, 392, 48
12, 5, 16
12, 5, 32
12, 7, 24
12, 7, 33
12, 10, 4
12, 13, 48
12, 14, 21
12, 17, 18
12, 19, 30
12, 21, 34
12, 21, 37
12, 24, 2
12, 26, 10
12, 28, 8
12, 28, 20
12, 31, 14
12, 32, 25
12, 32, 47
12, 34, 9
12, 34, 16
12, 36, 24
12, 37, 25
12, 42, 5
12, 42, 27
12, 46, 1
12, 49, 23
12, 50, 54
12, 51, 26
12, 54, 48
12, 54, 56
12, 60, 15
12, 62, 43
12, 65, 11
12, 65, 13
12, 65, 47
12, 66, 3
12, 68, 17
12, 68, 30
12, 68, 38
12, 68, 48
12, 70, 7
12, 70, 31
12, 70, 32
12, 74, 10
12, 77, 7
12, 78, 4
12, 82, 53
12, 84, 6
12, 86, 10
12, 86, 34
12, 88, 35
12, 89, 17
12, 91, 14
12, 95, 21
12, 97, 49
12, 99, 57
12, 102, 40
12, 102, 45
12, 110, 12
12, 114, 5
12, 115, 22
12, 115, 30
12, 119, 2
12, 121, 7
12, 122, 3
12, 125, 24
12, 125, 43
12, 127, 52
12, 128, 6
12, 132, 2
12, 132, 41
12, 133, 11
12, 140, 16
12, 141, 4
12, 141, 31
12, 144, 9
12, 146, 45
12, 150, 18
12, 151, 43
12, 153, 14
12, 160, 21
12, 161, 53
12, 162, 20
12, 165, 15
12, 165, 27
12, 166, 45
12, 172, 37
12, 172, 40
12, 177, 8
12, 177, 23
12, 177, 25
12, 178, 12
12, 180, 53
12, 181, 13
12, 181, 51
12, 183, 33
12, 183, 47
12, 185, 15
12, 187, 12
12, 188, 40
12, 191, 30
12, 193, 5
12, 197, 7
12, 198, 44
12, 199, 13
12, 199, 25
12, 199, 33
12, 200, 1
12, 200, 17
12, 201, 10
12, 201, 56
12, 203, 20
12, 203, 22
12, 203, 59
12, 204, 26
12, 204, 32
12, 209, 35
12, 210, 41
12, 227, 11
12, 237, 5
12, 238, 9
12, 242, 21
12, 243, 52
12, 244, 54
12, 249, 22
12, 249, 24
12, 250, 6
12, 251, 19
12, 251, 37
12, 252, 16
12, 252, 27
12, 252, 59
12, 259, 8
12, 263, 43
12, 266, 48
12, 272, 9
12, 276, 38
12, 277, 7
12, 278, 41
12, 283, 6
12, 288, 19
12, 288, 49
12, 289, 30
12, 291, 57
12, 294, 17
12, 296, 5
12, 296, 49
12, 297, 28
12, 297, 45
12, 300, 23
12, 300, 31
12, 302, 32
12, 302, 59
12, 304, 18
12, 304, 31
12, 306, 10
12, 308, 44
12, 310, 49
12, 312, 34
12, 312, 53
12, 313, 20
12, 318, 25
12, 318, 45
12, 321, 14
12, 328, 56
12, 330, 12
12, 333, 51
12, 339, 7
12, 341, 43
12, 343, 16
12, 345, 5
12, 345, 9
12, 346, 31
12, 347, 22
12, 357, 23
12, 361, 26
12, 362, 35
12, 366, 18
12, 369, 2
12, 371, 30
12, 372, 6
12, 372, 52
12, 377, 59
12, 378, 57
12, 384, 54
12, 388, 52
12, 390, 41
12, 393, 15
12, 393, 38
12, 396, 1
12, 397, 25
12, 397, 40
12, 398, 17
12, 398, 30
13, 5, 27
13, 8, 12
13, 8, 42
13, 10, 49
13, 11, 3
13, 15, 17
13, 16, 55
13, 17, 31
13, 19, 29
13, 19, 47
13, 24, 51
13, 26, 48
13, 29, 27
13, 33, 21
13, 33, 50
13, 34, 30
13, 35, 32
13, 36, 8
13, 37, 2
13, 37, 23
13, 37, 44
13, 38, 4
13, 38, 33
13, 38, 56
13, 39, 3
13, 40, 8
13, 40, 36
13, 43, 54
13, 44, 30
13, 44, 34
13, 45, 18
13, 54, 39
13, 60, 3
13, 60, 25
13, 64, 1
13, 64, 22
13, 64, 31
13, 68, 1
13, 69, 46
13, 71, 35
13, 72, 42
13, 73, 31
13, 79, 55
13, 80, 22
13, 80, 44
13, 81, 38
13, 82, 45
13, 84, 1
13, 88, 11
13, 90, 27
13, 92, 16
13, 97, 6
13, 99, 12
13, 99, 44
13, 101, 14
13, 102, 2
13, 105, 32
13, 106, 9
13, 108, 5
13, 108, 51
13, 109, 14
13, 116, 17
13, 120, 29
13, 121, 20
13, 123, 49
13, 123, 50
13, 125, 30
13, 128, 47
13, 129, 6
13, 129, 41
13, 132, 39
13, 134, 42
13, 135, 36
13, 137, 32
13, 138, 7
13, 141, 37
13, 142, 48
13, 145, 21
13, 147, 18
13, 150, 24
13, 153, 3
13, 153, 57
13, 157, 35
13, 160, 24
13, 163, 5
13, 164, 23
13, 165, 43
13, 168, 2
13, 169, 11
13, 172, 26
13, 173, 3
13, 173, 11
13, 173, 38
13, 177, 36
13, 178, 33
13, 178, 43
13, 179, 4
13, 180, 3
13, 189, 45
13, 192, 14
13, 192, 25
13, 193, 40
13, 194, 31
13, 196, 2
13, 196, 3
13, 197, 50
13, 199, 21
13, 199, 54
13, 203, 27
13, 208, 51
13, 210, 9
13, 211, 18
13, 211, 56
13, 213, 8
13, 213, 17
13, 213, 39
13, 213, 46
13, 217, 40
13, 218, 24
13, 219, 39
13, 224, 29
13, 225, 12
13, 231, 48
13, 233, 1
13, 233, 37
13, 234, 23
13, 235, 11
13, 238, 32
13, 240, 23
13, 241, 50
13, 242, 16
13, 243, 41
13, 244, 5
13, 244, 37
13, 247, 34
13, 247, 38
13, 249, 17
13, 249, 34
13, 251, 30
13, 261, 46
13, 262, 27
13, 263, 7
13, 269, 4
13, 271, 31
13, 271, 35
13, 272, 36
13, 273, 14
13, 276, 6
13, 276, 42
13, 279, 6
13, 280, 33
13, 280, 50
13, 281, 25
13, 282, 27
13, 284, 44
13, 284, 48
13, 285, 12
13, 285, 57
13, 288, 37
13, 292, 10
13, 292, 43
13, 295, 16
13, 297, 2
13, 301, 32
13, 302, 43
13, 305, 20
13, 305, 22
13, 305, 37
13, 305, 44
13, 308, 12
13, 309, 6
13, 310, 36
13, 311, 49
13, 311, 54
13, 314, 3
13, 320, 8
13, 321, 32
13, 328, 24
13, 329, 29
13, 332, 31
13, 333, 1
13, 333, 44
13, 336, 26
13, 338, 18
13, 340, 16
13, 341, 4
13, 342, 38
13, 347, 6
13, 347, 44
13, 349, 24
13, 350, 20
13, 350, 39
13, 352, 49
13, 354, 38
13, 355, 42
13, 356, 11
13, 356, 33
13, 360, 5
13, 365, 9
13, 365, 23
13, 367, 34
13, 369, 35
13, 369, 43
13, 376, 14
13, 377, 7
13, 378, 37
13, 378, 46
13, 378, 56
13, 380, 25
13, 381, 27
13, 384, 12
13, 385, 26
13, 388, 45
13, 389, 40
13, 390, 17
13, 390, 26
13, 395, 6
13, 398, 20
14, 6, 14
14, 8, 6
14, 10, 15
14, 12, 34
14, 13, 13
14, 13, 29
14, 14, 47
14, 15, 9
14, 16, 33
14, 18, 40
14, 21, 6
14, 27, 23
14, 30, 26
14, 33, 20
14, 34, 34
14, 38, 35
14, 38, 42
14, 54, 22
14, 54, 36
14, 59, 12
14, 59, 25
14, 60, 32
14, 61, 30
14, 62, 24
14, 64, 7
14, 68, 51
14, 72, 2
14, 72, 37
14, 76, 5
14, 76, 18
14, 76, 27
14, 79, 14
14, 86, 58
14, 88, 17
14, 93, 22
14, 96, 26
14, 98, 29
14, 103, 7
14, 104, 57
14, 105, 27
14, 106, 58
14, 107, 6
14, 107, 42
14, 109, 34
14, 111, 47
14, 115, 3
14, 120, 36
14, 121, 1
14, 126, 42
14, 127, 9
14, 131, 35
14, 132, 13
14, 132, 28
14, 132, 33
14, 132, 47
14, 134, 19
14, 134, 55
14, 135, 46
14, 137, 13
14, 141, 25
14, 142, 2
14, 144, 13
14, 150, 31
14, 150, 32
14, 151, 1
14, 154, 44
14, 155, 56
14, 157, 1
14, 161, 10
14, 166, 49
14, 167, 16
14, 168, 5
14, 168, 15
14, 174, 38
14, 178, 54
14, 180, 6
14, 180, 24
14, 183, 30
14, 189, 41
14, 195, 11
14, 202, 18
14, 204, 51
14, 205, 6
14, 206, 40
14, 209, 62
14, 210, 22
14, 210, 36
14, 211, 8
14, 212, 42
14, 214, 29
14, 214, 34
14, 214, 55
14, 219, 13
14, 223, 22
14, 223, 33
14, 223, 42
14, 225, 20
14, 227, 23
14, 231, 23
14, 233, 57
14, 235, 16
14, 235, 37
14, 238, 12
14, 239, 7
14, 240, 2
14, 241, 36
14, 246, 26
14, 248, 27
14, 249, 31
14, 250, 19
14, 257, 41
14, 259, 19
14, 260, 37
14, 261, 32
14, 264, 33
14, 264, 40
14, 265, 25
14, 266, 15
14, 268, 5
14, 277, 58
14, 278, 28
14, 280, 47
14, 287, 17
14, 289, 19
14, 290, 31
14, 297, 30
14, 300, 35
14, 302, 32
14, 303, 9
14, 305, 29
14, 305, 54
14, 307, 38
14, 309, 46
14, 311, 7
14, 318, 6
14, 321, 8
14, 324, 47
14, 324, 56
14, 329, 34
14, 331, 11
14, 338, 34
14, 338, 49
14, 339, 51
14, 340, 57
14, 341, 18
14, 342, 42
14, 342, 62
14, 347, 13
14, 350, 55
14, 351, 44
14, 352, 26
14, 357, 33
14, 365, 38
14, 365, 58
14, 367, 31
14, 368, 16
14, 373, 27
14, 374, 57
14, 380, 31
14, 382, 18
14, 382, 30
14, 383, 20
14, 386, 22
14, 388, 26
14, 388, 33
14, 390, 38
14, 392, 36
14, 393, 10
14, 395, 35
14, 399, 47
15, 1, 41
15, 2, 8
15, 4, 24
15, 4, 54
15, 6, 35
15, 7, 4
15, 13, 32
15, 15, 8
15, 17, 5
15, 18, 45
15, 19, 19
15, 21, 24
15, 22, 15
15, 22, 38
15, 24, 16
15, 24, 36
15, 25, 33
15, 27, 21
15, 27, 25
15, 28, 18
15, 30, 33
15, 32, 4
15, 36, 20
15, 43, 11
15, 43, 12
15, 43, 34
15, 44, 9
15, 44, 55
15, 46, 22
15, 46, 41
15, 51, 47
15, 53, 43
15, 57, 23
15, 58, 17
15, 60, 34
15, 61, 3
15, 61, 20
15, 62, 37
15, 64, 4
15, 64, 29
15, 64, 50
15, 65, 58
15, 69, 51
15, 75, 1
15, 77, 40
15, 79, 12
15, 80, 4
15, 80, 30
15, 83, 3
15, 86, 44
15, 88, 35
15, 91, 21
15, 92, 18
15, 94, 8
15, 94, 10
15, 96, 40
15, 97, 53
15, 98, 39
15, 99, 29
15, 101, 49
15, 102, 4
15, 103, 21
15, 105, 5
15, 105, 30
15, 106, 11
15, 108, 55
15, 109, 45
15, 109, 53
15, 111, 22
15, 111, 34
15, 112, 7
15, 116, 43
15, 118, 5
15, 121, 32
15, 122, 52
15, 124, 9
15, 130, 24
15, 131, 1
15, 138, 25
15, 141, 34
15, 144, 20
15, 144, 47
15, 149, 37
15, 154, 32
15, 160, 26
15, 160, 54
15, 162, 21
15, 163, 24
15, 164, 51
15, 167, 16
15, 175, 42
15, 178, 8
15, 180, 4
15, 180, 56
15, 181, 19
15, 181, 52
15, 184, 30
15, 185, 27
15, 186, 38
15, 187, 29
15, 188, 9
15, 189, 40
15, 191, 42
15, 195, 7
15, 196, 33
15, 207, 1
15, 207, 23
15, 208, 7
15, 208, 34
15, 208, 44
15, 209, 45
15, 210, 28
15, 212, 23
15, 212, 47
15, 212, 51
15, 213, 15
15, 215, 8
15, 216, 12
15, 217, 36
15, 219, 12
15, 222, 4
15, 223, 20
15, 223, 24
15, 225, 53
15, 226, 35
15, 226, 41
15, 233, 22
15, 236, 9
15, 237, 5
15, 237, 18
15, 237, 40
15, 240, 49
15, 245, 4
15, 248, 55
15, 251, 25
15, 254, 27
15, 254, 52
15, 255, 39
15, 257, 4
15, 257, 9
15, 258, 11
15, 259, 1
15, 262, 55
15, 263, 43
15, 264, 38
15, 265, 48
15, 269, 17
15, 273, 29
15, 275, 17
15, 276, 10
15, 276, 36
15, 280, 2
15, 280, 32
15, 280, 52
15, 285, 34
15, 288, 38
15, 291, 56
15, 297, 26
15, 298, 45
15, 298, 51
15, 300, 5
15, 300, 8
15, 301, 15
15, 310, 43
15, 311, 21
15, 311, 40
15, 312, 21
15, 316, 18
15, 317, 9
15, 317, 15
15, 318, 42
15, 319, 28
15, 321, 30
15, 325, 23
15, 330, 32
15, 332, 8
15, 332, 16
15, 332, 24
15, 333, 25
15, 337, 19
15, 340, 22
15, 340, 48
15, 351, 23
15, 353, 47
15, 354, 2
15, 355, 26
15, 356, 55
15, 358, 3
15, 358, 45
15, 358, 53
15, 361, 15
15, 362, 44
15, 364, 35
15, 364, 37
15, 366, 23
15, 367, 28
15, 369, 35
15, 371, 43
15, 374, 54
15, 378, 34
15, 379, 9
15, 388, 17
15, 390, 7
15, 391, 38
15, 394, 53
15, 396, 18
15, 397, 4
15, 399, 11
16, 2, 9
16, 7, 39
16, 7, 46
16, 7, 54
16, 11, 40
16, 12, 34
16, 14, 23
16, 16, 37
16, 19, 27
16, 22, 22
16, 23, 11
16, 23, 49
16, 24, 25
16, 26, 11
16, 27, 42
16, 32, 5
16, 36, 5
16, 44, 7
16, 47, 18
16, 52, 3
16, 57, 2
16, 58, 10
16, 59, 6
16, 59, 44
16, 65, 30
16, 66, 45
16, 67, 1
16, 67, 20
16, 68, 53
16, 69, 26
16, 71, 19
16, 71, 38
16, 72, 22
16, 74, 13
16, 77, 29
16, 78, 58
16, 81, 42
16, 83, 15
16, 85, 19
16, 87, 4
16, 87, 9
16, 91, 10
16, 96, 48
16, 97, 36
16, 97, 41
16, 101, 32
16, 105, 8
16, 109, 30
16, 109, 35
16, 113, 11
16, 113, 24
16, 113, 51
16, 117, 43
16, 120, 6
16, 123, 20
16, 127, 3
16, 128, 18
16, 128, 19
16, 130, 40
16, 131, 8
16, 133, 30
16, 137, 17
16, 138, 52
16, 138, 56
16, 142, 4
16, 142, 27
16, 143, 19
16, 148, 36
16, 150, 5
16, 150, 18
16, 150, 47
16, 151, 27
16, 151, 39
16, 151, 50
16, 152, 10
16, 153, 34
16, 153, 45
16, 154, 30
16, 161, 7
16, 161, 23
16, 165, 21
16, 166, 39
16, 167, 1
16, 168, 55
16, 170, 33
16, 172, 25
16, 172, 31
16, 174, 10
16, 175, 13
16, 177, 53
16, 178, 26
16, 180, 22
16, 187, 18
16, 195, 2
16, 195, 42
16, 196, 13
16, 198, 25
16, 200, 2
16, 204, 49
16, 205, 5
16, 205, 23
16, 207, 16
16, 208, 35
16, 211, 44
16, 212, 40
16, 213, 46
16, 216, 9
16, 217, 46
16, 220, 16
16, 220, 21
16, 223, 46
16, 226, 11
16, 227, 38
16, 228, 24
16, 231, 42
16, 231, 48
16, 231, 58
16, 234, 2
16, 234, 17
16, 235, 15
16, 236, 42
16, 238, 22
16, 243, 27
16, 245, 38
16, 245, 41
16, 247, 50
16, 250, 13
16, 252, 15
16, 252, 20
16, 254, 13
16, 254, 48
16, 257, 19
16, 260, 51
16, 261, 10
16, 261, 18
16, 263, 30
16, 263, 43
16, 265, 27
16, 265, 49
16, 273, 21
16, 274, 35
16, 276, 32
16, 280, 26
16, 284, 29
16, 285, 23
16, 286, 37
16, 290, 58
16, 293, 49
16, 294, 4
16, 294, 39
16, 295, 48
16, 296, 6
16, 297, 15
16, 298, 54
16, 299, 50
16, 302, 34
16, 303, 9
16, 306, 44
16, 308, 8
16, 312, 33
16, 312, 51
16, 319, 8
16, 320, 36
16, 325, 19
16, 328, 54
16, 329, 35
16, 330, 47
16, 330, 52
16, 332, 31
16, 338, 1
16, 340, 29
16, 343, 16
16, 344, 8
16, 344, 53
16, 345, 21
16, 349, 3
16, 350, 52
16, 354, 30
16, 354, 42
16, 355, 58
16, 360, 34
16, 363, 2
16, 365, 15
16, 366, 18
16, 366, 54
16, 368, 25
16, 370, 5
16, 370, 13
16, 371, 55
16, 380, 5
16, 380, 22
16, 382, 22
16, 382, 45
16, 383, 27
16, 384, 48
16, 386, 41
16, 388, 15
16, 389, 25
16, 389, 44
16, 391, 16
16, 392, 26
16, 393, 4
16, 394, 44
16, 395, 29
16, 398, 11
17, 2, 34
17, 2, 35
17, 7, 49
17, 9, 2
17, 10, 27
17, 15, 30
17, 16, 4
17, 16, 42
17, 17, 57
17, 18, 23
17, 19, 20
17, 20, 15
17, 24, 38
17, 26, 8
17, 27, 32
17, 30, 11
17, 32, 36
17, 34, 41
17, 35, 17
17, 35, 47
17, 40, 3
17, 40, 37
17, 44, 38
17, 46, 17
17, 46, 34
17, 47, 42
17, 52, 31
17, 53, 6
17, 53, 45
17, 54, 54
17, 57, 55
17, 58, 50
17, 61, 7
17, 67, 23
17, 69, 53
17, 73, 32
17, 74, 30
17, 78, 27
17, 78, 48
17, 80, 4
17, 80, 37
17, 82, 46
17, 83, 24
17, 84, 44
17, 85, 52
17, 88, 27
17, 90, 4
17, 90, 39
17, 91, 28
17, 96, 29
17, 96, 51
17, 97, 26
17, 98, 4
17, 99, 36
17, 100, 16
17, 101, 15
17, 103, 12
17, 108, 25
17, 109, 15
17, 111, 10
17, 112, 20
17, 121, 43
17, 121, 45
17, 122, 38
17, 123, 14
17, 126, 3
17, 127, 11
17, 135, 2
17, 137, 11
17, 138, 3
17, 144, 9
17, 148, 8
17, 148, 14
17, 154, 7
17, 155, 4
17, 158, 1
17, 161, 49
17, 163, 41
17, 165, 35
17, 165, 42
17, 168, 21
17, 169, 20
17, 169, 47
17, 170, 7
17, 170, 48
17, 173, 57
17, 177, 55
17, 178, 40
17, 180, 32
17, 183, 54
17, 189, 23
17, 190, 24
17, 195, 39
17, 199, 40
17, 200, 17
17, 204, 52
17, 207, 57
17, 210, 37
17, 213, 29
17, 215, 30
17, 216, 8
17, 216, 29
17, 219, 38
17, 219, 45
17, 219, 52
17, 229, 8
17, 229, 27
17, 230, 36
17, 230, 44
17, 235, 27
17, 239, 7
17, 240, 9
17, 240, 31
17, 241, 10
17, 247, 12
17, 251, 54
17, 252, 53
17, 259, 41
17, 261, 53
17, 262, 16
17, 267, 11
17, 267, 51
17, 273, 20
17, 275, 51
17, 276, 14
17, 276, 28
17, 279, 52
17, 281, 35
17, 283, 37
17, 285, 31
17, 286, 1
17, 288, 48
17, 289, 46
17, 292, 42
17, 300, 23
17, 304, 21
17, 305, 26
17, 313, 25
17, 314, 17
17, 317, 3
17, 317, 8
17, 317, 15
17, 317, 16
17, 321, 22
17, 321, 34
17, 321, 43
17, 321, 55
17, 325, 49
17, 325, 51
17, 329, 9
17, 333, 14
17, 335, 26
17, 336, 4
17, 338, 36
17, 344, 2
17, 347, 34
17, 348, 47
17, 349, 22
17, 350, 50
17, 351, 42
17, 352, 46
17, 353, 40
17, 358, 24
17, 361, 57
17, 366, 28
17, 366, 44
17, 366, 45
17, 370, 10
17, 370, 48
17, 372, 53
17, 376, 30
17, 381, 39
17, 386, 34
17, 387, 6
17, 388, 52
17, 391, 23
17, 396, 14
17, 399, 1
18, 3, 54
18, 5, 10
18, 6, 27
18, 12, 52
18, 13, 56
18, 17, 8
18, 17, 48
18, 18, 7
18, 20, 3
18, 23, 28
18, 26, 9
18, 27, 45
18, 31, 13
18, 32, 15
18, 32, 17
18, 35, 32
18, 36, 14
18, 37, 49
18, 38, 6
18, 43, 21
18, 43, 28
18, 47, 42
18, 49, 20
18, 54, 42
18, 56, 15
18, 57, 24
18, 58, 37
18, 60, 8
18, 61, 12
18, 61, 25
18, 61, 34
18, 61, 46
18, 64, 41
18, 69, 22
18, 70, 43
18, 73, 52
18, 74, 2
18, 74, 26
18, 76, 13
18, 79, 21
18, 84, 8
18, 86, 7
18, 86, 39
18, 87, 29
18, 87, 45
18, 96, 10
18, 96, 31
18, 100, 22
18, 104, 18
18, 105, 39
18, 109, 37
18, 110, 35
18, 113, 33
18, 117, 54
18, 123, 50
18, 125, 13
18, 125, 48
18, 125, 57
18, 128, 6
18, 131, 6
18, 135, 15
18, 137, 36
18, 137, 47
18, 138, 30
18, 144, 16
18, 145, 37
18, 146, 52
18, 147, 41
18, 152, 53
18, 157, 24
18, 157, 42
18, 157, 43
18, 160, 17
18, 161, 20
18, 163, 10
18, 166, 48
18, 171, 57
18, 172, 8
18, 172, 50
18, 173, 32
18, 175, 1
18, 177, 4
18, 178, 33
18, 179, 41
18, 180, 6
18, 180, 12
18, 181, 21
18, 181, 47
18, 182, 32
18, 184, 39
18, 186, 2
18, 186, 46
18, 187, 12
18, 189, 39
18, 192, 49
18, 193, 16
18, 193, 19
18, 193, 36
18, 194, 44
18, 195, 54
18, 196, 9
18, 198, 7
18, 198, 29
18, 199, 45
18, 200, 21
18, 201, 28
18, 204, 41
18, 205, 22
18, 205, 37
18, 206, 32
18, 213, 6
18, 213, 8
18, 213, 56
18, 217, 31
18, 218, 13
18, 219, 41
18, 220, 34
18, 222, 6
18, 224, 25
18, 228, 25
18, 229, 39
18, 231, 14
18, 231, 22
18, 233, 19
18, 234, 11
18, 234, 52
18, 235, 21
18, 241, 30
18, 243, 40
18, 246, 20
18, 252, 8
18, 252, 42
18, 253, 48
18, 259, 30
18, 260, 24
18, 260, 26
18, 272, 32
18, 272, 43
18, 273, 4
18, 273, 15
18, 274, 4
18, 282, 45
18, 292, 33
18, 293, 25
18, 296, 19
18, 297, 9
18, 297, 22
18, 301, 12
18, 302, 7
18, 302, 44
18, 305, 5
18, 306, 47
18, 307, 5
18, 307, 17
18, 307, 34
18, 312, 2
18, 312, 45
18, 315, 47
18, 319, 35
18, 324, 36
18, 327, 21
18, 328, 24
18, 328, 31
18, 333, 26
18, 335, 18
18, 337, 54
18, 338, 25
18, 339, 9
18, 340, 12
18, 341, 20
18, 342, 41
18, 347, 32
18, 349, 2
18, 350, 6
18, 350, 28
18, 353, 13
18, 354, 6
18, 354, 57
18, 356, 12
18, 358, 26
18, 358, 44
18, 359, 4
18, 360, 41
18, 363, 14
18, 364, 43
18, 372, 19
18, 374, 43
18, 375, 31
18, 378, 8
18, 379, 42
18, 384, 15
18, 387, 40
18, 394, 39
18, 395, 6
18, 397, 12
19, 2, 47
19, 6, 6
19, 6, 21
19, 8, 11
19, 8, 46
19, 9, 35
19, 10, 31
19, 10, 44
19, 26, 4
19, 26, 41
19, 29, 6
19, 30, 44
19, 30, 53
19, 35, 53
19, 36, 26
19, 37, 57
19, 38, 42
19, 41, 22
19, 42, 18
19, 48, 21
19, 49, 29
19, 52, 8
19, 53, 38
19, 54, 5
19, 57, 4
19, 60, 23
19, 63, 39
19, 65, 14
19, 70, 20
19, 70, 45
19, 72, 31
19, 73, 52
19, 74, 11
19, 76, 55
19, 77, 9
19, 77, 16
19, 78, 18
19, 85, 26
19, 93, 2
19, 95, 34
19, 95, 60
19, 97, 36
19, 99, 51
19, 103, 11
19, 112, 48
19, 113, 16
19, 115, 5
19, 116, 18
19, 117, 31
19, 119, 7
19, 124, 3
19, 127, 38
19, 128, 19
19, 130, 30
19, 137, 49
19, 138, 14
19, 138, 23
19, 141, 41
19, 141, 47
19, 143, 44
19, 144, 22
19, 148, 10
19, 148, 15
19, 149, 35
19, 152, 6
19, 152, 9
19, 154, 30
19, 156, 1
19, 157, 55
19, 163, 44
19, 168, 28
19, 175, 52
19, 176, 8
19, 178, 5
19, 178, 47
19, 184, 11
19, 184, 24
19, 184, 29
19, 186, 26
19, 189, 39
19, 193, 42
19, 195, 15
19, 199, 16
19, 200, 4
19, 204, 26
19, 206, 38
19, 213, 1
19, 213, 23
19, 216, 21
19, 217, 11
19, 217, 15
19, 218, 49
19, 221, 34
19, 221, 48
19, 222, 36
19, 223, 18
19, 229, 6
19, 230, 49
19, 231, 6
19, 234, 55
19, 242, 14
19, 244, 42
19, 245, 29
19, 247, 24
19, 249, 15
19, 259, 20
19, 261, 34
19, 264, 10
19, 265, 39
19, 268, 48
19, 270, 10
19, 271, 7
19, 272, 30
19, 273, 16
19, 273, 53
19, 273, 57
19, 274, 38
19, 274, 49
19, 276, 19
19, 276, 22
19, 278, 2
19, 279, 36
19, 280, 8
19, 280, 26
19, 285, 45
19, 285, 53
19, 290, 8
19, 292, 23
19, 294, 4
19, 294, 21
19, 294, 36
19, 296, 51
19, 297, 19
19, 310, 37
19, 311, 16
19, 311, 28
19, 311, 47
19, 312, 22
19, 313, 39
19, 313, 49
19, 315, 38
19, 316, 28
19, 321, 44
19, 323, 5
19, 323, 11
19, 326, 7
19, 328, 20
19, 329, 45
19, 330, 51
19, 336, 15
19, 337, 41
19, 342, 30
19, 345, 29
19, 353, 1
19, 357, 52
19, 360, 47
19, 365, 28
19, 365, 29
19, 368, 4
19, 368, 42
19, 369, 6
19, 370, 14
19, 370, 34
19, 377, 48
19, 382, 4
19, 382, 28
19, 383, 15
19, 384, 8
19, 385, 2
19, 389, 28
19, 391, 1
19, 391, 4
19, 393, 26
