1, 6, 20
1, 6, 58
1, 30, 16
1, 30, 39
1, 32, 41
1, 39, 37
1, 40, 2
1, 48, 36
1, 66, 30
1, 66, 33
1, 66, 50
1, 79, 25
1, 80, 44
1, 91, 1
1, 103, 8
1, 123, 47
1, 127, 37
1, 128, 53
1, 150, 16
1, 156, 50
1, 163, 20
1, 183, 58
1, 200, 41
1, 225, 39
1, 226, 37
1, 227, 16
1, 228, 53
1, 246, 30
1, 257, 25
1, 259, 66
1, 261, 36
1, 269, 44
1, 282, 50
1, 288, 53
1, 293, 44
1, 296, 33
1, 303, 2
1, 305, 16
1, 309, 30
1, 313, 58
1, 332, 50
1, 335, 44
1, 342, 8
1, 347, 2
1, 367, 30
1, 374, 20
1, 378, 32
1, 384, 33
1, 398, 50
1, 399, 66
2, 9, 7
2, 10, 59
2, 16, 46
2, 23, 34
2, 28, 2
2, 34, 25
2, 38, 24
2, 42, 26
2, 43, 3
2, 52, 51
2, 53, 43
2, 60, 37
2, 63, 12
2, 64, 14
2, 64, 32
2, 78, 13
2, 88, 42
2, 90, 27
2, 92, 21
2, 100, 48
2, 122, 2
2, 131, 11
2, 132, 19
2, 134, 12
2, 139, 43
2, 140, 33
2, 155, 25
2, 161, 7
2, 161, 46
2, 163, 25
2, 171, 45
2, 176, 39
2, 177, 44
2, 186, 42
2, 190, 36
2, 194, 14
2, 195, 46
2, 198, 12
2, 198, 19
2, 201, 34
2, 217, 26
2, 221, 27
2, 222, 37
2, 239, 44
2, 249, 11
2, 252, 24
2, 254, 51
2, 270, 48
2, 271, 19
2, 290, 26
2, 295, 3
2, 298, 13
2, 299, 36
2, 328, 19
2, 333, 43
2, 336, 7
2, 342, 12
2, 349, 59
2, 350, 25
2, 352, 14
2, 365, 37
2, 367, 32
2, 371, 34
2, 371, 44
2, 373, 3
2, 378, 33
2, 392, 46
2, 393, 26
3, 2, 12
3, 2, 56
3, 4, 38
3, 6, 24
3, 13, 32
3, 34, 60
3, 39, 5
3, 40, 47
3, 41, 31
3, 52, 35
3, 53, 12
3, 65, 52
3, 66, 23
3, 69, 58
3, 96, 34
3, 99, 54
3, 107, 39
3, 110, 15
3, 111, 31
3, 115, 56
3, 122, 36
3, 123, 8
3, 126, 19
3, 131, 50
3, 132, 31
3, 135, 52
3, 137, 12
3, 138, 17
3, 138, 44
3, 139, 54
3, 147, 44
3, 149, 9
3, 154, 31
3, 161, 23
3, 161, 58
3, 162, 42
3, 172, 35
3, 178, 15
3, 182, 10
3, 183, 47
3, 190, 17
3, 196, 24
3, 197, 29
3, 199, 56
3, 207, 30
3, 208, 55
3, 209, 29
3, 209, 50
3, 212, 52
3, 216, 32
3, 217, 10
3, 233, 15
3, 244, 60
3, 246, 10
3, 247, 47
3, 249, 19
3, 252, 40
3, 263, 54
3, 265, 55
3, 270, 30
3, 270, 42
3, 270, 56
3, 276, 36
3, 278, 25
3, 284, 39
3, 287, 50
3, 294, 19
3, 296, 23
3, 304, 38
3, 312, 47
3, 316, 29
3, 318, 37
3, 319, 8
3, 326, 24
3, 327, 12
3, 331, 34
3, 332, 9
3, 332, 19
3, 341, 24
3, 344, 30
3, 347, 5
3, 351, 52
3, 352, 37
3, 365, 17
3, 366, 34
3, 369, 56
3, 374, 32
3, 375, 42
3, 376, 40
3, 377, 10
3, 380, 44
3, 383, 15
3, 384, 35
3, 398, 24
4, 2, 35
4, 4, 36
4, 6, 11
4, 6, 22
4, 6, 48
4, 14, 53
4, 16, 32
4, 31, 40
4, 41, 5
4, 42, 31
4, 50, 1
4, 50, 19
4, 56, 23
4, 60, 35
4, 61, 25
4, 63, 14
4, 69, 40
4, 70, 10
4, 78, 10
4, 81, 46
4, 85, 25
4, 85, 44
4, 87, 13
4, 89, 11
4, 89, 39
4, 91, 8
4, 94, 3
4, 97, 25
4, 98, 21
4, 98, 53
4, 100, 40
4, 102, 6
4, 110, 48
4, 111, 19
4, 118, 27
4, 119, 15
4, 120, 23
4, 124, 17
4, 124, 18
4, 124, 45
4, 133, 20
4, 135, 32
4, 138, 39
4, 140, 1
4, 140, 36
4, 143, 6
4, 156, 5
4, 158, 36
4, 166, 25
4, 168, 38
4, 169, 31
4, 174, 10
4, 175, 35
4, 181, 2
4, 181, 38
4, 181, 48
4, 185, 14
4, 194, 8
4, 196, 48
4, 200, 22
4, 202, 21
4, 234, 3
4, 236, 40
4, 251, 23
4, 254, 36
4, 259, 53
4, 261, 15
4, 263, 3
4, 269, 6
4, 271, 13
4, 275, 18
4, 275, 35
4, 282, 32
4, 283, 31
4, 284, 27
4, 291, 14
4, 292, 46
4, 293, 48
4, 304, 21
4, 305, 11
4, 309, 17
4, 310, 31
4, 323, 14
4, 324, 2
4, 325, 70
4, 336, 38
4, 343, 21
4, 347, 15
4, 350, 48
4, 362, 3
4, 363, 23
4, 377, 6
4, 380, 25
4, 386, 44
4, 391, 8
4, 394, 18
5, 22, 25
5, 24, 32
5, 24, 41
5, 25, 36
5, 25, 50
5, 34, 44
5, 36, 23
5, 48, 46
5, 55, 17
5, 57, 24
5, 65, 19
5, 67, 25
5, 69, 14
5, 73, 60
5, 82, 27
5, 97, 11
5, 97, 19
5, 105, 28
5, 112, 41
5, 112, 43
5, 122, 2
5, 134, 17
5, 139, 15
5, 148, 37
5, 152, 36
5, 156, 33
5, 163, 59
5, 179, 45
5, 187, 60
5, 192, 46
5, 194, 49
5, 195, 23
5, 204, 27
5, 205, 49
5, 215, 28
5, 218, 14
5, 226, 50
5, 229, 24
5, 236, 19
5, 239, 2
5, 240, 37
5, 240, 41
5, 252, 17
5, 253, 25
5, 264, 32
5, 274, 44
5, 285, 24
5, 287, 15
5, 290, 33
5, 300, 28
5, 309, 41
5, 313, 61
5, 317, 24
5, 318, 50
5, 329, 49
5, 330, 46
5, 337, 43
5, 339, 32
5, 346, 36
5, 350, 50
5, 358, 45
5, 361, 59
5, 363, 11
5, 382, 2
5, 382, 27
5, 388, 36
5, 389, 60
5, 398, 50
5, 399, 44
6, 6, 2
6, 14, 15
6, 20, 56
6, 22, 18
6, 32, 51
6, 33, 3
6, 35, 11
6, 50, 27
6, 67, 42
6, 73, 52
6, 73, 56
6, 75, 41
6, 83, 48
6, 84, 39
6, 87, 29
6, 89, 36
6, 91, 4
6, 92, 16
6, 95, 51
6, 118, 27
6, 119, 2
6, 125, 41
6, 149, 56
6, 157, 35
6, 157, 51
6, 188, 46
6, 191, 15
6, 197, 36
6, 198, 41
6, 198, 65
6, 204, 18
6, 206, 3
6, 208, 13
6, 221, 29
6, 222, 5
6, 238, 48
6, 250, 11
6, 252, 41
6, 253, 27
6, 260, 41
6, 273, 23
6, 273, 40
6, 273, 56
6, 276, 4
6, 287, 46
6, 287, 62
6, 293, 51
6, 293, 52
6, 299, 2
6, 306, 16
6, 310, 5
6, 310, 56
6, 315, 34
6, 323, 40
6, 329, 36
6, 336, 2
6, 347, 29
6, 350, 52
6, 355, 46
6, 373, 40
6, 374, 11
6, 376, 15
6, 376, 46
6, 380, 11
6, 384, 16
6, 390, 46
6, 393, 34
6, 397, 44
7, 2, 29
7, 6, 8
7, 6, 60
7, 10, 15
7, 14, 3
7, 22, 52
7, 29, 6
7, 35, 48
7, 44, 25
7, 51, 50
7, 52, 38
7, 53, 54
7, 59, 7
7, 66, 29
7, 68, 16
7, 79, 43
7, 80, 8
7, 83, 23
7, 91, 26
7, 94, 13
7, 96, 39
7, 99, 57
7, 101, 23
7, 107, 42
7, 115, 54
7, 117, 9
7, 117, 34
7, 119, 53
7, 122, 8
7, 126, 20
7, 129, 7
7, 132, 29
7, 141, 43
7, 143, 18
7, 152, 3
7, 154, 10
7, 154, 52
7, 164, 21
7, 166, 6
7, 166, 46
7, 166, 48
7, 173, 15
7, 174, 57
7, 176, 48
7, 178, 54
7, 183, 15
7, 183, 36
7, 184, 60
7, 185, 43
7, 185, 50
7, 187, 50
7, 191, 25
7, 207, 23
7, 219, 21
7, 229, 25
7, 230, 54
7, 235, 38
7, 238, 39
7, 252, 3
7, 253, 7
7, 253, 16
7, 253, 39
7, 257, 57
7, 263, 26
7, 266, 53
7, 268, 34
7, 269, 62
7, 272, 34
7, 274, 15
7, 283, 6
7, 284, 8
7, 284, 29
7, 290, 42
7, 291, 57
7, 293, 23
7, 307, 25
7, 311, 62
7, 314, 7
7, 321, 50
7, 324, 26
7, 325, 60
7, 326, 48
7, 326, 57
7, 332, 5
7, 332, 18
7, 333, 58
7, 339, 43
7, 339, 52
7, 341, 21
7, 344, 10
7, 353, 20
7, 355, 39
7, 362, 39
7, 365, 46
7, 369, 34
7, 369, 43
7, 369, 53
7, 372, 6
7, 380, 10
7, 393, 29
7, 397, 26
8, 1, 31
8, 12, 47
8, 17, 14
8, 24, 1
8, 24, 45
8, 28, 52
8, 32, 28
8, 32, 38
8, 39, 25
8, 41, 21
8, 42, 16
8, 45, 24
8, 46, 56
8, 66, 10
8, 73, 51
8, 79, 2
8, 94, 33
8, 96, 12
8, 97, 43
8, 100, 11
8, 103, 47
8, 106, 14
8, 108, 23
8, 111, 36
8, 112, 14
8, 112, 45
8, 113, 8
8, 126, 45
8, 128, 4
8, 133, 16
8, 137, 2
8, 146, 10
8, 148, 31
8, 153, 14
8, 162, 47
8, 165, 24
8, 173, 35
8, 178, 22
8, 193, 22
8, 193, 26
8, 196, 62
8, 202, 10
8, 213, 43
8, 228, 51
8, 236, 25
8, 247, 31
8, 247, 52
8, 249, 24
8, 251, 56
8, 252, 25
8, 279, 8
8, 281, 16
8, 283, 52
8, 285, 1
8, 285, 15
8, 287, 11
8, 290, 38
8, 291, 12
8, 293, 33
8, 295, 22
8, 299, 2
8, 302, 36
8, 321, 16
8, 329, 31
8, 341, 47
8, 346, 35
8, 347, 4
8, 352, 10
8, 360, 26
8, 362, 62
8, 364, 21
8, 364, 45
8, 376, 51
8, 380, 14
8, 384, 24
8, 385, 33
8, 390, 2
8, 399, 36
9, 2, 30
9, 6, 41
9, 16, 20
9, 23, 54
9, 27, 40
9, 37, 52
9, 47, 22
9, 49, 23
9, 56, 33
9, 64, 60
9, 68, 45
9, 79, 11
9, 83, 37
9, 84, 41
9, 84, 48
9, 86, 3
9, 94, 56
9, 95, 28
9, 100, 51
9, 110, 48
9, 121, 40
9, 133, 28
9, 139, 3
9, 140, 35
9, 143, 47
9, 155, 20
9, 160, 16
9, 179, 22
9, 181, 29
9, 183, 41
9, 190, 60
9, 208, 40
9, 213, 51
9, 215, 16
9, 217, 41
9, 222, 54
9, 224, 33
9, 225, 11
9, 230, 37
9, 231, 54
9, 239, 45
9, 240, 35
9, 257, 6
9, 263, 41
9, 273, 3
9, 275, 30
9, 276, 29
9, 291, 54
9, 301, 56
9, 305, 38
9, 305, 88
9, 323, 22
9, 332, 19
9, 332, 52
9, 336, 51
9, 341, 20
9, 348, 33
9, 349, 41
9, 355, 48
9, 362, 11
9, 369, 40
9, 372, 45
9, 374, 29
9, 378, 60
9, 380, 52
9, 390, 35
10, 10, 1
10, 10, 46
10, 11, 3
10, 11, 57
10, 13, 15
10, 15, 19
10, 27, 24
10, 27, 29
10, 30, 21
10, 31, 31
10, 50, 37
10, 57, 20
10, 62, 44
10, 65, 39
10, 66, 45
10, 76, 14
10, 82, 19
10, 83, 26
10, 87, 29
10, 89, 17
10, 90, 33
10, 103, 42
10, 104, 2
10, 111, 53
10, 114, 39
10, 116, 15
10, 130, 3
10, 142, 57
10, 144, 37
10, 148, 4
10, 148, 33
10, 151, 57
10, 157, 24
10, 159, 47
10, 160, 45
10, 168, 14
10, 170, 21
10, 179, 16
10, 181, 42
10, 197, 31
10, 205, 29
10, 205, 43
10, 210, 48
10, 210, 62
10, 213, 17
10, 220, 53
10, 221, 20
10, 221, 24
10, 229, 39
10, 239, 39
10, 244, 19
10, 254, 25
10, 262, 3
10, 263, 45
10, 269, 15
10, 276, 37
10, 276, 57
10, 278, 26
10, 279, 33
10, 279, 42
10, 280, 53
10, 294, 21
10, 324, 33
10, 325, 16
10, 326, 44
10, 327, 1
10, 334, 20
10, 337, 46
10, 338, 26
10, 341, 31
10, 346, 3
10, 348, 39
10, 352, 14
10, 357, 14
10, 359, 53
10, 360, 2
10, 363, 47
10, 368, 16
10, 369, 48
10, 370, 29
10, 379, 20
10, 383, 19
10, 383, 43
10, 386, 57
10, 393, 25
10, 395, 4
11, 3, 7
11, 3, 18
11, 8, 9
11, 8, 47
11, 26, 11
11, 29, 2
11, 36, 8
11, 50, 63
11, 59, 12
11, 63, 14
11, 68, 52
11, 85, 40
11, 86, 6
11, 91, 60
11, 98, 34
11, 106, 25
11, 112, 7
11, 115, 42
11, 137, 43
11, 138, 30
11, 143, 8
11, 156, 14
11, 162, 29
11, 165, 18
11, 177, 24
11, 197, 60
11, 214, 60
11, 225, 47
11, 226, 42
11, 228, 14
11, 235, 40
11, 236, 6
11, 247, 42
11, 248, 30
11, 251, 2
11, 253, 63
11, 254, 18
11, 255, 25
11, 263, 7
11, 263, 51
11, 273, 43
11, 278, 8
11, 288, 60
11, 297, 12
11, 303, 25
11, 315, 42
11, 317, 24
11, 317, 37
11, 324, 52
11, 325, 29
11, 329, 6
11, 347, 43
11, 361, 34
11, 366, 60
11, 372, 25
11, 373, 7
11, 376, 42
11, 379, 14
11, 398, 18
11, 398, 47
12, 6, 25
12, 13, 32
12, 19, 59
12, 20, 11
12, 24, 34
12, 24, 41
12, 33, 47
12, 39, 39
12, 43, 4
12, 64, 57
12, 66, 47
12, 70, 32
12, 70, 53
12, 72, 16
12, 76, 8
12, 91, 4
12, 93, 22
12, 95, 1
12, 100, 51
12, 100, 59
12, 106, 19
12, 106, 47
12, 108, 41
12, 119, 58
12, 121, 25
12, 124, 22
12, 124, 34
12, 130, 48
12, 135, 53
12, 137, 45
12, 139, 11
12, 142, 5
12, 144, 25
12, 158, 51
12, 165, 25
12, 172, 41
12, 177, 49
12, 184, 16
12, 185, 4
12, 191, 53
12, 200, 22
12, 201, 8
12, 202, 33
12, 203, 57
12, 215, 45
12, 218, 44
12, 227, 59
12, 228, 34
12, 242, 16
12, 248, 25
12, 249, 11
12, 249, 32
12, 251, 44
12, 260, 51
12, 264, 47
12, 266, 8
12, 268, 34
12, 276, 5
12, 281, 48
12, 283, 51
12, 291, 39
12, 292, 13
12, 294, 33
12, 299, 24
12, 306, 22
12, 312, 1
12, 312, 58
12, 324, 25
12, 327, 53
12, 332, 8
12, 335, 33
12, 344, 4
12, 344, 41
12, 344, 48
12, 358, 11
12, 367, 34
12, 372, 57
12, 380, 25
12, 381, 13
12, 383, 39
12, 384, 16
12, 385, 5
12, 388, 51
12, 391, 34
12, 393, 25
12, 398, 1
12, 398, 44
12, 398, 59
13, 5, 55
13, 13, 46
13, 15, 26
13, 18, 52
13, 28, 12
13, 28, 28
13, 32, 56
13, 33, 17
13, 36, 2
13, 37, 3
13, 39, 20
13, 46, 2
13, 82, 14
13, 84, 23
13, 88, 32
13, 89, 10
13, 96, 36
13, 102, 3
13, 102, 31
13, 107, 46
13, 112, 28
13, 112, 37
13, 121, 49
13, 128, 41
13, 136, 26
13, 145, 12
13, 151, 55
13, 162, 52
13, 163, 14
13, 165, 34
13, 167, 7
13, 175, 20
13, 182, 2
13, 188, 56
13, 198, 46
13, 212, 32
13, 245, 10
13, 251, 12
13, 251, 52
13, 254, 36
13, 272, 46
13, 277, 21
13, 282, 26
13, 282, 56
13, 285, 41
13, 286, 14
13, 294, 55
13, 299, 3
13, 299, 17
13, 302, 37
13, 312, 32
13, 317, 28
13, 318, 49
13, 319, 7
13, 323, 20
13, 324, 26
13, 325, 12
13, 342, 23
13, 346, 31
13, 351, 2
13, 351, 34
13, 354, 56
13, 355, 31
13, 359, 36
13, 370, 17
13, 371, 3
13, 378, 12
13, 381, 26
13, 391, 2
13, 394, 55
13, 397, 21
13, 398, 37
14, 8, 14
14, 13, 7
14, 17, 59
14, 28, 51
14, 34, 4
14, 35, 27
14, 36, 33
14, 39, 46
14, 45, 55
14, 49, 39
14, 53, 5
14, 57, 49
14, 60, 1
14, 68, 47
14, 69, 15
14, 69, 18
14, 70, 30
14, 74, 3
14, 77, 42
14, 78, 61
14, 81, 7
14, 82, 10
14, 87, 49
14, 89, 1
14, 94, 24
14, 103, 2
14, 103, 10
14, 107, 39
14, 120, 1
14, 128, 42
14, 142, 3
14, 143, 14
14, 143, 61
14, 148, 51
14, 155, 5
14, 156, 14
14, 157, 46
14, 168, 39
14, 174, 27
14, 175, 18
14, 183, 32
14, 199, 47
14, 200, 30
14, 203, 33
14, 216, 15
14, 217, 7
14, 218, 24
14, 219, 61
14, 220, 12
14, 230, 49
14, 231, 55
14, 237, 14
14, 242, 47
14, 243, 30
14, 264, 59
14, 275, 24
14, 286, 14
14, 287, 39
14, 298, 1
14, 298, 51
14, 303, 11
14, 309, 5
14, 309, 29
14, 316, 2
14, 323, 42
14, 324, 5
14, 335, 27
14, 342, 39
14, 344, 61
14, 349, 18
14, 349, 46
14, 349, 49
14, 351, 14
14, 354, 10
14, 359, 55
14, 364, 5
14, 367, 7
14, 368, 47
14, 369, 24
14, 372, 3
14, 379, 39
14, 389, 9
14, 389, 59
15, 2, 48
15, 8, 16
15, 12, 22
15, 14, 41
15, 15, 28
15, 16, 49
15, 21, 31
15, 33, 25
15, 39, 15
15, 43, 58
15, 52, 35
15, 56, 8
15, 56, 10
15, 59, 23
15, 67, 38
15, 77, 33
15, 82, 43
15, 85, 37
15, 89, 3
15, 97, 22
15, 106, 22
15, 106, 53
15, 115, 48
15, 118, 26
15, 124, 5
15, 128, 4
15, 129, 15
15, 134, 38
15, 142, 31
15, 146, 58
15, 149, 37
15, 150, 41
15, 152, 25
15, 153, 15
15, 156, 49
15, 158, 32
15, 175, 8
15, 177, 20
15, 178, 16
15, 179, 22
15, 184, 23
15, 184, 38
15, 188, 25
15, 188, 28
15, 193, 37
15, 200, 43
15, 202, 21
15, 209, 26
15, 212, 3
15, 226, 35
15, 230, 19
15, 230, 38
15, 231, 16
15, 236, 13
15, 238, 28
15, 252, 41
15, 256, 33
15, 267, 35
15, 272, 5
15, 272, 37
15, 277, 48
15, 280, 22
15, 281, 35
15, 284, 20
15, 288, 31
15, 294, 21
15, 295, 31
15, 299, 15
15, 301, 23
15, 310, 10
15, 310, 38
15, 314, 3
15, 314, 19
15, 322, 22
15, 324, 8
15, 326, 13
15, 329, 32
15, 347, 31
15, 354, 3
15, 354, 26
15, 361, 25
15, 361, 41
15, 367, 21
15, 371, 22
15, 373, 35
15, 382, 49
15, 383, 16
15, 385, 28
15, 390, 37
16, 14, 45
16, 15, 43
16, 20, 11
16, 20, 21
16, 23, 31
16, 24, 34
16, 26, 1
16, 37, 32
16, 38, 11
16, 43, 24
16, 44, 46
16, 45, 12
16, 46, 42
16, 50, 5
16, 69, 31
16, 71, 39
16, 84, 44
16, 86, 56
16, 95, 28
16, 100, 22
16, 103, 52
16, 105, 1
16, 115, 57
16, 119, 11
16, 122, 6
16, 123, 49
16, 126, 3
16, 131, 5
16, 132, 46
16, 135, 20
16, 136, 34
16, 142, 22
16, 146, 24
16, 157, 45
16, 163, 43
16, 169, 23
16, 186, 32
16, 191, 31
16, 193, 44
16, 197, 27
16, 197, 42
16, 208, 11
16, 212, 56
16, 219, 52
16, 226, 12
16, 231, 39
16, 234, 49
16, 240, 1
16, 240, 11
16, 258, 34
16, 263, 43
16, 267, 11
16, 269, 31
16, 270, 57
16, 276, 43
16, 280, 12
16, 286, 3
16, 302, 20
16, 304, 42
16, 305, 5
16, 305, 27
16, 310, 28
16, 318, 32
16, 337, 46
16, 338, 27
16, 341, 42
16, 350, 52
16, 354, 31
16, 355, 12
16, 358, 57
16, 364, 1
16, 364, 27
16, 368, 11
16, 386, 3
16, 386, 28
16, 399, 27
16, 399, 44
17, 3, 33
17, 12, 17
17, 13, 62
17, 47, 4
17, 48, 12
17, 48, 37
17, 50, 9
17, 51, 49
17, 67, 56
17, 74, 30
17, 74, 46
17, 75, 18
17, 79, 15
17, 81, 38
17, 84, 59
17, 91, 34
17, 92, 54
17, 96, 17
17, 97, 43
17, 105, 33
17, 107, 44
17, 123, 47
17, 132, 37
17, 137, 40
17, 147, 12
17, 172, 22
17, 183, 46
17, 190, 18
17, 198, 18
17, 199, 62
17, 221, 9
17, 222, 62
17, 226, 17
17, 236, 54
17, 237, 18
17, 237, 39
17, 240, 9
17, 247, 33
17, 248, 4
17, 249, 59
17, 251, 12
17, 252, 43
17, 264, 30
17, 268, 22
17, 272, 17
17, 273, 56
17, 278, 47
17, 284, 34
17, 291, 49
17, 291, 62
17, 293, 44
17, 305, 4
17, 307, 50
17, 327, 20
17, 327, 57
17, 331, 40
17, 332, 46
17, 333, 9
17, 339, 38
17, 346, 43
17, 357, 59
17, 361, 54
17, 362, 39
17, 371, 46
17, 383, 12
17, 384, 17
17, 386, 18
17, 392, 34
17, 399, 44
18, 3, 32
18, 4, 4
18, 7, 40
18, 11, 33
18, 21, 11
18, 23, 48
18, 31, 19
18, 31, 56
18, 34, 30
18, 38, 18
18, 47, 30
18, 56, 28
18, 68, 45
18, 68, 55
18, 70, 24
18, 73, 60
18, 79, 24
18, 86, 25
18, 87, 3
18, 94, 58
18, 96, 8
18, 104, 6
18, 106, 48
18, 107, 5
18, 107, 39
18, 110, 15
18, 113, 28
18, 113, 52
18, 128, 51
18, 137, 55
18, 140, 4
18, 141, 45
18, 151, 13
18, 151, 50
18, 157, 49
18, 165, 53
18, 168, 33
18, 174, 30
18, 179, 18
18, 181, 41
18, 181, 51
18, 185, 37
18, 188, 56
18, 190, 8
18, 207, 40
18, 210, 45
18, 212, 32
18, 216, 3
18, 216, 19
18, 217, 25
18, 225, 28
18, 229, 19
18, 231, 40
18, 237, 39
18, 239, 11
18, 242, 25
18, 255, 15
18, 256, 48
18, 257, 18
18, 266, 8
18, 288, 8
18, 289, 13
18, 309, 24
18, 310, 19
18, 319, 28
18, 329, 55
18, 335, 49
18, 336, 53
18, 337, 15
18, 344, 48
18, 348, 40
18, 357, 28
18, 359, 5
18, 365, 41
18, 370, 58
18, 371, 49
18, 372, 3
18, 373, 37
18, 381, 8
18, 384, 51
18, 386, 13
18, 387, 3
18, 395, 30
18, 397, 19
19, 6, 48
19, 15, 34
19, 19, 27
19, 37, 23
19, 39, 41
19, 43, 10
19, 46, 59
19, 57, 16
19, 57, 47
19, 65, 21
19, 74, 25
19, 75, 3
19, 78, 28
19, 88, 53
19, 90, 44
19, 91, 33
19, 91, 36
19, 93, 61
19, 93, 62
19, 107, 4
19, 112, 32
19, 113, 13
19, 123, 11
19, 127, 25
19, 144, 41
19, 148, 27
19, 155, 34
19, 156, 27
19, 161, 25
19, 163, 23
19, 166, 14
19, 170, 21
19, 176, 58
19, 180, 16
19, 183, 61
19, 196, 48
19, 205, 59
19, 208, 17
19, 212, 50
19, 214, 28
19, 231, 45
19, 243, 33
19, 244, 4
19, 252, 21
19, 263, 53
19, 269, 36
19, 270, 62
19, 272, 44
19, 277, 10
19, 297, 15
19, 298, 23
19, 299, 27
19, 300, 61
19, 302, 50
19, 304, 44
19, 306, 21
19, 309, 47
19, 310, 3
19, 310, 48
19, 313, 4
19, 318, 34
19, 323, 47
19, 324, 11
19, 327, 41
19, 329, 28
19, 332, 24
19, 333, 13
19, 340, 36
19, 341, 61
19, 343, 18
19, 346, 14
19, 355, 11
19, 356, 25
19, 359, 59
19, 362, 32
19, 368, 44
19, 369, 50
19, 376, 53
19, 376, 61
19, 378, 21
19, 383, 41
19, 386, 58
19, 396, 10
