1, 5, 52
1, 8, 11
1, 27, 40
1, 35, 27
1, 37, 35
1, 39, 37
1, 41, 16
1, 44, 25
1, 44, 46
1, 53, 54
1, 67, 11
1, 72, 31
1, 75, 43
1, 76, 41
1, 104, 5
1, 105, 8
1, 115, 37
1, 123, 52
1, 124, 48
1, 136, 44
1, 142, 20
1, 143, 52
1, 144, 26
1, 157, 16
1, 159, 46
1, 161, 11
1, 169, 41
1, 180, 49
1, 184, 37
1, 187, 43
1, 197, 20
1, 206, 48
1, 207, 40
1, 228, 16
1, 228, 52
1, 231, 27
1, 247, 39
1, 251, 25
1, 268, 20
1, 268, 48
1, 271, 44
1, 281, 35
1, 291, 25
1, 304, 43
1, 312, 16
1, 320, 61
1, 329, 52
1, 336, 46
1, 338, 40
1, 341, 8
1, 349, 11
1, 365, 44
1, 366, 27
1, 396, 26
1, 397, 20
1, 399, 49
2, 3, 19
2, 5, 27
2, 19, 34
2, 24, 16
2, 26, 23
2, 28, 32
2, 31, 29
2, 36, 45
2, 37, 22
2, 43, 7
2, 46, 2
2, 58, 33
2, 64, 15
2, 64, 28
2, 65, 55
2, 72, 58
2, 73, 52
2, 84, 47
2, 85, 13
2, 87, 27
2, 88, 3
2, 90, 7
2, 90, 34
2, 98, 24
2, 102, 6
2, 107, 4
2, 107, 41
2, 111, 13
2, 123, 7
2, 129, 23
2, 130, 29
2, 143, 45
2, 148, 47
2, 149, 28
2, 153, 25
2, 157, 6
2, 160, 19
2, 169, 34
2, 182, 41
2, 188, 2
2, 200, 24
2, 202, 27
2, 205, 52
2, 207, 55
2, 213, 58
2, 216, 24
2, 224, 41
2, 229, 16
2, 241, 32
2, 254, 22
2, 256, 50
2, 258, 45
2, 259, 38
2, 274, 22
2, 285, 23
2, 285, 27
2, 286, 28
2, 289, 26
2, 293, 33
2, 301, 3
2, 305, 29
2, 307, 30
2, 309, 4
2, 321, 13
2, 321, 18
2, 332, 34
2, 333, 28
2, 338, 3
2, 348, 52
2, 350, 50
2, 353, 58
2, 357, 22
2, 357, 47
2, 368, 2
2, 379, 7
2, 384, 41
2, 387, 28
2, 393, 38
2, 393, 45
2, 396, 32
3, 3, 34
3, 5, 46
3, 9, 58
3, 13, 32
3, 17, 59
3, 23, 55
3, 24, 33
3, 32, 48
3, 41, 23
3, 42, 61
3, 43, 21
3, 44, 38
3, 51, 42
3, 53, 19
3, 65, 36
3, 75, 44
3, 77, 16
3, 82, 11
3, 83, 15
3, 88, 31
3, 91, 10
3, 95, 29
3, 95, 53
3, 107, 44
3, 109, 41
3, 109, 51
3, 112, 34
3, 113, 24
3, 114, 55
3, 124, 18
3, 127, 2
3, 129, 46
3, 132, 47
3, 136, 13
3, 136, 29
3, 137, 48
3, 140, 33
3, 148, 37
3, 149, 15
3, 158, 32
3, 159, 58
3, 168, 21
3, 177, 59
3, 179, 51
3, 182, 16
3, 190, 60
3, 191, 36
3, 192, 16
3, 193, 12
3, 199, 32
3, 201, 42
3, 204, 19
3, 205, 48
3, 208, 31
3, 215, 18
3, 221, 38
3, 225, 36
3, 231, 48
3, 236, 33
3, 240, 61
3, 243, 44
3, 250, 41
3, 255, 49
3, 262, 55
3, 268, 42
3, 284, 21
3, 284, 55
3, 286, 51
3, 289, 58
3, 290, 15
3, 293, 12
3, 296, 44
3, 300, 2
3, 301, 47
3, 302, 34
3, 303, 36
3, 306, 13
3, 311, 59
3, 317, 32
3, 325, 10
3, 327, 53
3, 330, 21
3, 332, 49
3, 334, 33
3, 339, 38
3, 345, 19
3, 349, 16
3, 350, 37
3, 354, 38
3, 360, 48
3, 367, 13
3, 367, 31
3, 367, 53
3, 369, 60
3, 370, 33
3, 373, 32
3, 373, 46
3, 374, 29
3, 375, 15
3, 375, 42
3, 379, 10
3, 379, 51
3, 381, 16
3, 383, 44
3, 398, 61
4, 1, 27
4, 2, 12
4, 19, 14
4, 23, 49
4, 25, 3
4, 30, 25
4, 32, 40
4, 40, 22
4, 40, 40
4, 41, 5
4, 59, 14
4, 64, 25
4, 77, 28
4, 77, 34
4, 86, 33
4, 88, 12
4, 91, 53
4, 92, 42
4, 98, 13
4, 99, 19
4, 119, 27
4, 121, 18
4, 127, 40
4, 128, 24
4, 137, 1
4, 140, 5
4, 147, 9
4, 155, 7
4, 160, 43
4, 162, 26
4, 164, 49
4, 180, 42
4, 181, 34
4, 183, 13
4, 186, 40
4, 190, 22
4, 198, 62
4, 201, 14
4, 204, 25
4, 205, 5
4, 218, 11
4, 238, 40
4, 245, 12
4, 247, 12
4, 248, 18
4, 248, 28
4, 259, 53
4, 265, 16
4, 268, 5
4, 269, 3
4, 270, 26
4, 283, 43
4, 285, 14
4, 285, 40
4, 289, 33
4, 289, 54
4, 299, 18
4, 307, 49
4, 310, 1
4, 310, 62
4, 320, 19
4, 321, 12
4, 329, 25
4, 329, 57
4, 331, 34
4, 336, 7
4, 338, 5
4, 347, 7
4, 349, 24
4, 353, 22
4, 357, 16
4, 368, 42
4, 374, 28
4, 378, 12
4, 381, 40
4, 396, 34
4, 399, 26
5, 1, 47
5, 9, 8
5, 15, 46
5, 17, 52
5, 21, 5
5, 21, 23
5, 23, 51
5, 27, 41
5, 32, 37
5, 38, 48
5, 49, 54
5, 51, 7
5, 51, 32
5, 53, 37
5, 55, 16
5, 55, 26
5, 57, 28
5, 57, 31
5, 63, 42
5, 66, 14
5, 68, 23
5, 68, 42
5, 71, 5
5, 74, 52
5, 76, 57
5, 79, 21
5, 84, 6
5, 91, 41
5, 95, 17
5, 96, 28
5, 98, 22
5, 98, 55
5, 99, 42
5, 104, 29
5, 104, 47
5, 108, 38
5, 109, 9
5, 114, 41
5, 129, 16
5, 131, 12
5, 140, 54
5, 142, 42
5, 149, 31
5, 163, 48
5, 165, 8
5, 168, 31
5, 171, 14
5, 173, 57
5, 175, 37
5, 177, 59
5, 190, 16
5, 194, 8
5, 198, 51
5, 200, 46
5, 203, 22
5, 216, 26
5, 217, 5
5, 222, 23
5, 231, 51
5, 237, 21
5, 244, 38
5, 249, 41
5, 250, 6
5, 257, 9
5, 259, 41
5, 260, 67
5, 262, 32
5, 266, 36
5, 272, 52
5, 273, 41
5, 274, 14
5, 274, 55
5, 275, 46
5, 284, 28
5, 290, 9
5, 292, 47
5, 292, 59
5, 306, 22
5, 310, 54
5, 311, 37
5, 319, 21
5, 327, 29
5, 335, 7
5, 335, 38
5, 338, 57
5, 344, 16
5, 348, 48
5, 353, 47
5, 363, 12
5, 375, 23
5, 377, 8
5, 381, 36
5, 384, 31
5, 393, 7
5, 398, 52
5, 399, 21
5, 399, 47
6, 1, 23
6, 7, 4
6, 9, 20
6, 18, 52
6, 22, 11
6, 29, 30
6, 36, 1
6, 36, 13
6, 36, 24
6, 38, 49
6, 51, 17
6, 51, 48
6, 53, 6
6, 61, 22
6, 63, 29
6, 70, 59
6, 75, 44
6, 80, 26
6, 89, 4
6, 92, 12
6, 95, 50
6, 109, 16
6, 115, 11
6, 116, 25
6, 119, 4
6, 121, 20
6, 123, 50
6, 124, 15
6, 126, 9
6, 127, 38
6, 132, 6
6, 134, 10
6, 142, 44
6, 158, 38
6, 160, 30
6, 162, 49
6, 166, 25
6, 169, 23
6, 172, 49
6, 175, 44
6, 178, 12
6, 179, 43
6, 187, 44
6, 195, 41
6, 208, 50
6, 211, 11
6, 220, 26
6, 226, 29
6, 228, 52
6, 232, 4
6, 241, 48
6, 247, 22
6, 248, 38
6, 249, 59
6, 257, 42
6, 270, 35
6, 275, 13
6, 279, 26
6, 288, 9
6, 290, 38
6, 292, 20
6, 293, 25
6, 295, 15
6, 301, 15
6, 301, 77
6, 302, 43
6, 308, 4
6, 315, 6
6, 319, 9
6, 319, 44
6, 321, 24
6, 323, 25
6, 324, 38
6, 325, 52
6, 342, 21
6, 342, 49
6, 344, 44
6, 345, 29
6, 346, 23
6, 347, 41
6, 350, 11
6, 359, 26
6, 369, 38
6, 372, 42
6, 373, 35
6, 376, 25
6, 377, 12
6, 380, 24
6, 386, 40
7, 1, 58
7, 5, 1
7, 8, 36
7, 9, 16
7, 16, 4
7, 21, 16
7, 23, 35
7, 25, 5
7, 25, 26
7, 27, 46
7, 36, 8
7, 42, 54
7, 50, 1
7, 65, 2
7, 66, 32
7, 68, 16
7, 71, 47
7, 73, 51
7, 74, 12
7, 81, 8
7, 92, 59
7, 94, 3
7, 102, 34
7, 104, 44
7, 109, 21
7, 116, 36
7, 116, 52
7, 117, 7
7, 119, 54
7, 120, 34
7, 123, 18
7, 134, 1
7, 134, 16
7, 138, 8
7, 139, 39
7, 141, 2
7, 146, 56
7, 149, 57
7, 151, 22
7, 155, 5
7, 160, 35
7, 172, 46
7, 180, 46
7, 181, 54
7, 187, 35
7, 194, 20
7, 194, 62
7, 198, 32
7, 199, 13
7, 199, 32
7, 202, 26
7, 207, 51
7, 214, 46
7, 218, 18
7, 218, 54
7, 224, 47
7, 231, 46
7, 239, 36
7, 239, 53
7, 247, 30
7, 249, 44
7, 250, 16
7, 252, 7
7, 258, 20
7, 259, 2
7, 264, 34
7, 268, 62
7, 274, 54
7, 275, 5
7, 276, 18
7, 280, 8
7, 280, 34
7, 288, 16
7, 300, 2
7, 300, 28
7, 315, 35
7, 316, 52
7, 320, 39
7, 322, 47
7, 323, 51
7, 328, 12
7, 328, 56
7, 331, 46
7, 332, 2
7, 332, 21
7, 333, 58
7, 341, 5
7, 346, 22
7, 353, 13
7, 362, 54
7, 363, 59
7, 363, 62
7, 376, 53
7, 381, 13
7, 384, 4
7, 389, 2
7, 390, 47
7, 394, 26
7, 394, 39
7, 398, 62
8, 9, 2
8, 9, 33
8, 11, 9
8, 12, 31
8, 16, 15
8, 24, 19
8, 26, 55
8, 27, 34
8, 38, 29
8, 42, 48
8, 57, 30
8, 60, 49
8, 68, 15
8, 72, 2
8, 73, 40
8, 74, 24
8, 80, 10
8, 89, 42
8, 91, 19
8, 97, 37
8, 107, 35
8, 109, 17
8, 114, 33
8, 122, 4
8, 132, 29
8, 134, 18
8, 139, 9
8, 144, 35
8, 147, 1
8, 147, 36
8, 148, 17
8, 150, 31
8, 151, 9
8, 154, 49
8, 155, 15
8, 155, 19
8, 159, 19
8, 159, 58
8, 166, 40
8, 173, 34
8, 178, 15
8, 180, 42
8, 184, 27
8, 186, 55
8, 191, 28
8, 192, 18
8, 195, 29
8, 211, 30
8, 211, 48
8, 215, 28
8, 220, 33
8, 221, 41
8, 223, 9
8, 224, 30
8, 238, 25
8, 241, 2
8, 244, 35
8, 247, 1
8, 250, 55
8, 261, 42
8, 262, 27
8, 268, 36
8, 271, 35
8, 275, 29
8, 275, 58
8, 280, 4
8, 285, 2
8, 285, 28
8, 291, 9
8, 291, 17
8, 307, 40
8, 315, 66
8, 322, 33
8, 324, 18
8, 332, 31
8, 333, 24
8, 348, 30
8, 352, 55
8, 353, 33
8, 356, 1
8, 356, 49
8, 364, 9
8, 365, 30
8, 367, 4
8, 367, 42
8, 367, 48
8, 387, 15
8, 394, 41
9, 1, 45
9, 9, 2
9, 14, 25
9, 31, 50
9, 36, 7
9, 40, 27
9, 60, 36
9, 60, 43
9, 91, 11
9, 91, 25
9, 104, 21
9, 105, 7
9, 108, 23
9, 135, 2
9, 160, 45
9, 167, 39
9, 175, 16
9, 184, 21
9, 191, 25
9, 192, 61
9, 196, 21
9, 209, 51
9, 212, 40
9, 213, 51
9, 233, 40
9, 244, 7
9, 252, 1
9, 256, 23
9, 269, 2
9, 269, 54
9, 271, 29
9, 286, 2
9, 287, 55
9, 289, 39
9, 290, 43
9, 297, 23
9, 299, 50
9, 301, 52
9, 303, 21
9, 306, 7
9, 308, 17
9, 309, 36
9, 313, 23
9, 316, 11
9, 326, 16
9, 343, 2
9, 348, 43
9, 356, 40
9, 370, 39
9, 376, 61
9, 377, 51
9, 378, 16
9, 384, 11
9, 384, 23
9, 395, 17
9, 395, 29
10, 10, 34
10, 12, 42
10, 20, 25
10, 20, 50
10, 22, 20
10, 25, 52
10, 26, 30
10, 29, 10
10, 34, 40
10, 35, 48
10, 39, 26
10, 39, 39
10, 51, 62
10, 61, 36
10, 62, 15
10, 63, 27
10, 63, 56
10, 67, 43
10, 74, 60
10, 76, 27
10, 81, 46
10, 93, 30
10, 95, 52
10, 109, 44
10, 110, 14
10, 116, 40
10, 118, 48
10, 121, 39
10, 127, 46
10, 131, 53
10, 136, 42
10, 140, 30
10, 141, 25
10, 142, 28
10, 142, 31
10, 145, 34
10, 156, 52
10, 161, 54
10, 164, 24
10, 167, 28
10, 169, 10
10, 169, 15
10, 169, 20
10, 170, 46
10, 171, 24
10, 190, 27
10, 190, 50
10, 202, 60
10, 203, 40
10, 204, 29
10, 206, 13
10, 212, 22
10, 216, 53
10, 217, 14
10, 218, 62
10, 224, 40
10, 225, 34
10, 232, 34
10, 235, 36
10, 256, 24
10, 264, 30
10, 268, 43
10, 272, 26
10, 274, 43
10, 278, 31
10, 283, 42
10, 288, 60
10, 290, 22
10, 290, 34
10, 290, 48
10, 297, 14
10, 300, 26
10, 316, 48
10, 324, 54
10, 327, 15
10, 327, 44
10, 339, 28
10, 340, 11
10, 345, 40
10, 350, 43
10, 352, 13
10, 354, 46
10, 369, 60
10, 370, 22
10, 372, 29
10, 373, 10
10, 383, 27
10, 384, 48
10, 384, 56
10, 385, 20
10, 391, 24
10, 393, 31
10, 393, 50
10, 394, 26
10, 398, 36
11, 1, 8
11, 2, 29
11, 7, 15
11, 9, 46
11, 10, 54
11, 13, 42
11, 14, 55
11, 15, 17
11, 25, 35
11, 27, 41
11, 28, 25
11, 38, 12
11, 56, 3
11, 58, 40
11, 59, 34
11, 78, 7
11, 80, 15
11, 82, 9
11, 86, 60
11, 87, 9
11, 98, 50
11, 105, 55
11, 108, 29
11, 114, 3
11, 114, 46
11, 122, 37
11, 126, 41
11, 127, 41
11, 128, 6
11, 128, 51
11, 146, 34
11, 150, 12
11, 151, 57
11, 154, 8
11, 161, 35
11, 161, 51
11, 164, 55
11, 175, 17
11, 181, 17
11, 190, 15
11, 208, 34
11, 221, 42
11, 224, 13
11, 224, 53
11, 231, 25
11, 232, 15
11, 233, 41
11, 242, 29
11, 247, 55
11, 249, 60
11, 250, 41
11, 259, 7
11, 264, 50
11, 269, 9
11, 274, 46
11, 283, 25
11, 283, 34
11, 283, 54
11, 292, 37
11, 298, 15
11, 303, 3
11, 312, 41
11, 315, 60
11, 316, 17
11, 330, 35
11, 331, 6
11, 337, 8
11, 337, 51
11, 346, 18
11, 348, 34
11, 352, 8
11, 352, 13
11, 358, 57
11, 369, 54
11, 370, 9
11, 370, 46
11, 375, 42
11, 383, 3
11, 383, 40
11, 387, 15
12, 2, 4
12, 3, 2
12, 6, 13
12, 16, 48
12, 23, 28
12, 25, 3
12, 29, 27
12, 34, 44
12, 38, 26
12, 43, 13
12, 46, 16
12, 46, 31
12, 49, 9
12, 52, 52
12, 53, 5
12, 58, 37
12, 63, 18
12, 70, 14
12, 75, 23
12, 81, 17
12, 86, 5
12, 88, 49
12, 96, 6
12, 96, 59
12, 102, 27
12, 107, 40
12, 108, 4
12, 112, 7
12, 113, 47
12, 118, 33
12, 134, 9
12, 146, 3
12, 148, 44
12, 158, 49
12, 165, 46
12, 175, 28
12, 176, 24
12, 181, 48
12, 190, 37
12, 191, 5
12, 203, 31
12, 207, 33
12, 215, 59
12, 216, 49
12, 225, 12
12, 226, 37
12, 229, 59
12, 230, 44
12, 238, 13
12, 250, 18
12, 250, 26
12, 255, 52
12, 266, 49
12, 268, 6
12, 269, 7
12, 269, 14
12, 285, 33
12, 297, 52
12, 298, 47
12, 299, 2
12, 299, 6
12, 301, 27
12, 307, 37
12, 311, 4
12, 311, 31
12, 315, 5
12, 326, 26
12, 345, 9
12, 349, 4
12, 358, 28
12, 362, 52
12, 367, 47
12, 373, 9
12, 373, 33
12, 375, 49
12, 381, 31
12, 385, 44
12, 386, 6
12, 394, 59
12, 398, 7
13, 1, 25
13, 5, 47
13, 8, 21
13, 13, 26
13, 15, 42
13, 20, 48
13, 21, 14
13, 23, 34
13, 24, 11
13, 34, 5
13, 34, 8
13, 38, 4
13, 39, 25
13, 44, 25
13, 61, 45
13, 63, 27
13, 69, 8
13, 69, 45
13, 70, 54
13, 76, 43
13, 84, 36
13, 84, 41
13, 85, 31
13, 89, 11
13, 89, 21
13, 95, 35
13, 104, 32
13, 108, 18
13, 109, 8
13, 116, 2
13, 125, 27
13, 127, 25
13, 129, 21
13, 130, 23
13, 134, 5
13, 137, 39
13, 139, 55
13, 144, 4
13, 151, 12
13, 152, 48
13, 161, 25
13, 164, 11
13, 164, 27
13, 169, 14
13, 183, 54
13, 186, 54
13, 196, 11
13, 197, 57
13, 199, 42
13, 200, 45
13, 201, 35
13, 202, 21
13, 215, 8
13, 220, 47
13, 226, 45
13, 229, 55
13, 240, 18
13, 240, 48
13, 251, 26
13, 256, 32
13, 256, 35
13, 265, 43
13, 268, 21
13, 273, 52
13, 275, 4
13, 276, 8
13, 283, 34
13, 283, 47
13, 293, 12
13, 297, 5
13, 297, 11
13, 300, 41
13, 302, 23
13, 304, 21
13, 313, 25
13, 316, 27
13, 320, 1
13, 323, 18
13, 326, 54
13, 328, 5
13, 339, 39
13, 344, 31
13, 347, 48
13, 351, 26
13, 356, 42
13, 361, 32
13, 369, 45
13, 373, 55
13, 384, 1
13, 385, 57
13, 391, 14
13, 395, 2
13, 399, 18
14, 1, 52
14, 6, 18
14, 7, 45
14, 11, 6
14, 12, 8
14, 12, 58
14, 17, 34
14, 21, 53
14, 24, 2
14, 32, 33
14, 33, 5
14, 41, 12
14, 43, 16
14, 47, 40
14, 56, 13
14, 62, 24
14, 69, 15
14, 70, 17
14, 72, 39
14, 72, 61
14, 73, 34
14, 76, 42
14, 79, 38
14, 83, 6
14, 88, 10
14, 89, 2
14, 90, 32
14, 94, 45
14, 95, 34
14, 107, 8
14, 110, 29
14, 112, 55
14, 120, 5
14, 125, 45
14, 127, 44
14, 133, 45
14, 134, 3
14, 134, 42
14, 136, 35
14, 141, 18
14, 141, 40
14, 143, 8
14, 149, 16
14, 151, 36
14, 152, 61
14, 156, 43
14, 157, 24
14, 168, 17
14, 168, 21
14, 169, 29
14, 171, 39
14, 172, 38
14, 176, 6
14, 180, 39
14, 181, 23
14, 182, 2
14, 189, 29
14, 189, 33
14, 192, 44
14, 216, 61
14, 220, 14
14, 222, 12
14, 228, 23
14, 228, 36
14, 238, 44
14, 239, 7
14, 240, 43
14, 243, 15
14, 247, 5
14, 250, 13
14, 254, 58
14, 256, 38
14, 258, 16
14, 258, 45
14, 263, 29
14, 269, 34
14, 276, 53
14, 286, 12
14, 296, 32
14, 301, 4
14, 305, 6
14, 305, 42
14, 308, 23
14, 309, 21
14, 322, 34
14, 323, 55
14, 334, 8
14, 337, 16
14, 340, 25
14, 340, 33
14, 344, 43
14, 348, 61
14, 349, 39
14, 351, 4
14, 351, 58
14, 361, 26
14, 364, 40
14, 365, 3
14, 365, 4
14, 365, 7
14, 366, 29
14, 368, 6
14, 368, 17
14, 370, 36
14, 371, 52
14, 377, 5
14, 378, 12
14, 380, 2
14, 383, 38
14, 388, 36
14, 389, 7
14, 392, 18
14, 393, 44
14, 393, 53
14, 396, 34
14, 397, 23
15, 9, 31
15, 16, 33
15, 18, 43
15, 22, 30
15, 26, 40
15, 27, 16
15, 37, 49
15, 47, 7
15, 55, 18
15, 63, 34
15, 66, 36
15, 70, 55
15, 70, 57
15, 72, 21
15, 78, 30
15, 83, 43
15, 83, 47
15, 85, 28
15, 89, 26
15, 89, 30
15, 97, 37
15, 98, 48
15, 104, 2
15, 105, 8
15, 112, 47
15, 116, 3
15, 123, 46
15, 135, 48
15, 146, 57
15, 151, 49
15, 152, 12
15, 152, 26
15, 156, 55
15, 158, 34
15, 178, 43
15, 181, 46
15, 185, 31
15, 192, 40
15, 197, 26
15, 199, 30
15, 204, 41
15, 205, 32
15, 207, 30
15, 213, 28
15, 214, 32
15, 227, 57
15, 239, 32
15, 242, 21
15, 251, 28
15, 259, 16
15, 260, 47
15, 263, 46
15, 279, 55
15, 282, 47
15, 283, 37
15, 286, 12
15, 296, 34
15, 302, 18
15, 303, 49
15, 304, 8
15, 313, 35
15, 317, 7
15, 321, 31
15, 332, 41
15, 343, 33
15, 347, 46
15, 350, 30
15, 358, 48
15, 364, 28
15, 368, 36
15, 371, 12
15, 372, 21
15, 380, 32
15, 386, 37
15, 387, 31
15, 388, 26
15, 392, 2
15, 399, 41
16, 5, 40
16, 16, 19
16, 22, 11
16, 24, 33
16, 28, 27
16, 36, 2
16, 53, 4
16, 54, 11
16, 55, 47
16, 74, 47
16, 76, 2
16, 76, 14
16, 80, 11
16, 83, 35
16, 87, 32
16, 89, 4
16, 100, 1
16, 100, 22
16, 100, 51
16, 104, 9
16, 109, 15
16, 109, 40
16, 109, 54
16, 119, 33
16, 123, 52
16, 125, 27
16, 128, 35
16, 133, 25
16, 134, 49
16, 149, 23
16, 155, 47
16, 159, 26
16, 160, 45
16, 162, 50
16, 183, 22
16, 185, 47
16, 195, 11
16, 197, 49
16, 200, 22
16, 205, 27
16, 211, 54
16, 214, 15
16, 214, 19
16, 218, 35
16, 235, 19
16, 241, 11
16, 243, 1
16, 247, 14
16, 250, 51
16, 260, 37
16, 262, 32
16, 264, 54
16, 268, 9
16, 274, 9
16, 275, 25
16, 275, 45
16, 277, 13
16, 280, 2
16, 280, 23
16, 289, 13
16, 290, 40
16, 309, 19
16, 313, 33
16, 321, 9
16, 321, 32
16, 322, 32
16, 324, 25
16, 324, 47
16, 325, 26
16, 328, 35
16, 333, 23
16, 333, 40
16, 335, 45
16, 340, 19
16, 356, 4
16, 357, 49
16, 360, 52
16, 364, 15
16, 374, 51
16, 384, 1
16, 386, 2
16, 396, 27
16, 397, 32
16, 398, 9
17, 4, 50
17, 5, 16
17, 16, 12
17, 22, 23
17, 34, 13
17, 40, 56
17, 47, 10
17, 49, 40
17, 52, 3
17, 53, 14
17, 59, 17
17, 64, 31
17, 66, 29
17, 70, 18
17, 71, 36
17, 72, 48
17, 74, 54
17, 77, 43
17, 84, 25
17, 87, 57
17, 88, 28
17, 93, 22
17, 98, 52
17, 103, 21
17, 104, 8
17, 105, 28
17, 107, 39
17, 113, 28
17, 118, 57
17, 120, 12
17, 124, 47
17, 126, 2
17, 132, 3
17, 139, 22
17, 139, 31
17, 149, 10
17, 152, 8
17, 156, 57
17, 163, 13
17, 163, 54
17, 167, 21
17, 175, 29
17, 176, 17
17, 176, 56
17, 180, 50
17, 181, 24
17, 181, 37
17, 182, 16
17, 183, 40
17, 189, 45
17, 196, 14
17, 202, 43
17, 205, 61
17, 211, 58
17, 212, 18
17, 213, 52
17, 220, 10
17, 232, 40
17, 233, 36
17, 236, 13
17, 243, 12
17, 244, 43
17, 251, 48
17, 259, 23
17, 269, 10
17, 279, 47
17, 280, 12
17, 287, 13
17, 290, 22
17, 292, 12
17, 295, 8
17, 298, 14
17, 299, 59
17, 300, 24
17, 303, 21
17, 303, 29
17, 311, 40
17, 314, 47
17, 315, 25
17, 322, 22
17, 325, 39
17, 325, 43
17, 326, 28
17, 331, 23
17, 337, 20
17, 339, 18
17, 343, 13
17, 343, 16
17, 344, 37
17, 346, 54
17, 347, 61
17, 355, 57
17, 356, 31
17, 361, 43
17, 362, 36
17, 363, 8
17, 365, 56
17, 368, 33
17, 370, 50
17, 372, 3
17, 382, 58
17, 384, 14
17, 389, 10
18, 5, 34
18, 6, 47
18, 33, 2
18, 34, 58
18, 38, 33
18, 39, 34
18, 43, 50
18, 44, 49
18, 48, 22
18, 48, 57
18, 52, 16
18, 52, 41
18, 60, 31
18, 64, 46
18, 68, 27
18, 75, 6
18, 76, 53
18, 77, 61
18, 78, 25
18, 79, 3
18, 89, 54
18, 96, 58
18, 107, 5
18, 110, 44
18, 116, 50
18, 131, 46
18, 133, 3
18, 147, 3
18, 156, 34
18, 157, 33
18, 158, 27
18, 160, 47
18, 185, 61
18, 195, 22
18, 199, 32
18, 205, 7
18, 221, 16
18, 221, 49
18, 222, 46
18, 225, 6
18, 230, 20
18, 235, 54
18, 236, 25
18, 236, 49
18, 237, 58
18, 239, 41
18, 246, 34
18, 249, 34
18, 256, 2
18, 256, 19
18, 261, 18
18, 267, 61
18, 269, 40
18, 274, 6
18, 278, 33
18, 297, 33
18, 297, 41
18, 304, 16
18, 308, 3
18, 308, 19
18, 312, 32
18, 313, 5
18, 315, 2
18, 317, 53
18, 336, 20
18, 337, 7
18, 337, 46
18, 338, 35
18, 342, 25
18, 354, 33
18, 357, 27
18, 364, 44
18, 370, 22
18, 379, 49
18, 385, 18
18, 388, 61
18, 393, 41
18, 398, 40
19, 7, 44
19, 11, 30
19, 11, 62
19, 18, 12
19, 18, 31
19, 24, 43
19, 34, 57
19, 39, 11
19, 40, 21
19, 48, 6
19, 49, 8
19, 50, 28
19, 65, 57
19, 73, 25
19, 76, 22
19, 84, 2
19, 90, 62
19, 95, 36
19, 95, 58
19, 102, 19
19, 102, 44
19, 106, 12
19, 107, 41
19, 115, 30
19, 121, 54
19, 122, 6
19, 122, 13
19, 133, 15
19, 136, 43
19, 145, 30
19, 153, 52
19, 166, 33
19, 171, 19
19, 173, 25
19, 181, 24
19, 182, 19
19, 190, 44
19, 190, 55
19, 200, 48
19, 209, 13
19, 209, 62
19, 214, 30
19, 217, 25
19, 217, 43
19, 223, 31
19, 232, 8
19, 234, 44
19, 235, 41
19, 243, 14
19, 248, 28
19, 258, 15
19, 265, 58
19, 268, 22
19, 268, 41
19, 269, 57
19, 275, 33
19, 278, 30
19, 280, 41
19, 280, 56
19, 284, 62
19, 293, 33
19, 295, 25
19, 295, 51
19, 303, 48
19, 304, 43
19, 307, 33
19, 308, 11
19, 317, 6
19, 327, 13
19, 327, 24
19, 328, 51
19, 329, 13
19, 329, 55
19, 331, 14
19, 333, 8
19, 334, 36
19, 335, 48
19, 342, 44
19, 357, 15
19, 357, 25
19, 358, 2
19, 363, 15
19, 363, 54
19, 374, 43
19, 377, 41
19, 379, 23
19, 384, 51
19, 396, 12
19, 398, 19
